0.100177 -0.209561 -0.222935 2
-0.505990 0.107282 0.855841 3
-0.102054 0.481975 0.216402 3
0.674391 0.038582 0.144696 2
-0.047259 -0.890821 -0.273870 0
0.171158 0.349595 -0.291727 4
-0.284617 0.460515 0.645482 3
-0.182943 -0.405501 -0.404126 1
0.340682 0.100061 -0.048427 2
-0.035307 0.110803 -0.110929 3
0.011808 -0.588508 -0.254207 0
-0.084016 0.326915 0.012353 3
-0.241164 0.536692 0.411891 3
-0.379311 0.280351 0.763806 3
0.175502 -0.010866 -0.149223 2
0.111722 0.153436 -0.255076 4
0.008968 -0.386851 -0.232446 0
0.522943 0.054982 0.014938 2
-0.009176 -0.063216 -0.176444 3
-0.056162 -0.478185 -0.344995 1
-0.007968 -0.740602 -0.273348 0
-0.012432 0.224254 -0.040475 3
0.079517 0.019402 -0.238583 4
-0.123279 0.416153 0.103884 3
-0.237801 0.518002 0.538674 3
-0.138975 0.520538 0.332744 3
-0.366247 0.388309 0.701892 3
0.288067 0.049664 -0.146686 2
-0.426629 0.187331 0.816718 3
0.156487 -0.107878 -0.211690 2
0.011227 -0.275123 -0.213340 3
0.003567 -0.165886 -0.203238 3
0.577237 0.039978 0.103364 2
0.143068 0.251217 -0.273189 4
0.440977 0.079573 -0.045460 2
0.002206 -0.487894 -0.245153 0
0.011168 0.024544 -0.129228 3
0.069201 -0.075036 -0.229031 4
-0.185253 0.498763 0.256131 3
-0.132047 -0.430017 -0.333232 1
-0.049990 0.370827 0.085565 3
-0.008651 -0.664882 -0.254014 0
-0.301980 0.491124 0.575782 3
0.057570 -0.327515 -0.247796 2
-0.025081 -0.816395 -0.277700 0
-0.193333 0.525051 0.470923 3
-0.214139 0.520066 0.342681 3
-0.074751 0.440168 0.155943 3
-0.163746 0.521838 0.402839 3
0.115193 0.084917 -0.229264 4
-0.024435 0.285995 0.002305 3
-0.149809 0.456505 0.170130 3
-0.047363 0.172964 -0.078384 3
0.105451 -0.151495 -0.182360 2
-0.003612 -0.535448 -0.298178 1
0.452851 0.081035 0.024017 2
0.223219 0.036371 -0.122810 2
-0.064753 -0.473358 -0.275327 1
-0.265501 0.532898 0.475257 3
0.286540 0.080574 -0.087095 2
-0.349962 0.332189 0.736489 3
-0.308892 0.413301 0.684205 3
0.183720 -0.050010 -0.201921 2
-0.428280 0.245413 0.786478 3
0.076434 -0.268849 -0.228424 2
0.063040 -0.140187 -0.229018 4
0.392689 0.102335 -0.010950 2
0.037455 -0.217281 -0.218150 4
-0.121395 0.507595 0.273451 3
0.234273 0.006835 -0.176697 2
-0.455474 0.141868 0.847839 3
-0.063710 0.260260 -0.037565 3
0.346686 0.086836 -0.108064 2
-0.100722 0.371536 0.050914 3
0.522689 0.047362 0.078006 2
0.020982 -0.114581 -0.174063 3
-0.034367 0.326925 0.043935 3
0.141576 -0.069196 -0.165626 2
-0.102432 -0.450557 -0.378987 1
0.392723 0.091315 -0.072301 2
0.025535 -0.438787 -0.257220 2
0.096135 -0.028796 -0.213787 4
0.632620 0.032688 0.109548 2
0.008038 0.077772 -0.111100 3
0.010838 -0.333939 -0.220622 3
-0.026506 -0.544746 -0.250399 1
-0.336907 0.449699 0.651884 3
-0.250876 0.500403 0.589490 3
-0.001137 0.147214 -0.084639 3
-0.017392 -0.008397 -0.159378 3
-0.288549 0.514071 0.524121 3
-0.155031 0.481394 0.216307 3
0.138878 0.201874 -0.255464 4
-0.071984 0.408073 0.113984 3
-0.091783 -0.455219 -0.314361 1
0.153969 0.299976 -0.281063 4
0.561398 0.041619 0.046641 2
0.480644 0.070129 -0.015483 2
-0.179349 0.512879 0.306237 3
-0.329390 0.474226 0.611487 3
0.124036 -0.165777 -0.223951 2
-0.142256 -0.426876 -0.389920 1
-0.395818 0.320857 0.745929 3
-0.031737 -0.498172 -0.303361 1
-0.000818 -0.884328 -0.273253 0
0.486862 0.061405 0.048899 2
-0.053480 0.218803 -0.061463 3
-0.025541 0.055140 -0.132942 3
0.053985 -0.305271 -0.209040 2
-0.004283 0.185471 -0.061538 3
0.016536 -0.529730 -0.249367 0
0.016103 -0.039072 -0.149227 3
0.124362 -0.108707 -0.173136 2
0.003135 -0.626379 -0.272843 0
-0.207288 0.530362 0.386167 3
-0.120881 0.437642 0.141028 3
-0.202692 0.527967 0.428772 3
-0.108574 0.457062 0.181479 3
0.053055 -0.176447 -0.209209 4
-0.173209 0.524610 0.357416 3
-0.327587 0.373292 0.710671 3
0.046117 -0.368127 -0.251582 2
0.262930 0.057507 -0.113995 2
-0.355842 0.420775 0.675163 3
-0.076744 0.288908 -0.011064 3
-0.210026 0.522981 0.508176 3
-0.019682 -0.778413 -0.264143 0
0.072362 -0.236493 -0.204243 2
-0.018107 -0.700887 -0.269464 0
-0.069765 0.346072 0.045587 3
-0.041952 -0.510848 -0.265266 1
0.078846 -0.110745 -0.207528 4
0.204009 -0.018453 -0.177641 2
0.310821 0.073372 -0.117429 2
-0.284573 0.482863 0.609896 3
-0.448313 0.213721 0.797562 3
-0.379821 0.354825 0.725567 3
0.430225 0.091866 -0.009321 2
0.251892 0.030557 -0.148560 2
0.107205 0.047224 -0.224071 4
0.087800 -0.186686 -0.194121 2
0.039565 -0.258077 -0.233453 4
-0.031526 -0.854474 -0.277858 0
-0.096875 0.397022 0.083274 3
-0.231757 0.527199 0.454020 3
0.043945 -0.352360 -0.214520 2
0.027605 -0.418089 -0.224595 2
-0.025161 0.254513 -0.023036 3
0.002918 0.112894 -0.100059 3
0.210037 0.007234 -0.148521 2
-0.272205 0.504419 0.555754 3
0.321773 0.088915 -0.080596 2
0.009490 -0.205503 -0.197428 3
0.047639 -0.105381 -0.226058 4
0.169167 -0.043830 -0.168843 2
0.027262 -0.304372 -0.233947 4
0.064091 -0.039151 -0.231785 4
-0.149930 0.491579 0.251950 3
-0.155919 -0.412608 -0.359523 1
0.132691 -0.133724 -0.203077 2
-0.415628 0.274769 0.769585 3
-0.008521 -0.565281 -0.274084 1
-0.054082 0.302935 0.013855 3
-0.249157 0.519996 0.504661 3
-0.001813 -0.129981 -0.197034 3
0.104407 0.119260 -0.248933 4
-0.018596 -0.606516 -0.251047 1
0.019661 -0.458224 -0.228362 0
0.015394 -0.241402 -0.204429 3
-0.042340 0.143501 -0.095882 3
-0.107087 -0.456666 -0.345406 1
0.410151 0.093749 -0.042929 2
0.376494 0.099455 -0.040733 2
-0.005289 -0.097694 -0.187026 3
0.019960 -0.082808 -0.162555 3
-0.154364 0.504430 0.285202 3
0.161239 -0.079322 -0.194565 2
-0.060508 -0.476854 -0.308199 1
-0.472956 0.110112 0.858632 3
0.582604 0.033759 0.071029 2
-0.415152 0.214557 0.799768 3
0.022780 -0.146713 -0.181995 3
0.100671 0.004642 -0.218081 4
0.036368 -0.403718 -0.252831 2
0.527898 0.043965 0.045728 2
0.360169 0.092321 -0.076708 2
-0.396059 0.248316 0.781091 3
0.089747 -0.239246 -0.232875 2
-0.022558 0.025712 -0.146594 3
-0.308113 0.440228 0.663723 3
0.013699 -0.008038 -0.139787 3
-0.113747 0.496536 0.242997 3
0.003573 -0.559403 -0.244429 0
0.092259 0.068097 -0.243277 4
-0.130949 -0.442387 -0.364703 1
0.036424 -0.383834 -0.217480 2
0.066663 -0.297907 -0.236761 2
-0.044209 0.348195 0.064501 3
-0.444222 0.164706 0.830077 3
-0.131235 0.467971 0.201640 3
0.553435 0.040532 0.083626 2
-0.314032 0.462640 0.635853 3
-0.049668 0.274275 -0.011007 3
0.487289 0.065605 0.014187 2
-0.368006 0.308604 0.747895 3
0.070275 -0.009656 -0.235345 4
0.013302 -0.357044 -0.240120 0
-0.337319 0.402489 0.690534 3
-0.078826 -0.465022 -0.359936 1
0.091441 -0.058484 -0.211218 4
-0.033133 0.192950 -0.057043 3
-0.030475 0.082770 -0.122478 3
-0.131708 0.514406 0.301999 3
0.606111 0.030457 0.095964 2
-0.042663 0.234501 -0.038483 3
-0.096995 0.424567 0.129117 3
-0.225968 0.525258 0.483248 3
0.061136 -0.276955 -0.204851 2
-0.076699 0.372579 0.073794 3
0.025545 -0.180101 -0.190630 3
0.647363 0.033062 0.135624 2
0.057488 -0.199120 -0.228404 4
-0.020039 0.125374 -0.087714 3
-0.348802 0.355156 0.717673 3
0.131432 0.173400 -0.249915 4
-0.025494 0.155402 -0.072630 3
-0.277136 0.524991 0.499618 3
-0.019126 -0.576396 -0.250556 1
-0.024913 -0.523084 -0.283833 1
-0.094200 0.345905 0.032018 3
-0.194309 0.505108 0.281788 3
-0.028062 0.308464 0.024044 3
-0.008312 -0.837951 -0.272775 0
-0.035918 -0.489296 -0.329917 1
-0.239527 0.511219 0.565081 3
-0.166773 -0.415886 -0.384133 1
-0.007201 -0.039154 -0.162860 3
-0.166905 0.519254 0.331753 3
-0.158999 0.472730 0.191111 3
-0.405210 0.297628 0.760210 3
0.006626 -0.435016 -0.238619 0
-0.256341 0.536949 0.450143 3
0.032331 -0.331704 -0.236327 4
0.110726 -0.174163 -0.202467 2
-0.155730 0.524556 0.377487 3
0.132106 0.224533 -0.267610 4
-0.133459 0.481871 0.231807 3
-0.062596 0.326371 0.029319 3
-0.065812 0.390253 0.093851 3
0.080647 -0.210942 -0.201517 2
0.038080 -0.281025 -0.220625 4
-0.452850 0.188540 0.818007 3
0.163352 0.324281 -0.284340 4
0.458766 0.079889 -0.004845 2
0.146455 -0.100134 -0.188708 2
0.015423 -0.468866 -0.257341 0
-0.024791 -0.878508 -0.264510 0
0.288065 0.061655 -0.122670 2
0.124099 0.135487 -0.240751 4
0.063147 -0.149981 -0.204853 4
-0.113582 -0.441069 -0.315998 1
-0.268585 0.478791 0.630020 3
-0.047089 -0.492034 -0.283355 1
0.004168 0.054158 -0.121132 3
0.002834 -0.600639 -0.275499 1
-0.078365 -0.466050 -0.334107 1
-0.003547 -0.639663 -0.251725 0
-0.015293 0.092115 -0.103793 3
-0.067423 0.425298 0.136146 3
0.002649 -0.687740 -0.262024 0
-0.330787 0.426090 0.674967 3
-0.277269 0.495674 0.580435 3
-0.172964 0.490439 0.231755 3
0.041735 -0.156992 -0.220744 4
-0.261699 0.514373 0.525803 3
0.051078 -0.236009 -0.229618 4
-0.177884 0.523737 0.428498 3
-0.091952 0.468095 0.196662 3
0.051766 -0.327683 -0.219902 2
-0.180533 0.525663 0.381296 3
0.096527 0.092329 -0.247383 4
-0.307660 0.482192 0.600504 3
-0.223807 0.530287 0.367557 3
-0.296286 0.500333 0.551491 3
-0.084780 0.453639 0.176184 3
0.151554 0.274180 -0.271410 4
0.011490 -0.411639 -0.244156 0
-0.008344 0.007802 -0.137766 3
-0.120449 -0.437879 -0.389502 1
0.006769 -0.612328 -0.252784 0
-0.189839 0.526936 0.407567 3
-0.108041 0.444110 0.160596 3
-0.083531 -0.456971 -0.291597 1
0.118139 -0.130843 -0.181204 2
-0.201401 0.514213 0.322898 3
-0.261441 0.491241 0.609297 3
-0.095285 0.408777 0.104355 3
-0.012842 -0.721626 -0.258191 0
0.008023 -0.222387 -0.217337 3
0.084799 -0.084325 -0.213134 4
0.431298 0.091283 0.014765 2
-0.154295 0.515931 0.311474 3
0.504042 0.054002 0.033763 2
-0.011322 0.036638 -0.127234 3
-0.379774 0.331489 0.731220 3
0.612591 0.041239 0.119609 2
0.232261 0.016798 -0.148829 2
-0.009468 -0.513802 -0.306607 1
0.188284 -0.035775 -0.181987 2
0.120279 0.107741 -0.233259 4
0.062430 -0.165518 -0.228387 4
-0.000282 -0.511399 -0.245026 0
-0.009975 -0.797339 -0.274136 0
-0.052025 0.195229 -0.070566 3
-0.013156 0.068481 -0.113077 3
0.050149 -0.347646 -0.238903 2
-0.190589 0.522106 0.342238 3
0.072586 -0.100249 -0.227188 4
-0.031900 0.213399 -0.046445 3
0.541100 0.037946 0.064323 2
0.240774 0.051596 -0.112085 2
-0.208797 0.526920 0.453424 3
0.011171 -0.311097 -0.218382 3
-0.017581 -0.857334 -0.259639 0
-0.137796 0.443897 0.154975 3
-0.366860 0.367570 0.711716 3
-0.148354 0.524833 0.352961 3
-0.213608 0.530675 0.407850 3
0.086173 0.040920 -0.240168 4
0.114427 -0.192954 -0.228497 2
-0.018348 -0.545066 -0.274987 1
0.463540 0.074477 -0.029405 2
0.009687 -0.058379 -0.158736 3
0.133315 -0.145224 -0.222356 2
-0.225997 0.531960 0.432870 3
0.167934 -0.062401 -0.181312 2
0.376047 0.092182 -0.092390 2
-0.002744 -0.024424 -0.146859 3
0.039191 -0.191838 -0.218227 4
-0.130700 0.460636 0.180782 3
0.099998 0.025366 -0.225762 4
-0.187123 0.525303 0.449572 3
-0.301294 0.473914 0.621189 3
0.511317 0.051412 0.058054 2
0.027065 -0.376384 -0.239117 0
0.540388 0.048781 0.028357 2
0.133992 -0.089286 -0.169969 2
0.010112 -0.251572 -0.223095 3
0.187379 -0.023077 -0.164204 2
-0.006447 0.166988 -0.072943 3
0.250618 0.019869 -0.167509 2
-0.166374 0.500271 0.266823 3
-0.021742 -0.757312 -0.268576 0
0.215842 -0.003587 -0.167465 2
0.045962 -0.127846 -0.224729 4
0.271256 0.036424 -0.155837 2
0.411899 0.097358 -0.021807 2
-0.203871 0.525875 0.360832 3
0.019972 -0.499971 -0.245770 0
0.498304 0.063918 -0.004158 2
0.083959 -0.045400 -0.226635 4
0.262852 0.043440 -0.135361 2
0.187872 0.005238 -0.142318 2
0.204013 0.020902 -0.133134 2
0.029207 -0.258548 -0.214759 3
-0.079638 0.309546 0.000734 3
0.026194 -0.221428 -0.200612 3
-0.321664 0.390683 0.698683 3
0.120576 -0.150216 -0.197479 2
0.091637 -0.228234 -0.214847 2
-0.130302 0.426387 0.125786 3
0.071526 -0.130574 -0.204628 4
0.415985 0.085667 -0.061524 2
-0.057102 0.244861 -0.050354 3
0.446064 0.085418 -0.021640 2
-0.343252 0.385316 0.701208 3
-0.474558 0.133003 0.847344 3
-0.231504 0.535477 0.393275 3
-0.045894 0.253039 -0.025910 3
-0.199524 0.508913 0.302088 3
-0.000074 -0.081193 -0.168486 3
0.264023 0.070373 -0.097511 2
-0.011532 -0.588649 -0.266119 1
0.475694 0.068615 0.032801 2
0.033458 -0.399730 -0.232558 2
0.304576 0.078805 -0.097351 2
-0.407045 0.231859 0.787475 3
-0.094825 0.436356 0.146559 3
-0.012869 0.202487 -0.053308 3
-0.030442 -0.529479 -0.263821 1
-0.000613 -0.540517 -0.253547 0
0.079969 -0.252074 -0.215517 2
0.072855 -0.121462 -0.224147 4
0.146039 -0.124732 -0.217355 2
-0.384265 0.296325 0.751065 3
-0.067037 0.275269 -0.022890 3
-0.106800 0.390126 0.066722 3
0.001618 -0.650424 -0.268363 0
-0.360674 0.405447 0.687849 3
0.164407 -0.027376 -0.154042 2
0.026281 -0.352894 -0.224869 3
-0.061677 0.362286 0.064491 3
0.006839 -0.454618 -0.244144 0
-0.130559 0.501384 0.256413 3
-0.014414 -0.872157 -0.282118 0
-0.083292 0.361421 0.049217 3
0.005797 -0.135521 -0.179137 3
-0.025304 -0.889146 -0.281749 0
0.468640 0.073913 0.013673 2
-0.232200 0.520973 0.519529 3
0.303447 0.061986 -0.135675 2
-0.432209 0.226053 0.790408 3
-0.023308 0.176215 -0.067068 3
-0.248395 0.526279 0.483426 3
-0.012640 -0.677202 -0.269652 0
0.411020 0.099574 -0.001883 2
0.041787 -0.367801 -0.228286 2
0.175110 -0.069309 -0.204951 2
-0.124282 -0.446222 -0.346258 1
0.152311 -0.052370 -0.162434 2
0.022536 -0.292086 -0.214780 3
-0.147275 -0.428129 -0.350607 1
0.014521 -0.476937 -0.232622 0
-0.162949 -0.413923 -0.403530 1
-0.254640 0.511568 0.550125 3
-0.001172 -0.552415 -0.288442 1
0.002429 -0.115053 -0.181969 3
0.328271 0.080787 -0.112526 2
0.339603 0.092699 -0.073515 2
0.098819 -0.197648 -0.205986 2
0.007944 -0.184377 -0.198718 3
-0.415437 0.255483 0.772659 3
-0.025870 0.272051 -0.011259 3
-0.147841 -0.429054 -0.371384 1
-0.029378 -0.835164 -0.274758 0
0.240656 0.036052 -0.131478 2
0.065093 -0.257918 -0.204023 2
0.027685 -0.432949 -0.238785 2
0.122081 0.188125 -0.258518 4
0.281602 0.068905 -0.105700 2
0.166947 -0.090504 -0.209400 2
0.376497 0.094020 -0.061956 2
0.429314 0.089716 -0.030492 2
0.628682 0.035819 0.129045 2
-0.004294 -0.765811 -0.268062 0
0.068563 -0.287442 -0.220525 2
0.323025 0.095912 -0.062539 2
0.392962 0.099637 -0.030156 2
0.086034 0.001173 -0.232147 4
0.133502 -0.115806 -0.188645 2
0.304429 0.091130 -0.072381 2
0.564055 0.034671 0.065729 2
-0.000948 -0.706705 -0.261518 0
0.111340 0.065975 -0.225271 4
-0.303187 0.453485 0.650754 3
0.046553 -0.176208 -0.227655 4
-0.397070 0.265101 0.771947 3
0.062157 -0.312333 -0.224808 2
-0.202287 0.523804 0.487761 3
0.595022 0.037301 0.109850 2
0.097544 -0.170161 -0.189367 2
0.003703 -0.100078 -0.170330 3
0.012456 -0.285334 -0.229361 0
0.199968 -0.008342 -0.158256 2
-0.459551 0.150531 0.831599 3
0.393386 0.094504 -0.051461 2
0.127894 0.154414 -0.245551 4
0.074466 -0.281402 -0.242268 2
0.026531 -0.321734 -0.220174 3
0.358208 0.101942 -0.037322 2
-0.113070 0.466763 0.196800 3
-0.042690 0.289853 0.002733 3
-0.244257 0.535767 0.432912 3
-0.124636 0.451899 0.165484 3
-0.042650 0.319267 0.028130 3
0.335569 0.086687 -0.093147 2
-0.298248 0.426336 0.676282 3
-0.113380 0.407830 0.090553 3
0.003915 -0.582258 -0.277820 1
0.086299 -0.021993 -0.227937 4
-0.172660 0.507113 0.285932 3
0.199159 -0.026968 -0.194019 2
0.051288 -0.216294 -0.231061 4
0.062464 -0.057985 -0.230437 4
-0.332412 0.462221 0.635927 3
0.004404 -0.569251 -0.259841 0
-0.011960 -0.622379 -0.257321 0
0.010677 -0.367330 -0.225228 0
-0.008573 -0.815364 -0.269913 0
0.035706 -0.236897 -0.219770 4
-0.032829 0.126645 -0.100700 3
-0.107968 0.421215 0.114949 3
0.505527 0.060267 0.013887 2
-0.182281 -0.406392 -0.385214 1
-0.396902 0.280518 0.759192 3
-0.000307 -0.147605 -0.201167 3
-0.035681 -0.508484 -0.283309 1
-0.101957 -0.447692 -0.301362 1
-0.443974 0.197671 0.804743 3
0.357273 0.097789 -0.055312 2
-0.260731 0.504077 0.569710 3
0.002588 0.131076 -0.091753 3
-0.273991 0.510168 0.538285 3
-0.232000 0.523449 0.500521 3
-0.094988 -0.458945 -0.364891 1
0.056315 -0.089913 -0.228675 4
-0.057508 0.397655 0.107887 3
-0.060740 -0.473815 -0.325789 1
0.009215 -0.159815 -0.187449 3
-0.137335 0.508680 0.281369 3
0.039453 -0.386535 -0.249303 2
-0.019283 -0.559371 -0.257491 1
-0.183883 0.517264 0.323242 3
-0.119435 0.478371 0.215448 3
-0.065075 0.298675 -0.001935 3
-0.026280 0.238389 -0.032912 3
-0.013472 -0.854167 -0.277745 0
-0.048416 0.340236 0.049239 3
0.586737 0.031405 0.087964 2
-0.290742 0.445708 0.660441 3
-0.084442 0.397388 0.095651 3
-0.155882 0.488126 0.234916 3
0.052269 -0.206760 -0.213524 4
0.025624 -0.197092 -0.194814 3
0.024552 -0.453949 -0.244593 2
0.570194 0.035778 0.083859 2
-0.005275 -0.595348 -0.250584 0
0.221959 0.023056 -0.136331 2
-0.090716 0.445174 0.161034 3
0.377695 0.103089 -0.022675 2
0.084472 -0.257862 -0.239168 2
-0.078249 0.339643 0.029486 3
0.358004 0.090953 -0.093810 2
-0.048145 -0.488403 -0.300201 1
-0.066286 0.314859 0.011588 3
-0.027926 0.143772 -0.085071 3
0.013465 -0.323581 -0.234101 0
0.039302 -0.291756 -0.234000 4
-0.102394 -0.453593 -0.329218 1
0.445451 0.086691 0.003471 2
-0.137452 0.474817 0.216003 3
-0.166363 0.493839 0.247897 3
-0.113796 -0.452882 -0.360615 1
-0.291271 0.489545 0.588943 3
-0.362476 0.346286 0.722644 3
0.109379 0.137208 -0.250572 4
0.663610 0.033038 0.130659 2
-0.285200 0.475846 0.626250 3
-0.078283 -0.464400 -0.309930 1
0.114480 -0.179439 -0.218328 2
0.151493 -0.074912 -0.178032 2
0.143040 -0.114740 -0.202530 2
-0.015818 0.110479 -0.094372 3
-0.018286 0.006722 -0.152073 3
-0.006999 -0.008261 -0.142548 3
-0.092094 0.379074 0.063181 3
-0.052223 -0.492455 -0.267381 1
-0.012346 0.051614 -0.119583 3
0.005986 -0.199607 -0.212736 3
-0.244053 0.528163 0.467379 3
-0.084778 0.386127 0.079316 3
-0.341938 0.434858 0.666205 3
-0.296393 0.466705 0.635451 3
-0.333019 0.360139 0.719574 3
0.010382 -0.403340 -0.229758 0
-0.089133 -0.462373 -0.346248 1
0.221744 -0.004365 -0.182999 2
0.081885 -0.066004 -0.223341 4
-0.319334 0.449777 0.651301 3
-0.266072 0.495339 0.593708 3
-0.019199 -0.499234 -0.314099 1
0.116009 0.169290 -0.256879 4
-0.142234 0.498827 0.267736 3
-0.113619 0.489085 0.226492 3
-0.463497 0.126976 0.857913 3
0.062717 -0.186306 -0.219538 4
0.098371 -0.221987 -0.233479 2
-0.060964 -0.475636 -0.291112 1
-0.020003 -0.729829 -0.270569 0
0.029763 -0.418277 -0.249230 2
-0.261693 0.525286 0.494209 3
0.559747 0.040772 0.098697 2
0.252214 0.046775 -0.123422 2
0.003337 0.097621 -0.105719 3
-0.030567 -0.873888 -0.280041 0
-0.025087 -0.791564 -0.274313 0
-0.078370 0.419841 0.125563 3
-0.348758 0.372845 0.709910 3
-0.036741 0.160849 -0.082895 3
0.646207 0.031266 0.119678 2
-0.134168 0.517349 0.317743 3
-0.343017 0.345317 0.728973 3
-0.013145 -0.650118 -0.262079 0
0.024972 -0.162701 -0.186710 3
-0.006522 -0.611921 -0.268171 1
-0.004227 -0.717479 -0.272838 0
0.002697 -0.669897 -0.264053 0
0.070763 -0.149751 -0.218894 4
-0.314114 0.426359 0.674997 3
-0.422451 0.201402 0.810571 3
-0.012496 -0.687851 -0.257211 0
0.008741 -0.517302 -0.256680 0
-0.012646 -0.746757 -0.259483 0
0.008007 -0.630950 -0.258228 0
-0.136354 0.434398 0.140194 3
0.010413 -0.222358 -0.200067 3
0.011307 -0.266862 -0.226860 3
0.023196 -0.443088 -0.225730 0
-0.213431 0.525587 0.473738 3
-0.119844 -0.446174 -0.375157 1
-0.002394 -0.576146 -0.247486 0
0.045280 -0.251782 -0.220258 4
0.062515 -0.311523 -0.243374 2
0.426129 0.088400 -0.045802 2
-0.024733 -0.510621 -0.294337 1
0.126716 0.207574 -0.263561 4
-0.041977 -0.486829 -0.314534 1
0.275262 0.053613 -0.126558 2
-0.037759 0.182976 -0.071235 3
0.616613 0.030409 0.109125 2
0.099563 0.055225 -0.235037 4
0.011233 -0.258402 -0.209144 3
0.020958 -0.099981 -0.168667 3
-0.284332 0.498515 0.563477 3
0.321635 0.081412 -0.097485 2
-0.035679 0.300146 0.011977 3
0.022762 -0.393025 -0.241565 0
0.104403 0.078602 -0.238411 4
0.063861 -0.165392 -0.209641 4
-0.143520 0.469383 0.192382 3
0.014278 -0.544633 -0.252717 0
0.222817 0.006458 -0.158083 2
0.013455 -0.341811 -0.237888 0
-0.120459 -0.443326 -0.329545 1
-0.062889 0.413564 0.125035 3
0.026752 -0.306472 -0.217935 3
0.054202 -0.071970 -0.228646 4
-0.189206 0.524966 0.368702 3
-0.370002 0.293410 0.755718 3
-0.033016 0.097102 -0.117272 3
0.144265 0.238783 -0.264408 4
-0.268179 0.519154 0.512838 3
-0.325868 0.411167 0.685388 3
-0.191295 0.525989 0.392424 3
-0.312784 0.486667 0.585551 3
0.052714 -0.222518 -0.217240 4
0.039003 -0.274578 -0.234379 4
0.037223 -0.314801 -0.228475 4
-0.065080 0.379295 0.083340 3
0.097504 -0.010221 -0.217898 4
-0.049646 0.231258 -0.051532 3
0.048203 -0.142710 -0.226488 4
0.376757 0.093427 -0.077074 2
-0.014354 -0.533812 -0.285078 1
0.027702 -0.361278 -0.238592 0
0.476033 0.074155 -0.001697 2
-0.036781 0.263637 -0.017368 3
-0.013769 -0.022710 -0.162376 3
0.155389 -0.094514 -0.200616 2
-0.020933 0.041349 -0.137810 3
0.015417 -0.024863 -0.144343 3
0.110598 0.097809 -0.239072 4
-0.225644 0.532768 0.417859 3
0.040893 -0.205746 -0.227150 4
0.109046 -0.161326 -0.194852 2
-0.388552 0.343438 0.733612 3
-0.345560 0.415807 0.684916 3
0.026316 -0.386958 -0.228304 0
-0.372679 0.319519 0.736822 3
0.013069 0.010210 -0.133138 3
0.055560 -0.334267 -0.232791 2
0.296469 0.068499 -0.112388 2
-0.386110 0.309491 0.744271 3
0.010405 0.038679 -0.124496 3
0.003512 -0.525487 -0.241880 0
-0.439229 0.178434 0.827106 3
-0.165816 0.481689 0.206035 3
-0.019464 -0.802875 -0.264091 0
-0.137046 -0.438922 -0.350372 1
-0.042529 0.203269 -0.062122 3
0.020849 -0.481246 -0.245348 0
-0.279017 0.488833 0.597303 3
0.093646 -0.211278 -0.208691 2
0.015835 -0.425043 -0.232692 0
-0.048129 0.359221 0.073581 3
-0.114305 0.430711 0.129723 3
0.004190 -0.468761 -0.239304 0
0.488470 0.062122 0.029256 2
0.010924 -0.348512 -0.222937 3
0.013433 -0.372574 -0.243263 0
0.536005 0.044579 0.083671 2
-0.060462 0.284186 -0.012461 3
-0.411176 0.244798 0.781851 3
0.528761 0.046100 0.064679 2
0.006054 -0.500500 -0.252559 0
-0.149194 0.512064 0.296631 3
-0.019790 -0.828818 -0.265630 0
-0.000776 -0.048988 -0.154066 3
-0.493139 0.114355 0.855771 3
0.018459 -0.428555 -0.249297 0
-0.023042 0.068790 -0.123870 3
-0.006687 -0.081546 -0.181527 3
-0.002188 -0.729683 -0.264133 0
0.322791 0.073937 -0.125792 2
-0.047807 -0.481344 -0.332888 1
-0.030093 -0.891898 -0.268237 0
-0.007053 -0.782800 -0.270000 0
0.547174 0.039745 0.049319 2
-0.012268 0.137980 -0.086521 3
-0.224610 0.520910 0.533254 3
0.157636 -0.039494 -0.158325 2
0.176417 -0.050769 -0.183010 2
-0.011571 -0.635103 -0.264254 0
-0.018807 -0.715324 -0.270145 0
-0.133957 -0.434729 -0.381070 1
-0.055457 0.314029 0.022892 3
-0.449099 0.156779 0.841011 3
-0.356674 0.320996 0.742428 3
-0.248962 0.515976 0.519427 3
-0.183689 0.501868 0.272742 3
-0.165318 -0.411508 -0.370575 1
-0.313930 0.474159 0.614466 3
0.551922 0.045260 0.036603 2
0.013132 -0.304710 -0.232110 0
-0.088995 0.415586 0.117100 3
0.117602 0.122837 -0.241096 4
-0.127011 0.490761 0.240844 3
-0.401001 0.309811 0.754216 3
0.523970 0.051122 0.028580 2
0.041392 -0.376112 -0.239775 2
-0.024661 0.102449 -0.106702 3
-0.070839 -0.465633 -0.289367 1
0.058731 -0.291470 -0.211191 2
0.027774 -0.274893 -0.213159 3
0.039587 -0.266305 -0.220345 4
-0.084203 0.428043 0.135450 3
0.081769 -0.098089 -0.213561 4
0.119234 -0.163284 -0.210933 2
-0.002671 0.026157 -0.131347 3
-0.225769 0.525987 0.466716 3
-0.014797 -0.520587 -0.294019 1
0.253986 0.061549 -0.103941 2
0.073206 -0.028490 -0.231928 4
-0.290614 0.505826 0.539910 3
-0.018977 -0.842757 -0.264770 0
-0.325820 0.441118 0.660167 3
-0.054053 0.264388 -0.026166 3
0.003880 -0.601475 -0.261085 0
0.003891 -0.553029 -0.257799 0
0.451381 0.078093 -0.036320 2
-0.166565 0.509914 0.298081 3
-0.066650 -0.470533 -0.340040 1
-0.155952 -0.419448 -0.392932 1
-0.019242 -0.592690 -0.251234 1
0.086886 0.054424 -0.243094 4
-0.179431 0.494808 0.243489 3
0.422802 0.095534 0.004735 2
-0.090552 -0.461282 -0.329724 1
-0.013637 -0.575145 -0.264249 1
0.405852 0.087283 -0.071413 2
-0.112332 0.398938 0.075720 3
-0.375193 0.378158 0.708979 3
-0.064402 0.334537 0.040404 3
0.275647 0.044189 -0.144707 2
0.002216 -0.565123 -0.282604 1
0.005427 -0.146679 -0.188214 3
-0.013042 0.152057 -0.079974 3
-0.202313 0.516863 0.336271 3
0.239497 0.026080 -0.141911 2
-0.101077 0.451954 0.171282 3
0.174922 -0.030129 -0.162296 2
-0.178620 0.525476 0.397428 3
-0.315738 0.400886 0.691859 3
-0.170533 0.486411 0.217919 3
0.464733 0.075626 0.028780 2
-0.089410 0.335413 0.021483 3
0.003616 0.001061 -0.139729 3
0.135472 -0.100829 -0.180761 2
-0.042949 0.309842 0.018369 3
-0.072042 0.326919 0.019600 3
-0.243184 0.533725 0.449492 3
-0.055071 0.381414 0.092333 3
0.099944 -0.184883 -0.201595 2
-0.149676 0.476438 0.204906 3
0.021800 -0.127695 -0.177298 3
-0.350146 0.395727 0.695996 3
-0.011093 -0.050323 -0.172833 3
-0.002050 -0.063483 -0.163079 3
0.003364 -0.658099 -0.257397 0
0.016176 -0.443518 -0.245872 0
0.498743 0.056019 0.059115 2
0.174104 -0.059419 -0.193022 2
-0.272195 0.529513 0.486993 3
0.026501 -0.368078 -0.227106 4
-0.360942 0.333474 0.728928 3
0.068700 -0.271437 -0.214426 2
0.092616 -0.045438 -0.213997 4
-0.167442 0.515845 0.318818 3
0.191437 -0.037242 -0.197763 2
0.025852 -0.317602 -0.235372 4
-0.320687 0.479237 0.600836 3
-0.202515 0.527975 0.399369 3
-0.096557 0.461233 0.186188 3
-0.095277 0.360143 0.043503 3
-0.155416 0.465066 0.180805 3
-0.025676 0.225525 -0.041276 3
-0.165760 0.524563 0.386255 3
-0.300152 0.495686 0.563329 3
-0.060408 0.353113 0.054958 3
0.046569 -0.353492 -0.227490 2
0.097097 0.036593 -0.232223 4
-0.281425 0.519727 0.512330 3
-0.160445 0.523441 0.342552 3
0.141401 0.219994 -0.259315 4
-0.219317 0.528183 0.443676 3
0.158336 -0.059516 -0.172644 2
0.074014 -0.222307 -0.200017 2
-0.150233 0.519620 0.323522 3
0.072994 -0.133980 -0.219856 4
0.026168 -0.334681 -0.222871 4
-0.125016 0.444480 0.151622 3
-0.115189 0.501528 0.255152 3
-0.030323 -0.492397 -0.317311 1
0.056401 -0.114954 -0.228502 4
-0.218801 0.525440 0.356348 3
-0.202789 0.528191 0.373951 3
0.009744 -0.070895 -0.162922 3
-0.073504 0.433040 0.144915 3
0.211500 -0.013976 -0.187522 2
-0.260551 0.535887 0.462578 3
0.127056 -0.147046 -0.208485 2
0.087886 -0.070911 -0.208757 4
-0.083286 0.369976 0.059668 3
0.152593 -0.088548 -0.188164 2
-0.002750 0.086649 -0.109536 3
-0.024031 -0.541078 -0.263861 1
-0.155147 -0.422470 -0.380052 1
0.023028 -0.407605 -0.231575 0
-0.250100 0.516345 0.534498 3
-0.188719 0.508338 0.293176 3
-0.190051 0.525184 0.436821 3
0.010740 -0.297654 -0.215655 3
-0.154266 0.498583 0.272804 3
-0.013026 -0.772018 -0.275515 0
0.511449 0.049566 0.045136 2
0.124084 -0.138114 -0.194106 2
-0.019407 0.187604 -0.062048 3
-0.000633 0.067102 -0.116432 3
-0.036159 0.278636 -0.006735 3
0.102034 0.106530 -0.247564 4
0.030833 -0.348816 -0.236557 4
-0.391391 0.331669 0.738362 3
-0.004044 -0.752810 -0.267918 0
-0.107750 0.434421 0.140321 3
0.021516 -0.452075 -0.257084 2
-0.084423 0.351029 0.038859 3
-0.125238 0.510826 0.285546 3
-0.012791 -0.702402 -0.257725 0
0.009853 -0.504759 -0.239218 0
-0.072081 -0.469723 -0.321009 1
0.087481 -0.198645 -0.199789 2
0.458180 0.079485 0.008436 2
-0.242137 0.514738 0.551322 3
0.045853 -0.361413 -0.238789 2
-0.018856 -0.829040 -0.279154 0
-0.227566 0.534574 0.379167 3
-0.143322 0.487059 0.241796 3
-0.102956 0.474263 0.206069 3
-0.437290 0.194586 0.816070 3
0.050473 -0.190730 -0.212047 4
0.038201 -0.241802 -0.231431 4
0.165369 0.338306 -0.289499 4
0.030114 -0.233019 -0.208839 3
0.346777 0.089776 -0.087642 2
-0.006186 -0.696219 -0.270591 0
0.275148 0.076453 -0.091373 2
-0.448598 0.173575 0.819783 3
0.498478 0.057089 0.045558 2
-0.014676 0.243419 -0.030768 3
0.105766 -0.193258 -0.215831 2
-0.073059 0.399781 0.101023 3
0.033378 -0.296624 -0.222720 4
-0.219470 0.522207 0.519448 3
-0.005459 -0.609049 -0.250980 0
-0.214693 0.530324 0.423992 3
-0.137035 0.456185 0.169846 3
-0.202539 0.520974 0.349104 3
0.028615 -0.285300 -0.228065 4
0.002922 -0.590407 -0.267879 0
-0.006502 0.120259 -0.095640 3
0.658845 0.034063 0.142437 2
0.239953 0.014817 -0.162700 2
-0.025608 0.202771 -0.053239 3
-0.001479 -0.036744 -0.149843 3
-0.037733 0.239567 -0.027467 3
-0.043096 -0.501026 -0.275281 1
0.299023 0.083538 -0.086934 2
0.056323 -0.184523 -0.230383 4
-0.343489 0.426090 0.675334 3
-0.179196 0.520514 0.336846 3
0.137561 -0.134023 -0.215608 2
0.086580 -0.241250 -0.215830 2
-0.243625 0.506601 0.576159 3
-0.419421 0.234544 0.786852 3
-0.003538 -0.676777 -0.255422 0
-0.059675 0.369514 0.074693 3
0.020956 -0.469104 -0.240199 0
-0.296650 0.479127 0.610412 3
0.079452 -0.268701 -0.243338 2
0.093084 0.011353 -0.229576 4
-0.029433 -0.864795 -0.270864 0
-0.003490 -0.115265 -0.193123 3
0.016260 -0.171594 -0.189839 3
0.013691 -0.563658 -0.253404 0
0.026136 -0.247667 -0.206428 3
0.155634 0.289193 -0.274799 4
0.040000 -0.222063 -0.229486 4
0.077596 -0.083463 -0.224995 4
0.083182 -0.250618 -0.227567 2
-0.038584 0.223204 -0.042131 3
0.180948 -0.039476 -0.172504 2
0.133812 0.188300 -0.254074 4
-0.113420 0.449669 0.170600 3
-0.162127 0.524822 0.366719 3
-0.326423 0.467657 0.626385 3
-0.037819 0.335603 0.054003 3
0.032915 -0.251256 -0.224209 4
-0.274197 0.514283 0.525688 3
-0.018274 0.264304 -0.017448 3
0.404382 0.091030 -0.056260 2
0.063104 -0.127535 -0.229011 4
0.233318 0.043402 -0.117811 2
-0.219148 0.523383 0.499719 3
-0.056019 -0.481476 -0.278860 1
0.458893 0.080874 -0.017241 2
-0.012978 0.213536 -0.046751 3
0.257968 0.027373 -0.158918 2
-0.125610 0.421370 0.114891 3
0.010118 -0.234908 -0.213579 3
-0.010284 -0.892210 -0.271919 0
0.022403 -0.209845 -0.198426 3
-0.001175 -0.580277 -0.260411 0
-0.049376 0.247955 -0.036617 3
-0.013332 0.025747 -0.137567 3
-0.262610 0.485625 0.620231 3
-0.020465 0.079310 -0.116139 3
-0.012516 -0.759070 -0.260298 0
-0.023494 -0.533851 -0.274933 1
0.052561 -0.317119 -0.213591 2
0.370625 0.097684 -0.051408 2
-0.012963 -0.664942 -0.268684 0
-0.030130 0.166769 -0.071945 3
0.346686 0.096490 -0.061421 2
-0.390279 0.274258 0.767450 3
0.002230 -0.638201 -0.268795 0
0.012421 -0.576069 -0.253580 0
-0.178655 0.524767 0.412055 3
-0.278641 0.470878 0.635312 3
-0.001915 0.044246 -0.125516 3
-0.190526 0.511244 0.314948 3
0.032927 -0.412709 -0.238836 2
-0.202514 0.527722 0.411971 3
-0.017303 -0.864616 -0.269628 0
0.012405 -0.398829 -0.244336 0
0.141580 -0.079925 -0.171774 2
0.003651 -0.013822 -0.144565 3
-0.143578 0.462281 0.180110 3
-0.101721 -0.448184 -0.314287 1
0.587472 0.032230 0.100073 2
0.005928 -0.645604 -0.258071 0
-0.042773 0.213554 -0.055682 3
-0.189906 0.525638 0.424695 3
0.013045 -0.487740 -0.251985 0
0.109538 -0.203582 -0.231556 2
0.016629 -0.510857 -0.249819 0
-0.017951 -0.841749 -0.278981 0
0.037810 -0.388476 -0.233055 2
-0.017461 -0.688250 -0.268936 0
0.010191 -0.090046 -0.168627 3
0.469451 0.076882 -0.011428 2
0.040007 -0.171285 -0.218832 4
-0.072693 0.360110 0.060207 3
0.077342 -0.108529 -0.219898 4
-0.284704 0.503391 0.550613 3
0.031079 -0.403027 -0.221257 2
-0.143153 -0.425184 -0.339720 1
0.158146 0.313469 -0.284533 4
-0.195630 0.525762 0.458024 3
-0.004742 -0.564060 -0.251703 0
0.081801 -0.226631 -0.208035 2
-0.001609 -0.620528 -0.250297 0
0.013090 -0.386554 -0.244342 0
0.118692 -0.120627 -0.175034 2
0.293412 0.075403 -0.099890 2
-0.356343 0.380749 0.705162 3
-0.077756 -0.465986 -0.346268 1
-0.125045 0.461584 0.191247 3
0.110854 -0.140121 -0.179410 2
0.288172 0.056633 -0.133482 2
0.488088 0.069102 -0.000917 2
0.573760 0.037252 0.059334 2
-0.013016 -0.792095 -0.263891 0
0.269102 0.064419 -0.106535 2
-0.290408 0.493866 0.576048 3
-0.243937 0.522388 0.493730 3
-0.443432 0.225548 0.794268 3
-0.032661 -0.519941 -0.270528 1
0.010456 -0.109121 -0.173977 3
-0.150093 0.522753 0.336209 3
-0.272575 0.487258 0.610065 3
0.075760 0.004907 -0.236697 4
0.511580 0.055884 0.024833 2
0.119462 0.143957 -0.247579 4
-0.260413 0.512056 0.538367 3
-0.119755 0.470993 0.205574 3
-0.273368 0.500275 0.567499 3
-0.044859 0.330736 0.040128 3
0.014670 -0.323002 -0.218454 3
-0.055103 0.295519 0.003498 3
0.387061 0.092098 -0.082621 2
-0.091095 -0.451996 -0.299119 1
-0.049883 0.183758 -0.074429 3
-0.143600 0.515455 0.306625 3
-0.067659 -0.470483 -0.299566 1
-0.113117 0.440967 0.150508 3
-0.384328 0.319494 0.738119 3
0.369693 0.101200 -0.031023 2
0.186737 -0.009433 -0.152222 2
0.013569 -0.493519 -0.238388 0
-0.009132 -0.546434 -0.282286 1
0.417235 0.091962 -0.030713 2
-0.019023 -0.505507 -0.304228 1
0.212122 0.027704 -0.128161 2
0.010140 -0.475241 -0.249084 0
-0.025708 0.294214 0.010595 3
0.049823 -0.340133 -0.224479 2
0.548788 0.041521 0.094747 2
0.299982 0.066568 -0.123349 2
0.065026 -0.298421 -0.222234 2
0.553047 0.036335 0.062266 2
-0.078839 0.446182 0.165047 3
-0.013484 -0.807971 -0.277453 0
-0.007828 -0.599619 -0.265065 1
-0.108314 0.415367 0.104908 3
0.045000 -0.190911 -0.228252 4
-0.032072 0.317035 0.032394 3
-0.250701 0.508618 0.563437 3
0.105816 0.034181 -0.220991 4
-0.019489 -0.746858 -0.273020 0
0.003649 -0.540913 -0.242789 0
-0.008908 -0.013913 -0.152470 3
0.170562 -0.079962 -0.206274 2
-0.149507 0.483373 0.226270 3
-0.137784 0.512305 0.292394 3
-0.261505 0.500710 0.580737 3
0.417200 0.096762 -0.011568 2
0.440593 0.087268 -0.011455 2
0.056243 -0.150631 -0.228886 4
-0.183771 0.522933 0.353085 3
0.202894 0.011809 -0.140136 2
-0.373700 0.344220 0.724217 3
-0.006293 -0.524079 -0.302492 1
0.002936 -0.619321 -0.263750 0
-0.018590 -0.816089 -0.264286 0
-0.024986 0.112693 -0.101492 3
-0.208265 0.528227 0.438820 3
0.511436 0.051592 0.069517 2
-0.409063 0.263894 0.768186 3
-0.232024 0.531833 0.443540 3
-0.326594 0.456013 0.644996 3
0.052560 -0.342227 -0.248707 2
-0.374723 0.364427 0.719423 3
0.058981 -0.323935 -0.227954 2
0.540885 0.044138 0.039378 2
-0.454131 0.159800 0.827180 3
0.477732 0.066324 0.044129 2
0.334408 0.096520 -0.062030 2
0.434928 0.091089 0.003244 2
0.030976 -0.268668 -0.228844 4
0.543913 0.041583 0.074751 2
-0.156197 0.496141 0.260303 3
0.064279 -0.176036 -0.224213 4
0.003904 -0.180406 -0.208598 3
0.570849 0.041734 0.094108 2
0.144826 0.266974 -0.277088 4
-0.131264 -0.440208 -0.339587 1
0.199803 0.002283 -0.148281 2
0.599185 0.032151 0.087113 2
0.167996 -0.068930 -0.194151 2
0.016203 -0.451794 -0.237227 0
0.195514 -0.024524 -0.173217 2
0.016303 -0.190627 -0.194297 3
0.075610 -0.058165 -0.228599 4
-0.131842 -0.429343 -0.393607 1
-0.424736 0.259114 0.777995 3
-0.002765 0.157297 -0.077475 3
-0.150819 0.524562 0.366619 3
-0.033811 -0.883608 -0.275251 0
-0.038102 -0.499584 -0.294121 1
-0.226408 0.532864 0.403020 3
0.088047 -0.032426 -0.223988 4
0.015558 -0.049928 -0.154148 3
0.048100 -0.357134 -0.248964 2
0.182735 -0.045582 -0.190758 2
0.133383 -0.127223 -0.193911 2
0.072099 -0.248432 -0.208341 2
-0.049099 -0.481114 -0.321073 1
-0.220460 0.534031 0.391856 3
-0.018707 -0.782486 -0.275989 0
-0.256335 0.496068 0.599226 3
-0.215129 0.532330 0.378395 3
-0.395025 0.294244 0.753421 3
-0.052287 0.207679 -0.065309 3
-0.000827 -0.090080 -0.177329 3
-0.343917 0.365169 0.716895 3
-0.410156 0.288628 0.764595 3
-0.331153 0.386179 0.702473 3
-0.085042 0.409106 0.108922 3
0.069035 -0.089704 -0.228489 4
-0.442580 0.184191 0.818158 3
0.074987 -0.262043 -0.215966 2
0.008301 -0.424226 -0.240870 0
0.025127 -0.429931 -0.228377 0
-0.302934 0.485894 0.590659 3
0.160840 -0.074852 -0.184060 2
0.047471 -0.336126 -0.214091 2
-0.163204 0.486579 0.226270 3
-0.406179 0.275734 0.762988 3
-0.437571 0.213640 0.794746 3
-0.120400 -0.434540 -0.321829 1
0.251162 0.036346 -0.135032 2
-0.213275 0.524111 0.489204 3
0.010065 -0.121503 -0.177183 3
-0.137353 0.493719 0.252198 3
-0.013319 -0.555321 -0.274726 1
0.121728 -0.176238 -0.226756 2
0.051384 -0.165456 -0.228856 4
0.085207 0.030052 -0.238456 4
-0.119165 0.454396 0.179932 3
0.013714 -0.462773 -0.248308 0
-0.009419 -0.872550 -0.272294 0
-0.402512 0.256100 0.776698 3
0.363805 0.093642 -0.066388 2
0.532008 0.051877 0.021098 2
0.251512 0.053979 -0.111734 2
-0.083586 0.437409 0.150001 3
-0.460449 0.132073 0.847408 3
0.041267 -0.362444 -0.217985 2
-0.094975 0.390046 0.074993 3
-0.320632 0.432182 0.668330 3
-0.123928 0.484349 0.223501 3
0.498621 0.057998 0.025080 2
0.387140 0.097772 -0.043032 2
0.003503 -0.530470 -0.255216 0
0.221474 0.016283 -0.144958 2
0.138803 -0.126033 -0.207973 2
0.015924 -0.438441 -0.233922 0
0.066570 -0.300481 -0.247417 2
0.057482 -0.209864 -0.224703 4
0.109162 -0.186113 -0.207383 2
-0.047474 0.161801 -0.084781 3
-0.419936 0.223824 0.796467 3
0.128420 -0.154969 -0.223206 2
0.311214 0.069139 -0.127505 2
-0.173325 -0.410683 -0.404707 1
0.046177 -0.235029 -0.217246 4
0.147074 -0.104641 -0.198646 2
0.635522 0.029732 0.121385 2
-0.006688 -0.028745 -0.156659 3
-0.161479 0.524952 0.353313 3
0.038170 -0.304494 -0.233758 4
-0.356853 0.367384 0.716021 3
-0.103279 0.382873 0.059402 3
0.558646 0.035809 0.075317 2
-0.326647 0.401596 0.692471 3
0.128848 -0.098942 -0.171486 2
-0.385258 0.288713 0.760237 3
-0.084768 -0.462422 -0.320615 1
0.003517 -0.601542 -0.249157 0
-0.047201 0.279741 -0.001978 3
-0.296264 0.438619 0.666482 3
0.046042 -0.266619 -0.229007 4
0.089079 -0.248088 -0.239182 2
0.086477 -0.009409 -0.230017 4
0.058509 -0.321303 -0.238418 2
0.311260 0.087250 -0.082419 2
-0.055636 0.389744 0.100779 3
-0.020764 -0.888181 -0.261906 0
-0.196334 0.527342 0.382561 3
-0.095275 0.403606 0.094883 3
-0.260889 0.521799 0.504379 3
-0.167155 0.504103 0.277167 3
0.405770 0.096267 -0.030592 2
-0.219324 0.527242 0.458187 3
0.022633 -0.405499 -0.242122 0
-0.173281 0.496267 0.255772 3
0.465771 0.073853 0.003308 2
0.009651 -0.376135 -0.231972 0
-0.013381 -0.882713 -0.280455 0
0.062863 -0.104469 -0.228890 4
0.069724 -0.288215 -0.233312 2
-0.013238 -0.736049 -0.259187 0
0.094245 -0.222503 -0.223533 2
0.227809 0.003979 -0.168630 2
0.122729 0.177756 -0.255889 4
0.209972 -0.003551 -0.158508 2
-0.261513 0.506507 0.559310 3
-0.107971 -0.452879 -0.369599 1
-0.142630 -0.435038 -0.358638 1
-0.006869 -0.707120 -0.272339 0
-0.297493 0.459697 0.644160 3
-0.103508 -0.457696 -0.358575 1
0.306030 0.073997 -0.106761 2
-0.297148 0.483781 0.599679 3
0.002051 -0.611934 -0.274510 1
0.009126 -0.209437 -0.207319 3
-0.131941 0.504071 0.266623 3
0.263832 0.036480 -0.148207 2
-0.077841 0.391240 0.090005 3
0.068080 -0.163499 -0.219605 4
0.063733 -0.175914 -0.213595 4
0.244577 0.024065 -0.152731 2
0.387110 0.093879 -0.061682 2
0.094029 0.078454 -0.244762 4
0.010916 -0.285701 -0.214083 3
0.100629 -0.161852 -0.183542 2
0.213395 -0.009498 -0.175922 2
0.426292 0.083438 -0.055154 2
0.020182 -0.348506 -0.233216 0
0.475735 0.069085 0.019842 2
0.013045 -0.314758 -0.228304 3
0.399862 0.094873 -0.040840 2
-0.248937 0.535424 0.458177 3
-0.213265 0.530092 0.367873 3
-0.226369 0.522544 0.509393 3
-0.025668 -0.864580 -0.280760 0
-0.003835 -0.051920 -0.163698 3
-0.314431 0.468480 0.627110 3
0.028460 -0.429007 -0.254690 2
0.003018 -0.127952 -0.187923 3
0.023590 -0.325922 -0.229368 4
0.075809 -0.122103 -0.214088 4
0.105899 0.068093 -0.234001 4
-0.272557 0.482275 0.620580 3
-0.074205 0.354655 0.049659 3
-0.035446 -0.891804 -0.281920 0
-0.014549 0.082037 -0.107927 3
0.006859 -0.175992 -0.192530 3
0.439349 0.086807 -0.029840 2
-0.152087 -0.424209 -0.359032 1
-0.178747 0.524884 0.368676 3
-0.065837 -0.472933 -0.350173 1
-0.060187 0.404851 0.114963 3
-0.040118 0.134398 -0.100479 3
0.021665 -0.418063 -0.242653 0
0.010806 -0.247557 -0.213500 3
0.399623 0.100348 -0.022176 2
-0.065910 0.268765 -0.031964 3
-0.047123 0.263386 -0.016166 3
0.228514 0.029594 -0.131568 2
-0.466095 0.118160 0.853024 3
0.094565 -0.020162 -0.219370 4
-0.480762 0.114375 0.864024 3
0.446082 0.085464 0.013778 2
-0.337476 0.373776 0.707539 3
0.011857 -0.553327 -0.247589 0
-0.451253 0.206346 0.804243 3
0.029419 -0.422735 -0.237605 2
-0.238765 0.525079 0.479787 3
0.329298 0.092824 -0.072422 2
-0.023280 -0.772145 -0.274045 0
0.337490 0.081924 -0.117111 2
0.070886 -0.291662 -0.244124 2
0.380847 0.096046 -0.051661 2
0.351216 0.099968 -0.047202 2
0.187767 -0.032150 -0.169853 2
-0.086256 0.460363 0.185664 3
0.180789 -0.001243 -0.146173 2
0.406655 0.099931 -0.011252 2
-0.036224 0.254087 -0.022397 3
0.010373 -0.357359 -0.228259 3
0.016362 -0.392804 -0.228374 0
-0.126384 0.432096 0.134288 3
-0.055773 0.288951 -0.004605 3
-0.007489 0.107605 -0.099736 3
0.533326 0.041074 0.053998 2
-0.065696 0.307281 0.004631 3
-0.037086 -0.523198 -0.259071 1
-0.142682 0.449488 0.164445 3
0.416784 0.087575 -0.051445 2
0.020792 -0.378364 -0.227166 0
0.084421 -0.075096 -0.219286 4
0.089017 -0.234837 -0.223651 2
0.150350 -0.064645 -0.168830 2
0.049877 -0.246915 -0.227986 4
0.347247 0.088832 -0.097803 2
0.169713 -0.018741 -0.152179 2
-0.189407 0.520707 0.332197 3
-0.024893 0.092829 -0.112808 3
-0.255454 0.531846 0.478596 3
-0.030574 0.065825 -0.130067 3
0.058392 -0.305102 -0.218331 2
-0.021217 0.144881 -0.077499 3
-0.036735 0.173355 -0.076011 3
0.075837 -0.038213 -0.230489 4
0.020925 -0.261458 -0.209352 3
-0.291189 0.452560 0.652957 3
0.013968 -0.462576 -0.236782 0
-0.005109 -0.073813 -0.175146 3
0.120657 0.157576 -0.251904 4
0.423274 0.092127 -0.022584 2
-0.014046 -0.759517 -0.274767 0
0.046296 -0.115393 -0.225559 4
-0.102998 0.467390 0.196157 3
0.009250 -0.241524 -0.222418 3
-0.238527 0.534665 0.424662 3
-0.360638 0.329912 0.738374 3
0.033373 -0.393199 -0.220925 2
-0.079348 -0.460466 -0.300094 1
0.510341 0.060088 0.005036 2
-0.075134 0.319100 0.009321 3
-0.331179 0.435453 0.666536 3
0.101672 0.016011 -0.222460 4
-0.003224 -0.549071 -0.248944 0
0.616028 0.031711 0.097013 2
0.054320 -0.226291 -0.226400 4
-0.007078 -0.729999 -0.272883 0
-0.350670 0.407406 0.686859 3
0.004260 0.018759 -0.133618 3
-0.237944 0.521087 0.508236 3
-0.025904 -0.806454 -0.276896 0
-0.420391 0.266773 0.773251 3
0.008568 -0.418197 -0.232647 0
0.273708 0.048748 -0.136040 2
0.063577 -0.281409 -0.213442 2
-0.171665 -0.406433 -0.376362 1
0.281873 0.062216 -0.114869 2
-0.362463 0.395370 0.695966 3
-0.001863 -0.681356 -0.268189 0
0.127942 0.196114 -0.259411 4
0.481469 0.069770 0.006479 2
0.263406 0.047901 -0.126499 2
-0.015354 -0.582374 -0.257652 1
0.088002 -0.051840 -0.220023 4
-0.457276 0.139704 0.838320 3
-0.007330 0.098495 -0.103667 3
-0.023370 -0.854283 -0.267095 0
-0.109234 0.493345 0.234760 3
-0.179562 0.510045 0.296742 3
-0.366570 0.354411 0.718725 3
-0.211449 0.516255 0.332517 3
0.023577 -0.442819 -0.238403 0
-0.057604 0.273257 -0.020706 3
0.498850 0.063862 0.007544 2
-0.029984 -0.536118 -0.253721 1
0.487143 0.062115 0.039040 2
-0.008491 -0.652052 -0.253591 0
-0.355690 0.345536 0.729762 3
0.118450 0.098668 -0.229853 4
0.110567 0.113582 -0.243730 4
0.067299 -0.155360 -0.226227 4
-0.136606 -0.437973 -0.371454 1
-0.202071 0.510993 0.311369 3
-0.019050 0.102174 -0.098553 3
0.031689 -0.342208 -0.229319 4
-0.014519 -0.677000 -0.260007 0
0.070518 -0.139809 -0.207785 4
-0.030707 0.137357 -0.091933 3
0.592806 0.033695 0.079840 2
-0.067953 0.369601 0.069460 3
-0.012400 -0.835551 -0.263964 0
-0.149077 0.506100 0.277138 3
-0.090959 0.369627 0.053616 3
-0.183864 0.505938 0.285039 3
-0.013758 0.178134 -0.066291 3
-0.113821 -0.451210 -0.340898 1
-0.203755 0.524507 0.474536 3
0.116927 -0.139579 -0.187033 2
-0.104024 0.407906 0.095219 3
-0.163009 0.511709 0.310314 3
-0.121053 -0.448173 -0.365105 1
-0.055127 0.329774 0.034570 3
0.357624 0.089339 -0.103410 2
-0.015587 0.254603 -0.024662 3
-0.073481 0.384997 0.083978 3
-0.006229 -0.657954 -0.268512 0
-0.420499 0.246167 0.779537 3
0.295944 0.087887 -0.078833 2
-0.047374 -0.501025 -0.266580 1
-0.036798 -0.511705 -0.274242 1
0.022828 -0.334048 -0.234571 4
-0.391476 0.256135 0.777700 3
-0.095995 -0.460052 -0.339843 1
-0.386279 0.266770 0.772078 3
-0.189525 0.501429 0.265046 3
0.204242 -0.021098 -0.188259 2
0.033719 -0.399993 -0.244312 2
0.204021 -0.014151 -0.168988 2
-0.095009 -0.454799 -0.374489 1
-0.055298 0.337575 0.041504 3
0.008975 0.066359 -0.115766 3
0.469193 0.073195 -0.021682 2
-0.019504 0.162961 -0.072924 3
0.433696 0.089084 -0.017942 2
0.037822 -0.379898 -0.228655 2
0.351144 0.091849 -0.073356 2
0.037212 -0.226913 -0.218340 4
-0.017737 -0.877336 -0.273092 0
-0.031970 0.184566 -0.061635 3
0.114944 -0.171898 -0.211232 2
-0.055174 -0.481680 -0.295865 1
0.624203 0.032216 0.121325 2
-0.003506 -0.741214 -0.264850 0
-0.371145 0.329072 0.734708 3
0.094741 -0.003196 -0.223854 4
-0.023392 0.135995 -0.081710 3
-0.167899 0.522111 0.411497 3
-0.001228 -0.574410 -0.275771 1
-0.034811 0.150144 -0.087100 3
0.004852 -0.582429 -0.247125 0
-0.180729 0.524366 0.438938 3
0.143314 -0.110928 -0.192451 2
-0.359227 0.414046 0.681093 3
-0.032494 0.118181 -0.105174 3
0.033060 -0.327560 -0.227724 4
-0.013575 -0.595272 -0.258508 1
0.010584 -0.519043 -0.241496 0
0.139900 -0.090004 -0.177468 2
-0.291439 0.477286 0.618226 3
0.328076 0.086087 -0.087213 2
0.046240 -0.199420 -0.214621 4
0.013582 0.001162 -0.136182 3
-0.006793 -0.628698 -0.252353 0
-0.059457 0.252995 -0.045939 3
-0.148352 -0.418668 -0.349954 1
0.147765 0.258396 -0.269020 4
0.092085 0.025911 -0.233311 4
-0.027475 0.246217 -0.027624 3
-0.309524 0.446323 0.656551 3
-0.114390 0.461792 0.188794 3
-0.052931 0.321951 0.027506 3
0.005933 -0.190881 -0.208968 3
0.607267 0.031969 0.108411 2
-0.144448 0.493981 0.259872 3
-0.337595 0.441029 0.660443 3
-0.034769 0.204741 -0.049056 3
-0.253931 0.533841 0.469447 3
-0.307116 0.421102 0.679127 3
-0.017925 0.051478 -0.128658 3
0.588113 0.042207 0.105613 2
0.363754 0.092309 -0.085470 2
-0.095153 -0.460326 -0.354989 1
-0.008404 0.018862 -0.133208 3
-0.002458 -0.544304 -0.293139 1
-0.233202 0.517175 0.549433 3
0.316952 0.091724 -0.072973 2
-0.008242 0.128685 -0.091747 3
0.110305 0.126475 -0.247410 4
-0.012762 -0.610141 -0.257525 1
-0.104420 0.487233 0.225480 3
-0.178612 -0.409052 -0.396539 1
-0.007046 -0.645496 -0.267581 0
-0.173714 0.521896 0.348410 3
-0.000206 -0.104259 -0.182580 3
0.317728 0.084540 -0.089513 2
0.006542 -0.031834 -0.149928 3
-0.120534 -0.449693 -0.354881 1
0.022483 -0.418415 -0.232982 0
0.092762 0.049044 -0.238128 4
-0.108132 0.402962 0.084494 3
-0.018677 0.230636 -0.037616 3
-0.143505 0.517955 0.317154 3
0.523554 0.044705 0.054002 2
0.050667 -0.205048 -0.230883 4
-0.400822 0.238650 0.785796 3
-0.143983 -0.429375 -0.379894 1
-0.366092 0.379344 0.710756 3
-0.016327 0.059581 -0.122399 3
0.557429 0.037646 0.054127 2
-0.020004 -0.765572 -0.264589 0
-0.019744 0.195802 -0.057597 3
0.046348 -0.216035 -0.215102 4
-0.085064 -0.458303 -0.307945 1
0.029434 -0.292778 -0.233588 4
0.038309 -0.205549 -0.218186 4
0.000860 -0.499967 -0.244836 0
0.078137 -0.020216 -0.232064 4
-0.377851 0.369617 0.712347 3
0.052993 -0.081223 -0.228200 4
-0.242437 0.517927 0.525781 3
0.146211 0.248656 -0.264813 4
-0.189800 0.509129 0.302383 3
-0.062868 0.319456 0.018914 3
0.039770 -0.180558 -0.218414 4
0.495705 0.057372 0.036066 2
-0.017100 -0.569624 -0.257651 1
0.008646 -0.198765 -0.203741 3
0.534776 0.042741 0.070869 2
0.043530 -0.281039 -0.228107 4
-0.083023 0.378034 0.069805 3
-0.236281 0.526586 0.462617 3
0.030063 -0.267090 -0.219779 4
0.028888 -0.285437 -0.218825 4
0.334327 0.089747 -0.080508 2
0.180388 -0.021048 -0.158512 2
-0.025590 -0.822611 -0.269265 0
-0.013331 -0.772066 -0.261975 0
-0.120816 0.487149 0.231948 3
-0.104188 0.424873 0.122538 3
0.122175 0.116691 -0.234495 4
0.007997 0.089666 -0.106009 3
-0.108699 -0.448235 -0.325151 1
0.107222 0.055646 -0.227804 4
-0.337490 0.421184 0.680308 3
-0.160778 0.506849 0.291607 3
-0.020471 0.218570 -0.044947 3
0.168930 -0.051364 -0.174100 2
-0.001556 -0.533917 -0.245687 0
0.006691 -0.165470 -0.194610 3
-0.054261 0.356886 0.064249 3
-0.020423 0.277468 -0.006244 3
0.045881 -0.228668 -0.231922 4
0.018404 -0.460173 -0.260053 0
0.317484 0.079102 -0.105325 2
-0.012762 -0.033039 -0.166814 3
-0.000812 -0.715381 -0.264444 0
-0.126380 -0.439857 -0.380695 1
-0.055466 -0.476576 -0.334412 1
0.016557 -0.180555 -0.192247 3
0.014487 -0.411461 -0.230628 0
0.056960 -0.198931 -0.213992 4
-0.208328 0.526993 0.352813 3
-0.095944 0.419496 0.121591 3
0.129938 -0.111546 -0.181394 2
0.012506 -0.250282 -0.204950 3
-0.202696 0.525471 0.463802 3
-0.001490 0.138238 -0.087830 3
-0.001478 -0.630868 -0.264861 0
0.021241 -0.367558 -0.239937 0
-0.041994 0.190751 -0.069089 3
-0.025607 -0.847801 -0.279677 0
-0.019325 -0.740283 -0.264468 0
0.281955 0.074282 -0.097005 2
-0.114157 -0.443084 -0.385493 1
-0.102771 0.438090 0.150629 3
-0.071528 0.283234 -0.015883 3
0.004956 -0.481467 -0.239352 0
0.113698 0.076592 -0.225997 4
0.095155 -0.218443 -0.215480 2
0.016773 -0.468832 -0.229249 0
0.056835 -0.175477 -0.230193 4
-0.000159 -0.519619 -0.248839 0
-0.014146 -0.848210 -0.259400 0
-0.123688 0.500638 0.250577 3
-0.250072 0.535851 0.443723 3
0.074736 -0.274803 -0.220251 2
-0.317812 0.482940 0.593110 3
0.221878 -0.002616 -0.174112 2
-0.078475 0.413404 0.117299 3
0.011953 -0.275797 -0.227931 0
0.017010 -0.063637 -0.158385 3
0.068688 -0.064508 -0.230115 4
-0.022657 0.119046 -0.093582 3
0.215362 0.002301 -0.154263 2
-0.007109 0.193125 -0.057712 3
0.028244 -0.314789 -0.225650 4
-0.232345 0.534884 0.412116 3
-0.191330 0.524987 0.357527 3
-0.318806 0.420154 0.679528 3
-0.195773 0.526068 0.443704 3
-0.012900 -0.721440 -0.273077 0
-0.355932 0.390466 0.700430 3
0.282152 0.051530 -0.137779 2
-0.114252 0.425124 0.120043 3
-0.188849 0.525031 0.377955 3
-0.301362 0.444902 0.660087 3
-0.375001 0.310605 0.742632 3
-0.065719 -0.473148 -0.314498 1
-0.091433 0.450765 0.170901 3
-0.130356 -0.443287 -0.354431 1
0.193771 -0.014437 -0.160418 2
0.014913 -0.335492 -0.228443 3
-0.054316 0.255342 -0.035602 3
-0.013652 -0.003492 -0.152902 3
-0.225783 0.524223 0.493784 3
-0.260981 0.529821 0.486537 3
0.653497 0.031855 0.124820 2
0.016465 -0.140395 -0.182097 3
0.151244 -0.114952 -0.213194 2
-0.003887 0.177825 -0.066127 3
0.082074 0.011284 -0.235904 4
0.386269 0.100669 -0.022222 2
-0.131496 0.438254 0.146603 3
0.072131 -0.110662 -0.226808 4
0.113119 -0.151851 -0.192882 2
-0.007125 0.078954 -0.111768 3
-0.095366 0.441248 0.154434 3
0.056732 -0.184535 -0.210761 4
0.069021 -0.051980 -0.230336 4
-0.314725 0.457244 0.642880 3
-0.102770 0.394309 0.074900 3
0.003650 -0.155166 -0.198709 3
-0.161367 -0.418206 -0.375364 1
-0.090998 0.431609 0.139908 3
-0.012054 -0.788851 -0.275680 0
-0.008968 -0.530135 -0.293508 1
-0.072905 -0.468663 -0.354423 1
-0.077183 -0.462320 -0.284136 1
-0.027679 -0.526014 -0.274616 1
-0.377770 0.301905 0.753308 3
0.148447 0.279612 -0.277670 4
-0.154902 -0.422752 -0.371210 1
0.020900 -0.382459 -0.240958 0
-0.008597 -0.847980 -0.273713 0
0.133583 0.213148 -0.263551 4
0.024469 -0.441137 -0.248762 2
0.008298 -0.620724 -0.255090 0
0.003500 -0.569888 -0.245456 0
0.569874 0.034364 0.075152 2
-0.108899 -0.443543 -0.308938 1
0.334100 0.084008 -0.106744 2
-0.130095 0.472950 0.211515 3
0.368588 0.091399 -0.097015 2
-0.303475 0.461720 0.637043 3
0.275214 0.057531 -0.118673 2
-0.032225 0.232776 -0.036175 3
-0.138721 0.478985 0.223646 3
-0.268535 0.498920 0.575769 3
-0.013012 -0.658252 -0.258749 0
0.010029 -0.079356 -0.165286 3
-0.002549 -0.585125 -0.272603 1
-0.004359 -0.774576 -0.267460 0
-0.363150 0.372663 0.719128 3
-0.208441 0.523348 0.496499 3
0.103433 0.097973 -0.244144 4
0.163831 -0.085454 -0.202933 2
0.025203 -0.171620 -0.188403 3
0.623117 0.031225 0.102144 2
-0.019711 -0.552509 -0.262916 1
0.117278 -0.165584 -0.202712 2
0.010084 -0.228928 -0.207181 3
-0.130906 0.449248 0.159981 3
0.194055 -0.029238 -0.181234 2
-0.021357 -0.554275 -0.250686 1
0.007089 -0.213814 -0.215898 3
-0.367051 0.315641 0.742798 3
-0.084083 0.402823 0.102922 3
-0.012767 0.011495 -0.144308 3
0.105376 -0.201587 -0.224167 2
-0.006607 -0.670928 -0.269291 0
0.072129 -0.281550 -0.228257 2
0.517557 0.050732 0.034446 2
0.138941 0.243563 -0.273029 4
-0.271784 0.491525 0.601301 3
0.063449 -0.266448 -0.204289 2
-0.088845 0.392594 0.083458 3
0.016273 -0.215848 -0.199796 3
-0.013982 -0.864710 -0.277664 0
-0.101649 0.429556 0.134474 3
0.138259 -0.121092 -0.199072 2
0.012371 -0.294115 -0.223399 3
-0.042146 0.155482 -0.087377 3
-0.050647 -0.490039 -0.275549 1
-0.072774 0.302593 -0.001317 3
-0.211608 0.529411 0.399520 3
-0.009098 -0.806032 -0.270243 0
-0.113826 -0.453177 -0.350659 1
0.038082 -0.304041 -0.225114 4
0.095384 -0.177551 -0.193315 2
0.124021 0.169166 -0.253619 4
0.446408 0.085103 -0.004966 2
-0.015947 -0.563514 -0.264296 1
0.060927 -0.314938 -0.232949 2
0.023538 -0.462530 -0.245152 0
0.121579 -0.157026 -0.202670 2
-0.349711 0.339937 0.732435 3
0.190744 -0.002737 -0.148570 2
0.008843 -0.196710 -0.195378 3
0.452891 0.083034 -0.011453 2
-0.007399 -0.711249 -0.258072 0
-0.002114 -0.594542 -0.261104 0
0.022278 -0.342344 -0.222398 3
-0.032157 0.284809 -0.001293 3
-0.019783 -0.563534 -0.249985 1
0.079430 -0.262242 -0.223813 2
0.601795 0.038403 0.115026 2
-0.268107 0.508926 0.544425 3
0.014683 -0.451875 -0.247187 0
-0.007143 -0.620480 -0.267844 1
0.038072 -0.247780 -0.217866 4
-0.337850 0.395353 0.695272 3
0.022011 -0.228661 -0.202570 3
-0.319471 0.470707 0.620534 3
-0.208334 0.528838 0.418167 3
0.162500 -0.049065 -0.167579 2
-0.012746 -0.824451 -0.275275 0
-0.018689 0.031889 -0.140207 3
-0.455849 0.147753 0.840867 3
0.041798 -0.378308 -0.249190 2
0.439642 0.087137 0.019155 2
0.011039 -0.266577 -0.213660 3
0.016646 -0.519407 -0.249978 0
0.482606 0.065801 0.023731 2
-0.005908 -0.582714 -0.253721 0
-0.178598 0.498436 0.262105 3
0.050393 -0.157052 -0.227656 4
-0.172172 -0.413351 -0.390252 1
0.006215 -0.443549 -0.238718 0
-0.254776 0.504013 0.575834 3
0.023023 -0.397817 -0.230168 0
0.117233 0.135858 -0.246130 4
0.001617 -0.696192 -0.262316 0
0.145976 -0.058044 -0.162922 2
0.599737 0.032430 0.104467 2
0.579047 0.032149 0.091524 2
0.028876 -0.275341 -0.224005 4
-0.055906 -0.484073 -0.270763 1
-0.015982 -0.617883 -0.251327 0
-0.096604 0.478035 0.210275 3
-0.007832 -0.539040 -0.289188 1
0.027546 -0.266751 -0.210772 3
0.032957 -0.372704 -0.224125 2
-0.150031 0.473196 0.197075 3
-0.272918 0.493922 0.588908 3
-0.237023 0.536503 0.404502 3
-0.066041 -0.469340 -0.282673 1
0.068533 -0.133824 -0.227359 4
-0.015277 0.019678 -0.143147 3
0.065357 -0.304643 -0.227966 2
-0.061661 0.345014 0.047790 3
-0.138130 0.501523 0.260186 3
-0.015523 0.042817 -0.131197 3
-0.049332 0.237583 -0.045926 3
-0.267965 0.524414 0.500556 3
0.541013 0.042900 0.090273 2
-0.420431 0.208571 0.806579 3
0.010278 -0.525478 -0.254460 0
0.010918 -0.392912 -0.238491 0
0.232943 0.037259 -0.123583 2
0.246084 0.047097 -0.117646 2
-0.030787 -0.873305 -0.271639 0
-0.254352 0.517857 0.513235 3
0.504823 0.053632 0.049880 2
0.128210 -0.123122 -0.188688 2
0.034366 -0.281590 -0.234622 4
-0.161404 0.491492 0.241526 3
0.210341 0.017512 -0.137500 2
0.083426 -0.091968 -0.208051 4
-0.183732 0.525574 0.361958 3
-0.077870 0.379011 0.079047 3
0.047549 -0.258378 -0.228679 4
0.003257 -0.140793 -0.193770 3
-0.070926 0.415894 0.125452 3
-0.360892 0.360145 0.715003 3
0.434921 0.085885 -0.036861 2
0.033389 -0.310836 -0.236317 4
-0.284430 0.466493 0.639417 3
0.063855 -0.081437 -0.229210 4
0.080566 -0.089752 -0.220393 4
-0.374603 0.286267 0.760289 3
0.162386 -0.097473 -0.209093 2
-0.066369 0.402691 0.109818 3
-0.142982 0.475822 0.209863 3
0.005825 -0.548930 -0.243261 0
-0.173176 0.523187 0.418113 3
0.027098 -0.341704 -0.238708 4
-0.095693 -0.456386 -0.325172 1
-0.148589 -0.422632 -0.395093 1
-0.166644 0.524953 0.378005 3
0.380803 0.100846 -0.030042 2
-0.002871 -0.595257 -0.271321 1
-0.024459 -0.812119 -0.268610 0
0.016296 -0.151042 -0.184808 3
-0.042734 0.324693 0.034394 3
0.032813 -0.323433 -0.236484 4
-0.144295 0.522843 0.342123 3
0.524163 0.047225 0.039095 2
0.124659 -0.130659 -0.190559 2
-0.196907 0.519527 0.327370 3
-0.402824 0.269348 0.767030 3
0.089544 -0.041123 -0.220342 4
0.239759 0.011467 -0.172604 2
-0.200226 0.528134 0.436909 3
-0.053689 0.226167 -0.057732 3
-0.040645 0.246162 -0.023444 3
0.099420 0.068445 -0.239189 4
-0.149964 0.496041 0.266241 3
-0.087184 -0.460360 -0.367150 1
-0.366948 0.339798 0.725908 3
-0.196777 0.527367 0.420476 3
0.055912 -0.098145 -0.228499 4
-0.026613 0.130232 -0.092488 3
0.012356 -0.368160 -0.236394 0
0.093156 -0.228719 -0.228823 2
-0.195274 0.524846 0.349282 3
0.038855 -0.258218 -0.219015 4
0.013932 -0.418256 -0.248381 0
-0.018390 -0.752969 -0.262453 0
-0.092232 0.384420 0.069664 3
0.102476 -0.214871 -0.233557 2
0.004552 -0.511145 -0.253214 0
-0.030966 0.154724 -0.081469 3
0.293405 0.054106 -0.142305 2
-0.384385 0.349230 0.729473 3
0.067837 -0.022555 -0.233746 4
0.435188 0.081744 -0.050852 2
-0.011875 -0.639454 -0.257316 0
-0.137547 -0.435101 -0.340852 1
-0.031774 0.304304 0.018046 3
0.087167 0.019611 -0.235092 4
0.076272 -0.274906 -0.237626 2
-0.034366 0.089756 -0.120739 3
-0.196937 0.524422 0.479061 3
0.109862 0.089807 -0.237553 4
-0.125398 -0.433619 -0.328235 1
-0.013886 -0.816130 -0.277805 0
-0.000918 -0.589021 -0.247828 0
-0.054339 -0.481748 -0.303981 1
-0.008239 -0.574258 -0.271613 1
-0.225924 0.529842 0.448979 3
0.110303 -0.187167 -0.218782 2
0.062374 -0.070648 -0.229733 4
0.274517 0.069144 -0.101698 2
0.641572 0.031967 0.130012 2
-0.451876 0.194971 0.813116 3
-0.309208 0.478211 0.609224 3
0.493373 0.061762 0.020144 2
0.020548 -0.092158 -0.166503 3
0.020796 -0.429405 -0.241236 0
-0.130352 0.496835 0.247917 3
0.010118 -0.530151 -0.242608 0
0.151549 -0.081740 -0.182424 2
0.012213 -0.304565 -0.224045 3
-0.108136 0.477194 0.211587 3
0.069218 -0.157273 -0.214527 4
0.156947 -0.068912 -0.178230 2
-0.435933 0.232233 0.794079 3
-0.130413 0.480142 0.221097 3
0.009458 -0.535926 -0.255487 0
0.087176 -0.215885 -0.207224 2
0.020870 -0.472293 -0.247619 0
0.581361 0.032683 0.078936 2
0.003891 -0.494057 -0.240228 0
-0.006319 -0.687760 -0.270218 0
-0.037954 0.312797 0.023959 3
-0.143269 0.472946 0.201490 3
0.004529 -0.127601 -0.178427 3
-0.016296 -0.696338 -0.261696 0
0.008671 -0.428605 -0.233542 0
-0.191449 0.514605 0.322625 3
-0.036405 -0.493138 -0.307539 1
-0.065503 0.289528 -0.009201 3
-0.101390 0.415471 0.108984 3
0.060477 -0.320031 -0.247506 2
0.022711 -0.361273 -0.225141 4
0.178237 -0.057463 -0.199624 2
-0.291138 0.470907 0.631068 3
-0.331979 0.415645 0.682157 3
0.045088 -0.150470 -0.224005 4
-0.291138 0.497625 0.559319 3
-0.141192 0.503560 0.276556 3
-0.428658 0.238413 0.790354 3
-0.005597 -0.059808 -0.170140 3
-0.001136 -0.702049 -0.268430 0
-0.042315 -0.493858 -0.299614 1
-0.025955 -0.494662 -0.323626 1
-0.119600 0.410675 0.094711 3
0.103530 -0.169425 -0.194607 2
0.075065 -0.003270 -0.235538 4
0.328783 0.098229 -0.056631 2
-0.072323 0.293879 -0.006657 3
0.126992 -0.145774 -0.199143 2
-0.020324 0.208218 -0.050777 3
0.029151 -0.358124 -0.231412 4
0.092114 -0.014001 -0.223798 4
0.164509 -0.033957 -0.158538 2
-0.315076 0.441002 0.659924 3
-0.020318 -0.878792 -0.280536 0
-0.350023 0.348769 0.722279 3
-0.061744 0.394785 0.101645 3
0.016353 -0.075348 -0.162575 3
0.104899 0.130452 -0.251695 4
0.452468 0.082932 0.003510 2
-0.212622 0.527057 0.462475 3
0.067346 -0.146560 -0.226980 4
-0.031027 -0.505763 -0.294110 1
-0.120774 0.428034 0.125967 3
-0.396825 0.301939 0.752660 3
-0.008885 -0.884683 -0.274220 0
0.517768 0.049145 0.065416 2
0.037927 -0.376177 -0.219015 2
0.056993 -0.064604 -0.229531 4
0.054678 -0.333386 -0.243333 2
-0.078764 0.331104 0.019734 3
-0.001002 -0.074999 -0.163645 3
-0.082726 0.320148 0.007343 3
-0.049608 0.364606 0.079181 3
-0.278317 0.507398 0.544296 3
-0.300790 0.431914 0.671289 3
-0.343455 0.355260 0.723495 3
0.119707 -0.171123 -0.220062 2
-0.307908 0.466378 0.631042 3
-0.444855 0.187999 0.811631 3
0.227659 0.001331 -0.177754 2
-0.230108 0.525399 0.473279 3
0.123723 -0.159088 -0.215876 2
0.050537 -0.133903 -0.226866 4
-0.037503 -0.487727 -0.320964 1
-0.378904 0.339788 0.728141 3
0.451499 0.082368 -0.026464 2
-0.003828 -0.560371 -0.280881 1
0.370299 0.093491 -0.072564 2
0.245759 0.031610 -0.138258 2
0.083472 -0.193380 -0.195521 2
0.002678 -0.606585 -0.266952 0
0.564145 0.038441 0.091629 2
-0.236542 0.533630 0.437353 3
-0.018332 -0.721621 -0.263827 0
-0.285599 0.508995 0.534746 3
-0.335282 0.458216 0.642057 3
0.009490 -0.605546 -0.257373 0
-0.279016 0.516388 0.519845 3
0.011948 -0.381363 -0.237372 0
-0.002581 0.036729 -0.127711 3
-0.343852 0.378065 0.705896 3
-0.007304 0.063049 -0.117335 3
0.340328 0.086548 -0.102689 2
0.016529 -0.329357 -0.223821 3
0.423976 0.095843 -0.006728 2
0.669709 0.034199 0.135459 2
-0.268335 0.512453 0.533351 3
0.023584 -0.281522 -0.213307 3
-0.042928 0.179297 -0.075845 3
0.026976 -0.298189 -0.228475 4
0.103705 0.041190 -0.227649 4
0.279061 0.042668 -0.151598 2
0.073605 -0.123016 -0.204575 4
-0.385893 0.326801 0.735623 3
0.079540 -0.262689 -0.232141 2
-0.320481 0.406474 0.689092 3
-0.061953 0.384531 0.090144 3
0.064476 -0.304774 -0.239916 2
0.016279 -0.434912 -0.245275 0
-0.043156 -0.489096 -0.307132 1
-0.403530 0.284616 0.759955 3
-0.012305 0.043978 -0.124158 3
-0.277626 0.478558 0.625241 3
-0.029610 -0.516861 -0.283192 1
0.068342 -0.294055 -0.228296 2
0.505326 0.053110 0.041421 2
0.179539 -0.051781 -0.194284 2
-0.284821 0.491680 0.585086 3
0.245160 0.040906 -0.127340 2
-0.118942 0.505612 0.266310 3
0.003732 -0.677347 -0.261964 0
0.046180 -0.226616 -0.216039 4
-0.302991 0.487232 0.582469 3
-0.022387 -0.871323 -0.262652 0
-0.425957 0.230782 0.788846 3
-0.154260 0.512200 0.302561 3
-0.114315 -0.448777 -0.333505 1
0.123863 -0.120593 -0.180870 2
-0.114334 0.413335 0.100390 3
0.004295 -0.612031 -0.261356 0
0.039355 -0.266809 -0.233907 4
-0.042364 0.167643 -0.081081 3
-0.361533 0.373599 0.708158 3
0.045670 -0.251869 -0.232495 4
-0.249738 0.527978 0.475015 3
0.004345 -0.114712 -0.174442 3
-0.019007 -0.765651 -0.274070 0
-0.008612 -0.696260 -0.255436 0
0.090228 -0.205467 -0.204823 2
0.470086 0.071342 0.025125 2
-0.267851 0.497981 0.584641 3
0.094872 0.019723 -0.229542 4
-0.156294 0.525443 0.361189 3
-0.015030 0.118223 -0.092404 3
-0.090981 0.456930 0.179487 3
-0.019568 -0.858348 -0.280099 0
0.011316 -0.258427 -0.219670 3
-0.022951 0.060662 -0.128150 3
-0.008576 0.001362 -0.142076 3
0.003730 0.011453 -0.136154 3
0.129030 0.161713 -0.247901 4
-0.031281 0.173642 -0.068558 3
0.363709 0.099873 -0.042366 2
-0.007722 -0.616058 -0.253375 0
0.288955 0.071208 -0.104936 2
-0.173247 0.514023 0.310858 3
-0.244229 0.512499 0.559071 3
-0.266511 0.503703 0.564589 3
-0.137373 0.464313 0.184250 3
0.006070 -0.462277 -0.244848 0
0.593388 0.030696 0.092013 2
-0.084439 0.423183 0.128982 3
-0.322990 0.384295 0.702821 3
-0.212581 0.526404 0.361122 3
-0.172992 0.517141 0.327496 3
0.320924 0.078434 -0.112839 2
-0.172318 0.523910 0.393256 3
0.203146 -0.001652 -0.154017 2
-0.008700 -0.753023 -0.274067 0
0.456852 0.078091 -0.030880 2
0.080250 -0.203851 -0.198504 2
0.534198 0.047431 0.032757 2
-0.121613 0.453972 0.172631 3
0.012102 -0.281448 -0.220403 3
0.145582 -0.089312 -0.182632 2
0.036370 -0.235130 -0.228034 4
-0.024527 0.085837 -0.116684 3
-0.161933 0.523050 0.392768 3
-0.137370 0.469146 0.197131 3
0.037292 -0.393961 -0.238438 2
0.045867 -0.199143 -0.229701 4
-0.101688 -0.458186 -0.350682 1
-0.124547 0.503489 0.260739 3
-0.442216 0.171974 0.831626 3
-0.023210 -0.546709 -0.257071 1
0.045842 -0.241383 -0.232244 4
-0.196282 0.507382 0.292143 3
0.003555 -0.588767 -0.260390 0
0.192279 -0.033424 -0.188124 2
0.133241 -0.140164 -0.213943 2
-0.219255 0.528297 0.433384 3
0.016670 -0.494027 -0.249449 0
0.002906 0.031131 -0.129548 3
-0.130817 0.508435 0.277304 3
-0.162416 0.483430 0.216926 3
-0.103051 -0.456596 -0.338866 1
-0.053423 -0.479801 -0.314858 1
0.233107 0.011793 -0.160980 2
0.058427 -0.134051 -0.229120 4
0.014088 -0.340884 -0.220529 3
-0.332607 0.445123 0.656284 3
0.005347 -0.044413 -0.154661 3
0.216831 0.011041 -0.148070 2
-0.015812 -0.854024 -0.270460 0
0.109478 0.076532 -0.233070 4
-0.017723 -0.706574 -0.264359 0
-0.290805 0.483984 0.605601 3
-0.148831 -0.429715 -0.363827 1
-0.013822 -0.830430 -0.270135 0
0.000506 -0.098020 -0.178215 3
0.540740 0.039199 0.054010 2
-0.161497 0.517318 0.323396 3
-0.242766 0.519703 0.514000 3
0.003626 -0.635142 -0.253578 0
