0.052850 0.021332 -0.090602 4
-0.565781 0.120554 0.815695 3
-0.190548 0.253980 -0.884515 4
0.362243 -0.532966 -0.583985 2
0.284986 0.529919 0.329216 5
-0.120793 0.093000 0.451081 3
0.033444 -0.474040 0.067874 0
-0.121699 0.298796 -0.424348 4
0.159254 -0.165889 -0.463960 2
0.053100 0.290286 0.169486 5
-0.053652 -0.135015 0.198317 1
-0.360993 0.154638 0.609571 3
0.023974 -0.236423 -0.049928 2
0.049402 0.163934 -0.299065 4
-0.129843 0.333456 -0.667406 4
0.055251 0.036848 0.314117 1
-0.040377 0.216500 -0.022220 6
0.295732 -0.321981 -0.545074 2
0.150064 -0.103365 -0.250955 2
0.201579 0.413215 0.197786 5
-0.041517 0.045053 0.076729 5
-0.118782 0.083912 0.265243 3
-0.004474 -0.300261 0.117751 1
-0.064704 0.132176 -0.168787 4
0.021780 -0.106795 0.054334 5
0.068823 0.159812 0.075487 5
-0.243513 0.172989 0.503053 3
-0.060941 0.260629 -0.281724 4
0.041676 -0.133770 -0.153618 2
-0.475212 0.128688 0.698103 3
0.000986 0.220175 -0.428517 4
-0.050363 0.320873 -0.542059 4
0.008687 -0.008586 0.193281 3
0.034558 -0.365491 -0.010315 0
-0.047341 -0.041977 -0.035615 4
0.073442 0.109250 -0.184477 4
-0.183097 0.287909 -0.765428 4
0.153185 0.333189 0.119280 5
0.118550 -0.110981 -0.365919 2
0.297925 -0.444484 -0.539535 2
0.198250 -0.271558 -0.504947 2
-0.049666 0.074362 0.356039 3
-0.153965 0.143106 0.357571 3
0.040900 0.074086 0.005524 5
-0.049962 0.058742 -0.088974 4
0.038471 -0.215536 0.055611 3
-0.155914 0.304881 -0.559551 4
-0.017439 -0.060004 0.283927 1
-0.051131 -0.058919 0.121903 3
-0.271285 0.108283 0.580134 3
0.114785 0.253542 0.070650 5
0.011127 0.194001 0.150429 5
0.226510 0.477808 0.270672 5
-0.088237 0.019105 0.199577 3
-0.033664 -0.208791 0.130410 1
0.111319 0.379865 0.192208 5
-0.023234 0.052619 0.261445 3
0.035072 -0.012046 0.053451 5
-0.039558 0.123684 -0.001390 6
-0.188274 0.100913 0.528471 3
-0.029631 0.181753 -0.240416 4
0.207089 -0.127853 -0.394095 2
0.013735 -0.388134 0.095217 1
0.078929 -0.166331 -0.071331 2
0.244860 -0.192380 -0.471476 2
-0.056801 0.255269 -0.370128 4
-0.012167 0.120414 0.109198 5
0.015795 -0.106451 -0.032324 4
0.010102 -0.293569 0.030972 0
-0.189385 0.165184 0.436354 3
0.068033 -0.100355 -0.227459 2
-0.039817 0.285005 -0.466681 4
0.000394 0.083458 -0.153208 4
-0.003149 -0.127493 0.130266 1
0.043098 -0.026855 -0.027367 4
0.118213 -0.115512 -0.163716 2
0.002115 0.201269 -0.349022 4
0.035231 0.059609 0.082831 5
-0.410526 0.118582 0.658987 3
-0.030922 -0.046491 0.040563 5
0.091123 -0.090783 -0.298974 2
-0.511838 0.131939 0.764888 3
0.242939 -0.370459 -0.524547 2
0.268747 -0.255377 -0.522410 2
0.017313 -0.178166 -0.004609 0
-0.098468 0.338529 -0.601696 4
0.176014 -0.100839 -0.322286 2
0.032740 -0.011910 0.262480 1
-0.030112 -0.167836 0.070598 3
-0.008962 -0.076224 0.213903 1
0.069081 0.233355 0.127962 5
-0.106598 0.295944 -0.494934 4
0.042490 0.158761 -0.227526 4
0.040624 -0.435372 0.004292 0
-0.019513 0.024336 0.013903 6
-0.306417 0.164542 0.563120 3
0.015755 -0.049140 0.132287 3
0.066340 0.051398 -0.149963 4
-0.106722 0.105152 0.386104 3
0.319804 -0.381973 -0.561749 2
0.043328 -0.300572 -0.026202 2
0.346303 -0.468257 -0.578219 2
-0.015564 0.001675 -0.073851 4
0.019971 -0.181204 -0.093428 2
-0.030569 -0.105029 0.013058 0
-0.178931 0.305893 -0.703812 4
-0.008165 0.131698 -0.198739 4
0.111803 0.282235 0.127299 5
-0.113703 0.107181 0.323400 3
0.062027 0.132784 0.019183 5
0.008660 -0.005706 0.319943 1
-0.180199 0.275184 -0.827371 4
0.035276 -0.163539 0.088604 3
-0.168764 0.315515 -0.623852 4
0.009906 -0.352256 0.045937 0
0.051130 -0.077306 0.007055 4
0.150655 -0.130424 -0.415474 2
0.177515 -0.215540 -0.492143 2
-0.032951 0.210947 -0.301571 4
0.239851 -0.310982 -0.522178 2
-0.168469 0.121085 0.473105 3
0.175754 0.373881 0.161501 5
-0.065843 0.076932 0.299084 3
-0.062989 -0.025463 0.168887 3
0.185102 0.445652 0.242126 5
0.005879 0.038071 -0.118901 4
0.088604 -0.136432 -0.119558 2
-0.147684 0.132966 0.413985 3
0.100068 0.332450 0.163032 5
0.008475 -0.243798 0.115935 1
0.087496 0.204674 0.046613 5
-0.097394 0.293202 -0.372892 4
-0.065096 0.182295 -0.197661 4
-0.322148 0.110388 0.602233 3
-0.237008 0.130836 0.538316 3
-0.032328 0.019490 0.218116 3
0.212420 -0.157903 -0.443249 2
-0.011831 0.078317 0.021321 6
-0.074429 0.054035 0.241683 3
0.049122 -0.150793 0.036511 0
0.012965 -0.419207 0.048510 0
0.149983 0.415089 0.213458 5
0.016340 -0.243185 0.015828 0
-0.073478 0.277015 -0.422834 4
-0.062067 0.086237 -0.132485 4
0.049257 0.110353 0.082109 5
0.003338 -0.055396 -0.046179 4
-0.104475 0.313853 -0.555238 4
-0.059367 0.224082 -0.234528 4
0.031251 0.154716 0.110944 5
-0.013684 -0.211194 0.047990 0
-0.012626 -0.079976 0.162043 1
-0.039788 -0.163899 0.154573 1
0.031670 0.024069 0.017031 5
0.010392 -0.040128 0.009661 5
-0.039859 -0.106559 0.101749 3
0.035851 0.240571 0.165857 5
-0.017830 0.000381 0.070790 5
0.023076 -0.057252 0.072295 5
0.002504 0.182790 -0.278565 4
-0.076646 0.276571 -0.329720 4
0.064480 -0.209151 -0.041533 2
0.009746 -0.253980 0.067802 0
-0.040843 -0.103862 0.238181 1
0.118758 -0.104439 -0.213753 2
0.008149 -0.184649 0.124864 1
0.256880 0.504923 0.297048 5
-0.029576 0.172624 -0.005107 6
-0.026573 0.254136 -0.407572 4
-0.004134 -0.343653 0.097165 1
-0.204904 0.144948 0.493186 3
-0.359932 0.111578 0.631616 3
-0.009495 -0.142260 0.034047 0
0.222879 -0.229129 -0.495644 2
-0.008329 0.075648 0.091867 5
0.280922 -0.395168 -0.538449 2
0.051615 -0.250796 -0.014666 2
0.168093 -0.114398 -0.371499 2
0.010371 -0.435002 0.093744 0
0.019717 0.029410 0.285014 1
0.023886 -0.091736 0.116055 3
0.076192 -0.114649 -0.182694 2
-0.000859 -0.040437 0.241830 1
-0.027527 0.298997 -0.509386 4
0.065074 0.189910 0.109211 5
-0.147503 0.298223 -0.515807 4
0.132440 -0.106513 -0.307020 2
0.014690 -0.310905 0.071849 0
0.067660 -0.002857 -0.055733 4
0.036676 0.133293 -0.191031 4
0.331263 -0.424372 -0.567655 2
-0.009009 0.250681 -0.458836 4
-0.264283 0.165242 0.542469 3
0.131336 0.296066 0.090624 5
0.006575 0.015672 0.240898 1
0.140250 0.348976 0.161948 5
0.035372 -0.384608 0.032937 0
0.049758 0.080277 0.047325 5
-0.034186 0.224687 -0.342476 4
-0.014175 -0.029928 0.163758 3
0.228189 0.453162 0.235616 5
0.036353 -0.119778 0.002855 4
-0.156356 0.312538 -0.739593 4
0.050550 -0.158171 -0.112593 2
0.017156 -0.459065 0.030967 0
-0.023819 -0.120510 0.168657 1
-0.442345 0.142677 0.673738 3
0.009739 -0.083202 0.014827 5
0.026150 -0.004335 -0.068696 4
0.042356 0.088456 -0.156899 4
-0.007233 0.155011 0.133172 5
0.010248 -0.177772 0.057580 0
0.007446 0.197792 -0.393418 4
-0.026549 0.073900 0.313639 3
0.030020 -0.328982 0.009795 0
0.108408 -0.102645 -0.255130 2
-0.017956 -0.078795 -0.018816 4
-0.137629 0.318101 -0.596313 4
0.020259 0.016563 0.079711 5
0.093451 0.224300 0.090501 5
0.030517 0.175246 -0.335431 4
0.198341 -0.186833 -0.468395 2
-0.023848 0.065948 -0.120162 4
-0.136623 0.298857 -0.467808 4
-0.015288 -0.088479 0.046750 0
-0.030991 -0.251598 0.115011 1
-0.090831 0.288024 -0.458809 4
-0.393056 0.151082 0.633412 3
-0.142013 0.322673 -0.703817 4
-0.034916 0.108114 -0.158306 4
-0.081676 0.093344 0.342382 3
0.018232 -0.270222 -0.024022 2
0.017525 -0.032900 0.293021 1
0.001106 0.157818 -0.235786 4
-0.063792 0.298579 -0.494729 4
-0.547218 0.130544 0.782777 3
0.051980 -0.195994 -0.076110 2
0.025039 -0.128506 0.102960 3
-0.003912 -0.156900 0.097372 3
-0.163630 0.312367 -0.668512 4
-0.040757 0.254924 -0.028641 6
0.002645 -0.138043 -0.003868 4
0.078087 0.167448 0.038549 5
0.273464 -0.292754 -0.531734 2
0.150812 0.384782 0.188907 5
-0.218412 0.170908 0.468001 3
0.070811 0.268957 0.142247 5
-0.170485 0.160261 0.399843 3
0.041923 0.035527 0.053862 5
-0.012174 -0.083629 0.254448 1
-0.322995 0.150610 0.594363 3
-0.050489 -0.011685 -0.067183 4
0.285012 -0.358468 -0.546788 2
-0.020502 -0.011806 0.025111 5
-0.099314 0.083058 0.421683 3
0.334710 -0.501091 -0.563677 2
0.060129 0.160843 -0.263106 4
-0.122400 0.122325 0.356692 3
-0.030408 0.160379 -0.207976 4
0.022528 -0.211879 -0.020045 2
-0.032225 -0.006025 0.190834 3
0.032743 0.060976 -0.131026 4
-0.072610 0.077736 0.385239 3
-0.053291 0.240933 -0.314945 4
-0.499509 0.123104 0.725448 3
-0.142200 0.098204 0.485518 3
-0.050346 0.023280 -0.078439 4
0.039830 0.002083 0.299020 1
0.234895 -0.260831 -0.509567 2
-0.040065 0.208348 -0.263172 4
-0.083523 0.307273 -0.524101 4
-0.122915 0.334815 -0.631740 4
0.010522 0.110662 -0.175719 4
0.161894 -0.100332 -0.286669 2
-0.008102 -0.040919 0.205627 1
-0.005536 -0.033455 0.066587 5
0.127621 0.319005 0.143899 5
-0.032236 -0.098775 0.197976 1
0.026792 0.025430 0.333176 1
0.003078 0.194742 -0.313548 4
0.183959 -0.142078 -0.422842 2
-0.024072 -0.085387 0.126251 3
-0.238818 0.104647 0.562972 3
0.009065 -0.215379 0.076383 3
-0.102775 0.074518 0.233214 3
-0.018521 0.234783 -0.378328 4
0.023729 -0.012229 0.226316 1
0.027206 -0.203780 0.023742 0
0.322842 -0.467103 -0.551338 2
0.030424 -0.047919 0.038081 5
0.033977 -0.400897 -0.000768 0
0.027012 -0.071080 -0.025133 4
0.257867 -0.230030 -0.499811 2
-0.278889 0.142673 0.564974 3
-0.072420 0.332327 -0.566736 4
0.146906 -0.110290 -0.338860 2
-0.045389 0.002575 0.049705 5
0.018831 0.103513 0.097401 5
0.064923 0.132252 0.053773 5
-0.005857 0.039195 0.082877 5
0.039656 0.217626 0.140204 5
0.072670 0.026998 -0.118383 4
0.009824 -0.007148 -0.000441 5
0.007726 0.010864 -0.097430 4
-0.055614 0.060542 0.269736 3
0.068033 0.322863 0.170610 5
0.084692 0.359046 0.178195 5
-0.148013 0.119410 0.445686 3
0.092440 0.300369 0.148898 5
0.260936 -0.336456 -0.530129 2
0.068455 0.142493 -0.198713 4
-0.001805 -0.179112 0.025899 0
0.036096 0.024575 0.254966 1
-0.097610 0.086526 0.291528 3
0.011267 -0.388030 0.061327 0
-0.143126 0.123018 0.327980 3
0.029558 -0.264299 0.038549 0
-0.034898 0.053841 0.021340 6
-0.037645 0.091315 0.096511 5
-0.123378 0.109692 0.422108 3
0.025067 0.169791 -0.255898 4
0.104481 0.252974 0.103613 5
-0.014603 0.275671 -0.486193 4
-0.040131 0.272675 -0.435843 4
-0.029632 -0.055497 0.147642 3
0.019996 -0.146528 0.052630 0
0.077239 -0.094164 -0.262006 2
0.108251 -0.100615 -0.328653 2
-0.174082 0.285429 -0.796800 4
-0.004156 -0.026650 -0.059580 4
0.029232 -0.326090 0.045934 0
-0.299960 0.123511 0.581484 3
0.017333 -0.206608 -0.073538 2
-0.170924 0.103661 0.500097 3
0.041130 -0.048314 -0.003447 4
0.021781 0.183249 -0.368624 4
0.036001 0.189355 0.125413 5
0.071270 0.080333 -0.170794 4
-0.011853 -0.272435 0.099961 1
0.010249 -0.452365 0.066872 0
-0.061117 0.032632 0.219256 3
0.081864 0.190600 0.074381 5
0.030982 -0.152837 0.010720 0
-0.037250 -0.136085 0.090925 3
0.053316 0.103155 0.012778 5
-0.010802 -0.156655 0.139341 1
0.128146 -0.119940 -0.394508 2
0.038560 -0.434385 0.038527 0
0.305074 -0.416546 -0.551903 2
0.001780 -0.186368 0.088238 3
-0.015742 0.107762 0.011285 6
-0.034059 0.132294 -0.178187 4
-0.088553 0.072345 0.262796 3
-0.213754 0.125683 0.516197 3
0.076702 -0.130759 -0.147894 2
-0.190308 0.149856 0.466057 3
0.045372 -0.467321 0.020596 0
-0.022830 0.032584 -0.089740 4
-0.074345 0.270704 -0.392330 4
0.016793 0.144083 -0.212648 4
-0.130568 0.096025 0.291396 3
-0.018794 -0.064857 0.018601 0
-0.014669 0.069905 0.285538 3
-0.213714 0.102863 0.545547 3
-0.098010 0.289218 -0.407575 4
0.227349 -0.338386 -0.517429 2
-0.127830 0.304288 -0.538242 4
-0.165852 0.142909 0.436205 3
-0.129970 0.124879 0.385923 3
0.183289 0.419796 0.220992 5
-0.054635 0.081981 0.327185 3
-0.096097 0.051880 0.214341 3
0.165455 0.355721 0.139902 5
0.137718 0.306588 0.117995 5
-0.187845 0.261867 -0.855688 4
0.188052 -0.104649 -0.351338 2
0.020397 -0.041076 0.262937 1
0.027698 -0.004816 0.025326 5
-0.065390 0.002831 0.189098 3
-0.005842 0.044128 0.031637 6
-0.040229 0.038991 0.239658 3
0.026795 -0.359611 0.019100 0
0.014189 -0.029048 0.154925 3
0.149995 -0.145987 -0.444125 2
0.041545 -0.338351 -0.019686 0
-0.005224 0.008286 0.040366 5
-0.416217 0.147034 0.651204 3
-0.388038 0.116819 0.638639 3
-0.345364 0.130575 0.603087 3
-0.013959 -0.057537 0.182086 1
0.181687 0.392221 0.183643 5
0.046674 -0.221526 -0.061292 2
-0.007151 -0.220597 0.126531 1
0.359452 -0.504055 -0.580313 2
0.215179 -0.300603 -0.510353 2
0.205416 0.462605 0.257291 5
0.025585 -0.028219 -0.050498 4
0.096594 0.230456 0.056336 5
0.132293 -0.100927 -0.278548 2
0.041956 0.052617 0.025001 5
-0.004278 -0.105704 -0.011415 4
0.001645 -0.235297 0.039529 0
0.045972 -0.120743 -0.179064 2
0.185761 -0.242181 -0.499750 2
-0.008344 -0.063238 0.058994 5
-0.038053 0.084633 0.011016 6
0.041375 0.038461 -0.110775 4
-0.018591 -0.185719 0.138662 1
-0.055766 0.240575 -0.257699 4
-0.008523 0.004558 0.212619 3
-0.180143 0.298450 -0.732201 4
0.033201 -0.179512 0.037610 0
0.028595 -0.076288 0.040741 5
-0.081690 0.273636 -0.359329 4
0.025365 0.179272 -0.299381 4
-0.049892 0.192088 -0.219673 4
0.010866 -0.364571 0.079481 0
0.176420 -0.127260 -0.399737 2
0.215440 -0.143447 -0.416302 2
-0.003306 -0.119839 0.053084 0
0.023422 -0.107577 0.026162 5
0.016881 -0.012126 0.075029 5
0.025095 -0.287594 0.054025 0
-0.256025 0.126393 0.558359 3
0.088541 -0.107977 -0.206900 2
0.074764 -0.153327 -0.099474 2
-0.055665 0.247672 -0.343300 4
0.032157 -0.192748 0.070329 3
-0.049289 -0.186303 0.141039 1
-0.065048 0.280710 -0.451323 4
-0.024639 0.085754 -0.141408 4
-0.030500 -0.020100 0.055568 5
-0.024759 0.189327 -0.286310 4
0.052282 -0.235846 -0.038302 2
0.007572 -0.315827 0.098322 1
-0.223872 0.151623 0.512126 3
-0.014697 -0.127555 0.104280 3
0.022609 -0.410169 0.024353 0
0.042320 0.132013 0.097625 5
-0.006932 -0.104722 0.151531 1
0.167778 -0.192211 -0.481366 2
0.003647 -0.078328 0.128927 3
0.046902 0.025353 0.286288 1
0.040784 -0.264574 -0.038532 2
-0.148317 0.320082 -0.647255 4
-0.050146 0.235862 -0.285546 4
-0.032334 -0.027543 -0.054450 4
-0.048511 -0.151426 0.177127 1
0.004222 -0.271792 0.046186 0
0.042428 -0.275735 -0.009407 2
-0.012126 0.248559 -0.429771 4
-0.162579 0.312399 -0.587899 4
0.000437 0.064728 -0.133923 4
0.003523 -0.063314 0.262384 1
0.057748 0.105397 0.052424 5
-0.039917 -0.063968 -0.014546 4
-0.014467 0.211792 -0.329642 4
0.212950 0.431204 0.214122 5
0.212563 -0.205554 -0.481284 2
-0.047506 0.153037 -0.188510 4
0.040238 0.085411 0.087983 5
0.225395 -0.176807 -0.461725 2
0.107671 -0.122933 -0.140283 2
-0.040996 0.070951 0.290060 3
-0.436046 0.117475 0.666856 3
0.013908 0.171144 0.131313 5
0.188890 -0.166046 -0.452748 2
0.032296 -0.149486 -0.134324 2
0.033028 -0.092215 -0.010209 4
-0.035807 -0.120077 0.217857 1
0.017699 -0.337812 0.066698 0
-0.148406 0.143771 0.384087 3
-0.372035 0.131611 0.619274 3
-0.009090 0.233160 -0.407795 4
-0.116099 0.320797 -0.581286 4
0.054768 -0.123246 0.021432 5
0.008995 0.140830 0.113470 5
0.038969 -0.459852 0.046396 0
0.088702 0.253728 0.130445 5
0.003538 -0.408672 0.082360 0
-0.066304 0.266170 -0.306844 4
-0.471419 0.136265 0.722927 3
0.131285 0.369951 0.178403 5
-0.105595 0.102265 0.355526 3
-0.055258 0.072962 -0.110962 4
-0.115057 0.294520 -0.451298 4
0.052529 -0.176747 -0.094469 2
-0.015237 -0.127731 0.011951 0
0.026562 -0.243158 -0.024990 2
0.001712 -0.105797 0.116879 3
-0.062196 -0.043517 0.139522 3
-0.007580 -0.040309 0.297495 1
0.050748 0.251001 0.147477 5
0.131607 0.400774 0.202253 5
0.027971 -0.228254 0.033259 0
0.284560 -0.422652 -0.537025 2
-0.064285 0.110763 -0.154596 4
-0.246222 0.153778 0.528277 3
0.121846 0.269589 0.089370 5
-0.024555 -0.053657 -0.034297 4
0.031075 0.045755 0.002854 5
0.054409 0.160580 0.101833 5
0.026206 -0.165972 -0.112931 2
0.072411 -0.185663 -0.056094 2
-0.003174 0.212197 -0.371348 4
0.140286 -0.105888 -0.227149 2
0.248944 -0.287322 -0.523391 2
0.042040 0.109473 -0.170818 4
0.010365 0.059356 0.087412 5
0.240221 -0.210972 -0.487804 2
0.027946 -0.047796 -0.034637 4
-0.039586 0.019460 0.067410 5
0.077728 0.211525 0.107242 5
0.019106 -0.004053 0.286254 1
0.276600 0.519817 0.307844 5
-0.049185 0.255929 -0.393984 4
0.066298 0.158118 -0.219829 4
0.023161 -0.135187 0.026585 0
0.003095 -0.080010 -0.032193 4
0.053687 -0.109847 -0.200099 2
-0.015284 0.174999 -0.262984 4
-0.011712 -0.083868 0.190410 1
-0.453375 0.139664 0.702426 3
0.108910 -0.108687 -0.191377 2
-0.014871 0.028077 0.240793 3
0.025792 0.216673 0.160663 5
0.001251 -0.037817 0.182973 1
-0.005067 -0.055913 0.145062 3
0.023925 -0.235945 0.058665 0
-0.039858 0.068098 0.085419 5
0.066664 -0.145452 -0.126351 2
-0.087926 0.084419 0.314121 3
-0.164739 0.304218 -0.767681 4
-0.013099 -0.061795 0.240860 1
0.248609 0.484869 0.285510 5
0.030595 -0.401007 0.053509 0
0.166672 0.398309 0.202085 5
0.009703 -0.020263 0.250910 1
0.012873 -0.376514 0.038232 0
-0.120809 0.299583 -0.515258 4
0.015662 -0.317028 0.025603 0
-0.010018 -0.276533 0.123955 1
0.035151 -0.308841 -0.004741 0
-0.187867 0.127474 0.492884 3
0.110113 0.357937 0.177114 5
-0.038620 0.192834 -0.016705 6
0.304391 -0.344618 -0.551808 2
0.016759 -0.080001 0.066386 5
-0.021217 -0.096094 0.220781 1
-0.097477 0.288924 -0.435421 4
-0.003781 -0.154065 0.013560 0
-0.045484 -0.083425 0.106618 3
-0.025315 0.143246 0.000766 6
0.013542 -0.035109 0.223029 1
0.001112 -0.366673 0.102737 1
-0.013885 0.118937 -0.176563 4
0.058246 0.210284 0.121524 5
0.011613 -0.277736 0.071811 0
0.026503 0.037609 0.306684 1
-0.076868 0.320735 -0.546072 4
0.019290 -0.127786 -0.017914 4
0.057614 0.132699 0.079031 5
0.004560 -0.211522 0.025910 0
0.318690 -0.438552 -0.553016 2
-0.134290 0.311304 -0.567396 4
-0.007452 -0.042606 0.042266 5
-0.013712 -0.185001 0.068527 3
-0.005301 -0.163568 0.046475 0
-0.025575 -0.228975 0.110311 1
-0.091210 0.085366 0.399515 3
-0.055168 0.308606 -0.514403 4
0.061039 -0.012991 -0.034283 4
0.108350 -0.099936 -0.278666 2
-0.041860 -0.020922 0.034794 5
-0.285413 0.161708 0.552587 3
0.019173 -0.272053 0.018797 0
0.196161 -0.112401 -0.372102 2
-0.041325 0.233637 -0.363088 4
0.023755 0.028142 -0.096867 4
0.037018 0.017210 0.038931 5
0.028272 0.010439 0.233342 1
-0.012874 -0.112821 0.032738 0
-0.041299 -0.030738 0.161456 3
0.040161 -0.376500 0.009980 0
0.019635 0.010041 0.262958 1
0.045055 0.148488 -0.206679 4
0.047995 0.268452 0.162938 5
0.017205 -0.155647 -0.010789 4
0.341168 -0.444731 -0.573341 2
0.088814 -0.100150 -0.242642 2
0.044676 0.060249 0.061518 5
0.027416 -0.364760 0.054764 0
0.044728 -0.006501 -0.054469 4
0.072874 0.011782 -0.083633 4
0.017606 -0.465298 0.084705 0
-0.089528 0.097228 0.371450 3
-0.032341 0.292038 -0.487824 4
-0.024248 -0.145223 0.154338 1
0.298046 -0.388242 -0.552416 2
-0.496013 0.132019 0.746516 3
0.022624 -0.429639 0.074875 0
-0.012588 -0.088061 0.018209 5
0.031572 -0.035349 0.057396 5
-0.031136 -0.121147 0.190518 1
0.272567 -0.315061 -0.537483 2
0.140361 -0.115552 -0.371755 2
0.258258 -0.387037 -0.529083 2
0.019708 -0.063741 0.022001 5
-0.007240 0.144076 -0.218049 4
-0.083354 0.290420 -0.480365 4
0.262071 -0.360168 -0.531810 2
-0.459081 0.119590 0.684730 3
-0.172503 0.314455 -0.647631 4
0.016782 -0.203246 0.003491 0
0.006183 -0.300205 0.053064 0
0.003704 -0.011753 -0.074853 4
-0.223548 0.165219 0.493958 3
0.031421 -0.303037 0.033994 0
0.024729 -0.157514 0.031976 0
0.021743 0.011586 0.313445 1
-0.143072 0.107800 0.465143 3
0.239568 0.468989 0.254621 5
0.031766 0.173846 -0.278535 4
0.124909 -0.108179 -0.342895 2
-0.047629 0.266041 -0.415804 4
-0.138899 0.296613 -0.495203 4
0.001207 -0.019099 0.213415 1
-0.000735 -0.227817 0.060605 0
0.006527 -0.153670 0.125578 1
0.060783 -0.124024 -0.162025 2
0.111024 -0.100033 -0.306527 2
0.214831 -0.254215 -0.502550 2
0.303951 -0.366988 -0.555016 2
-0.000509 -0.045469 0.274966 1
0.035407 0.008265 0.062411 5
0.003867 -0.054684 0.219015 1
0.096123 -0.117390 -0.162538 2
-0.024716 -0.098628 0.177100 1
0.017957 0.076368 -0.140931 4
-0.120985 0.329649 -0.610268 4
0.089132 0.232468 0.110637 5
-0.090019 0.330905 -0.580094 4
0.150137 -0.122429 -0.393907 2
0.042672 -0.417126 0.018123 0
0.042348 0.016786 0.320042 1
-0.041455 0.200320 -0.242531 4
-0.103987 0.303357 -0.531505 4
-0.163155 0.307221 -0.719254 4
-0.031968 0.111150 0.106183 5
0.031493 0.037903 0.082248 5
-0.015346 0.046065 -0.105467 4
-0.341839 0.113479 0.616511 3
0.049791 -0.099131 0.009590 4
0.049019 0.081209 0.024689 5
0.156977 0.364434 0.167930 5
-0.153987 0.301218 -0.537981 4
0.000580 -0.098907 0.058471 0
-0.148385 0.319188 -0.616551 4
-0.006606 0.101613 -0.163336 4
-0.344093 0.156589 0.594690 3
-0.004127 0.095916 0.099071 5
0.012234 -0.023044 0.274178 1
0.072645 0.291441 0.151824 5
0.052740 0.006832 -0.069894 4
0.045755 0.068975 -0.146691 4
0.028162 -0.025883 0.031106 5
0.041902 0.010494 0.270621 1
-0.018528 0.161358 -0.227199 4
0.130430 -0.110578 -0.193627 2
0.019354 0.015865 0.001153 5
-0.066991 0.152830 -0.179046 4
0.208527 0.436272 0.234692 5
-0.205128 0.169325 0.450601 3
0.220149 -0.276027 -0.505321 2
0.116597 -0.102191 -0.235159 2
-0.013741 0.138687 0.120562 5
0.072315 0.152714 0.053190 5
-0.016050 0.059318 0.012076 6
0.189409 -0.199806 -0.483089 2
0.117823 0.300231 0.140027 5
0.068669 0.152739 0.026009 5
-0.007912 -0.042479 0.020668 5
-0.048031 0.012567 0.205201 3
-0.544945 0.126223 0.803628 3
-0.007640 -0.254223 0.125312 1
0.089379 0.210696 0.074558 5
0.148981 0.342291 0.141735 5
-0.003248 -0.055993 0.004855 0
-0.025696 0.272132 -0.451503 4
-0.000966 -0.192785 0.047497 0
0.018008 0.094606 -0.157460 4
0.065274 0.159650 -0.242588 4
-0.023851 -0.068678 0.038815 5
0.017061 0.123577 0.104235 5
0.323526 -0.402347 -0.566049 2
0.166664 -0.103532 -0.342225 2
-0.172865 0.135482 0.458273 3
-0.156296 0.312919 -0.688305 4
-0.007359 -0.015055 0.041280 5
-0.033118 0.103630 0.000076 6
-0.299673 0.150613 0.577441 3
0.077633 0.188413 0.036955 5
0.029167 -0.174481 0.017617 0
0.004084 0.170241 -0.255170 4
-0.137427 0.108001 0.307216 3
0.015863 -0.033537 0.071198 5
0.011156 0.126628 -0.192298 4
0.023558 -0.221702 0.010722 0
-0.025392 -0.080934 0.234568 1
0.008323 -0.326325 0.045903 0
0.071193 0.181297 0.089768 5
0.027205 -0.443040 0.018284 0
-0.015528 -0.014715 0.177945 3
-0.264102 0.145263 0.550515 3
0.113847 0.270468 0.110230 5
0.125814 0.291020 0.110934 5
0.016386 -0.155461 0.092041 3
-0.178620 0.310445 -0.682845 4
0.040250 -0.349607 0.001890 0
-0.033199 -0.087673 0.001881 4
0.007502 -0.263994 0.111085 1
-0.035840 0.246602 -0.381083 4
0.124651 0.335339 0.160539 5
0.017919 -0.127765 0.061257 0
-0.112728 0.294105 -0.471913 4
-0.172783 0.157806 0.420307 3
0.048206 0.084987 0.067453 5
-0.014353 -0.127813 0.149014 1
0.176155 -0.152865 -0.443125 2
-0.003533 0.215260 -0.394691 4
-0.019068 0.225958 -0.356459 4
0.027289 -0.013201 0.304814 1
0.151565 -0.102869 -0.313738 2
-0.004371 0.028572 -0.097885 4
0.015259 -0.444713 0.045553 0
0.032056 -0.192826 -0.080017 2
-0.047612 -0.013504 0.175400 3
0.003524 -0.287544 0.103744 1
0.006183 -0.254161 0.032833 0
-0.111690 0.103380 0.406472 3
0.045440 0.176062 0.111870 5
0.281282 -0.336490 -0.546302 2
-0.024712 -0.075943 0.268744 1
0.060320 0.124964 -0.185701 4
-0.040311 0.076387 -0.126526 4
-0.260882 0.173475 0.524002 3
-0.018764 0.059048 0.085900 5
-0.085608 0.287367 -0.344644 4
-0.040614 0.224730 -0.314636 4
-0.005526 0.015289 0.077528 5
-0.000311 -0.329054 0.111804 1
0.061795 0.116901 0.032077 5
-0.073122 0.088329 0.363186 3
0.166838 0.430517 0.226557 5
-0.139104 0.130942 0.348835 3
0.013172 -0.396515 0.042926 0
0.032120 0.011292 -0.080218 4
0.032114 -0.351026 0.040565 0
0.008269 -0.207770 0.123604 1
-0.040995 0.217768 -0.284287 4
0.062961 0.039401 -0.131088 4
-0.037983 0.062634 -0.106069 4
0.083772 0.314880 0.159977 5
0.025412 -0.308075 0.054239 0
0.015210 0.188419 -0.335501 4
0.197045 -0.220638 -0.492776 2
0.014242 -0.045408 -0.059882 4
0.075876 0.341326 0.174386 5
-0.023227 0.008054 0.031484 5
-0.004489 0.232853 -0.443078 4
-0.028764 0.034411 0.028568 6
-0.111497 0.097375 0.306086 3
-0.091096 0.297628 -0.507473 4
0.011499 -0.016574 0.175167 3
0.273691 -0.376537 -0.537798 2
-0.080277 0.075462 0.285328 3
-0.059165 0.047441 0.255106 3
-0.014180 0.161869 -0.247956 4
0.017679 -0.336862 0.025066 0
0.014537 -0.072186 -0.046486 4
-0.400865 0.131959 0.637771 3
0.334757 -0.481878 -0.558706 2
-0.189451 0.116482 0.509327 3
0.030480 -0.436796 0.058163 0
-0.206156 0.108440 0.524694 3
-0.000244 0.168538 0.145770 5
-0.138754 0.326558 -0.683633 4
-0.316148 0.132122 0.593783 3
-0.024185 0.141813 -0.193311 4
-0.015334 0.268497 -0.467849 4
0.017207 -0.408769 0.068214 0
0.023139 -0.203214 0.055671 0
0.018586 -0.037677 0.241842 1
-0.031372 -0.087776 0.254565 1
0.064442 0.046857 0.328280 1
-0.097175 0.095904 0.327018 3
0.104949 0.240626 0.081610 5
0.024615 0.160264 -0.235333 4
-0.015083 -0.163670 0.082394 3
-0.076294 -0.012800 0.184775 3
-0.112523 0.095002 0.429669 3
0.022480 -0.268621 0.057772 0
-0.169526 0.301410 -0.748713 4
0.231718 -0.166419 -0.446481 2
-0.037536 0.177082 -0.218625 4
0.008641 0.001033 0.220994 1
0.029136 -0.326345 -0.010609 0
-0.022884 0.023928 0.076838 5
0.271581 -0.273116 -0.529700 2
-0.527883 0.130007 0.781846 3
-0.530996 0.131693 0.762095 3
0.239990 -0.242777 -0.504792 2
0.031578 -0.018855 0.286150 1
-0.039237 -0.136193 0.169610 1
0.245855 -0.351971 -0.519719 2
-0.001812 -0.063965 0.162455 1
-0.131676 0.117885 0.406720 3
0.065410 -0.179814 -0.074053 2
0.015980 0.077504 0.090649 5
0.017696 -0.222276 -0.062335 2
0.027628 -0.292343 -0.018686 2
0.081874 0.200883 0.090654 5
-0.066184 0.288687 -0.471903 4
-0.007794 0.042437 0.256239 3
0.006311 0.208631 -0.414112 4
-0.018097 -0.041067 -0.047274 4
0.024007 0.046179 -0.113466 4
0.017904 -0.252497 -0.039345 2
0.024816 -0.292715 0.018700 0
0.002372 -0.136175 0.102819 3
-0.015911 -0.076498 0.141122 3
-0.272050 0.125608 0.570319 3
0.035763 0.001469 0.249162 1
-0.073166 0.086555 0.326368 3
0.013093 -0.004577 0.240198 1
-0.037114 0.152687 -0.010870 6
-0.048138 0.098437 -0.148551 4
-0.040950 0.312832 -0.527567 4
-0.032336 -0.005659 -0.068544 4
0.024865 -0.177393 0.080751 3
0.225723 -0.192602 -0.476772 2
0.035105 0.042452 0.334609 1
-0.021989 -0.047440 0.168156 1
0.077408 0.169646 0.060101 5
-0.083063 0.038562 0.210809 3
0.088923 0.273694 0.139291 5
-0.010972 -0.099995 0.133683 1
0.102260 0.266026 0.125506 5
-0.017548 0.199307 -0.300596 4
0.189401 -0.121311 -0.387273 2
-0.050980 -0.029780 -0.052901 4
-0.063595 0.315836 -0.529647 4
-0.033085 -0.153344 0.082245 3
0.183961 0.405000 0.205345 5
-0.003511 -0.061499 0.197222 1
-0.089258 0.282013 -0.385502 4
0.060127 0.095354 -0.170233 4
-0.050319 0.224019 -0.250892 4
0.099997 -0.105161 -0.227183 2
0.042363 0.165324 -0.250536 4
-0.017672 -0.235966 0.127353 1
0.197231 -0.135984 -0.407662 2
0.036875 -0.415883 0.037795 0
0.026898 0.196964 0.141040 5
-0.004959 0.024170 0.025464 6
0.036020 0.033623 0.271200 1
0.109952 0.312811 0.151215 5
0.003706 -0.026109 -0.000536 0
-0.018859 -0.142415 0.093937 3
-0.007210 0.014997 0.227924 3
0.026870 -0.063516 0.054102 5
-0.022795 -0.098033 0.241310 1
0.233444 -0.293121 -0.515017 2
0.007286 -0.185742 0.011160 0
0.182718 -0.176919 -0.467404 2
0.006842 0.196617 -0.371640 4
0.026984 -0.452493 0.074809 0
-0.106631 0.341021 -0.618124 4
0.038806 0.035705 0.031830 5
-0.378257 0.152884 0.622457 3
0.054616 0.096738 0.033027 5
0.005840 -0.018672 0.307092 1
-0.430182 0.132903 0.658567 3
-0.088115 0.066432 0.242029 3
0.132437 -0.101166 -0.255924 2
-0.016686 -0.106934 0.117101 3
0.023541 -0.087622 0.026175 5
0.255623 -0.270785 -0.518851 2
0.002658 -0.049918 0.066957 5
-0.299481 0.109761 0.593680 3
0.222885 0.456961 0.257105 5
0.010332 -0.368648 0.061593 0
-0.105014 0.077858 0.254734 3
-0.033294 0.016552 -0.077728 4
-0.029973 0.262932 -0.423294 4
-0.153998 0.128352 0.430537 3
0.013647 -0.465485 0.054603 0
0.065734 0.067504 -0.159011 4
-0.207530 0.160936 0.478780 3
0.031238 -0.145761 0.096367 3
0.132637 0.384986 0.190470 5
0.026610 -0.135099 -0.002914 4
0.083195 0.188925 0.054649 5
0.205429 -0.171034 -0.458434 2
-0.039320 0.038658 -0.085075 4
-0.039668 0.050046 0.254153 3
0.040779 -0.418002 -0.000971 0
-0.057980 0.207792 -0.223834 4
-0.230546 0.109583 0.544769 3
-0.020498 -0.195158 0.055117 0
-0.048322 0.124474 -0.167917 4
0.223419 -0.152900 -0.429546 2
0.025734 -0.387684 0.017909 0
0.032751 -0.261271 -0.014424 2
-0.486163 0.120747 0.713440 3
0.269517 -0.408429 -0.533818 2
0.257210 -0.245233 -0.509755 2
0.043055 -0.452907 0.009938 0
-0.127043 0.117776 0.334337 3
-0.047329 0.076565 0.306015 3
0.034106 -0.055904 -0.018252 4
-0.033686 -0.176899 0.143066 1
-0.088310 0.322900 -0.559821 4
-0.161027 0.145768 0.413872 3
0.008426 -0.033757 0.205783 1
-0.064651 0.270158 -0.408715 4
0.017607 -0.019520 0.010071 5
0.058920 0.029139 -0.105641 4
0.011523 -0.352510 0.097126 1
-0.047137 0.167126 -0.199682 4
0.017139 -0.112096 0.110229 3
-0.135030 0.112359 0.435461 3
-0.082503 0.278413 -0.407428 4
-0.140131 0.135132 0.370762 3
0.225182 -0.315912 -0.513195 2
-0.031832 0.210754 -0.321537 4
0.038225 -0.400501 0.022992 0
0.348331 -0.515625 -0.572435 2
-0.062508 0.085746 0.342744 3
0.255545 -0.307448 -0.529879 2
0.165732 0.376949 0.177124 5
0.022008 -0.074687 0.120895 3
-0.062006 0.254633 -0.328179 4
-0.107067 0.296642 -0.394162 4
-0.057217 -0.162085 0.165832 1
0.284488 -0.301689 -0.542435 2
0.022379 -0.218594 0.065062 3
-0.007156 -0.064098 -0.034797 4
0.204729 -0.235914 -0.497535 2
-0.007936 -0.077814 0.233838 1
0.167977 -0.134244 -0.415705 2
0.021930 -0.041144 0.024088 5
-0.083588 0.001503 0.192225 3
-0.065675 0.023797 0.204649 3
-0.169466 0.297210 -0.783195 4
0.353450 -0.484238 -0.575882 2
-0.080936 0.283120 -0.444044 4
0.025363 0.180226 -0.351543 4
0.006659 -0.162283 0.001986 0
-0.220124 0.118419 0.530916 3
0.064316 0.306306 0.165929 5
0.010115 -0.054145 0.248889 1
0.311841 -0.453480 -0.545401 2
-0.071220 0.060902 0.261680 3
-0.071688 0.044647 0.226491 3
-0.032614 0.192954 -0.255779 4
-0.057244 0.039311 0.235390 3
-0.017149 -0.203765 0.133543 1
-0.115123 0.114390 0.370537 3
-0.255590 0.107799 0.566986 3
0.046653 0.233602 0.141700 5
-0.140395 0.322998 -0.631935 4
-0.033953 0.067508 0.010465 6
0.032376 0.174948 -0.314803 4
0.046986 0.039172 0.298890 1
0.200043 0.419422 0.214435 5
0.060785 -0.135500 -0.142452 2
-0.047752 0.001987 0.190587 3
0.043856 -0.237874 -0.053475 2
-0.046327 0.234834 -0.335070 4
-0.056260 0.247468 -0.299062 4
-0.156758 0.107787 0.485611 3
0.206382 0.447217 0.248085 5
-0.056840 0.273176 -0.430919 4
-0.033344 -0.021494 0.182899 3
0.160947 -0.140700 -0.431651 2
-0.161652 0.154031 0.379334 3
-0.003935 -0.171456 0.133328 1
0.126189 0.354877 0.170302 5
-0.008806 -0.315805 0.104414 1
0.141313 0.326864 0.136624 5
-0.015784 0.257899 -0.443967 4
0.033456 -0.208971 -0.067491 2
-0.149016 0.317623 -0.718900 4
-0.037982 -0.069149 0.126727 3
0.124699 -0.105192 -0.322482 2
-0.013644 -0.287363 0.110670 1
0.003995 0.000834 0.076615 5
0.019489 -0.434639 0.032105 0
-0.018250 -0.100042 -0.002888 4
-0.017930 -0.027004 0.033002 5
-0.315349 0.160008 0.582004 3
-0.146867 0.312198 -0.580651 4
0.025966 -0.120038 0.037851 0
0.052965 0.162851 -0.278681 4
-0.044103 -0.041705 0.148438 3
0.008221 -0.451423 0.088814 0
0.023437 0.120485 -0.181562 4
0.024997 -0.019814 0.241751 1
0.145033 0.318132 0.107480 5
-0.073722 0.266248 -0.343216 4
-0.018479 -0.048749 0.053998 5
-0.140536 0.305136 -0.551788 4
0.040454 0.045042 0.069382 5
0.019262 -0.163703 0.053535 0
0.008726 -0.415841 0.097079 0
0.042762 -0.134939 0.017693 0
-0.488732 0.136338 0.723571 3
0.002910 -0.145418 0.053734 0
0.198247 -0.151169 -0.436313 2
0.160376 -0.110756 -0.356631 2
0.043489 -0.316066 -0.017861 2
-0.008196 0.058664 -0.120421 4
0.082824 -0.089726 -0.277577 2
-0.112721 0.087076 0.283512 3
0.015604 -0.191308 0.077110 3
-0.005896 -0.200188 0.067645 3
0.333005 -0.452359 -0.560396 2
-0.132465 0.095459 0.471744 3
0.043428 -0.279791 -0.025967 2
0.035951 -0.070924 -0.010389 4
0.026272 -0.254266 0.025170 0
-0.006572 -0.012352 0.070674 5
0.248644 -0.326300 -0.524251 2
0.083093 -0.154596 -0.084735 2
0.001528 -0.039860 0.151663 3
0.013005 -0.434456 0.058859 0
0.044663 0.052272 0.046580 5
0.195243 0.402354 0.183121 5
-0.065521 -0.034297 0.154681 3
0.110588 -0.103341 -0.350469 2
-0.337136 0.145057 0.605977 3
-0.041058 0.075255 0.334674 3
-0.022930 0.124485 0.001487 6
-0.013184 -0.056172 0.210714 1
-0.043279 0.279894 -0.450742 4
-0.227438 0.132492 0.523277 3
0.168586 -0.101280 -0.307181 2
0.057392 0.119506 0.068602 5
0.026181 -0.091956 0.046351 5
0.050715 0.193084 0.117367 5
-0.039789 0.233076 -0.024984 6
0.165386 -0.122191 -0.386829 2
0.030081 0.001210 0.076708 5
0.045395 -0.015582 -0.039816 4
0.148111 0.398560 0.200132 5
-0.106719 0.107473 0.338640 3
-0.448336 0.126574 0.673925 3
-0.032816 0.050170 -0.096132 4
-0.019090 -0.254031 0.103486 1
0.006425 -0.434425 0.074251 0
-0.034426 0.000806 0.062215 5
-0.015829 0.002101 0.017082 5
0.016188 0.002322 -0.080363 4
0.157036 -0.099937 -0.270677 2
-0.089871 0.312575 -0.539468 4
0.099169 0.226509 0.074806 5
0.017029 0.176216 -0.271048 4
-0.023119 -0.163315 0.148411 1
0.052122 0.051183 -0.135771 4
-0.019532 -0.071143 0.197830 1
-0.119646 0.112337 0.393797 3
0.028431 -0.244060 0.038510 0
0.026309 -0.423761 0.015473 0
-0.047171 0.299337 -0.495317 4
0.246828 0.476632 0.271165 5
-0.000684 -0.072545 0.146506 1
0.002562 -0.243772 0.053805 0
0.016090 -0.087767 -0.039078 4
0.017044 -0.012024 0.211140 1
0.009127 -0.238025 0.072265 3
0.008080 -0.308207 0.038673 0
-0.386749 0.131406 0.629115 3
-0.121714 0.337315 -0.653516 4
0.020013 -0.416460 0.084490 0
0.038477 -0.006017 0.278394 1
0.093027 -0.128476 -0.133290 2
-0.000095 -0.112157 0.135911 1
-0.032270 -0.096046 0.111894 3
0.307004 -0.401875 -0.559112 2
0.016536 0.185374 -0.314950 4
-0.048392 0.291720 -0.478985 4
-0.038750 -0.104734 0.212812 1
0.099915 -0.112995 -0.178353 2
-0.253493 0.134742 0.543782 3
0.135440 -0.124507 -0.414046 2
0.034614 -0.244699 -0.039179 2
0.081115 -0.123929 -0.162818 2
-0.030425 -0.047740 0.024250 6
-0.140815 0.132593 0.399135 3
-0.180382 0.147861 0.450668 3
-0.121223 0.309171 -0.552385 4
0.026279 -0.106848 -0.012992 4
-0.066512 0.167918 -0.185327 4
-0.153928 0.146672 0.399150 3
0.010806 0.186419 -0.297883 4
0.166113 -0.178667 -0.472479 2
0.008194 0.053561 -0.124964 4
-0.005051 0.009778 -0.083279 4
-0.026168 -0.085457 0.205104 1
-0.115364 0.297702 -0.409393 4
0.008696 -0.171663 0.087304 3
0.160539 0.346443 0.127465 5
0.118284 -0.102299 -0.291322 2
0.034134 -0.365254 0.032988 0
-0.130531 0.299426 -0.451720 4
0.043064 -0.388081 -0.004809 0
-0.027373 0.009407 0.206415 3
0.188930 0.432613 0.233273 5
0.054423 -0.221357 -0.047068 2
0.032416 -0.336746 0.032946 0
0.024274 0.137846 0.106726 5
-0.002959 -0.035130 0.219822 1
0.024587 0.016964 0.298465 1
-0.360549 0.144942 0.622473 3
0.026674 -0.344069 0.054078 0
-0.046691 -0.120892 0.205972 1
0.197305 -0.253430 -0.500476 2
0.028118 -0.416751 0.059448 0
0.186520 0.390358 0.168387 5
0.037476 0.116933 0.094815 5
-0.046476 0.224954 -0.270990 4
0.031409 -0.453395 0.059024 0
-0.023153 0.081836 0.092205 5
-0.007274 -0.002972 0.198500 3
0.057782 0.081431 -0.162184 4
0.123436 -0.112388 -0.179324 2
0.088825 -0.145828 -0.096859 2
0.029600 -0.279417 0.033243 0
0.061127 0.175217 0.104190 5
0.003502 -0.120468 0.109601 3
0.067672 -0.104850 -0.212093 2
0.034392 0.024265 0.074384 5
-0.029908 0.193060 -0.271550 4
0.007620 -0.113165 -0.020329 4
0.045819 -0.062848 0.002752 4
-0.014515 -0.105949 0.167200 1
-0.048337 -0.135414 0.183254 1
0.001139 -0.063358 0.233800 1
-0.071813 0.303093 -0.507778 4
0.273174 -0.350778 -0.538390 2
0.073216 0.018290 -0.098201 4
-0.062133 0.326520 -0.551232 4
-0.200737 0.131207 0.501508 3
-0.008906 -0.106697 0.018573 0
-0.172356 0.116624 0.490949 3
-0.024632 0.042383 0.249325 3
-0.181473 0.133201 0.471468 3
-0.012607 -0.054177 0.032628 5
-0.415455 0.131665 0.647145 3
-0.003692 0.190465 -0.291036 4
-0.021445 0.245278 -0.395408 4
0.009600 0.029418 -0.105395 4
0.003750 -0.027240 0.234308 1
-0.004994 -0.027237 0.198235 1
0.046183 0.067971 0.032943 5
0.066744 0.133236 0.038055 5
0.056091 -0.020944 -0.020474 4
0.030704 -0.181436 0.053129 0
-0.016355 -0.114407 0.003486 0
-0.084384 0.057531 0.229488 3
-0.003088 -0.301198 0.099274 1
-0.018371 -0.062383 0.156353 1
0.034556 0.001115 0.038274 5
-0.000170 -0.218642 0.044637 0
0.029378 -0.020060 0.069536 5
0.097169 0.365290 0.185579 5
0.289292 -0.409866 -0.544981 2
0.009188 0.034430 0.082585 5
-0.006916 -0.070981 0.177760 1
0.059375 -0.231918 -0.024772 2
-0.006024 -0.163660 0.025876 0
0.023679 -0.163612 0.001180 0
-0.039857 0.061043 0.269877 3
0.023319 -0.253053 0.055430 0
-0.104497 0.299626 -0.515527 4
0.031578 -0.319060 0.032036 0
-0.047115 0.228587 -0.299165 4
0.058182 0.275466 0.153216 5
0.068131 0.247402 0.134935 5
0.160020 -0.104156 -0.328009 2
0.026146 -0.215118 0.045881 0
0.037996 -0.164793 0.040104 0
0.042226 -0.443764 0.022682 0
0.008477 -0.326183 0.061678 0
-0.012144 -0.063289 0.262390 1
-0.155733 0.315765 -0.603151 4
-0.178811 0.101696 0.516030 3
-0.515430 0.132331 0.749671 3
-0.183770 0.292675 -0.750549 4
-0.163488 0.308186 -0.702937 4
-0.285412 0.107689 0.586811 3
0.025359 0.166525 0.119303 5
0.038157 -0.172157 -0.098500 2
0.022141 -0.095455 -0.023237 4
-0.149338 0.318516 -0.667372 4
-0.011851 0.045030 0.016714 6
0.049522 0.024400 0.306681 1
0.064479 -0.167574 -0.090516 2
-0.312695 0.142796 0.580889 3
0.165285 0.412309 0.213000 5
0.009649 -0.351955 0.061489 0
0.040894 -0.335169 -0.003856 0
0.042639 0.073298 0.076046 5
0.004082 -0.401016 0.096789 0
0.031761 -0.460409 0.017526 0
0.125109 0.283566 0.083422 5
0.124907 0.296942 0.126600 5
-0.007582 -0.088048 0.147285 1
-0.032733 -0.120241 0.100085 3
-0.329226 0.123233 0.597169 3
0.051193 -0.146269 -0.127061 2
-0.013411 -0.046597 0.155282 3
-0.062870 0.081482 0.314073 3
-0.156310 0.098636 0.499494 3
0.009614 -0.336606 0.097631 1
0.001920 -0.384499 0.085946 0
0.022403 0.009763 0.278153 1
-0.136734 0.105087 0.451327 3
0.011632 -0.228280 0.017993 0
-0.004226 -0.192353 0.129900 1
-0.055883 0.142133 -0.178958 4
-0.022996 0.072588 0.298234 3
0.019194 0.023635 0.270219 1
0.139951 -0.101532 -0.291914 2
-0.156688 0.119293 0.458428 3
-0.047457 0.017550 0.220267 3
0.010140 0.180488 0.143105 5
0.065017 -0.199735 -0.053709 2
-0.098539 0.292820 -0.479537 4
0.031510 -0.376601 0.045826 0
-0.032094 -0.192720 0.136382 1
-0.015126 0.183592 -0.275783 4
-0.025785 0.097406 -0.152114 4
0.172872 0.369417 0.147077 5
0.057322 0.118499 0.016007 5
-0.003154 -0.235559 0.121687 1
0.027975 -0.359783 0.002343 0
0.132166 -0.111743 -0.358841 2
-0.007649 0.060179 0.024910 6
0.099859 0.289664 0.140751 5
0.134762 -0.108265 -0.208174 2
-0.064484 0.070410 0.285253 3
0.096006 -0.096542 -0.270205 2
-0.050071 0.002434 -0.073167 4
-0.174403 0.284912 -0.812126 4
-0.061112 0.262816 -0.387239 4
-0.107604 0.293077 -0.422459 4
-0.003621 -0.048796 0.254377 1
0.016923 -0.401226 0.082080 0
0.014892 -0.045781 0.276435 1
-0.034081 -0.031249 0.045701 5
-0.285350 0.119666 0.575013 3
0.017402 -0.023276 -0.062435 4
-0.242452 0.161771 0.515797 3
0.005124 -0.463829 0.075999 0
-0.084651 0.093164 0.385355 3
-0.351334 0.127294 0.616763 3
0.125123 -0.114887 -0.379143 2
0.003665 -0.037944 0.262346 1
-0.127764 0.295768 -0.479847 4
0.174846 -0.164832 -0.458598 2
-0.042379 -0.056710 0.134395 3
0.048326 0.088804 0.011363 5
0.140174 -0.107872 -0.322571 2
-0.019430 -0.134298 0.025642 0
0.038431 -0.156293 0.025389 0
0.039645 0.122780 -0.180389 4
0.011473 -0.292716 0.068954 0
-0.027095 0.046256 0.081536 5
0.017374 -0.005021 0.262530 1
-0.039797 0.088589 -0.140452 4
-0.020435 -0.084313 0.033028 5
-0.025432 0.124761 0.115255 5
-0.025342 -0.080223 0.219362 1
-0.062689 0.076251 0.363655 3
0.026501 0.152363 -0.220912 4
0.010887 0.159331 0.122282 5
-0.054136 -0.171107 0.154033 1
-0.181117 0.283504 -0.783500 4
0.027543 0.008284 0.017693 5
-0.025134 0.088464 0.004068 6
0.076003 -0.109033 -0.196775 2
-0.046107 0.033961 0.067471 5
0.002403 -0.077269 0.062366 5
-0.200853 0.100414 0.536893 3
0.043777 0.066141 0.018104 5
0.348882 -0.500319 -0.570139 2
0.240745 -0.280073 -0.512650 2
0.271145 0.503935 0.302010 5
0.019464 -0.204490 0.070757 3
0.091173 -0.123469 -0.147439 2
0.080991 -0.103351 -0.220268 2
0.224758 -0.210914 -0.488430 2
0.060473 -0.116528 -0.178465 2
0.029456 -0.308228 -0.018715 2
0.011321 -0.048256 0.233917 1
0.028565 0.035951 0.321526 1
0.025826 -0.229561 -0.018522 2
0.032148 0.100963 -0.163281 4
-0.395652 0.114462 0.651422 3
-0.105359 0.328749 -0.588221 4
0.019072 -0.099694 0.067327 5
0.022113 -0.005186 0.010708 5
-0.128203 0.123937 0.370469 3
-0.257212 0.150092 0.538058 3
0.076612 0.176523 0.074340 5
0.027952 -0.314112 0.010160 0
-0.006996 0.233302 -0.422665 4
0.318658 -0.418090 -0.558088 2
0.030933 -0.344282 -0.010892 0
0.055876 0.142920 0.089871 5
0.064859 0.141138 0.068968 5
-0.113849 0.315662 -0.567393 4
-0.045244 -0.111994 0.226219 1
0.003727 0.116841 0.105238 5
-0.293266 0.140194 0.568819 3
-0.156202 0.318438 -0.631433 4
-0.245447 0.118173 0.551707 3
-0.083551 0.294486 -0.494747 4
-0.016859 0.019910 -0.084547 4
-0.026778 -0.214380 0.118390 1
0.024791 0.136688 -0.199410 4
0.001060 0.200082 -0.334186 4
-0.007554 -0.070242 0.010451 0
0.050653 0.041892 -0.121894 4
-0.029272 -0.107223 0.226490 1
0.015763 0.009693 0.326935 1
-0.214816 0.153785 0.499868 3
0.052763 -0.204193 -0.063736 2
0.026580 -0.030292 0.278078 1
-0.008870 -0.119835 0.117769 3
-0.020101 -0.082826 0.178220 1
-0.000427 -0.069383 0.249441 1
0.067424 0.005191 -0.068662 4
-0.372513 0.117358 0.626363 3
-0.014591 0.093865 0.016265 6
0.038622 0.204532 0.133382 5
-0.182380 0.269993 -0.841057 4
-0.005260 -0.328736 0.097873 1
-0.011456 -0.010923 -0.067295 4
-0.062484 0.199935 -0.212164 4
-0.011241 -0.090978 -0.013867 4
-0.033982 -0.228615 0.122441 1
0.058536 -0.168116 -0.105159 2
-0.008043 -0.049050 0.225635 1
-0.010486 -0.128287 0.038611 0
-0.027703 0.044713 0.012297 6
0.042815 0.254677 0.162433 5
-0.034239 0.205082 -0.278855 4
-0.003435 0.053335 0.086097 5
-0.123213 0.103616 0.435524 3
0.047518 -0.265026 -0.018087 2
-0.083847 0.080699 0.298580 3
-0.097687 0.092383 0.306420 3
0.036458 -0.400760 0.037568 0
0.099977 -0.094777 -0.314650 2
0.204480 -0.284689 -0.506989 2
0.110133 0.254259 0.090146 5
-0.230311 0.164709 0.506955 3
0.059841 0.108732 -0.176183 4
-0.091514 0.285331 -0.422548 4
0.168617 0.389449 0.189614 5
-0.140912 0.121097 0.419215 3
-0.122391 0.322443 -0.594392 4
0.023986 -0.192334 0.010035 0
0.088530 -0.113670 -0.190855 2
-0.196964 0.143149 0.481055 3
0.000181 -0.027656 0.162288 3
0.062538 0.160705 0.089702 5
0.133058 0.333804 0.148707 5
-0.022932 -0.106161 0.189510 1
0.212566 -0.186326 -0.471583 2
0.016350 -0.003623 0.305871 1
0.052737 0.103868 0.069534 5
0.037680 -0.041782 -0.018482 4
0.051619 0.029712 0.326276 1
-0.099296 0.095213 0.406543 3
0.154218 0.349945 0.152919 5
-0.041835 -0.012083 0.046315 5
0.010543 -0.062555 0.130372 3
0.000542 -0.351178 0.108662 1
0.028065 -0.025643 0.262279 1
0.075822 -0.145791 -0.111819 2
0.158246 -0.155488 -0.451331 2
-0.134186 0.297401 -0.508885 4
0.036353 0.059212 0.003821 5
0.019571 -0.396012 0.028030 0
-0.029766 -0.113044 0.205114 1
0.033234 -0.230105 0.049279 0
0.306115 -0.434061 -0.545254 2
-0.015199 0.247414 -0.415727 4
0.000051 -0.200152 0.033539 0
0.007821 -0.062295 0.011593 5
-0.561219 0.125556 0.802975 3
0.211893 -0.220814 -0.491428 2
0.011063 -0.139538 -0.016568 4
-0.104250 0.104953 0.370894 3
0.043189 0.009069 0.284894 1
0.091131 0.218685 0.050092 5
-0.003371 -0.178630 0.046395 0
-0.008758 0.226157 -0.386872 4
0.019881 0.179247 -0.286075 4
0.001181 -0.359665 0.090141 1
0.088181 0.203409 0.060916 5
0.024175 0.110045 -0.171052 4
-0.016942 0.061562 0.274086 3
0.032238 -0.220723 -0.059348 2
0.006370 -0.015251 0.226880 1
-0.023343 0.095064 0.097633 5
-0.040628 -0.053629 -0.024390 4
0.010516 -0.346195 0.075769 0
0.031942 0.096502 0.091491 5
0.074622 -0.098620 -0.242098 2
-0.013821 0.216236 -0.343197 4
-0.352653 0.141864 0.607896 3
0.009961 -0.033912 -0.068365 4
-0.026486 0.029955 0.232730 3
0.006949 -0.278859 0.034104 0
0.183315 -0.228595 -0.496242 2
0.083690 0.287268 0.143906 5
0.013605 -0.357370 0.033199 0
0.028403 -0.408191 0.010086 0
0.024443 -0.377074 0.061209 0
-0.008475 -0.049209 0.286180 1
-0.188037 0.258388 -0.871244 4
0.182774 -0.109759 -0.363490 2
0.031532 -0.273536 -0.032576 2
0.004645 -0.093139 -0.027037 4
-0.031386 -0.042088 -0.042435 4
0.000811 -0.279316 0.115241 1
0.010747 -0.337584 0.037639 0
0.028849 -0.380340 0.002351 0
-0.045844 -0.201549 0.130661 1
-0.179490 0.155134 0.435118 3
0.008518 0.088574 0.095316 5
0.321274 -0.481009 -0.553353 2
0.005442 -0.287693 0.046531 0
0.034889 0.001934 0.312254 1
0.009243 -0.229482 0.118727 1
-0.039767 0.259269 -0.406232 4
0.001928 -0.047019 0.197788 1
0.038049 0.036335 0.285897 1
-0.055925 0.246648 -0.278522 4
-0.018717 -0.018813 0.063221 5
-0.053809 0.284233 -0.459065 4
-0.046167 0.058382 0.077393 5
0.045858 -0.112611 0.010642 4
-0.076375 0.270417 -0.371963 4
-0.027135 0.282350 -0.472178 4
-0.011278 -0.142848 0.018006 0
-0.141777 0.300246 -0.531066 4
-0.091035 0.077504 0.276502 3
-0.014957 -0.063853 0.227075 1
0.010348 -0.111463 0.061059 0
0.098630 -0.094669 -0.287353 2
-0.015056 -0.263634 0.117958 1
-0.034747 0.151589 -0.194228 4
-0.012648 -0.107135 0.045589 0
0.061271 0.118480 0.046030 5
0.099955 0.240980 0.097860 5
0.041682 -0.394926 0.010569 0
0.082441 0.234464 0.123765 5
0.106651 0.346947 0.169092 5
0.024792 0.183140 0.131135 5
0.042224 -0.459013 0.032772 0
0.027955 -0.063516 0.033346 5
0.032993 -0.014106 -0.055443 4
0.039335 0.232567 0.154907 5
0.073223 0.124592 -0.191112 4
-0.036465 0.178000 -0.016036 6
-0.021338 0.149872 -0.206247 4
-0.441829 0.140895 0.687600 3
-0.154717 0.112322 0.471414 3
-0.003447 0.219073 -0.415308 4
-0.203914 0.160773 0.465281 3
0.028989 -0.203766 0.038288 0
-0.025246 0.076076 -0.131385 4
0.003749 -0.203481 0.081335 3
-0.084413 0.096207 0.355748 3
0.239029 -0.179117 -0.459960 2
0.002887 0.135671 -0.206249 4
0.092169 0.341029 0.170668 5
0.009093 -0.062253 0.066413 5
0.033499 -0.027322 0.046193 5
-0.015381 0.205243 -0.312991 4
0.253720 -0.214070 -0.489060 2
-0.420419 0.115236 0.668150 3
-0.091465 0.290702 -0.356778 4
0.117898 0.270336 0.076101 5
-0.072514 0.275353 -0.315163 4
-0.127715 0.111994 0.321770 3
0.042661 0.168373 -0.271262 4
0.015775 0.188878 -0.356507 4
0.002793 -0.310538 0.112009 1
-0.106278 0.080744 0.270235 3
0.036855 -0.446191 0.046190 0
0.118590 0.323263 0.153909 5
-0.002674 0.003099 0.027813 5
-0.119399 0.296735 -0.500080 4
0.006224 -0.272303 0.060312 0
0.016531 0.047483 0.084011 5
-0.046144 -0.071379 0.113322 3
-0.014548 0.108298 0.103063 5
0.040326 -0.352748 -0.016381 0
0.147058 0.375228 0.179710 5
-0.031548 -0.044838 0.156165 3
-0.552297 0.122429 0.817834 3
0.015279 -0.039051 0.141645 3
-0.089326 0.280865 -0.371785 4
-0.328809 0.158939 0.584667 3
-0.018419 0.073374 0.010296 6
-0.003847 -0.134029 0.118178 1
0.043511 -0.139747 -0.141378 2
0.045231 0.145243 0.099945 5
0.015412 0.189036 -0.379339 4
0.022830 -0.326659 0.060523 0
0.038323 -0.174657 0.080910 3
0.001789 -0.038319 -0.055449 4
0.043055 0.027726 -0.097794 4
0.046941 -0.253118 -0.034150 2
0.052582 0.134903 -0.191113 4
0.041401 0.051296 -0.126659 4
0.003464 -0.021616 0.071599 5
0.007200 -0.171004 0.125285 1
0.050825 0.124632 0.089854 5
-0.029909 -0.112502 0.177928 1
-0.032665 -0.091769 0.226879 1
-0.040826 -0.147724 0.162460 1
0.132156 -0.102270 -0.242318 2
0.010896 -0.091171 0.120216 3
0.029431 -0.344568 0.022165 0
0.006355 -0.379134 0.104606 1
-0.019754 0.285333 -0.494339 4
0.039325 -0.292835 -0.011680 2
0.015464 -0.409081 0.038134 0
0.016472 -0.191615 0.058233 3
-0.217599 0.135528 0.507622 3
0.016186 -0.098413 0.019173 5
0.076219 0.304447 0.155611 5
-0.046365 0.210832 -0.249609 4
0.104667 0.239594 0.062324 5
0.034461 0.036534 0.012411 5
0.018724 -0.193436 -0.082524 2
0.002773 -0.033990 0.291393 1
-0.034078 0.118462 -0.167042 4
0.001380 -0.120232 -0.010571 4
0.019505 -0.444825 0.085176 0
-0.099457 0.324605 -0.572661 4
0.362458 -0.517191 -0.581845 2
-0.057022 -0.144164 0.188878 1
0.019553 -0.119830 0.021861 0
-0.085731 0.338329 -0.590581 4
-0.016203 -0.099697 0.033017 0
-0.239028 0.142401 0.529571 3
-0.181344 0.301755 -0.719156 4
-0.061795 0.095044 -0.142696 4
0.030356 -0.048053 0.053049 5
0.053135 0.092907 0.054467 5
0.059991 0.261224 0.144334 5
0.248028 -0.300109 -0.519326 2
-0.159736 0.308908 -0.575229 4
0.024735 -0.145496 0.037992 0
-0.062886 0.256010 -0.350971 4
0.262960 -0.287333 -0.525349 2
0.043688 0.168502 -0.286579 4
-0.063901 -0.015094 0.177368 3
0.018169 -0.048473 -0.047421 4
0.013601 -0.060745 -0.053391 4
0.111913 -0.118456 -0.152270 2
0.222783 -0.243715 -0.500125 2
-0.038303 0.225111 -0.327818 4
0.233049 -0.326188 -0.516607 2
-0.163423 0.127927 0.450737 3
0.021938 0.002280 0.220194 1
0.022965 -0.135124 0.046313 0
0.023000 -0.371838 0.022950 0
0.011707 -0.211493 0.012696 0
-0.009960 -0.029312 0.019752 5
-0.047002 0.241028 -0.350993 4
-0.147473 0.130884 0.338437 3
0.045437 0.096401 0.082484 5
-0.099468 0.096842 0.342154 3
-0.024311 -0.130743 0.157378 1
0.233983 0.461179 0.244549 5
0.196948 -0.140625 -0.420263 2
0.340635 -0.460767 -0.567362 2
0.062163 -0.220976 -0.031837 2
0.080345 0.326132 0.166214 5
-0.005090 0.132140 0.112853 5
0.007572 -0.022894 0.197683 1
-0.060746 0.080309 -0.120598 4
-0.272651 0.172341 0.534951 3
0.016141 0.007886 0.250311 1
-0.056499 0.184768 -0.207480 4
0.026975 -0.278470 -0.018371 2
-0.006264 -0.211423 0.060582 0
0.100146 -0.107604 -0.214137 2
-0.271730 0.132796 0.559184 3
-0.115556 0.296102 -0.435762 4
-0.010692 -0.075692 0.055170 5
0.030755 0.073037 -0.140648 4
-0.030767 -0.036559 0.166932 3
0.073549 0.153936 0.038232 5
0.176994 0.399445 0.193919 5
0.033196 -0.012020 0.038232 5
0.002875 -0.254224 0.045745 0
0.139139 0.411316 0.206945 5
0.013083 -0.388153 0.074400 0
0.093538 0.247972 0.119598 5
-0.140405 0.325020 -0.660156 4
-0.189656 0.157200 0.449739 3
-0.000887 -0.048274 0.175224 1
-0.462992 0.132000 0.686862 3
0.060749 0.150506 -0.205789 4
0.041616 -0.466862 0.060435 0
0.040942 -0.079991 -0.002238 4
-0.050705 0.066501 -0.099588 4
-0.019892 -0.220305 0.129800 1
0.004274 -0.424098 0.082091 0
0.088822 -0.097650 -0.255544 2
0.071704 0.094858 -0.176425 4
-0.049214 0.028258 0.227672 3
-0.015298 -0.172130 0.139883 1
0.022953 -0.059684 -0.037048 4
0.025865 0.033671 0.002952 5
-0.031087 -0.073264 -0.011895 4
-0.039515 0.304045 -0.507911 4
0.029585 -0.387957 0.053505 0
0.010563 -0.366588 0.046444 0
-0.009258 -0.040286 0.190371 1
-0.040318 0.142526 -0.183417 4
-0.114130 0.305845 -0.539388 4
-0.005537 -0.069578 0.023362 5
0.274531 0.520290 0.320753 5
-0.018230 0.016239 0.220993 3
0.217942 -0.166112 -0.451767 2
-0.039889 -0.133052 0.192914 1
0.292384 -0.376561 -0.551186 2
0.000933 0.118837 -0.190136 4
0.180592 -0.101474 -0.334470 2
-0.023218 0.170841 -0.234803 4
0.134822 0.301070 0.106554 5
-0.003320 0.038374 -0.106390 4
0.008244 -0.336797 0.054154 0
0.088028 0.212491 0.090007 5
-0.031556 0.058377 0.082925 5
0.008848 -0.146124 0.097015 3
0.022528 0.182001 -0.326910 4
-0.003739 -0.011592 0.182388 3
-0.024841 -0.037504 0.052843 5
0.008822 0.149040 -0.221590 4
-0.265319 0.116215 0.564450 3
0.293562 -0.431388 -0.543477 2
-0.031754 0.035168 0.076721 5
0.001560 0.074026 -0.142872 4
-0.045459 0.242101 -0.373688 4
-0.025299 -0.090502 0.190843 1
0.241038 -0.336635 -0.522608 2
-0.025305 0.012108 0.072175 5
-0.249584 0.167815 0.526761 3
0.032879 -0.030681 -0.040108 4
-0.022842 0.185469 -0.263612 4
0.176768 0.436992 0.233230 5
0.004765 -0.199650 0.020824 0
-0.226860 0.169616 0.482282 3
0.017875 -0.359673 0.067765 0
0.073750 0.216970 0.118238 5
-0.026491 -0.111667 0.107404 3
-0.003547 -0.141943 0.006736 0
-0.022381 -0.021589 -0.060023 4
0.029401 0.125218 0.100421 5
-0.040477 0.076223 0.321872 3
-0.130296 0.315195 -0.578966 4
-0.000805 -0.146108 0.132909 1
-0.024352 -0.122947 0.022250 0
-0.040373 0.002297 0.204559 3
0.150568 -0.101784 -0.299100 2
-0.062435 0.012837 0.196545 3
0.284310 -0.316439 -0.543378 2
0.241031 -0.221811 -0.494573 2
-0.131437 0.325118 -0.616102 4
0.041133 -0.376676 -0.010262 0
-0.019514 0.175627 -0.250935 4
-0.023532 -0.242326 0.110347 1
0.101021 0.275596 0.133883 5
0.033533 0.082808 -0.149584 4
-0.173489 0.312198 -0.660393 4
0.041518 0.161913 0.108535 5
0.150643 -0.117826 -0.378971 2
0.052686 0.161746 -0.242331 4
0.003919 -0.057179 0.277419 1
0.040855 0.169146 -0.306959 4
0.029874 -0.004145 0.234023 1
-0.047321 0.111042 -0.158361 4
0.036872 0.001150 0.263564 1
-0.064394 0.266861 -0.292288 4
0.029209 -0.117569 0.107976 3
0.123813 0.281654 0.095945 5
-0.024842 0.012553 0.019685 5
0.031748 -0.183574 -0.088753 2
-0.139751 0.134603 0.385800 3
-0.277544 0.153516 0.558456 3
0.138379 -0.122601 -0.401820 2
-0.486108 0.133323 0.738647 3
0.009407 -0.155652 0.057505 0
0.019142 0.018301 -0.090308 4
0.006997 -0.316115 0.054092 0
-0.007035 0.204308 -0.322587 4
-0.014818 -0.113656 0.155887 1
0.024083 0.056400 -0.122961 4
-0.098259 0.290851 -0.386775 4
0.117577 -0.103716 -0.270858 2
0.017442 0.001528 0.077412 5
-0.315907 0.119470 0.593506 3
0.019609 -0.076012 -0.034137 4
0.026766 -0.105907 0.038250 5
-0.335931 0.112035 0.605417 3
0.015303 -0.011439 0.295990 1
0.024660 -0.170277 0.038817 0
-0.005064 0.211802 -0.358860 4
-0.061023 0.250013 -0.310769 4
0.043152 0.016220 -0.083861 4
0.248517 -0.261463 -0.514191 2
-0.024823 -0.068793 -0.022262 4
-0.090464 0.283425 -0.399032 4
-0.075069 0.018912 0.197813 3
-0.033811 -0.091923 0.241207 1
-0.082258 0.287756 -0.468112 4
-0.008966 -0.153457 0.039939 0
0.027989 -0.215682 0.032861 0
0.081113 0.261883 0.136278 5
0.034829 -0.105575 -0.003861 4
0.029774 -0.193588 0.030970 0
-0.019896 0.035542 0.080810 5
-0.105422 0.291713 -0.458804 4
-0.007601 -0.071297 0.190576 1
0.054345 -0.243307 -0.026123 2
0.233026 0.467401 0.268265 5
-0.142615 0.122370 0.434795 3
0.009011 -0.002901 -0.089175 4
-0.023383 0.219094 -0.335667 4
0.047810 0.069552 0.053779 5
0.265418 -0.326115 -0.535527 2
0.029070 -0.344031 0.002086 0
0.003770 -0.068523 -0.038932 4
0.021529 -0.199974 -0.023678 2
-0.001241 -0.168831 0.094306 3
0.140120 -0.119166 -0.387214 2
0.035133 0.176031 0.118884 5
-0.082067 0.079347 0.393551 3
-0.004745 0.110480 -0.176260 4
-0.112560 0.111217 0.350381 3
0.010036 -0.022991 0.292232 1
0.060326 -0.007704 -0.045507 4
-0.072654 0.090118 0.350284 3
-0.183992 0.277974 -0.797272 4
-0.017913 -0.071652 0.183471 1
-0.352385 0.115743 0.622647 3
0.039767 0.168597 -0.322469 4
0.025682 -0.076774 0.052772 5
0.042510 -0.126586 -0.168708 2
0.026108 -0.235149 0.023149 0
0.099798 -0.131165 -0.119632 2
0.014935 0.162946 -0.242550 4
0.188804 -0.129584 -0.401295 2
-0.008714 -0.135622 0.141295 1
-0.033748 0.204171 -0.016784 6
-0.056000 0.277919 -0.443412 4
0.183934 -0.115369 -0.377944 2
0.001849 0.067902 0.089983 5
0.031272 -0.257783 -0.026153 2
-0.106233 0.085460 0.434281 3
-0.039858 -0.112629 0.198054 1
0.020025 -0.076053 0.022198 5
0.011449 -0.377021 0.083747 0
0.043005 -0.250946 -0.045653 2
-0.213357 0.154709 0.487646 3
0.003151 0.023902 0.080590 5
-0.056115 -0.007014 0.182377 3
0.197546 0.427082 0.226479 5
-0.501820 0.132726 0.757313 3
0.189361 -0.210527 -0.489075 2
0.033833 -0.136020 0.006971 0
0.176454 -0.200175 -0.484828 2
-0.022945 0.131052 -0.183187 4
-0.376171 0.126867 0.633305 3
0.011920 -0.368703 0.097343 1
0.224131 -0.286597 -0.510475 2
-0.008004 -0.227853 0.040698 0
0.060696 0.015595 -0.083161 4
0.024144 0.037270 -0.105076 4
-0.011713 -0.063226 0.169623 1
0.022814 -0.164696 0.087284 3
0.033083 0.174481 -0.290663 4
-0.466147 0.135152 0.711972 3
0.038233 0.016435 0.053792 5
-0.032036 0.230518 -0.352975 4
0.092976 -0.138882 -0.105977 2
-0.027212 0.166179 -0.220136 4
-0.015626 -0.005700 0.190067 3
0.004957 -0.150717 -0.001400 0
0.011342 -0.326263 0.033215 0
0.052711 0.154431 -0.214037 4
-0.021599 -0.075948 0.254270 1
0.015734 -0.424262 0.066421 0
-0.004089 -0.146308 0.104537 3
-0.407953 0.119356 0.647162 3
-0.105431 0.095971 0.419889 3
-0.007455 -0.055400 0.270304 1
0.073470 -0.137882 -0.132922 2
0.048801 0.220194 0.132685 5
0.270077 0.508669 0.313109 5
-0.098939 0.100196 0.393941 3
0.032889 0.022563 -0.091220 4
0.157954 0.421767 0.219642 5
0.074630 0.200762 0.102680 5
0.116899 0.366084 0.182923 5
-0.032803 -0.094527 0.210242 1
-0.003694 0.177158 -0.265646 4
-0.011984 -0.049720 0.198318 1
-0.016790 -0.088545 0.212463 1
0.029075 -0.192483 0.048539 0
0.069324 0.142062 0.045868 5
-0.105668 0.291716 -0.443829 4
-0.057567 0.232510 -0.242961 4
0.037465 -0.385109 0.018941 0
0.149633 -0.137173 -0.429468 2
-0.046981 0.217956 -0.260756 4
0.025590 -0.103842 0.112604 3
0.043057 -0.408677 0.009545 0
0.246361 -0.203313 -0.480825 2
-0.122744 0.105082 0.313251 3
0.134756 0.316993 0.134408 5
-0.004747 0.019694 0.240663 3
0.322831 -0.434167 -0.563409 2
-0.032747 0.132607 -0.005666 6
0.029206 -0.326501 0.022910 0
-0.039894 0.168296 -0.009466 6
-0.030658 -0.127020 0.176071 1
-0.073380 -0.022460 0.177421 3
0.157768 0.406447 0.205705 5
0.043479 -0.145405 0.025191 0
-0.040266 -0.123144 0.182993 1
0.011685 -0.408595 0.053945 0
-0.007668 -0.200767 0.053420 0
-0.080386 0.276207 -0.343099 4
0.032739 0.226020 0.163484 5
0.009579 -0.088987 0.063040 5
-0.023459 0.107785 -0.161783 4
0.028178 -0.368470 0.010577 0
0.021813 -0.092151 0.058445 5
-0.047962 0.044948 0.247196 3
0.111700 0.333269 0.160398 5
0.067587 0.042538 -0.141654 4
-0.034911 0.181864 -0.229700 4
-0.147489 0.308237 -0.567317 4
-0.009794 -0.096219 0.162143 1
-0.277828 0.168026 0.545873 3
-0.084322 0.090505 0.327895 3
-0.181267 0.164610 0.425201 3
-0.229133 0.122577 0.541779 3
-0.076265 0.313187 -0.531481 4
-0.002977 -0.127582 -0.002259 4
-0.004646 0.027290 0.036964 5
-0.007123 -0.080003 0.133876 3
0.016301 -0.012163 0.277985 1
0.249643 0.498270 0.290317 5
0.042895 -0.326219 -0.011664 0
0.199978 -0.162915 -0.449733 2
0.249597 -0.343299 -0.527483 2
0.003075 -0.220701 0.033321 0
-0.041724 -0.006630 0.183708 3
-0.538605 0.131486 0.774652 3
0.199653 -0.119090 -0.381274 2
-0.006897 -0.120681 0.140603 1
-0.047875 0.199144 -0.229003 4
-0.014395 0.146172 0.129824 5
0.176379 -0.106653 -0.350768 2
0.009190 0.011263 0.078816 5
-0.004919 0.019399 -0.090409 4
-0.007628 0.240782 -0.451300 4
-0.010792 0.051061 0.263784 3
0.232335 -0.234481 -0.500345 2
0.175540 -0.144512 -0.430798 2
0.032170 -0.157784 -0.119032 2
-0.029179 0.160823 -0.004545 6
-0.015503 -0.076628 0.018914 0
-0.022155 -0.099001 0.204142 1
-0.040471 -0.021157 -0.060156 4
-0.029484 0.203955 -0.292703 4
0.034895 -0.424019 0.046127 0
0.311914 -0.467072 -0.546861 2
0.213450 0.468844 0.263289 5
-0.008742 -0.112360 0.126885 3
0.027004 -0.037317 0.068079 5
-0.048065 -0.022628 0.167989 3
-0.082520 0.050711 0.220094 3
-0.015842 -0.031637 -0.053924 4
-0.056029 -0.038699 0.148295 3
-0.057494 0.250012 -0.264492 4
0.235024 -0.199068 -0.479889 2
0.330552 -0.469170 -0.559958 2
0.065536 -0.156353 -0.106085 2
-0.041843 -0.034729 -0.047426 4
-0.015490 -0.145498 0.146531 1
-0.055733 0.161003 -0.191034 4
0.002567 -0.253872 0.116987 1
0.062948 0.151817 0.082073 5
0.197638 0.442050 0.242241 5
0.051924 0.045241 0.321586 1
-0.033029 0.027368 -0.082218 4
-0.126807 0.299292 -0.436322 4
0.008838 -0.006147 0.205213 3
-0.066232 0.061280 0.274600 3
-0.013949 -0.053743 -0.039238 4
-0.018027 -0.076300 0.046077 5
0.032890 -0.207358 0.061838 3
0.060672 0.291061 0.160610 5
0.042152 0.023742 0.269988 1
-0.047311 0.083075 -0.133396 4
-0.055294 0.024405 0.213337 3
-0.013789 0.226854 -0.371169 4
0.124655 0.392461 0.197887 5
-0.056217 0.117592 -0.162155 4
0.178061 0.382204 0.169364 5
-0.048413 0.065377 0.277551 3
0.032033 0.164995 -0.245107 4
0.055373 -0.108099 0.015680 5
-0.047606 0.054628 0.261367 3
-0.016067 -0.038413 0.031456 5
0.150272 -0.112031 -0.350955 2
-0.049429 0.044250 -0.083565 4
0.003589 -0.170141 0.010020 0
0.040700 -0.091553 -0.000844 4
0.008672 -0.022270 -0.074272 4
-0.005927 -0.135978 0.046069 0
0.315638 -0.394374 -0.561282 2
-0.155247 0.311822 -0.710961 4
-0.025019 -0.069527 0.139185 3
0.291208 -0.395560 -0.546502 2
-0.196487 0.110934 0.516742 3
-0.029792 -0.055654 0.032749 5
0.036375 0.000956 0.053422 5
0.006334 -0.286956 0.060266 0
-0.073385 0.283572 -0.458891 4
0.016364 0.067621 -0.133455 4
0.034960 0.046626 -0.117309 4
0.148217 -0.101445 -0.263271 2
0.002260 0.167127 0.134523 5
-0.157482 0.139885 0.428757 3
0.208546 0.423710 0.206434 5
-0.015983 0.092061 -0.148980 4
0.029487 -0.184429 0.023554 0
0.139686 0.357635 0.169624 5
0.198300 0.455206 0.250332 5
0.053398 -0.186441 -0.082505 2
0.189011 -0.156387 -0.440961 2
0.015791 -0.048283 0.017364 5
0.188383 0.399734 0.195882 5
-0.010218 0.031577 0.018317 6
0.023440 -0.146072 -0.004667 4
-0.096506 0.101514 0.363047 3
-0.048562 -0.119915 0.218498 1
0.016938 -0.047775 0.069884 5
-0.024550 -0.260626 0.111802 1
0.150437 -0.100848 -0.285390 2
-0.006083 0.149886 -0.227952 4
0.031622 0.017262 0.242023 1
0.002544 -0.395952 0.084692 0
0.000960 -0.184441 0.056074 0
0.023185 -0.264061 -0.032414 2
-0.018634 -0.069975 0.214442 1
0.263674 0.496018 0.294323 5
-0.479218 0.128329 0.719945 3
-0.038442 -0.079213 0.116752 3
0.028093 -0.280020 0.045898 0
0.002478 -0.387638 0.097511 1
-0.040453 -0.130473 0.204815 1
0.116942 -0.104865 -0.335321 2
0.031961 -0.018986 0.271478 1
0.130739 0.306008 0.130525 5
-0.023719 -0.055353 0.046219 5
0.118516 0.284805 0.118366 5
0.099612 0.315816 0.155149 5
-0.370331 0.112674 0.636596 3
-0.023214 0.109890 0.002856 6
0.014073 -0.192210 0.002093 0
0.050301 -0.028501 -0.014116 4
0.297565 -0.335445 -0.551291 2
0.329951 -0.411601 -0.568038 2
-0.169096 0.315069 -0.612431 4
0.053441 -0.212348 -0.055751 2
-0.004505 -0.084995 0.057550 5
-0.181794 0.276211 -0.812324 4
-0.012834 -0.083939 0.242127 1
0.032319 0.077223 0.087379 5
0.295177 -0.418981 -0.541495 2
-0.213896 0.111358 0.537325 3
0.018229 -0.012502 -0.068172 4
-0.010625 -0.127109 0.026258 0
0.060071 -0.111798 -0.190878 2
-0.039138 0.081023 0.091884 6
0.115613 0.291299 0.133034 5
0.025135 -0.394875 0.061392 0
-0.015259 -0.030459 0.061488 5
-0.047790 -0.156767 0.162318 1
-0.229201 0.142407 0.516141 3
0.238453 0.489855 0.284341 5
0.068320 -0.119428 -0.170759 2
0.165217 -0.149821 -0.443741 2
0.140519 -0.131158 -0.421737 2
-0.065878 0.276251 -0.437079 4
-0.146024 0.297615 -0.503995 4
-0.006562 -0.220735 0.053902 0
0.001410 -0.063685 0.137030 3
-0.022744 -0.178182 0.067563 3
-0.055861 0.174380 -0.200172 4
0.004107 -0.218322 0.124098 1
-0.033162 0.065858 0.277678 3
0.030246 -0.300353 -0.010453 2
0.108284 -0.105796 -0.206441 2
0.005418 -0.242337 0.031476 0
0.094247 0.217359 0.060911 5
-0.148217 0.143072 0.370820 3
-0.475517 0.119168 0.704241 3
-0.149002 0.316445 -0.696225 4
0.027775 -0.395044 0.009542 0
0.255001 -0.376300 -0.527570 2
-0.120020 0.295686 -0.488097 4
-0.014477 -0.087981 0.169869 1
-0.008851 0.067432 -0.128061 4
-0.132290 0.119003 0.395301 3
-0.304906 0.159886 0.573637 3
0.020049 -0.026881 0.234446 1
-0.004352 -0.264632 0.121451 1
-0.080914 0.281011 -0.430350 4
-0.112225 0.301753 -0.523937 4
