0.165579 -0.026476 -0.098877 1
-0.756435 0.486116 0.437605 2
0.067074 -0.628600 -0.272403 0
-0.276499 0.215843 0.214912 2
0.459984 0.280053 -0.006747 1
0.061448 -0.329707 -0.146072 0
-0.095727 0.035824 0.048115 2
-0.541327 0.318356 0.316101 2
0.276328 0.138046 0.017908 1
-0.001884 -0.147919 -0.057335 2
0.100686 -0.474789 -0.218048 0
0.273071 0.086307 -0.131171 1
-0.167229 0.153378 0.122697 2
-0.623293 0.431163 0.382545 2
-0.402827 0.296156 0.251713 2
0.369372 0.191745 -0.090184 1
0.110118 -0.200885 -0.118121 1
0.181600 0.064644 -0.015333 1
-0.029500 -0.041302 -0.011886 2
0.359982 0.210812 0.017718 1
0.123051 -0.113188 -0.051968 1
0.110213 -0.092546 -0.152271 1
-0.551742 0.402691 0.340281 2
0.308871 0.131134 -0.065306 1
0.039258 -0.250284 -0.108039 2
-0.455072 0.327348 0.318656 2
0.069072 -0.540556 -0.264346 0
0.081641 -0.394385 -0.196907 0
-0.699519 0.426340 0.420492 2
0.218321 0.023854 -0.145145 1
-0.611697 0.349616 0.363978 2
-0.116500 0.103695 0.086542 2
-0.347725 0.239576 0.246497 2
-0.225683 0.190698 0.160327 2
0.246124 0.082317 -0.058635 1
0.413274 0.233366 -0.044248 1
0.147012 -0.006615 -0.028467 1
0.200347 0.033046 -0.076209 1
0.094999 -0.268068 -0.139685 1
0.039814 -0.183532 -0.092446 2
0.338681 0.157883 -0.012983 1
0.150577 -0.041691 -0.158241 1
0.123540 -0.138985 -0.111722 1
-0.505335 0.369689 0.309521 2
0.228869 0.100421 -0.000883 1
-0.003939 -0.089465 -0.040239 2
-0.052200 0.006136 0.018990 2
0.051886 -0.447163 -0.196626 0
0.094698 -0.594263 -0.232264 0
0.145118 -0.082387 -0.100537 1
-0.458105 0.292065 0.270464 2
-0.661583 0.388848 0.395208 2
0.077546 -0.155981 -0.138977 1
0.138852 -0.057638 -0.050838 1
0.380046 0.190361 -0.033991 1
0.309333 0.126840 -0.121796 1
0.064805 -0.516378 -0.213487 0
0.068348 -0.217093 -0.149888 1
0.108602 -0.171727 -0.070577 1
-0.556279 0.352064 0.358215 2
0.234625 0.057016 -0.107201 1
0.410993 0.244279 0.005989 1
0.272651 0.111190 -0.026177 1
-0.587887 0.392555 0.376182 2
-0.664620 0.454588 0.398414 2
-0.313042 0.250657 0.212215 2
-0.711063 0.473936 0.418354 2
-0.493446 0.300780 0.303051 2
-0.416561 0.307110 0.297021 2
0.181049 -0.005303 -0.138605 1
0.342119 0.153313 -0.093885 1
0.086787 -0.586083 -0.277992 0
0.096615 -0.245987 -0.098437 1
-0.499754 0.331842 0.336728 2
0.090726 -0.356229 -0.169830 0
0.055025 -0.475774 -0.232711 0
0.053417 -0.284896 -0.136627 2
0.316119 0.172958 0.022534 1
0.276682 0.100824 -0.085113 1
-0.381040 0.260935 0.267563 2
-0.194363 0.156224 0.157614 2
0.168069 0.028316 -0.044058 1
-0.153913 0.113765 0.111317 2
0.100393 -0.521440 -0.237119 0
0.095851 -0.436466 -0.199333 0
-0.357066 0.279357 0.237929 2
-0.103706 0.076249 0.053466 2
0.211541 0.064229 -0.045074 1
-0.249080 0.190828 0.194070 2
0.304494 0.134052 -0.011663 1
0.354803 0.165483 -0.053702 1
0.163152 -0.005190 -0.064914 1
-0.472383 0.346728 0.289216 2
0.062300 -0.254819 -0.160208 0
0.442291 0.262807 -0.037161 1
-0.526626 0.372942 0.342873 2
0.076342 -0.553630 -0.228361 0
-0.624198 0.387336 0.387470 2
0.390050 0.218354 -0.070455 1
0.090989 -0.306348 -0.150626 1
0.134576 -0.068814 -0.134354 1
0.185924 0.006712 -0.099170 1
-0.035568 -0.078328 -0.016260 2
0.390522 0.212536 -0.004411 1
0.053473 -0.215564 -0.105327 2
-0.442803 0.325192 0.275678 2
0.060074 -0.484333 -0.196278 0
0.099535 -0.126571 -0.136360 1
0.097525 -0.207506 -0.084475 1
-0.049888 -0.030520 0.015913 2
0.097365 -0.231091 -0.133242 1
0.245590 0.056513 -0.140896 1
0.067560 -0.509194 -0.248098 0
0.081712 -0.291304 -0.116437 1
-0.581835 0.333689 0.342865 2
0.026591 -0.153274 -0.076869 2
-0.591385 0.423959 0.361477 2
0.070422 -0.383945 -0.164308 0
-0.666807 0.421365 0.408411 2
0.128297 -0.111579 -0.086141 1
0.065937 -0.573937 -0.253944 0
0.152340 -0.053872 -0.083385 1
-0.308724 0.220332 0.226427 2
-0.410993 0.276165 0.285297 2
0.097913 -0.557824 -0.253720 0
-0.263700 0.219642 0.184158 2
0.120127 -0.103268 -0.122099 1
-0.452514 0.292381 0.303493 2
0.357387 0.183423 -0.002327 1
0.211508 0.029177 -0.112983 1
-0.736851 0.458757 0.432639 2
0.152990 -0.043164 -0.124453 1
0.118363 -0.140473 -0.073227 1
0.228137 0.060493 -0.075154 1
-0.073827 0.030175 0.024072 2
0.441321 0.251802 -0.006591 1
0.255523 0.080720 -0.099382 1
0.114769 -0.171982 -0.104607 1
0.331543 0.145637 -0.041887 1
-0.001052 -0.121235 -0.037264 2
0.070849 -0.422395 -0.185206 0
-0.531329 0.336317 0.345961 2
0.059223 -0.303034 -0.163442 0
0.083179 -0.187289 -0.139850 1
0.286843 0.111229 -0.055318 1
0.075596 -0.604115 -0.254895 0
0.251221 0.119489 0.009604 1
0.013479 -0.181198 -0.074829 2
0.231127 0.087129 -0.028653 1
0.138178 -0.085117 -0.064681 1
0.080433 -0.451752 -0.221092 0
-0.328914 0.262024 0.237925 2
0.066495 -0.259362 -0.126406 2
0.300825 0.117736 -0.092705 1
0.027459 -0.213647 -0.089867 2
-0.582865 0.361077 0.369353 2
-0.374206 0.254838 0.235095 2
-0.478782 0.345778 0.318972 2
0.060231 -0.355818 -0.161992 0
-0.427840 0.299636 0.267650 2
0.151606 -0.031315 -0.052915 1
-0.559316 0.380792 0.362879 2
0.207122 0.081068 -0.013292 1
0.282280 0.109328 -0.113516 1
-0.115387 0.074772 0.079801 2
-0.291490 0.234366 0.198819 2
-0.690138 0.454516 0.415579 2
0.076764 -0.329924 -0.170211 0
-0.376007 0.289893 0.258808 2
0.373764 0.187511 -0.061416 1
0.082941 -0.490855 -0.232736 0
-0.642506 0.412488 0.397544 2
0.104068 -0.156878 -0.125448 1
-0.514845 0.310932 0.319542 2
0.093975 -0.621836 -0.231838 0
-0.632176 0.363123 0.376447 2
0.013369 -0.124574 -0.060439 2
-0.479272 0.315746 0.324321 2
0.302421 0.124992 -0.037478 1
0.189661 0.047818 -0.044416 1
0.329047 0.149866 -0.068724 1
0.305996 0.151230 0.009727 1
0.409185 0.227357 -0.017440 1
-0.076957 0.003398 0.029790 2
0.391063 0.215108 -0.033393 1
-0.555338 0.326352 0.337795 2
-0.571224 0.406175 0.359829 2
0.340202 0.192840 0.020871 1
-0.130412 0.121591 0.100885 2
0.319636 0.138791 -0.092613 1
0.181859 0.014193 -0.071753 1
-0.392995 0.271056 0.244800 2
-0.343289 0.244199 0.220723 2
0.072501 -0.279039 -0.156572 0
0.164737 0.046325 -0.024467 1
-0.013466 -0.064225 -0.019881 2
0.071832 -0.364722 -0.185927 0
-0.213839 0.167910 0.170738 2
-0.241039 0.208231 0.176168 2
0.084802 -0.634221 -0.253056 0
0.261512 0.100579 -0.047828 1
0.358880 0.171409 -0.025495 1
0.197462 0.009664 -0.124903 1
-0.082421 0.058039 0.051222 2
-0.139953 0.098076 0.095978 2
0.061623 -0.532166 -0.237904 0
-0.401251 0.299658 0.277189 2
0.101966 -0.600403 -0.256146 0
0.153709 0.018063 -0.025399 1
0.168796 -0.022739 -0.152738 1
-0.201383 0.180418 0.152280 2
0.217295 0.043459 -0.092158 1
-0.356871 0.261160 0.256496 2
-0.182572 0.167112 0.137903 2
0.226056 0.043768 -0.127855 1
0.273899 0.121570 -0.001651 1
0.376198 0.228880 0.010380 1
0.090871 -0.266730 -0.111787 1
-0.437155 0.281686 0.286626 2
-0.607133 0.412000 0.380127 2
0.356609 0.171204 -0.083274 1
0.070021 -0.431784 -0.209920 0
-0.644588 0.441391 0.391156 2
-0.152704 0.133726 0.128082 2
-0.733666 0.482916 0.427015 2
0.250613 0.100896 -0.020739 1
-0.021769 -0.102308 -0.028537 2
-0.178509 0.143098 0.143016 2
0.129538 -0.083971 -0.041446 1
-0.507860 0.358563 0.335341 2
0.080120 -0.242360 -0.148355 1
-0.714941 0.444769 0.426364 2
0.070571 -0.306264 -0.132606 2
0.249652 0.072256 -0.122393 1
0.101470 -0.220634 -0.106275 1
-0.049149 -0.011111 0.000911 2
0.092640 -0.382033 -0.178874 0
-0.226656 0.186341 0.184332 2
0.054124 -0.234764 -0.120364 2
0.201504 0.006573 -0.148744 1
0.140888 -0.034217 -0.031214 1
-0.439058 0.314958 0.301908 2
-0.049468 -0.049484 0.000767 2
0.084307 -0.466052 -0.202012 0
0.423731 0.246274 -0.026865 1
-0.606438 0.373294 0.379560 2
-0.530573 0.388482 0.325093 2
-0.420732 0.280651 0.254910 2
-0.325841 0.235549 0.237944 2
0.127787 -0.069660 -0.157179 1
-0.291862 0.237628 0.222269 2
0.143034 -0.061470 -0.111362 1
-0.101318 0.054378 0.064953 2
0.168291 -0.023301 -0.129126 1
0.078731 -0.346881 -0.150444 0
0.064495 -0.399839 -0.180659 0
0.049414 -0.272527 -0.117014 2
0.157226 -0.028117 -0.075527 1
0.055897 -0.450894 -0.219465 0
-0.156674 0.136537 0.105214 2
0.080533 -0.530560 -0.223336 0
0.094390 -0.414466 -0.191686 0
0.056895 -0.498048 -0.225447 0
0.072255 -0.562077 -0.272740 0
0.082302 -0.575595 -0.237845 0
0.077709 -0.606369 -0.283947 0
-0.454134 0.335362 0.296934 2
0.176325 -0.006811 -0.114839 1
0.089616 -0.535057 -0.251883 0
-0.115531 0.092768 0.065823 2
0.082251 -0.487971 -0.210279 0
-0.513600 0.310892 0.296959 2
-0.676953 0.400898 0.406495 2
0.260991 0.088315 -0.074834 1
0.086278 -0.508930 -0.219908 0
0.094871 -0.208308 -0.132768 1
0.174508 -0.010223 -0.086457 1
-0.488278 0.357209 0.300861 2
0.334652 0.173377 0.010255 1
0.107620 -0.189050 -0.091605 1
0.102497 -0.178995 -0.126765 1
-0.072812 0.033866 0.045847 2
-0.475584 0.292373 0.293235 2
0.002294 -0.106429 -0.055010 2
-0.254074 0.211755 0.202178 2
-0.029151 -0.062271 -0.002913 2
-0.023305 -0.079853 -0.034163 2
-0.066584 -0.013871 0.021683 2
0.328145 0.142853 -0.112075 1
0.013906 -0.162260 -0.060603 2
0.041252 -0.230781 -0.096378 2
0.116957 -0.153683 -0.090065 1
0.063751 -0.552646 -0.245642 0
0.244626 0.073697 -0.078598 1
0.388484 0.204195 -0.051612 1
0.158746 0.001011 -0.044947 1
0.455981 0.264867 -0.020822 1
0.074537 -0.444241 -0.193526 0
-0.389447 0.282347 0.275382 2
0.374095 0.199673 -0.001941 1
0.130539 -0.085111 -0.121383 1
0.084687 -0.326065 -0.147946 0
0.194757 0.064845 -0.031449 1
0.092629 -0.249127 -0.122681 1
0.321953 0.145250 -0.012373 1
0.129644 -0.115570 -0.108389 1
0.139559 -0.072276 -0.080895 1
0.209534 0.051885 -0.061554 1
-0.309947 0.227443 0.204836 2
-0.646710 0.377389 0.386770 2
-0.421990 0.316180 0.278409 2
-0.675069 0.441303 0.411303 2
-0.354607 0.259261 0.228640 2
0.401569 0.232947 -0.062041 1
0.095342 -0.579004 -0.253006 0
0.230758 0.069194 -0.056909 1
0.200985 0.027434 -0.095775 1
0.083959 -0.400655 -0.175182 0
-0.525251 0.321094 0.333559 2
0.290988 0.153080 0.023064 1
0.100373 -0.109196 -0.146434 1
-0.542518 0.372240 0.355144 2
0.113531 -0.122222 -0.121782 1
0.036100 -0.203432 -0.104752 2
0.054840 -0.468698 -0.207609 0
0.021739 -0.194730 -0.087129 2
-0.473000 0.300584 0.311139 2
-0.590579 0.343096 0.357999 2
0.088376 -0.293370 -0.134979 1
0.269462 0.090834 -0.112339 1
0.294577 0.117135 -0.072433 1
0.141321 -0.053133 -0.145172 1
0.291142 0.122648 -0.021529 1
0.052324 -0.313866 -0.138857 2
0.377981 0.203070 -0.076637 1
0.345167 0.156575 -0.032973 1
0.421401 0.251479 -0.045629 1
0.149227 -0.047539 -0.064046 1
-0.312539 0.248852 0.232494 2
-0.329568 0.260290 0.218451 2
0.067855 -0.591779 -0.267954 0
0.184765 0.033613 -0.056865 1
-0.033548 -0.035381 0.006534 2
-0.085193 0.020057 0.040271 2
0.071238 -0.468759 -0.221529 0
-0.062529 0.019002 0.034970 2
0.153989 -0.044020 -0.105232 1
-0.084052 0.046753 0.035744 2
0.071280 -0.277972 -0.125842 2
0.124269 -0.135270 -0.090719 1
0.048380 -0.253206 -0.125675 2
-0.281501 0.216318 0.190320 2
-0.378150 0.282578 0.241245 2
0.402844 0.227898 0.000620 1
0.291398 0.136937 0.006280 1
0.077429 -0.416006 -0.202237 0
-0.608349 0.431188 0.370807 2
0.033046 -0.171087 -0.075458 2
0.021833 -0.141829 -0.062486 2
-0.009491 -0.086068 -0.022494 2
-0.003930 -0.128931 -0.054245 2
0.125936 -0.124258 -0.067291 1
0.059433 -0.490457 -0.243627 0
-0.267985 0.227887 0.200520 2
0.322031 0.158251 0.002888 1
0.083544 -0.138181 -0.138594 1
0.137620 -0.099477 -0.102674 1
-0.625639 0.413863 0.389215 2
-0.684676 0.416360 0.413481 2
0.131349 -0.106426 -0.067278 1
0.086817 -0.507143 -0.240905 0
0.360305 0.179481 -0.042762 1
0.072308 -0.347562 -0.173791 0
-0.047203 -0.012725 0.020285 2
-0.537967 0.387836 0.342051 2
0.216298 0.076601 -0.032102 1
-0.099605 0.080867 0.072296 2
0.120128 -0.156681 -0.115889 1
0.296294 0.114572 -0.126423 1
-0.521841 0.354564 0.346761 2
0.095632 -0.452221 -0.208737 0
0.347755 0.160755 -0.069932 1
0.077664 -0.262298 -0.151288 1
-0.411440 0.307936 0.262682 2
-0.657933 0.436149 0.402417 2
-0.575566 0.378906 0.370891 2
-0.044552 -0.027046 -0.006618 2
-0.434617 0.294915 0.301299 2
-0.211765 0.186016 0.173882 2
0.246829 0.107210 -0.003057 1
0.424377 0.255669 0.001424 1
0.313540 0.135203 -0.047565 1
0.120485 -0.085710 -0.139002 1
-0.146587 0.116792 0.094371 2
-0.030747 -0.056032 -0.022283 2
0.447060 0.266948 0.001416 1
-0.099699 0.055705 0.046485 2
-0.268017 0.200396 0.203512 2
0.349738 0.173344 -0.099788 1
0.082585 -0.607187 -0.235509 0
0.044095 -0.202080 -0.088679 2
0.081867 -0.370313 -0.161921 0
0.068056 -0.294167 -0.148009 2
-0.141240 0.128258 0.115433 2
0.247902 0.092672 -0.036434 1
-0.680165 0.462571 0.402103 2
-0.568841 0.339639 0.355975 2
0.180473 0.053757 -0.029372 1
0.256630 0.071373 -0.138717 1
0.231542 0.065457 -0.091930 1
-0.695657 0.470326 0.409879 2
0.092352 -0.541494 -0.235639 0
0.064324 -0.499479 -0.208345 0
0.468625 0.262699 -0.008675 1
-0.538697 0.350349 0.353625 2
-0.367708 0.273771 0.262232 2
-0.643005 0.394998 0.395863 2
0.070891 -0.525883 -0.254869 0
0.105731 -0.218671 -0.123653 1
0.072723 -0.314155 -0.161893 0
0.422744 0.236957 -0.011820 1
-0.517553 0.376922 0.323124 2
-0.496645 0.314487 0.326214 2
-0.493759 0.352281 0.327089 2
-0.126082 0.088514 0.091230 2
0.107000 -0.139723 -0.123751 1
0.399582 0.217627 -0.050696 1
0.137051 -0.097073 -0.082110 1
0.065796 -0.235052 -0.154985 1
0.090369 -0.339566 -0.164883 0
-0.259303 0.205244 0.175471 2
0.089145 -0.282989 -0.148894 1
0.145951 -0.018723 -0.040879 1
0.172285 0.017252 -0.057584 1
0.358390 0.177099 -0.066109 1
0.229233 0.038397 -0.144047 1
0.055997 -0.257739 -0.110769 2
-0.718566 0.461485 0.429084 2
0.150497 -0.066537 -0.096122 1
0.282341 0.100680 -0.128597 1
0.053870 -0.483395 -0.216778 0
0.039974 -0.224220 -0.112274 2
-0.013151 -0.104977 -0.043228 2
0.309478 0.133047 -0.105281 1
-0.456468 0.310998 0.313534 2
-0.467208 0.342812 0.305180 2
0.077512 -0.203116 -0.143243 1
0.198118 0.015875 -0.108111 1
0.059524 -0.513659 -0.232012 0
0.096161 -0.491459 -0.221866 0
0.372227 0.188212 -0.018930 1
-0.418923 0.290711 0.292840 2
0.319531 0.139120 -0.028126 1
0.024230 -0.176007 -0.089159 2
0.349450 0.171275 -0.011134 1
0.093507 -0.230629 -0.091915 1
0.087059 -0.570494 -0.271297 0
0.074907 -0.232323 -0.135710 1
0.063444 -0.381032 -0.179481 0
-0.442430 0.291323 0.264130 2
0.222017 0.089824 -0.014709 1
-0.068273 0.003845 0.014403 2
-0.395660 0.265516 0.274608 2
-0.526715 0.313649 0.307168 2
0.236979 0.082181 -0.043751 1
-0.162778 0.146160 0.137948 2
0.295271 0.120867 -0.110895 1
0.086269 -0.170016 -0.136024 1
0.210348 0.021447 -0.127791 1
0.068570 -0.612301 -0.268899 0
0.153677 -0.035166 -0.143148 1
0.284520 0.115211 -0.037264 1
0.089876 -0.278742 -0.127004 1
0.085264 -0.437193 -0.214096 0
-0.129341 0.096834 0.077122 2
-0.295819 0.212565 0.219229 2
0.111723 -0.156290 -0.065103 1
-0.567028 0.363237 0.364739 2
-0.551794 0.336119 0.350778 2
-0.240733 0.194989 0.166167 2
0.270474 0.098482 -0.065778 1
-0.603620 0.389418 0.382215 2
0.263472 0.094016 -0.093477 1
-0.173931 0.132754 0.130956 2
-0.240161 0.204725 0.193266 2
-0.453404 0.284553 0.286266 2
0.057277 -0.464646 -0.191805 0
0.127911 -0.093771 -0.055141 1
-0.471229 0.330349 0.319651 2
0.089326 -0.557982 -0.237458 0
-0.585712 0.407624 0.370038 2
0.190184 0.018135 -0.085331 1
-0.003753 -0.101720 -0.029343 2
0.137428 -0.052749 -0.035257 1
0.078421 -0.592790 -0.243386 0
0.063443 -0.339170 -0.162907 0
0.440160 0.251926 -0.025151 1
0.032883 -0.187332 -0.076723 2
0.384486 0.203710 -0.016695 1
0.009007 -0.136136 -0.047511 2
-0.183195 0.154560 0.127576 2
0.102513 -0.204910 -0.099735 1
0.052854 -0.267003 -0.132976 2
-0.341763 0.270673 0.242748 2
-0.135374 0.109502 0.085191 2
0.095045 -0.248462 -0.138665 1
0.300242 0.121591 -0.053106 1
0.353955 0.191641 0.011131 1
-0.510875 0.341758 0.342887 2
0.097641 -0.235261 -0.111778 1
0.263848 0.128388 0.014099 1
0.159984 -0.038439 -0.089713 1
-0.661574 0.404535 0.403566 2
-0.748048 0.470282 0.432497 2
-0.200653 0.169105 0.140908 2
0.137775 -0.067931 -0.063105 1
-0.226760 0.201003 0.175485 2
0.179980 -0.010483 -0.153695 1
0.286714 0.113211 -0.086155 1
-0.279005 0.235314 0.209357 2
0.089025 -0.465525 -0.223756 0
0.066661 -0.449943 -0.206087 0
0.016402 -0.165707 -0.079965 2
-0.549465 0.389029 0.353579 2
-0.388855 0.297079 0.264661 2
0.113598 -0.185042 -0.117221 1
0.174812 -0.000049 -0.074365 1
-0.340820 0.267326 0.226969 2
0.087276 -0.548287 -0.260325 0
0.107633 -0.111781 -0.132722 1
0.158055 0.032486 -0.029913 1
-0.688087 0.437796 0.419388 2
-0.115493 0.065318 0.067287 2
0.153429 -0.017178 -0.062208 1
0.093460 -0.398917 -0.187711 0
0.392001 0.237853 0.005889 1
0.214612 0.094121 -0.000061 1
-0.109494 0.089958 0.084273 2
0.236107 0.097114 -0.016472 1
-0.199344 0.171177 0.166038 2
0.051176 -0.241400 -0.103374 2
-0.324701 0.240340 0.212075 2
-0.363282 0.246979 0.256074 2
0.008784 -0.145549 -0.070098 2
-0.564582 0.410236 0.346363 2
0.100375 -0.508676 -0.226447 0
0.318432 0.137471 -0.075772 1
0.407306 0.223399 -0.032331 1
0.220352 0.043109 -0.107362 1
0.079363 -0.377504 -0.190435 0
0.334079 0.155631 -0.055253 1
0.305307 0.125593 -0.080134 1
0.113156 -0.173643 -0.085212 1
0.106438 -0.185801 -0.076549 1
0.072757 -0.477481 -0.204112 0
-0.187966 0.170028 0.155105 2
0.071639 -0.627654 -0.257652 0
-0.597461 0.352761 0.368922 2
-0.084100 0.042901 0.055294 2
-0.064042 0.019201 0.019685 2
-0.019135 -0.078944 -0.012933 2
0.195257 0.071212 -0.017474 1
-0.484446 0.334436 0.327518 2
-0.138251 0.112275 0.110109 2
0.165875 -0.022997 -0.113744 1
0.239193 0.071481 -0.103680 1
0.133230 -0.069422 -0.038719 1
0.237873 0.054794 -0.127901 1
0.112479 -0.169367 -0.120538 1
0.094410 -0.146913 -0.132541 1
0.215402 0.049640 -0.075385 1
0.070220 -0.483458 -0.229067 0
0.009734 -0.117387 -0.047055 2
0.083603 -0.311289 -0.138253 0
0.064174 -0.274733 -0.139440 2
0.324271 0.140776 -0.056534 1
0.367017 0.181007 -0.077800 1
-0.019449 -0.052420 -0.010876 2
-0.178154 0.158756 0.149569 2
-0.615792 0.401677 0.386729 2
-0.703030 0.458572 0.422095 2
-0.570525 0.392320 0.366520 2
0.173123 0.040410 -0.036867 1
0.197308 0.040244 -0.061562 1
-0.127307 0.103696 0.101605 2
0.068972 -0.576491 -0.268321 0
0.160073 0.014991 -0.039939 1
-0.248663 0.215458 0.186747 2
-0.407155 0.272306 0.249223 2
0.374115 0.214142 0.010353 1
0.097944 -0.595212 -0.269441 0
0.398291 0.216149 -0.016489 1
0.142731 -0.053819 -0.124526 1
0.273684 0.109735 -0.045686 1
-0.540551 0.320211 0.330731 2
0.090880 -0.424726 -0.206780 0
-0.296214 0.244102 0.208850 2
0.079524 -0.296188 -0.156987 1
0.258105 0.090915 -0.058372 1
-0.459452 0.335597 0.283238 2
0.101390 -0.193857 -0.127593 1
0.053605 -0.298656 -0.131588 2
0.060582 -0.367495 -0.174698 0
0.062140 -0.411276 -0.189472 0
-0.388774 0.293335 0.248853 2
-0.057904 -0.002186 0.029498 2
0.340557 0.163147 -0.104608 1
0.335661 0.146789 -0.081304 1
0.333393 0.149357 -0.023500 1
0.278760 0.110141 -0.068194 1
0.286850 0.127016 -0.005249 1
-0.035240 -0.050781 0.003503 2
0.060459 -0.315220 -0.150781 0
0.087781 -0.429481 -0.189582 0
0.079658 -0.518875 -0.245383 0
0.111444 -0.097584 -0.138780 1
0.070814 -0.567301 -0.240695 0
-0.588588 0.373865 0.374588 2
0.142491 -0.041458 -0.048186 1
0.087280 -0.368894 -0.181494 0
-0.570166 0.329157 0.335696 2
-0.502980 0.364030 0.322920 2
-0.088934 0.066402 0.060994 2
-0.341229 0.252347 0.247939 2
-0.440628 0.326881 0.293987 2
0.074010 -0.175543 -0.141159 1
0.262473 0.113871 -0.005671 1
-0.624898 0.373408 0.384133 2
0.061455 -0.269036 -0.161857 0
0.183017 0.005702 -0.084521 1
-0.647287 0.425900 0.398282 2
-0.413170 0.293878 0.261473 2
0.055264 -0.285343 -0.122572 2
-0.352658 0.274760 0.250821 2
-0.301375 0.248114 0.222236 2
-0.037776 -0.021874 0.006721 2
0.089050 -0.321520 -0.160599 0
0.144009 -0.057668 -0.072318 1
0.185621 -0.003030 -0.125487 1
-0.491717 0.305534 0.316541 2
0.382535 0.198167 -0.064102 1
-0.215428 0.180514 0.151686 2
0.304870 0.160729 0.020020 1
0.445876 0.272332 -0.027500 1
0.288151 0.109004 -0.100797 1
-0.512031 0.324805 0.336090 2
0.066333 -0.559000 -0.260495 0
-0.653779 0.453231 0.389748 2
-0.161655 0.124323 0.123021 2
-0.447621 0.301531 0.272050 2
0.084665 -0.417204 -0.182108 0
0.330779 0.182120 0.020359 1
0.066633 -0.530246 -0.223554 0
0.409039 0.242570 -0.053771 1
0.118560 -0.079501 -0.153832 1
-0.634824 0.428342 0.389758 2
-0.618436 0.362600 0.378193 2
0.221753 0.058668 -0.062991 1
-0.169124 0.158425 0.137140 2
-0.153534 0.144943 0.120044 2
0.256726 0.085487 -0.112898 1
0.031715 -0.221935 -0.101053 2
0.167307 -0.022241 -0.085836 1
-0.043732 -0.040108 -0.011039 2
0.118850 -0.132750 -0.059022 1
0.136251 -0.077087 -0.052898 1
0.175965 -0.005342 -0.101148 1
-0.166917 0.140300 0.113604 2
-0.629590 0.400771 0.390747 2
0.137836 -0.077447 -0.112610 1
0.119054 -0.148114 -0.102450 1
0.055643 -0.467429 -0.221827 0
0.369877 0.180463 -0.029982 1
-0.428349 0.316668 0.290531 2
0.069983 -0.586980 -0.252969 0
-0.597534 0.402373 0.378536 2
0.342473 0.162892 -0.047245 1
0.329445 0.148255 -0.094757 1
0.058675 -0.227469 -0.109571 2
0.081127 -0.216258 -0.142234 1
0.149751 -0.041291 -0.076122 1
0.361777 0.181391 -0.094675 1
0.366955 0.202178 0.009364 1
0.309552 0.144039 -0.001254 1
0.151141 0.006572 -0.034122 1
-0.556702 0.323564 0.324574 2
0.355634 0.167226 -0.039291 1
-0.225174 0.172750 0.176383 2
0.252278 0.081847 -0.086266 1
-0.239011 0.180773 0.184235 2
0.100911 -0.544067 -0.245795 0
0.082751 -0.615413 -0.252856 0
0.075648 -0.506297 -0.211206 0
-0.580280 0.418600 0.355964 2
0.068596 -0.293396 -0.129041 2
0.233480 0.109987 0.007449 1
-0.056012 0.001412 0.006940 2
0.081553 -0.303816 -0.125178 1
0.070436 -0.364591 -0.157673 0
0.074149 -0.322074 -0.140592 0
-0.573872 0.351707 0.363626 2
0.219779 0.032617 -0.132001 1
-0.085125 0.032043 0.031104 2
0.109048 -0.189053 -0.104967 1
-0.401456 0.286873 0.281301 2
-0.016020 -0.116955 -0.037890 2
-0.636625 0.445221 0.381055 2
-0.378354 0.279353 0.268198 2
0.082305 -0.477666 -0.229576 0
0.089768 -0.598493 -0.282085 0
0.090778 -0.265403 -0.126107 1
-0.425829 0.316386 0.265591 2
0.413353 0.238591 -0.031930 1
-0.450398 0.325103 0.306330 2
0.100636 -0.589898 -0.243397 0
0.372768 0.192587 -0.049117 1
0.081036 -0.449340 -0.203991 0
-0.493119 0.360037 0.312955 2
-0.007419 -0.115840 -0.048393 2
-0.319872 0.225271 0.231931 2
0.074821 -0.499474 -0.242602 0
0.068228 -0.465454 -0.200655 0
0.115103 -0.162308 -0.077367 1
0.367636 0.177926 -0.054528 1
0.128868 -0.096770 -0.112305 1
0.101472 -0.217384 -0.092445 1
-0.029287 -0.069886 -0.027744 2
-0.027174 -0.088157 -0.019233 2
0.042167 -0.215120 -0.089996 2
0.003451 -0.104850 -0.039989 2
-0.055207 -0.038484 0.006795 2
0.163707 -0.013052 -0.075527 1
0.063255 -0.535887 -0.250831 0
0.072695 -0.404078 -0.197341 0
-0.411423 0.306875 0.281502 2
0.094328 -0.607041 -0.229004 0
0.266147 0.103726 -0.035890 1
0.244522 0.071202 -0.091622 1
0.135724 -0.084660 -0.077901 1
-0.302293 0.232822 0.228702 2
0.175953 -0.012175 -0.128609 1
0.063508 -0.326176 -0.158569 0
0.318031 0.135982 -0.118137 1
0.227808 0.053388 -0.096581 1
-0.559830 0.395916 0.357727 2
-0.010274 -0.078182 -0.032916 2
0.065165 -0.347443 -0.152943 0
0.349251 0.160403 -0.082896 1
-0.040601 -0.065798 -0.008069 2
0.433648 0.244108 -0.017008 1
-0.058167 -0.015050 0.009436 2
0.203568 0.013630 -0.138009 1
0.092449 -0.369244 -0.169560 0
0.342171 0.171727 -0.000233 1
0.032812 -0.192211 -0.099117 2
0.191169 -0.000366 -0.145123 1
0.091664 -0.257131 -0.102779 1
0.384296 0.213159 -0.081715 1
-0.678044 0.427368 0.414993 2
-0.207125 0.160852 0.162228 2
-0.105146 0.067992 0.074560 2
0.128487 -0.124790 -0.084442 1
0.064616 -0.287900 -0.161691 0
0.126174 -0.125685 -0.101145 1
0.379764 0.201840 -0.039898 1
-0.503130 0.305223 0.310531 2
0.025739 -0.160515 -0.066241 2
0.262657 0.078878 -0.129831 1
-0.703670 0.438254 0.422960 2
0.054208 -0.455253 -0.207493 0
-0.730376 0.470855 0.429971 2
0.035848 -0.237906 -0.107930 2
0.279234 0.100157 -0.103454 1
-0.212939 0.189393 0.161165 2
-0.368203 0.273377 0.235758 2
-0.101773 0.045438 0.054065 2
0.066929 -0.546212 -0.232914 0
0.085010 -0.253646 -0.144750 1
-0.103918 0.063838 0.056705 2
0.040692 -0.261010 -0.114903 2
0.211609 0.035010 -0.099928 1
-0.515774 0.369561 0.333449 2
0.427889 0.256191 -0.033805 1
-0.446888 0.305366 0.307194 2
0.032391 -0.199368 -0.081022 2
0.190348 0.026197 -0.072162 1
0.156111 -0.035616 -0.114617 1
0.385340 0.219240 0.007039 1
0.096062 -0.578165 -0.266501 0
0.061224 -0.267700 -0.117209 2
0.143549 -0.019096 -0.028370 1
0.071233 -0.389393 -0.191522 0
-0.054824 -0.023195 -0.000151 2
-0.386815 0.260306 0.241977 2
-0.073510 0.039689 0.032493 2
0.003959 -0.135385 -0.064192 2
0.160276 -0.033836 -0.132381 1
0.206485 0.035956 -0.086924 1
0.023064 -0.173000 -0.067870 2
-0.307902 0.240765 0.205241 2
-0.074749 0.012888 0.039903 2
0.239041 0.074213 -0.065323 1
-0.019608 -0.090930 -0.039038 2
0.091634 -0.524642 -0.228572 0
-0.318439 0.257885 0.223953 2
0.156149 -0.010979 -0.047955 1
0.093227 -0.498121 -0.233506 0
0.336437 0.151576 -0.108308 1
-0.076277 0.017597 0.022275 2
-0.139568 0.130124 0.102231 2
-0.113684 0.076307 0.061443 2
0.322587 0.166928 0.013603 1
0.063183 -0.438728 -0.201629 0
-0.313858 0.236119 0.233857 2
0.223367 0.051781 -0.084960 1
-0.467796 0.311370 0.318871 2
0.169397 0.005980 -0.062224 1
-0.554051 0.369525 0.361412 2
0.305174 0.131032 -0.023789 1
-0.725176 0.450851 0.430148 2
-0.478434 0.351124 0.305547 2
-0.367088 0.285349 0.246315 2
0.366588 0.189868 -0.007922 1
-0.443426 0.316060 0.313538 2
-0.285934 0.226854 0.220216 2
0.451402 0.258556 -0.009316 1
0.435755 0.260663 0.001353 1
-0.264817 0.211470 0.208406 2
0.277857 0.116608 -0.016301 1
0.427631 0.244334 -0.002417 1
-0.297428 0.223488 0.198457 2
0.153275 -0.053665 -0.095742 1
0.089188 -0.278691 -0.109040 1
0.374923 0.191293 -0.074386 1
0.199749 0.058651 -0.040926 1
0.117207 -0.160449 -0.100857 1
0.072214 -0.337483 -0.145730 0
0.060713 -0.246308 -0.110884 2
-0.563527 0.332232 0.345665 2
0.280878 0.130441 0.006406 1
0.350428 0.203339 0.020026 1
-0.486552 0.297597 0.291050 2
-0.467071 0.293914 0.302629 2
0.173462 0.055977 -0.018563 1
0.072470 -0.250608 -0.153288 1
0.067943 -0.458389 -0.215833 0
-0.429021 0.306161 0.296854 2
-0.105484 0.085430 0.061872 2
0.070870 -0.489950 -0.204243 0
-0.352049 0.271546 0.229934 2
-0.400173 0.303036 0.265471 2
0.056418 -0.300213 -0.143382 2
0.160889 0.009109 -0.054051 1
0.093624 -0.568378 -0.247272 0
0.191297 0.007043 -0.114715 1
0.090150 -0.124942 -0.143969 1
0.016846 -0.135821 -0.071848 2
-0.192696 0.148330 0.148476 2
0.205343 0.070735 -0.030101 1
0.086676 -0.443392 -0.193779 0
0.266753 0.099502 -0.077321 1
0.153843 -0.034474 -0.065740 1
0.247830 0.063698 -0.130807 1
0.347288 0.182532 0.006707 1
-0.397134 0.280592 0.251002 2
-0.192540 0.160069 0.132939 2
0.091467 -0.294821 -0.146974 1
-0.095348 0.045579 0.040965 2
-0.608357 0.356989 0.372970 2
-0.232008 0.197303 0.188297 2
0.088476 -0.477773 -0.208457 0
0.065961 -0.429453 -0.193699 0
0.042631 -0.211990 -0.110197 2
0.062151 -0.522030 -0.247502 0
0.158431 -0.033302 -0.154071 1
-0.615873 0.419864 0.382800 2
0.095532 -0.465858 -0.206400 0
0.136065 -0.090916 -0.094349 1
0.057683 -0.245582 -0.125160 2
0.309580 0.136238 -0.036272 1
0.146092 -0.046776 -0.136173 1
0.084738 -0.405940 -0.197922 0
0.294737 0.145630 0.014428 1
0.128892 -0.070789 -0.145278 1
0.075021 -0.584700 -0.276060 0
-0.409106 0.294266 0.286812 2
-0.596993 0.419504 0.371080 2
0.169312 -0.015181 -0.143489 1
0.332335 0.164285 0.002510 1
0.085184 -0.386149 -0.170511 0
-0.279884 0.205941 0.209172 2
-0.336252 0.242246 0.243984 2
0.390464 0.215007 -0.059007 1
-0.322580 0.247610 0.238803 2
0.227761 0.074871 -0.045635 1
0.169749 -0.014073 -0.106876 1
-0.532664 0.360480 0.352000 2
0.145926 -0.030866 -0.042466 1
-0.540915 0.326839 0.340604 2
-0.368154 0.261888 0.262025 2
0.097611 -0.168431 -0.129207 1
0.143799 -0.080478 -0.088380 1
0.084099 -0.354698 -0.157564 0
-0.465966 0.300127 0.274133 2
0.030681 -0.166362 -0.086045 2
-0.380312 0.270946 0.241218 2
0.137011 -0.068476 -0.120272 1
0.074015 -0.395513 -0.171372 0
0.229467 0.047364 -0.117122 1
-0.531361 0.315789 0.324756 2
0.087505 -0.230541 -0.139729 1
0.233371 0.069715 -0.080363 1
0.003455 -0.157188 -0.062748 2
-0.089831 0.057105 0.040148 2
0.236764 0.049066 -0.143321 1
-0.074691 0.045478 0.044917 2
0.103191 -0.232057 -0.123027 1
0.130519 -0.094849 -0.072541 1
-0.152806 0.124639 0.100607 2
0.100618 -0.532342 -0.241617 0
-0.424670 0.290330 0.260356 2
0.096515 -0.249775 -0.110559 1
0.260855 0.105201 -0.025503 1
0.145461 -0.059169 -0.060429 1
-0.203568 0.182659 0.166173 2
-0.089428 0.054726 0.061907 2
0.091964 -0.196607 -0.133958 1
0.087179 -0.497949 -0.215983 0
0.271749 0.100526 -0.053472 1
0.160312 -0.025719 -0.140785 1
-0.010204 -0.128032 -0.044436 2
-0.458849 0.334347 0.307568 2
0.053307 -0.207481 -0.096906 2
-0.099912 0.067510 0.046374 2
0.070811 -0.411618 -0.180730 0
0.388814 0.203199 -0.032668 1
0.065576 -0.373447 -0.165810 0
-0.063873 0.007427 0.035234 2
0.311572 0.126361 -0.095966 1
-0.118354 0.101090 0.073476 2
0.267457 0.093504 -0.123496 1
-0.123987 0.112715 0.095046 2
0.314356 0.137294 -0.017868 1
-0.061628 -0.023812 0.016218 2
0.247791 0.077652 -0.112287 1
0.012909 -0.154997 -0.075398 2
0.394114 0.208001 -0.042012 1
0.328972 0.156149 -0.006138 1
-0.281199 0.230470 0.195219 2
0.052076 -0.443616 -0.211326 0
0.074796 -0.442183 -0.211549 0
0.121399 -0.090089 -0.128350 1
0.002028 -0.120349 -0.059171 2
0.063572 -0.315245 -0.136639 2
-0.675620 0.453780 0.408047 2
-0.458065 0.299756 0.310415 2
0.008299 -0.168390 -0.068606 2
-0.029608 -0.072654 -0.007809 2
0.093600 -0.566591 -0.262720 0
0.082078 -0.559676 -0.267339 0
0.078825 -0.537390 -0.254953 0
-0.482364 0.296191 0.301644 2
-0.527796 0.381969 0.334094 2
0.458594 0.268810 -0.005107 1
-0.430656 0.285762 0.295683 2
-0.044637 -0.041667 0.009813 2
-0.085424 0.028337 0.048167 2
0.123946 -0.123504 -0.114343 1
-0.125356 0.081214 0.082454 2
0.069326 -0.304558 -0.152583 0
-0.041357 -0.054272 -0.005696 2
0.084508 -0.603856 -0.247758 0
0.209470 0.016058 -0.147472 1
-0.019888 -0.065775 -0.008575 2
0.088910 -0.583639 -0.244808 0
0.075448 -0.433352 -0.188734 0
0.076931 -0.520565 -0.219232 0
0.089947 -0.524576 -0.247465 0
0.340212 0.154012 -0.064681 1
0.044474 -0.193803 -0.096448 2
0.218813 0.036046 -0.121228 1
0.372090 0.181503 -0.041046 1
-0.671717 0.410924 0.407087 2
0.178106 0.035778 -0.047964 1
-0.540633 0.395927 0.334595 2
0.087332 -0.243496 -0.132044 1
0.091259 -0.454748 -0.218854 0
-0.149821 0.123717 0.121230 2
-0.353321 0.248303 0.226192 2
0.075824 -0.357454 -0.177950 0
0.204275 0.017591 -0.117401 1
0.305715 0.122038 -0.106839 1
-0.038623 -0.048365 -0.016733 2
0.137776 -0.063889 -0.145057 1
0.073218 -0.191132 -0.143317 1
0.125529 -0.102053 -0.047956 1
0.128202 -0.078454 -0.135362 1
0.088182 -0.156795 -0.135564 1
0.197857 0.047269 -0.052862 1
0.208184 0.040898 -0.074744 1
0.083272 -0.542536 -0.229186 0
-0.403848 0.286467 0.257746 2
0.101465 -0.210714 -0.111413 1
-0.633833 0.378204 0.388815 2
0.136039 -0.105890 -0.091802 1
-0.011147 -0.110574 -0.030159 2
0.074401 -0.596805 -0.279294 0
0.363157 0.182330 -0.016449 1
-0.352965 0.249568 0.252934 2
0.109779 -0.180025 -0.097669 1
0.254296 0.092352 -0.046093 1
0.076269 -0.231989 -0.148016 1
0.244500 0.064066 -0.117024 1
0.413450 0.230952 -0.007892 1
-0.667356 0.394924 0.402418 2
0.313059 0.160598 0.012601 1
0.086540 -0.335482 -0.153423 0
0.292723 0.123418 -0.042497 1
0.090922 -0.386530 -0.188797 0
0.060152 -0.506056 -0.240565 0
0.014331 -0.152119 -0.056308 2
0.093598 -0.220953 -0.135292 1
0.091717 -0.278474 -0.137849 1
0.136244 -0.057121 -0.154082 1
-0.508337 0.315174 0.327322 2
-0.269176 0.222656 0.210348 2
0.378502 0.195629 -0.024076 1
0.313631 0.131272 -0.084523 1
-0.145847 0.106324 0.104874 2
-0.257430 0.221278 0.197870 2
0.260021 0.107785 -0.014469 1
-0.499622 0.346814 0.334584 2
0.397943 0.224547 -0.042340 1
-0.346209 0.261683 0.250794 2
0.305991 0.131781 -0.054729 1
-0.521052 0.329554 0.340067 2
0.241294 0.092590 -0.027733 1
-0.528161 0.346060 0.349733 2
0.151579 -0.008905 -0.038111 1
0.101397 -0.197327 -0.085164 1
0.418850 0.238144 -0.000642 1
0.147110 -0.066005 -0.085605 1
0.127217 -0.137837 -0.100879 1
-0.650454 0.384779 0.393831 2
-0.257321 0.200240 0.201532 2
0.191759 0.005431 -0.133142 1
-0.489129 0.325307 0.331105 2
0.042364 -0.234956 -0.116096 2
0.290581 0.107195 -0.120918 1
0.397703 0.228162 -0.053124 1
-0.230630 0.199665 0.165458 2
0.115234 -0.133870 -0.119848 1
-0.697273 0.446525 0.420139 2
0.389509 0.214475 -0.022700 1
0.121740 -0.128549 -0.076298 1
0.111291 -0.162901 -0.089833 1
0.355797 0.168478 -0.072833 1
0.117243 -0.145353 -0.083220 1
-0.125158 0.106704 0.079661 2
0.057046 -0.256722 -0.130995 2
0.070106 -0.488858 -0.238356 0
0.055894 -0.479329 -0.206514 0
0.279677 0.098338 -0.118467 1
0.106899 -0.128470 -0.128787 1
-0.001186 -0.133840 -0.044231 2
0.103961 -0.200331 -0.109366 1
0.076358 -0.548407 -0.264296 0
0.323455 0.139248 -0.039014 1
-0.342616 0.254774 0.222078 2
0.283381 0.117143 -0.026376 1
0.053327 -0.225915 -0.100478 2
-0.056723 0.014251 0.025652 2
0.392940 0.222666 -0.002137 1
0.245748 0.085903 -0.048614 1
0.082831 -0.348979 -0.174525 0
-0.479926 0.306136 0.317003 2
-0.003926 -0.100788 -0.048488 2
-0.585660 0.351591 0.365460 2
-0.724537 0.478043 0.424622 2
0.190401 0.055440 -0.037063 1
0.148030 -0.047824 -0.113127 1
-0.073947 0.023453 0.044319 2
-0.654056 0.418763 0.402159 2
-0.066747 0.031958 0.034938 2
-0.162852 0.132354 0.130601 2
-0.639650 0.370741 0.382656 2
0.073935 -0.578705 -0.243436 0
0.182887 0.022777 -0.065568 1
0.251363 0.081475 -0.067728 1
0.022099 -0.187236 -0.074585 2
-0.546428 0.394795 0.344753 2
0.097033 -0.115601 -0.138795 1
0.380025 0.209082 0.003283 1
0.144298 -0.043163 -0.146672 1
0.056132 -0.485191 -0.226883 0
-0.365178 0.250816 0.231523 2
0.095170 -0.184948 -0.131381 1
0.090439 -0.413703 -0.202110 0
-0.448346 0.286961 0.295129 2
-0.540516 0.381351 0.350362 2
0.141228 -0.076225 -0.069304 1
-0.174013 0.145682 0.119102 2
0.081079 -0.428245 -0.207626 0
0.202194 0.025570 -0.105983 1
0.114157 -0.146724 -0.061693 1
-0.123940 0.089838 0.071276 2
0.184268 0.000005 -0.111545 1
0.057904 -0.491806 -0.211309 0
0.073099 -0.538348 -0.222395 0
-0.396837 0.276047 0.279184 2
-0.756635 0.477723 0.431429 2
0.447679 0.254421 -0.018389 1
0.131522 -0.116756 -0.094582 1
0.351764 0.163858 -0.024610 1
0.119767 -0.119929 -0.060113 1
-0.219600 0.194674 0.167775 2
-0.025966 -0.051540 -0.002820 2
-0.600894 0.344291 0.357740 2
0.060771 -0.505909 -0.215670 0
0.021651 -0.144920 -0.073120 2
0.037848 -0.174987 -0.086917 2
-0.386757 0.270582 0.273072 2
-0.433585 0.322574 0.279609 2
0.069814 -0.376743 -0.186503 0
0.386089 0.208654 -0.072578 1
0.216468 0.060846 -0.053516 1
-0.449699 0.332411 0.284547 2
0.067619 -0.600505 -0.260401 0
0.350367 0.167833 -0.090795 1
-0.492762 0.338877 0.331725 2
-0.420908 0.277192 0.287942 2
0.325777 0.144828 -0.079113 1
-0.043435 -0.010791 0.010884 2
-0.540001 0.340483 0.349661 2
0.063925 -0.357702 -0.171418 0
0.116639 -0.147215 -0.117822 1
-0.220818 0.193817 0.180394 2
0.401422 0.216374 -0.027699 1
0.298979 0.136921 -0.000644 1
0.091453 -0.594423 -0.244099 0
0.083771 -0.270203 -0.148978 1
0.062738 -0.542032 -0.241285 0
0.129349 -0.117115 -0.073805 1
-0.010874 -0.076380 -0.019439 2
0.046496 -0.278008 -0.125169 2
0.092666 -0.256173 -0.132397 1
-0.596328 0.361842 0.373462 2
-0.120423 0.099365 0.095425 2
-0.428039 0.314091 0.303217 2
0.197913 0.026230 -0.083413 1
0.142077 -0.057427 -0.134054 1
0.384927 0.229240 0.005037 1
0.152196 -0.020929 -0.052798 1
0.322497 0.145424 -0.047629 1
0.074339 -0.455454 -0.199326 0
-0.616775 0.436621 0.372651 2
0.194672 0.018163 -0.098797 1
0.259608 0.077875 -0.120159 1
-0.323675 0.250406 0.213189 2
0.185641 0.063086 -0.024532 1
0.430231 0.246620 -0.036298 1
0.261673 0.087647 -0.084951 1
0.098669 -0.234642 -0.099688 1
-0.249073 0.198554 0.170739 2
0.348283 0.160908 -0.098412 1
0.159913 -0.031735 -0.105452 1
0.082590 -0.624333 -0.257671 0
0.024556 -0.205284 -0.084927 2
0.146816 -0.049905 -0.054500 1
-0.003616 -0.090869 -0.030232 2
-0.580720 0.341457 0.356480 2
0.128749 -0.105776 -0.056781 1
0.091422 -0.481537 -0.227711 0
0.065145 -0.549857 -0.256430 0
-0.612067 0.384251 0.384076 2
-0.516488 0.308749 0.309862 2
0.259280 0.118273 0.003710 1
0.275172 0.106731 -0.076944 1
0.135528 -0.086609 -0.109176 1
-0.633032 0.389774 0.391592 2
-0.337527 0.261936 0.245322 2
0.341047 0.154165 -0.042491 1
-0.329480 0.263721 0.227880 2
0.295713 0.127676 -0.014149 1
-0.644847 0.449346 0.385060 2
0.117789 -0.100545 -0.131615 1
0.319030 0.134418 -0.107959 1
-0.144985 0.137051 0.112456 2
0.404401 0.231709 -0.039720 1
0.344614 0.158369 -0.056841 1
0.095407 -0.440753 -0.208336 0
0.076081 -0.616449 -0.260203 0
0.422080 0.242044 -0.042483 1
0.203309 0.075689 -0.021270 1
-0.651061 0.399379 0.399751 2
0.045161 -0.245252 -0.120649 2
0.191503 0.073664 -0.008600 1
-0.748399 0.483453 0.432401 2
0.172705 -0.015140 -0.119699 1
-0.513721 0.373632 0.314570 2
0.133572 -0.096260 -0.062905 1
0.016094 -0.131870 -0.054293 2
-0.687631 0.426920 0.417446 2
-0.089193 0.064960 0.049231 2
-0.183056 0.148702 0.150614 2
-0.315712 0.235275 0.207786 2
0.360919 0.192148 0.000656 1
0.081505 -0.310953 -0.158726 0
-0.496680 0.363992 0.304650 2
0.421048 0.236067 -0.026318 1
-0.465993 0.322174 0.317970 2
0.066796 -0.471583 -0.229827 0
0.070074 -0.605011 -0.276056 0
0.300558 0.127343 -0.061608 1
-0.069218 -0.002594 0.030577 2
0.081313 -0.566305 -0.234851 0
-0.687947 0.464473 0.411474 2
0.180699 0.046252 -0.039020 1
0.018737 -0.182590 -0.082988 2
-0.058675 0.009483 0.012435 2
-0.018999 -0.071118 -0.035259 2
0.064773 -0.564284 -0.252397 0
0.008780 -0.145607 -0.051564 2
-0.371062 0.252654 0.260627 2
0.285208 0.139159 0.013966 1
0.079262 -0.527580 -0.249811 0
0.151847 -0.053854 -0.106453 1
-0.286414 0.210792 0.214572 2
-0.461876 0.287336 0.290221 2
0.258050 0.098345 -0.036633 1
0.095925 -0.588698 -0.253726 0
0.205449 0.058205 -0.049654 1
-0.521229 0.364887 0.343242 2
-0.477801 0.325621 0.324999 2
0.079234 -0.379894 -0.164164 0
-0.422488 0.300202 0.292870 2
0.069872 -0.556171 -0.235107 0
0.061957 -0.522994 -0.227927 0
-0.275544 0.224597 0.190039 2
-0.219817 0.181725 0.179311 2
-0.329564 0.253341 0.242217 2
-0.582974 0.384379 0.374774 2
0.094065 -0.257930 -0.115069 1
0.338118 0.163694 -0.005171 1
0.271183 0.097695 -0.098789 1
0.317741 0.135201 -0.066445 1
0.006176 -0.125274 -0.042162 2
0.079379 -0.320563 -0.164540 0
0.380484 0.190975 -0.043640 1
-0.032575 -0.031688 -0.002270 2
0.267841 0.124854 0.006125 1
-0.020259 -0.057394 -0.019037 2
0.103068 -0.209477 -0.124244 1
0.079255 -0.408804 -0.177012 0
0.075003 -0.303953 -0.160318 0
0.278941 0.106096 -0.092787 1
0.126244 -0.113873 -0.064082 1
0.236794 0.062305 -0.099523 1
-0.637095 0.419878 0.393585 2
0.085487 -0.268113 -0.138738 1
0.178165 0.026996 -0.054893 1
0.295923 0.124576 -0.029555 1
0.342090 0.184388 0.014484 1
0.116591 -0.153987 -0.072967 1
-0.605194 0.421386 0.375544 2
-0.366443 0.281985 0.257580 2
-0.156485 0.142028 0.132120 2
-0.335501 0.249671 0.218344 2
-0.393054 0.299005 0.256345 2
-0.161248 0.150964 0.129891 2
-0.519203 0.344289 0.346703 2
0.063449 -0.255365 -0.118340 2
0.347998 0.166911 -0.062698 1
0.212862 0.087092 -0.006202 1
-0.480714 0.352151 0.296390 2
0.107686 -0.102934 -0.145658 1
0.075794 -0.461207 -0.225025 0
0.326941 0.149236 -0.105166 1
-0.130003 0.119331 0.091688 2
0.119779 -0.111829 -0.118076 1
0.069800 -0.208046 -0.147517 1
-0.363019 0.260986 0.232618 2
0.412315 0.234887 -0.022869 1
-0.014660 -0.093878 -0.021157 2
-0.064484 0.026847 0.027306 2
-0.019412 -0.064502 -0.027232 2
0.065423 -0.517834 -0.255319 0
-0.094958 0.074828 0.056712 2
0.142421 -0.041107 -0.038758 1
0.090148 -0.394369 -0.178504 0
0.094669 -0.425235 -0.198177 0
0.094124 -0.515268 -0.240430 0
0.176793 -0.015042 -0.137512 1
-0.581101 0.412815 0.363312 2
0.250772 0.073498 -0.104416 1
0.218871 0.069716 -0.047091 1
0.380990 0.195039 -0.052884 1
0.261853 0.085650 -0.104217 1
0.169321 -0.006153 -0.079804 1
0.060496 -0.482511 -0.238792 0
-0.593589 0.385557 0.378653 2
-0.022358 -0.092176 -0.030180 2
-0.718636 0.470491 0.426543 2
0.166535 0.037538 -0.030891 1
0.082105 -0.286901 -0.153613 1
0.072237 -0.353511 -0.152747 0
0.154565 -0.009144 -0.057623 1
0.084273 -0.455618 -0.197912 0
0.064848 -0.497737 -0.245736 0
0.301080 0.125779 -0.117633 1
0.336948 0.155426 -0.078128 1
0.180316 -0.001487 -0.093901 1
-0.297815 0.220651 0.223343 2
-0.095549 0.047872 0.060560 2
-0.208235 0.172561 0.145003 2
-0.416914 0.312239 0.268823 2
0.236960 0.102210 -0.005062 1
-0.385644 0.279314 0.245633 2
-0.408221 0.308156 0.272890 2
0.064146 -0.283068 -0.143512 2
-0.507867 0.349617 0.339000 2
0.220538 0.084129 -0.021871 1
0.229927 0.091400 -0.020337 1
-0.115861 0.083926 0.087247 2
-0.002004 -0.140991 -0.050058 2
-0.177981 0.161996 0.129338 2
-0.593716 0.409918 0.374046 2
0.062291 -0.347596 -0.166500 0
0.295796 0.116427 -0.085079 1
-0.192210 0.174732 0.148401 2
0.095591 -0.449225 -0.200015 0
0.044650 -0.263835 -0.122735 2
-0.134637 0.092215 0.091248 2
0.433913 0.250929 -0.001006 1
-0.082679 0.013149 0.034712 2
0.154211 -0.044761 -0.086310 1
0.038718 -0.191447 -0.082543 2
0.391306 0.216875 -0.046724 1
-0.532430 0.380074 0.343218 2
0.111696 -0.160221 -0.119899 1
0.026234 -0.200905 -0.092836 2
0.406764 0.229592 -0.053712 1
0.160100 0.023188 -0.035781 1
-0.136210 0.103382 0.103861 2
0.095975 -0.551690 -0.244410 0
0.123626 -0.143655 -0.094403 1
0.445056 0.260891 -0.028620 1
0.093554 -0.545803 -0.254108 0
-0.435215 0.287134 0.260313 2
0.298649 0.116975 -0.103308 1
0.088262 -0.302649 -0.142689 1
0.060898 -0.513730 -0.222945 0
-0.235367 0.188694 0.162228 2
-0.406574 0.304051 0.255968 2
0.099317 -0.603389 -0.235751 0
0.048367 -0.218699 -0.112606 2
-0.680804 0.448158 0.413232 2
-0.664919 0.430212 0.407082 2
0.062554 -0.300166 -0.130497 2
-0.501001 0.303668 0.298794 2
0.098545 -0.239829 -0.130861 1
0.226136 0.078318 -0.037370 1
0.237876 0.058291 -0.119499 1
-0.139587 0.117342 0.087056 2
-0.055258 -0.014535 0.024093 2
0.110917 -0.175904 -0.111843 1
0.067309 -0.333620 -0.168975 0
-0.394815 0.290528 0.276291 2
-0.635609 0.406522 0.394382 2
0.353890 0.173275 -0.049133 1
-0.210292 0.177063 0.174194 2
-0.247610 0.206755 0.198228 2
0.010482 -0.107802 -0.044895 2
-0.167951 0.137514 0.136029 2
0.311651 0.129324 -0.074858 1
0.108160 -0.191959 -0.115135 1
-0.508896 0.306713 0.303453 2
0.031718 -0.172411 -0.093018 2
-0.048915 -0.003744 0.009579 2
0.369783 0.223167 0.013114 1
-0.321054 0.258913 0.232517 2
0.099788 -0.227359 -0.115535 1
0.144608 -0.048402 -0.157595 1
-0.666767 0.440397 0.407936 2
-0.421411 0.311253 0.288632 2
0.075253 -0.511361 -0.243105 0
0.167386 0.019605 -0.050407 1
0.262283 0.086884 -0.120277 1
0.378291 0.205104 -0.085395 1
0.094870 -0.133779 -0.133692 1
0.361509 0.179285 -0.085950 1
0.141580 -0.073782 -0.105319 1
0.285367 0.114717 -0.072191 1
-0.379371 0.291645 0.250681 2
-0.640994 0.382831 0.391589 2
0.369625 0.188661 -0.081672 1
0.119753 -0.165386 -0.108063 1
0.066274 -0.417628 -0.194251 0
-0.543996 0.363583 0.356907 2
0.065726 -0.391230 -0.184703 0
0.184482 -0.006903 -0.146831 1
0.027491 -0.186969 -0.094178 2
-0.654250 0.442856 0.397769 2
0.096489 -0.602752 -0.262827 0
-0.487560 0.345901 0.326128 2
0.406319 0.246993 -0.001133 1
-0.627335 0.438813 0.380307 2
-0.709286 0.467003 0.423700 2
0.087742 -0.301451 -0.131250 1
0.339921 0.155071 -0.021356 1
0.122411 -0.135100 -0.067373 1
0.088042 -0.291301 -0.126313 1
0.049824 -0.217678 -0.097481 2
-0.455325 0.304511 0.275377 2
0.079856 -0.306636 -0.144856 0
0.252482 0.097954 -0.029699 1
-0.548680 0.321098 0.321608 2
0.359607 0.200800 0.014182 1
0.071405 -0.421544 -0.205714 0
0.135438 -0.086654 -0.056368 1
0.335355 0.148672 -0.049881 1
0.276268 0.105876 -0.058933 1
0.289568 0.118583 -0.065247 1
0.064781 -0.477847 -0.200230 0
0.084611 -0.330493 -0.166103 0
-0.287149 0.224204 0.193229 2
-0.237120 0.190458 0.190667 2
0.201683 0.081162 -0.006292 1
0.315630 0.139260 -0.055260 1
0.092184 -0.557122 -0.260448 0
-0.557058 0.341596 0.355345 2
0.396109 0.224128 -0.067554 1
0.173139 -0.014239 -0.094226 1
-0.109374 0.094338 0.071976 2
-0.305073 0.246901 0.211543 2
-0.433291 0.319630 0.271286 2
0.157541 -0.037686 -0.099377 1
-0.142657 0.124665 0.093726 2
0.071679 -0.266476 -0.156244 0
0.294840 0.114579 -0.117059 1
0.096444 -0.508833 -0.234875 0
0.292677 0.111315 -0.092358 1
0.302376 0.120771 -0.124940 1
-0.463653 0.327611 0.324494 2
0.072988 -0.570411 -0.275497 0
0.405565 0.229879 -0.026631 1
0.290031 0.119282 -0.053740 1
0.055073 -0.460370 -0.227046 0
0.058088 -0.335618 -0.151652 0
0.089989 -0.178159 -0.133482 1
0.058565 -0.235527 -0.106069 2
0.060481 -0.518084 -0.239538 0
0.085682 -0.361988 -0.162198 0
0.264026 0.092956 -0.068014 1
0.190163 0.030387 -0.064447 1
0.078200 -0.341382 -0.171748 0
-0.097611 0.079926 0.063798 2
0.073311 -0.372277 -0.161800 0
0.238426 0.067378 -0.111399 1
0.146936 -0.037415 -0.061199 1
0.222644 0.032632 -0.143476 1
0.086770 -0.606184 -0.285051 0
-0.063512 -0.003519 0.014263 2
0.159609 0.001639 -0.058462 1
0.160228 -0.033058 -0.082804 1
0.065421 -0.463478 -0.225404 0
0.116287 -0.087927 -0.147977 1
-0.163716 0.148541 0.116308 2
0.234684 0.075815 -0.052750 1
0.282420 0.109888 -0.046118 1
0.088168 -0.569370 -0.240524 0
0.322801 0.144100 -0.070729 1
-0.605288 0.402202 0.382548 2
0.133942 -0.102493 -0.074994 1
0.013183 -0.128399 -0.068280 2
-0.524316 0.313052 0.320397 2
0.124125 -0.091600 -0.120202 1
-0.642183 0.431821 0.394425 2
0.153729 -0.023125 -0.068574 1
0.356574 0.175541 -0.013780 1
-0.115631 0.084072 0.064887 2
0.108091 -0.119690 -0.128102 1
0.309055 0.132793 -0.113981 1
0.132015 -0.072056 -0.046935 1
-0.599877 0.378932 0.378543 2
-0.181021 0.166712 0.146460 2
0.076648 -0.167397 -0.139605 1
0.338218 0.152094 -0.030266 1
0.139115 -0.088754 -0.084788 1
0.087684 -0.534141 -0.226751 0
0.317632 0.132240 -0.098039 1
0.076397 -0.497690 -0.212176 0
-0.591162 0.338683 0.350536 2
0.343200 0.153866 -0.083958 1
0.048560 -0.291917 -0.129441 2
0.096167 -0.578392 -0.244382 0
-0.098512 0.064293 0.070350 2
0.067526 -0.299745 -0.161638 0
0.366309 0.178329 -0.069445 1
-0.042592 -0.018807 0.000184 2
0.098005 -0.586372 -0.264453 0
0.314740 0.141528 -0.009306 1
-0.683252 0.406844 0.406024 2
-0.555931 0.402076 0.347851 2
-0.278782 0.229200 0.215502 2
0.112048 -0.166816 -0.098029 1
0.075713 -0.596502 -0.250751 0
0.084485 -0.199564 -0.139516 1
-0.384090 0.294762 0.257803 2
0.158794 0.038592 -0.023813 1
0.244559 0.114461 0.007291 1
0.232943 0.044175 -0.137282 1
-0.017158 -0.101803 -0.035843 2
0.401626 0.217894 -0.038209 1
-0.573998 0.367142 0.368055 2
0.106783 -0.200824 -0.090952 1
-0.157136 0.119361 0.117574 2
-0.031006 -0.045537 -0.019680 2
0.059572 -0.469461 -0.200424 0
-0.693159 0.417750 0.414259 2
0.286619 0.122373 -0.012518 1
0.068367 -0.547932 -0.224583 0
-0.563711 0.326425 0.330666 2
-0.460431 0.339845 0.293119 2
0.071792 -0.322347 -0.168212 0
-0.115068 0.095274 0.090057 2
0.091302 -0.321531 -0.152286 0
0.073179 -0.566981 -0.232105 0
0.362306 0.172018 -0.036719 1
0.099422 -0.465532 -0.214069 0
0.037614 -0.209126 -0.085828 2
-0.581029 0.400407 0.370006 2
0.132980 -0.076271 -0.128552 1
-0.703739 0.450528 0.425054 2
-0.676513 0.417543 0.409747 2
0.067276 -0.390211 -0.171966 0
-0.470578 0.338092 0.315978 2
-0.524283 0.383623 0.321832 2
0.191726 0.000712 -0.153626 1
-0.257182 0.193429 0.196304 2
0.041386 -0.252793 -0.117293 2
0.274313 0.099475 -0.125805 1
0.032140 -0.233730 -0.101411 2
0.089361 -0.443853 -0.203092 0
-0.093635 0.070683 0.066751 2
-0.455197 0.319217 0.311456 2
0.201684 0.041075 -0.068886 1
-0.565224 0.375837 0.366621 2
0.434051 0.258279 -0.039378 1
0.316442 0.149122 -0.001331 1
0.072024 -0.289174 -0.157594 0
0.385728 0.209689 -0.041687 1
0.384673 0.201895 -0.025293 1
0.067664 -0.270218 -0.125792 2
0.093209 -0.501326 -0.221003 0
0.107635 -0.196931 -0.101989 1
0.049751 -0.252997 -0.107393 2
-0.618169 0.353659 0.367798 2
0.086066 -0.314103 -0.145923 0
0.044472 -0.202317 -0.103555 2
0.414589 0.249186 -0.050216 1
0.133198 -0.061929 -0.042786 1
0.082648 -0.385082 -0.192547 0
-0.373414 0.268879 0.266249 2
0.222961 0.066270 -0.054525 1
-0.487354 0.354725 0.316293 2
-0.038298 -0.029383 0.010711 2
-0.232078 0.204561 0.181097 2
0.345465 0.163886 -0.012502 1
-0.519521 0.316858 0.328916 2
-0.079956 0.024590 0.025952 2
-0.546367 0.331214 0.345441 2
-0.625163 0.422126 0.387279 2
0.060879 -0.280324 -0.162597 0
0.097218 -0.158892 -0.130042 1
0.094486 -0.480701 -0.213688 0
-0.013222 -0.095276 -0.042552 2
-0.709396 0.432002 0.422584 2
0.058724 -0.320858 -0.140753 0
0.372554 0.197843 -0.080530 1
0.087659 -0.598411 -0.237655 0
-0.066729 0.028239 0.042552 2
0.216229 0.071964 -0.039363 1
0.060552 -0.263914 -0.134681 2
0.158921 -0.030460 -0.120708 1
0.095942 -0.528876 -0.235488 0
-0.394237 0.297681 0.271150 2
-0.549411 0.356989 0.358227 2
-0.413300 0.285553 0.289215 2
0.135282 -0.110628 -0.104497 1
-0.147644 0.134036 0.121338 2
-0.302286 0.235578 0.201675 2
-0.601473 0.426627 0.369085 2
0.082223 -0.148977 -0.139242 1
0.211847 0.079520 -0.020089 1
0.407989 0.234422 0.001977 1
0.405126 0.223718 -0.047914 1
-0.386254 0.288668 0.270843 2
0.255300 0.087832 -0.091340 1
-0.146477 0.134884 0.104474 2
-0.038817 -0.033294 -0.010830 2
0.254123 0.069092 -0.129426 1
-0.187465 0.143205 0.144366 2
0.377419 0.197749 -0.009405 1
0.040282 -0.243100 -0.114174 2
-0.414032 0.276211 0.252003 2
0.196919 0.004798 -0.141879 1
0.325054 0.138115 -0.084068 1
0.117192 -0.092500 -0.135371 1
0.364919 0.183927 -0.048154 1
0.238588 0.075193 -0.084202 1
-0.477599 0.335183 0.322758 2
-0.184754 0.162356 0.156056 2
-0.406283 0.281023 0.251873 2
0.123190 -0.076771 -0.143958 1
0.222154 0.096443 -0.003900 1
0.089667 -0.346703 -0.160578 0
-0.532719 0.372312 0.348568 2
-0.702585 0.470618 0.414549 2
0.080848 -0.501492 -0.237175 0
0.100860 -0.202928 -0.128932 1
0.266691 0.109872 -0.019039 1
0.065562 -0.283904 -0.124510 2
0.091358 -0.447009 -0.215732 0
0.141521 -0.065394 -0.052372 1
0.081779 -0.224521 -0.143172 1
0.065241 -0.311115 -0.159825 0
0.093752 -0.560523 -0.244491 0
0.071064 -0.225842 -0.150153 1
0.403339 0.223652 -0.006530 1
-0.529127 0.327559 0.340456 2
0.427330 0.240177 -0.022486 1
-0.564802 0.346004 0.359503 2
-0.440747 0.299930 0.305784 2
-0.346539 0.273742 0.235769 2
-0.413969 0.286900 0.257014 2
0.290543 0.119479 -0.033333 1
0.143697 -0.071317 -0.096447 1
0.457201 0.265224 -0.012603 1
0.141047 -0.027177 -0.036836 1
-0.079147 0.052284 0.043207 2
-0.656314 0.428045 0.403170 2
-0.369588 0.264696 0.236070 2
0.084498 -0.552941 -0.232977 0
0.173985 0.049832 -0.026012 1
-0.565276 0.386008 0.365354 2
0.273792 0.130423 0.010711 1
0.148952 -0.041399 -0.053380 1
-0.334091 0.267402 0.233702 2
0.368373 0.187615 -0.055132 1
-0.236183 0.203121 0.171844 2
0.223227 0.040472 -0.115814 1
0.006999 -0.113152 -0.053989 2
0.416972 0.249093 0.002918 1
0.151732 -0.040437 -0.132154 1
0.237866 0.067753 -0.073711 1
0.150727 -0.035080 -0.150865 1
0.085965 -0.242546 -0.142524 1
-0.199585 0.152353 0.152521 2
-0.108847 0.079440 0.081692 2
0.385114 0.206509 -0.005997 1
0.100585 -0.137119 -0.128766 1
-0.486464 0.299275 0.308101 2
0.091988 -0.260510 -0.141034 1
-0.634920 0.439093 0.386302 2
-0.488543 0.315984 0.326502 2
-0.054427 0.005280 0.029164 2
-0.004662 -0.114782 -0.033012 2
0.255228 0.109084 -0.007894 1
0.319624 0.142613 -0.107418 1
0.231272 0.064192 -0.068500 1
0.274588 0.096950 -0.110314 1
0.093987 -0.589065 -0.273221 0
0.173866 -0.016652 -0.150514 1
0.348006 0.194545 0.018902 1
0.164841 -0.028396 -0.148267 1
-0.361042 0.275795 0.257290 2
0.123390 -0.151753 -0.108409 1
0.073198 -0.407943 -0.204575 0
-0.363220 0.255893 0.259346 2
0.039897 -0.242091 -0.102140 2
0.060546 -0.489625 -0.202539 0
0.459335 0.271793 -0.017964 1
0.078663 -0.471783 -0.203925 0
0.327667 0.150353 -0.052209 1
-0.611046 0.366510 0.379710 2
0.108929 -0.160047 -0.072466 1
0.067087 -0.566670 -0.263296 0
0.031787 -0.163174 -0.077196 2
0.143797 -0.049410 -0.046684 1
-0.439307 0.326286 0.284154 2
-0.574904 0.336658 0.351335 2
0.323466 0.138146 -0.099830 1
-0.340310 0.235403 0.242027 2
0.106413 -0.174085 -0.078110 1
0.018992 -0.131513 -0.061946 2
-0.501994 0.319228 0.330545 2
0.106397 -0.188432 -0.124059 1
0.124907 -0.105890 -0.115749 1
0.211918 0.040357 -0.082672 1
0.243885 0.076815 -0.099630 1
0.062395 -0.240896 -0.116778 2
0.091378 -0.363604 -0.176797 0
0.110522 -0.177274 -0.121227 1
0.058033 -0.500687 -0.233095 0
0.062004 -0.454900 -0.211447 0
-0.552430 0.382057 0.358687 2
0.331419 0.145664 -0.062146 1
0.091152 -0.164417 -0.132137 1
0.278026 0.120063 -0.008513 1
-0.564193 0.405884 0.353235 2
-0.262774 0.220852 0.205650 2
0.059282 -0.278755 -0.119977 2
0.057945 -0.492914 -0.236014 0
-0.624669 0.359598 0.373916 2
0.214531 0.037581 -0.108661 1
0.265281 0.094630 -0.057506 1
0.220598 0.054737 -0.071770 1
-0.336062 0.241660 0.217097 2
0.056218 -0.458433 -0.216449 0
0.164556 -0.031843 -0.092863 1
-0.545411 0.345780 0.353443 2
-0.670098 0.447762 0.407171 2
-0.736378 0.474288 0.434219 2
0.120975 -0.133888 -0.082348 1
0.254695 0.074237 -0.114794 1
0.364366 0.178546 -0.024367 1
-0.104139 0.088314 0.073346 2
0.301536 0.121270 -0.072631 1
0.079608 -0.362468 -0.183057 0
-0.521136 0.377027 0.330372 2
0.432561 0.254674 -0.025398 1
-0.284920 0.236203 0.203926 2
0.237979 0.050739 -0.135513 1
0.256513 0.078384 -0.107314 1
0.325713 0.144242 -0.019449 1
0.084307 -0.578417 -0.278543 0
0.130083 -0.081343 -0.049907 1
-0.081942 0.050627 0.054444 2
0.306999 0.127664 -0.043557 1
0.332359 0.154252 -0.101888 1
0.081751 -0.320515 -0.142765 0
0.033214 -0.214236 -0.102868 2
0.385597 0.208530 -0.064545 1
0.156713 -0.029070 -0.147438 1
-0.077665 0.038719 0.050038 2
0.253481 0.088188 -0.071962 1
-0.090553 0.038235 0.054236 2
0.216257 0.048095 -0.085537 1
0.344553 0.155908 -0.075601 1
0.263610 0.093135 -0.106512 1
0.400783 0.222408 -0.057789 1
0.393721 0.209025 -0.026809 1
0.087399 -0.213661 -0.137968 1
-0.055096 -0.006657 0.005386 2
0.005603 -0.112628 -0.040752 2
0.154982 -0.001147 -0.051686 1
0.143337 -0.053073 -0.065179 1
0.011779 -0.162780 -0.073861 2
0.237901 0.106339 0.001740 1
0.063731 -0.247181 -0.158258 0
0.439831 0.248642 -0.014698 1
-0.612220 0.425223 0.378105 2
0.350455 0.161377 -0.037561 1
0.129266 -0.126817 -0.093856 1
0.104929 -0.185646 -0.084890 1
0.297898 0.155863 0.020166 1
0.090004 -0.411719 -0.184406 0
0.070839 -0.619889 -0.267833 0
0.130721 -0.110148 -0.077466 1
-0.049703 -0.000796 0.022075 2
0.025118 -0.158984 -0.082253 2
-0.508286 0.369692 0.321061 2
0.066394 -0.559501 -0.242556 0
0.246971 0.080704 -0.092095 1
0.420979 0.247692 -0.034203 1
0.286754 0.105629 -0.108068 1
0.250665 0.115171 0.002238 1
0.131493 -0.065211 -0.151723 1
0.281987 0.143950 0.019439 1
-0.010462 -0.083568 -0.038767 2
0.085938 -0.281659 -0.115654 1
0.433725 0.245737 -0.007317 1
0.093426 -0.422206 -0.190186 0
-0.270520 0.205960 0.208749 2
-0.009969 -0.099094 -0.024866 2
0.412749 0.231339 -0.035082 1
-0.599385 0.368508 0.376478 2
0.232724 0.049745 -0.124605 1
-0.029926 -0.041808 0.003646 2
0.068341 -0.446424 -0.199191 0
-0.308315 0.251895 0.221700 2
0.325115 0.176622 0.019713 1
0.288921 0.116618 -0.043879 1
0.064898 -0.382685 -0.171419 0
0.177134 0.000696 -0.086224 1
0.353705 0.186357 0.004110 1
-0.445499 0.317564 0.305686 2
-0.547255 0.323023 0.333845 2
0.144402 -0.060050 -0.081167 1
-0.089791 0.041360 0.036427 2
0.186808 0.009098 -0.091687 1
-0.464970 0.330583 0.314832 2
-0.242694 0.195477 0.194287 2
0.084049 -0.520576 -0.222658 0
-0.090919 0.027141 0.042625 2
0.048478 -0.200720 -0.096945 2
0.289782 0.115731 -0.108493 1
-0.193610 0.167902 0.161718 2
0.266916 0.118165 -0.000269 1
-0.654995 0.411027 0.400921 2
0.090660 -0.286205 -0.138998 1
0.275226 0.109520 -0.037955 1
-0.136618 0.125124 0.109867 2
-0.251387 0.216620 0.195891 2
0.268896 0.099601 -0.085050 1
0.115017 -0.108542 -0.124957 1
0.249013 0.104154 -0.009982 1
0.100515 -0.216228 -0.129023 1
0.278660 0.091852 -0.131182 1
-0.214782 0.188163 0.153430 2
-0.590631 0.356632 0.369486 2
-0.316927 0.242989 0.208768 2
0.081340 -0.543173 -0.259795 0
0.336035 0.157231 -0.047818 1
-0.110296 0.096652 0.079423 2
-0.162413 0.132214 0.108381 2
-0.155793 0.140505 0.111931 2
0.347694 0.167602 -0.051135 1
0.009680 -0.137823 -0.069044 2
-0.695889 0.459210 0.418127 2
0.035591 -0.180202 -0.078530 2
-0.237028 0.207701 0.186300 2
0.021180 -0.150274 -0.059640 2
-0.419976 0.296542 0.264300 2
-0.415365 0.312382 0.276503 2
-0.028471 -0.080628 -0.020962 2
-0.515029 0.362360 0.339178 2
0.299139 0.141433 0.005753 1
0.066010 -0.400753 -0.188286 0
0.228733 0.063732 -0.082350 1
0.081080 -0.373072 -0.184218 0
0.188210 0.060523 -0.031464 1
0.090405 -0.375471 -0.184357 0
0.134710 -0.080417 -0.070376 1
0.128871 -0.093610 -0.047380 1
0.399396 0.223764 -0.015126 1
0.305605 0.122607 -0.088901 1
0.090913 -0.454993 -0.202431 0
0.197019 0.011943 -0.116762 1
0.354622 0.173003 -0.060636 1
0.071844 -0.610072 -0.262180 0
-0.742149 0.464461 0.432172 2
0.407900 0.238986 -0.060603 1
-0.167787 0.128046 0.126072 2
-0.462005 0.305625 0.314641 2
0.070628 -0.452120 -0.219606 0
0.074775 -0.585124 -0.239103 0
0.337899 0.150766 -0.071374 1
0.205514 0.015751 -0.129992 1
0.112609 -0.168091 -0.112858 1
0.089671 -0.271191 -0.132951 1
0.357352 0.175010 -0.094288 1
0.369015 0.188582 -0.043464 1
0.394675 0.212032 -0.052890 1
0.452628 0.264089 -0.003591 1
0.184598 0.042102 -0.045760 1
-0.577079 0.391506 0.370574 2
0.069477 -0.438377 -0.193751 0
0.290299 0.116932 -0.078890 1
0.145714 -0.048180 -0.070921 1
0.327355 0.144926 -0.086938 1
0.248905 0.063362 -0.138461 1
0.390267 0.210112 -0.016358 1
0.066371 -0.341174 -0.170328 0
0.276308 0.103715 -0.114053 1
0.056732 -0.489946 -0.219703 0
-0.505186 0.336754 0.339169 2
0.211996 0.023541 -0.140731 1
-0.280984 0.221498 0.217713 2
-0.307146 0.243679 0.230601 2
0.091011 -0.269539 -0.119613 1
-0.346755 0.270277 0.248727 2
0.067278 -0.582862 -0.264343 0
0.243352 0.057519 -0.132571 1
0.127859 -0.133678 -0.107319 1
0.113843 -0.138033 -0.061507 1
0.300393 0.123895 -0.045770 1
-0.172936 0.148076 0.144823 2
0.112437 -0.181318 -0.104764 1
0.050145 -0.260001 -0.128799 2
0.315759 0.140675 -0.035191 1
0.098169 -0.239623 -0.118081 1
0.395333 0.219938 -0.022482 1
0.311845 0.164855 0.018880 1
0.103689 -0.213757 -0.098841 1
0.074030 -0.527499 -0.217660 0
-0.616932 0.378336 0.384612 2
0.336654 0.149088 -0.097255 1
0.170340 -0.022657 -0.142093 1
-0.651799 0.435498 0.397857 2
0.095946 -0.614142 -0.231395 0
0.398489 0.218085 -0.008581 1
-0.574763 0.416537 0.351065 2
-0.521132 0.312513 0.302051 2
0.140848 -0.073777 -0.059231 1
0.230970 0.097569 -0.007671 1
-0.686474 0.446023 0.417913 2
0.045861 -0.228222 -0.117117 2
0.006990 -0.152655 -0.067888 2
0.013428 -0.173662 -0.076153 2
-0.620415 0.408576 0.387408 2
0.077887 -0.363281 -0.156557 0
0.229481 0.051562 -0.108701 1
0.026815 -0.153338 -0.068645 2
0.411747 0.240530 -0.042069 1
0.429310 0.254118 -0.043684 1
0.148711 -0.059424 -0.098246 1
-0.351107 0.277028 0.243702 2
-0.274968 0.217268 0.186495 2
0.415903 0.232484 -0.014952 1
0.155783 -0.024289 -0.060768 1
0.257592 0.123495 0.010841 1
0.109644 -0.171381 -0.092415 1
0.054373 -0.267370 -0.113887 2
0.152740 -0.005028 -0.044641 1
0.092222 -0.236233 -0.137912 1
-0.037245 -0.057591 0.000759 2
-0.120968 0.073680 0.074749 2
0.373041 0.203861 0.005126 1
0.152492 -0.018435 -0.044743 1
0.245651 0.076678 -0.069184 1
-0.649034 0.406869 0.398711 2
-0.346171 0.261159 0.224143 2
-0.437198 0.316367 0.309134 2
0.341057 0.159604 -0.088446 1
-0.583956 0.368946 0.371123 2
0.369611 0.188970 -0.069483 1
0.088571 -0.288157 -0.119423 1
0.162213 -0.027165 -0.126737 1
0.278327 0.112831 -0.030938 1
0.292913 0.114984 -0.059467 1
0.406731 0.237939 -0.048226 1
0.308860 0.130591 -0.030401 1
0.029796 -0.177262 -0.072494 2
-0.517067 0.337523 0.343952 2
-0.302961 0.215816 0.220595 2
-0.326925 0.227471 0.233605 2
0.056923 -0.278637 -0.139060 2
-0.725838 0.461902 0.431148 2
0.375169 0.194500 -0.067533 1
0.011630 -0.119091 -0.055525 2
-0.232418 0.178392 0.181404 2
0.361991 0.173497 -0.056909 1
0.328661 0.171866 0.014610 1
0.090852 -0.401870 -0.194160 0
0.274989 0.100820 -0.072255 1
0.071627 -0.535706 -0.259161 0
0.168736 0.001119 -0.067954 1
0.083305 -0.356853 -0.177209 0
-0.044816 -0.024951 0.016131 2
0.077303 -0.418689 -0.181520 0
0.060731 -0.303120 -0.148831 2
0.089732 -0.131187 -0.138550 1
0.213346 0.029424 -0.120276 1
0.121483 -0.150729 -0.095796 1
0.176678 0.008743 -0.071843 1
-0.515526 0.355007 0.342703 2
0.434003 0.247722 -0.027872 1
0.013870 -0.139794 -0.051918 2
-0.443582 0.324098 0.300309 2
0.256494 0.086706 -0.065242 1
0.267544 0.104925 -0.046761 1
-0.466179 0.342855 0.287538 2
0.078460 -0.251465 -0.148858 1
-0.025300 -0.047297 -0.013513 2
0.089141 -0.431939 -0.207863 0
0.262781 0.086734 -0.095124 1
0.082651 -0.435426 -0.188757 0
0.084502 -0.163394 -0.139058 1
0.190230 0.038379 -0.054975 1
-0.681095 0.434013 0.413361 2
0.021335 -0.193400 -0.078772 2
0.137362 -0.091272 -0.074807 1
0.274011 0.093666 -0.119896 1
0.068128 -0.571594 -0.247188 0
0.119421 -0.129450 -0.115508 1
0.103679 -0.592050 -0.249878 0
0.138581 -0.084219 -0.096518 1
-0.452025 0.296035 0.268698 2
-0.042740 -0.016609 0.015727 2
0.362954 0.182017 -0.062829 1
-0.064941 0.013222 0.015303 2
0.362311 0.175353 -0.079654 1
0.451243 0.265434 -0.026563 1
0.148950 -0.047784 -0.080709 1
0.094151 -0.461802 -0.217809 0
-0.435235 0.299519 0.268597 2
0.241378 0.089276 -0.035214 1
0.156394 -0.040337 -0.079361 1
0.159720 -0.011800 -0.064678 1
0.176982 0.018042 -0.063314 1
0.154877 0.012837 -0.032612 1
0.267350 0.113692 -0.011297 1
-0.050076 -0.029499 -0.002270 2
0.096547 -0.242389 -0.109624 1
0.088716 -0.145404 -0.137092 1
0.187259 0.001644 -0.137703 1
0.087922 -0.374942 -0.168020 0
0.056633 -0.452876 -0.197004 0
0.141434 -0.061916 -0.118609 1
-0.126699 0.093993 0.096216 2
0.462815 0.270364 -0.011025 1
-0.199727 0.160147 0.162098 2
-0.574828 0.331892 0.341159 2
0.046819 -0.208274 -0.091751 2
0.441342 0.266969 -0.030718 1
-0.731203 0.454624 0.428014 2
0.144649 0.000397 -0.027873 1
0.056403 -0.478185 -0.198230 0
0.080255 -0.573011 -0.272852 0
0.242578 0.060197 -0.124911 1
0.058675 -0.288033 -0.142916 2
-0.561885 0.336972 0.352143 2
0.069161 -0.361529 -0.179796 0
-0.586257 0.418131 0.363554 2
0.240468 0.081182 -0.050781 1
0.095022 -0.487969 -0.228437 0
0.068109 -0.503662 -0.242719 0
0.134697 -0.093541 -0.106710 1
0.004617 -0.097639 -0.038789 2
0.109802 -0.179926 -0.083199 1
-0.069843 0.024476 0.021546 2
-0.253320 0.209289 0.177062 2
0.099254 -0.481531 -0.220720 0
0.189167 0.067061 -0.018009 1
0.125710 -0.086459 -0.133837 1
-0.471327 0.343789 0.311341 2
0.067815 -0.425712 -0.199786 0
0.071667 -0.555171 -0.270206 0
0.082455 -0.597519 -0.281933 0
0.053573 -0.471273 -0.215881 0
0.054758 -0.308082 -0.134989 2
0.383471 0.198200 -0.033550 1
0.148694 -0.061063 -0.090834 1
0.125821 -0.119358 -0.080247 1
0.088416 -0.206476 -0.136724 1
0.100242 -0.144576 -0.128714 1
