0.193475 0.218223 -0.385120 2
-0.235839 -0.857279 0.457659 0
-0.163377 -0.045724 0.309354 3
-0.244345 0.556298 0.142320 3
0.181887 -0.256156 -0.453307 2
0.028649 0.225954 0.020443 2
-0.207090 -0.447435 0.397340 0
-0.076797 -0.097206 0.555899 1
0.274208 -0.009018 -0.497590 2
-0.139145 0.210444 0.225755 3
0.072435 0.288936 -0.198847 2
-0.200050 -0.227523 0.429620 1
-0.221522 -0.652964 0.421513 0
-0.136839 0.392544 0.147040 3
-0.102164 0.053138 0.190376 2
0.195060 0.110970 -0.481356 2
-0.076380 0.153770 0.091727 2
0.181862 -0.119549 -0.494707 2
0.194326 0.273474 -0.256550 2
-0.176714 -0.179116 0.306945 0
-0.181312 -0.328867 0.353333 0
-0.118234 -0.134631 0.445162 1
0.088260 0.274319 -0.076981 2
-0.238269 -0.756257 0.433119 0
-0.219292 -0.550628 0.403593 0
-0.157272 0.052334 0.277811 3
0.266147 0.155376 -0.423321 2
-0.167196 0.489287 0.155973 3
-0.122571 0.305430 0.197449 3
0.241909 -0.179983 -0.448583 2
0.190053 0.024510 -0.516235 2
0.138732 0.260444 -0.328178 2
0.280048 0.083863 -0.485920 2
0.002655 0.254073 -0.059686 2
-0.125222 -0.018067 0.235193 2
-0.138830 0.123443 0.232203 3
-0.145396 -0.142978 0.526419 1
0.254435 -0.087768 -0.473163 2
0.152936 0.285867 -0.184098 2
-0.054268 0.105562 0.152931 2
-0.142866 -0.271962 0.397003 1
-0.046318 0.197520 0.032882 2
0.230320 0.246294 -0.324740 2
0.179398 0.181270 -0.449722 2
0.119603 0.277202 -0.256351 2
0.038329 0.276095 -0.132392 2
-0.163681 -0.112518 0.277365 2
-0.175881 -0.251443 0.334140 0
-0.130688 -0.199663 0.405711 1
0.198672 -0.050655 -0.513273 2
0.175505 -0.189682 -0.482650 2
-0.173967 -0.190299 0.483665 1
-0.172489 -0.390334 0.385102 0
-0.011486 0.171274 0.084142 2
0.102966 0.284386 -0.142210 2
-0.098110 -0.100529 0.496594 1
0.250150 0.196990 -0.378298 2
-0.208814 -0.266836 0.382837 1
0.057784 0.254010 -0.028622 2
-0.025467 0.228777 -0.013106 2
0.243239 0.042291 -0.502024 2
-0.134745 0.248943 0.183041 3
-0.136268 -0.065872 0.264809 2
0.221264 0.148714 -0.454704 2
-0.226043 -0.704436 0.432836 0
-0.246568 -0.808136 0.437767 0
-0.129326 0.341388 0.157081 3
0.229518 -0.134024 -0.471028 2
-0.225971 -0.601572 0.412881 0
-0.207137 -0.499068 0.404754 0
-0.104381 0.091137 0.153597 2
-0.158962 0.000905 0.285742 3
-0.203468 0.525657 0.150488 3
-0.035839 0.142189 0.122154 2
-0.146211 0.443532 0.164756 3
0.224462 -0.231751 -0.439428 2
0.221596 0.187036 -0.421298 2
0.181731 0.259844 -0.302963 2
-0.138393 0.165950 0.203644 3
-0.164354 -0.133695 0.322394 3
-0.157573 -0.174593 0.439756 1
0.225943 -0.009373 -0.514487 2
0.260353 0.118483 -0.456786 2
-0.159364 -0.318397 0.396589 1
0.180116 0.251401 -0.352643 2
0.188655 0.071588 -0.507991 2
-0.137112 0.074752 0.240816 3
-0.208737 -0.360259 0.379096 1
0.040821 0.264009 -0.086064 2
-0.132512 0.021819 0.208281 2
-0.152962 -0.148535 0.480292 1
0.247273 -0.051038 -0.501368 2
0.002349 0.200386 0.051058 2
0.231953 0.085016 -0.490718 2
0.219089 -0.091548 -0.501678 2
-0.165194 -0.232161 0.401291 1
-0.118021 -0.109583 0.542873 1
-0.091076 0.123083 0.125213 2
0.159193 0.278016 -0.230205 2
0.113395 0.280061 -0.209357 2
-0.165167 -0.210073 0.339450 0
0.019784 0.234438 -0.023667 2
-0.161078 -0.091981 0.315408 3
-0.211089 -0.405986 0.377825 0
0.177675 0.217215 -0.423222 2
-0.184722 -0.287775 0.351956 0
-0.141584 0.021434 0.254481 3
-0.071343 0.079150 0.182400 2
0.224893 0.222920 -0.359152 2
0.212850 -0.172196 -0.475932 2
-0.098675 0.011938 0.228630 2
-0.052367 0.176906 0.066781 2
0.153206 0.270535 -0.276493 2
0.075029 0.270502 -0.118254 2
0.066332 0.283963 -0.158442 2
-0.126953 0.371846 0.180545 3
-0.208536 -0.309375 0.372742 1
-0.126020 -0.164259 0.419361 1
0.199804 -0.210416 -0.461848 2
-0.130151 -0.122524 0.496163 1
-0.148799 0.159142 0.240530 3
0.280125 0.033485 -0.503304 2
-0.139195 -0.029371 0.272774 3
-0.011337 0.212954 0.017185 2
-0.165576 -0.354632 0.391792 1
-0.183145 -0.200919 0.449872 1
-0.176734 -0.287667 0.387806 1
-0.133527 -0.090979 0.290954 2
0.120795 0.269536 -0.292400 2
0.191109 -0.014276 -0.508613 2
0.105880 0.285358 -0.107120 2
0.188331 0.140183 -0.463192 2
0.184078 -0.154173 -0.489988 2
0.168997 0.242780 -0.385151 2
0.091300 0.283845 -0.235781 2
0.117449 0.281423 -0.173507 2
0.231628 0.117734 -0.475860 2
0.186174 -0.081504 -0.502807 2
0.212176 0.263226 -0.288023 2
-0.169306 -0.143816 0.290787 2
-0.152559 -0.044591 0.244623 2
-0.133055 0.242731 0.215928 3
-0.138998 0.216984 0.192079 3
-0.121754 0.338861 0.189533 3
-0.153973 0.098788 0.256721 3
-0.166328 -0.202676 0.421299 1
0.035299 0.250598 -0.055066 2
0.251401 0.011679 -0.513405 2
0.250467 0.178698 -0.405798 2
-0.127286 0.273772 0.206569 3
-0.128915 0.290759 0.168691 3
-0.161185 -0.168274 0.504897 1
-0.043663 0.156336 0.094074 2
-0.107151 -0.115731 0.469756 1
-0.090634 -0.093985 0.527181 1
-0.195298 -0.242886 0.400183 1
0.220947 0.198231 -0.391164 2
-0.130850 0.415875 0.168800 3
-0.182846 -0.420246 0.383103 0
0.213002 0.051448 -0.509850 2
-0.152240 -0.168553 0.323746 0
0.064324 0.261588 -0.060188 2
0.270293 -0.037344 -0.484511 2
-0.159055 0.459550 0.141028 3
0.220886 0.021343 -0.513240 2
-0.136294 -0.241338 0.396571 1
0.236490 0.161068 -0.427413 2
-0.145134 0.423959 0.141432 3
-0.146389 -0.122470 0.300370 3
0.257639 0.069044 -0.501953 2
-0.143596 -0.150424 0.451050 1
-0.063504 0.131964 0.117008 2
0.200713 0.249016 -0.328225 2
0.212816 -0.122714 -0.493105 2
-0.026580 0.184836 0.054007 2
-0.158185 -0.071301 0.294182 3
0.044441 0.244334 -0.003863 2
-0.158804 -0.085578 0.265940 2
-0.111506 -0.028561 0.259037 2
-0.188003 -0.375032 0.364407 0
0.206820 0.171572 -0.443182 2
-0.011141 0.242841 -0.034539 2
-0.090602 0.036824 0.215335 2
0.252485 -0.117449 -0.463671 2
0.177494 -0.230109 -0.465846 2
0.228248 -0.205301 -0.451990 2
0.256302 0.103831 -0.481596 2
-0.189257 0.500750 0.141325 3
-0.114728 0.068082 0.167505 2
0.248166 -0.148302 -0.454451 2
-0.251196 -0.833998 0.449352 0
-0.186757 -0.339117 0.380489 1
-0.211999 -0.576282 0.413222 0
0.215924 -0.034855 -0.497286 2
-0.236568 -0.674095 0.432900 0
-0.143342 -0.000149 0.222828 2
0.204642 0.214889 -0.410880 2
-0.234167 -0.782405 0.442399 0
-0.200096 -0.473086 0.388639 0
0.129546 0.290538 -0.148218 2
0.196386 0.199744 -0.434346 2
0.008680 0.225520 0.001336 2
0.168958 0.259705 -0.328762 2
0.241171 -0.107180 -0.487504 2
-0.212092 -0.525088 0.396559 0
-0.132974 -0.132677 0.470345 1
0.200562 0.237357 -0.364180 2
-0.165100 -0.169675 0.465564 1
-0.175889 -0.261130 0.394889 1
0.252231 0.139524 -0.441757 2
0.251079 -0.024385 -0.503916 2
-0.230588 0.533075 0.142771 3
-0.231448 -0.628008 0.424073 0
-0.036446 0.214525 0.007445 2
0.198948 -0.235724 -0.449229 2
-0.080045 0.063633 0.202597 2
0.013973 0.262133 -0.086334 2
-0.231400 -0.730848 0.438515 0
0.205538 0.088591 -0.493005 2
0.236387 -0.071378 -0.487852 2
0.142970 0.280680 -0.209379 2
0.150651 0.266499 -0.302561 2
-0.140602 0.181198 0.228378 3
-0.163113 -0.020358 0.302060 3
-0.131925 0.367327 0.152637 3
-0.140838 0.047187 0.249469 3
-0.141637 0.191021 0.194607 3
0.088823 0.281097 -0.171584 2
-0.158109 0.027036 0.284719 3
-0.140915 -0.004476 0.265085 3
-0.130629 -0.119889 0.522480 1
-0.182982 -0.313423 0.381554 1
0.219964 -0.066904 -0.509095 2
0.260785 -0.060857 -0.480869 2
-0.125766 0.319973 0.170554 3
0.127971 0.278006 -0.230203 2
-0.023778 0.162549 0.108551 2
-0.084011 0.108014 0.144284 2
-0.136460 0.145108 0.217841 3
0.215765 -0.255454 -0.438027 2
0.145337 0.271271 -0.250221 2
-0.152675 0.073186 0.264562 3
0.063848 0.266193 -0.095879 2
0.278305 0.105522 -0.469832 2
-0.045924 0.123527 0.137710 2
-0.145883 -0.050377 0.284244 3
-0.163949 -0.199728 0.316929 0
-0.124321 0.042144 0.191935 2
0.213561 -0.148605 -0.482918 2
0.167028 0.283973 -0.205935 2
-0.149106 -0.185005 0.419349 1
0.155925 0.253926 -0.354194 2
0.182381 0.047614 -0.517370 2
-0.136244 0.098548 0.235643 3
0.233003 -0.158803 -0.472398 2
0.170068 0.272687 -0.255570 2
-0.021964 0.200339 0.036122 2
-0.147445 -0.138359 0.501313 1
0.215881 0.234543 -0.340209 2
-0.085329 0.137141 0.106426 2
0.028092 0.269424 -0.111818 2
0.019378 0.208671 0.034104 2
-0.109732 -0.105963 0.516752 1
-0.119971 -0.049701 0.270622 2
-0.196910 -0.288040 0.375511 1
0.182572 0.279816 -0.232259 2
-0.152857 0.134352 0.247280 3
-0.154115 -0.153629 0.305459 0
-0.167548 -0.112372 0.306260 3
-0.195969 -0.390036 0.385460 0
0.179517 0.230921 -0.404543 2
0.095898 0.283319 -0.194459 2
-0.205431 -0.433560 0.378921 0
-0.132107 0.392433 0.171416 3
-0.181264 -0.220762 0.413324 1
-0.144490 -0.220222 0.400992 1
0.213103 0.129999 -0.465383 2
0.184051 0.268218 -0.276470 2
-0.072178 0.097435 0.164863 2
-0.004286 0.185222 0.067327 2
0.238519 0.129403 -0.457195 2
-0.168790 -0.230789 0.327361 0
-0.109949 0.027152 0.207935 2
0.081567 0.276303 -0.143268 2
-0.096026 -0.108745 0.552228 1
-0.152185 -0.292495 0.394448 1
0.218221 -0.185837 -0.458705 2
-0.091107 0.079393 0.167502 2
-0.034674 0.170167 0.078803 2
0.238003 0.231992 -0.342840 2
-0.208336 -0.333850 0.378022 1
-0.172061 -0.158764 0.320925 0
0.218264 0.256123 -0.308151 2
-0.119375 0.005956 0.223419 2
-0.172225 -0.272003 0.341519 0
0.231799 0.066620 -0.503013 2
0.200119 -0.107237 -0.502293 2
0.205457 0.000944 -0.515480 2
0.182909 0.160797 -0.457698 2
-0.186331 -0.349630 0.358362 0
-0.147895 -0.025070 0.235792 2
-0.128144 0.269851 0.183021 3
-0.109248 -0.004321 0.241048 2
0.087610 0.286264 -0.214307 2
0.200136 -0.189551 -0.473207 2
-0.169820 -0.180024 0.329108 0
-0.067976 0.119057 0.134995 2
0.009544 0.246089 -0.039604 2
0.137921 0.286795 -0.168779 2
0.178732 -0.209880 -0.476140 2
-0.187300 -0.308585 0.356873 0
0.128495 0.282185 -0.193713 2
0.232169 0.205851 -0.370933 2
0.117822 0.288893 -0.127557 2
0.205633 -0.030133 -0.515352 2
-0.132788 -0.045085 0.252293 2
0.275122 0.057283 -0.500234 2
-0.070837 0.170150 0.074496 2
-0.151032 -0.102495 0.293214 2
0.256403 0.032099 -0.514924 2
0.229865 -0.029828 -0.512232 2
0.274819 0.011075 -0.503453 2
-0.180992 -0.365114 0.381463 1
0.189958 -0.174630 -0.484081 2
0.190028 0.238840 -0.384904 2
-0.056575 0.186967 0.049011 2
0.050656 0.271850 -0.110980 2
0.058103 0.279381 -0.137796 2
0.220991 0.102581 -0.484973 2
0.035385 0.248077 -0.034592 2
0.083159 0.277360 -0.096721 2
0.064234 0.289154 -0.178280 2
-0.180504 -0.210886 0.325753 0
-0.160526 -0.065904 0.313877 3
0.185092 -0.035533 -0.510440 2
-0.155255 -0.065793 0.257047 2
-0.132805 -0.071238 0.284163 2
-0.157882 -0.251738 0.393252 1
-0.193019 -0.218643 0.449416 1
0.213486 0.217876 -0.375092 2
0.212297 0.071982 -0.502560 2
0.238321 0.186658 -0.390999 2
-0.234160 -0.823531 0.446791 0
0.133194 0.272463 -0.276578 2
-0.167167 -0.333982 0.386669 1
0.199819 -0.138467 -0.493391 2
0.256149 0.084275 -0.489058 2
0.026848 0.233831 0.001953 2
0.099760 0.279261 -0.255203 2
0.171006 -0.169105 -0.489854 2
-0.126831 -0.148913 0.434407 1
-0.157668 -0.030124 0.285694 3
-0.175505 0.477423 0.142448 3
-0.174507 -0.186069 0.459818 1
-0.005719 0.230375 -0.011218 2
-0.158017 0.464406 0.160058 3
-0.201513 -0.416500 0.391321 0
-0.182093 -0.203853 0.469217 1
0.027140 0.259454 -0.072083 2
-0.147354 0.036813 0.265024 3
0.272578 0.130904 -0.448063 2
-0.171183 -0.189479 0.439642 1
-0.001069 0.209533 0.033331 2
0.199507 -0.070119 -0.511111 2
-0.163429 -0.163901 0.486142 1
-0.134723 0.197071 0.212444 3
-0.165980 -0.303564 0.385585 1
0.070410 0.260651 -0.041877 2
-0.185449 -0.211101 0.429521 1
-0.189475 -0.272421 0.383925 1
-0.210380 -0.254542 0.397401 1
-0.211059 -0.380727 0.378576 0
-0.216429 -0.617666 0.418694 0
0.179545 0.242222 -0.369386 2
-0.125548 0.289520 0.187273 3
-0.115138 -0.111075 0.496701 1
-0.212050 -0.478346 0.402255 0
-0.133180 0.222584 0.212658 3
0.249846 0.161550 -0.414152 2
0.215543 -0.055259 -0.495027 2
-0.059298 0.145122 0.104290 2
-0.153683 -0.152967 0.512737 1
0.096523 0.280138 -0.122520 2
-0.147007 0.442583 0.146044 3
0.224350 0.172330 -0.436188 2
-0.090818 0.067593 0.186759 2
0.243974 -0.004328 -0.507253 2
0.203610 0.155796 -0.452664 2
0.108564 0.274605 -0.271186 2
0.243052 0.215927 -0.359593 2
0.228568 -0.116065 -0.475850 2
-0.126564 0.351626 0.176865 3
0.232000 -0.092242 -0.481263 2
0.256324 0.052491 -0.510356 2
-0.140284 -0.161568 0.435064 1
-0.212568 -0.535492 0.411766 0
-0.149054 0.016785 0.270661 3
0.045529 0.255146 -0.069679 2
0.220708 -0.045664 -0.514261 2
-0.143904 -0.095185 0.276353 2
-0.151233 -0.202240 0.410930 1
0.011249 0.220301 0.020257 2
-0.146262 -0.138278 0.311544 0
-0.130218 0.237949 0.196892 3
0.195261 0.243040 -0.344557 2
0.200112 0.257675 -0.307831 2
0.201414 0.197665 -0.415822 2
-0.151253 -0.014597 0.278745 3
-0.127879 0.258189 0.197230 3
0.133541 0.266358 -0.308552 2
-0.016351 0.222511 0.001229 2
-0.119448 0.053484 0.178803 2
0.169478 0.266076 -0.286834 2
0.204462 0.269388 -0.273047 2
0.232307 0.176995 -0.411007 2
0.237945 0.021677 -0.507086 2
-0.240025 -0.715549 0.433966 0
0.181800 0.248201 -0.333498 2
0.212668 -0.224617 -0.452059 2
-0.150229 0.114361 0.248981 3
-0.206491 -0.239780 0.418458 1
-0.223278 -0.562972 0.416610 0
0.236095 0.150855 -0.441920 2
0.240589 -0.164067 -0.457216 2
-0.057468 0.163445 0.083943 2
0.256329 0.185264 -0.389991 2
-0.194536 -0.324073 0.373084 1
-0.152995 -0.137386 0.293752 2
0.111741 0.282077 -0.235666 2
0.223964 -0.168523 -0.460862 2
-0.138482 0.164984 0.221924 3
0.216025 -0.076215 -0.493672 2
0.195300 0.124729 -0.467710 2
-0.194791 -0.411461 0.373729 0
-0.158424 -0.179538 0.311548 0
-0.143763 0.424016 0.160359 3
-0.099599 0.109363 0.136578 2
0.111422 0.276409 -0.189057 2
0.268499 0.143378 -0.435679 2
0.109537 0.281433 -0.157998 2
0.071241 0.266761 -0.075217 2
-0.195983 0.510193 0.154194 3
0.261139 -0.000325 -0.505594 2
-0.158431 -0.272252 0.389452 1
-0.231136 -0.798096 0.435811 0
-0.123580 -0.120903 0.478823 1
-0.165320 -0.128028 0.285155 2
-0.118841 -0.125009 0.461165 1
-0.197630 -0.452447 0.383897 0
0.206372 0.208393 -0.390774 2
0.238103 0.103543 -0.483957 2
0.207573 0.031039 -0.508420 2
-0.139928 -0.133601 0.486006 1
0.200331 -0.158761 -0.486962 2
-0.128692 -0.183694 0.411644 1
0.243142 -0.086266 -0.493039 2
0.180948 -0.137772 -0.493845 2
0.047709 0.282500 -0.151051 2
0.218957 0.199932 -0.410393 2
-0.161024 -0.216016 0.408393 1
0.050832 0.255949 -0.050386 2
-0.193697 -0.395092 0.369071 0
0.220032 -0.107358 -0.494256 2
-0.217747 0.522002 0.141535 3
-0.233803 -0.689346 0.425957 0
-0.135338 -0.127578 0.536819 1
-0.238489 -0.844256 0.444896 0
0.180551 0.197226 -0.439740 2
0.214895 0.115826 -0.474450 2
0.080179 0.267381 -0.060467 2
0.230877 0.036845 -0.512117 2
0.163780 0.263954 -0.312786 2
0.266819 -0.024131 -0.497451 2
0.195754 0.228627 -0.400807 2
-0.036605 0.206269 0.022079 2
0.195831 0.263246 -0.291826 2
-0.138850 0.408685 0.155809 3
0.205655 0.186112 -0.431679 2
-0.143369 0.140273 0.234994 3
-0.104672 -0.106271 0.532571 1
0.246467 0.119569 -0.468624 2
-0.123920 0.320089 0.187058 3
0.243532 0.073233 -0.492095 2
-0.165948 -0.086306 0.300631 3
-0.094805 0.049539 0.204696 2
-0.146160 0.083340 0.253324 3
-0.158228 -0.190660 0.334031 0
-0.217782 -0.514609 0.407935 0
-0.201551 -0.488978 0.392992 0
-0.109163 0.040978 0.199059 2
0.027946 0.264120 -0.096286 2
0.200384 -0.091285 -0.506099 2
-0.137779 0.181002 0.211236 3
-0.223245 -0.669076 0.423947 0
-0.171080 -0.164415 0.302482 0
0.231273 0.005789 -0.508776 2
0.217597 -0.019079 -0.501003 2
-0.134877 -0.029695 0.244395 2
-0.125754 0.304961 0.176833 3
-0.022145 0.183088 0.069564 2
-0.163422 -0.055912 0.294847 3
-0.088655 0.093565 0.156617 2
0.194816 0.057602 -0.513285 2
-0.150013 -0.086522 0.295519 3
0.162531 0.250177 -0.368449 2
-0.244166 -0.767062 0.443520 0
0.056158 0.263721 -0.081182 2
0.225861 -0.132518 -0.486627 2
-0.157044 -0.153522 0.496649 1
0.181959 0.255523 -0.318451 2
0.243256 -0.121561 -0.479128 2
-0.174393 -0.195372 0.329442 0
-0.146284 0.057252 0.260655 3
-0.133436 0.377790 0.165156 3
-0.149754 -0.117242 0.285654 2
0.248447 -0.132762 -0.461748 2
-0.169316 -0.374675 0.386633 1
-0.192460 -0.355035 0.372046 0
-0.232606 -0.643380 0.428008 0
-0.140180 -0.128794 0.511746 1
-0.213643 -0.591595 0.417192 0
-0.183181 -0.400791 0.379759 0
0.249902 0.154066 -0.434802 2
0.045603 0.248095 -0.019228 2
-0.241828 -0.807890 0.452876 0
-0.140383 -0.081165 0.269893 2
0.215735 -0.205072 -0.461642 2
-0.126866 0.335685 0.171836 3
-0.042127 0.152802 0.109397 2
-0.195843 -0.375156 0.380162 0
-0.171801 -0.246332 0.398554 1
0.259951 -0.039026 -0.496256 2
-0.154525 -0.154901 0.465986 1
-0.209103 -0.462902 0.399379 0
0.081439 0.286796 -0.184230 2
-0.234170 -0.658432 0.432237 0
-0.025806 0.168158 0.091605 2
-0.014850 0.195159 0.052658 2
0.142971 0.278425 -0.225643 2
-0.160194 -0.132681 0.307012 3
-0.177632 -0.237152 0.340355 0
-0.152903 -0.162932 0.449603 1
0.189850 0.207648 -0.421035 2
0.230039 -0.055524 -0.505444 2
0.095046 0.275610 -0.157525 2
-0.226006 -0.581545 0.417588 0
0.249326 -0.067012 -0.495357 2
-0.196892 -0.437064 0.391469 0
-0.197455 -0.257266 0.389155 1
0.004680 0.238136 -0.024267 2
0.275829 0.119628 -0.458240 2
0.230844 0.051933 -0.507969 2
0.168469 0.270039 -0.270788 2
0.204712 0.016424 -0.516241 2
-0.245568 -0.792801 0.439882 0
-0.144729 -0.054405 0.256928 2
-0.103469 0.025581 0.221927 2
0.243332 0.057630 -0.497898 2
0.127721 0.277415 -0.214748 2
0.139570 0.268564 -0.292033 2
0.232800 -0.190149 -0.456112 2
0.230321 -0.081143 -0.499914 2
-0.041722 0.183709 0.057966 2
-0.162229 -0.117722 0.319688 3
-0.212230 -0.509194 0.394353 0
-0.096288 -0.096965 0.511424 1
0.267283 0.041843 -0.504252 2
0.203658 0.139963 -0.458559 2
0.235586 0.201644 -0.385272 2
0.157180 0.257940 -0.338388 2
0.101575 0.284399 -0.220292 2
-0.142069 -0.143824 0.465139 1
-0.242110 -0.740952 0.442661 0
0.099070 0.282219 -0.093806 2
-0.048069 0.135816 0.128687 2
-0.140456 -0.256979 0.395404 1
-0.151072 -0.235933 0.396975 1
-0.248487 -0.849044 0.455643 0
0.271838 0.073856 -0.493930 2
-0.080534 -0.089876 0.537802 1
0.267219 0.093497 -0.484151 2
-0.220447 -0.638015 0.418935 0
0.212874 -0.241045 -0.442530 2
0.187816 -0.060983 -0.507934 2
-0.167031 -0.178665 0.495513 1
-0.169814 -0.143339 0.311903 3
0.195412 0.181830 -0.442011 2
-0.206399 0.511994 0.141301 3
0.019204 0.250434 -0.050405 2
-0.103693 0.068681 0.177788 2
-0.181156 0.504965 0.153344 3
-0.105169 -0.110198 0.483656 1
-0.128339 -0.037673 0.266433 2
-0.129033 -0.137596 0.455239 1
-0.034769 0.195166 0.042256 2
-0.176395 -0.349915 0.381625 1
-0.194914 -0.231696 0.413416 1
-0.163587 -0.040723 0.294493 3
0.071320 0.274939 -0.132326 2
-0.166669 -0.215250 0.322069 0
-0.138535 0.110087 0.225458 3
-0.181536 -0.235825 0.402850 1
-0.177867 -0.194727 0.314874 0
-0.137942 0.129980 0.218811 3
0.159430 0.276232 -0.245015 2
-0.136141 -0.103841 0.297970 3
0.204748 -0.014857 -0.514476 2
0.253764 -0.101943 -0.468782 2
0.015123 0.234101 -0.009573 2
0.242664 -0.036471 -0.502090 2
0.172877 0.280709 -0.221112 2
-0.193339 -0.302396 0.375881 1
-0.117964 -0.111093 0.527927 1
0.225243 0.160060 -0.445899 2
0.195726 -0.124207 -0.496777 2
0.216724 0.002226 -0.506018 2
0.205052 0.227343 -0.384207 2
-0.122095 -0.024536 0.249609 2
-0.077946 0.131718 0.119922 2
0.261391 0.021248 -0.506299 2
0.257045 0.108969 -0.467533 2
0.133274 0.275337 -0.261461 2
0.187352 -0.219209 -0.465164 2
0.254505 -0.076923 -0.483102 2
-0.169402 -0.318379 0.384074 1
0.193032 0.082498 -0.497634 2
-0.159701 -0.184953 0.429467 1
0.263284 0.166689 -0.411400 2
-0.176024 -0.257107 0.347645 0
0.194902 -0.252121 -0.447970 2
-0.130735 0.362122 0.166252 3
0.182136 0.274791 -0.245956 2
0.179616 -0.241373 -0.456837 2
0.188321 -0.097168 -0.500445 2
-0.138956 0.062700 0.248754 3
-0.177386 -0.303174 0.347705 0
-0.147646 -0.153526 0.318484 0
-0.121404 -0.113253 0.512110 1
-0.163914 0.474268 0.151187 3
-0.071245 0.106640 0.153680 2
-0.124645 0.288988 0.201732 3
-0.019414 0.236409 -0.024557 2
-0.050720 0.143526 0.116370 2
0.224583 0.210754 -0.383198 2
0.213383 -0.095821 -0.488688 2
0.212668 0.233038 -0.354136 2
-0.140531 0.196359 0.228002 3
-0.119153 0.016785 0.214045 2
0.230009 0.191783 -0.406324 2
0.038106 0.236320 0.010415 2
-0.241720 0.542367 0.144142 3
-0.161356 -0.004456 0.298771 3
0.231439 -0.098779 -0.494556 2
-0.228837 -0.612435 0.423418 0
0.138455 0.284074 -0.183680 2
-0.106642 0.081602 0.163949 2
-0.209904 -0.560328 0.408168 0
0.193275 0.094049 -0.488386 2
-0.133246 0.207589 0.203031 3
-0.125327 -0.061902 0.276546 2
0.128179 0.276851 -0.245074 2
0.040317 0.269255 -0.101646 2
0.081700 0.280176 -0.158712 2
-0.145889 -0.174066 0.427708 1
0.187839 0.220706 -0.414043 2
0.204823 0.103497 -0.488305 2
0.229698 -0.144821 -0.480864 2
0.033674 0.242642 -0.014066 2
-0.138819 0.010797 0.215187 2
-0.166475 -0.178833 0.449820 1
0.200439 0.041476 -0.514618 2
0.190306 0.227966 -0.375474 2
0.150815 0.263258 -0.318084 2
-0.219799 0.540618 0.147591 3
-0.238502 -0.700334 0.437774 0
-0.171244 -0.179408 0.475307 1
0.195134 0.170471 -0.450759 2
-0.180700 0.491119 0.151655 3
-0.058057 0.118615 0.144793 2
-0.073234 0.145538 0.104414 2
-0.190584 -0.334223 0.362238 0
0.230345 -0.117667 -0.489561 2
0.241415 -0.143443 -0.467216 2
0.195764 0.212101 -0.400549 2
0.187874 -0.194911 -0.476771 2
0.225666 0.134477 -0.458006 2
-0.133663 -0.005700 0.231002 2
-0.182655 -0.379315 0.380452 1
0.193216 0.006380 -0.512121 2
-0.245183 -0.823452 0.438483 0
-0.138402 0.233252 0.186821 3
-0.130107 0.258587 0.210840 3
0.057979 0.274635 -0.122336 2
0.102263 0.278811 -0.173597 2
0.211907 0.196335 -0.424888 2
-0.177265 -0.220220 0.335293 0
0.190633 0.245705 -0.359378 2
0.202763 -0.112099 -0.489746 2
0.013964 0.206585 0.046505 2
-0.090099 -0.101409 0.538636 1
0.218058 0.083613 -0.495107 2
-0.160814 -0.014626 0.289715 3
-0.231236 -0.722704 0.426422 0
0.244303 0.089854 -0.485352 2
0.168889 0.254341 -0.344219 2
-0.000854 0.217907 0.007266 2
-0.024354 0.178665 0.082179 2
0.223844 -0.178100 -0.470670 2
-0.145095 -0.071406 0.289825 3
0.189041 -0.230658 -0.456929 2
-0.135139 -0.045009 0.275402 2
0.009862 0.257484 -0.070497 2
0.182206 0.270771 -0.261578 2
-0.204971 -0.515130 0.404120 0
0.089247 0.278852 -0.111384 2
-0.078935 0.086834 0.174577 2
0.225414 0.232661 -0.349328 2
0.235943 -0.015124 -0.507872 2
0.215433 0.176775 -0.427080 2
-0.140617 -0.193395 0.411889 1
-0.211468 -0.540075 0.399423 0
0.251523 0.131702 -0.456837 2
-0.199932 -0.402589 0.386501 0
0.212738 -0.185182 -0.471202 2
0.184607 0.228094 -0.390275 2
-0.145269 0.170715 0.235345 3
0.212899 -0.081880 -0.507992 2
-0.147133 0.456304 0.162098 3
-0.078078 0.072247 0.191212 2
0.258632 -0.051399 -0.492306 2
0.083408 0.274653 -0.127341 2
-0.170176 -0.174380 0.317161 0
-0.021308 0.207851 0.025507 2
-0.158540 0.039898 0.282898 3
-0.003804 0.247113 -0.044369 2
-0.181176 -0.272444 0.350920 0
0.212890 0.249827 -0.323783 2
-0.145678 -0.014096 0.229239 2
-0.167818 -0.097928 0.306049 3
0.150999 0.282699 -0.199443 2
-0.164632 -0.148341 0.322752 0
0.215353 0.209194 -0.400038 2
-0.127594 -0.118187 0.541973 1
0.076658 0.271515 -0.085917 2
0.119888 0.273538 -0.277263 2
-0.194933 -0.426090 0.378634 0
-0.057684 0.155128 0.093762 2
0.158460 0.270925 -0.262748 2
0.206569 -0.196519 -0.464514 2
0.158562 0.280594 -0.214986 2
0.244184 0.036536 -0.513467 2
-0.239994 -0.838992 0.456509 0
0.230362 -0.149093 -0.463988 2
-0.231267 -0.746383 0.438625 0
0.236183 -0.066152 -0.501898 2
0.207833 -0.133041 -0.485050 2
-0.173444 -0.285782 0.346294 0
-0.176870 -0.199357 0.433931 1
0.145327 0.272376 -0.266666 2
0.226404 0.171642 -0.423167 2
0.231277 -0.040793 -0.505770 2
0.213143 -0.055871 -0.513773 2
0.242311 -0.054400 -0.490202 2
-0.209140 -0.421466 0.378179 0
-0.161008 -0.076339 0.306696 3
0.220343 -0.158733 -0.472648 2
-0.183194 -0.298285 0.382244 1
0.066913 0.272158 -0.106602 2
-0.133021 -0.214927 0.401014 1
-0.113889 -0.015121 0.247738 2
-0.010660 0.201516 0.042593 2
-0.127062 0.031585 0.202446 2
0.039767 0.271842 -0.117294 2
-0.205901 -0.462892 0.384081 0
-0.139332 0.088718 0.244227 3
0.018314 0.226189 0.011714 2
-0.175698 -0.210773 0.419255 1
-0.159979 0.010670 0.293546 3
-0.207021 -0.277408 0.376342 1
0.262197 0.057582 -0.499752 2
-0.166320 -0.153204 0.298528 0
0.229318 -0.220256 -0.440506 2
-0.236451 -0.793105 0.448461 0
-0.146811 -0.035106 0.280846 3
-0.047408 0.168230 0.078318 2
-0.212972 -0.493953 0.393573 0
-0.156956 -0.102039 0.277977 2
-0.059339 0.128013 0.134381 2
0.051392 0.266243 -0.095826 2
-0.119031 -0.004347 0.233352 2
-0.151377 0.453868 0.150661 3
0.117157 0.285181 -0.148908 2
0.145771 0.257344 -0.343300 2
-0.021890 0.216186 0.011462 2
-0.202048 -0.344526 0.377121 1
-0.187272 -0.209827 0.459640 1
-0.160917 -0.164128 0.316045 0
-0.139893 0.177374 0.199029 3
0.208850 -0.086082 -0.495846 2
-0.066231 0.088377 0.170875 2
-0.155865 -0.112175 0.302160 3
0.158610 0.268270 -0.292305 2
-0.234031 -0.772014 0.435712 0
-0.028405 0.222484 -0.002885 2
-0.115598 -0.039503 0.265199 2
-0.226643 -0.593338 0.422044 0
-0.129496 0.279116 0.172697 3
-0.077961 0.123490 0.129286 2
-0.139888 -0.061143 0.284167 3
0.233044 -0.179300 -0.461947 2
0.221552 -0.215586 -0.450997 2
-0.176775 -0.272031 0.389235 1
-0.250248 -0.844340 0.441314 0
-0.102706 0.036082 0.212283 2
-0.130294 -0.050457 0.263997 2
-0.233932 -0.813041 0.440409 0
-0.140245 0.150450 0.228219 3
0.236165 0.140613 -0.452795 2
-0.140268 0.006562 0.259768 3
-0.230611 -0.684841 0.436904 0
0.173851 0.237317 -0.394994 2
0.076273 0.284728 -0.168693 2
-0.153145 0.031695 0.274549 3
-0.151568 -0.075715 0.265741 2
-0.032279 0.154663 0.116409 2
0.225499 0.124353 -0.467611 2
0.019331 0.255384 -0.061549 2
-0.183723 -0.317619 0.349288 0
0.227246 0.239319 -0.339295 2
0.205832 0.243130 -0.338532 2
0.237900 -0.194871 -0.446137 2
0.247482 -0.098121 -0.482435 2
-0.059502 0.095774 0.157848 2
-0.181462 -0.298052 0.358241 0
-0.000173 0.213565 0.021967 2
0.260825 0.175342 -0.400568 2
-0.182527 -0.327819 0.380994 1
-0.084482 0.076572 0.181767 2
-0.034575 0.175824 0.068143 2
0.244336 0.052350 -0.508698 2
0.205442 0.202444 -0.401305 2
-0.145790 -0.106935 0.280813 2
-0.165771 -0.282755 0.386969 1
-0.141030 -0.205816 0.405358 1
-0.126292 0.402964 0.171109 3
0.236373 0.224413 -0.354288 2
0.102012 0.282068 -0.242737 2
-0.206810 -0.297603 0.370987 1
0.253966 0.151751 -0.423724 2
0.056209 0.286672 -0.164332 2
-0.150939 -0.262038 0.392427 1
0.278113 0.094717 -0.479260 2
0.262149 -0.014554 -0.502970 2
0.169517 0.250678 -0.358220 2
0.045509 0.252185 -0.039539 2
0.207400 0.062518 -0.508059 2
0.265533 -0.049936 -0.482219 2
0.246658 0.068147 -0.506653 2
-0.089000 0.130161 0.115610 2
-0.245300 -0.782169 0.446732 0
0.268857 0.103410 -0.476835 2
0.176741 0.209062 -0.431902 2
0.102598 0.282757 -0.205023 2
-0.132411 0.259801 0.178185 3
0.148402 0.276692 -0.236128 2
0.195488 -0.025054 -0.511255 2
0.200696 -0.170337 -0.481217 2
0.106480 0.284246 -0.127606 2
-0.165933 -0.102560 0.317850 3
-0.113920 0.051549 0.191128 2
-0.166650 -0.066125 0.300724 3
-0.140763 0.108596 0.240096 3
0.195683 -0.202036 -0.469195 2
0.199802 0.072987 -0.504146 2
0.212882 0.226862 -0.364267 2
0.241063 0.170373 -0.415462 2
0.227861 -0.103333 -0.481662 2
-0.246336 -0.824422 0.454331 0
0.243812 0.109384 -0.474038 2
0.232915 0.196555 -0.395892 2
0.256486 0.037038 -0.503684 2
-0.219036 -0.571255 0.405155 0
-0.136449 0.155825 0.212858 3
0.026764 0.240045 -0.033692 2
-0.226722 -0.622420 0.414797 0
-0.150438 -0.143236 0.490982 1
-0.096656 0.099372 0.150151 2
0.114334 0.282090 -0.220920 2
-0.141850 0.433641 0.151705 3
-0.188390 -0.319321 0.361577 0
-0.084561 -0.106035 0.556257 1
0.169124 0.263743 -0.302336 2
0.195372 0.254395 -0.318047 2
0.175066 0.225313 -0.415161 2
0.181455 0.265563 -0.287583 2
-0.153413 0.061773 0.268772 3
-0.161128 -0.337006 0.396228 1
-0.133557 0.382532 0.152130 3
0.280011 0.021786 -0.503129 2
0.243565 0.207909 -0.369342 2
-0.088461 0.115095 0.136132 2
-0.146797 -0.033942 0.243298 2
0.083990 0.287288 -0.198917 2
0.220717 0.063304 -0.501483 2
-0.191995 -0.411725 0.386554 0
0.244119 0.083212 -0.498104 2
-0.215487 -0.606454 0.414370 0
0.238349 -0.133318 -0.478608 2
-0.131693 0.227667 0.202274 3
-0.151236 0.047128 0.269307 3
-0.071566 0.110399 0.141917 2
-0.212542 -0.550502 0.413847 0
-0.158549 -0.179573 0.326301 0
0.200859 0.205906 -0.425585 2
0.198884 -0.224715 -0.455411 2
-0.223912 -0.679496 0.428984 0
-0.033937 0.159589 0.103842 2
-0.130422 -0.158352 0.428747 1
-0.206598 -0.246324 0.404624 1
-0.176954 -0.189888 0.470466 1
0.236717 0.181593 -0.401353 2
0.220820 0.041882 -0.509422 2
0.230351 0.095030 -0.485037 2
-0.169785 -0.127805 0.311212 3
0.111793 0.287220 -0.117803 2
0.220955 -0.019774 -0.514287 2
0.206024 0.222279 -0.394523 2
0.226585 0.218558 -0.369692 2
0.065722 0.281288 -0.147258 2
0.261308 0.136306 -0.448037 2
-0.011235 0.203464 0.028842 2
-0.156128 0.015848 0.279627 3
0.132555 0.280410 -0.204613 2
-0.160169 -0.189642 0.320824 0
-0.177391 -0.410248 0.384262 0
0.168975 0.276901 -0.236045 2
-0.130717 -0.145421 0.444587 1
0.195247 0.236621 -0.354000 2
-0.147713 0.124682 0.244068 3
0.195368 -0.149035 -0.490232 2
0.210091 0.206004 -0.415448 2
-0.149920 0.145165 0.242902 3
0.194783 0.265952 -0.279438 2
0.201176 0.134163 -0.470043 2
-0.161188 -0.161382 0.475298 1
0.200213 0.227257 -0.369355 2
-0.124064 0.330684 0.182008 3
-0.146255 0.099236 0.248415 3
0.182488 0.063086 -0.512270 2
-0.129469 0.248334 0.202601 3
0.127705 0.286918 -0.158797 2
-0.242242 -0.834060 0.441728 0
-0.132391 -0.174506 0.417113 1
0.117707 0.276377 -0.199569 2
0.003567 0.191859 0.058385 2
-0.182172 -0.251746 0.394462 1
-0.108077 -0.103892 0.501820 1
0.195446 0.152969 -0.459933 2
-0.201205 -0.478467 0.398502 0
-0.126747 0.279178 0.191632 3
-0.036839 0.165927 0.089030 2
0.213843 0.156467 -0.447984 2
0.210853 0.016010 -0.506804 2
0.189680 -0.163955 -0.487666 2
0.177935 -0.220069 -0.471419 2
-0.145258 0.067779 0.256813 3
-0.161113 -0.169009 0.455067 1
-0.005990 0.175729 0.073110 2
-0.047128 0.192182 0.042741 2
-0.171640 -0.261786 0.336872 0
0.123467 0.281453 -0.182998 2
-0.220240 -0.627903 0.424889 0
0.220511 -0.045698 -0.503026 2
-0.168279 -0.174427 0.485185 1
-0.133493 0.397684 0.161600 3
0.207710 0.124196 -0.476488 2
-0.185821 -0.344326 0.368233 0
0.195820 0.207174 -0.411551 2
-0.112708 0.005434 0.232424 2
-0.099766 -0.099014 0.521889 1
-0.089724 0.060998 0.197611 2
-0.169125 -0.241359 0.331044 0
-0.205850 -0.427099 0.388054 0
-0.110599 -0.128211 0.450240 1
-0.172034 -0.247001 0.344985 0
0.240538 -0.153395 -0.462187 2
0.021702 0.218049 0.028518 2
0.274415 -0.024651 -0.489299 2
-0.139350 0.201938 0.194548 3
-0.181764 -0.339197 0.357505 0
-0.166198 -0.194391 0.428756 1
-0.158292 -0.163948 0.305210 0
-0.222446 -0.591738 0.409055 0
-0.144376 -0.140746 0.475574 1
0.014654 0.241267 -0.030985 2
-0.207748 -0.442414 0.387456 0
-0.140909 0.036937 0.253734 3
0.087862 0.285794 -0.225409 2
-0.139945 -0.081218 0.290436 3
-0.158275 -0.307802 0.393470 1
-0.194980 -0.366976 0.372712 0
-0.214247 -0.489128 0.403693 0
-0.164197 -0.199751 0.331824 0
0.137364 0.277750 -0.236495 2
-0.143584 -0.111870 0.296184 2
-0.170568 -0.221471 0.409866 1
0.170293 0.255287 -0.318681 2
-0.127259 0.382345 0.177003 3
0.097478 0.281311 -0.183683 2
-0.169495 -0.168885 0.326752 0
-0.108293 0.060653 0.185035 2
-0.127485 0.351423 0.165835 3
-0.206756 -0.390892 0.377737 0
-0.141171 -0.014659 0.269416 3
-0.166554 -0.055652 0.305633 3
-0.171512 -0.359994 0.383983 1
-0.146970 -0.282223 0.396549 1
-0.139720 -0.230875 0.397549 1
0.233167 -0.210216 -0.443043 2
0.190506 0.232802 -0.364553 2
-0.127197 -0.035636 0.253488 2
-0.166039 -0.262311 0.390038 1
-0.121743 -0.152568 0.425126 1
-0.118112 -0.140232 0.435651 1
-0.234722 -0.756112 0.443568 0
-0.140836 -0.132508 0.522117 1
-0.084370 0.052619 0.206483 2
-0.197862 -0.463149 0.392856 0
-0.152741 0.000905 0.276642 3
-0.035057 0.201374 0.033153 2
0.195283 -0.040186 -0.512822 2
0.142855 0.271293 -0.281724 2
-0.212349 0.531812 0.148419 3
-0.237215 -0.736313 0.430942 0
-0.184087 -0.205699 0.440017 1
0.128005 0.284887 -0.173110 2
0.232339 0.074151 -0.495041 2
0.212988 -0.100669 -0.501552 2
-0.149916 -0.061031 0.288605 3
-0.163623 -0.035177 0.306379 3
0.120276 0.288387 -0.138203 2
-0.139954 0.413547 0.146082 3
-0.157983 -0.097170 0.299755 3
-0.165782 -0.220948 0.331350 0
0.251635 0.026117 -0.505605 2
0.242988 -0.075750 -0.497022 2
0.249540 0.163851 -0.424817 2
-0.137822 0.209751 0.214943 3
-0.227801 -0.715652 0.434004 0
-0.166328 -0.173720 0.306796 0
-0.141587 0.433361 0.165539 3
-0.111190 0.013051 0.224652 2
0.255680 0.143176 -0.432087 2
-0.197326 -0.385791 0.373436 0
-0.132323 -0.128102 0.480494 1
0.067512 0.289585 -0.188646 2
-0.008618 0.237737 -0.024308 2
-0.072231 0.138188 0.113304 2
0.220371 0.093029 -0.490130 2
0.009233 0.212877 0.032447 2
-0.171863 -0.205237 0.322418 0
-0.188075 -0.349880 0.380649 1
0.200571 0.114495 -0.472707 2
-0.211935 -0.524806 0.410034 0
0.035475 0.255917 -0.065701 2
-0.180297 -0.195226 0.460091 1
-0.219069 -0.530420 0.402898 0
-0.184567 -0.358990 0.363503 0
-0.145434 -0.246619 0.394191 1
0.205023 -0.117948 -0.498904 2
0.215462 0.005940 -0.516096 2
0.184416 0.242255 -0.348852 2
0.060950 0.256068 -0.039449 2
-0.141898 0.160295 0.232335 3
0.234968 -0.081125 -0.483504 2
0.189870 -0.071477 -0.506509 2
0.170045 0.245889 -0.374900 2
0.184495 0.150550 -0.460538 2
-0.195059 0.509788 0.140988 3
0.185484 0.037327 -0.517343 2
0.194807 0.269897 -0.266666 2
0.182272 0.171728 -0.453723 2
0.212937 0.208893 -0.382292 2
-0.138568 0.408066 0.166523 3
-0.121897 -0.117122 0.490959 1
-0.138848 -0.129148 0.495683 1
-0.163357 -0.030027 0.294865 3
-0.216499 -0.504209 0.405219 0
-0.057396 0.170461 0.075236 2
0.035557 0.246376 -0.023901 2
-0.210736 -0.473318 0.389568 0
0.220550 -0.034990 -0.514615 2
0.244157 0.144653 -0.446509 2
-0.059350 0.179995 0.059315 2
-0.196589 -0.313599 0.373418 1
0.222684 -0.123513 -0.480718 2
0.249046 -0.107398 -0.477412 2
0.094580 0.279441 -0.132981 2
0.219715 -0.194551 -0.464646 2
-0.021595 0.192859 0.043689 2
-0.150053 0.433941 0.140631 3
0.221015 0.011593 -0.508616 2
0.193628 -0.004109 -0.510394 2
0.195245 0.238556 -0.375655 2
0.220520 0.188852 -0.410894 2
-0.158795 -0.191800 0.421405 1
-0.149945 -0.127765 0.290483 2
-0.144517 0.026634 0.264164 3
0.212444 -0.215587 -0.457605 2
-0.133655 0.356880 0.152237 3
0.033768 0.244106 -0.044274 2
-0.182948 0.486697 0.142300 3
0.066279 0.268066 -0.085745 2
0.004222 0.227935 -0.008525 2
-0.169086 0.469019 0.142807 3
-0.179955 -0.293750 0.343639 0
-0.225255 -0.694396 0.429614 0
-0.194734 -0.220035 0.439084 1
-0.016282 0.188904 0.062974 2
0.205408 -0.040678 -0.515959 2
-0.196362 -0.334259 0.375155 1
-0.114228 -0.116047 0.479364 1
-0.137616 0.403063 0.146825 3
0.043233 0.279317 -0.142046 2
-0.174702 -0.189641 0.449896 1
-0.126867 0.330235 0.162811 3
-0.149361 -0.143854 0.516692 1
-0.176292 -0.339201 0.381649 1
-0.221439 -0.540151 0.408547 0
0.185753 -0.050685 -0.508562 2
-0.077942 0.098919 0.156159 2
-0.189215 -0.219043 0.423753 1
-0.171734 -0.184777 0.319937 0
-0.188527 -0.390532 0.378066 0
0.153244 0.260865 -0.328016 2
-0.195913 -0.442207 0.382367 0
0.204951 -0.179864 -0.475790 2
0.138394 0.263368 -0.318119 2
-0.219409 -0.581689 0.405928 0
0.220817 -0.009897 -0.505374 2
0.092085 0.279200 -0.148149 2
-0.072394 0.160586 0.084856 2
-0.125343 0.361559 0.181602 3
0.179414 -0.174864 -0.487531 2
-0.240374 -0.725986 0.434413 0
-0.127386 0.011103 0.219126 2
0.265565 0.117797 -0.465806 2
-0.150339 -0.086495 0.271981 2
0.231294 -0.168566 -0.469168 2
-0.067770 0.126413 0.124716 2
0.267022 0.082324 -0.490264 2
0.241061 -0.024174 -0.508302 2
-0.235162 0.551418 0.142582 3
0.213157 0.259792 -0.297787 2
0.187553 -0.107292 -0.498209 2
0.276979 0.000747 -0.499816 2
0.004502 0.205935 0.042260 2
-0.103973 -0.108256 0.542745 1
0.212850 0.108660 -0.482825 2
0.221728 -0.138759 -0.478126 2
-0.158378 -0.122673 0.304937 3
-0.166827 -0.344247 0.388176 1
0.195447 -0.081210 -0.507445 2
-0.212681 -0.483598 0.393059 0
0.225765 0.251920 -0.317323 2
0.189414 -0.185326 -0.480387 2
-0.153161 0.087564 0.259676 3
0.190952 -0.242684 -0.449501 2
-0.155781 -0.143465 0.304520 0
0.258311 0.074126 -0.492972 2
0.112205 0.279919 -0.245765 2
0.074862 0.263581 -0.050725 2
0.258456 0.126401 -0.448693 2
-0.129710 -0.119981 0.506158 1
-0.235531 -0.665755 0.425094 0
0.238341 0.001010 -0.514580 2
-0.139610 -0.018931 0.236145 2
-0.129606 0.248372 0.191965 3
0.268103 0.031736 -0.506130 2
-0.132798 0.232883 0.212681 3
-0.135993 0.170926 0.212454 3
0.027362 0.263889 -0.086000 2
-0.138145 -0.081491 0.280297 2
0.256271 0.042320 -0.513682 2
0.020150 0.246258 -0.041041 2
0.046941 0.250112 -0.029578 2
0.204678 0.237077 -0.349123 2
-0.143533 -0.093085 0.290248 2
0.058086 0.263081 -0.071140 2
0.230628 0.026674 -0.513287 2
0.200044 0.026696 -0.515767 2
-0.209099 -0.549805 0.404246 0
-0.124227 0.309874 0.187034 3
0.125780 0.267305 -0.301973 2
0.261466 0.011046 -0.506243 2
0.212443 0.144443 -0.461155 2
-0.243651 -0.751688 0.441429 0
0.120152 0.274874 -0.266255 2
0.213289 -0.009419 -0.515491 2
0.205176 0.216307 -0.384498 2
0.035916 0.260431 -0.077118 2
0.229325 0.107985 -0.481419 2
0.050767 0.258383 -0.060248 2
0.226674 -0.159020 -0.463126 2
-0.208834 -0.452472 0.388053 0
0.247504 0.187898 -0.395087 2
-0.135618 0.196648 0.202333 3
-0.057519 0.133829 0.124959 2
-0.222497 -0.643396 0.428290 0
-0.165413 -0.292810 0.385960 1
-0.132837 0.387615 0.160949 3
0.257121 0.093114 -0.484069 2
-0.135963 0.186201 0.202763 3
-0.206390 -0.530014 0.403280 0
-0.208760 -0.370344 0.378608 0
0.235858 0.123909 -0.469123 2
0.251896 0.047359 -0.501161 2
-0.163543 -0.081829 0.314742 3
-0.124830 0.299519 0.186387 3
-0.181029 -0.267141 0.341424 0
-0.145367 -0.159319 0.443445 1
0.244194 0.005717 -0.507313 2
0.087229 0.275902 -0.086848 2
-0.135933 -0.071366 0.274619 2
-0.126756 0.310552 0.167226 3
0.251488 0.021594 -0.514982 2
0.004259 0.250464 -0.050458 2
-0.173934 -0.210843 0.334111 0
-0.117938 -0.120790 0.470196 1
-0.048464 0.114740 0.141761 2
-0.206307 -0.287625 0.371441 1
0.191185 0.190707 -0.440189 2
-0.232389 -0.710653 0.426660 0
0.072638 0.271808 -0.143396 2
-0.167393 -0.153031 0.312190 0
0.224226 -0.148798 -0.473508 2
0.102413 0.283262 -0.230185 2
-0.208306 -0.324082 0.375923 1
0.024643 0.236987 -0.008660 2
-0.233723 -0.679361 0.424906 0
-0.144628 0.047406 0.260499 3
-0.127346 0.300519 0.167300 3
-0.016381 0.228228 -0.009016 2
0.252338 0.062191 -0.497010 2
-0.219101 -0.560581 0.404170 0
-0.251860 -0.823883 0.446049 0
-0.049572 0.146721 0.105788 2
0.243069 0.031125 -0.504660 2
-0.102262 0.001043 0.236393 2
-0.232433 -0.803262 0.444220 0
0.083066 0.270135 -0.069581 2
0.194867 0.015983 -0.514484 2
-0.167745 0.478787 0.159176 3
0.232034 0.160718 -0.436294 2
-0.230408 -0.657373 0.420913 0
0.190035 0.221142 -0.394852 2
-0.188757 -0.261987 0.388285 1
0.207476 -0.143504 -0.489580 2
0.081152 0.275057 -0.107078 2
0.207543 -0.102623 -0.493490 2
0.211367 0.191071 -0.416509 2
-0.169588 -0.231413 0.339630 0
-0.140666 -0.039857 0.249354 2
-0.066785 0.175336 0.067100 2
-0.221885 -0.602006 0.422476 0
-0.196995 -0.266023 0.384555 1
0.220598 -0.077207 -0.502379 2
-0.127173 0.000693 0.227169 2
0.128972 0.269207 -0.286875 2
-0.109411 -0.122392 0.459933 1
-0.078391 -0.093122 0.546864 1
-0.151411 -0.214579 0.405170 1
0.253162 -0.034639 -0.501891 2
0.218336 -0.067159 -0.496778 2
0.210101 0.042379 -0.512971 2
-0.127113 -0.117717 0.532154 1
0.194238 0.216435 -0.420180 2
-0.219640 0.531591 0.140438 3
0.035443 0.240379 -0.003896 2
0.254865 0.171708 -0.412079 2
0.250486 -0.014997 -0.506749 2
-0.163564 -0.103294 0.270819 2
0.236721 -0.055639 -0.498256 2
0.190022 0.234586 -0.395260 2
0.248115 -0.124000 -0.469523 2
0.189428 0.250435 -0.327748 2
-0.145625 -0.065628 0.261873 2
0.220386 0.032127 -0.510264 2
-0.227611 -0.669115 0.432715 0
0.218020 0.197433 -0.400971 2
0.230576 -0.108312 -0.492442 2
0.230282 -0.086554 -0.490170 2
-0.157326 0.474061 0.158652 3
-0.161787 -0.163814 0.495780 1
-0.232839 -0.699630 0.426360 0
-0.204850 -0.499331 0.392934 0
-0.140518 -0.179753 0.418381 1
0.223827 -0.111400 -0.485928 2
-0.231268 -0.637358 0.420470 0
0.187418 -0.128149 -0.493574 2
-0.115034 0.034979 0.205168 2
-0.138094 0.422286 0.169893 3
-0.081886 0.144053 0.100215 2
-0.181137 -0.277371 0.342535 0
-0.189101 -0.359775 0.381277 1
0.229963 0.145055 -0.446718 2
-0.204709 -0.411348 0.382804 0
-0.146554 -0.128802 0.309460 0
-0.168870 -0.178175 0.460028 1
-0.197141 -0.447788 0.392386 0
0.220599 0.243740 -0.333814 2
0.019274 0.261344 -0.077395 2
0.189834 0.258505 -0.308081 2
-0.201307 -0.354169 0.376831 1
-0.127195 0.269062 0.198143 3
-0.137700 0.119494 0.223458 3
-0.132634 0.217193 0.202284 3
0.228786 0.180648 -0.420524 2
-0.078478 0.114860 0.136876 2
0.244715 0.195541 -0.386129 2
0.256621 -0.061033 -0.489563 2
-0.021812 0.163038 0.099127 2
0.189123 0.218581 -0.404100 2
-0.135182 -0.054806 0.255774 2
-0.137935 0.134323 0.227385 3
-0.237469 -0.787180 0.434748 0
0.251490 -0.086264 -0.482177 2
0.138030 0.282923 -0.194531 2
-0.157038 -0.227190 0.400375 1
0.204779 0.115030 -0.481306 2
0.191094 0.118357 -0.476714 2
0.181985 0.237195 -0.379970 2
-0.227820 0.545795 0.145045 3
0.275056 0.047143 -0.502515 2
-0.175383 -0.293163 0.352032 0
0.213593 0.167781 -0.437630 2
-0.098804 -0.103932 0.487015 1
-0.237748 -0.829886 0.452926 0
0.181990 0.252312 -0.343345 2
-0.185418 -0.281037 0.384156 1
-0.149940 0.444528 0.156051 3
-0.096068 0.073106 0.174214 2
0.219750 -0.245856 -0.438055 2
0.205003 0.078476 -0.498379 2
0.188527 0.177106 -0.448998 2
-0.189538 -0.380512 0.372093 0
-0.200817 -0.401363 0.377124 0
-0.120603 -0.131862 0.454834 1
-0.034213 0.189327 0.050585 2
0.261508 0.150616 -0.431183 2
-0.208307 0.522800 0.140942 3
0.168812 0.274996 -0.245722 2
0.204801 0.253386 -0.317910 2
0.081327 0.277611 -0.116451 2
-0.193871 -0.426645 0.388038 0
-0.126106 -0.130635 0.463497 1
0.101526 0.282461 -0.153036 2
0.200776 0.191526 -0.425634 2
-0.196529 -0.277307 0.379925 1
0.212315 0.181627 -0.436690 2
0.222163 -0.056089 -0.510931 2
-0.157096 -0.039489 0.286815 3
-0.129152 0.258659 0.186977 3
0.243708 -0.045881 -0.494034 2
0.097105 0.280876 -0.106555 2
-0.136086 0.222488 0.221623 3
0.241329 0.168746 -0.424890 2
0.218574 0.217896 -0.364793 2
-0.139473 0.191290 0.218120 3
0.230926 -0.003582 -0.508316 2
-0.133035 0.228092 0.192992 3
0.136694 0.289597 -0.159074 2
0.071506 0.264890 -0.065233 2
-0.247082 -0.803349 0.446576 0
-0.047371 0.161422 0.084757 2
0.211946 -0.111709 -0.497962 2
0.071632 0.271375 -0.096362 2
-0.123263 0.351123 0.185607 3
0.187590 0.201865 -0.431966 2
0.205572 -0.128214 -0.495296 2
-0.142378 0.423604 0.151116 3
-0.174963 0.482561 0.150245 3
-0.160615 -0.117990 0.284292 2
0.172823 0.261651 -0.312292 2
0.251733 0.077717 -0.498548 2
-0.175526 -0.303312 0.384012 1
0.199858 0.191378 -0.436812 2
0.078535 0.272423 -0.151188 2
-0.119280 0.027472 0.208712 2
0.058614 0.283393 -0.153253 2
-0.222783 -0.658822 0.428633 0
-0.202000 0.516120 0.150290 3
0.200667 -0.061009 -0.512589 2
0.230951 0.015077 -0.508836 2
-0.082933 0.087991 0.166271 2
-0.234982 -0.767420 0.444775 0
-0.102771 0.101907 0.143658 2
-0.213758 -0.566112 0.414300 0
0.120192 0.284272 -0.163536 2
-0.186599 -0.227522 0.409914 1
0.226223 0.001321 -0.515125 2
0.176262 -0.159132 -0.489814 2
-0.223044 0.532228 0.149743 3
-0.158174 -0.050266 0.289755 3
0.181786 0.243085 -0.359031 2
-0.065065 0.150397 0.099390 2
-0.164928 -0.076315 0.298346 3
0.151070 0.269104 -0.287059 2
0.228483 -0.071225 -0.502070 2
-0.237848 -0.745988 0.432178 0
-0.204943 -0.438068 0.395848 0
0.236356 -0.148682 -0.472862 2
-0.189105 -0.210302 0.449482 1
-0.040515 0.209208 0.014275 2
0.066006 0.271023 -0.116500 2
-0.226872 -0.612384 0.414424 0
0.027650 0.228953 0.011797 2
0.225357 -0.020245 -0.506218 2
0.138999 0.276446 -0.246009 2
0.100931 0.278894 -0.163783 2
0.204972 0.164667 -0.450683 2
-0.225060 -0.571521 0.413780 0
0.054975 0.252850 -0.019962 2
0.205351 0.265463 -0.282316 2
0.213063 -0.024762 -0.515606 2
-0.158283 -0.241567 0.396428 1
-0.003158 0.225813 -0.003521 2
0.235567 0.198984 -0.376501 2
-0.200725 -0.237557 0.409454 1
0.138322 0.264836 -0.300297 2
-0.090998 0.028144 0.218164 2
-0.134920 0.005825 0.221784 2
0.213224 0.098749 -0.487873 2
-0.164920 -0.186286 0.313783 0
-0.202729 -0.249618 0.396636 1
-0.142548 -0.102711 0.289853 2
0.221437 0.161515 -0.437736 2
0.243247 0.135675 -0.447828 2
0.206728 -0.154515 -0.481678 2
-0.155745 -0.157329 0.320223 0
0.256669 0.118880 -0.467454 2
0.050459 0.276530 -0.127118 2
-0.114161 -0.108614 0.506683 1
0.238012 -0.174231 -0.456239 2
0.243715 0.016435 -0.514465 2
-0.147043 -0.152621 0.459171 1
-0.180147 -0.313642 0.359304 0
-0.143518 0.005480 0.268186 3
0.158496 0.284824 -0.194767 2
-0.045058 0.173914 0.071632 2
0.207603 0.227455 -0.374632 2
0.066365 0.259793 -0.049962 2
-0.087912 0.045389 0.210627 2
0.188448 -0.211122 -0.469082 2
-0.165492 -0.180917 0.441074 1
-0.004160 0.250780 -0.053732 2
0.220707 -0.153919 -0.481403 2
-0.164159 -0.324148 0.388632 1
0.206103 -0.076588 -0.510693 2
0.064592 0.285688 -0.167526 2
0.022132 0.266297 -0.102827 2
0.191386 0.047226 -0.517153 2
0.146223 0.287299 -0.172245 2
0.018264 0.231246 0.001052 2
0.235740 0.213820 -0.368730 2
0.243908 0.145532 -0.437551 2
0.231592 0.187702 -0.396887 2
0.226467 -0.184648 -0.465081 2
0.246544 -0.159076 -0.452684 2
-0.173460 -0.276905 0.349874 0
0.184958 -0.145232 -0.490908 2
-0.158265 0.464479 0.151098 3
-0.158131 -0.160441 0.507993 1
-0.237601 -0.689903 0.434503 0
-0.174033 -0.267231 0.348879 0
0.244205 0.026791 -0.515049 2
-0.248604 -0.813502 0.444631 0
-0.112896 0.074717 0.161794 2
-0.151745 -0.144578 0.314704 0
-0.127404 0.279002 0.181377 3
-0.152125 0.448888 0.142336 3
0.027186 0.240107 -0.019649 2
-0.129275 0.371833 0.171930 3
-0.126689 0.294498 0.176473 3
0.235536 0.192761 -0.384625 2
0.009328 0.222615 0.011878 2
-0.174113 -0.202233 0.425591 1
-0.239095 -0.819350 0.453333 0
0.262059 0.127137 -0.457931 2
0.271598 0.021971 -0.505997 2
0.207539 -0.123031 -0.485958 2
0.174802 0.251137 -0.328894 2
0.110903 0.288647 -0.133909 2
-0.140035 0.078109 0.248480 3
-0.203374 -0.488260 0.401634 0
-0.152477 -0.056028 0.252948 2
-0.176436 -0.235861 0.331674 0
-0.211608 0.522212 0.151049 3
-0.131660 0.270582 0.173584 3
-0.010743 0.218988 0.007094 2
-0.142900 0.016375 0.264321 3
0.122612 0.276474 -0.206925 2
0.251461 0.000731 -0.508010 2
-0.017045 0.168500 0.092669 2
-0.167712 -0.111872 0.315991 3
-0.165586 -0.169031 0.475564 1
0.220268 -0.223257 -0.446823 2
-0.159384 -0.298310 0.389303 1
-0.029203 0.180633 0.063069 2
-0.163493 -0.313330 0.388235 1
-0.140373 0.171133 0.228045 3
-0.163268 -0.205816 0.325519 0
0.208080 -0.205370 -0.457351 2
0.236058 0.010704 -0.514482 2
0.158582 0.282429 -0.204140 2
0.197015 0.213316 -0.391465 2
-0.115451 0.061119 0.177237 2
0.035429 0.266681 -0.092526 2
0.231858 0.207491 -0.379584 2
-0.096764 0.063100 0.182171 2
-0.149415 -0.133028 0.300440 0
-0.120675 -0.030823 0.256766 2
0.219082 0.209277 -0.389821 2
0.243272 -0.060608 -0.501195 2
-0.087831 -0.103805 0.546720 1
-0.189283 -0.287975 0.379744 1
-0.206133 -0.258010 0.389595 1
-0.160703 -0.091029 0.305753 3
0.243206 0.179757 -0.410505 2
-0.154987 -0.147930 0.297076 0
0.191071 0.242963 -0.369403 2
-0.145128 -0.024843 0.277266 3
0.194292 -0.112996 -0.499338 2
0.212973 -0.163889 -0.478520 2
-0.012727 0.179371 0.077231 2
0.246303 0.101577 -0.486073 2
-0.137519 0.175580 0.219631 3
-0.105502 -0.013236 0.246474 2
-0.095730 0.089895 0.160052 2
-0.158870 -0.287688 0.388802 1
0.187757 0.127259 -0.471174 2
-0.003521 0.241507 -0.030612 2
-0.208415 -0.350036 0.379588 1
0.242810 0.159042 -0.434429 2
-0.134101 0.401391 0.174534 3
0.193059 0.261338 -0.300556 2
0.079900 0.287765 -0.210654 2
-0.244878 -0.777786 0.439276 0
-0.160040 -0.095418 0.271544 2
-0.096156 0.041861 0.211007 2
0.243500 0.176966 -0.398624 2
0.261101 0.101924 -0.473300 2
0.212555 0.165665 -0.446640 2
-0.129901 0.371323 0.160632 3
0.199512 0.230502 -0.390045 2
-0.234310 0.541323 0.148588 3
0.058771 0.269270 -0.106688 2
0.232370 0.058076 -0.501878 2
-0.137716 0.114142 0.233039 3
-0.145806 -0.168181 0.434510 1
0.089385 0.284727 -0.188979 2
-0.181291 -0.324182 0.362002 0
-0.150592 -0.078331 0.292931 3
0.251141 0.016830 -0.506527 2
-0.108326 -0.107647 0.491233 1
-0.124321 0.340805 0.181574 3
-0.189003 -0.370399 0.382212 1
-0.161477 -0.328434 0.396226 1
0.219787 -0.175855 -0.462406 2
0.200179 0.104410 -0.479273 2
0.236633 -0.091958 -0.494703 2
0.107499 0.277304 -0.263118 2
0.256714 -0.078646 -0.475005 2
0.221460 -0.170629 -0.474118 2
-0.120619 -0.014933 0.242456 2
-0.189571 0.505784 0.150634 3
-0.181225 -0.390875 0.382514 0
0.231017 -0.020094 -0.512788 2
-0.129496 0.350942 0.156766 3
-0.138119 0.418178 0.156154 3
0.175076 0.250407 -0.338711 2
-0.237862 -0.853628 0.450219 0
-0.041743 0.148425 0.116704 2
-0.252119 0.552816 0.142644 3
-0.152047 -0.168082 0.442865 1
0.220111 -0.117556 -0.490504 2
0.236610 -0.123156 -0.484209 2
0.218606 0.124609 -0.472606 2
0.236876 0.073426 -0.502364 2
0.235002 0.043025 -0.504017 2
-0.159142 -0.164021 0.461667 1
0.150744 0.272988 -0.256547 2
0.195457 0.246042 -0.334195 2
0.214894 -0.194790 -0.457671 2
-0.137729 0.202326 0.222680 3
-0.136314 -0.127336 0.527066 1
0.185192 0.186619 -0.444531 2
0.251776 0.110478 -0.476652 2
-0.201774 -0.365134 0.377375 0
-0.135189 0.090182 0.235263 3
0.191107 0.164623 -0.455313 2
0.151306 0.281929 -0.209068 2
0.226726 0.201901 -0.386240 2
-0.096431 0.115089 0.131260 2
-0.165881 -0.190184 0.330532 0
0.207087 -0.066468 -0.512572 2
0.218490 0.226970 -0.354604 2
-0.157433 -0.200721 0.416420 1
-0.027007 0.212250 0.016863 2
-0.056989 0.138406 0.114082 2
-0.102018 0.042773 0.203103 2
-0.191746 -0.354735 0.362570 0
-0.202023 -0.380348 0.377860 0
0.206107 0.140195 -0.466928 2
0.221678 0.109488 -0.478312 2
-0.052997 0.112865 0.148563 2
0.199796 0.222986 -0.405514 2
0.230326 0.170233 -0.430434 2
0.189815 0.265540 -0.286166 2
0.204913 0.122810 -0.468720 2
0.243266 -0.169582 -0.451523 2
0.254718 0.191224 -0.382268 2
-0.232148 -0.709505 0.437636 0
-0.134856 -0.056386 0.279485 2
-0.203776 -0.509358 0.398199 0
-0.220167 -0.555575 0.414290 0
0.027557 0.254225 -0.060681 2
0.027459 0.249284 -0.049867 2
-0.158263 -0.128087 0.289827 2
0.226447 0.151445 -0.442658 2
0.220601 0.052332 -0.506526 2
0.205592 0.196412 -0.430376 2
-0.152506 -0.277437 0.392201 1
-0.133828 -0.164540 0.424315 1
-0.242082 -0.767222 0.435450 0
0.195233 0.104265 -0.486298 2
-0.124377 -0.009204 0.229200 2
-0.121294 -0.113745 0.501630 1
0.158769 0.268456 -0.282327 2
0.195234 0.144548 -0.461601 2
0.018630 0.212511 0.041445 2
0.195549 0.201603 -0.420618 2
-0.047681 0.186732 0.053012 2
0.191973 0.226167 -0.409324 2
0.251455 0.090098 -0.492693 2
-0.145998 -0.112402 0.304124 3
0.225287 0.211782 -0.374334 2
-0.108999 0.072837 0.171196 2
-0.201665 -0.467869 0.398537 0
-0.167228 -0.365002 0.389035 1
0.212903 0.202442 -0.395875 2
0.267133 0.067626 -0.496749 2
-0.157993 -0.076432 0.260536 2
0.261692 0.141400 -0.441496 2
0.206174 -0.219578 -0.453204 2
-0.149754 -0.152051 0.519986 1
-0.243401 -0.825545 0.446654 0
0.238748 -0.061876 -0.490197 2
0.225841 0.141043 -0.452969 2
0.012839 0.200760 0.052277 2
-0.150580 -0.143301 0.507165 1
-0.135694 -0.151896 0.443251 1
0.212768 0.021672 -0.514806 2
0.179434 0.248893 -0.364501 2
-0.132700 -0.057496 0.267603 2
-0.235245 -0.838047 0.449283 0
-0.219810 -0.586540 0.419815 0
0.224797 0.077505 -0.495393 2
0.235044 0.238331 -0.336752 2
-0.095116 -0.099081 0.531889 1
-0.068004 0.102914 0.160291 2
0.220158 -0.099698 -0.497311 2
-0.102272 -0.110873 0.474292 1
-0.153476 -0.302776 0.397891 1
-0.127345 0.341152 0.165696 3
0.236853 0.185513 -0.408594 2
-0.135983 -0.137788 0.464635 1
-0.175275 -0.220745 0.327326 0
0.271958 0.112799 -0.467124 2
-0.163804 -0.210129 0.413411 1
-0.065197 0.166736 0.079403 2
-0.181436 0.494731 0.141518 3
-0.127743 -0.024313 0.239890 2
-0.196646 -0.376411 0.371901 0
0.101704 0.283717 -0.117260 2
-0.189414 -0.318852 0.376802 1
0.084341 0.273698 -0.162994 2
-0.152708 -0.024953 0.281714 3
-0.237633 -0.705121 0.430091 0
-0.020740 0.172008 0.085286 2
-0.202353 -0.446803 0.380262 0
0.184371 0.208195 -0.427087 2
0.194256 0.216968 -0.410609 2
0.225799 -0.034756 -0.505073 2
-0.145714 -0.048689 0.251160 2
0.225793 -0.092587 -0.493378 2
-0.189621 -0.236145 0.404015 1
-0.102088 0.047601 0.196508 2
0.218647 -0.061138 -0.502293 2
0.229835 -0.142790 -0.469154 2
0.278182 0.068811 -0.494916 2
0.052288 0.281953 -0.144318 2
0.096470 0.285060 -0.209895 2
0.181853 -0.184660 -0.483678 2
-0.165905 -0.158885 0.326275 0
-0.230999 -0.649244 0.420698 0
-0.183028 -0.309130 0.349953 0
0.210820 0.219119 -0.366983 2
-0.168258 -0.086626 0.310149 3
0.205213 0.053051 -0.511588 2
-0.111651 -0.109950 0.534556 1
-0.200493 -0.416427 0.376723 0
-0.146144 -0.097612 0.297500 3
-0.045920 0.142834 0.122894 2
0.219614 -0.137691 -0.486231 2
-0.003663 0.195250 0.056917 2
0.233140 0.081505 -0.498369 2
0.267175 0.005430 -0.505030 2
-0.215581 -0.595943 0.409940 0
-0.239337 -0.804538 0.437197 0
-0.226902 -0.641588 0.415125 0
0.003543 0.243839 -0.034661 2
0.242900 -0.096564 -0.488922 2
0.213281 -0.231167 -0.447354 2
-0.172154 -0.195055 0.321678 0
-0.132441 0.383427 0.170859 3
-0.121457 0.330976 0.191260 3
-0.220382 -0.612572 0.423554 0
0.041973 0.240855 0.004969 2
-0.127792 -0.046377 0.272357 2
-0.178859 -0.198800 0.474612 1
-0.147076 -0.140630 0.483174 1
-0.150163 0.078301 0.258861 3
0.203975 0.233691 -0.357868 2
-0.195421 -0.225882 0.423234 1
0.265992 0.161054 -0.416473 2
-0.247822 -0.839319 0.454703 0
0.089418 0.286284 -0.204762 2
0.148901 0.279546 -0.220332 2
0.059739 0.255812 -0.047754 2
-0.227768 -0.652894 0.430784 0
0.156466 0.264797 -0.307842 2
-0.191307 -0.344541 0.362095 0
-0.172608 0.495081 0.154680 3
0.255978 -0.009150 -0.506323 2
0.256623 0.163628 -0.421042 2
0.205594 0.262759 -0.292597 2
-0.132780 0.248062 0.209931 3
0.199057 0.221176 -0.380184 2
0.033402 0.272637 -0.122098 2
-0.047751 0.150876 0.099189 2
0.226015 0.197556 -0.400586 2
0.203902 0.184954 -0.439401 2
0.278151 0.077636 -0.490565 2
-0.176368 -0.230602 0.406005 1
0.210417 0.257586 -0.307678 2
0.185007 -0.246560 -0.453181 2
0.229648 0.131022 -0.466129 2
-0.156955 -0.169720 0.310570 0
-0.164443 -0.127597 0.317147 3
0.089518 0.278784 -0.101338 2
0.238022 -0.044779 -0.504230 2
0.181623 -0.199848 -0.477302 2
0.019673 0.221632 0.021680 2
-0.189497 -0.246833 0.396378 1
0.226151 0.010776 -0.514670 2
0.249934 -0.040941 -0.498218 2
0.088589 0.283447 -0.179193 2
-0.029294 0.172667 0.084119 2
0.267240 -0.004823 -0.503160 2
0.184782 -0.226263 -0.462536 2
0.220028 -0.209294 -0.455616 2
0.114387 0.281904 -0.184138 2
0.071765 0.281167 -0.152419 2
0.207390 -0.050529 -0.515010 2
-0.146029 0.134998 0.240305 3
0.236658 0.116031 -0.469698 2
0.151024 0.274793 -0.245950 2
-0.218388 -0.627874 0.417172 0
0.199861 -0.008851 -0.512767 2
0.142930 0.281628 -0.200624 2
-0.151761 -0.173356 0.433801 1
-0.188963 -0.395606 0.384132 0
0.201166 0.097469 -0.491905 2
-0.216484 -0.514529 0.398365 0
-0.040495 0.138088 0.128371 2
-0.143766 0.119479 0.239617 3
-0.127448 -0.122539 0.485515 1
-0.175949 -0.323563 0.381992 1
-0.156566 -0.153355 0.485404 1
0.143492 0.264477 -0.312194 2
-0.158799 0.011385 0.285773 3
0.058876 0.259068 -0.055061 2
-0.146742 -0.147662 0.470213 1
0.174072 0.263629 -0.292767 2
0.220789 0.180363 -0.431624 2
-0.152848 -0.194303 0.416874 1
0.206728 0.177906 -0.432556 2
0.244864 -0.112136 -0.482123 2
0.111901 0.284312 -0.143102 2
-0.156613 -0.009634 0.281672 3
0.120269 0.279591 -0.230110 2
0.228202 0.212120 -0.365477 2
0.143984 0.283849 -0.189265 2
0.233089 0.167510 -0.423121 2
0.221537 0.130312 -0.463234 2
0.088254 0.278363 -0.137512 2
-0.170078 -0.183802 0.490413 1
-0.079927 -0.100557 0.548834 1
0.019789 0.264441 -0.091063 2
0.095355 0.280005 -0.087265 2
0.036581 0.251372 -0.045150 2
0.248636 -0.117055 -0.473124 2
0.047665 0.275750 -0.136655 2
-0.115329 0.011280 0.218238 2
-0.166059 -0.272988 0.391067 1
-0.232848 -0.761478 0.435273 0
0.138206 0.279598 -0.215494 2
0.014044 0.253057 -0.055660 2
0.225027 -0.086816 -0.498970 2
-0.102058 -0.101483 0.506186 1
0.256821 0.062640 -0.506355 2
-0.122714 0.315119 0.192960 3
-0.160656 -0.138799 0.294264 2
0.261686 0.109939 -0.473729 2
0.257918 -0.071554 -0.478020 2
-0.124458 -0.115204 0.521595 1
0.109765 0.282046 -0.174680 2
0.095481 0.284152 -0.225262 2
-0.126150 0.315624 0.177011 3
0.043577 0.255420 -0.060514 2
-0.124826 -0.124380 0.470644 1
-0.096389 -0.106535 0.542784 1
-0.219327 -0.545897 0.413343 0
-0.028726 0.214249 0.008298 2
-0.138045 0.155253 0.222521 3
-0.176309 -0.375467 0.382748 1
0.119936 0.279198 -0.246002 2
0.249069 0.169112 -0.419122 2
0.233105 -0.071886 -0.494873 2
0.200336 0.126497 -0.473797 2
0.244098 0.103167 -0.478684 2
-0.142730 0.129253 0.235569 3
-0.157142 -0.133158 0.299701 3
-0.206999 -0.519231 0.396626 0
-0.145361 -0.137386 0.490598 1
0.235663 -0.169386 -0.462816 2
0.223255 -0.131653 -0.475441 2
0.212893 0.216954 -0.384301 2
0.200044 0.175956 -0.444022 2
-0.089282 0.076672 0.175309 2
0.201362 0.232442 -0.379698 2
0.174587 0.257194 -0.333710 2
-0.165589 -0.045402 0.300323 3
0.242591 0.151327 -0.432596 2
0.226050 -0.164407 -0.474374 2
-0.144657 -0.004303 0.271851 3
-0.168429 -0.137439 0.286505 2
-0.146433 0.150353 0.238357 3
-0.180877 -0.256618 0.341656 0
-0.161423 0.469345 0.145784 3
-0.176442 -0.194499 0.444151 1
0.191309 0.032281 -0.516893 2
0.261907 -0.029998 -0.498461 2
0.057895 0.264318 -0.091341 2
0.195273 0.067735 -0.508938 2
-0.080540 0.093467 0.160960 2
-0.136033 -0.124351 0.516497 1
-0.161136 -0.194912 0.326372 0
-0.147223 0.107673 0.246599 3
-0.135293 -0.144282 0.450684 1
0.132471 0.276845 -0.220784 2
0.212935 -0.035100 -0.515743 2
0.052462 0.259726 -0.075738 2
0.091583 0.278806 -0.163611 2
-0.157889 -0.158985 0.311186 0
0.104648 0.281443 -0.197723 2
-0.170386 -0.138087 0.320521 3
0.168967 0.271716 -0.263121 2
0.163797 0.258184 -0.323270 2
-0.172359 0.484395 0.141692 3
-0.125255 -0.140065 0.445333 1
-0.014354 0.198908 0.034187 2
-0.153134 0.108537 0.253064 3
0.259525 0.179936 -0.394552 2
0.194818 0.210752 -0.425995 2
0.159141 0.268859 -0.271937 2
0.240780 0.172787 -0.408190 2
-0.042390 0.130904 0.130246 2
-0.157738 -0.019884 0.284485 3
0.113809 0.272183 -0.281722 2
0.075830 0.287265 -0.179036 2
0.236299 0.051506 -0.501663 2
-0.243347 -0.797776 0.434504 0
0.170333 0.282600 -0.214148 2
0.176430 0.268606 -0.277025 2
0.242963 0.186521 -0.401087 2
-0.096929 0.021792 0.223053 2
0.244700 -0.133034 -0.468401 2
-0.137518 0.400177 0.155604 3
-0.084370 0.126694 0.124615 2
-0.150761 -0.119262 0.294989 2
0.213366 -0.113992 -0.490140 2
-0.126862 0.320869 0.163049 3
-0.163338 -0.143057 0.315941 0
-0.196234 -0.359851 0.377348 0
0.213206 -0.045496 -0.515666 2
-0.192017 -0.314738 0.367412 0
-0.169771 -0.184917 0.445969 1
-0.029380 0.176373 0.073707 2
0.120321 0.279256 -0.215053 2
-0.023893 0.219239 0.002344 2
-0.142607 0.028510 0.251815 3
-0.201831 -0.329041 0.376197 1
0.050676 0.263206 -0.086463 2
0.181398 0.226240 -0.410259 2
0.185148 0.217256 -0.420286 2
0.204341 0.205729 -0.410452 2
0.248503 0.202528 -0.371518 2
0.151379 0.255595 -0.348154 2
0.227025 0.193384 -0.392248 2
0.213113 0.151171 -0.453410 2
-0.165415 -0.251515 0.394348 1
-0.152866 0.451820 0.164325 3
0.181768 0.254086 -0.328063 2
-0.183533 -0.216171 0.419588 1
0.215351 0.062315 -0.506784 2
0.045173 0.261129 -0.080536 2
-0.011043 0.192586 0.058712 2
-0.189933 -0.224460 0.418174 1
-0.223223 -0.565917 0.408570 0
0.193684 -0.215343 -0.463540 2
-0.147776 -0.156589 0.452525 1
0.195129 0.197168 -0.426766 2
0.248757 -0.082777 -0.488342 2
-0.140625 0.098474 0.243381 3
-0.219400 -0.525065 0.408687 0
-0.125369 0.393192 0.174817 3
-0.157073 -0.155021 0.475666 1
0.181722 -0.164270 -0.488677 2
-0.188904 -0.365194 0.363061 0
-0.158525 -0.261338 0.390240 1
-0.185526 -0.298091 0.351844 0
-0.249706 -0.834318 0.440448 0
-0.256332 -0.844160 0.445827 0
0.213277 -0.127777 -0.487487 2
0.134599 0.274349 -0.229928 2
-0.176717 -0.401190 0.383687 0
-0.201931 -0.303250 0.372255 1
0.221898 0.249285 -0.323269 2
-0.144272 -0.007952 0.225060 2
-0.156420 -0.174295 0.321150 0
0.206164 0.260414 -0.300596 2
0.132822 0.276278 -0.251009 2
0.237507 0.175406 -0.419834 2
0.203280 0.211580 -0.400900 2
0.187102 0.237750 -0.359375 2
0.174816 0.259067 -0.323381 2
0.232529 -0.199140 -0.451252 2
-0.065580 0.143083 0.107924 2
-0.164755 -0.210283 0.331406 0
-0.166054 -0.241464 0.398267 1
-0.104852 0.029722 0.215710 2
-0.189787 -0.214955 0.434330 1
-0.182420 -0.335160 0.363830 0
-0.120857 -0.002925 0.225233 2
0.194635 -0.179209 -0.480355 2
-0.128077 -0.041282 0.258394 2
-0.133182 -0.082030 0.285935 2
-0.167155 0.478961 0.146272 3
0.269656 -0.014857 -0.498944 2
-0.135749 0.412861 0.161241 3
0.193383 0.225729 -0.384722 2
-0.063757 0.097035 0.163910 2
0.219820 -0.030887 -0.502337 2
-0.096380 0.057626 0.192054 2
-0.115667 -0.110557 0.517014 1
-0.108900 0.083710 0.157104 2
-0.010477 0.181680 0.069672 2
0.236005 -0.010140 -0.513483 2
-0.032208 0.218583 0.002277 2
-0.242359 -0.814345 0.437560 0
0.226278 0.114040 -0.472114 2
-0.164243 -0.173422 0.500099 1
-0.141000 -0.086659 0.274962 2
-0.161095 -0.024725 0.290066 3
0.256178 0.006124 -0.510227 2
-0.149626 0.094054 0.252660 3
0.220637 0.139035 -0.461194 2
0.188368 0.227350 -0.400833 2
-0.127116 0.346103 0.171835 3
-0.169560 -0.118071 0.310685 3
-0.004647 0.188611 0.060235 2
0.196156 0.139017 -0.466559 2
-0.141665 -0.132192 0.501911 1
-0.125084 0.282379 0.205207 3
-0.159571 -0.157511 0.490851 1
0.183204 0.244951 -0.340084 2
0.213176 0.078169 -0.498455 2
-0.202009 -0.272224 0.380065 1
-0.162140 -0.113711 0.311240 3
0.238445 0.196498 -0.390401 2
-0.062996 0.114793 0.148890 2
0.219545 0.151643 -0.448036 2
-0.201139 -0.424270 0.382366 0
-0.152050 0.458483 0.156490 3
-0.167159 -0.076196 0.310920 3
0.207084 0.066892 -0.500952 2
0.027596 0.246562 -0.040702 2
-0.162367 -0.168135 0.324690 0
0.236140 0.031732 -0.513450 2
0.195100 -0.096885 -0.503539 2
-0.191583 -0.344333 0.377123 1
0.176420 0.270329 -0.266246 2
-0.078387 0.140211 0.109637 2
0.014010 0.248233 -0.045162 2
-0.028939 0.192216 0.045821 2
-0.220321 -0.611769 0.410947 0
-0.191646 -0.401122 0.372919 0
-0.085658 -0.089095 0.529768 1
0.243822 0.134621 -0.457303 2
-0.158969 -0.087022 0.298156 3
0.253997 -0.094403 -0.469828 2
-0.181790 -0.344604 0.381219 1
0.255883 0.157332 -0.428246 2
0.014496 0.216940 0.027072 2
0.002822 0.188358 0.064898 2
0.226787 -0.123963 -0.474538 2
0.235984 -0.030083 -0.508023 2
-0.132305 -0.153921 0.434819 1
-0.171728 -0.189250 0.313554 0
-0.200349 -0.453253 0.396262 0
0.159193 0.261225 -0.318299 2
-0.161116 -0.106985 0.314339 3
-0.088809 0.103782 0.148044 2
0.248449 0.155881 -0.426472 2
0.261881 0.098948 -0.481873 2
0.209730 0.212322 -0.406132 2
0.235355 0.108942 -0.477223 2
-0.179895 -0.206853 0.425331 1
0.164747 0.266600 -0.296094 2
-0.188176 -0.329036 0.366939 0
-0.140544 0.057375 0.253639 3
0.174850 -0.180448 -0.485882 2
0.238395 -0.082202 -0.496995 2
0.010896 0.234871 -0.021947 2
-0.134741 -0.225484 0.398458 1
-0.169968 -0.309699 0.384520 1
