0.007048 -0.010229 -0.345897 1
0.187597 0.669051 0.719151 2
-0.050468 -0.817497 -0.242994 0
-0.007161 0.333635 0.202675 2
-0.056127 -0.391166 -0.132129 0
-0.014946 0.030105 0.009432 2
0.161055 0.460394 0.461571 2
-0.084824 -0.144459 -0.155953 1
-0.059870 -0.604513 -0.188159 0
-0.055264 0.107761 -0.494019 1
0.054270 0.200917 0.072197 2
0.122418 0.546936 0.610055 2
0.122361 0.384319 0.308762 2
-0.086419 -0.013483 -0.230192 1
-0.005604 -0.257839 -0.128781 1
0.023219 -0.092038 -0.222905 1
-0.018098 -0.087833 -0.053727 2
-0.087402 0.076694 -0.369162 1
-0.054962 0.146003 0.048540 2
0.055377 0.421488 0.410895 2
0.080255 0.281833 0.151375 2
-0.031069 0.254671 0.126770 2
-0.059577 -0.720107 -0.189047 0
-0.042838 -0.497483 -0.165415 0
0.018353 0.384235 0.293293 2
0.038066 0.116109 0.020088 2
0.094864 0.481759 0.534494 2
-0.006727 0.058667 -0.423282 1
0.197388 0.597843 0.652346 2
0.016565 -0.165949 -0.159399 1
-0.035777 -0.180701 -0.076246 2
0.101087 0.328132 0.232182 2
0.183825 0.512351 0.545497 2
0.146694 0.424566 0.384161 2
-0.074406 -0.306441 -0.126809 1
-0.074276 0.016209 -0.308069 1
-0.061225 -0.013773 -0.043533 2
-0.018205 -0.038995 -0.273441 1
-0.054745 -0.081216 -0.192341 1
-0.077294 -0.227238 -0.122888 1
0.087605 0.448978 0.470765 2
-0.020802 0.197004 0.084735 2
-0.060844 0.082757 0.012308 2
0.062588 0.405162 0.344698 2
0.005528 -0.000754 -0.049344 2
0.192341 0.554414 0.597981 2
-0.044199 0.024848 -0.378308 1
-0.073979 0.100443 -0.429459 1
0.036597 0.244791 0.118117 2
0.011975 0.286660 0.160812 2
-0.020475 -0.338983 -0.133922 2
0.042855 0.351019 0.237968 2
-0.041579 -0.185688 -0.150374 1
-0.060031 -0.664014 -0.208922 0
0.009384 0.152124 0.057086 2
0.024950 0.066639 -0.012611 2
-0.030141 -0.126980 -0.098384 2
-0.053734 -0.436187 -0.169153 0
-0.060539 -0.761728 -0.229228 0
-0.024060 -0.127302 -0.173342 1
-0.008027 0.085455 0.034038 2
-0.056314 -0.552837 -0.162826 0
0.073709 0.374780 0.280899 2
0.148428 0.477914 0.516301 2
0.059082 0.312232 0.193773 2
0.142689 0.584946 0.651925 2
-0.063284 0.035078 -0.017427 2
0.128857 0.509206 0.568481 2
0.169023 0.622033 0.691957 2
0.118458 0.437140 0.428745 2
-0.046151 -0.263570 -0.094976 2
-0.022218 -0.065591 -0.229019 1
-0.024637 -0.045134 -0.026428 2
0.005201 0.022070 -0.387912 1
-0.024554 0.083208 -0.462661 1
0.005574 -0.212955 -0.147703 1
0.095568 0.418556 0.382329 2
-0.060091 -0.014460 -0.270970 1
-0.032333 -0.016001 -0.313536 1
-0.054472 0.059288 -0.410166 1
-0.059682 -0.064291 -0.058275 2
0.017413 -0.038909 -0.305426 1
-0.008224 -0.043945 -0.071372 2
-0.031342 -0.218424 -0.105014 2
0.019388 -0.114225 -0.182265 1
-0.078677 0.035824 -0.349732 1
0.018052 -0.064570 -0.262352 1
0.125465 0.409550 0.347528 2
0.110682 0.351365 0.269329 2
-0.054388 -0.111668 -0.062851 2
-0.042855 -0.279107 -0.141710 1
-0.083907 -0.042578 -0.196954 1
0.000223 0.361277 0.236382 2
-0.063096 -0.348062 -0.129223 0
-0.086683 -0.100792 -0.171370 1
-0.041945 -0.232116 -0.146006 1
-0.000523 0.226561 0.107375 2
-0.089025 0.015970 -0.266451 1
-0.083655 -0.182232 -0.137420 1
-0.023749 -0.006665 -0.008811 2
0.126443 0.458132 0.487011 2
-0.056571 -0.042322 -0.229247 1
-0.012672 -0.089981 -0.197327 1
0.011919 0.028380 -0.021144 2
-0.050176 0.007932 -0.341724 1
0.160736 0.528702 0.584502 2
0.049940 0.167153 0.050096 2
-0.016630 0.122780 0.046726 2
0.162365 0.558790 0.623817 2
-0.076778 -0.266351 -0.124842 1
0.027502 0.398129 0.328659 2
0.158238 0.445057 0.425760 2
0.016539 0.189259 0.078755 2
0.043725 0.271595 0.145336 2
-0.039654 -0.303385 -0.110885 2
-0.017110 0.307811 0.173905 2
-0.036222 -0.144930 -0.062461 2
0.072062 0.259085 0.122361 2
0.085730 0.392455 0.311817 2
-0.050277 0.110263 0.036016 2
-0.045728 -0.638405 -0.182565 0
0.043212 0.413773 0.376750 2
-0.024971 0.164938 0.066719 2
0.018477 0.311727 0.187243 2
-0.038713 0.225064 0.099619 2
-0.011297 -0.297580 -0.133031 1
0.070301 0.434076 0.442585 2
0.089889 0.296320 0.183482 2
0.061679 0.232350 0.095506 2
0.091860 0.463797 0.503258 2
0.006453 0.257671 0.132517 2
-0.023353 0.281850 0.150108 2
-0.092174 0.046637 -0.318473 1
-0.022757 -0.092855 -0.088592 2
-0.047163 -0.149161 -0.157531 1
-0.061248 0.092732 -0.461618 1
-0.043871 -0.464983 -0.151444 0
0.025335 0.371458 0.261241 2
-0.070810 -0.795744 -0.224473 0
-0.057969 -0.726834 -0.223357 0
0.081146 0.351936 0.248156 2
-0.037522 -0.164320 -0.107017 2
0.051480 0.390951 0.304409 2
-0.044258 -0.316771 -0.146113 0
0.030484 0.217105 0.094249 2
-0.044079 -0.423576 -0.138259 0
-0.038250 0.055271 0.014008 2
-0.019056 0.005647 -0.364456 1
-0.059679 -0.570133 -0.191916 0
-0.023541 0.038403 -0.401608 1
0.033165 0.331040 0.212289 2
-0.070975 0.048723 -0.379928 1
-0.050289 -0.367012 -0.154867 0
-0.054443 -0.112857 -0.173567 1
0.178190 0.493436 0.516649 2
0.168393 0.596883 0.670014 2
0.000340 0.059660 0.009077 2
-0.046896 -0.749652 -0.201560 0
0.154402 0.497347 0.544240 2
-0.079524 0.084664 -0.401088 1
-0.056465 -0.520853 -0.184069 0
0.191490 0.573594 0.627224 2
0.070609 0.333412 0.221841 2
-0.041698 0.072253 -0.437051 1
0.195821 0.639321 0.697521 2
0.088266 0.428888 0.416346 2
-0.044323 -0.688376 -0.194929 0
-0.054791 0.004092 -0.017440 2
0.170377 0.475551 0.488259 2
0.130561 0.448576 0.456804 2
0.017927 0.089940 0.016032 2
0.044599 0.291577 0.170164 2
-0.019316 -0.163423 -0.156199 1
-0.020633 -0.118226 -0.065096 2
0.124277 0.489327 0.540854 2
0.030943 0.140462 0.038162 2
-0.048064 0.187364 0.074381 2
0.006726 -0.137435 -0.164893 1
-0.001404 -0.032721 -0.041915 2
-0.037524 -0.247079 -0.119064 2
0.092377 0.406868 0.350687 2
0.189108 0.535036 0.574780 2
-0.044206 -0.038221 -0.049320 2
0.011065 0.115465 0.033328 2
-0.053022 -0.200107 -0.091391 2
-0.048841 -0.780040 -0.208502 0
-0.031020 -0.366791 -0.129775 0
-0.037210 -0.070096 -0.037039 2
-0.061907 -0.205489 -0.136389 1
0.114920 0.523768 0.590493 2
-0.041537 -0.037582 -0.255314 1
0.116842 0.428933 0.399866 2
-0.081050 -0.070623 -0.184610 1
-0.050435 -0.398534 -0.159830 0
-0.056861 -0.474639 -0.177030 0
-0.053171 -0.149528 -0.085386 2
-0.013313 -0.191067 -0.148707 1
-0.005268 -0.021308 -0.320892 1
-0.042254 0.028133 0.001366 2
0.005133 -0.071881 -0.234036 1
0.192905 0.615265 0.674463 2
0.132536 0.567168 0.632101 2
-0.091736 0.060588 -0.345027 1
-0.055976 -0.003085 -0.298245 1
-0.061006 -0.056701 -0.205333 1
-0.047790 -0.582845 -0.169800 0
0.092662 0.313419 0.209744 2
-0.021334 -0.153509 -0.086730 2
0.056587 0.364569 0.261090 2
0.100667 0.376792 0.288102 2
0.101224 0.497948 0.556298 2
0.172385 0.579420 0.646509 2
-0.060093 -0.700603 -0.214720 0
-0.044008 -0.329792 -0.117403 0
-0.061828 0.058104 -0.002737 2
-0.044658 -0.528278 -0.160374 0
-0.046650 -0.233718 -0.088419 2
-0.000795 -0.000282 -0.022014 2
0.122269 0.471724 0.512443 2
-0.012809 -0.070705 -0.076591 2
-0.037746 0.083911 0.026351 2
0.068854 0.418951 0.385891 2
0.110389 0.399866 0.327189 2
-0.020668 -0.007194 -0.340865 1
0.100330 0.441639 0.448316 2
0.147965 0.540515 0.605199 2
-0.051524 -0.085021 -0.073039 2
-0.010418 -0.054363 -0.250170 1
-0.010839 -0.056903 -0.048055 2
-0.090938 0.028927 -0.289682 1
-0.042805 -0.019736 -0.022029 2
0.043317 0.379246 0.279221 2
-0.037415 -0.193574 -0.112113 2
0.008719 -0.046521 -0.281535 1
-0.038054 -0.025586 -0.284720 1
-0.042445 -0.341911 -0.154039 0
-0.017435 -0.223411 -0.140803 1
0.123953 0.420096 0.372001 2
-0.000170 0.170251 0.073093 2
-0.036956 -0.075857 -0.210240 1
-0.051574 -0.274976 -0.117454 2
-0.038848 -0.714441 -0.203246 0
-0.062995 -0.167065 -0.148371 1
-0.046169 -0.805328 -0.220922 0
-0.037703 0.094414 -0.481394 1
-0.057682 -0.668457 -0.184081 0
-0.059979 -0.632444 -0.202576 0
-0.004954 -0.108028 -0.179787 1
0.017615 0.346901 0.224210 2
0.007837 0.005684 -0.369046 1
-0.029298 0.142782 0.054991 2
0.161326 0.513019 0.562539 2
-0.005605 -0.031370 -0.297963 1
-0.056135 -0.256649 -0.134953 1
0.037408 0.183865 0.065334 2
-0.011943 0.072796 -0.443038 1
-0.037303 -0.101314 -0.187246 1
-0.057291 -0.545841 -0.188004 0
-0.075133 -0.007952 -0.252605 1
-0.031037 0.057359 -0.419719 1
-0.041011 -0.095480 -0.049463 2
-0.049129 0.165167 0.062868 2
0.148247 0.466918 0.493625 2
0.147021 0.435079 0.406082 2
-0.072866 0.003759 -0.280554 1
0.068741 0.293388 0.170973 2
0.036773 0.406584 0.349307 2
-0.049188 -0.125762 -0.081772 2
-0.062768 0.076646 -0.424317 1
-0.074239 -0.124751 -0.164194 1
0.018484 -0.099021 -0.200721 1
-0.053344 -0.172968 -0.090008 2
0.012250 0.201551 0.098427 2
-0.000558 0.040268 -0.406517 1
-0.027913 0.103258 0.036219 2
0.111723 0.450277 0.470659 2
0.016827 -0.023797 -0.327850 1
-0.072521 0.022592 -0.331593 1
0.009468 -0.188932 -0.152703 1
-0.056169 -0.446156 -0.145746 0
-0.057420 -0.484318 -0.153163 0
-0.012670 0.242956 0.118108 2
-0.012091 -0.020118 -0.024879 2
-0.044994 0.206648 0.086503 2
-0.061184 -0.025711 -0.248389 1
0.072793 0.411474 0.364263 2
-0.017921 0.019794 -0.382457 1
-0.067718 -0.741150 -0.205968 0
0.014527 0.047019 -0.007220 2
-0.075323 -0.034411 -0.216457 1
-0.055427 -0.298311 -0.136333 1
-0.024346 -0.316070 -0.134867 1
-0.019288 0.065735 0.020709 2
-0.000635 0.274683 0.146311 2
-0.051939 0.040355 -0.392866 1
-0.059839 0.022803 -0.355749 1
0.180160 0.647189 0.711784 2
0.171839 0.545127 0.599919 2
0.039113 0.300448 0.190178 2
-0.006787 -0.079427 -0.216373 1
-0.032863 -0.254500 -0.139697 1
-0.022947 -0.275091 -0.132354 1
0.092112 0.366193 0.270422 2
-0.009102 0.017373 -0.007843 2
0.107318 0.510941 0.573721 2
-0.052565 -0.785465 -0.231878 0
0.021985 -0.079672 -0.246111 1
-0.002481 -0.024542 -0.062632 2
0.049821 0.400498 0.327360 2
-0.061527 -0.323350 -0.132263 0
-0.018085 0.216761 0.098646 2
0.131154 0.395285 0.331801 2
0.050818 0.258463 0.127158 2
0.104913 0.341904 0.248463 2
0.081580 0.399464 0.331890 2
0.018514 0.227543 0.117661 2
-0.031380 -0.200434 -0.090663 2
0.136332 0.526926 0.590676 2
0.019214 0.171680 0.063634 2
-0.042976 0.128087 0.047199 2
-0.056227 -0.368087 -0.133009 0
-0.001488 0.133589 0.057701 2
-0.040302 -0.210942 -0.149211 1
-0.041903 -0.058202 -0.221329 1
-0.058176 -0.227328 -0.132950 1
0.027405 0.257846 0.145938 2
0.024429 0.360338 0.243081 2
-0.004527 0.349541 0.219308 2
0.053613 0.325605 0.210976 2
0.031592 0.276491 0.162931 2
0.012907 0.327085 0.200817 2
0.149133 0.451733 0.446354 2
-0.056854 0.003678 -0.318163 1
-0.039214 -0.398930 -0.141933 0
-0.070403 0.065462 -0.398024 1
-0.000939 -0.235974 -0.138897 1
0.049862 0.216831 0.086638 2
-0.068456 -0.089154 -0.178888 1
-0.043079 -0.350000 -0.123998 0
0.031181 0.158587 0.048945 2
-0.068918 -0.769291 -0.211986 0
-0.059613 -0.509340 -0.165671 0
-0.018994 -0.112772 -0.085340 2
-0.047710 -0.231263 -0.108768 2
-0.083507 0.050257 -0.363486 1
0.011721 0.015923 -0.039189 2
-0.042700 -0.162147 -0.071371 2
-0.040703 -0.285039 -0.102095 2
-0.025277 -0.174943 -0.094737 2
-0.059950 -0.427112 -0.151753 0
-0.056669 -0.619340 -0.174671 0
-0.031711 -0.051093 -0.243845 1
-0.021146 -0.136319 -0.074189 2
0.137600 0.441296 0.423727 2
0.029716 0.392112 0.308046 2
-0.012174 -0.144300 -0.163027 1
-0.018478 0.266478 0.137238 2
0.120688 0.371158 0.293547 2
0.064325 0.347095 0.238116 2
-0.033377 -0.298296 -0.137973 1
0.005857 0.301293 0.173228 2
0.071085 0.439660 0.461913 2
0.081026 0.454290 0.489022 2
0.172468 0.499765 0.534786 2
-0.073702 -0.286425 -0.126980 1
0.017627 0.072627 0.006003 2
-0.066822 0.087634 -0.443186 1
-0.043858 0.083761 -0.457909 1
-0.006714 0.105990 0.042955 2
0.153073 0.571540 0.641686 2
-0.037781 0.012080 -0.363934 1
-0.062403 0.018340 -0.028878 2
-0.060085 -0.650512 -0.192001 0
-0.037440 0.010986 -0.007147 2
-0.044395 -0.558307 -0.177573 0
-0.079590 -0.199750 -0.129352 1
-0.043577 -0.732053 -0.210715 0
0.025022 0.295529 0.172605 2
0.179392 0.522107 0.563550 2
-0.055089 -0.132720 -0.164846 1
0.179455 0.560060 0.614276 2
-0.039506 -0.441533 -0.154991 0
0.102244 0.457495 0.486166 2
0.006450 0.369948 0.252747 2
0.034367 0.203301 0.080988 2
-0.001603 0.036647 -0.003560 2
-0.084131 -0.167066 -0.149667 1
-0.042005 -0.005128 -0.327210 1
0.143760 0.459161 0.476336 2
-0.013355 -0.094011 -0.071569 2
0.001044 0.077458 0.016932 2
-0.059213 -0.700799 -0.193480 0
-0.044429 -0.761553 -0.216737 0
0.003232 -0.014371 -0.035755 2
-0.052590 -0.033303 -0.032590 2
-0.056808 -0.409532 -0.142143 0
-0.000548 0.315010 0.188132 2
-0.001408 0.194672 0.086614 2
-0.043339 -0.602301 -0.178403 0
0.042155 0.233843 0.103230 2
-0.047401 -0.051913 -0.036124 2
-0.037089 -0.114304 -0.054821 2
-0.065490 -0.801576 -0.242031 0
-0.034865 -0.145743 -0.102855 2
0.068359 0.427504 0.423724 2
-0.073449 0.106853 -0.466201 1
-0.056601 -0.501364 -0.182884 0
-0.011646 0.152238 0.061236 2
0.034433 0.095948 0.008272 2
-0.054077 -0.082041 -0.053600 2
0.062377 0.276107 0.145254 2
0.137298 0.497668 0.552907 2
0.104091 0.414273 0.363905 2
0.142603 0.553767 0.622850 2
0.048134 0.337061 0.225218 2
0.100786 0.472639 0.517617 2
-0.038567 -0.287953 -0.122561 2
0.071947 0.319235 0.205973 2
0.141847 0.415282 0.367555 2
-0.031077 0.240050 0.114223 2
-0.060444 -0.683659 -0.206143 0
-0.039237 -0.379970 -0.141500 0
-0.035020 -0.242861 -0.100749 2
0.104248 0.389797 0.308529 2
0.011174 0.133088 0.043688 2
0.020107 0.244698 0.131210 2
-0.056461 0.096524 0.024639 2
-0.024473 -0.025817 -0.297754 1
0.068240 0.384959 0.298540 2
-0.030140 0.182539 0.076369 2
-0.005518 -0.125583 -0.172816 1
0.141786 0.486615 0.535335 2
-0.006143 0.291708 0.162840 2
0.012992 0.377410 0.276912 2
0.067942 0.246383 0.109594 2
-0.043894 -0.416145 -0.155160 0
-0.049979 -0.620471 -0.192707 0
0.042144 0.315679 0.200207 2
-0.047762 -0.453839 -0.165965 0
-0.062656 -0.187948 -0.141851 1
-0.061617 0.034076 -0.374108 1
-0.043828 -0.478105 -0.164231 0
0.091940 0.435509 0.433010 2
-0.053899 -0.137597 -0.068635 2
-0.030335 -0.144621 -0.164796 1
-0.000862 -0.157086 -0.156618 1
-0.051746 -0.249020 -0.104537 2
0.019111 0.044499 -0.025647 2
0.147938 0.517708 0.577851 2
-0.059202 -0.535229 -0.168652 0
-0.061391 -0.719674 -0.207074 0
-0.080879 0.065987 -0.383348 1
0.164459 0.481464 0.508930 2
0.079310 0.423851 0.401576 2
0.074472 0.362776 0.261676 2
-0.055088 0.041858 0.000790 2
-0.087944 0.045310 -0.336461 1
-0.043339 -0.056754 -0.052890 2
-0.067987 -0.151236 -0.154997 1
-0.086209 0.029480 -0.308342 1
0.161316 0.610346 0.680914 2
-0.043412 -0.168443 -0.154399 1
-0.074994 -0.248655 -0.124351 1
-0.061477 -0.273513 -0.133246 1
-0.041042 0.048212 -0.406613 1
-0.087679 0.004604 -0.252784 1
-0.059742 -0.045381 -0.054015 2
0.129425 0.426754 0.387567 2
-0.036596 -0.267710 -0.109297 2
-0.043192 -0.015567 -0.299610 1
0.074366 0.304839 0.188917 2
-0.050846 -0.311254 -0.125127 2
-0.054365 -0.384630 -0.149206 0
0.085915 0.288096 0.166818 2
0.185054 0.599288 0.664997 2
-0.037909 -0.218690 -0.085926 2
0.054883 0.413114 0.363645 2
-0.012424 0.047358 0.011499 2
0.109154 0.464911 0.500568 2
-0.017327 -0.241967 -0.137424 1
-0.011007 -0.071483 -0.057732 2
0.004569 -0.089362 -0.207547 1
0.111721 0.481360 0.529984 2
-0.074887 0.102127 -0.448564 1
0.162844 0.488857 0.525285 2
-0.012817 0.182478 0.077144 2
0.105485 0.428773 0.414442 2
-0.050325 -0.214900 -0.103822 2
0.063784 0.393389 0.316301 2
0.087014 0.338100 0.233320 2
0.006501 -0.063359 -0.248998 1
0.107863 0.407295 0.343072 2
0.005805 0.244298 0.121565 2
-0.055357 0.066052 0.011083 2
-0.050402 -0.590186 -0.188381 0
0.049759 0.418371 0.391926 2
-0.037597 -0.117081 -0.175718 1
-0.019447 -0.105356 -0.188333 1
0.000536 -0.052297 -0.263045 1
-0.038260 -0.353671 -0.142457 0
-0.055270 0.022801 -0.008190 2
-0.057620 0.131998 0.039291 2
-0.043821 -0.540188 -0.173890 0
0.117233 0.440850 0.447936 2
-0.027799 -0.026337 -0.017833 2
0.087396 0.325399 0.220466 2
-0.031423 0.001822 -0.352094 1
-0.004355 -0.000311 -0.358619 1
0.117638 0.501099 0.558492 2
-0.021948 0.296208 0.159161 2
-0.079067 0.015726 -0.290617 1
0.197022 0.585309 0.637943 2
-0.072484 -0.017372 -0.238731 1
-0.059227 -0.489678 -0.168980 0
-0.081749 0.083138 -0.384553 1
0.180063 0.633927 0.698550 2
0.043081 0.361922 0.251714 2
0.149790 0.593096 0.664592 2
0.006640 0.338382 0.214037 2
0.005604 0.101027 0.027115 2
-0.069629 -0.106626 -0.170872 1
-0.025466 -0.205018 -0.144592 1
-0.059327 -0.464618 -0.161008 0
-0.058510 -0.027337 -0.052615 2
0.129065 0.434602 0.409472 2
0.053642 0.185951 0.062923 2
0.016824 0.217464 0.103570 2
0.044700 0.152940 0.041321 2
-0.057376 -0.570036 -0.173851 0
0.036424 0.386887 0.293910 2
-0.073710 0.096025 -0.411522 1
-0.027949 0.074589 -0.446550 1
-0.056865 0.098501 -0.476416 1
-0.020004 -0.069873 -0.043795 2
0.054535 0.285301 0.158697 2
-0.052141 -0.334406 -0.139908 0
-0.013934 0.324366 0.189465 2
-0.051515 -0.742968 -0.220003 0
0.022616 0.110231 0.023002 2
-0.068225 -0.064399 -0.192847 1
0.087900 0.384860 0.297524 2
-0.027767 0.040050 0.007731 2
0.137754 0.469158 0.507653 2
0.178068 0.538318 0.586282 2
0.021176 -0.126801 -0.172106 1
0.000144 0.121159 0.044357 2
0.018343 0.275642 0.150692 2
-0.034906 -0.034066 -0.271236 1
-0.050248 -0.186594 -0.081777 2
-0.022779 0.016237 0.000784 2
-0.046935 -0.186533 -0.097777 2
-0.050111 -0.102641 -0.075578 2
-0.050316 -0.013960 -0.285210 1
0.098728 0.422881 0.397557 2
-0.006225 -0.013067 -0.336816 1
-0.043438 -0.218602 -0.117863 2
-0.049577 -0.669721 -0.198132 0
0.167133 0.467902 0.474390 2
-0.030654 0.208156 0.093384 2
-0.028581 -0.088580 -0.197026 1
-0.062173 0.004027 -0.035965 2
-0.027433 -0.044527 -0.257973 1
-0.062295 -0.754852 -0.212774 0
-0.028970 -0.176239 -0.152310 1
-0.051478 -0.292706 -0.114680 2
0.100053 0.354864 0.258098 2
0.111231 0.423356 0.386167 2
-0.055555 -0.095941 -0.062061 2
-0.007416 -0.277854 -0.132286 1
0.196813 0.627663 0.683371 2
-0.044485 -0.515683 -0.169793 0
-0.002749 -0.046498 -0.056597 2
-0.000536 -0.176828 -0.152434 1
-0.054255 -0.355442 -0.145043 0
-0.051333 -0.099048 -0.180636 1
-0.023842 0.066729 -0.433628 1
-0.036584 -0.336166 -0.140589 0
-0.048618 -0.316466 -0.110517 2
-0.022716 -0.138271 -0.090084 2
0.019034 -0.058326 -0.276656 1
-0.000312 -0.100687 -0.192789 1
-0.043650 -0.071570 -0.058677 2
0.107001 0.365715 0.275053 2
0.136033 0.445572 0.438642 2
0.129911 0.535897 0.601647 2
0.042003 0.133336 0.029859 2
0.004185 -0.016376 -0.051083 2
-0.042374 -0.162199 -0.091856 2
-0.017535 0.231316 0.109132 2
0.054399 0.299879 0.178804 2
-0.062773 -0.780193 -0.221054 0
-0.037402 -0.196127 -0.077112 2
-0.058940 -0.596162 -0.175207 0
-0.009209 -0.209921 -0.144446 1
-0.079431 0.003889 -0.266125 1
-0.049873 0.068177 -0.424236 1
-0.056644 -0.737506 -0.195946 0
0.127936 0.479043 0.524716 2
0.030295 0.077492 -0.001179 2
-0.060912 -0.242407 -0.131792 1
-0.030977 0.026469 -0.386994 1
-0.025270 -0.058987 -0.034350 2
-0.056496 -0.008694 -0.025749 2
-0.012405 -0.042410 -0.035235 2
0.034900 0.171431 0.056409 2
-0.010929 0.034063 -0.394160 1
0.084837 0.441429 0.455517 2
0.017621 -0.148056 -0.163631 1
-0.049082 -0.256977 -0.117858 2
0.091389 0.304680 0.196163 2
-0.036448 0.156485 0.061266 2
-0.038595 -0.130020 -0.060260 2
0.162324 0.584914 0.656484 2
-0.059471 -0.631469 -0.183336 0
0.185019 0.589151 0.651376 2
0.074681 0.271785 0.137572 2
-0.021053 0.048130 -0.413082 1
-0.081438 -0.057082 -0.192337 1
0.080968 0.416195 0.377300 2
0.181414 0.615897 0.684245 2
-0.022327 -0.101846 -0.057374 2
-0.046992 -0.701767 -0.202978 0
0.054239 0.382406 0.289076 2
-0.067542 -0.032054 -0.229240 1
-0.049704 -0.024593 -0.267150 1
0.036863 0.257908 0.132641 2
-0.044588 -0.043543 -0.241900 1
0.009705 -0.029233 -0.313875 1
0.104727 0.489693 0.544306 2
-0.039258 -0.132782 -0.166690 1
-0.038973 -0.037948 -0.028571 2
-0.041180 0.097381 0.032679 2
0.078510 0.404613 0.345544 2
-0.028562 -0.167999 -0.079237 2
-0.071020 0.074431 -0.409895 1
-0.062009 0.053296 -0.396557 1
0.020816 0.147956 0.048580 2
0.050441 0.245037 0.112781 2
-0.005292 -0.039897 -0.280679 1
0.180686 0.661515 0.708140 2
0.143115 0.454320 0.462091 2
-0.027242 -0.149984 -0.073047 2
-0.044505 -0.649219 -0.192539 0
-0.021564 -0.074160 -0.217020 1
-0.023013 0.084501 0.026930 2
0.007838 -0.119438 -0.173543 1
0.013190 -0.081431 -0.224550 1
-0.089037 -0.002084 -0.239785 1
0.056467 0.374179 0.275104 2
-0.007102 -0.057881 -0.066924 2
0.006720 0.179822 0.084170 2
-0.000406 0.214676 0.098815 2
-0.036800 0.068714 0.019619 2
0.020434 0.126882 0.034215 2
-0.011567 0.003653 -0.012252 2
-0.060197 0.011998 -0.331897 1
-0.062551 -0.752805 -0.198316 0
0.174085 0.566520 0.627773 2
0.007209 0.002875 -0.034488 2
-0.048840 -0.071757 -0.202858 1
-0.091254 0.066639 -0.358278 1
-0.069578 -0.045253 -0.208093 1
-0.054785 -0.433433 -0.138722 0
-0.047435 -0.575895 -0.182709 0
0.055061 0.354707 0.247712 2
0.110520 0.381548 0.298346 2
-0.033802 -0.231036 -0.112940 2
0.004966 0.012522 -0.018317 2
-0.046551 -0.241254 -0.135718 1
-0.007385 0.253093 0.127002 2
-0.049348 -0.070152 -0.044916 2
0.032939 0.346052 0.228681 2
-0.042964 -0.490494 -0.152758 0
-0.000611 0.013489 -0.377804 1
-0.037337 -0.083762 -0.041915 2
-0.061498 -0.584232 -0.195383 0
-0.046632 -0.775333 -0.221929 0
-0.024705 -0.012218 -0.327996 1
-0.034574 -0.229158 -0.096001 2
-0.079240 -0.803169 -0.238149 0
0.148652 0.504193 0.558830 2
0.193165 0.562711 0.609660 2
-0.055977 -0.806724 -0.232657 0
-0.037127 -0.002170 -0.012606 2
0.160796 0.536918 0.596251 2
-0.024708 -0.352551 -0.134531 0
0.006420 -0.038142 -0.294581 1
-0.043569 -0.373465 -0.129581 0
-0.005407 -0.062607 -0.239787 1
-0.042516 -0.265161 -0.144169 1
-0.037132 -0.261342 -0.128081 1
-0.070099 0.033798 -0.360787 1
-0.018843 -0.261815 -0.134945 1
-0.086992 -0.133026 -0.163969 1
0.012923 0.355266 0.234896 2
-0.046234 -0.249427 -0.091541 2
-0.044491 -0.508680 -0.156979 0
0.165653 0.507427 0.550324 2
0.068993 0.285942 0.159005 2
-0.078343 -0.213310 -0.124797 1
-0.071852 0.087381 -0.423497 1
0.098349 0.446896 0.461224 2
-0.048835 0.077313 0.020742 2
0.116345 0.535720 0.597926 2
0.166020 0.522652 0.571654 2
-0.059671 -0.686523 -0.192421 0
0.016303 0.058601 0.000507 2
-0.086526 -0.088505 -0.178108 1
0.116991 0.414294 0.358452 2
0.019861 -0.051733 -0.288982 1
0.118999 0.516617 0.579178 2
0.192266 0.652847 0.707717 2
0.126239 0.464531 0.501161 2
-0.038286 -0.001562 -0.340435 1
-0.056471 0.079257 -0.439050 1
0.138515 0.574011 0.642669 2
-0.059173 -0.559283 -0.182509 0
-0.048003 -0.005265 -0.312210 1
-0.013588 0.139299 0.054041 2
-0.036950 -0.177974 -0.104692 2
-0.050011 -0.762979 -0.203701 0
0.087224 0.377868 0.284969 2
-0.085884 0.047603 -0.349930 1
-0.018338 -0.032868 -0.026030 2
-0.084568 -0.025403 -0.221319 1
0.074670 0.444927 0.474145 2
0.162241 0.455359 0.448622 2
0.062354 0.267407 0.133217 2
-0.051204 -0.198772 -0.141888 1
0.037096 0.373939 0.268137 2
0.155779 0.551261 0.614360 2
0.010928 -0.002758 -0.358624 1
-0.013714 -0.023235 -0.310211 1
-0.036191 -0.156789 -0.160762 1
-0.081549 0.029030 -0.323481 1
0.137469 0.408342 0.354091 2
-0.056248 -0.459857 -0.146521 0
-0.031323 0.018074 -0.376172 1
-0.084438 -0.032174 -0.206496 1
-0.060183 -0.583001 -0.178742 0
-0.028142 -0.231770 -0.139237 1
-0.056849 -0.521292 -0.159670 0
0.129297 0.451236 0.470130 2
-0.067724 -0.335312 -0.127773 0
-0.014821 -0.107502 -0.072788 2
0.004087 0.157386 0.071681 2
-0.042681 0.041736 0.006381 2
0.149579 0.529635 0.593755 2
-0.050619 -0.724554 -0.198176 0
-0.063989 0.020796 -0.341918 1
-0.065410 0.108214 -0.480286 1
-0.066494 -0.138689 -0.160804 1
-0.026170 -0.031877 -0.283729 1
-0.032210 0.114723 0.041857 2
0.006305 -0.017263 -0.333124 1
-0.016631 -0.082816 -0.082050 2
-0.009720 0.073426 0.028260 2
0.098323 0.397732 0.321659 2
0.025617 0.380569 0.280269 2
-0.060655 -0.650971 -0.205756 0
-0.062478 0.046882 -0.011076 2
-0.021483 -0.116623 -0.181323 1
-0.011920 0.206684 0.092276 2
-0.063132 -0.005399 -0.280915 1
-0.006304 -0.071405 -0.227152 1
0.021408 0.054340 -0.016913 2
0.030457 0.322039 0.201196 2
-0.037003 -0.274721 -0.123009 2
-0.060779 -0.612404 -0.198835 0
-0.050424 -0.211708 -0.138933 1
-0.045216 -0.428626 -0.159514 0
-0.029767 -0.217506 -0.143256 1
-0.048344 0.013511 -0.353614 1
0.062380 0.421246 0.397217 2
-0.013108 0.169956 0.070324 2
0.037720 0.402035 0.336106 2
-0.052244 -0.340477 -0.128177 0
-0.041886 -0.452609 -0.147307 0
0.106558 0.436683 0.437792 2
-0.048864 -0.274709 -0.104551 2
0.069045 0.424719 0.409776 2
0.189748 0.544366 0.586690 2
-0.053163 -0.071312 -0.067752 2
-0.046849 -0.564634 -0.166313 0
0.014429 0.027875 -0.034490 2
-0.037354 0.196064 0.085157 2
-0.032210 -0.205175 -0.108888 2
-0.055816 -0.051524 -0.219929 1
-0.055513 -0.056908 -0.045131 2
-0.038785 0.035068 -0.393058 1
-0.069517 0.007468 -0.294097 1
-0.059520 0.109172 0.026104 2
-0.043086 -0.082890 -0.198061 1
-0.028484 -0.187621 -0.094891 2
0.041493 0.395119 0.312809 2
-0.042084 0.145298 0.054374 2
-0.013806 -0.008788 -0.016976 2
-0.056147 -0.502261 -0.155301 0
-0.019038 -0.083337 -0.206535 1
0.168085 0.553613 0.610842 2
0.068512 0.354841 0.249046 2
-0.054990 -0.534074 -0.183036 0
0.030629 0.312524 0.191725 2
-0.043303 -0.205850 -0.115656 2
-0.085477 -0.113611 -0.170156 1
0.161597 0.474974 0.497727 2
-0.046479 -0.122176 -0.066839 2
-0.013328 -0.045576 -0.263453 1
-0.020133 -0.125557 -0.086480 2
0.061883 0.427923 0.434836 2
0.123309 0.393509 0.321758 2
-0.038264 -0.054592 -0.233345 1
0.031804 0.270788 0.150094 2
-0.024361 0.055326 0.015122 2
0.003351 0.030351 -0.397558 1
0.003789 -0.225057 -0.143802 1
0.134338 0.543515 0.613345 2
-0.057080 -0.447222 -0.160144 0
0.027768 0.234706 0.112417 2
-0.050939 -0.712828 -0.209955 0
0.025513 0.184762 0.070786 2
-0.067695 -0.218797 -0.132143 1
-0.054100 -0.161589 -0.081225 2
0.135198 0.518820 0.580846 2
-0.011971 -0.081928 -0.067632 2
-0.050790 -0.212665 -0.091213 2
-0.001594 0.049911 -0.415558 1
0.049421 0.408155 0.348962 2
-0.054179 -0.021687 -0.027668 2
-0.037093 -0.255760 -0.099281 2
0.136320 0.421709 0.377011 2
-0.060972 -0.286182 -0.132588 1
0.086660 0.421125 0.391002 2
-0.047559 -0.173688 -0.073460 2
0.088651 0.469265 0.516157 2
0.175149 0.529863 0.576683 2
-0.043151 0.059073 -0.416465 1
-0.051886 -0.418259 -0.164729 0
0.033515 0.285474 0.171615 2
-0.006072 0.264306 0.136155 2
-0.066833 0.012762 -0.321167 1
-0.060495 -0.775675 -0.232858 0
-0.031859 -0.193200 -0.147420 1
-0.090041 0.022934 -0.276923 1
-0.039631 -0.305749 -0.123413 2
-0.048275 -0.151407 -0.067841 2
0.055379 0.416985 0.377094 2
-0.052724 -0.311857 -0.137552 0
-0.042890 -0.293072 -0.144331 1
-0.067121 -0.075760 -0.187578 1
-0.043717 -0.409433 -0.136757 0
-0.028884 -0.156557 -0.100704 2
-0.045297 -0.441233 -0.141923 0
-0.057468 -0.033970 -0.238545 1
-0.048982 -0.137659 -0.085674 2
0.092195 0.346901 0.245128 2
-0.057161 -0.655456 -0.180884 0
-0.039345 -0.367475 -0.141919 0
-0.060681 -0.546654 -0.173509 0
0.085278 0.411478 0.364572 2
-0.057511 -0.477223 -0.164844 0
-0.012883 -0.175173 -0.151903 1
-0.024811 -0.082370 -0.044753 2
-0.012222 -0.004645 -0.349976 1
-0.063327 -0.016438 -0.259100 1
-0.000520 0.323486 0.197250 2
-0.045259 -0.027341 -0.040686 2
-0.002065 -0.200326 -0.147835 1
0.147869 0.563788 0.633501 2
0.058899 0.210695 0.080757 2
-0.015332 -0.324529 -0.133852 2
-0.032945 -0.066742 -0.220545 1
-0.036581 0.173614 0.070655 2
-0.043974 0.090682 -0.471373 1
0.019199 0.199291 0.085519 2
-0.051224 -0.657606 -0.200096 0
0.173513 0.483003 0.500624 2
-0.018278 0.095937 0.033594 2
-0.062553 -0.731255 -0.211324 0
0.012286 -0.104252 -0.191383 1
-0.009038 0.283445 0.154105 2
0.154428 0.602922 0.670496 2
0.042151 0.412738 0.364510 2
0.042697 0.281881 0.159042 2
-0.058967 -0.394818 -0.144033 0
-0.042052 -0.589771 -0.179335 0
-0.054374 -0.116480 -0.075574 2
-0.050011 -0.794259 -0.217218 0
-0.043979 -0.204511 -0.102189 2
-0.055614 -0.372469 -0.145245 0
-0.066495 -0.780516 -0.207667 0
-0.051839 -0.175991 -0.149659 1
0.167260 0.570645 0.637091 2
-0.013445 -0.310694 -0.133331 1
-0.046966 -0.614007 -0.182749 0
0.061996 0.253015 0.117979 2
-0.042109 -0.205752 -0.083010 2
-0.072476 0.058497 -0.388189 1
0.016932 -0.091000 -0.212477 1
0.023140 -0.108676 -0.194823 1
-0.012034 0.010680 -0.373076 1
0.137916 0.430134 0.395641 2
-0.056394 -0.379570 -0.128376 0
-0.052749 -0.354054 -0.131589 0
-0.005996 -0.247559 -0.135293 1
-0.049786 -0.465502 -0.168802 0
0.018407 0.335872 0.212193 2
0.073228 0.397020 0.323387 2
0.026252 0.225619 0.104489 2
-0.028162 -0.288346 -0.133346 1
0.074365 0.389484 0.308755 2
-0.040202 -0.323672 -0.127166 0
-0.055442 0.085828 -0.453513 1
-0.057530 -0.037277 -0.045290 2
0.160310 0.469097 0.484321 2
-0.045227 -0.527165 -0.173561 0
0.186298 0.579754 0.638792 2
-0.062188 0.070806 0.002303 2
0.012705 0.176967 0.072350 2
0.079979 0.433764 0.433082 2
-0.048596 -0.705134 -0.189661 0
-0.038731 0.065092 -0.427730 1
-0.024323 0.131673 0.049464 2
0.030988 0.124090 0.029096 2
-0.091893 0.039466 -0.304699 1
0.172161 0.605681 0.678508 2
0.068188 0.367921 0.270562 2
-0.061748 -0.813327 -0.243532 0
0.117466 0.404306 0.336473 2
0.009480 0.036119 -0.008195 2
-0.050064 0.021861 -0.368267 1
-0.028608 -0.115301 -0.096078 2
-0.054131 -0.409905 -0.155670 0
0.160631 0.450872 0.437622 2
-0.051112 0.121209 0.040816 2
-0.012582 0.275066 0.145554 2
0.092264 0.402416 0.336421 2
0.041720 0.222287 0.093514 2
0.009462 0.371388 0.264244 2
0.197066 0.608815 0.665278 2
-0.011877 0.313956 0.182742 2
-0.001232 -0.032930 -0.053878 2
-0.018354 -0.059084 -0.238287 1
0.179686 0.552621 0.604925 2
-0.059080 -0.121162 -0.166375 1
-0.000911 0.087363 0.024669 2
-0.045566 -0.331114 -0.149283 0
0.154420 0.438691 0.414687 2
0.007668 -0.111697 -0.183335 1
-0.047618 -0.007803 -0.017898 2
-0.050646 -0.237810 -0.099296 2
0.031614 0.365752 0.252922 2
-0.000384 0.047094 0.001949 2
-0.053183 0.157159 0.055098 2
-0.065341 -0.792109 -0.234357 0
0.100555 0.452085 0.474218 2
0.129425 0.556468 0.628057 2
-0.044593 -0.082606 -0.062885 2
-0.068704 -0.177880 -0.143413 1
-0.054638 0.055156 0.006492 2
0.017678 0.366202 0.253112 2
-0.050152 -0.267735 -0.135495 1
-0.057997 -0.595637 -0.195757 0
0.018659 0.242601 0.119673 2
0.021764 0.267199 0.141436 2
-0.030345 -0.015025 -0.015571 2
-0.042639 -0.304644 -0.142010 1
0.004266 0.023052 -0.013037 2
-0.063201 -0.792355 -0.216130 0
0.148619 0.445545 0.432552 2
0.137584 0.461130 0.489379 2
-0.005850 0.302137 0.174187 2
-0.080127 0.054469 -0.373929 1
-0.059207 -0.024896 -0.040312 2
-0.073053 -0.318106 -0.126660 1
-0.043357 -0.392428 -0.150771 0
-0.070900 0.041067 -0.369943 1
0.114470 0.391760 0.314301 2
-0.048755 -0.502545 -0.174138 0
-0.000642 0.148479 0.062462 2
0.173661 0.590953 0.661432 2
0.087577 0.439375 0.443127 2
0.110655 0.418900 0.372377 2
-0.058930 -0.749704 -0.225991 0
-0.019740 0.256727 0.128610 2
0.111608 0.373136 0.286458 2
-0.051921 -0.059564 -0.212479 1
-0.080127 0.030507 -0.335413 1
-0.006427 0.026183 -0.386918 1
-0.091785 0.058009 -0.333715 1
0.140411 0.508848 0.567724 2
-0.049119 -0.632013 -0.192563 0
-0.044384 -0.254193 -0.138658 1
0.027081 0.100538 0.015930 2
-0.043352 -0.173730 -0.095757 2
0.161041 0.494789 0.535148 2
0.018105 0.159683 0.056819 2
-0.041040 0.214795 0.094897 2
-0.085715 0.065891 -0.372837 1
0.025222 0.084517 0.006429 2
0.037792 0.296262 0.178204 2
-0.059194 0.017016 -0.017354 2
-0.019534 0.003828 -0.003945 2
-0.006564 -0.045233 -0.045811 2
-0.028583 0.267705 0.131875 2
0.060644 0.400277 0.331234 2
-0.006596 0.341864 0.210670 2
0.098742 0.337576 0.238279 2
-0.043722 -0.112498 -0.074027 2
-0.060160 -0.638569 -0.192297 0
0.136170 0.474445 0.517689 2
-0.011944 0.040800 -0.405436 1
-0.049591 -0.223072 -0.139916 1
-0.048521 -0.797802 -0.229198 0
-0.045231 -0.093237 -0.068188 2
-0.061234 -0.712285 -0.215773 0
0.092254 0.475303 0.525450 2
-0.043103 -0.237428 -0.121506 2
-0.032041 -0.212365 -0.095370 2
-0.023525 0.151019 0.060365 2
-0.042530 -0.403953 -0.151619 0
0.117644 0.461658 0.493692 2
-0.065784 -0.311702 -0.132666 1
0.110514 0.471128 0.511874 2
-0.062412 -0.098939 -0.177966 1
0.059672 0.221878 0.089476 2
-0.023759 -0.152953 -0.160699 1
-0.062803 0.045671 -0.388169 1
0.019043 -0.081566 -0.234289 1
-0.024972 -0.304647 -0.133714 1
-0.030930 0.024026 -0.000617 2
-0.049321 -0.538366 -0.164017 0
-0.047946 -0.594972 -0.171059 0
-0.052232 -0.224355 -0.097842 2
0.010935 0.164022 0.064900 2
-0.079369 -0.156902 -0.151296 1
0.117582 0.507985 0.568603 2
-0.034210 -0.311307 -0.138384 1
-0.062255 -0.742313 -0.215829 0
-0.056172 -0.712756 -0.196962 0
-0.018603 0.077452 -0.452270 1
0.024358 0.352316 0.232587 2
-0.056309 -0.155700 -0.156260 1
-0.047295 -0.125547 -0.169985 1
0.120339 0.445211 0.460261 2
-0.055020 -0.403063 -0.133067 0
0.012351 0.017973 -0.025494 2
0.080372 0.309198 0.197414 2
-0.004390 -0.010639 -0.024649 2
-0.043955 0.099743 -0.489097 1
0.025398 0.196260 0.076622 2
-0.069956 0.028730 -0.350223 1
0.048324 0.306501 0.187912 2
0.016079 -0.015037 -0.341219 1
-0.060310 -0.625914 -0.193462 0
-0.005343 0.098405 0.034817 2
-0.056583 -0.470024 -0.151200 0
0.057218 0.240731 0.104991 2
0.153678 0.461684 0.471819 2
0.099509 0.383506 0.298242 2
-0.043237 -0.627560 -0.183672 0
-0.001570 -0.028219 -0.307894 1
-0.047269 0.176858 0.070448 2
0.074874 0.339170 0.230406 2
-0.050240 -0.304984 -0.113963 2
0.124231 0.437007 0.419226 2
-0.050984 -0.260109 -0.105080 2
0.036210 0.196283 0.072556 2
-0.051132 -0.290864 -0.125645 2
-0.055219 -0.422756 -0.141792 0
-0.080737 -0.009314 -0.243111 1
0.106111 0.432185 0.424993 2
-0.073659 -0.186959 -0.138338 1
0.013491 -0.070725 -0.244566 1
-0.042876 -0.360725 -0.126765 0
0.068169 0.408158 0.354760 2
-0.059070 -0.516963 -0.174032 0
-0.059464 -0.709835 -0.184939 0
0.005451 0.140247 0.052233 2
-0.030044 -0.267580 -0.136303 1
-0.070321 -0.007667 -0.262557 1
-0.043694 -0.743101 -0.211162 0
-0.060479 -0.662630 -0.196736 0
0.069855 0.312494 0.196745 2
-0.049983 -0.675542 -0.187605 0
0.079599 0.297014 0.179544 2
0.109983 0.443530 0.455816 2
0.160445 0.543690 0.604958 2
0.005801 -0.149115 -0.160337 1
-0.072774 -0.238210 -0.127128 1
0.117901 0.455295 0.480631 2
0.062564 0.304369 0.184706 2
-0.030030 0.092387 0.030125 2
-0.018121 -0.119867 -0.076942 2
-0.030922 -0.242390 -0.140252 1
-0.056391 -0.089657 -0.183417 1
0.043638 0.331056 0.215725 2
-0.029415 -0.101247 -0.048978 2
-0.080837 0.013073 -0.280093 1
0.160243 0.577370 0.647633 2
0.124663 0.528488 0.595458 2
-0.060634 -0.693882 -0.202126 0
-0.050471 -0.321919 -0.121505 0
-0.012261 0.058184 0.016943 2
0.050626 0.268680 0.137313 2
-0.043563 -0.479537 -0.152548 0
-0.078060 0.074349 -0.397645 1
-0.039272 -0.316459 -0.116259 2
-0.045999 -0.394679 -0.134446 0
-0.048252 0.011342 -0.008913 2
0.131299 0.402894 0.341066 2
0.005970 0.309105 0.181598 2
-0.010327 0.030050 -0.000499 2
0.060073 0.341336 0.229828 2
-0.005062 -0.034602 -0.066087 2
-0.017448 0.055864 -0.419936 1
-0.032820 -0.221307 -0.117833 2
-0.042500 -0.431867 -0.146812 0
0.189518 0.625506 0.691218 2
0.148687 0.483959 0.527288 2
0.043859 0.177581 0.057428 2
0.096162 0.318918 0.220782 2
-0.054515 -0.695414 -0.185247 0
0.123814 0.441468 0.437187 2
-0.000617 0.203748 0.092585 2
-0.044371 0.079254 -0.448006 1
-0.074123 0.084808 -0.411021 1
-0.049875 0.002370 -0.327651 1
-0.087319 0.040922 -0.326346 1
-0.035413 -0.256630 -0.114329 2
-0.037843 -0.051937 -0.030955 2
-0.004817 -0.136475 -0.164596 1
-0.060129 -0.070292 -0.196995 1
0.026440 0.394915 0.317986 2
-0.020136 0.109833 0.039907 2
0.091441 0.425996 0.406405 2
-0.020919 -0.051927 -0.249189 1
-0.073747 -0.296729 -0.131540 1
-0.068277 -0.260951 -0.128792 1
-0.051246 -0.483534 -0.174518 0
0.007744 -0.097957 -0.200115 1
-0.012580 0.064483 -0.430261 1
-0.060325 -0.706549 -0.205700 0
0.013316 0.361951 0.244187 2
-0.038607 -0.325610 -0.141589 0
-0.030276 0.087401 -0.470792 1
-0.049311 -0.662367 -0.187110 0
0.178762 0.498579 0.526117 2
0.042023 0.367838 0.260759 2
0.007101 -0.023022 -0.323315 1
-0.012177 -0.154303 -0.159096 1
-0.055359 -0.055690 -0.063016 2
-0.047609 -0.299604 -0.104756 2
-0.044839 -0.134956 -0.073714 2
-0.056504 0.036180 -0.383282 1
-0.049867 -0.285881 -0.137283 1
0.016529 0.259153 0.136696 2
-0.022047 -0.184896 -0.149065 1
-0.052336 -0.724615 -0.214535 0
-0.042147 -0.108453 -0.180112 1
0.047857 0.193298 0.068094 2
0.184559 0.518707 0.554850 2
0.086950 0.356786 0.255684 2
0.182656 0.606772 0.676933 2
0.017378 -0.137271 -0.164480 1
-0.058981 -0.079350 -0.063855 2
-0.067801 0.008369 -0.304945 1
0.050622 0.344679 0.234418 2
0.008956 0.318466 0.191422 2
-0.048989 -0.602076 -0.187408 0
-0.056424 -0.767894 -0.221608 0
0.029819 0.305055 0.184210 2
-0.020109 -0.019061 -0.016928 2
-0.020804 -0.144582 -0.081007 2
-0.075444 -0.114453 -0.166475 1
0.142249 0.492354 0.544247 2
-0.029165 -0.108261 -0.185231 1
-0.055574 -0.143572 -0.160762 1
-0.054240 -0.645703 -0.184582 0
-0.060417 -0.675984 -0.193124 0
-0.050535 -0.682309 -0.202667 0
-0.004240 -0.044852 -0.271385 1
-0.058384 0.035474 -0.006973 2
0.059624 0.331525 0.217343 2
0.024303 0.068840 -0.002128 2
-0.081040 0.021772 -0.299045 1
-0.019757 -0.135546 -0.168356 1
-0.061381 0.070080 -0.416176 1
0.125770 0.554249 0.618430 2
0.189724 0.642164 0.705614 2
-0.006676 -0.087979 -0.205740 1
0.005136 0.233369 0.113051 2
-0.063334 -0.768158 -0.203149 0
0.080547 0.345860 0.239597 2
-0.043107 -0.341507 -0.117811 0
-0.049923 -0.351593 -0.153804 0
-0.016530 -0.100943 -0.080794 2
0.105708 0.503362 0.564082 2
0.116429 0.494583 0.550367 2
-0.040154 -0.293067 -0.112606 2
-0.072316 0.091681 -0.434934 1
0.085686 0.395785 0.321734 2
0.027912 0.177939 0.063232 2
-0.051479 0.089539 -0.463501 1
-0.049340 -0.564468 -0.184404 0
-0.004888 0.158594 0.066031 2
0.009523 0.272025 0.146448 2
0.061656 0.318492 0.201712 2
0.016658 0.037165 -0.015693 2
-0.027778 -0.036653 -0.021232 2
-0.033993 0.249766 0.116635 2
-0.067111 -0.250746 -0.130948 1
-0.056159 -0.576678 -0.165929 0
-0.055975 0.015714 -0.346196 1
0.013590 0.227314 0.108501 2
-0.005419 -0.219371 -0.142346 1
-0.075020 -0.095606 -0.174057 1
0.117929 0.431921 0.409757 2
0.115714 0.364829 0.280642 2
-0.000559 0.350911 0.228809 2
-0.079294 -0.080617 -0.182403 1
-0.023016 -0.017502 -0.317866 1
-0.057819 -0.527234 -0.175129 0
0.115032 0.476601 0.521382 2
-0.059633 -0.360117 -0.126753 0
-0.027789 -0.177588 -0.085037 2
-0.049008 0.137757 0.050510 2
-0.029942 -0.193437 -0.104940 2
-0.042341 -0.200664 -0.146892 1
-0.028475 -0.140401 -0.068130 2
-0.059225 -0.437410 -0.152109 0
-0.042681 0.005821 -0.349688 1
0.017709 0.301441 0.176868 2
0.036073 0.211899 0.086420 2
-0.030883 -0.020549 -0.304409 1
-0.012637 -0.286732 -0.132260 1
0.097985 0.414902 0.372170 2
0.007943 -0.084252 -0.216165 1
-0.012734 -0.032293 -0.290608 1
0.160387 0.591146 0.664432 2
-0.069821 -0.199163 -0.134669 1
0.155412 0.476620 0.508394 2
-0.033270 0.124727 0.047071 2
-0.049451 -0.324100 -0.141144 0
-0.073788 -0.169444 -0.146221 1
-0.046082 -0.441162 -0.162830 0
0.129836 0.446440 0.446745 2
0.055300 0.290631 0.167404 2
0.068890 0.435513 0.452616 2
0.160364 0.564429 0.632116 2
-0.079939 0.024166 -0.314631 1
-0.071957 -0.001426 -0.270646 1
-0.054707 -0.452869 -0.173402 0
-0.068936 -0.015011 -0.248574 1
0.025737 0.209157 0.089922 2
-0.055336 -0.787135 -0.211919 0
-0.052817 -0.749907 -0.212633 0
-0.059035 -0.380805 -0.140459 0
0.012054 0.250775 0.127503 2
0.072662 0.379508 0.289874 2
-0.039337 -0.274935 -0.100921 2
-0.023552 0.224998 0.103854 2
0.151608 0.463965 0.482952 2
0.017992 0.293669 0.165108 2
-0.046486 -0.048074 -0.048211 2
-0.023329 -0.050771 -0.040025 2
0.006846 0.188806 0.088937 2
-0.024390 -0.162897 -0.094162 2
0.133059 0.455798 0.479666 2
0.022077 -0.099906 -0.210180 1
0.018192 -0.070097 -0.253528 1
0.108492 0.349263 0.257651 2
-0.048340 -0.035715 -0.248039 1
-0.005549 0.065647 0.015566 2
0.049033 0.278377 0.150662 2
-0.046814 -0.223349 -0.087047 2
0.041227 0.322928 0.207196 2
-0.059551 -0.341997 -0.136494 0
0.075435 0.326598 0.216145 2
-0.042235 -0.243160 -0.144656 1
-0.056136 -0.608188 -0.179518 0
-0.014115 0.298929 0.164935 2
0.092782 0.457801 0.489693 2
-0.052475 0.086374 0.023329 2
0.124116 0.521438 0.586424 2
-0.045303 -0.359855 -0.149792 0
-0.011066 -0.230832 -0.138320 1
-0.074890 -0.144732 -0.158439 1
-0.040535 -0.093453 -0.192668 1
0.062372 0.390883 0.306646 2
0.006755 -0.163679 -0.156590 1
0.139185 0.534677 0.597924 2
-0.061018 0.029020 -0.365427 1
0.159205 0.482809 0.517403 2
0.080508 0.371150 0.274438 2
-0.068082 -0.228212 -0.128645 1
0.128170 0.430951 0.400155 2
0.130244 0.413930 0.358259 2
-0.068152 0.092322 -0.451953 1
0.100059 0.371232 0.279720 2
-0.078121 0.042628 -0.359857 1
0.036651 0.337218 0.219410 2
0.085204 0.452077 0.479974 2
-0.011924 -0.057879 -0.075694 2
0.179993 0.622539 0.691793 2
-0.051721 -0.385684 -0.158781 0
-0.044159 -0.379237 -0.150158 0
0.012805 -0.057162 -0.266498 1
0.127196 0.503139 0.560459 2
0.152419 0.511489 0.566744 2
0.008360 0.008458 -0.046817 2
-0.049708 -0.547083 -0.181663 0
-0.024367 -0.127165 -0.067408 2
-0.041454 -0.222274 -0.147432 1
-0.055172 -0.125483 -0.071397 2
0.035277 0.396898 0.322578 2
-0.055615 -0.071881 -0.053307 2
-0.022094 -0.001394 -0.350925 1
-0.005029 0.233859 0.112391 2
-0.048215 -0.341610 -0.145510 0
0.008020 0.090291 0.021464 2
-0.037523 0.105357 0.037540 2
0.075290 0.265023 0.129619 2
0.052519 0.234089 0.098877 2
-0.006620 -0.056492 -0.057123 2
-0.025512 0.276901 0.141798 2
-0.030109 0.006811 -0.360555 1
-0.007290 -0.267539 -0.128032 1
0.144893 0.440027 0.416793 2
-0.017395 -0.100982 -0.065871 2
-0.062242 0.065073 -0.407742 1
-0.045112 -0.139511 -0.162530 1
0.191088 0.566796 0.618364 2
-0.046642 -0.572098 -0.173670 0
0.006651 -0.033573 -0.303288 1
-0.023206 0.176585 0.072739 2
-0.059153 -0.558043 -0.170671 0
-0.054763 -0.143199 -0.076669 2
-0.050345 -0.094352 -0.053879 2
-0.070142 -0.057310 -0.199378 1
-0.030237 -0.082113 -0.206747 1
0.173254 0.506093 0.544266 2
-0.050347 -0.757624 -0.223503 0
0.025054 0.341526 0.220756 2
-0.022873 0.243741 0.118125 2
0.060463 0.260006 0.126463 2
-0.073753 -0.273953 -0.130212 1
0.178176 0.638549 0.706960 2
0.078371 0.408280 0.356892 2
0.003573 0.068775 0.010502 2
-0.016283 0.160327 0.064167 2
0.060602 0.424419 0.418617 2
0.051034 0.225236 0.093742 2
-0.066847 -0.038466 -0.221904 1
-0.003604 0.008147 -0.015679 2
0.079101 0.431047 0.423751 2
0.068714 0.413987 0.372758 2
-0.050150 -0.027627 -0.257901 1
-0.031540 -0.279848 -0.136690 1
-0.024984 -0.112395 -0.058636 2
-0.036988 -0.287612 -0.138851 1
0.049429 0.208501 0.080756 2
0.019002 0.140100 0.043154 2
-0.014916 -0.109917 -0.178819 1
0.057114 0.409848 0.354774 2
0.036779 0.356539 0.243158 2
0.003081 0.110292 0.035254 2
-0.024229 -0.248753 -0.136712 1
-0.046304 -0.051014 -0.229258 1
-0.055394 0.103178 -0.484782 1
-0.050206 -0.010924 -0.294786 1
-0.036677 0.229134 0.108173 2
-0.005242 0.128120 0.050640 2
0.129179 0.441470 0.428506 2
-0.039944 -0.415992 -0.146325 0
0.006585 -0.058095 -0.258200 1
-0.086452 0.059458 -0.363013 1
-0.060572 -0.417755 -0.148106 0
0.013055 -0.044958 -0.290094 1
-0.038472 -0.029967 -0.023142 2
0.130262 0.483705 0.532854 2
-0.050350 -0.515746 -0.178622 0
0.005446 0.294619 0.166270 2
-0.070127 0.100999 -0.456882 1
-0.030498 -0.323296 -0.136609 2
-0.018567 0.076079 0.025453 2
-0.058337 -0.743297 -0.205804 0
-0.031347 0.216250 0.098544 2
0.148303 0.429280 0.392393 2
-0.025538 0.011404 -0.368616 1
-0.049270 -0.063778 -0.058334 2
0.008100 0.124581 0.040188 2
-0.066265 -0.000036 -0.289067 1
-0.037468 -0.279275 -0.114577 2
0.026015 0.376701 0.271502 2
0.013464 -0.174582 -0.156647 1
0.007955 0.054221 0.002152 2
-0.024320 -0.330234 -0.133422 2
-0.049335 0.047407 -0.401924 1
-0.012207 -0.201090 -0.146551 1
-0.092448 0.050785 -0.327496 1
0.014171 0.100828 0.022897 2
-0.060535 0.092537 0.016977 2
-0.058313 -0.497753 -0.163966 0
-0.055038 -0.045141 -0.040488 2
-0.045879 -0.555583 -0.163442 0
-0.051639 -0.017237 -0.274425 1
-0.042831 -0.025747 -0.276463 1
-0.011706 -0.015393 -0.329370 1
-0.041245 -0.186992 -0.105411 2
-0.051598 0.100850 0.031598 2
0.096693 0.432381 0.423596 2
0.043694 0.200760 0.076359 2
-0.031991 0.077256 0.022734 2
0.051017 0.405439 0.339987 2
-0.004552 0.178670 0.072560 2
0.022088 0.320288 0.197050 2
0.080652 0.315520 0.205309 2
-0.057411 -0.675234 -0.203018 0
-0.043276 -0.385701 -0.133076 0
0.104405 0.360696 0.267441 2
-0.066140 0.103531 -0.471242 1
-0.038141 -0.236950 -0.091067 2
-0.040972 -0.212357 -0.138910 1
-0.040929 -0.333505 -0.125555 0
0.148498 0.576798 0.648097 2
-0.035782 -0.172990 -0.158024 1
-0.027606 -0.097839 -0.195317 1
-0.043063 0.114609 0.040335 2
0.007345 0.347376 0.225011 2
-0.029833 -0.075366 -0.039718 2
-0.004551 0.007101 -0.368543 1
-0.046748 0.021855 -0.004060 2
-0.052472 0.028927 -0.376350 1
-0.052525 0.073525 -0.431534 1
0.140252 0.448586 0.446685 2
-0.056863 -0.775171 -0.209382 0
-0.012920 -0.100306 -0.192877 1
-0.005662 -0.026898 -0.035857 2
-0.024351 -0.146207 -0.094881 2
-0.060126 -0.571946 -0.182688 0
-0.011270 0.114190 0.043700 2
0.021904 0.285723 0.161935 2
-0.052451 -0.331078 -0.128497 0
-0.059967 0.003768 -0.025286 2
-0.066949 -0.767234 -0.225101 0
-0.052408 -0.318538 -0.130859 0
-0.032085 -0.360578 -0.136743 0
0.002608 0.183756 0.076700 2
0.127573 0.385528 0.316463 2
0.025040 0.327850 0.206176 2
-0.032071 0.081435 -0.457349 1
-0.044191 -0.751112 -0.216083 0
0.012605 0.077646 0.012113 2
-0.059896 -0.613848 -0.187421 0
0.016685 -0.029412 -0.320109 1
0.137105 0.464251 0.498184 2
-0.000504 -0.006404 -0.349875 1
0.149870 0.524120 0.586206 2
0.186277 0.658489 0.714997 2
-0.043782 -0.103026 -0.054219 2
-0.023524 0.026601 0.004445 2
-0.042672 -0.465225 -0.160695 0
-0.014254 -0.035721 -0.282068 1
0.057576 0.396679 0.322428 2
-0.011801 0.222097 0.102993 2
0.014085 -0.155763 -0.159765 1
0.142587 0.547828 0.613768 2
-0.017134 0.039149 0.008981 2
-0.056094 -0.001136 -0.307345 1
-0.083661 -0.121158 -0.165028 1
-0.048499 -0.088742 -0.191819 1
-0.046723 -0.768532 -0.211048 0
0.050295 0.369665 0.265645 2
0.050451 0.395891 0.315145 2
-0.030101 0.047863 -0.411003 1
0.026842 0.164212 0.054912 2
-0.030839 0.003046 -0.008214 2
-0.075333 0.022208 -0.322672 1
0.051185 0.314991 0.197746 2
-0.055361 -0.434638 -0.160055 0
0.178444 0.574995 0.637614 2
0.067571 0.299379 0.178731 2
0.169949 0.533922 0.586894 2
0.099333 0.467112 0.507543 2
0.000068 0.281376 0.152618 2
-0.066827 -0.024581 -0.239720 1
-0.006266 -0.115081 -0.174008 1
-0.017582 0.027858 -0.392723 1
-0.043227 -0.297606 -0.125771 2
0.074627 0.277260 0.145704 2
0.196626 0.632792 0.691006 2
0.042948 0.343573 0.229488 2
0.072590 0.349504 0.242777 2
0.005571 -0.050704 -0.270539 1
-0.044967 -0.150153 -0.089429 2
-0.016898 -0.060650 -0.042287 2
0.032883 0.251362 0.127609 2
-0.059962 -0.591124 -0.188026 0
-0.018021 -0.212023 -0.143091 1
-0.031186 -0.006150 -0.336940 1
0.079331 0.444278 0.466302 2
-0.058494 -0.739114 -0.224484 0
0.023055 0.252012 0.135836 2
0.121443 0.538187 0.607632 2
-0.056827 -0.798406 -0.236307 0
-0.059914 -0.008080 -0.034180 2
-0.019305 0.288460 0.154910 2
0.006732 -0.201038 -0.150120 1
-0.024852 0.119453 0.044412 2
0.026994 0.244147 0.122989 2
-0.041750 0.030166 -0.385266 1
-0.045933 -0.066378 -0.211897 1
-0.052137 -0.608401 -0.193120 0
0.172644 0.511997 0.553897 2
-0.039770 -0.344589 -0.144036 0
0.106716 0.484525 0.536854 2
0.080180 0.333464 0.225788 2
0.139126 0.538986 0.606435 2
-0.012388 0.050516 -0.414163 1
-0.063161 -0.799356 -0.229394 0
-0.055182 -0.397808 -0.151690 0
0.117957 0.485262 0.535814 2
-0.034515 -0.249198 -0.109247 2
0.041133 0.251251 0.122536 2
-0.037989 -0.021425 -0.295091 1
-0.088976 0.036086 -0.313864 1
0.193536 0.591271 0.647479 2
0.072396 0.399978 0.331881 2
-0.038518 -0.227695 -0.088012 2
-0.009133 -0.070555 -0.066513 2
-0.048025 -0.621456 -0.176179 0
0.037213 0.408570 0.358097 2
-0.051426 -0.694793 -0.206597 0
0.099018 0.406221 0.341036 2
-0.030380 -0.061880 -0.230019 1
0.031595 0.151211 0.043768 2
-0.059603 -0.725254 -0.197975 0
0.177003 0.488682 0.509084 2
-0.079936 -0.039960 -0.207019 1
-0.036824 -0.044892 -0.247883 1
-0.031423 0.047635 0.010892 2
-0.051049 -0.249306 -0.133929 1
-0.027738 -0.158476 -0.075952 2
-0.087951 0.052572 -0.342731 1
-0.042546 -0.724510 -0.205938 0
0.108654 0.426691 0.406301 2
0.060501 0.295870 0.173525 2
-0.050006 -0.286285 -0.108594 2
-0.073631 0.097161 -0.420418 1
-0.035616 -0.167625 -0.071628 2
0.022114 0.056223 -0.008188 2
-0.057774 0.121464 0.034850 2
-0.049489 0.047847 0.006621 2
0.037240 0.226983 0.099662 2
-0.079883 -0.193270 -0.137184 1
0.061271 0.379017 0.284725 2
-0.091880 0.035761 -0.295352 1
-0.086417 0.021715 -0.284986 1
-0.055997 -0.020748 -0.261805 1
0.080232 0.438743 0.448365 2
0.173063 0.627771 0.697458 2
-0.047103 -0.492746 -0.171650 0
-0.056442 -0.644843 -0.197838 0
-0.024234 -0.094309 -0.051099 2
-0.076478 -0.002112 -0.259293 1
-0.042062 -0.013205 -0.308128 1
-0.037979 0.164229 0.065400 2
0.000876 0.165342 0.065294 2
0.136791 0.479453 0.525461 2
-0.004632 -0.019977 -0.030373 2
0.001228 -0.186271 -0.150691 1
0.051532 0.419236 0.400589 2
-0.031685 -0.342476 -0.136703 0
-0.029902 -0.119630 -0.057099 2
0.023787 0.388256 0.299049 2
-0.073696 0.013354 -0.299684 1
-0.053730 -0.186576 -0.089935 2
-0.059947 -0.728967 -0.189207 0
0.018115 0.372932 0.266174 2
-0.061841 -0.539022 -0.177867 0
-0.006967 -0.051412 -0.257783 1
-0.000286 0.028376 -0.007609 2
-0.004502 -0.169116 -0.154234 1
0.048529 0.418769 0.382411 2
0.093866 0.453906 0.479724 2
0.010323 0.010749 -0.030191 2
-0.048835 -0.515948 -0.159555 0
0.154156 0.455016 0.452848 2
-0.037101 0.086471 -0.465252 1
-0.057559 -0.639083 -0.179282 0
-0.077537 0.091207 -0.395493 1
-0.047711 -0.142511 -0.064684 2
-0.018099 0.249330 0.123023 2
-0.004207 -0.094785 -0.198060 1
0.138477 0.427149 0.387368 2
-0.030541 0.035887 -0.396889 1
-0.044614 0.003709 -0.011374 2
0.017764 0.382490 0.283761 2
0.021236 0.213100 0.096373 2
0.004834 0.220428 0.104068 2
0.079904 0.287078 0.160488 2
-0.030255 0.063041 -0.426653 1
-0.050686 -0.738033 -0.202379 0
-0.034334 -0.236939 -0.121416 2
0.148822 0.470568 0.501588 2
-0.056537 -0.567465 -0.165501 0
-0.043585 -0.212851 -0.109057 2
-0.055067 -0.582752 -0.188364 0
-0.012120 0.195992 0.085514 2
-0.030067 -0.186698 -0.086310 2
-0.042344 -0.186342 -0.077668 2
-0.040511 0.019705 -0.372244 1
-0.052563 -0.283186 -0.120358 2
-0.004932 -0.148727 -0.160885 1
0.135721 0.437584 0.414309 2
0.016924 0.035485 -0.030968 2
-0.038438 -0.145859 -0.161742 1
0.043531 0.388374 0.298786 2
0.105479 0.411881 0.355610 2
-0.051204 -0.042115 -0.236143 1
-0.030914 0.070889 -0.439211 1
-0.087793 0.029216 -0.299759 1
0.068110 0.324995 0.211696 2
-0.067943 -0.130774 -0.164507 1
-0.044155 0.041727 -0.397822 1
-0.035414 -0.038702 -0.261406 1
-0.061822 -0.082041 -0.184703 1
0.026204 0.116973 0.027641 2
-0.059009 -0.526921 -0.165939 0
-0.088443 0.010850 -0.259444 1
-0.014000 -0.081929 -0.058622 2
0.014319 -0.128227 -0.166959 1
0.000752 0.332937 0.206198 2
-0.051583 -0.267375 -0.113244 2
-0.022644 -0.041264 -0.266325 1
-0.050820 -0.415796 -0.139023 0
-0.047567 -0.712697 -0.195778 0
0.093410 0.391149 0.307988 2
-0.057284 -0.622595 -0.182692 0
-0.055954 -0.544322 -0.161235 0
0.058556 0.281138 0.151191 2
-0.060528 -0.214454 -0.134362 1
-0.031687 -0.138160 -0.100115 2
-0.006707 0.319952 0.192320 2
-0.079742 -0.018322 -0.234097 1
-0.060081 -0.675700 -0.211246 0
-0.055475 -0.756410 -0.205128 0
-0.042283 -0.063446 -0.039285 2
-0.042620 -0.119648 -0.058793 2
-0.008067 -0.102078 -0.185248 1
-0.046774 -0.040034 -0.031664 2
0.050766 0.252686 0.120725 2
-0.074176 -0.030020 -0.224101 1
-0.036752 -0.267235 -0.118721 2
0.185738 0.549122 0.596300 2
0.117254 0.466268 0.503208 2
0.172047 0.540668 0.591994 2
-0.064936 -0.760932 -0.218275 0
-0.052890 -0.163523 -0.089530 2
0.006011 -0.008203 -0.045048 2
-0.046101 -0.783871 -0.215706 0
-0.048492 -0.199981 -0.082910 2
-0.055255 -0.496920 -0.174413 0
0.037366 0.391451 0.304174 2
-0.005602 0.035228 -0.400807 1
0.056924 0.386551 0.299423 2
-0.043370 -0.452721 -0.155767 0
0.043136 0.301360 0.182587 2
-0.022809 -0.101326 -0.089976 2
-0.085288 -0.063261 -0.183384 1
0.071777 0.404296 0.340232 2
-0.029410 -0.199932 -0.099360 2
0.037335 0.382305 0.284552 2
0.013974 0.208274 0.103461 2
-0.049868 -0.812454 -0.234482 0
-0.056470 -0.534589 -0.160558 0
0.036498 0.277343 0.155256 2
-0.048661 0.091946 0.028597 2
-0.088844 0.059374 -0.354438 1
-0.000833 -0.038101 -0.287764 1
-0.015136 0.012422 -0.004331 2
-0.038725 -0.391124 -0.137881 0
0.190540 0.607148 0.670551 2
-0.052596 -0.094437 -0.072356 2
0.092775 0.442528 0.452550 2
0.175171 0.584902 0.652440 2
0.011922 0.198253 0.089871 2
-0.005909 0.018295 -0.383687 1
-0.056686 -0.360689 -0.137250 0
0.111568 0.522455 0.582752 2
0.167206 0.613269 0.686358 2
0.179828 0.504086 0.534908 2
0.078191 0.420655 0.391939 2
-0.000062 0.240112 0.116996 2
-0.050384 -0.249822 -0.112921 2
0.093622 0.359390 0.261403 2
-0.055078 -0.108245 -0.071499 2
-0.014970 -0.093572 -0.062436 2
-0.042032 -0.033214 -0.262610 1
0.104383 0.461169 0.493545 2
-0.085240 0.079265 -0.377827 1
-0.021693 -0.132648 -0.082043 2
-0.011115 -0.064094 -0.052595 2
-0.050215 -0.239363 -0.109412 2
-0.033876 -0.214722 -0.112233 2
0.006380 0.207310 0.096284 2
-0.077206 0.055011 -0.381888 1
0.092683 0.399827 0.327649 2
-0.074785 0.101703 -0.437805 1
0.074086 0.428450 0.415481 2
0.117561 0.408550 0.344633 2
-0.010142 -0.033761 -0.033732 2
-0.038520 -0.706397 -0.200653 0
0.092679 0.332955 0.229723 2
0.000185 -0.026777 -0.048261 2
-0.022214 0.208481 0.093150 2
-0.060098 -0.559305 -0.190902 0
-0.049827 -0.496784 -0.156460 0
-0.044796 0.198883 0.082338 2
-0.055781 -0.087096 -0.062838 2
-0.033861 -0.377427 -0.135509 0
-0.004315 0.142140 0.058280 2
0.165372 0.502176 0.543730 2
-0.048525 -0.608167 -0.175278 0
-0.049290 -0.654364 -0.183697 0
-0.051289 -0.775729 -0.228944 0
-0.006232 0.054548 0.010386 2
-0.044256 -0.667897 -0.191861 0
0.169132 0.558225 0.618841 2
-0.043924 -0.694881 -0.189609 0
0.093172 0.352275 0.252264 2
0.061747 0.359524 0.256769 2
0.106691 0.394147 0.316329 2
-0.055459 -0.465417 -0.174973 0
-0.055571 0.047365 -0.396323 1
-0.012442 0.001667 -0.359580 1
0.187188 0.529888 0.568453 2
-0.085099 0.037800 -0.338834 1
-0.012296 -0.131867 -0.169268 1
-0.036109 0.203166 0.089404 2
-0.032615 -0.154875 -0.068897 2
-0.043403 -0.007754 -0.318741 1
-0.061748 -0.787245 -0.225428 0
0.166573 0.486965 0.518046 2
-0.047649 -0.683439 -0.189034 0
0.000860 -0.116483 -0.178136 1
-0.030456 -0.002399 -0.344952 1
-0.061612 -0.744575 -0.197315 0
-0.058207 -0.551396 -0.179897 0
-0.031609 0.135281 0.052207 2
-0.065743 -0.006885 -0.269680 1
0.153383 0.491633 0.536008 2
0.017876 -0.033643 -0.313039 1
0.144543 0.591875 0.656146 2
0.080472 0.426537 0.409358 2
0.117190 0.376350 0.299014 2
-0.049640 -0.015051 -0.022466 2
-0.017502 -0.330172 -0.128188 2
-0.055767 -0.007840 -0.289480 1
-0.081870 0.073198 -0.387295 1
-0.060770 -0.305124 -0.132743 1
-0.051649 -0.169284 -0.079439 2
0.130256 0.492441 0.545639 2
0.006102 -0.077311 -0.225611 1
0.036672 0.108987 0.016146 2
0.082727 0.360873 0.261485 2
0.030821 0.265104 0.143980 2
-0.044328 -0.639742 -0.190590 0
-0.066672 0.010599 -0.313202 1
-0.048006 -0.293325 -0.134242 1
0.004812 0.363158 0.248355 2
-0.058345 0.050786 -0.001194 2
-0.057187 -0.037534 -0.053521 2
-0.057078 -0.689458 -0.210931 0
-0.062789 -0.196450 -0.137995 1
-0.072828 0.095562 -0.444033 1
-0.010575 -0.050967 -0.041465 2
-0.044001 -0.249204 -0.123686 2
-0.060203 0.056783 -0.404822 1
-0.048980 -0.187403 -0.147218 1
-0.032465 -0.026476 -0.290690 1
0.136044 0.434223 0.405137 2
-0.054771 -0.489853 -0.178592 0
-0.074319 0.028504 -0.340880 1
-0.049397 -0.230743 -0.136966 1
0.049222 0.415134 0.369252 2
0.154690 0.504076 0.553266 2
0.043037 0.170392 0.053135 2
0.124604 0.400193 0.332401 2
-0.048968 0.036485 0.001799 2
-0.059213 -0.489750 -0.160776 0
0.147143 0.442256 0.425185 2
0.107779 0.455413 0.480483 2
-0.037683 0.035576 0.004314 2
-0.000537 -0.131043 -0.168979 1
-0.080183 -0.107371 -0.169969 1
-0.019444 -0.195905 -0.146266 1
-0.067356 -0.158774 -0.151880 1
0.000068 -0.107246 -0.186191 1
-0.050824 -0.053050 -0.053029 2
-0.025875 -0.066494 -0.037521 2
-0.054686 -0.130993 -0.077393 2
-0.024442 -0.055054 -0.242529 1
-0.000553 -0.019301 -0.327238 1
-0.001477 0.248541 0.123703 2
-0.038150 -0.364885 -0.133241 0
-0.052834 -0.204759 -0.098082 2
0.013417 0.233898 0.117847 2
0.154755 0.517427 0.573414 2
-0.054478 -0.280679 -0.133055 1
-0.060569 -0.353408 -0.134809 0
-0.048679 0.066443 0.015696 2
-0.052449 0.081144 -0.447589 1
0.171878 0.494281 0.525796 2
-0.075071 0.047491 -0.373043 1
0.154839 0.560296 0.627865 2
-0.054720 -0.237333 -0.133038 1
0.182274 0.593116 0.657882 2
-0.055804 -0.737153 -0.216349 0
-0.026080 -0.037137 -0.273194 1
-0.052190 -0.446813 -0.168658 0
-0.056069 -0.631363 -0.176001 0
0.046247 0.184947 0.059811 2
-0.011861 -0.058933 -0.243093 1
-0.062111 0.010397 -0.030323 2
0.002702 -0.009182 -0.054444 2
-0.049053 -0.768563 -0.225610 0
-0.030487 0.013150 -0.003654 2
-0.079580 -0.138269 -0.159648 1
0.013429 -0.052553 -0.275964 1
-0.037835 -0.047846 -0.239704 1
-0.049760 -0.060946 -0.040999 2
0.004278 0.190541 0.080729 2
-0.049692 0.096228 -0.479318 1
-0.043112 -0.079688 -0.045788 2
-0.043286 -0.156826 -0.156945 1
-0.056818 -0.509228 -0.174025 0
-0.067738 -0.291543 -0.128733 1
-0.032975 -0.231244 -0.104937 2
-0.068977 -0.118699 -0.168685 1
0.154326 0.585122 0.657331 2
-0.012452 -0.009650 -0.340591 1
0.072939 0.357756 0.255092 2
-0.044095 0.190807 0.080461 2
0.061869 0.383823 0.293707 2
-0.056295 -0.509390 -0.183001 0
-0.015266 0.019077 0.000752 2
0.163977 0.604381 0.676245 2
-0.005934 0.040072 0.002262 2
0.041892 0.158583 0.046284 2
-0.023004 0.060125 -0.424846 1
-0.049533 -0.163291 -0.154933 1
0.134810 0.418542 0.369591 2
0.012937 -0.076372 -0.234150 1
0.006770 0.264699 0.136359 2
-0.060009 -0.657841 -0.188764 0
0.007609 0.047454 -0.002124 2
-0.057113 -0.590629 -0.169708 0
-0.024973 -0.163778 -0.085022 2
-0.078908 -0.088754 -0.175680 1
-0.029739 0.042861 -0.404773 1
0.102434 0.421073 0.390705 2
-0.043349 -0.471714 -0.155726 0
-0.075158 -0.064153 -0.188876 1
0.061670 0.413850 0.368988 2
0.136545 0.549079 0.618845 2
-0.056032 -0.181744 -0.146036 1
0.066407 0.280792 0.152617 2
0.036508 0.145985 0.039671 2
0.034771 0.316525 0.197251 2
-0.046665 -0.583264 -0.179147 0
0.185871 0.568803 0.624204 2
-0.028807 -0.051839 -0.027560 2
0.000736 0.288906 0.159944 2
0.088800 0.431710 0.424468 2
0.055864 0.418489 0.386809 2
0.087005 0.460106 0.498134 2
-0.048009 -0.087640 -0.050282 2
0.185951 0.559371 0.609185 2
-0.055986 -0.047824 -0.060595 2
-0.031821 -0.162075 -0.156723 1
-0.032309 -0.131780 -0.170439 1
-0.047066 -0.694761 -0.198808 0
-0.001772 -0.039739 -0.049002 2
-0.053672 -0.348572 -0.141076 0
-0.029388 -0.074728 -0.215708 1
-0.023414 -0.119321 -0.091595 2
-0.057391 -0.015271 -0.031094 2
-0.031373 -0.185989 -0.150724 1
0.022684 0.134619 0.038734 2
-0.067755 0.085217 -0.434262 1
-0.062718 0.028263 -0.021454 2
0.097327 0.325136 0.225569 2
-0.018594 -0.011452 -0.332994 1
-0.029640 -0.108278 -0.052639 2
-0.055482 -0.693820 -0.193942 0
0.008618 0.331967 0.206329 2
-0.053353 0.092945 -0.470407 1
-0.036450 -0.180543 -0.155729 1
-0.057481 -0.053933 -0.212121 1
-0.045257 -0.546272 -0.169031 0
-0.005762 0.190084 0.081854 2
-0.061338 -0.148437 -0.158384 1
-0.036059 0.148947 0.057967 2
-0.083578 0.041014 -0.346217 1
-0.057861 -0.010933 -0.277685 1
0.012212 0.066903 0.006645 2
0.125251 0.417410 0.364687 2
-0.041751 -0.422667 -0.150141 0
0.011680 0.281028 0.155285 2
0.166015 0.464014 0.466534 2
-0.051331 -0.365139 -0.147276 0
-0.049926 0.028793 -0.002089 2
0.004920 0.164328 0.075317 2
-0.024520 0.236008 0.112558 2
0.106227 0.477818 0.525585 2
-0.074901 0.009718 -0.285288 1
0.088800 0.409798 0.357061 2
0.044231 0.264125 0.136784 2
0.098434 0.437336 0.437061 2
0.086378 0.404511 0.345482 2
-0.062598 -0.798156 -0.221412 0
0.018796 -0.119802 -0.174801 1
-0.026724 0.158480 0.062608 2
-0.039594 -0.408247 -0.145115 0
-0.048012 -0.095700 -0.186899 1
-0.024587 -0.019945 -0.310586 1
0.086144 0.317933 0.210350 2
-0.019281 0.013304 -0.374483 1
-0.043229 -0.310812 -0.109969 2
0.126047 0.546540 0.617095 2
-0.033446 -0.273300 -0.132185 1
0.147767 0.496579 0.548318 2
0.080355 0.380913 0.289826 2
-0.084267 -0.175507 -0.141360 1
-0.059093 -0.453089 -0.155385 0
-0.029300 -0.131761 -0.063457 2
-0.054507 -0.064042 -0.206625 1
0.023849 0.265362 0.148734 2
0.194740 0.620915 0.680033 2
0.005785 -0.126455 -0.170809 1
0.128677 0.422719 0.378221 2
-0.051682 -0.304360 -0.128684 2
-0.032084 -0.089315 -0.043463 2
0.133039 0.513773 0.575307 2
-0.011572 -0.082437 -0.211002 1
-0.063066 -0.771587 -0.219864 0
-0.036886 -0.237648 -0.141897 1
-0.054538 -0.422771 -0.158954 0
-0.074455 -0.800920 -0.229018 0
0.196431 0.603497 0.659619 2
-0.013249 0.259535 0.131875 2
-0.005132 0.076977 0.021654 2
0.173301 0.633073 0.703159 2
-0.048405 -0.194066 -0.099103 2
-0.062285 -0.761615 -0.207234 0
-0.048563 -0.118574 -0.173202 1
-0.051604 -0.701611 -0.210344 0
0.093006 0.395130 0.316610 2
0.116998 0.437869 0.438245 2
0.099101 0.425498 0.405151 2
-0.035474 -0.289960 -0.131254 1
-0.058511 -0.804963 -0.242547 0
-0.021487 -0.051935 -0.032562 2
0.055258 0.272273 0.142418 2
-0.051975 -0.638498 -0.197462 0
-0.056802 -0.780362 -0.226018 0
0.079793 0.387481 0.303574 2
0.019716 0.233834 0.122388 2
-0.045612 -0.220201 -0.107598 2
-0.059417 0.072603 0.010159 2
0.178909 0.599894 0.669688 2
-0.043767 -0.718754 -0.198779 0
0.014636 0.110177 0.028923 2
-0.055501 -0.101344 -0.067991 2
-0.041533 -0.256544 -0.123537 2
-0.043994 -0.734152 -0.202738 0
-0.030792 -0.119515 -0.178498 1
-0.019344 -0.108007 -0.063265 2
-0.019209 -0.026635 -0.021527 2
0.025688 0.278046 0.158177 2
-0.020414 -0.231681 -0.138874 1
-0.085624 -0.001769 -0.248925 1
0.014088 -0.019030 -0.334911 1
-0.012584 -0.166870 -0.154659 1
-0.074966 -0.047203 -0.202932 1
-0.037838 0.182933 0.076400 2
0.049759 0.350813 0.241380 2
-0.005239 0.269870 0.141409 2
0.067724 0.262535 0.127701 2
-0.024024 -0.088183 -0.203236 1
-0.044509 -0.371553 -0.149990 0
-0.048085 -0.657378 -0.192836 0
-0.049107 -0.368065 -0.130103 0
-0.018386 -0.075857 -0.048346 2
0.005969 -0.007208 -0.035183 2
-0.019352 0.069838 -0.439036 1
-0.060961 -0.723698 -0.217014 0
-0.002199 -0.083531 -0.211780 1
-0.073294 -0.021649 -0.231585 1
0.010426 0.010253 -0.374641 1
0.037469 0.138084 0.033830 2
-0.032661 -0.187095 -0.108282 2
-0.051867 -0.156634 -0.075818 2
0.148951 0.551433 0.617840 2
-0.044618 0.159092 0.061641 2
-0.048209 -0.631713 -0.179577 0
0.098756 0.462905 0.498449 2
-0.013331 0.189051 0.081275 2
-0.006387 0.047820 0.006651 2
0.012004 0.296345 0.169831 2
0.111343 0.431272 0.419475 2
0.012967 -0.008543 -0.350445 1
0.050531 0.363055 0.256665 2
-0.051319 -0.428355 -0.164116 0
-0.031315 0.222578 0.102839 2
0.030222 0.240374 0.116926 2
0.017461 0.029384 -0.026313 2
0.129788 0.470746 0.511477 2
0.006017 0.003598 -0.026976 2
0.136659 0.560745 0.631805 2
0.001221 -0.058697 -0.252799 1
0.062550 0.365877 0.265670 2
0.057347 0.392157 0.312240 2
-0.032393 -0.060863 -0.032381 2
-0.002804 0.047429 -0.407862 1
-0.046972 -0.009546 -0.303586 1
-0.034178 -0.139425 -0.168834 1
-0.046306 -0.710012 -0.202797 0
-0.080935 -0.020898 -0.227027 1
-0.049371 -0.106857 -0.057701 2
-0.036166 -0.261340 -0.105144 2
0.091029 0.423710 0.396679 2
-0.037730 -0.248787 -0.140983 1
-0.050188 0.129466 0.045184 2
-0.046700 -0.034526 -0.043149 2
-0.074784 -0.132461 -0.160743 1
-0.044170 -0.509284 -0.164559 0
-0.057467 -0.603415 -0.173440 0
-0.049038 -0.428001 -0.141956 0
0.178838 0.545945 0.596627 2
-0.055702 -0.063492 -0.048929 2
-0.024902 -0.256311 -0.136278 1
-0.014097 -0.063344 -0.233653 1
-0.074087 -0.256057 -0.128706 1
0.050754 0.379273 0.280763 2
-0.043842 -0.143177 -0.086644 2
