0.056019 -0.010343 -0.430786 1
0.916051 -0.020107 0.400556 3
-0.924164 0.350717 -0.147510 4
-0.001488 -0.725766 -0.140826 0
-0.398095 -0.027359 0.110630 4
0.345431 -0.122882 0.127687 3
-0.380172 0.387162 -0.248996 4
-0.044430 -0.262834 -0.063538 2
0.659332 0.159201 0.114794 3
0.583312 -0.227703 0.435696 3
0.377847 0.035525 -0.225928 5
-0.762520 0.047867 0.021449 4
-0.235397 0.173634 -0.072700 4
-0.620051 0.305080 -0.071362 4
0.013652 -0.462477 -0.282622 0
-0.263079 -0.353410 0.090778 2
0.122319 -0.051594 -0.162494 5
0.669858 -0.013914 0.316557 3
-0.119606 -0.125478 -0.280576 1
-0.727388 0.451577 -0.213814 4
-0.207392 -0.054465 -0.073416 0
-0.455816 0.157478 -0.008560 4
0.080706 -0.217862 -0.326767 1
0.456521 0.073702 0.082160 3
0.224912 -0.202954 -0.038767 0
0.813132 0.148107 0.276718 3
0.406396 -0.206304 0.320727 3
-0.602819 -0.001447 0.152297 4
0.777266 -0.160171 0.427434 3
0.191255 0.092610 -0.279213 5
-0.249817 -0.245017 -0.073083 2
0.509552 -0.073360 0.220572 3
-0.855910 0.176960 -0.094908 4
-0.069192 -0.387038 0.077100 2
-0.129093 -0.022287 -0.437594 1
-0.556943 0.413842 -0.260205 4
-0.372669 0.277270 -0.108659 4
0.108266 -0.277307 -0.146304 0
-0.630162 0.157035 0.040411 4
0.283038 -0.095152 -0.152203 5
-0.313803 0.046210 -0.005832 4
-0.772331 0.336312 -0.101947 4
-0.009911 -0.320295 -0.231097 0
-0.090425 -0.129542 -0.132211 0
-0.011894 -0.589795 -0.205759 0
0.605299 0.040339 0.187151 3
0.840978 0.126222 0.419184 3
-0.499325 0.345484 -0.140058 4
0.576166 -0.113960 0.342385 3
-0.738357 0.222291 -0.029445 4
-0.153537 -0.298096 0.012972 2
-0.499133 0.069265 0.085648 4
-0.010182 -0.105619 -0.355616 1
0.787871 -0.020192 0.373991 3
-0.266732 0.344782 -0.144009 4
-0.837757 0.448645 -0.144963 4
0.122190 -0.114276 -0.395162 1
0.778798 0.150340 0.151991 3
0.445202 -0.048219 0.109301 3
-0.633807 0.392421 -0.158486 4
0.707840 0.092623 0.245056 3
0.229719 0.008195 -0.192257 5
-0.136860 -0.242493 -0.142607 2
0.307538 -0.126189 0.008889 3
0.020280 -0.159502 -0.092424 0
0.014196 -0.312975 0.028700 2
-0.026878 -0.201628 -0.275452 1
-0.514399 0.250775 -0.056214 4
-0.033727 0.046964 -0.482207 1
-0.351218 0.154447 -0.068604 4
0.406709 -0.126655 0.223620 3
-0.231477 0.055317 -0.091729 4
0.666608 -0.152795 0.399650 3
0.754766 0.086187 0.351625 3
-0.670324 0.052990 0.083068 4
0.553677 0.117398 0.111789 3
0.107199 0.038492 -0.232205 5
0.168755 -0.137218 -0.111448 5
0.304849 0.090106 -0.287066 5
-0.023937 -0.233755 -0.166546 0
-0.503671 -0.041141 0.130219 4
0.503391 -0.190750 0.373491 3
-0.397234 0.066626 0.051871 4
-0.797826 0.135193 -0.021322 4
-0.173254 -0.391574 0.119104 2
-0.862575 0.268584 -0.136625 4
0.851427 -0.101602 0.393329 3
-0.278615 -0.299159 0.007905 2
0.518282 0.022645 0.142174 3
0.091314 -0.182164 -0.166911 5
0.472214 -0.134338 0.301273 3
0.589804 -0.031105 0.253420 3
-0.231490 0.256059 -0.121880 4
-0.124702 -0.077973 -0.361789 1
-0.611864 0.226733 -0.020283 4
-0.035965 -0.023467 -0.420687 1
-0.535516 0.149827 0.039494 4
-0.471833 0.385335 -0.236859 4
0.710752 -0.076846 0.373483 3
-0.398540 0.346469 -0.169276 4
0.329463 -0.022211 -0.175038 5
-0.586840 0.083004 0.089425 4
-0.719994 0.135235 0.021275 4
-0.427131 0.225178 -0.062444 4
0.363750 -0.075324 0.051567 3
0.021228 -0.273980 -0.297229 1
-0.648881 0.435374 -0.246080 4
0.152436 -0.218161 -0.087060 0
-0.720566 0.395825 -0.136279 4
0.844710 0.041703 0.391477 3
-0.309557 0.224267 -0.091028 4
-0.140016 -0.056617 -0.123770 0
-0.131851 -0.259667 -0.060905 2
0.775562 0.170262 0.347876 3
-0.708606 0.290824 -0.065811 4
0.034375 -0.250028 -0.040687 2
0.661711 0.099131 0.172854 3
0.199865 -0.064686 -0.136994 5
0.025630 -0.658758 -0.179277 0
-0.065980 -0.325650 0.020409 2
0.348964 -0.176503 0.251593 3
0.645600 0.038331 0.259321 3
-0.842314 0.365844 -0.130201 4
-0.804127 0.239064 -0.073698 4
0.032948 -0.268864 -0.119790 0
0.004456 -0.384079 -0.276445 0
0.060978 -0.145928 -0.356600 1
-0.291223 0.100571 -0.067056 4
0.024516 -0.530242 -0.242459 0
-0.386806 0.113177 -0.010308 4
-0.317258 0.370717 -0.205494 4
-0.451727 0.295172 -0.105874 4
-0.561127 0.389867 -0.183131 4
0.300908 0.039113 -0.229968 5
-0.075167 -0.287877 -0.144920 2
-0.571160 0.349115 -0.114990 4
0.040517 -0.256709 -0.197909 0
0.666577 -0.219593 0.432837 3
0.594660 -0.168022 0.390111 3
-0.188071 -0.333241 0.067950 2
-0.266835 0.004599 -0.043958 4
-0.669814 0.348855 -0.102038 4
0.777484 0.105193 0.227707 3
0.451806 -0.092699 0.177697 3
0.641379 -0.076004 0.341442 3
-0.334560 0.023888 0.060144 4
-0.544504 0.035011 0.130378 4
0.056170 -0.081338 -0.388292 1
0.421472 0.010505 0.075594 3
0.536723 -0.084557 0.285832 3
-0.202244 -0.215907 -0.130940 2
0.731352 0.014389 0.347103 3
0.252460 -0.137073 -0.035233 3
0.548375 -0.010335 0.199647 3
-0.213627 -0.280037 -0.020053 2
-0.455258 0.110358 0.044134 4
0.179222 0.050927 -0.216821 5
-0.082762 -0.197762 -0.148941 0
-0.538710 0.200147 -0.013879 4
0.498853 -0.042991 0.157649 3
-0.447792 0.023348 0.099006 4
-0.680718 0.197498 0.001694 4
-0.054461 -0.133682 -0.309860 1
-0.297828 0.285254 -0.122357 4
-0.772155 0.434011 -0.164089 4
0.753038 0.117596 0.290154 3
0.366961 0.093325 -0.259568 5
0.773456 -0.092323 0.393622 3
0.110029 -0.050136 -0.422960 1
0.094352 -0.114730 -0.168677 5
-0.119988 -0.348382 0.056300 2
0.007200 -0.163716 -0.318460 1
0.713895 0.126594 0.141773 3
-0.519421 0.307773 -0.089046 4
-0.152050 -0.121964 -0.109924 0
0.242773 0.058969 -0.253776 5
0.709212 0.060569 0.306210 3
0.167113 -0.002703 -0.177004 5
0.851706 -0.023555 0.384444 3
0.302122 -0.139507 0.071894 3
0.410923 -0.102366 0.113752 3
-0.341491 0.327857 -0.142312 4
0.029167 0.038956 -0.473384 1
0.614114 0.117989 0.135481 3
-0.717659 0.017531 0.060587 4
0.350366 -0.138469 0.197416 3
0.454139 -0.227999 0.361357 3
0.262218 -0.174860 0.014094 3
0.720488 -0.186261 0.428922 3
-0.849318 0.125840 -0.055482 4
-0.657420 0.000398 0.113021 4
-0.666550 0.253602 -0.030894 4
-0.088774 0.021880 -0.470261 1
0.227098 -0.119280 -0.119840 5
0.020611 -0.206254 -0.132234 0
-0.061053 -0.066523 -0.384815 1
0.405832 -0.161910 0.278338 3
0.266275 -0.036434 -0.157694 5
-0.712966 0.078422 0.043149 4
0.045966 -0.318853 -0.206414 0
-0.016671 -0.363824 0.056350 2
-0.374185 0.208945 -0.087257 4
-0.009650 -0.287057 -0.020457 2
-0.346959 0.083359 -0.044398 4
-0.087629 -0.281422 -0.026025 2
0.784881 0.138662 0.398175 3
0.895502 0.067612 0.410368 3
-0.407551 0.168920 -0.053895 4
0.567424 0.070326 0.146085 3
0.523621 -0.143828 0.342809 3
-0.478837 0.199037 -0.044395 4
0.467329 0.008108 0.115484 3
-0.580275 0.264688 -0.054420 4
-0.676263 0.420032 -0.188478 4
-0.803529 0.078165 -0.008221 4
-0.006830 -0.290047 -0.180860 0
-0.605924 0.413838 -0.212805 4
0.464288 -0.109147 0.249294 3
0.789665 0.038855 0.372558 3
-0.291959 0.160799 -0.075919 4
0.728902 -0.133431 0.407562 3
-0.074697 -0.171520 -0.264285 1
0.104678 -0.016240 -0.214508 5
-0.461348 0.359729 -0.180747 4
-0.588793 0.188792 0.016125 4
-0.002278 -0.059442 -0.391239 1
0.007371 -0.329558 -0.293622 0
0.394749 -0.107478 0.168292 3
-0.456179 -0.044682 0.098977 4
0.501285 0.108308 0.088485 3
-0.798562 0.190912 -0.043837 4
0.624877 -0.123997 0.370082 3
0.600159 0.157384 0.096955 3
-0.826070 0.307924 -0.117941 4
-0.640130 0.098926 0.069344 4
-0.766648 0.281303 -0.076459 4
0.137885 -0.226789 -0.140894 0
-0.232393 -0.313304 0.036798 2
-0.211744 -0.007540 -0.104152 4
0.596430 -0.070169 0.308265 3
-0.036793 -0.169759 -0.164758 0
0.533796 -0.228551 0.409729 3
-0.777761 0.392950 -0.126951 4
-0.877270 0.215327 -0.132801 4
-0.095621 -0.257279 -0.103547 2
-0.235971 0.119995 -0.086121 4
0.357399 -0.127374 0.068946 3
-0.194859 -0.247865 -0.074223 2
0.807975 0.150543 0.221238 3
0.148414 -0.093872 -0.138103 5
-0.540347 -0.016312 0.162141 4
-0.610900 0.040872 0.114257 4
0.455595 -0.180614 0.334478 3
-0.877768 0.411726 -0.142747 4
0.665228 0.066547 0.217454 3
0.028957 -0.221162 -0.305935 1
0.729462 0.113086 0.199903 3
-0.585551 0.127885 0.059401 4
-0.902988 0.300117 -0.153460 4
-0.026493 -0.261302 -0.114199 2
0.632468 -0.010169 0.278292 3
0.401015 -0.040697 0.079864 3
-0.116317 -0.394660 0.101465 2
-0.301040 0.048564 -0.060780 4
-0.017439 -0.494471 -0.253521 0
-0.078965 -0.098143 -0.343411 1
-0.011735 -0.440021 -0.241567 0
-0.524511 0.394229 -0.223054 4
0.100428 -0.181043 -0.360782 1
0.283756 0.002438 -0.189089 5
-0.749308 0.169078 -0.006850 4
0.889231 -0.065203 0.389478 3
0.806149 0.090820 0.395346 3
0.152036 0.061504 -0.264668 5
0.193471 -0.187553 -0.077414 0
-0.541643 0.104105 0.075753 4
-0.255574 0.289622 -0.152543 4
-0.494669 0.015109 0.118349 4
-0.000693 0.006419 -0.447206 1
-0.387530 0.027113 0.082460 4
0.058123 -0.287839 -0.159749 0
-0.273806 -0.271512 -0.036903 2
-0.222558 -0.375930 0.111574 2
-0.361261 0.072301 0.005309 4
0.041788 -0.186041 -0.175807 0
-0.413195 0.311951 -0.133420 4
-0.443264 0.067217 0.071873 4
-0.421560 0.375534 -0.223197 4
0.076744 -0.041979 -0.180634 5
0.608328 0.016953 0.233859 3
-0.257024 0.214568 -0.090540 4
-0.139165 -0.098276 -0.318977 1
0.739370 -0.038862 0.359692 3
0.069135 -0.228961 -0.168667 0
-0.468204 0.260583 -0.070606 4
-0.618307 0.345462 -0.101224 4
0.016161 -0.629317 -0.217597 0
0.496922 0.064054 0.108905 3
0.364700 -0.191790 0.295183 3
-0.765868 0.107700 0.002928 4
0.026871 -0.353513 -0.245992 0
-0.681661 0.118326 0.045948 4
0.670358 -0.108544 0.376557 3
-0.720541 0.329294 -0.092720 4
0.551406 -0.051648 0.231174 3
-0.502918 0.399388 -0.270780 4
0.812335 -0.060338 0.383486 3
0.811131 -0.134892 0.404880 3
-0.143978 -0.044074 -0.397645 1
0.564324 0.025796 0.167561 3
-0.839185 0.227757 -0.103842 4
0.681679 -0.051119 0.345835 3
0.619761 -0.201241 0.420865 3
-0.277147 -0.323389 0.056973 2
-0.513151 0.372451 -0.176264 4
-0.563968 0.304023 -0.074862 4
0.141155 -0.268650 -0.114218 0
0.549666 -0.175396 0.379878 3
0.257357 0.073148 -0.295784 5
-0.166333 -0.271730 -0.031965 2
-0.078430 -0.015598 -0.437975 1
0.323555 -0.073789 -0.160025 5
0.675443 0.029938 0.297616 3
-0.170819 -0.078666 -0.096995 0
0.345135 0.014153 -0.201007 5
-0.497627 0.161595 0.010351 4
-0.361106 0.360601 -0.195818 4
-0.015056 -0.677785 -0.170019 0
0.007298 -0.255181 -0.077169 2
0.611377 0.078335 0.162523 3
0.049678 -0.180463 -0.328991 1
0.023813 -0.575262 -0.229958 0
0.904633 0.023666 0.404074 3
-0.421094 0.263982 -0.093987 4
0.771107 0.136832 0.196069 3
-0.010760 -0.242829 -0.290371 1
-0.159927 -0.240496 -0.103872 2
0.215271 -0.028204 -0.169991 5
-0.016270 -0.381085 -0.236569 0
0.115419 -0.142463 -0.140376 5
0.019120 -0.244477 -0.160595 0
-0.119297 -0.095570 -0.134695 0
-0.116523 -0.165130 -0.127075 0
0.256511 0.032820 -0.217560 5
-0.097572 -0.252134 -0.160682 2
0.339154 0.058965 -0.240079 5
-0.551335 0.229912 -0.044149 4
-0.012262 -0.627319 -0.182590 0
0.031751 -0.279399 -0.007519 2
-0.100682 -0.051845 -0.399526 1
-0.496115 0.110071 0.060426 4
-0.867139 0.330596 -0.138772 4
-0.711308 0.256144 -0.039019 4
-0.664881 0.293834 -0.067444 4
-0.638854 0.190804 0.012819 4
-0.720410 0.421018 -0.172062 4
-0.175309 -0.031392 -0.104873 0
-0.235244 -0.022620 -0.063078 4
-0.427590 0.124471 0.013637 4
0.023874 -0.701948 -0.174534 0
-0.678078 0.391019 -0.144056 4
0.136272 0.014217 -0.202494 5
0.754261 0.136945 0.330182 3
0.848599 0.090714 0.386873 3
-0.007403 -0.423682 -0.289252 0
-0.389290 0.127446 -0.050951 4
0.631268 -0.044796 0.306567 3
-0.279428 0.021379 0.002036 4
0.480280 -0.220971 0.394848 3
0.247387 -0.071047 -0.140830 5
-0.544800 0.063280 0.098131 4
-0.622934 0.265625 -0.050416 4
-0.607790 0.427376 -0.254779 4
0.022859 -0.033794 -0.414168 1
-0.309657 0.358583 -0.165405 4
-0.826137 0.409398 -0.133271 4
0.458844 -0.064532 0.146632 3
-0.670668 0.158270 0.027968 4
-0.011395 -0.552527 -0.235459 0
-0.051406 -0.293925 -0.008207 2
-0.599612 0.374566 -0.141319 4
0.510016 -0.116426 0.306453 3
0.164384 -0.049152 -0.161726 5
-0.111831 -0.302319 0.001370 2
-0.243150 0.018006 -0.076195 4
-0.155771 -0.357015 0.080608 2
0.701185 0.158965 0.112979 3
-0.899101 0.258451 -0.155055 4
-0.079246 -0.354870 0.049161 2
-0.189170 -0.310110 0.033073 2
0.030731 -0.112035 -0.360885 1
0.522759 -0.042782 0.193852 3
0.688093 0.061715 0.270298 3
-0.746629 0.366555 -0.114523 4
-0.547652 0.364562 -0.145602 4
-0.447196 0.331411 -0.147023 4
-0.802837 0.361100 -0.118565 4
-0.012201 -0.183952 -0.120552 0
-0.820341 0.264563 -0.103442 4
0.202444 0.066378 -0.247305 5
0.822411 0.004837 0.377961 3
0.658861 0.129256 0.143188 3
0.029068 -0.202179 -0.092080 0
-0.077307 -0.152240 -0.164031 0
-0.437255 0.392982 -0.257928 4
-0.050144 0.019472 -0.456298 1
-0.089431 -0.261245 -0.063122 2
-0.360569 0.048793 0.040430 4
-0.565494 0.405367 -0.220789 4
0.524172 -0.011436 0.164082 3
0.338410 -0.102393 0.034880 3
-0.325232 0.185295 -0.073248 4
0.442411 -0.135682 0.273747 3
0.532719 0.078033 0.121613 3
-0.362464 0.005437 0.105552 4
0.118673 -0.239497 -0.097682 0
0.072301 -0.049850 -0.408683 1
0.382973 -0.151046 0.245250 3
-0.342800 0.246777 -0.093880 4
-0.485203 0.317659 -0.107703 4
0.060681 0.016796 -0.462068 1
-0.825784 0.165246 -0.058311 4
0.578282 -0.200730 0.406528 3
-0.694532 0.001928 0.089276 4
0.486339 -0.073202 0.182643 3
-0.234545 -0.224925 -0.104060 2
-0.316408 0.131318 -0.063434 4
0.797553 0.149298 0.313431 3
-0.039227 -0.162724 -0.287150 1
-0.023321 -0.321711 0.018434 2
0.074419 -0.115392 -0.378867 1
0.399603 -0.081055 0.082161 3
0.182941 -0.227006 -0.063301 0
-0.402535 0.092724 0.019641 4
0.498652 -0.090112 0.254672 3
0.782744 0.131524 0.257774 3
0.022779 -0.491985 -0.251917 0
-0.646043 0.369839 -0.125399 4
0.772160 -0.057637 0.375032 3
-0.625524 0.068658 0.090611 4
-0.285409 0.249599 -0.108883 4
-0.753734 0.251034 -0.051327 4
-0.338386 0.293954 -0.117619 4
-0.061986 -0.235526 -0.157446 0
-0.882736 0.366517 -0.138795 4
-0.090317 -0.118098 -0.310249 1
0.735717 0.095033 0.316857 3
0.682702 -0.182388 0.420270 3
0.754066 0.048021 0.359736 3
-0.823717 0.201589 -0.072076 4
-0.446317 0.167902 -0.044786 4
-0.534663 0.336482 -0.110910 4
-0.266866 0.071222 -0.073884 4
0.744169 0.105797 0.247849 3
-0.515731 0.214347 -0.043143 4
0.230873 -0.172616 -0.015477 3
0.635747 0.065164 0.192416 3
0.194036 0.024854 -0.192372 5
0.446238 -0.101558 0.214910 3
0.489026 -0.154857 0.329765 3
-0.230355 -0.334735 0.068805 2
0.706037 -0.021704 0.340719 3
0.323585 -0.143325 0.039426 3
0.451891 0.036761 0.094888 3
-0.574616 0.213602 -0.017309 4
-0.690113 0.447599 -0.222486 4
-0.547828 0.179893 0.018963 4
0.375326 -0.106980 0.100077 3
0.812682 -0.096849 0.395247 3
0.565859 -0.143758 0.365509 3
-0.695877 0.227461 -0.016791 4
0.281257 0.058221 -0.256694 5
0.359434 -0.121648 0.164220 3
-0.418371 0.139913 -0.020124 4
0.574600 -0.061560 0.278081 3
-0.373930 0.311888 -0.130016 4
0.723429 0.089953 0.279792 3
-0.127455 -0.276638 -0.022100 2
-0.483203 0.134114 0.033779 4
0.090220 -0.071351 -0.156885 5
0.284921 -0.150298 0.031825 3
0.765512 0.119623 0.365626 3
-0.297585 0.321624 -0.132669 4
0.690238 0.090986 0.196274 3
-0.155337 -0.327183 0.050076 2
-0.001370 -0.198889 -0.304331 1
-0.587218 0.160995 0.041630 4
0.185390 -0.096071 -0.122222 5
0.864809 0.009114 0.397519 3
0.476564 -0.026434 0.132377 3
0.105689 -0.145972 -0.373053 1
0.852926 -0.065366 0.380020 3
0.121441 -0.018009 -0.179104 5
-0.830259 0.102823 -0.032887 4
0.706080 0.026538 0.322275 3
-0.041980 -0.110432 -0.336422 1
-0.188256 -0.363797 0.099099 2
-0.802885 0.456807 -0.155625 4
0.770604 -0.128886 0.408165 3
-0.644351 0.423799 -0.207388 4
0.438447 -0.164257 0.305728 3
-0.468530 -0.009376 0.108107 4
-0.704138 0.368275 -0.117338 4
0.632457 -0.169751 0.405691 3
0.101948 -0.084030 -0.402764 1
-0.577652 0.024191 0.143166 4
-0.714769 0.180318 0.000373 4
0.328017 -0.123515 0.095090 3
-0.387630 0.242128 -0.095831 4
-0.742201 0.081967 0.021115 4
-0.232915 -0.268002 -0.048955 2
0.092133 -0.015421 -0.435440 1
-0.430846 -0.011276 0.106554 4
0.559383 -0.094412 0.316329 3
-0.009886 -0.245050 -0.198433 0
-0.349651 0.376949 -0.231543 4
-0.310681 0.016487 0.020382 4
0.611157 -0.096507 0.342529 3
0.219822 0.046417 -0.222148 5
0.740550 0.129687 0.169361 3
0.365571 -0.024783 -0.178877 5
-0.005593 -0.235874 -0.135216 0
-0.351840 0.115813 -0.060006 4
0.584362 -0.003821 0.216170 3
0.006858 -0.130914 -0.336027 1
-0.576662 0.052667 0.113197 4
-0.602735 0.396205 -0.176631 4
0.225442 0.080691 -0.276932 5
0.581605 0.102233 0.133865 3
0.431611 -0.088248 0.146011 3
-0.122291 -0.321287 0.032668 2
0.106642 -0.219985 -0.157302 0
-0.246143 -0.291089 -0.005063 2
0.768677 0.011189 0.363621 3
-0.058210 -0.262821 -0.097719 2
0.023534 -0.408901 -0.259196 0
0.077684 -0.149375 -0.163085 5
-0.425585 0.361152 -0.187373 4
-0.172186 -0.215192 -0.150076 2
-0.702625 0.049540 0.064862 4
-0.685948 0.317810 -0.082982 4
0.779248 0.075280 0.374786 3
0.710278 -0.110666 0.387836 3
-0.786551 0.303437 -0.095571 4
-0.482849 0.289393 -0.084946 4
-0.779354 0.220414 -0.046029 4
-0.042865 -0.203338 -0.155835 0
-0.675086 0.087163 0.061086 4
0.011279 -0.311522 -0.204415 0
0.084755 -0.251501 -0.142238 0
0.434389 -0.015866 0.100875 3
0.137693 -0.122555 -0.118821 5
-0.288496 0.031848 -0.032593 4
-0.472123 0.084532 0.060885 4
0.861193 0.080677 0.417775 3
0.037752 -0.231579 -0.115575 0
-0.065468 -0.039053 -0.410759 1
0.334292 0.083814 -0.269662 5
-0.430834 0.086122 0.039183 4
0.419903 -0.224755 0.356478 3
-0.395184 0.363229 -0.203939 4
0.031662 -0.220163 -0.181516 0
-0.090077 -0.143747 -0.277270 1
-0.104344 -0.372110 0.075218 2
-0.491243 0.381279 -0.209322 4
0.282241 -0.143586 -0.005333 3
-0.548201 0.273542 -0.060395 4
0.301821 -0.048070 -0.157401 5
0.229144 -0.171249 -0.049563 0
0.165352 -0.187774 -0.095962 0
-0.119907 -0.129979 -0.115936 0
-0.466664 0.050070 0.091080 4
-0.227232 0.229940 -0.092573 4
0.725220 0.063159 0.335594 3
-0.025953 -0.079130 -0.377914 1
0.248377 -0.104492 -0.143277 5
-0.657805 0.219020 -0.009709 4
0.813412 0.123212 0.390244 3
-0.424383 0.041314 0.081178 4
0.483447 -0.091470 0.210448 3
-0.008741 -0.285896 -0.289398 0
0.382563 -0.108218 0.132428 3
0.530253 -0.071437 0.247272 3
-0.254604 0.146738 -0.070953 4
0.608040 -0.041923 0.283209 3
-0.749649 0.448490 -0.183485 4
-0.596278 0.324286 -0.088701 4
-0.350010 0.347208 -0.167765 4
0.748919 0.145341 0.138897 3
-0.516466 0.280434 -0.070456 4
-0.262487 0.267207 -0.124690 4
-0.320159 0.083551 -0.063321 4
-0.653330 0.321224 -0.081126 4
-0.760137 0.198226 -0.025404 4
0.110703 -0.156001 -0.169748 5
0.031484 -0.602124 -0.207995 0
-0.274880 0.033349 -0.073027 4
-0.503741 0.182279 -0.014149 4
-0.754431 0.312840 -0.088057 4
0.636324 0.045549 0.228963 3
0.744062 -0.165745 0.419946 3
-0.024006 -0.133990 -0.323165 1
-0.126672 -0.248403 -0.106390 2
-0.735784 0.047379 0.039775 4
-0.144472 -0.087677 -0.113520 0
-0.464903 0.232503 -0.054921 4
0.627019 0.150847 0.113631 3
-0.609054 0.107356 0.070596 4
-0.516028 -0.001667 0.135594 4
-0.001797 -0.336057 -0.257942 0
-0.320459 0.268170 -0.107188 4
0.383445 -0.122551 0.201828 3
-0.112756 -0.002030 -0.456447 1
0.149834 0.044683 -0.228147 5
0.121596 -0.091083 -0.155515 5
-0.512110 0.041004 0.111180 4
-0.629109 -0.002330 0.134026 4
-0.401950 0.206201 -0.071629 4
0.418885 -0.105588 0.189183 3
0.305387 0.020174 -0.204540 5
0.378228 0.063758 -0.240889 5
-0.291559 0.198131 -0.087376 4
0.740982 -0.101867 0.388151 3
-0.380335 0.170319 -0.070553 4
0.421974 -0.140611 0.249791 3
0.562522 0.142734 0.094784 3
-0.651025 0.030423 0.104859 4
-0.533556 -0.031294 0.134997 4
-0.061525 -0.172145 -0.145017 0
-0.850583 0.150441 -0.078337 4
0.706009 -0.155171 0.410426 3
-0.642630 0.126377 0.053865 4
0.667837 -0.081496 0.360396 3
-0.028154 -0.458694 -0.261043 0
-0.332388 0.064271 -0.023910 4
0.812705 0.140228 0.418369 3
0.657418 -0.046664 0.326222 3
-0.033153 -0.345385 0.036849 2
0.252586 -0.007737 -0.177603 5
-0.019924 -0.321574 -0.201277 0
0.703603 0.110951 0.175950 3
0.425621 -0.075435 0.106754 3
0.397823 -0.190005 0.295270 3
0.545760 0.047590 0.146023 3
0.029990 0.011884 -0.450282 1
-0.787166 0.167773 -0.026084 4
-0.053373 -0.087596 -0.358020 1
-0.021951 -0.351026 -0.230105 0
-0.339956 0.217791 -0.082615 4
-0.858251 0.239342 -0.125689 4
-0.397457 0.004370 0.101359 4
0.195089 -0.200665 -0.049161 0
0.039078 -0.056840 -0.397220 1
-0.245800 0.094005 -0.071543 4
0.537500 -0.114092 0.326307 3
-0.374705 0.334039 -0.153750 4
0.011840 -0.089572 -0.370983 1
0.797569 0.149109 0.185547 3
0.651893 0.013680 0.282200 3
-0.415648 0.287297 -0.114808 4
0.773226 0.142424 0.295589 3
-0.101685 -0.030946 -0.422297 1
0.880955 -0.020126 0.393751 3
-0.045930 -0.371627 0.062237 2
0.499478 -0.008838 0.143156 3
0.037730 -0.152817 -0.337578 1
-0.150330 -0.080753 -0.344978 1
-0.003001 -0.579335 -0.248001 0
0.688604 -0.130469 0.396918 3
0.741383 -0.065511 0.374774 3
-0.190894 -0.288228 -0.001161 2
0.151142 -0.248466 -0.091338 0
-0.796894 0.417666 -0.136879 4
-0.003967 0.029413 -0.467065 1
0.681738 0.072623 0.242482 3
0.021041 -0.629254 -0.185719 0
0.872101 0.038086 0.404442 3
0.216026 -0.088040 -0.125928 5
0.164064 0.025905 -0.198037 5
0.018101 -0.336481 -0.222319 0
0.468351 -0.201101 0.360044 3
-0.803086 0.326545 -0.110743 4
-0.555307 0.134338 0.056650 4
-0.821402 0.136089 -0.040528 4
0.198675 -0.133542 -0.115495 5
-0.756234 0.408846 -0.141406 4
-0.143464 -0.397688 0.119013 2
0.093536 -0.270943 -0.172131 0
0.514554 -0.211854 0.392306 3
0.634025 0.098053 0.157838 3
0.635933 -0.225299 0.429961 3
0.022638 -0.445659 -0.258982 0
0.011702 -0.669462 -0.154519 0
-0.029128 0.000442 -0.438504 1
0.005733 -0.215987 -0.166445 0
-0.264888 0.118340 -0.071654 4
0.821933 -0.031706 0.383666 3
0.309094 0.071795 -0.258330 5
-0.039705 -0.049083 -0.398858 1
0.775601 0.135225 0.227009 3
0.489512 0.027927 0.119852 3
-0.215903 -0.299606 0.015742 2
-0.010420 -0.267736 -0.056408 2
-0.788825 0.459176 -0.182049 4
0.354208 -0.152222 0.223825 3
-0.475820 0.174922 -0.022540 4
-0.858718 0.202479 -0.110416 4
0.000205 -0.016690 -0.423825 1
0.810703 0.062281 0.387371 3
0.020136 -0.279403 -0.188338 0
0.596897 -0.127577 0.360155 3
0.610168 -0.009291 0.254433 3
0.650275 -0.190454 0.417701 3
0.503834 -0.166041 0.353111 3
0.078935 -0.191551 -0.342990 1
-0.091629 -0.071139 -0.378681 1
0.641568 -0.102320 0.358294 3
-0.541572 0.012107 0.149198 4
0.591130 0.126643 0.118675 3
-0.744765 0.139903 0.005477 4
-0.600929 0.246539 -0.039559 4
0.782445 0.108593 0.393408 3
0.510493 -0.098599 0.282739 3
-0.715552 0.106342 0.033473 4
-0.731364 0.270857 -0.055084 4
-0.003295 -0.337452 0.033503 2
-0.839933 0.332529 -0.126765 4
-0.785106 0.055466 0.003931 4
-0.015117 -0.523650 -0.249395 0
-0.086455 -0.158780 -0.133228 0
0.588720 0.055789 0.160424 3
-0.333480 0.041848 0.031039 4
0.025523 -0.192847 -0.314794 1
-0.772457 0.135245 -0.006308 4
-0.450122 0.376870 -0.216040 4
0.170800 -0.069884 -0.141781 5
-0.067548 -0.271441 -0.045151 2
-0.021885 -0.256790 -0.085450 2
-0.369683 0.110011 -0.037320 4
-0.225621 -0.353814 0.092387 2
-0.515029 0.129978 0.049881 4
-0.609761 0.202320 0.000559 4
0.781777 -0.150037 0.391171 3
-0.107289 -0.095421 -0.336268 1
-0.454710 0.134497 0.026900 4
0.235407 -0.041613 -0.153527 5
-0.011808 -0.171611 -0.297777 1
-0.197679 -0.230346 -0.106000 2
-0.064647 0.036519 -0.477590 1
0.186602 -0.025833 -0.165241 5
-0.586876 0.416190 -0.237857 4
0.001776 -0.300400 0.005545 2
0.300627 -0.021660 -0.171010 5
0.528560 0.103903 0.106187 3
0.694160 -0.202328 0.438027 3
0.118532 -0.211415 -0.125621 0
0.390438 -0.058926 0.059870 3
-0.625825 0.426579 -0.229664 4
0.539877 -0.197816 0.395502 3
0.127238 0.053270 -0.247121 5
-0.533726 0.386530 -0.192011 4
-0.674864 0.369162 -0.122314 4
-0.864973 0.297405 -0.138497 4
-0.133027 -0.377250 0.085426 2
-0.894880 0.329402 -0.146910 4
0.328802 0.037957 -0.222458 5
-0.638860 0.408118 -0.182226 4
-0.450867 0.196542 -0.051230 4
-0.276147 0.302677 -0.136660 4
-0.145449 -0.063226 -0.375447 1
0.708353 -0.047659 0.356366 3
0.427786 -0.186900 0.320908 3
0.615273 -0.148201 0.382539 3
0.778492 0.156529 0.373086 3
-0.006816 -0.412371 -0.235003 0
0.645878 -0.138643 0.385490 3
-0.153938 -0.252035 -0.078164 2
0.818000 0.035541 0.379618 3
0.372137 -0.169143 0.266995 3
0.485024 -0.107985 0.273218 3
-0.108957 -0.269385 -0.042896 2
-0.002211 -0.562776 -0.207596 0
-0.699760 0.403866 -0.157900 4
-0.208950 -0.322850 0.051132 2
-0.190339 -0.262608 -0.049966 2
-0.007308 -0.468413 -0.241636 0
0.347748 -0.044208 -0.167492 5
0.681317 0.120138 0.158465 3
-0.353710 0.184077 -0.075670 4
-0.002197 -0.700985 -0.155089 0
-0.448718 0.275556 -0.085146 4
-0.417922 0.333021 -0.152044 4
-0.479786 0.351367 -0.159961 4
-0.582098 0.404187 -0.197673 4
-0.201036 -0.030267 -0.086968 0
-0.600377 0.283427 -0.061740 4
0.014980 -0.270322 -0.036200 2
0.148069 -0.213878 -0.114798 0
-0.922777 0.322520 -0.150441 4
-0.107087 -0.257998 -0.129451 2
-0.530681 0.404887 -0.269522 4
-0.081293 -0.298893 -0.004648 2
-0.681526 0.027012 0.087511 4
-0.612485 0.135177 0.054658 4
-0.861591 0.389999 -0.134578 4
0.544851 -0.031415 0.180378 3
-0.365836 0.092415 -0.013985 4
0.084380 -0.206694 -0.146149 0
-0.605222 0.020729 0.135004 4
-0.789803 0.266666 -0.083227 4
-0.581523 0.382106 -0.161600 4
-0.001464 -0.353153 -0.281011 0
-0.675697 0.273563 -0.048543 4
0.583517 0.022448 0.187891 3
0.749115 -0.012534 0.357544 3
-0.483635 -0.039763 0.110487 4
0.378995 -0.103234 0.072427 3
-0.575472 -0.000995 0.158859 4
-0.789999 0.103406 -0.010853 4
-0.553997 0.324480 -0.091360 4
-0.774621 0.364561 -0.113783 4
0.105317 -0.248625 -0.123360 0
0.680810 0.147123 0.128204 3
0.541573 0.009401 0.157055 3
-0.074905 -0.273280 -0.117614 2
-0.368412 0.035095 0.063631 4
0.347419 0.105875 -0.280820 5
0.585559 -0.092886 0.326597 3
-0.443327 0.310989 -0.127303 4
0.171955 0.059774 -0.245193 5
-0.569522 0.102312 0.079132 4
0.484507 0.086508 0.092972 3
-0.405824 0.381383 -0.258199 4
-0.095444 -0.324876 0.026162 2
-0.689149 0.172730 0.012972 4
-0.258019 -0.310782 0.026251 2
-0.159637 -0.377973 0.099014 2
-0.617286 0.177523 0.026696 4
0.018356 -0.245602 -0.298027 1
0.794897 0.006684 0.374857 3
-0.807907 0.387270 -0.126255 4
-0.442606 0.249936 -0.070631 4
0.255942 -0.161391 -0.011981 3
-0.522077 0.174463 0.008546 4
0.000813 -0.257445 -0.103989 2
0.756908 0.119608 0.213883 3
-0.338125 0.057310 0.007501 4
-0.334131 0.362359 -0.185317 4
0.144307 -0.032330 -0.173365 5
0.079334 -0.288441 -0.142142 0
-0.422367 0.196328 -0.055959 4
0.196137 -0.003364 -0.178017 5
0.014136 -0.180879 -0.113112 0
-0.040383 -0.272948 -0.038250 2
0.864806 0.107673 0.413794 3
0.721703 0.096089 0.221552 3
-0.112545 -0.255467 -0.081946 2
0.433762 -0.205427 0.342670 3
-0.736312 0.292010 -0.071944 4
-0.515860 0.094634 0.074680 4
0.022300 -0.378903 -0.256232 0
-0.355594 0.012370 0.079962 4
0.548776 -0.133041 0.343771 3
0.041287 -0.300777 -0.186425 0
-0.691860 0.139474 0.031924 4
0.310890 0.000082 -0.186740 5
-0.000313 -0.263428 -0.179783 0
0.259174 0.008920 -0.199032 5
-0.032964 -0.208228 -0.180772 0
-0.736651 0.194021 -0.012210 4
0.541259 -0.154503 0.360792 3
0.662208 0.078615 0.193209 3
0.443603 -0.121126 0.236262 3
-0.201355 -0.390318 0.120726 2
-0.526496 0.349473 -0.133375 4
-0.804539 0.215806 -0.059047 4
-0.851464 0.418884 -0.136096 4
-0.007420 -0.039473 -0.408965 1
0.281573 0.075237 -0.277892 5
0.366612 0.000022 -0.189600 5
-0.378968 0.071939 0.032663 4
-0.742267 0.109274 0.015964 4
-0.425747 0.150426 -0.045570 4
0.465105 -0.158883 0.317921 3
-0.406618 0.233436 -0.077872 4
0.050036 -0.035145 -0.412419 1
0.435361 0.048204 0.076974 3
0.660480 0.052893 0.240151 3
0.024646 -0.726205 -0.162991 0
0.014809 -0.522055 -0.266117 0
-0.220853 -0.243892 -0.079635 2
-0.777577 0.081211 0.004163 4
-0.780602 0.247808 -0.064236 4
0.623052 -0.065381 0.321657 3
0.508985 0.047960 0.126568 3
-0.236402 0.197805 -0.087635 4
-0.636096 0.237662 -0.023084 4
-0.283993 0.223165 -0.098737 4
-0.270637 0.182560 -0.081616 4
0.569795 -0.019101 0.232515 3
0.056736 -0.221026 -0.315498 1
-0.596238 0.356747 -0.119846 4
0.410562 -0.103989 0.141703 3
-0.507144 0.147832 0.031073 4
0.037103 -0.246926 -0.137329 0
0.631562 0.015742 0.258503 3
-0.070526 -0.129186 -0.152649 0
-0.666340 0.435788 -0.221020 4
0.558778 -0.227977 0.425465 3
-0.466225 0.324366 -0.125470 4
0.538236 0.128358 0.093170 3
-0.577212 0.233838 -0.039657 4
0.784684 0.172224 0.317135 3
-0.649717 0.074759 0.081544 4
-0.431490 -0.036572 0.114578 4
-0.659545 0.398763 -0.161397 4
-0.713201 0.208806 -0.009341 4
-0.062370 -0.149904 -0.285845 1
0.554793 -0.061330 0.255595 3
0.065159 -0.177500 -0.166749 0
-0.491152 0.234713 -0.052422 4
-0.198811 -0.072980 -0.090243 0
0.424430 -0.039687 0.095147 3
-0.421766 0.012753 0.095227 4
0.004960 -0.610857 -0.195758 0
-0.491721 -0.015508 0.119161 4
0.173428 -0.203131 -0.070295 0
0.114137 0.008326 -0.215558 5
-0.260751 0.240632 -0.106666 4
-0.026398 -0.299886 -0.002927 2
-0.509270 0.328100 -0.106985 4
-0.116823 -0.064715 -0.383356 1
-0.497253 0.389294 -0.241936 4
-0.747101 0.422687 -0.161690 4
-0.379067 0.370851 -0.223094 4
0.281028 0.025020 -0.212861 5
0.447701 -0.075347 0.125615 3
-0.697477 0.434917 -0.200880 4
-0.310402 0.053217 -0.032629 4
-0.046954 -0.179397 -0.268614 1
-0.744706 0.337857 -0.097235 4
-0.074694 0.003484 -0.455265 1
0.478532 -0.176644 0.346055 3
0.080250 0.004123 -0.447764 1
-0.540829 0.375505 -0.168143 4
0.380779 -0.136686 0.223416 3
-0.164205 -0.056617 -0.114441 0
-0.558558 0.161439 0.037031 4
0.565712 -0.077514 0.296401 3
0.620701 0.045665 0.208347 3
0.608888 -0.225637 0.432573 3
-0.223643 -0.001905 -0.081920 4
0.382522 -0.208528 0.311124 3
0.331569 -0.126486 0.057307 3
-0.646540 0.274998 -0.054817 4
0.072220 -0.169091 -0.355488 1
-0.633006 0.210960 -0.006397 4
0.000439 -0.655719 -0.174914 0
0.653053 -0.011598 0.297201 3
0.686394 0.053150 0.295794 3
0.178893 0.073645 -0.265707 5
-0.479112 0.394632 -0.262336 4
0.004136 -0.357187 -0.228388 0
0.438754 0.014732 0.094204 3
-0.540072 0.295044 -0.072505 4
-0.645294 0.341125 -0.095126 4
0.132119 -0.245118 -0.118768 0
-0.114391 -0.109956 -0.313415 1
-0.492820 0.267331 -0.069398 4
-0.005944 -0.210771 -0.130646 0
-0.597768 0.059821 0.100774 4
-0.440714 0.346785 -0.166322 4
0.295070 -0.072812 -0.154585 5
-0.484959 0.368838 -0.183608 4
-0.160703 -0.285058 -0.007673 2
0.839143 0.065858 0.397191 3
0.470520 0.053704 0.098485 3
-0.886811 0.280956 -0.149460 4
-0.575873 0.366278 -0.137824 4
0.003571 -0.510769 -0.238033 0
0.007908 -0.486527 -0.271744 0
0.122694 -0.070679 -0.415182 1
0.455769 -0.018075 0.114285 3
-0.323862 0.155417 -0.065652 4
-0.620261 0.364508 -0.121704 4
0.264151 0.047337 -0.236765 5
0.042917 -0.235860 -0.165246 0
0.799412 -0.158371 0.415451 3
-0.832129 0.280462 -0.119093 4
-0.239706 -0.278609 -0.027110 2
0.792027 -0.078410 0.383765 3
0.068696 -0.258902 -0.160160 0
-0.125798 -0.231297 -0.162217 2
0.100943 -0.028334 -0.189341 5
0.002786 -0.422737 -0.256171 0
-0.485145 0.039279 0.104188 4
0.599260 0.024790 0.207281 3
0.534809 -0.102629 0.304159 3
0.523014 -0.175540 0.369952 3
-0.474573 0.152069 0.012449 4
0.870228 -0.048978 0.390152 3
-0.399733 0.046143 0.065919 4
-0.251407 -0.323312 0.049476 2
-0.535501 0.401689 -0.245254 4
-0.539152 0.250368 -0.053356 4
-0.520320 0.359277 -0.155438 4
-0.649951 0.171993 0.026374 4
-0.884895 0.235232 -0.145600 4
0.604217 0.096583 0.147257 3
-0.817228 0.434843 -0.143276 4
-0.006053 -0.532058 -0.222526 0
-0.291898 0.132554 -0.066965 4
0.513289 -0.068133 0.196654 3
0.901620 -0.038698 0.392844 3
-0.892375 0.391812 -0.141037 4
-0.319159 0.337600 -0.146637 4
-0.261722 0.319826 -0.147125 4
0.041950 -0.244432 -0.305294 1
0.502644 -0.135520 0.322737 3
0.688854 0.085208 0.220220 3
0.894839 -0.001590 0.402238 3
-0.842486 0.258318 -0.121506 4
-0.160594 -0.261953 -0.053751 2
0.561024 0.012635 0.188269 3
-0.256705 -0.259445 -0.054477 2
0.021003 -0.006281 -0.431582 1
-0.590514 0.306099 -0.073320 4
0.667762 0.048214 0.271869 3
0.005573 -0.439596 -0.276063 0
-0.296695 0.072052 -0.065760 4
-0.663669 0.138986 0.041159 4
0.354558 -0.101905 0.053139 3
0.720888 0.145428 0.128010 3
-0.166626 -0.229625 -0.131266 2
0.633957 0.131881 0.133103 3
0.413855 -0.011282 0.083306 3
0.803878 0.147258 0.244996 3
-0.222258 0.033938 -0.084723 4
0.033304 -0.251573 -0.064905 2
-0.626409 0.325023 -0.083671 4
0.008460 -0.305310 -0.293266 0
-0.694853 0.093983 0.047389 4
-0.181652 -0.050240 -0.091049 0
0.119174 -0.120385 -0.149585 5
-0.906744 0.368363 -0.141333 4
0.192263 -0.047649 -0.156461 5
0.127895 0.031616 -0.221769 5
0.275337 -0.014662 -0.173298 5
-0.244200 -0.368071 0.104356 2
0.425024 -0.095942 0.167949 3
0.751811 0.113206 0.333631 3
-0.180222 -0.100362 -0.101706 0
0.016120 -0.554670 -0.239809 0
-0.347814 0.268410 -0.103155 4
0.248714 -0.162541 -0.038651 3
0.701600 0.000344 0.332293 3
0.825115 0.110785 0.409916 3
-0.134625 -0.295321 -0.001450 2
-0.367746 0.254890 -0.099686 4
0.765592 0.144042 0.350029 3
0.598402 -0.188305 0.402944 3
0.376150 0.012435 -0.220016 5
-0.147594 -0.224841 -0.154580 2
0.470177 -0.081652 0.158816 3
-0.066664 -0.212617 -0.162242 0
0.116379 -0.266400 -0.111910 0
0.766903 -0.035467 0.368030 3
0.056095 -0.203910 -0.169220 0
0.537722 -0.043557 0.213466 3
0.162885 -0.115801 -0.119965 5
0.093155 -0.104339 -0.388389 1
0.743869 -0.188396 0.432381 3
-0.326408 0.065204 -0.049673 4
0.078755 -0.070949 -0.400115 1
-0.271288 -0.286415 -0.010577 2
0.091422 -0.292466 -0.162015 0
0.353192 0.028849 -0.217602 5
-0.709173 0.160306 0.013878 4
-0.047288 -0.271559 -0.118195 2
-0.723780 0.443543 -0.192010 4
0.796250 -0.043502 0.380205 3
-0.147809 -0.313197 0.030037 2
0.300600 -0.138884 0.048489 3
0.028820 -0.131816 -0.344202 1
0.679317 0.013568 0.313951 3
0.145387 -0.004890 -0.185518 5
-0.701521 0.341511 -0.098899 4
-0.010017 -0.290684 -0.204058 0
0.586184 -0.151005 0.374589 3
0.012711 -0.682366 -0.180845 0
0.268417 -0.061699 -0.145020 5
0.481177 -0.058276 0.158587 3
0.793249 -0.109423 0.398115 3
-0.734512 0.024577 0.035121 4
0.797612 0.155804 0.388859 3
0.895443 0.044013 0.410681 3
-0.284813 0.354702 -0.154704 4
0.190022 -0.203852 -0.093601 0
0.570152 -0.181566 0.388893 3
0.018856 -0.224141 -0.146902 0
-0.130159 -0.034919 -0.418173 1
0.693901 -0.097737 0.377724 3
0.876124 -0.083554 0.384100 3
-0.712328 0.310012 -0.078263 4
0.425747 -0.114311 0.218913 3
-0.803520 0.288331 -0.099864 4
-0.630166 0.028228 0.116013 4
-0.466611 0.013632 0.108831 4
-0.521558 0.020284 0.131121 4
-0.244893 0.064226 -0.073293 4
-0.142936 -0.344189 0.059495 2
-0.003905 -0.244040 -0.159699 0
0.760985 0.139551 0.165377 3
-0.327645 0.105281 -0.061808 4
-0.314431 0.245856 -0.097406 4
-0.096610 -0.108769 -0.139909 0
-0.450669 -0.023778 0.109530 4
0.644716 0.084313 0.177330 3
0.225926 -0.063873 -0.137043 5
0.347882 -0.009773 -0.180622 5
0.464305 -0.089267 0.196592 3
0.097873 -0.045688 -0.172691 5
0.466437 -0.120961 0.276234 3
0.793688 0.135807 0.277379 3
-0.660604 0.112521 0.056531 4
0.210891 -0.185488 -0.055615 0
-0.019740 -0.225871 -0.187560 0
0.203930 -0.111362 -0.114198 5
0.490653 -0.115453 0.294419 3
-0.383749 0.087933 0.007608 4
0.054095 -0.124863 -0.362015 1
0.833651 -0.076671 0.384588 3
-0.196866 -0.029079 -0.111923 0
0.020691 -0.294436 0.016771 2
-0.362357 0.234062 -0.092307 4
-0.700412 0.028881 0.074098 4
0.399157 -0.105017 0.094480 3
0.096969 -0.132435 -0.154668 5
-0.014267 -0.220384 -0.289827 1
0.146228 -0.062689 -0.161328 5
-0.535160 0.083358 0.082077 4
0.210566 0.034420 -0.205357 5
-0.581399 0.423850 -0.258409 4
-0.126890 -0.107356 -0.116972 0
0.022156 -0.067703 -0.386922 1
-0.316694 0.310000 -0.129648 4
0.356001 0.069469 -0.250799 5
0.094344 -0.091668 -0.165760 5
0.511506 -0.231712 0.408638 3
0.355405 -0.117259 0.102412 3
-0.030080 -0.147115 -0.305929 1
-0.435249 0.142624 0.002830 4
-0.026031 -0.255727 -0.170708 0
-0.819151 0.245311 -0.091935 4
-0.248413 0.039712 -0.078524 4
-0.301962 0.023525 -0.016702 4
-0.644558 0.055938 0.092578 4
0.097906 -0.126106 -0.379883 1
-0.130113 -0.087933 -0.338529 1
-0.496162 0.306704 -0.089930 4
0.834385 -0.114016 0.400857 3
0.561687 0.088044 0.133740 3
-0.570392 0.196961 0.006439 4
0.699779 0.080607 0.267925 3
0.651291 -0.026239 0.315023 3
0.014823 -0.588281 -0.213417 0
-0.367401 0.131153 -0.064534 4
-0.688726 0.253133 -0.033144 4
0.494682 0.012162 0.134712 3
0.110733 -0.024311 -0.427030 1
-0.437948 0.107793 0.030381 4
-0.714608 0.234033 -0.026828 4
0.005708 -0.467391 -0.259632 0
-0.718890 0.040035 0.052222 4
0.261132 0.065576 -0.275230 5
0.775901 0.155518 0.328861 3
-0.100931 -0.085822 -0.355266 1
0.423867 -0.147786 0.272228 3
-0.094357 -0.269130 -0.146783 2
0.401150 -0.137719 0.242721 3
-0.408428 0.113307 0.013312 4
0.764458 -0.176942 0.420610 3
0.112177 -0.235781 -0.140071 0
-0.270125 -0.338416 0.071603 2
0.845379 -0.002387 0.383463 3
-0.470944 0.067536 0.078213 4
0.272341 -0.140979 -0.024925 3
0.481636 -0.047526 0.139297 3
-0.053136 -0.155135 -0.162379 0
0.511143 0.090399 0.105521 3
-0.252736 -0.004064 -0.058524 4
-0.820334 0.348434 -0.122972 4
0.282482 -0.172202 0.031913 3
-0.403911 0.134388 -0.036028 4
0.728684 0.043255 0.344335 3
0.761963 0.118037 0.243673 3
-0.568827 0.071781 0.095188 4
-0.811191 0.164872 -0.041880 4
0.123327 -0.089003 -0.401896 1
-0.404359 0.267742 -0.107705 4
0.026050 -0.254161 -0.179039 0
0.674736 -0.033201 0.326391 3
0.585268 0.084298 0.145938 3
0.724001 -0.020206 0.353135 3
-0.865830 0.352713 -0.137298 4
0.415347 -0.177542 0.291323 3
-0.824307 0.221323 -0.081456 4
0.026251 -0.180564 -0.093304 0
0.212636 -0.045692 -0.148897 5
-0.102641 -0.338801 0.047182 2
0.724344 0.077824 0.309768 3
0.488190 -0.089364 0.235550 3
0.552364 -0.027228 0.212833 3
0.793301 0.144009 0.206284 3
0.040392 -0.090446 -0.376393 1
0.459583 -0.048736 0.125622 3
0.616725 0.059228 0.183677 3
0.608924 0.139139 0.116615 3
-0.033582 -0.096629 -0.358062 1
0.743167 0.104745 0.275721 3
0.050792 -0.201247 -0.322146 1
0.631340 -0.024352 0.294654 3
-0.477435 0.105569 0.050394 4
0.378660 -0.117522 0.155125 3
-0.578116 0.333580 -0.095960 4
0.773748 0.127709 0.279621 3
0.526042 -0.082943 0.267086 3
0.753105 -0.141137 0.411591 3
-0.520280 0.112727 0.061820 4
0.106706 0.017020 -0.234671 5
-0.379661 0.148955 -0.064653 4
0.511338 -0.045951 0.175020 3
0.690934 0.038859 0.313075 3
-0.062235 -0.346698 0.038701 2
0.320786 -0.125225 0.028045 3
-0.444843 0.384277 -0.239733 4
-0.687669 0.064973 0.066452 4
-0.001800 -0.265505 -0.289326 1
-0.132142 -0.075617 -0.130170 0
-0.396054 0.184075 -0.065479 4
-0.707930 0.273541 -0.051177 4
-0.395195 0.290858 -0.120303 4
0.088439 -0.210002 -0.348472 1
0.481243 -0.211371 0.373767 3
0.535123 0.058812 0.131184 3
-0.521530 0.196105 -0.025986 4
0.014429 -0.049030 -0.399616 1
-0.721869 0.358402 -0.110609 4
0.371571 -0.122505 0.184072 3
-0.048378 -0.317045 0.011920 2
0.800530 0.126711 0.407200 3
0.080599 -0.134937 -0.371054 1
0.009397 0.043635 -0.479899 1
0.654397 0.110779 0.156568 3
-0.640224 0.356481 -0.109006 4
-0.180531 -0.348500 0.080740 2
0.623870 0.029098 0.223737 3
-0.058997 -0.193776 -0.145797 0
0.386282 -0.174172 0.282058 3
0.272549 -0.154117 0.014975 3
-0.441943 0.152815 -0.023950 4
0.015254 -0.222460 -0.119617 0
-0.243976 0.275481 -0.141773 4
0.585195 0.142751 0.106206 3
0.009378 -0.250561 -0.138428 0
-0.427642 0.074856 0.059731 4
-0.090450 -0.155524 -0.259645 1
0.413234 -0.221429 0.336648 3
-0.494899 0.085655 0.072944 4
-0.244800 -0.345845 0.083263 2
0.752992 0.131066 0.186840 3
0.117154 -0.260134 -0.154797 0
0.745963 -0.121360 0.404572 3
0.523179 -0.024903 0.182666 3
0.596219 -0.007506 0.238760 3
-0.155808 -0.075252 -0.126182 0
0.771440 0.100426 0.371858 3
0.086304 -0.270901 -0.151424 0
-0.059357 -0.002151 -0.442040 1
0.363258 0.051020 -0.233449 5
0.569467 -0.046756 0.251902 3
-0.496368 0.191832 -0.035337 4
-0.841936 0.174191 -0.079480 4
-0.821502 0.085436 -0.025031 4
0.233249 -0.018609 -0.174927 5
0.125506 0.000651 -0.189169 5
-0.836994 0.198286 -0.087949 4
-0.355947 0.063973 0.023785 4
-0.794408 0.435446 -0.147667 4
0.368846 -0.121003 0.085944 3
-0.518209 0.062357 0.090747 4
0.834404 0.092850 0.404512 3
-0.621267 -0.010805 0.155241 4
-0.752059 0.232701 -0.041449 4
-0.157766 -0.094572 -0.093462 0
0.536861 -0.066446 0.228133 3
0.673544 -0.199833 0.436137 3
0.567664 -0.164510 0.377167 3
-0.695524 0.384073 -0.135025 4
-0.665144 0.236126 -0.019641 4
0.449406 -0.000319 0.105445 3
-0.753798 0.383382 -0.124484 4
-0.837796 0.148511 -0.061334 4
0.002161 -0.404697 -0.277906 0
-0.728714 0.374923 -0.121220 4
-0.067605 -0.286213 -0.018698 2
-0.538313 0.184932 0.000887 4
-0.638298 0.296177 -0.066943 4
-0.099048 -0.356491 0.062580 2
-0.331135 0.019977 0.040030 4
0.238791 0.025202 -0.209850 5
0.404091 -0.114174 0.200964 3
0.778104 0.144742 0.175905 3
-0.729396 0.244381 -0.037077 4
0.750703 0.125601 0.309153 3
0.482847 0.103042 0.080571 3
0.085785 -0.157273 -0.365736 1
0.510061 -0.026556 0.165059 3
-0.379507 0.350497 -0.176356 4
-0.273662 0.092076 -0.073915 4
0.423034 -0.089556 0.124542 3
0.470517 -0.102632 0.222084 3
-0.459308 0.394751 -0.268242 4
-0.274398 0.143149 -0.075521 4
0.135958 -0.109896 -0.141767 5
0.607665 -0.053813 0.300055 3
0.096698 -0.162320 -0.156007 5
-0.310869 0.037088 0.020591 4
-0.877381 0.253848 -0.141007 4
0.319893 -0.127769 0.074180 3
-0.274436 0.023156 -0.048450 4
-0.567245 0.039058 0.125304 4
-0.770818 0.450689 -0.186955 4
0.406347 -0.059431 0.086201 3
-0.779104 0.186021 -0.030718 4
0.721812 0.119052 0.171245 3
-0.558138 0.119315 0.070268 4
0.724674 -0.087314 0.384240 3
-0.814213 0.189622 -0.058466 4
0.683662 -0.068405 0.356572 3
-0.642352 0.253642 -0.034198 4
0.379247 -0.073495 0.068816 3
0.176106 0.013934 -0.186685 5
0.710686 0.102636 0.205657 3
-0.390960 0.325742 -0.144602 4
-0.674501 0.009218 0.106156 4
-0.094873 -0.007611 -0.448358 1
0.583236 -0.216287 0.418787 3
-0.018184 -0.420212 -0.250020 0
0.054246 0.003789 -0.447748 1
0.167189 -0.089625 -0.128761 5
-0.767405 0.154839 -0.008743 4
-0.094513 -0.177425 -0.131559 0
0.526284 0.041385 0.136807 3
0.086204 -0.243049 -0.160673 0
-0.309169 0.206509 -0.081153 4
0.093590 -0.035150 -0.425758 1
0.009759 -0.262475 -0.159442 0
-0.179288 -0.240784 -0.097729 2
-0.233902 0.240955 -0.108539 4
0.689621 0.136943 0.143385 3
-0.296976 0.265588 -0.113584 4
0.656275 -0.062239 0.341150 3
0.005572 -0.389211 -0.251293 0
-0.755133 0.066814 0.017480 4
-0.374208 0.010205 0.087607 4
-0.011492 0.042939 -0.480098 1
-0.806769 0.105575 -0.021958 4
0.246871 -0.178685 -0.004705 3
0.009320 -0.611110 -0.223101 0
-0.833439 0.390694 -0.130983 4
-0.083708 -0.131873 -0.297036 1
-0.126449 -0.111811 -0.293782 1
0.562154 -0.211852 0.411352 3
-0.834676 0.112093 -0.053559 4
0.716734 0.043189 0.328082 3
-0.046948 -0.334806 0.026624 2
0.707657 -0.172747 0.420135 3
-0.128204 -0.362498 0.072595 2
0.738482 0.072727 0.347287 3
0.048006 0.030993 -0.468488 1
0.439155 -0.150367 0.287051 3
0.263119 -0.082312 -0.146199 5
-0.732731 0.155974 0.005302 4
-0.629403 0.376944 -0.134520 4
0.864400 0.056477 0.402238 3
0.029904 -0.205928 -0.114461 0
0.716671 -0.003093 0.345673 3
-0.379328 0.193455 -0.075640 4
0.005162 -0.356146 -0.262348 0
-0.468856 0.370594 -0.195787 4
0.453345 -0.088195 0.150188 3
-0.328695 0.348196 -0.160680 4
0.410270 -0.154534 0.258108 3
-0.842212 0.301924 -0.128107 4
-0.398854 0.129607 -0.017291 4
-0.536596 0.050724 0.111342 4
0.081182 -0.058404 -0.170160 5
0.569346 0.129595 0.109724 3
0.233339 -0.194731 -0.022684 3
0.675549 0.101472 0.154537 3
-0.105441 -0.141345 -0.126527 0
0.161505 -0.019910 -0.168678 5
-0.312190 0.361293 -0.184975 4
0.720363 -0.059494 0.366922 3
0.232663 -0.095469 -0.133893 5
-0.768730 0.299369 -0.085024 4
-0.097392 -0.387474 0.085730 2
-0.384640 0.049807 0.053528 4
0.466103 0.031340 0.107645 3
0.615893 -0.025953 0.274421 3
0.030972 -0.175219 -0.322098 1
0.068969 -0.024276 -0.425173 1
-0.052514 -0.016044 -0.429663 1
0.739517 0.108480 0.216356 3
-0.217965 -0.031422 -0.076717 4
-0.351193 0.037464 0.053715 4
0.652286 0.143117 0.130666 3
-0.729382 0.071571 0.034472 4
-0.402640 0.082050 0.036305 4
-0.465223 0.309503 -0.107726 4
-0.183038 -0.278565 -0.023908 2
0.742158 0.086532 0.333653 3
0.564234 -0.003809 0.209435 3
-0.397280 0.145112 -0.054596 4
-0.446185 0.083473 0.051264 4
0.115446 -0.069669 -0.158670 5
-0.207095 -0.268632 -0.041513 2
0.344676 -0.118742 0.044799 3
0.536352 -0.010315 0.183961 3
0.582428 0.039112 0.177449 3
-0.580375 0.145132 0.051087 4
0.486555 -0.186963 0.360780 3
-0.692454 0.416343 -0.177972 4
0.727244 0.095236 0.246580 3
0.684748 -0.015195 0.329287 3
-0.639235 0.011020 0.123797 4
-0.558663 0.249849 -0.051254 4
0.091895 -0.060922 -0.410664 1
-0.404516 0.021187 0.090243 4
-0.605982 0.079508 0.087147 4
-0.144836 -0.241169 -0.116333 2
0.020952 -0.708251 -0.156105 0
0.222541 -0.181194 -0.034050 0
-0.021134 0.023841 -0.459492 1
-0.076469 -0.028364 -0.422902 1
0.800625 0.152906 0.290960 3
-0.083691 -0.313023 0.008650 2
-0.007939 -0.332131 -0.215665 0
-0.163170 -0.341919 0.070643 2
0.021136 0.024258 -0.463314 1
-0.428491 0.178260 -0.051739 4
-0.771773 0.317457 -0.095772 4
0.239687 0.079345 -0.290256 5
0.390010 -0.159232 0.261511 3
-0.886710 0.309115 -0.147599 4
0.763377 0.029946 0.364108 3
0.601636 -0.203897 0.414204 3
0.351075 -0.142665 0.178415 3
0.362471 -0.162551 0.250300 3
0.746950 0.024909 0.352073 3
0.008450 -0.283573 -0.014231 2
0.450272 -0.198862 0.350593 3
0.732257 0.093801 0.297806 3
0.490824 -0.130125 0.307105 3
-0.653723 0.381177 -0.139123 4
-0.259072 0.016784 -0.065214 4
-0.125692 -0.053786 -0.396675 1
0.549432 -0.087303 0.300192 3
-0.515664 -0.024802 0.138595 4
0.774193 -0.113502 0.396962 3
-0.486060 0.251773 -0.060022 4
-0.591987 0.210506 -0.009420 4
-0.180235 -0.318915 0.047768 2
0.776599 0.134899 0.369679 3
0.577146 -0.083227 0.312157 3
-0.074132 -0.114556 -0.320151 1
-0.208554 -0.347034 0.086460 2
0.303254 -0.139034 0.029391 3
-0.808696 0.308177 -0.109147 4
0.616805 -0.082622 0.330418 3
0.011217 -0.688339 -0.160682 0
-0.750468 0.030846 0.026339 4
0.036199 -0.275613 -0.198265 0
-0.141007 -0.386636 0.100228 2
0.827172 0.049628 0.391435 3
0.554204 0.100593 0.121231 3
-0.171889 -0.304201 0.027078 2
-0.337767 0.373921 -0.216769 4
-0.526197 0.323925 -0.098956 4
0.227023 0.059869 -0.242845 5
0.020367 -0.153860 -0.328330 1
-0.307028 0.187564 -0.079086 4
-0.339550 0.089476 -0.060989 4
-0.550723 0.403727 -0.233801 4
-0.727287 0.406693 -0.150548 4
0.615950 -0.114145 0.356314 3
0.295007 0.052972 -0.241760 5
-0.802765 0.152679 -0.029787 4
0.160632 0.040515 -0.212924 5
-0.242273 0.120486 -0.068074 4
-0.762251 0.263563 -0.062994 4
-0.835336 0.246265 -0.108500 4
0.456842 -0.149982 0.303162 3
0.093127 -0.284919 -0.129401 0
0.125471 -0.228477 -0.112146 0
0.115283 -0.131549 -0.385658 1
0.706785 -0.127456 0.401909 3
0.769984 0.055159 0.367486 3
0.748616 -0.085214 0.382801 3
0.366805 -0.118262 0.136296 3
0.159930 -0.235448 -0.102162 0
-0.276624 0.017519 -0.028410 4
0.168288 -0.205124 -0.103311 0
-0.441440 0.368857 -0.201098 4
0.330414 0.070080 -0.252827 5
-0.117489 -0.253322 -0.144693 2
-0.475004 0.336487 -0.137230 4
-0.104574 -0.285708 -0.018513 2
-0.761314 0.088957 0.010206 4
-0.363895 0.299789 -0.119371 4
0.552158 0.029976 0.149043 3
-0.237035 -0.298534 0.009818 2
0.332513 -0.118603 0.114495 3
0.520241 0.114687 0.093007 3
-0.719515 0.060358 0.046119 4
0.687531 -0.159235 0.411196 3
0.617199 0.007242 0.248469 3
0.506558 -0.148861 0.336372 3
0.191182 -0.078820 -0.127391 5
-0.017376 -0.188166 -0.290556 1
0.343859 -0.120767 0.085162 3
0.830726 -0.057068 0.380689 3
-0.405932 0.377347 -0.233636 4
-0.623245 0.049171 0.102647 4
-0.073282 -0.261800 -0.072866 2
-0.106685 -0.117969 -0.122014 0
0.329585 0.099892 -0.282180 5
0.516087 0.071218 0.115906 3
-0.687581 0.046890 0.075913 4
-0.306970 0.147731 -0.068881 4
-0.747198 0.275021 -0.064386 4
-0.137333 -0.249577 -0.086671 2
-0.292013 0.338460 -0.138953 4
0.764858 0.120036 0.262152 3
-0.771808 0.236878 -0.051704 4
-0.031121 -0.280709 -0.023841 2
0.147987 -0.079991 -0.154174 5
0.005139 -0.165896 -0.106199 0
0.516976 0.000288 0.151300 3
-0.425895 0.250470 -0.079177 4
-0.020647 -0.062027 -0.388346 1
0.808473 0.145534 0.400215 3
0.639922 0.115811 0.145729 3
0.688417 0.101438 0.170373 3
-0.698492 0.119397 0.037724 4
0.601173 0.054264 0.174436 3
-0.531536 0.127330 0.058380 4
-0.667151 0.409315 -0.176104 4
0.494231 0.046317 0.114291 3
0.828393 -0.014379 0.380710 3
-0.514159 0.162102 0.021183 4
-0.554588 0.351364 -0.123375 4
0.001956 -0.179339 -0.309618 1
-0.572718 0.317449 -0.084496 4
0.322564 -0.036874 -0.165738 5
-0.609180 0.385534 -0.153019 4
-0.595903 0.231560 -0.029614 4
-0.203921 -0.238272 -0.087410 2
-0.428416 0.277640 -0.105233 4
0.292616 -0.140787 0.009905 3
0.208847 0.078774 -0.268651 5
-0.033175 -0.475515 -0.267326 0
-0.211631 -0.254364 -0.067275 2
-0.418701 0.056065 0.071300 4
-0.682816 0.286077 -0.060380 4
-0.032808 -0.218160 -0.160978 0
0.072130 -0.196079 -0.163867 0
-0.071083 -0.085377 -0.363323 1
0.641537 -0.152016 0.397689 3
0.628703 0.075087 0.175208 3
-0.240001 0.148576 -0.082328 4
-0.664949 0.332798 -0.089869 4
-0.503917 0.361865 -0.163781 4
0.664256 -0.125032 0.382535 3
-0.412356 0.368442 -0.208716 4
0.587247 -0.050934 0.269613 3
0.558089 -0.195054 0.397756 3
-0.016730 -0.270198 -0.185170 0
0.572855 0.113351 0.121857 3
0.131433 -0.133891 -0.136597 5
-0.086375 -0.336017 0.037902 2
-0.229791 -0.284481 -0.012122 2
0.880341 0.021972 0.400410 3
0.643531 -0.208935 0.425690 3
-0.445242 0.213683 -0.055427 4
0.446619 -0.171856 0.320870 3
-0.779952 0.419938 -0.143944 4
0.025207 -0.619238 -0.205010 0
-0.555208 0.398688 -0.207004 4
0.625782 -0.186759 0.411150 3
0.666961 0.013710 0.300252 3
-0.346497 0.069505 -0.005370 4
0.210952 0.058573 -0.232776 5
0.794126 0.143476 0.375621 3
-0.847256 0.275148 -0.128789 4
0.561236 -0.036195 0.229339 3
0.003426 -0.547843 -0.225609 0
-0.546889 0.309715 -0.081252 4
-0.249474 -0.271998 -0.042064 2
-0.460468 0.173781 -0.032564 4
-0.527816 0.037648 0.120788 4
0.036571 -0.276909 -0.025063 2
-0.007662 -0.368835 -0.273741 0
-0.611449 0.405324 -0.189976 4
-0.763222 0.181397 -0.018754 4
0.016436 -0.644429 -0.194952 0
-0.274760 0.051652 -0.071753 4
-0.086833 -0.260419 -0.122990 2
-0.595716 0.174040 0.031929 4
-0.002745 -0.451676 -0.252509 0
0.570631 0.041593 0.160745 3
0.068418 -0.094880 -0.386769 1
-0.848079 0.348054 -0.132076 4
0.418872 -0.126255 0.238845 3
-0.362520 0.167969 -0.074086 4
0.757518 0.104088 0.348944 3
-0.264465 0.161443 -0.075561 4
0.244212 -0.028800 -0.164409 5
-0.082660 -0.053509 -0.396958 1
-0.557878 0.008229 0.156478 4
-0.649457 0.205319 -0.000789 4
-0.449414 0.044044 0.091219 4
-0.508622 0.230874 -0.048770 4
0.801922 0.025839 0.376234 3
0.717321 0.015530 0.335488 3
0.394437 -0.106568 0.149852 3
-0.554667 0.198871 -0.005117 4
-0.105813 -0.118997 -0.300088 1
-0.478333 0.301743 -0.097587 4
-0.181527 -0.296639 0.012038 2
-0.854161 0.219828 -0.113698 4
-0.540803 0.165155 0.027072 4
0.000312 -0.317971 -0.246008 0
-0.144229 -0.279961 -0.013533 2
0.212938 0.000712 -0.183735 5
0.710599 0.080422 0.288512 3
0.673335 0.058425 0.251792 3
0.454610 -0.107281 0.231975 3
0.660651 -0.168178 0.407327 3
-0.787574 0.123393 -0.012033 4
-0.435554 0.296888 -0.113977 4
-0.573679 0.280275 -0.061027 4
-0.587375 0.345438 -0.107699 4
-0.659722 0.182392 0.015164 4
-0.137870 -0.269474 -0.035103 2
-0.616310 0.091026 0.077712 4
0.031275 -0.221535 -0.129193 0
-0.025727 -0.109131 -0.347000 1
-0.139272 -0.323790 0.041999 2
-0.045995 -0.148653 -0.297424 1
0.195446 0.055826 -0.223835 5
0.346543 -0.128802 0.153727 3
-0.390219 -0.011689 0.105487 4
-0.343024 0.367751 -0.200595 4
-0.484653 0.000558 0.114446 4
-0.730429 0.210621 -0.018123 4
0.045718 -0.264332 -0.131759 0
-0.685650 0.215389 -0.008049 4
0.732247 0.138871 0.141504 3
-0.559403 0.215827 -0.026799 4
0.650652 0.057756 0.211396 3
-0.000061 -0.218556 -0.300835 1
0.421643 -0.201704 0.329234 3
-0.269575 0.282177 -0.131877 4
0.103242 -0.103025 -0.154905 5
-0.310420 0.110636 -0.062536 4
0.108052 -0.163245 -0.368396 1
-0.004401 -0.585900 -0.189812 0
-0.587096 0.033427 0.130877 4
0.567715 -0.103935 0.329998 3
0.045328 -0.201450 -0.099852 0
-0.204411 -0.367005 0.106425 2
0.282501 -0.031481 -0.163773 5
-0.314639 0.283151 -0.116240 4
-0.031944 -0.180424 -0.278511 1
-0.012838 -0.091974 -0.367062 1
-0.506299 0.383357 -0.199684 4
0.433821 -0.100838 0.197993 3
-0.736176 0.389044 -0.130484 4
0.783550 0.090148 0.383922 3
-0.017843 -0.123006 -0.335971 1
-0.518200 0.339467 -0.117639 4
-0.490313 0.334792 -0.128016 4
0.047120 -0.109951 -0.369153 1
0.453869 -0.121114 0.257667 3
0.654072 -0.112403 0.370112 3
-0.181241 -0.229337 -0.120881 2
0.848992 0.099182 0.412778 3
-0.179611 -0.376487 0.108343 2
0.005782 -0.262983 -0.049709 2
0.454305 0.019122 0.101959 3
0.272469 0.037035 -0.224507 5
0.651754 -0.086414 0.354246 3
-0.103785 -0.312183 0.013962 2
-0.822260 0.446871 -0.155540 4
0.423100 -0.162382 0.285833 3
-0.817901 0.287785 -0.110487 4
-0.041994 -0.259555 -0.090947 2
0.000699 -0.144682 -0.326445 1
0.625333 -0.000343 0.263161 3
-0.750680 0.123177 0.007549 4
0.019696 -0.269645 -0.172804 0
-0.629035 0.282154 -0.060898 4
-0.086335 -0.285702 -0.158687 2
0.684427 -0.111465 0.387161 3
-0.690853 0.302917 -0.074437 4
0.494361 -0.081154 0.196461 3
-0.345034 0.131827 -0.063973 4
-0.667243 0.026229 0.098180 4
-0.804253 0.253383 -0.084346 4
-0.108871 -0.074548 -0.370770 1
-0.222998 -0.274966 -0.034363 2
-0.520808 0.399609 -0.255632 4
0.014246 -0.248697 -0.096194 2
-0.186781 -0.219021 -0.140589 2
0.547086 0.005649 0.179648 3
0.233548 0.071136 -0.264268 5
-0.553086 0.048508 0.117707 4
-0.613612 0.162987 0.037582 4
0.623933 0.022949 0.243442 3
0.471534 0.087777 0.080838 3
0.434224 0.032446 0.085191 3
-0.295449 0.042680 -0.044930 4
-0.622259 0.436235 -0.249373 4
0.702907 -0.063620 0.362073 3
0.217970 0.068969 -0.255612 5
-0.145645 -0.107144 -0.096884 0
-0.054262 -0.358880 0.048925 2
-0.075466 -0.374665 0.065964 2
0.638632 -0.060799 0.328915 3
-0.300698 0.041262 -0.017086 4
-0.711979 0.381027 -0.126939 4
0.622588 -0.159696 0.394842 3
0.879951 0.076026 0.408517 3
0.430972 -0.056294 0.102353 3
0.688055 -0.035517 0.340237 3
-0.531507 0.212053 -0.035318 4
0.245389 -0.052849 -0.144068 5
0.084634 -0.089691 -0.393684 1
-0.681395 0.436430 -0.211642 4
0.366463 0.007202 -0.206108 5
0.007191 -0.532336 -0.234323 0
-0.555978 0.374614 -0.157611 4
-0.358945 0.095784 -0.040345 4
-0.501964 0.387859 -0.224903 4
0.083855 -0.028532 -0.194063 5
-0.263455 0.198343 -0.085300 4
0.845832 -0.040160 0.386426 3
0.569746 -0.127251 0.352189 3
-0.705771 0.443905 -0.215063 4
-0.381659 0.122281 -0.032860 4
0.018970 -0.509226 -0.250563 0
-0.617767 0.394973 -0.167370 4
0.793524 0.157062 0.329212 3
0.410073 -0.101766 0.160494 3
-0.422099 0.106461 0.022212 4
-0.109555 -0.081548 -0.130085 0
0.411460 -0.079417 0.095173 3
-0.057643 -0.113167 -0.328716 1
0.763206 0.075746 0.363100 3
-0.482433 0.164065 0.001695 4
-0.098586 -0.126622 -0.147593 0
-0.745288 0.057777 0.029141 4
0.234838 0.046511 -0.231421 5
-0.053234 -0.163852 -0.276473 1
-0.737235 0.323557 -0.090090 4
-0.407008 0.253547 -0.095980 4
0.080970 -0.169425 -0.159659 5
-0.551639 0.081088 0.087947 4
-0.172404 -0.329988 0.059042 2
-0.005603 -0.495714 -0.237573 0
-0.524969 0.263957 -0.061253 4
0.524834 -0.067928 0.213669 3
0.703390 -0.189854 0.426593 3
0.162165 -0.231054 -0.080009 0
-0.560664 -0.009175 0.153969 4
-0.500644 -0.001213 0.124262 4
0.014597 -0.502675 -0.269644 0
0.012468 -0.418352 -0.273777 0
0.496521 -0.206527 0.381018 3
0.182987 0.038489 -0.204971 5
-0.828026 0.184967 -0.068322 4
0.064415 -0.194111 -0.333422 1
0.557497 -0.071519 0.282066 3
0.552622 0.064566 0.138573 3
-0.738883 0.351743 -0.106285 4
-0.009597 -0.576899 -0.217456 0
0.859099 -0.086298 0.387413 3
-0.048070 -0.036958 -0.409733 1
-0.217965 -0.224804 -0.109816 2
-0.845563 0.209462 -0.101132 4
0.720405 0.090253 0.261949 3
-0.230231 0.212778 -0.094622 4
-0.236301 0.080324 -0.076986 4
0.797858 0.154406 0.259806 3
-0.293540 0.031079 0.005658 4
-0.784747 0.204698 -0.040527 4
-0.606192 0.266680 -0.055405 4
-0.658570 0.085295 0.070734 4
-0.012852 -0.277908 -0.035024 2
-0.255655 -0.283003 -0.021431 2
-0.074460 -0.147628 -0.139349 0
0.152432 -0.131048 -0.112482 5
0.798699 0.107119 0.399666 3
-0.024232 -0.267495 -0.045705 2
0.594204 -0.102984 0.337933 3
0.839002 0.025220 0.392307 3
-0.095070 0.007434 -0.462752 1
-0.009198 -0.073277 -0.381493 1
-0.056156 -0.175514 -0.161257 0
-0.661087 0.423898 -0.196097 4
0.015260 -0.115611 -0.353765 1
0.471236 -0.168360 0.332604 3
-0.238373 -0.003325 -0.068307 4
0.033190 -0.263411 -0.052182 2
-0.347234 0.202496 -0.078737 4
0.530084 -0.130328 0.333984 3
-0.241389 -0.255416 -0.061613 2
-0.643124 -0.007421 0.125119 4
-0.737465 0.255954 -0.047206 4
-0.119582 -0.289638 -0.010718 2
-0.077043 -0.173256 -0.137322 0
-0.561496 0.058403 0.106194 4
-0.509754 0.292861 -0.080529 4
0.695736 0.080028 0.251066 3
0.055820 -0.055611 -0.401586 1
0.142873 0.028351 -0.213654 5
0.476809 0.069724 0.096402 3
0.038233 0.000769 -0.439845 1
0.029318 -0.019605 -0.421736 1
0.061552 -0.173720 -0.339660 1
-0.273050 -0.313026 0.034571 2
0.590518 -0.056429 0.285713 3
0.483572 -0.144716 0.316827 3
0.014020 -0.725756 -0.148530 0
-0.489499 0.149658 0.020884 4
0.480161 0.005882 0.126890 3
-0.367085 0.324910 -0.141172 4
-0.531736 -0.001939 0.146850 4
-0.636344 0.141410 0.048039 4
0.593865 0.071714 0.156039 3
-0.826239 0.371491 -0.127239 4
0.389204 -0.102372 0.109277 3
-0.782566 0.282159 -0.085684 4
-0.602204 0.123949 0.062815 4
0.007103 -0.638984 -0.181481 0
-0.047023 -0.227767 -0.162838 0
0.796524 0.057591 0.378726 3
-0.406639 0.355134 -0.181803 4
-0.783780 0.377472 -0.120618 4
-0.060334 -0.279849 -0.125823 2
-0.616293 0.245064 -0.031891 4
-0.301057 0.350206 -0.151112 4
-0.730092 0.305874 -0.080068 4
0.723013 -0.148870 0.412443 3
-0.162687 -0.315390 0.038420 2
-0.168630 -0.253504 -0.069314 2
0.009752 -0.238674 -0.121383 0
-0.041260 -0.084826 -0.369929 1
0.623226 0.108839 0.146857 3
0.127968 -0.036053 -0.169459 5
0.790634 0.141000 0.235984 3
0.753764 0.003943 0.355969 3
-0.354839 0.287576 -0.111345 4
0.680906 -0.083811 0.371314 3
0.392489 -0.066081 0.077630 3
-0.561474 0.028486 0.137555 4
-0.391527 0.162022 -0.060511 4
-0.621457 0.017608 0.130362 4
0.312226 0.031777 -0.215190 5
0.578255 0.008831 0.196915 3
0.075132 -0.213782 -0.173953 0
0.001053 -0.482723 -0.253508 0
-0.764612 0.423500 -0.152834 4
0.016902 -0.292186 0.000199 2
0.531882 -0.187778 0.384141 3
-0.489855 0.052804 0.094774 4
0.370316 -0.149096 0.228889 3
0.045035 -0.216624 -0.119634 0
0.745073 0.118388 0.195185 3
-0.268084 0.254004 -0.115343 4
0.443470 -0.213577 0.356068 3
-0.742512 0.449439 -0.206113 4
-0.001531 -0.119723 -0.345871 1
0.008209 -0.339423 -0.277793 0
-0.498052 0.137018 0.041739 4
0.673249 -0.136585 0.392572 3
-0.372590 0.112150 -0.019724 4
-0.674094 0.307905 -0.075713 4
-0.010981 -0.365197 -0.233253 0
0.332057 -0.049990 -0.160364 5
0.539860 -0.028918 0.196497 3
0.363488 -0.111273 0.064242 3
-0.354804 0.079792 -0.017063 4
0.786239 0.152100 0.300998 3
0.616691 -0.174908 0.399763 3
0.054882 -0.158906 -0.347407 1
0.511075 -0.080972 0.247447 3
-0.004971 -0.308117 -0.208207 0
0.368757 -0.094158 0.062286 3
-0.028807 0.034060 -0.472255 1
0.519027 -0.121593 0.319935 3
-0.827065 0.118217 -0.039390 4
-0.101432 -0.157816 -0.124237 0
0.022760 -0.249186 -0.081495 2
0.009134 -0.567497 -0.219327 0
-0.087717 -0.259778 -0.081590 2
-0.023303 -0.043922 -0.404969 1
-0.797199 0.342390 -0.112236 4
-0.811694 0.127027 -0.029965 4
-0.619693 0.414119 -0.202893 4
0.886780 -0.045900 0.388088 3
-0.233404 0.047054 -0.075607 4
-0.256855 -0.333580 0.061818 2
0.339123 0.002132 -0.190688 5
0.016615 -0.234180 -0.173816 0
0.447149 0.058067 0.084101 3
0.178362 -0.195130 -0.084944 0
-0.475402 0.220140 -0.050039 4
0.152177 0.009545 -0.191203 5
0.073519 -0.264555 -0.142313 0
0.795781 -0.138367 0.411112 3
0.490975 -0.034432 0.144572 3
-0.413164 0.076356 0.051100 4
0.112125 -0.232824 -0.121585 0
-0.756826 0.436681 -0.173732 4
0.697732 0.081185 0.234040 3
-0.098172 -0.130041 -0.288485 1
-0.370130 0.365315 -0.209862 4
0.772279 -0.019732 0.365060 3
0.208401 -0.194862 -0.040568 0
0.747605 -0.049358 0.370020 3
-0.101321 -0.106360 -0.323453 1
0.351699 0.087762 -0.264090 5
-0.266446 0.227149 -0.098301 4
-0.157869 -0.071487 -0.109683 0
-0.440604 0.001845 0.102494 4
-0.684281 0.406587 -0.166934 4
0.013399 -0.363625 -0.245954 0
-0.345347 0.170076 -0.070811 4
0.479137 0.041986 0.107069 3
-0.549978 0.147826 0.047868 4
0.268024 -0.001150 -0.184324 5
-0.344747 0.307347 -0.125561 4
-0.170805 -0.358972 0.089601 2
-0.320093 0.025053 0.009391 4
-0.423015 0.351162 -0.174096 4
0.186153 -0.060442 -0.145743 5
-0.540518 0.396024 -0.218253 4
0.310405 0.057563 -0.246648 5
-0.475064 0.122528 0.042805 4
-0.781211 0.349631 -0.109835 4
0.495067 -0.078218 0.213615 3
0.493363 -0.059092 0.176897 3
-0.904034 0.343390 -0.145503 4
-0.661763 0.042218 0.092663 4
-0.504960 0.179364 0.002316 4
0.177332 -0.121179 -0.113379 5
-0.130595 -0.246789 -0.127668 2
0.538308 0.092926 0.116371 3
-0.277246 0.323709 -0.142212 4
-0.221167 -0.291183 0.002273 2
-0.431728 0.027128 0.096234 4
-0.363047 0.196829 -0.081164 4
0.741919 0.109336 0.310788 3
0.605802 -0.136720 0.370961 3
-0.871874 0.233872 -0.135213 4
-0.292733 0.300116 -0.128043 4
0.599727 -0.085180 0.322248 3
-0.091607 -0.042925 -0.410326 1
0.641728 0.037887 0.242765 3
0.818469 -0.118730 0.399222 3
0.787902 -0.123834 0.404585 3
0.033648 -0.253162 -0.114223 0
-0.675787 0.442442 -0.233035 4
-0.475786 0.273989 -0.076972 4
0.018347 -0.208710 -0.309104 1
0.671129 0.091465 0.187471 3
0.561481 0.051716 0.149681 3
0.284407 -0.060501 -0.149538 5
0.345120 -0.127307 0.170589 3
-0.558357 0.285944 -0.064916 4
-0.768544 0.209154 -0.034723 4
-0.664973 0.069220 0.077934 4
-0.108847 -0.021276 -0.433769 1
0.584808 -0.068444 0.295674 3
-0.699008 0.184351 0.003758 4
0.008642 -0.291427 -0.302396 0
-0.633126 0.112810 0.063488 4
-0.586146 0.251062 -0.046946 4
-0.240258 -0.024948 -0.078743 4
0.728027 -0.168950 0.422871 3
-0.691258 0.269406 -0.044500 4
-0.123945 -0.097930 -0.325610 1
-0.038269 -0.188492 -0.161668 0
0.364541 -0.135101 0.205346 3
-0.563658 0.337251 -0.103211 4
-0.606146 0.148844 0.047726 4
0.436569 -0.131053 0.258935 3
0.222062 0.021262 -0.199007 5
0.665668 -0.187228 0.422941 3
0.072046 -0.277012 -0.157264 0
0.697534 0.126780 0.153817 3
-0.396106 0.219874 -0.078947 4
-0.771880 0.406746 -0.133995 4
0.413245 -0.193233 0.313230 3
0.828031 -0.092336 0.391009 3
-0.600412 0.096084 0.079074 4
0.290007 0.016646 -0.199582 5
0.533520 -0.213574 0.402724 3
0.457989 -0.215172 0.371057 3
0.779645 -0.142102 0.412288 3
0.090284 -0.147797 -0.151440 5
-0.058926 -0.261826 -0.081037 2
0.756480 -0.096893 0.391436 3
-0.696700 0.354860 -0.107341 4
-0.455281 0.343202 -0.159418 4
0.206448 0.092768 -0.285665 5
0.658679 -0.203293 0.429855 3
0.171407 -0.032200 -0.163862 5
-0.756236 0.044640 0.036355 4
0.022886 -0.248322 -0.129087 0
-0.024296 -0.160893 -0.296800 1
-0.109325 -0.254610 -0.112279 2
0.854902 0.029801 0.396515 3
0.644546 0.021889 0.266530 3
-0.849684 0.193025 -0.097008 4
0.762929 -0.154163 0.413720 3
-0.043361 0.006330 -0.444255 1
-0.133532 -0.311787 0.022012 2
0.019010 -0.660646 -0.195720 0
-0.263033 0.303562 -0.157039 4
-0.045455 -0.062872 -0.388485 1
0.602692 -0.024584 0.261260 3
-0.612854 0.007238 0.142623 4
-0.786607 0.233462 -0.057943 4
-0.733988 0.129480 0.014910 4
