-0.021071 -0.232906 -0.112814 4
-0.493401 0.383500 -0.203984 1
-0.160217 -0.850110 -0.501641 0
0.184079 -0.270016 0.582298 2
0.413470 0.309552 -0.243737 3
0.339445 -0.089073 0.171935 2
-0.298340 0.080197 0.105424 1
-0.047322 0.263723 -0.247502 1
-0.108108 -0.180189 0.330724 2
-0.114263 -0.500573 -0.359598 0
0.199491 0.105494 -0.073463 3
0.054166 -0.078009 0.116771 2
-0.085319 0.056526 -0.077689 1
-0.272909 0.255732 -0.099973 1
0.149768 -0.143428 0.355797 2
0.449350 0.089200 -0.121968 3
-0.497814 0.220100 -0.016331 1
-0.256097 0.410634 -0.279718 1
0.338820 -0.218221 0.411331 2
0.217512 0.201085 -0.257926 3
-0.007372 -0.234284 0.512533 2
0.081521 -0.046515 -0.084720 3
-0.110269 -0.682167 -0.423513 0
-0.062458 -0.394058 -0.209724 0
0.219408 -0.025458 0.049798 2
-0.120902 -0.085938 0.176872 2
-0.083440 -0.092825 0.008872 4
0.009171 0.121114 -0.193106 1
0.339727 0.203843 -0.143907 3
-0.202422 0.140723 -0.005171 1
0.022631 -0.105875 0.269392 2
0.189137 -0.081557 0.208603 2
-0.130863 0.207259 -0.126380 1
0.335367 0.013801 -0.054694 3
-0.354163 0.170029 0.003030 1
-0.416909 0.298599 -0.109868 1
0.506236 0.217083 -0.183188 3
0.294616 -0.153025 0.292049 2
-0.181186 0.312632 -0.208239 1
-0.133278 0.043491 0.067531 1
0.023646 -0.173629 0.395254 2
0.211395 -0.203481 0.468229 2
-0.037080 -0.093409 -0.124901 0
-0.346838 0.365623 -0.196945 1
0.134505 0.142113 -0.175970 3
0.025909 -0.156612 -0.025557 2
-0.535146 0.285225 -0.133872 1
0.297293 0.289616 -0.219966 3
0.076479 0.071072 -0.067529 0
0.106930 -0.222387 0.501105 2
0.117024 -0.056893 0.030042 2
0.232255 0.186971 -0.141893 3
0.307131 0.119439 -0.080410 3
0.292884 -0.257947 0.512358 2
-0.086560 -0.202580 0.432797 2
-0.102402 -0.611651 -0.344188 0
-0.042649 -0.462209 -0.291151 0
-0.066553 -0.290585 -0.198488 0
0.151506 0.032952 -0.007563 3
-0.117199 0.347304 -0.280802 1
-0.047663 -0.079103 0.102665 2
-0.408708 0.417633 -0.256744 1
-0.150364 -0.767078 -0.451467 0
-0.386185 0.106878 0.069536 1
0.156603 -0.053489 0.118340 2
-0.151676 -0.125215 0.264403 2
0.302011 -0.039649 0.096924 2
0.247628 -0.169612 0.374089 2
-0.061746 0.139018 -0.131643 1
0.253291 0.051131 -0.016739 3
0.123840 -0.100063 0.274801 2
-0.013232 0.044331 -0.135441 1
-0.014939 -0.081362 0.188731 2
-0.264079 0.317346 -0.168424 1
0.416204 0.231073 -0.192128 3
-0.364363 0.238094 -0.057327 1
0.099390 -0.072596 0.193221 2
-0.270394 0.193260 -0.024247 1
0.212592 -0.122147 0.284695 2
-0.214276 0.076792 0.061543 1
-0.085061 -0.030442 -0.070015 1
0.066705 -0.269591 0.562290 2
-0.200691 0.201487 -0.075561 1
-0.125895 0.131913 -0.065229 1
-0.065586 -0.117563 0.263708 2
-0.438396 0.165418 0.021780 1
-0.071718 0.208247 -0.187977 1
0.119964 -0.173336 0.429385 2
0.359351 -0.135271 0.240115 2
0.416265 0.166454 -0.131793 3
-0.283689 0.131122 0.040779 1
0.012836 -0.114950 0.054752 2
-0.193254 0.260733 -0.138060 1
-0.334616 0.309261 -0.127160 1
0.254297 -0.071996 0.155362 2
-0.103772 0.021892 -0.005594 1
0.071625 -0.123426 0.332457 2
-0.031958 -0.146770 0.331559 2
-0.427474 0.354319 -0.167543 1
0.009998 -0.156859 -0.111051 0
0.378198 0.052960 -0.108990 3
0.281544 -0.112151 0.226570 2
0.343025 -0.194749 0.336659 2
-0.185378 0.378251 -0.301047 1
-0.479818 0.263455 -0.081281 1
-0.129360 0.259050 -0.186180 1
-0.144999 0.089815 -0.002360 1
-0.334233 0.405543 -0.270346 1
-0.101307 -0.513289 -0.285914 0
-0.092204 -0.401518 -0.279058 0
0.489880 0.152070 -0.140608 3
-0.006823 0.187695 -0.224365 1
-0.037262 -0.119765 -0.043929 4
-0.062173 -0.173455 -0.132875 4
0.044269 -0.210652 0.461602 2
0.131673 0.126213 -0.102750 3
-0.054439 -0.554560 -0.337795 0
-0.149467 -0.741694 -0.381335 0
0.293293 -0.002857 0.015600 3
-0.273865 0.368194 -0.221641 1
0.269607 0.229997 -0.187331 3
0.089343 0.004609 -0.027736 3
0.023301 -0.086710 -0.086017 0
0.277882 -0.219190 0.451118 2
0.178503 -0.231064 0.523883 2
0.187385 -0.169901 0.410257 2
-0.432020 0.222591 -0.036417 1
-0.492899 0.337664 -0.152661 1
0.353826 0.260557 -0.193716 3
-0.032562 -0.025385 -0.120265 0
0.469706 0.256821 -0.225488 3
0.191393 0.174884 -0.201268 3
0.370638 0.119951 -0.105349 3
-0.099654 -0.562339 -0.389728 0
-0.021125 -0.217183 0.448834 2
-0.044128 -0.188313 0.383985 2
-0.118455 -0.686112 -0.358517 0
0.143223 0.066669 -0.063137 3
-0.105316 0.293329 -0.240360 1
0.290284 0.168261 -0.120049 3
-0.093030 -0.461687 -0.247808 0
-0.071078 -0.345755 -0.254608 0
-0.006234 -0.201366 -0.059470 4
-0.023145 -0.344834 -0.212806 0
-0.120431 -0.824256 -0.460322 0
0.236065 -0.257822 0.539127 2
-0.017929 -0.263716 -0.170472 0
-0.110972 -0.621217 -0.411489 0
0.129336 -0.257773 0.556461 2
0.068931 -0.096189 0.037608 2
0.263616 0.241003 -0.247494 3
0.334149 -0.241934 0.467809 2
0.039105 -0.080498 0.216733 2
0.065781 0.013470 -0.083157 0
0.186725 0.146072 -0.116958 3
0.205440 0.031625 0.018749 3
0.233785 -0.046908 0.104990 2
0.354358 0.303493 -0.236553 3
-0.214874 0.363191 -0.251301 1
0.086594 -0.153614 0.384383 2
0.366415 -0.154584 0.300044 2
0.255852 0.094729 -0.055829 3
-0.129479 -0.551731 -0.335938 0
0.195814 0.067310 -0.029566 3
0.153683 -0.196757 0.471134 2
0.241377 0.145236 -0.098831 3
-0.071869 -0.098467 0.204158 2
-0.124340 -0.696528 -0.477146 0
-0.091966 -0.465032 -0.319914 0
-0.025380 0.099620 -0.149464 1
0.305112 0.061478 -0.055533 3
-0.343067 0.131291 0.042372 1
0.450934 0.205430 -0.156182 3
0.099393 -0.065963 0.085864 2
0.055989 -0.241143 0.515034 2
-0.311986 0.221009 -0.049529 1
-0.043708 0.160942 -0.179479 1
0.001486 -0.084329 0.135756 2
0.021484 -0.146814 0.346599 2
-0.084425 -0.091877 -0.051597 4
-0.420034 0.385313 -0.212524 1
-0.061724 -0.336536 -0.168683 0
0.248764 -0.146992 0.321779 2
-0.256521 0.048110 0.089838 1
0.160673 -0.023669 0.032341 2
-0.374045 0.340707 -0.156871 1
0.091749 0.133526 -0.138659 3
-0.173102 0.156845 -0.047435 1
0.292508 -0.196573 0.394297 2
-0.369980 0.281560 -0.088422 1
-0.059352 -0.081962 0.154875 2
0.229874 -0.102256 0.236322 2
-0.038056 -0.147871 -0.089731 4
0.202388 -0.146971 0.349357 2
-0.107286 0.163869 -0.107069 1
-0.472151 0.299603 -0.122174 1
0.073733 -0.091251 0.260005 2
-0.121585 -0.116099 0.221815 2
0.234234 -0.191540 0.421979 2
-0.167800 0.339883 -0.256509 1
-0.084816 0.110669 -0.090673 1
-0.252636 0.217386 -0.070248 1
0.137962 -0.083423 0.226551 2
0.149301 -0.070970 0.176809 2
-0.107708 -0.141704 0.295820 2
-0.058971 0.013842 -0.090593 1
0.163305 -0.125340 0.309228 2
-0.385645 0.203153 -0.024778 1
-0.323155 0.260066 -0.086297 1
0.025110 -0.194676 -0.142545 0
-0.105068 -0.184453 0.388359 2
-0.230206 0.115973 0.032506 1
-0.108083 -0.738925 -0.447799 0
0.301955 -0.068500 0.139024 2
-0.234225 0.340841 -0.206509 1
-0.109678 0.069814 -0.032340 1
0.099540 -0.068758 0.142968 2
-0.220932 0.178089 -0.033035 1
-0.265632 0.093128 0.067991 1
0.340838 0.082264 -0.083637 3
-0.249870 0.153340 0.005907 1
-0.412872 0.264649 -0.069447 1
-0.368757 0.394117 -0.236258 1
-0.151140 0.183014 -0.083723 1
-0.083755 0.251000 -0.216084 1
-0.072763 0.317534 -0.269056 1
0.175359 -0.101776 0.258869 2
-0.182678 0.038913 0.066703 1
0.390269 0.207911 -0.156865 3
-0.342492 0.098423 0.090830 1
0.337293 0.156928 -0.110607 3
-0.308631 0.338184 -0.170087 1
0.160684 0.149313 -0.229953 3
-0.214093 0.294708 -0.166529 1
-0.046644 -0.125038 0.006412 4
-0.048049 -0.423324 -0.261968 0
-0.050403 0.079433 -0.112638 1
0.049030 -0.077398 0.165382 2
0.196640 -0.060060 0.145512 2
-0.061004 -0.506711 -0.312199 0
-0.026100 -0.100556 0.241460 2
0.296232 0.022518 -0.028410 3
0.401116 0.269270 -0.220963 3
-0.517688 0.251453 -0.055026 1
0.257220 -0.231285 0.492259 2
0.002290 -0.136161 0.013468 2
0.063514 -0.179307 0.420505 2
-0.026205 -0.122003 0.291535 2
-0.180014 0.086781 0.030351 1
0.109903 0.033160 -0.061516 3
0.230372 0.198350 -0.188851 3
-0.040476 -0.224975 -0.156621 0
0.293559 -0.088562 0.181089 2
-0.397146 0.143746 0.025750 1
0.328024 -0.114397 0.212583 2
0.312647 0.249687 -0.174710 3
-0.101184 -0.063173 0.141444 2
0.018259 0.076737 -0.146135 1
-0.213045 0.235342 -0.104855 1
0.179132 -0.044591 0.068824 2
-0.096022 0.010014 -0.049274 1
-0.275092 0.294434 -0.130195 1
0.179682 0.164247 -0.158535 3
-0.312323 0.184872 -0.006583 1
0.295545 -0.177609 0.353500 2
-0.107943 0.224954 -0.166082 1
0.404460 0.092119 -0.115611 3
0.260777 -0.130712 0.272545 2
-0.290159 0.391543 -0.257670 1
0.087801 -0.195935 0.454197 2
0.258922 -0.004531 0.050287 2
0.090420 0.105876 -0.091798 3
-0.478997 0.180081 0.010432 1
-0.022012 -0.187510 -0.107368 4
0.275998 0.198343 -0.149492 3
-0.089810 0.181147 -0.144038 1
0.115994 -0.124704 0.334781 2
-0.122614 -0.646750 -0.377511 0
0.147538 -0.156805 0.397512 2
-0.455090 0.401711 -0.233053 1
-0.033682 0.221993 -0.228953 1
-0.471307 0.230236 -0.053992 1
-0.021704 -0.306663 -0.177490 0
-0.060473 -0.096978 -0.087750 4
-0.169656 0.220948 -0.111796 1
0.043417 -0.027654 -0.094455 0
0.033473 -0.120271 0.309091 2
-0.012123 -0.154951 -0.048867 4
0.248530 -0.088097 0.195092 2
-0.094700 -0.553097 -0.310311 0
0.450175 0.136734 -0.133685 3
0.047764 -0.095150 0.077780 2
-0.091545 -0.536998 -0.350760 0
-0.077079 -0.605834 -0.378322 0
-0.155261 0.245215 -0.150268 1
-0.009980 -0.166124 0.368200 2
0.312162 -0.138300 0.255938 2
-0.438177 0.326090 -0.134643 1
-0.004131 -0.097812 0.089883 2
-0.142938 0.297571 -0.219465 1
-0.134497 -0.723937 -0.417909 0
-0.309514 0.101866 0.064076 1
-0.467581 0.365330 -0.175520 1
-0.003086 -0.115700 -0.101603 0
-0.523482 0.283666 -0.093403 1
0.466554 0.226644 -0.193292 3
0.216411 -0.226296 0.503046 2
-0.065295 -0.167532 0.346172 2
0.109707 -0.292927 0.567398 2
-0.134482 0.056961 0.020998 1
0.009810 -0.197641 0.426341 2
0.246408 0.019773 0.009600 3
-0.216845 0.055527 0.097998 1
-0.163912 0.122542 -0.018612 1
-0.389078 0.365364 -0.194260 1
-0.049003 -0.134787 -0.128307 0
0.328367 -0.203458 0.374433 2
-0.149203 -0.807317 -0.484241 0
0.093070 -0.247228 0.531547 2
0.136041 -0.050743 0.075392 2
-0.527695 0.325960 -0.134344 1
-0.407984 0.174636 -0.004115 1
0.256646 -0.049898 0.071103 2
-0.055765 -0.051947 -0.099678 0
0.050090 -0.127608 0.019814 2
0.075154 -0.029319 -0.048554 3
0.378562 0.159402 -0.118695 3
-0.323993 0.388435 -0.235312 1
-0.459667 0.196801 -0.022664 1
0.363453 0.014259 -0.083437 3
-0.175000 0.276123 -0.169995 1
-0.344080 0.202792 -0.022672 1
-0.132071 -0.509818 -0.311006 0
-0.374837 0.314124 -0.127205 1
-0.311504 0.151589 0.020945 1
0.492789 0.192823 -0.154723 3
0.443982 0.278418 -0.246637 3
-0.077855 -0.478322 -0.280461 0
0.000435 -0.225576 -0.145324 0
0.085856 -0.103045 0.295516 2
-0.079428 -0.440268 -0.292198 0
-0.016366 -0.247946 0.476956 2
0.326783 -0.171568 0.309666 2
-0.522908 0.353636 -0.171810 1
0.163838 0.109036 -0.089340 3
-0.125852 -0.859307 -0.486384 0
0.415158 0.047955 -0.119136 3
0.196211 0.170554 -0.247582 3
-0.025692 0.011711 -0.109630 0
0.266732 0.121594 -0.082435 3
0.184821 -0.185827 0.447293 2
0.044710 -0.057177 -0.070380 0
-0.131858 -0.121172 0.185616 2
-0.085045 -0.578354 -0.349058 0
-0.219959 0.399798 -0.281209 1
0.294564 -0.240869 0.477142 2
-0.124077 -0.588554 -0.364690 0
0.351694 -0.161700 0.265897 2
0.058245 -0.148320 0.360247 2
-0.108508 -0.126253 0.261586 2
-0.037332 -0.391614 -0.245080 0
-0.069696 -0.318185 -0.229344 0
0.012665 0.155562 -0.207253 1
0.023091 -0.236025 0.490908 2
-0.447877 0.280701 -0.090165 1
-0.064468 -0.145320 0.313343 2
-0.305695 0.362823 -0.203146 1
-0.139773 -0.158065 0.305013 2
0.273049 -0.054540 0.114767 2
0.070518 -0.221093 0.487405 2
-0.148326 0.367259 -0.283663 1
-0.077376 -0.417554 -0.234229 0
-0.248529 0.377755 -0.256173 1
-0.052196 -0.096994 -0.016840 4
-0.369245 0.419391 -0.263029 1
0.201409 -0.253362 0.550200 2
-0.023636 0.130644 -0.175251 1
0.358153 0.230292 -0.173796 3
0.004346 -0.087870 0.224802 2
-0.037982 0.193465 -0.206401 1
-0.146831 -0.717068 -0.457174 0
0.241711 0.224507 -0.211455 3
0.190515 -0.049290 0.105876 2
0.128560 0.013871 -0.028293 3
0.331544 0.289722 -0.208062 3
0.145648 0.143440 -0.131406 3
0.121630 0.093746 -0.078074 3
-0.400335 0.236968 -0.046148 1
-0.124424 -0.770521 -0.476260 0
0.336555 0.048112 -0.073363 3
-0.128015 0.321586 -0.258268 1
-0.036592 -0.077293 0.068627 2
-0.084750 -0.087654 0.121102 2
-0.135659 0.110179 -0.038544 1
-0.050471 -0.223703 0.467906 2
-0.009291 -0.186561 0.397854 2
-0.146395 -0.690564 -0.419469 0
0.141663 -0.219243 0.507443 2
0.183603 -0.208950 0.489501 2
-0.040015 -0.205446 0.421273 2
-0.056198 -0.351514 -0.223159 0
0.002369 -0.132030 0.320729 2
0.214550 -0.071287 0.173696 2
0.270521 0.274189 -0.237894 3
0.024103 -0.245692 0.529160 2
0.416911 0.124334 -0.122189 3
0.315040 -0.224700 0.436401 2
0.462867 0.175220 -0.142804 3
0.226793 0.078923 -0.041109 3
-0.069228 -0.367308 -0.188181 0
-0.000898 -0.169156 -0.078792 4
-0.010748 -0.154001 -0.013639 4
0.222989 0.197530 -0.223576 3
0.097005 -0.083377 0.235172 2
0.147404 -0.283975 0.570838 2
0.289893 0.258666 -0.199498 3
-0.100826 0.085179 -0.062270 1
-0.269633 0.344018 -0.189996 1
-0.090947 -0.657192 -0.409024 0
-0.094694 -0.498996 -0.326495 0
0.020000 -0.075716 0.184235 2
-0.130535 -0.679329 -0.390815 0
0.184260 0.043453 -0.006495 3
-0.222971 0.278104 -0.137831 1
-0.074954 0.284893 -0.253754 1
0.195705 -0.133158 0.316902 2
0.119805 -0.200397 0.470447 2
0.117819 -0.061887 0.114205 2
-0.050888 0.047290 -0.101426 1
-0.069465 -0.388050 -0.255693 0
0.166552 0.051407 -0.036446 3
0.436518 0.251563 -0.220495 3
-0.204369 0.338221 -0.222463 1
-0.184030 0.112591 0.008770 1
-0.293394 0.418776 -0.277517 1
-0.303392 0.282300 -0.116188 1
-0.046293 -0.322472 -0.195294 0
-0.162481 -0.798549 -0.449522 0
0.084923 -0.013937 -0.076875 3
0.313620 0.221802 -0.155895 3
-0.058659 -0.102060 0.029638 4
0.109822 -0.137633 0.365192 2
-0.094890 0.043469 -0.048147 1
0.185498 -0.155256 0.376991 2
-0.096591 -0.714420 -0.428297 0
-0.049693 -0.273533 -0.172361 0
-0.438680 0.244836 -0.062442 1
0.178078 0.083455 -0.060788 3
0.212207 0.163876 -0.128913 3
-0.406622 0.337380 -0.148059 1
0.152979 -0.174641 0.432208 2
-0.280365 0.171000 -0.001888 1
-0.450360 0.380281 -0.200465 1
-0.295627 0.314109 -0.146907 1
-0.341197 0.339821 -0.159662 1
-0.040991 -0.090987 0.213645 2
-0.504798 0.297864 -0.118027 1
0.066561 -0.075913 0.193196 2
-0.112668 0.269569 -0.212488 1
0.289427 -0.165282 0.322117 2
-0.051692 -0.583822 -0.352405 0
0.092913 -0.071172 0.047118 2
-0.071965 -0.198962 0.403666 2
-0.459507 0.343844 -0.152242 1
0.371285 0.282307 -0.218089 3
-0.030848 -0.087959 0.133631 2
-0.086236 -0.090011 0.042156 4
0.212770 0.180565 -0.167190 3
-0.375269 0.127754 0.045421 1
0.384502 0.240620 -0.189776 3
-0.103618 -0.094831 0.148279 2
0.229014 0.114510 -0.083555 3
0.264140 -0.160950 0.347510 2
0.293572 0.253832 -0.248279 3
0.162926 -0.259053 0.557053 2
-0.017716 -0.105844 0.061551 2
-0.189095 0.361315 -0.270814 1
0.261257 -0.189079 0.397743 2
-0.001317 -0.180061 -0.131024 0
0.055283 -0.162051 0.389302 2
0.276940 0.058592 -0.037389 3
-0.130176 -0.638711 -0.430476 0
0.016634 -0.179310 -0.053826 4
0.099254 -0.262581 0.567621 2
0.241876 -0.213231 0.466138 2
0.119719 -0.110609 0.304768 2
-0.300117 0.241543 -0.071044 1
-0.252861 0.269813 -0.120592 1
-0.098119 -0.094772 -0.022839 4
0.222727 0.049279 -0.007600 3
0.277082 0.027037 0.004441 3
0.218800 -0.167496 0.387667 2
0.113110 -0.158878 0.401326 2
-0.000119 0.101096 -0.170070 1
0.296647 0.093586 -0.064953 3
-0.234116 0.316037 -0.179259 1
-0.161598 0.056780 0.050798 1
0.226279 -0.277889 0.561862 2
0.148769 -0.054538 0.030556 2
-0.242923 0.236811 -0.093970 1
0.324518 -0.155759 0.281585 2
-0.333377 0.239334 -0.064290 1
0.029271 -0.092813 0.103759 2
-0.120251 -0.769692 -0.441759 0
0.307025 0.147677 -0.102642 3
-0.333659 0.282760 -0.106673 1
0.133446 0.134418 -0.206704 3
-0.406655 0.133648 0.054210 1
0.371178 0.088649 -0.100938 3
-0.281838 0.211603 -0.048594 1
0.108993 0.063140 -0.071427 3
0.422052 0.196094 -0.147677 3
-0.159253 -0.742121 -0.434519 0
-0.037636 -0.114947 -0.075763 4
0.206450 -0.108045 0.257327 2
-0.231676 0.198163 -0.054646 1
-0.106873 -0.615535 -0.379567 0
0.105417 0.134398 -0.166867 3
0.159279 0.156720 -0.188266 3
0.084932 -0.073637 0.113241 2
-0.058888 -0.021156 -0.095181 1
0.165780 -0.061838 0.150183 2
-0.120234 -0.531600 -0.361929 0
0.211818 0.135215 -0.100277 3
-0.076502 -0.185768 0.375717 2
-0.067206 -0.106575 0.233916 2
-0.038043 -0.255675 -0.148154 0
-0.066176 0.164959 -0.155886 1
-0.101509 0.136725 -0.091281 1
0.131286 -0.064061 0.152618 2
0.373989 0.298175 -0.259869 3
-0.168218 -0.856507 -0.472449 0
-0.082702 0.024672 -0.074058 1
-0.040727 -0.192697 -0.143981 0
0.315710 0.184716 -0.125806 3
-0.107872 0.041541 0.023044 1
-0.031250 -0.354377 -0.184662 0
-0.429140 0.193321 -0.020490 1
0.335971 0.114566 -0.090063 3
-0.016809 0.158453 -0.198877 1
0.210585 -0.043454 0.083293 2
-0.054615 0.109088 -0.119595 1
0.264732 -0.253993 0.523904 2
0.362478 0.181708 -0.132219 3
0.219421 -0.086215 0.209081 2
-0.316806 0.072384 0.082385 1
-0.075399 -0.532303 -0.321421 0
0.050746 -0.269120 0.525602 2
-0.269279 0.076270 0.092942 1
-0.006546 -0.209916 -0.088489 4
-0.356597 0.115828 0.070502 1
-0.004718 -0.133498 -0.077200 4
0.141389 -0.240531 0.534728 2
0.251446 0.168240 -0.115551 3
-0.114001 -0.704994 -0.404152 0
-0.116094 -0.699863 -0.448378 0
0.255732 0.207961 -0.172212 3
0.002570 -0.224663 0.465740 2
0.273218 -0.206467 0.424357 2
0.007490 -0.118112 0.294399 2
0.030910 -0.082427 0.140054 2
-0.256783 0.113799 0.045740 1
-0.054141 -0.098906 -0.056960 4
0.491234 0.241225 -0.212293 3
-0.059281 -0.123409 -0.101039 4
-0.098320 -0.375724 -0.266004 0
-0.030217 -0.166918 -0.126783 4
0.034231 -0.092001 0.246137 2
-0.450036 0.176607 -0.003505 1
0.325431 0.303075 -0.242003 3
-0.086649 -0.089642 0.180283 2
-0.064084 0.229607 -0.211944 1
-0.350166 0.263683 -0.075431 1
-0.012301 -0.107680 0.266342 2
0.031775 -0.131355 -0.002715 2
0.133008 0.043283 -0.046671 3
0.245560 0.222923 -0.261703 3
-0.117694 0.053568 -0.009412 1
0.290341 -0.008432 0.044049 2
0.224951 -0.063224 0.139543 2
0.338680 -0.072215 0.148236 2
0.047053 -0.099614 -0.075317 0
-0.020154 0.072548 -0.136398 1
-0.301318 0.203863 -0.028503 1
-0.500042 0.226415 -0.052432 1
0.127364 -0.030309 0.035238 2
-0.096927 -0.155317 0.318971 2
-0.314259 0.129861 0.040292 1
0.102045 0.127176 -0.107292 3
-0.114169 -0.795046 -0.465219 0
-0.100632 -0.101048 0.209118 2
-0.385227 0.257466 -0.072709 1
0.039875 -0.109848 0.046786 2
0.348766 -0.105896 0.194756 2
0.274151 -0.037275 0.090883 2
-0.250842 0.176667 -0.011602 1
-0.099393 0.241576 -0.194205 1
-0.244916 0.302593 -0.153354 1
-0.147496 -0.837029 -0.479754 0
-0.084287 0.148589 -0.117079 1
-0.241116 0.068322 0.076993 1
0.280064 -0.125485 0.251651 2
-0.097112 -0.586204 -0.374032 0
-0.037663 -0.249787 -0.185216 0
-0.164836 0.321914 -0.234926 1
-0.099161 0.307700 -0.269904 1
0.168547 -0.136800 0.335874 2
0.311322 0.276078 -0.193941 3
0.046706 -0.252685 0.551935 2
-0.053676 -0.127515 0.294333 2
0.255279 -0.113838 0.239713 2
-0.356390 0.300246 -0.111152 1
0.034630 -0.196804 0.439172 2
-0.013438 -0.075809 0.157744 2
-0.032406 -0.166197 0.351640 2
0.261201 0.243808 -0.216139 3
0.067747 -0.082203 0.092135 2
-0.080958 -0.135194 0.292017 2
0.234424 -0.032551 0.072044 2
0.309685 -0.212163 0.412220 2
0.192771 -0.028516 0.042747 2
-0.154401 0.136686 -0.043907 1
-0.012180 -0.127371 0.045013 2
-0.134397 -0.143190 0.282341 2
0.423086 0.215393 -0.167428 3
0.389367 0.187768 -0.133977 3
-0.191548 0.176215 -0.054261 1
0.069714 -0.086569 0.063584 2
-0.482477 0.281551 -0.101821 1
0.217598 -0.192504 0.443831 2
-0.072784 -0.446414 -0.266288 0
0.054910 -0.076788 -0.088267 3
0.156798 -0.077423 0.207604 2
-0.045201 0.133462 -0.152734 1
-0.185761 0.069479 0.052179 1
0.425657 0.072923 -0.115508 3
-0.426029 0.399327 -0.235178 1
-0.298659 0.380171 -0.229607 1
-0.187049 0.401355 -0.286773 1
0.065124 -0.082254 0.235884 2
0.228496 0.095377 -0.064338 3
0.186067 0.127318 -0.097312 3
-0.096308 -0.173594 0.354194 2
0.267438 -0.143164 0.302591 2
-0.392338 0.387318 -0.224906 1
0.050360 -0.109829 0.290757 2
-0.211385 0.124377 0.014363 1
-0.113362 0.184814 -0.122941 1
-0.390280 0.295283 -0.099685 1
0.262467 0.003049 0.023339 3
0.311186 0.000580 -0.024277 3
0.306056 -0.125012 0.233398 2
-0.088780 0.205252 -0.167480 1
-0.091530 -0.120362 0.241686 2
0.009810 -0.259268 0.492333 2
0.091343 0.014135 -0.058073 3
-0.166504 0.292783 -0.197905 1
-0.157600 0.072837 0.026083 1
0.125867 -0.070759 0.190292 2
-0.051919 0.294206 -0.263527 1
-0.133607 0.163179 -0.080691 1
0.025297 -0.120571 0.026238 2
0.098864 -0.093486 0.268291 2
-0.376240 0.161816 0.015220 1
0.054600 -0.026158 -0.070463 0
0.231219 -0.002978 0.042299 2
-0.368586 0.377876 -0.205655 1
-0.272418 0.150974 0.019502 1
-0.020206 -0.321216 -0.201382 0
-0.015527 -0.149052 -0.114067 0
0.268567 0.184989 -0.127981 3
-0.134883 0.189266 -0.103540 1
0.179336 0.030492 0.022278 3
0.318212 0.033555 -0.051868 3
-0.078813 0.085187 -0.088229 1
0.022403 -0.158213 0.370208 2
0.224822 -0.134416 0.304362 2
-0.422950 0.142590 0.030156 1
-0.059727 -0.077268 0.125832 2
-0.108702 0.112456 -0.068599 1
-0.449574 0.304397 -0.109848 1
-0.220098 0.160191 -0.013981 1
0.274579 -0.065140 0.140351 2
-0.192033 0.152603 -0.026011 1
0.206986 -0.239215 0.528964 2
0.278509 0.149795 -0.105832 3
-0.176657 -0.836153 -0.486973 0
0.386571 0.292936 -0.236305 3
-0.152921 0.227414 -0.131471 1
0.239375 0.212972 -0.236530 3
0.317902 -0.095916 0.186295 2
-0.140527 0.278791 -0.198752 1
-0.077041 -0.051575 -0.084865 1
-0.126258 0.223857 -0.147787 1
-0.139398 -0.105744 0.237495 2
0.192013 -0.091377 0.232367 2
-0.012237 -0.083819 0.113854 2
-0.496358 0.319651 -0.134489 1
-0.035760 -0.231682 0.487565 2
-0.126399 0.090515 -0.024620 1
-0.505706 0.252771 -0.077849 1
-0.029511 -0.213118 -0.132891 4
-0.040164 -0.083038 0.183600 2
0.321021 -0.056563 0.126453 2
0.251752 -0.100836 0.217781 2
-0.042260 -0.291550 -0.190056 0
0.180824 -0.119036 0.291479 2
0.480837 0.213845 -0.176164 3
-0.474221 0.392260 -0.218712 1
0.181654 -0.072317 0.185826 2
-0.135940 0.040917 0.040967 1
-0.105501 -0.557517 -0.342958 0
0.202629 0.077929 -0.051850 3
-0.032803 -0.126873 -0.015016 4
0.276129 0.079415 -0.052181 3
-0.115584 -0.662278 -0.404535 0
-0.332435 0.112010 0.059143 1
-0.139838 -0.787072 -0.463339 0
0.358132 0.142408 -0.108593 3
0.323065 -0.189837 0.351679 2
0.075126 -0.075721 0.144749 2
0.088638 -0.070318 0.170273 2
0.126339 0.014737 -0.002981 3
0.014152 -0.134130 -0.098512 0
-0.375906 0.178808 -0.006780 1
-0.100984 -0.479134 -0.341037 0
0.421946 0.275051 -0.234266 3
0.002565 -0.134533 -0.045468 4
-0.341890 0.383488 -0.218019 1
-0.535906 0.310902 -0.115688 1
-0.035964 -0.095354 0.086333 2
0.241931 -0.244882 0.517850 2
0.464814 0.108898 -0.125459 3
0.287114 0.216368 -0.163258 3
-0.087669 -0.635630 -0.396286 0
0.087816 -0.177551 0.427103 2
0.113190 -0.056290 0.066221 2
-0.492128 0.359592 -0.174882 1
0.278078 -0.178845 0.371623 2
0.123162 0.141207 -0.142537 3
-0.320211 0.356154 -0.183370 1
0.137967 -0.052499 0.100423 2
0.287058 -0.075889 0.159377 2
-0.228436 0.254256 -0.111006 1
-0.131744 -0.740818 -0.439494 0
-0.074289 -0.477728 -0.307360 0
0.334046 0.238129 -0.168497 3
0.300864 0.196485 -0.142232 3
-0.174139 0.242785 -0.133953 1
0.162826 0.128826 -0.106569 3
0.066243 -0.009819 -0.035651 0
0.350049 -0.173952 0.300827 2
0.112139 -0.077979 0.216021 2
0.090723 -0.113759 0.317520 2
-0.025321 -0.126767 -0.099652 4
-0.406962 0.212387 -0.033712 1
-0.332801 0.161287 0.012506 1
0.365700 0.034662 -0.097489 3
0.230666 -0.119310 0.267922 2
0.213009 -0.179962 0.416367 2
-0.115827 -0.659596 -0.432208 0
0.023230 -0.098107 0.080035 2
0.310896 -0.176558 0.328038 2
-0.154133 0.159693 -0.063133 1
0.141785 -0.093699 0.248767 2
0.146370 -0.129030 0.328047 2
-0.224153 0.351492 -0.229235 1
0.245412 -0.056536 0.124609 2
-0.055097 0.245205 -0.228934 1
0.291177 -0.141433 0.270463 2
0.029507 -0.184342 0.416739 2
-0.140725 0.339807 -0.279962 1
-0.325160 0.321532 -0.146363 1
0.089367 -0.209871 0.476142 2
-0.193837 0.350664 -0.248386 1
0.350916 -0.121663 0.218097 2
-0.032162 0.051047 -0.116976 1
-0.429993 0.368544 -0.187488 1
0.056822 -0.007007 -0.093801 0
-0.407909 0.324626 -0.127050 1
0.141543 -0.185214 0.453107 2
0.286534 0.135854 -0.085534 3
0.114454 -0.188990 0.447531 2
0.444265 0.222979 -0.183588 3
0.176223 0.161234 -0.214905 3
-0.250664 0.195621 -0.038653 1
-0.221356 0.214547 -0.077666 1
0.273796 -0.228124 0.474311 2
0.066828 -0.251438 0.537964 2
-0.163734 0.202145 -0.097236 1
0.346171 -0.207407 0.358093 2
0.270783 -0.096793 0.200404 2
-0.395684 0.349272 -0.166426 1
0.305492 -0.106733 0.206941 2
0.101772 0.023916 -0.036153 3
-0.059316 -0.210729 0.435314 2
0.312222 -0.234899 0.459622 2
0.156248 -0.042015 0.060742 2
0.088726 -0.009054 -0.048008 3
0.290164 0.238973 -0.171868 3
0.210569 -0.052996 0.119234 2
-0.228840 0.093782 0.051881 1
-0.073327 -0.084891 -0.017702 4
-0.046003 -0.372690 -0.229523 0
-0.024344 -0.138409 -0.061871 4
-0.372626 0.356890 -0.178465 1
0.157003 -0.105805 0.274311 2
0.255540 -0.209145 0.446460 2
0.149956 0.148695 -0.158407 3
-0.249861 0.135639 0.022515 1
-0.416872 0.280993 -0.093170 1
0.169108 0.151724 -0.132643 3
-0.094646 0.272554 -0.228442 1
0.052569 -0.136704 0.339437 2
-0.193386 0.239697 -0.118353 1
0.359159 0.210767 -0.156622 3
0.158991 -0.209180 0.491235 2
0.030430 -0.056755 -0.089930 0
-0.364429 0.220153 -0.041070 1
0.066428 -0.191884 0.443612 2
-0.032679 0.242814 -0.241186 1
-0.354104 0.152745 0.020074 1
-0.128312 -0.679208 -0.445693 0
-0.166779 0.382382 -0.279977 1
0.368979 -0.145137 0.268958 2
0.120529 -0.269454 0.576702 2
0.256174 -0.024856 0.065030 2
-0.106984 -0.536511 -0.331212 0
-0.230762 0.378922 -0.272432 1
-0.164916 0.095437 0.009981 1
0.169393 -0.052877 0.089225 2
0.223533 -0.155962 0.356536 2
0.242805 -0.132568 0.288470 2
-0.303031 0.265449 -0.098349 1
-0.273096 0.237581 -0.084178 1
-0.155589 0.262091 -0.168025 1
-0.123952 -0.747488 -0.463677 0
0.067782 -0.112577 0.310497 2
-0.229885 0.140654 0.009980 1
-0.104519 0.036792 -0.027186 1
0.438453 0.109717 -0.127972 3
-0.354266 0.320510 -0.137772 1
-0.533110 0.305790 -0.146145 1
-0.254996 0.352270 -0.210117 1
0.131927 -0.144275 0.371778 2
-0.352243 0.403533 -0.254668 1
-0.320443 0.090360 0.097797 1
0.318186 -0.080897 0.164525 2
0.119310 -0.088971 0.241983 2
-0.127025 0.239925 -0.165521 1
0.086577 -0.138214 0.359483 2
-0.293632 0.078207 0.080999 1
-0.060753 -0.077704 -0.101927 0
0.169519 -0.086536 0.225675 2
-0.457589 0.179642 0.021232 1
0.272711 0.036406 -0.017050 3
0.412546 0.250988 -0.210811 3
-0.075536 0.002097 -0.076604 1
-0.098080 -0.489586 -0.274916 0
0.099730 0.084491 -0.077410 3
-0.366800 0.106008 0.089606 1
-0.093522 -0.531383 -0.300765 0
-0.290633 0.110465 0.052561 1
-0.118703 0.022120 0.014829 1
0.013790 -0.209255 0.446611 2
-0.232515 0.045229 0.083512 1
0.203180 0.184307 -0.219504 3
-0.430997 0.419173 -0.247048 1
-0.065575 -0.093821 0.107260 2
-0.083918 -0.497960 -0.292110 0
0.439247 0.161623 -0.134317 3
-0.060866 -0.102567 0.004407 4
-0.200882 0.106294 0.025331 1
-0.061496 -0.429644 -0.281103 0
-0.112915 -0.552572 -0.369894 0
-0.118005 0.094111 -0.046355 1
-0.043292 -0.114864 0.270860 2
0.002919 -0.099840 0.250192 2
-0.274292 0.396556 -0.284635 1
0.293582 -0.216020 0.431243 2
-0.012522 -0.199665 0.419383 2
0.327768 -0.133533 0.239060 2
0.451193 0.237862 -0.208331 3
-0.488697 0.248859 -0.062198 1
0.398121 0.137964 -0.118920 3
-0.082634 -0.083525 0.156421 2
0.193929 -0.222763 0.508386 2
-0.107189 0.207714 -0.150344 1
-0.092528 -0.452448 -0.277196 0
-0.336390 0.218274 -0.038347 1
0.307972 -0.191634 0.369334 2
0.178940 -0.245594 0.542084 2
0.233505 -0.044840 0.052312 2
0.205267 -0.271340 0.569393 2
-0.038864 -0.117240 -0.115990 0
0.296647 -0.050226 0.116912 2
-0.268228 0.380173 -0.244115 1
-0.057180 -0.349943 -0.200041 0
-0.461131 0.319944 -0.123694 1
0.233747 0.197839 -0.162286 3
0.111703 -0.000264 -0.035481 3
-0.438754 0.262721 -0.078824 1
0.145685 0.032590 -0.029937 3
-0.018435 -0.090419 0.221909 2
-0.071644 -0.553050 -0.311814 0
-0.112089 -0.598536 -0.394268 0
0.009324 -0.073779 0.160788 2
0.275207 0.263523 -0.218014 3
-0.134252 -0.723745 -0.394886 0
-0.006522 0.074967 -0.154766 1
-0.198311 0.300192 -0.182334 1
0.032449 -0.096971 -0.104448 0
-0.023164 -0.238980 0.456919 2
-0.211205 0.054245 0.075762 1
-0.518320 0.343995 -0.151468 1
0.125889 -0.211713 0.489478 2
-0.069635 -0.310585 -0.187648 0
-0.503781 0.268918 -0.094040 1
0.326094 0.135979 -0.097594 3
-0.180998 0.189757 -0.075268 1
-0.066875 0.099236 -0.101842 1
-0.009356 -0.288370 -0.183596 0
-0.201912 0.380090 -0.273458 1
-0.050834 -0.296269 -0.214116 0
-0.127310 0.073761 -0.004649 1
0.112353 -0.232928 0.520642 2
0.172457 -0.147808 0.359835 2
0.340062 -0.146855 0.252859 2
-0.193338 0.213135 -0.093702 1
0.282044 -0.242293 0.496099 2
-0.052548 -0.176804 0.362591 2
0.003511 -0.202092 -0.133809 0
-0.042483 -0.139607 0.312734 2
0.142502 -0.117776 0.304125 2
-0.064145 -0.086930 0.181182 2
-0.473144 0.333259 -0.137527 1
0.258543 0.071740 -0.036690 3
-0.060772 -0.371609 -0.211582 0
-0.254075 0.288088 -0.135496 1
0.009910 -0.147245 -0.007561 2
-0.394059 0.403878 -0.246485 1
-0.471880 0.201513 -0.041040 1
0.109250 -0.252640 0.546309 2
-0.287624 0.325351 -0.164716 1
-0.130724 -0.713137 -0.437546 0
-0.085040 -0.126089 0.271199 2
-0.084449 -0.553330 -0.330345 0
0.317232 0.092643 -0.073947 3
0.212621 0.189040 -0.198958 3
0.186000 -0.197861 0.470134 2
-0.092168 -0.014705 -0.055689 1
-0.116795 -0.179316 0.369949 2
0.333467 0.267788 -0.187757 3
0.375649 0.258462 -0.200042 3
0.080371 -0.076715 0.210814 2
-0.104605 -0.095465 0.015666 4
-0.111691 0.325825 -0.283775 1
-0.095602 -0.079393 -0.006798 4
-0.002795 -0.145765 0.337601 2
0.237734 -0.076614 0.179232 2
-0.385676 0.223303 -0.034462 1
0.158176 0.079319 -0.073860 3
-0.035409 -0.079303 0.156159 2
0.441147 0.182829 -0.140957 3
-0.083431 -0.441496 -0.247319 0
-0.053381 0.190237 -0.190598 1
-0.453324 0.217682 -0.032028 1
0.226865 0.035217 0.013866 3
-0.143346 -0.115453 0.217181 2
-0.314068 0.304646 -0.137158 1
0.361824 0.056821 -0.094534 3
0.223813 -0.215583 0.482036 2
0.168827 -0.285979 0.576153 2
0.140862 0.102707 -0.084480 3
-0.073959 0.122091 -0.106253 1
-0.323116 0.198220 -0.028206 1
0.426788 0.292893 -0.249711 3
-0.019867 -0.233925 -0.148224 0
-0.395665 0.306850 -0.117778 1
-0.134940 0.307936 -0.237312 1
-0.071060 0.041232 -0.084880 1
-0.152133 0.037361 0.057766 1
0.337543 0.185744 -0.129039 3
0.395258 0.072338 -0.112189 3
-0.061776 0.178334 -0.172871 1
-0.442791 0.390867 -0.218271 1
0.114484 -0.070081 0.165544 2
0.208287 0.155493 -0.108914 3
0.160512 -0.166478 0.413177 2
0.134673 -0.046810 0.047878 2
-0.091339 -0.417177 -0.294513 0
-0.027379 0.029975 -0.126603 1
-0.473141 0.376773 -0.193473 1
0.299999 0.040752 -0.041837 3
-0.139494 -0.813880 -0.465620 0
0.154109 -0.151502 0.377214 2
-0.247398 0.065429 0.099836 1
-0.252320 0.389035 -0.278345 1
-0.281431 0.359381 -0.203067 1
-0.408196 0.156468 0.011759 1
-0.200533 0.321428 -0.203033 1
-0.288888 0.254456 -0.085123 1
0.022230 -0.132960 0.329734 2
-0.252343 0.327339 -0.183868 1
-0.276101 0.070271 0.112759 1
0.254497 0.198103 -0.145978 3
0.006544 -0.195651 -0.078507 4
-0.069397 -0.458789 -0.284962 0
-0.094416 -0.515475 -0.351619 0
-0.034189 -0.286971 -0.165216 0
-0.075717 0.262937 -0.232996 1
-0.029306 -0.194420 0.400736 2
0.271443 -0.154013 0.326611 2
-0.099344 0.061809 -0.058830 1
-0.016879 -0.211642 -0.113526 4
0.350330 0.290079 -0.218883 3
0.106113 -0.041834 0.041146 2
-0.149163 0.329108 -0.254128 1
0.257167 -0.042628 0.103187 2
-0.167834 0.361352 -0.275044 1
-0.065584 -0.412530 -0.268436 0
0.093484 0.022033 -0.015695 3
0.283416 0.110490 -0.074470 3
-0.477267 0.213638 -0.017405 1
0.239870 -0.177928 0.392401 2
-0.046805 -0.105197 0.245016 2
0.118204 0.134569 -0.187809 3
-0.519471 0.281653 -0.114425 1
-0.065048 -0.392255 -0.235086 0
0.043605 -0.101851 0.267103 2
-0.307828 0.402942 -0.261983 1
-0.273526 0.307328 -0.151972 1
0.353356 0.098278 -0.093910 3
-0.385545 0.327553 -0.140020 1
0.001721 -0.161329 -0.033831 4
-0.436960 0.343342 -0.151826 1
0.318228 0.298246 -0.222451 3
0.289840 0.014136 -0.009812 3
0.471779 0.193291 -0.150871 3
-0.113764 -0.639357 -0.395485 0
0.007428 -0.129154 0.034176 2
0.169415 0.024884 0.000687 3
-0.461381 0.286703 -0.108686 1
0.128340 0.051487 -0.065760 3
-0.183804 0.329687 -0.229162 1
0.471346 0.138159 -0.135424 3
-0.314483 0.419170 -0.274635 1
-0.290927 0.184887 -0.014082 1
0.241688 -0.153195 0.340851 2
-0.211871 0.185151 -0.050919 1
0.236603 -0.228314 0.496484 2
0.307280 -0.164011 0.305960 2
-0.184601 0.130080 -0.009677 1
-0.194251 0.281733 -0.163003 1
-0.329540 0.093361 0.074802 1
0.002490 -0.239571 0.481876 2
-0.282979 0.226440 -0.069086 1
0.046835 -0.171651 0.406213 2
-0.031202 -0.161022 -0.106357 4
0.177807 0.165793 -0.183508 3
-0.026944 -0.178160 0.372122 2
0.179452 0.098074 -0.080173 3
-0.190361 0.055411 0.079231 1
0.164281 -0.222001 0.511102 2
-0.048830 -0.246020 -0.163570 0
-0.395616 0.271728 -0.084332 1
-0.427790 0.311968 -0.122865 1
0.244243 0.111266 -0.069295 3
-0.071042 0.062996 -0.091834 1
-0.015495 0.206133 -0.229845 1
-0.107472 -0.514294 -0.319581 0
-0.376317 0.145213 0.028731 1
-0.401322 0.376837 -0.207751 1
-0.159814 -0.822799 -0.470239 0
-0.123786 -0.699617 -0.422043 0
0.188227 -0.110892 0.272853 2
0.206263 -0.078483 0.194546 2
0.206419 -0.157743 0.373679 2
-0.123791 0.290845 -0.225125 1
0.254902 0.033621 -0.003810 3
0.069181 -0.099737 0.278736 2
0.001061 0.139952 -0.197885 1
-0.104663 -0.581311 -0.342010 0
-0.209253 0.090685 0.044811 1
-0.018000 -0.134203 -0.041042 4
0.253909 -0.197013 0.416930 2
0.093291 0.044134 -0.068275 3
-0.116324 -0.155071 0.310889 2
0.486522 0.221499 -0.197333 3
0.498451 0.169724 -0.148111 3
-0.282954 0.270812 -0.110586 1
-0.340668 0.356404 -0.178670 1
0.095388 -0.125406 0.338663 2
-0.046764 0.026582 -0.101940 1
-0.105451 0.015839 -0.027483 1
0.231160 0.163254 -0.113766 3
0.120348 0.022984 -0.046454 3
0.393432 0.225504 -0.178324 3
-0.428725 0.176675 -0.001879 1
0.008379 -0.092452 0.105821 2
-0.466535 0.254309 -0.067913 1
-0.020383 -0.194763 -0.128659 0
0.162406 -0.184573 0.451614 2
0.139812 -0.165360 0.416014 2
-0.450039 0.231194 -0.051374 1
-0.131042 -0.126865 0.261455 2
0.375974 0.219142 -0.167077 3
0.042992 -0.077770 0.185335 2
0.451912 0.265034 -0.232591 3
-0.313173 0.168570 0.008985 1
-0.343873 0.182334 -0.010225 1
-0.223108 0.326439 -0.196418 1
-0.080741 0.225527 -0.195239 1
-0.071383 -0.157146 0.328993 2
-0.120250 -0.666726 -0.372248 0
-0.332599 0.143930 0.029619 1
0.020852 -0.087703 0.122058 2
0.231892 0.061369 -0.021796 3
0.198971 -0.164080 0.392843 2
-0.365029 0.192175 -0.018375 1
0.070258 -0.168084 0.404386 2
-0.289780 0.345900 -0.185338 1
0.212192 -0.093174 0.227839 2
-0.120617 0.147031 -0.079812 1
0.060478 -0.106696 0.021850 2
0.081027 -0.075891 0.077513 2
-0.069158 -0.424649 -0.251893 0
0.015977 -0.081079 0.209054 2
-0.091722 0.097155 -0.076564 1
0.241989 0.008219 0.026196 3
0.238645 -0.010665 0.060023 2
-0.213151 0.261609 -0.130110 1
0.350291 -0.189020 0.318176 2
-0.162333 0.304793 -0.214188 1
0.195975 0.171359 -0.175471 3
0.370873 0.198523 -0.140698 3
-0.285166 0.099058 0.070872 1
0.264520 0.143217 -0.092196 3
-0.094372 0.327899 -0.272832 1
0.201732 -0.040620 0.064929 2
-0.027370 -0.242634 -0.129817 0
0.248992 0.216105 -0.194141 3
0.167370 -0.159392 0.392807 2
-0.039534 -0.009161 -0.109771 1
0.060024 -0.078665 0.212719 2
0.154632 0.154641 -0.208147 3
-0.063123 -0.099208 -0.038540 4
-0.011729 -0.170839 -0.101369 4
0.328924 -0.208375 0.394302 2
-0.030981 0.116601 -0.159434 1
-0.327201 0.372513 -0.208914 1
0.075352 0.004201 -0.067642 3
0.249635 -0.036199 0.085194 2
0.181837 0.169898 -0.233090 3
0.263762 -0.085393 0.181766 2
0.193899 0.165906 -0.137666 3
-0.096859 0.172323 -0.127059 1
0.450041 0.239883 -0.230295 3
-0.135030 -0.728743 -0.375102 0
0.030285 -0.111508 0.287374 2
-0.051308 -0.445646 -0.273786 0
0.003171 0.171432 -0.215696 1
-0.044818 -0.153082 -0.120531 4
0.007991 -0.169972 0.378329 2
-0.110528 -0.187318 0.349631 2
-0.110856 -0.101016 0.191602 2
-0.050439 -0.158010 0.336279 2
0.098272 -0.282957 0.554034 2
0.188452 -0.140332 0.335738 2
-0.028598 -0.334625 -0.187997 0
0.427070 0.093037 -0.116669 3
-0.145151 0.103189 -0.017443 1
0.179336 -0.018505 0.026749 2
-0.127624 -0.836919 -0.476619 0
0.041022 -0.228174 0.486271 2
-0.040463 0.110562 -0.141889 1
-0.040061 -0.214224 0.442759 2
0.349011 0.013619 -0.069510 3
0.405199 0.286150 -0.239336 3
-0.043922 -0.037429 -0.108989 0
0.285525 0.292159 -0.235953 3
0.277341 0.248404 -0.186295 3
-0.094639 -0.596770 -0.355035 0
-0.084683 -0.509763 -0.312962 0
-0.074578 -0.016701 -0.083311 1
0.320979 0.013048 -0.040849 3
-0.032966 -0.090556 0.109852 2
-0.098046 -0.681978 -0.407742 0
0.399809 0.047776 -0.106387 3
0.105384 -0.101779 0.291621 2
-0.152207 0.211351 -0.112818 1
-0.132802 -0.101143 0.181827 2
0.377459 0.140268 -0.113217 3
0.247989 0.232514 -0.228592 3
-0.102700 -0.571466 -0.361839 0
0.017554 -0.117227 -0.088564 0
-0.349622 0.277555 -0.089692 1
-0.096780 -0.196276 0.402050 2
0.196197 -0.178980 0.426958 2
-0.064641 -0.363275 -0.236802 0
0.229527 -0.142741 0.324477 2
0.087357 -0.225552 0.502554 2
0.247953 -0.121027 0.258299 2
0.190665 -0.069013 0.168444 2
-0.071516 -0.087509 0.138079 2
0.029711 -0.073144 0.157546 2
-0.129094 -0.683636 -0.411593 0
0.421286 0.143020 -0.127034 3
0.228488 -0.068276 0.160005 2
0.209519 -0.139998 0.329267 2
-0.123116 -0.101407 0.208689 2
0.202291 -0.214963 0.491561 2
0.052979 -0.081113 0.136200 2
-0.087337 -0.111605 0.224561 2
-0.004372 -0.094052 0.069891 2
-0.323982 0.293449 -0.122399 1
-0.245079 0.085674 0.068721 1
0.050409 -0.088873 0.100880 2
-0.513731 0.309272 -0.131236 1
0.282860 -0.168644 0.341570 2
0.201939 0.039531 0.000943 3
-0.483689 0.211261 -0.053224 1
-0.173701 0.363625 -0.295539 1
0.208239 -0.040734 0.045088 2
-0.082551 0.302096 -0.258850 1
-0.111710 -0.121379 0.237740 2
0.066963 -0.072122 0.170800 2
0.010738 -0.241343 0.513238 2
0.118029 -0.057278 0.095311 2
0.149891 0.050917 -0.053899 3
0.140219 -0.059027 0.127205 2
-0.036025 0.093282 -0.134199 1
0.249830 0.180508 -0.136898 3
-0.139445 0.072537 0.010629 1
0.506070 0.201095 -0.166113 3
0.025538 -0.215482 0.461104 2
0.008565 0.081833 -0.164743 1
-0.164027 0.109527 -0.004300 1
0.188341 -0.044963 0.087215 2
-0.070678 -0.108019 -0.060599 4
-0.397388 0.121832 0.074045 1
-0.386123 0.410350 -0.264663 1
-0.049914 -0.139594 -0.105372 4
0.175627 -0.055825 0.134865 2
0.274531 -0.029173 0.073507 2
-0.044373 0.146953 -0.166320 1
0.350593 0.123219 -0.098919 3
-0.041106 -0.272596 -0.192580 0
-0.120947 0.045626 0.007707 1
-0.475995 0.352164 -0.157181 1
-0.092293 -0.524393 -0.332731 0
-0.293811 0.399782 -0.279471 1
0.088294 -0.254948 0.548326 2
-0.173040 0.137587 -0.025913 1
0.177448 -0.039714 0.044029 2
-0.018570 -0.233999 0.495339 2
-0.020769 -0.127438 0.308884 2
0.473118 0.237957 -0.207692 3
0.333426 0.032128 -0.063650 3
0.167263 -0.093788 0.243045 2
0.286597 0.190432 -0.130057 3
-0.058957 0.268330 -0.261718 1
0.268534 0.215054 -0.159832 3
0.192805 -0.057410 0.123951 2
0.136246 -0.107728 0.286803 2
0.110606 0.136628 -0.129202 3
0.177436 -0.268999 0.563901 2
0.381416 0.024908 -0.093909 3
0.018746 -0.165958 -0.040714 4
0.398232 0.170769 -0.128603 3
0.388418 0.100298 -0.110178 3
0.306394 0.165377 -0.108927 3
-0.247545 0.099436 0.053487 1
-0.061600 -0.473715 -0.293169 0
-0.057179 -0.402138 -0.254476 0
-0.126605 0.037461 0.025106 1
-0.171477 0.072072 0.040369 1
0.130223 0.076674 -0.072129 3
-0.469397 0.187568 -0.009635 1
-0.439006 0.288590 -0.104598 1
-0.172343 0.175831 -0.066322 1
0.140316 0.148109 -0.192666 3
0.190492 0.020100 0.011533 3
-0.445151 0.360108 -0.168905 1
0.342599 0.222051 -0.164481 3
0.050429 -0.081881 -0.070642 0
-0.069702 -0.207626 0.419996 2
-0.070646 -0.567084 -0.352550 0
-0.103836 -0.133057 0.279825 2
-0.293020 0.153301 0.021439 1
-0.385462 0.239177 -0.057014 1
0.212954 0.181201 -0.148653 3
0.107457 0.113655 -0.095812 3
-0.008514 -0.187541 -0.094008 4
0.311607 -0.202552 0.391246 2
0.433592 0.237930 -0.202642 3
0.239559 0.205509 -0.260676 3
0.040020 -0.260547 0.513285 2
-0.374486 0.297154 -0.109492 1
0.070026 -0.016385 -0.060575 3
0.362979 0.244138 -0.184889 3
-0.003154 0.058676 -0.146966 1
-0.067035 -0.342380 -0.237010 0
0.458183 0.214443 -0.170446 3
-0.060539 -0.291988 -0.181195 0
0.295547 0.273817 -0.210776 3
-0.201600 0.170544 -0.039999 1
-0.007404 -0.082678 0.205386 2
0.338546 0.301064 -0.227654 3
-0.487939 0.229977 -0.039170 1
-0.355447 0.121160 0.053058 1
0.215313 0.186461 -0.247192 3
0.468613 0.157966 -0.141074 3
0.107524 -0.147802 0.380182 2
-0.257416 0.367205 -0.229468 1
0.087681 -0.081209 0.032832 2
-0.053749 -0.198428 0.403565 2
0.142525 -0.075369 0.196068 2
-0.020717 -0.142619 -0.087919 4
-0.173891 0.256405 -0.145972 1
0.113194 0.016066 -0.018868 3
-0.408325 0.191776 -0.010089 1
0.329072 0.064535 -0.071475 3
-0.017943 -0.139578 0.322571 2
0.190191 -0.099607 0.248398 2
-0.501965 0.348409 -0.164080 1
-0.080971 0.189590 -0.162900 1
0.047610 -0.123754 0.319792 2
0.127481 -0.152000 0.392813 2
0.129879 -0.049549 0.019698 2
0.334868 -0.180866 0.322830 2
0.128682 -0.130909 0.345955 2
0.276196 -0.137517 0.279596 2
-0.272620 0.329435 -0.179927 1
-0.164423 0.049916 0.067134 1
0.352298 0.028272 -0.082556 3
0.348002 0.064484 -0.086095 3
0.235474 0.206350 -0.204041 3
-0.267218 0.396907 -0.268198 1
-0.018147 0.178500 -0.214005 1
0.193471 0.087732 -0.068829 3
0.210248 0.060071 -0.021876 3
0.184900 0.056021 -0.021023 3
-0.062227 -0.310569 -0.203904 0
-0.328015 0.397306 -0.250249 1
0.392599 0.253922 -0.203188 3
0.063923 -0.203473 0.456910 2
-0.113231 -0.678880 -0.395027 0
0.020570 -0.086361 0.231986 2
-0.017372 -0.226403 0.468100 2
0.077556 -0.029970 -0.079143 3
0.344563 0.278038 -0.204852 3
0.276514 0.095341 -0.060074 3
-0.105680 -0.093796 -0.004306 4
-0.417791 0.225986 -0.046410 1
-0.042568 -0.172036 -0.138381 0
-0.025707 0.144523 -0.186037 1
0.408884 0.188101 -0.138999 3
-0.302310 0.093588 0.081528 1
0.001792 -0.157274 0.358454 2
-0.026415 -0.085025 0.172704 2
0.241351 0.086616 -0.049870 3
-0.145210 -0.736662 -0.412100 0
0.358030 0.159081 -0.114260 3
0.052544 -0.232928 0.499845 2
-0.055853 -0.091168 0.203640 2
-0.135432 -0.755851 -0.447882 0
-0.353843 0.348097 -0.170511 1
-0.096479 -0.548296 -0.365353 0
-0.514717 0.327165 -0.147949 1
-0.137430 0.150954 -0.068715 1
0.253075 -0.063330 0.138833 2
-0.423597 0.253685 -0.060973 1
-0.495908 0.367702 -0.189941 1
-0.038300 0.284735 -0.257923 1
0.094484 -0.169844 0.412875 2
0.276691 -0.003422 0.034315 3
-0.111258 -0.768436 -0.456715 0
-0.010701 -0.177397 0.383021 2
0.115830 -0.065643 0.137523 2
0.229385 -0.202172 0.452328 2
-0.236477 0.397348 -0.276184 1
0.234607 0.174988 -0.129447 3
0.348957 0.173124 -0.125240 3
0.355271 0.304596 -0.253928 3
0.307155 0.136230 -0.089525 3
-0.058451 -0.002998 -0.094914 1
0.032980 -0.240616 0.504448 2
-0.020441 -0.136513 -0.022455 4
-0.082583 -0.464853 -0.299207 0
0.045476 -0.247572 0.527246 2
0.018522 -0.138050 0.007646 2
0.055296 -0.100357 0.047488 2
-0.404320 0.359648 -0.177304 1
0.284357 -0.055162 0.101644 2
-0.112220 0.153260 -0.094314 1
0.039539 -0.157996 0.372578 2
-0.101651 -0.092707 0.172259 2
0.153124 -0.047722 0.086482 2
-0.080407 0.303860 -0.276337 1
-0.098482 -0.497866 -0.309717 0
0.202790 -0.127025 0.297990 2
0.222961 -0.248047 0.533710 2
-0.052767 -0.321748 -0.179355 0
-0.304415 0.324017 -0.161168 1
0.238079 -0.271645 0.550999 2
-0.345301 0.418643 -0.268938 1
-0.439635 0.207271 -0.032546 1
-0.079336 -0.491354 -0.327529 0
0.256771 0.253300 -0.237634 3
-0.103979 -0.114633 0.221558 2
-0.270769 0.203270 -0.038179 1
0.297413 -0.249776 0.497569 2
0.199083 0.119818 -0.082896 3
-0.250701 0.205416 -0.052726 1
-0.017912 -0.077502 0.137786 2
0.068088 -0.073616 0.125749 2
0.402635 0.217001 -0.164443 3
0.325906 -0.232665 0.446951 2
-0.100214 -0.703514 -0.415630 0
0.034655 -0.105534 0.062480 2
-0.037753 0.070143 -0.119403 1
0.053892 -0.044036 -0.064475 0
0.273190 -0.079323 0.168728 2
0.057517 -0.089949 0.254826 2
-0.049489 -0.064849 -0.108921 0
0.131345 0.141079 -0.157513 3
0.149775 0.119794 -0.100321 3
0.306157 0.079607 -0.062822 3
0.293839 -0.231880 0.462696 2
-0.010242 -0.209955 0.437911 2
-0.115670 0.311087 -0.253052 1
-0.351849 0.230632 -0.045731 1
-0.099637 0.258663 -0.211642 1
0.014981 -0.229132 0.476937 2
-0.034380 -0.262492 -0.166321 0
0.183430 -0.254663 0.557094 2
0.224888 0.143974 -0.106591 3
0.125693 0.131419 -0.117721 3
-0.410033 0.401066 -0.241599 1
0.178056 -0.051866 0.117053 2
-0.089887 -0.075585 0.139217 2
-0.228774 0.372120 -0.254887 1
-0.084224 -0.071459 0.116333 2
-0.081442 -0.117834 0.254984 2
0.289035 -0.103033 0.206339 2
-0.042490 -0.078872 -0.118274 0
0.320348 0.155950 -0.109878 3
-0.203438 0.272496 -0.144560 1
-0.096208 -0.164878 0.339760 2
-0.084708 -0.143822 0.306010 2
-0.045526 0.217072 -0.218039 1
-0.018975 -0.090029 0.091461 2
0.160834 -0.074184 0.191586 2
-0.114434 -0.505038 -0.292467 0
-0.133524 -0.108424 0.196968 2
0.300589 0.264683 -0.187843 3
-0.100112 0.122363 -0.082704 1
-0.084723 0.074149 -0.077056 1
-0.455268 0.264172 -0.076355 1
0.078771 -0.259387 0.567850 2
0.154227 -0.057812 0.136308 2
0.215474 0.086793 -0.057926 3
0.314127 0.208572 -0.145650 3
0.172726 -0.065491 0.164970 2
0.216185 0.105578 -0.077623 3
-0.116849 0.032120 -0.001249 1
-0.071466 -0.404517 -0.225600 0
-0.042822 -0.112865 -0.091510 4
-0.122421 -0.609768 -0.377701 0
-0.221144 0.226297 -0.089503 1
-0.217502 0.307412 -0.176773 1
-0.183003 0.379398 -0.277569 1
-0.088528 0.030429 -0.056341 1
-0.350947 0.247493 -0.060333 1
-0.511639 0.270433 -0.079435 1
0.268057 0.050842 -0.024431 3
0.104062 -0.058945 0.048877 2
0.337271 -0.165765 0.294011 2
-0.093808 -0.203490 0.416742 2
-0.064994 -0.126791 0.282170 2
-0.063239 0.216401 -0.201875 1
-0.014982 -0.222440 -0.095444 4
0.001176 -0.191371 0.413595 2
0.199267 0.176051 -0.156527 3
0.062288 -0.062280 -0.085017 3
0.321149 0.106588 -0.082048 3
0.061510 -0.006982 -0.077893 0
-0.195246 0.081821 0.045273 1
-0.389920 0.343143 -0.152158 1
-0.107104 -0.542663 -0.350326 0
0.304774 -0.072445 0.154855 2
-0.074865 -0.552830 -0.345272 0
-0.133694 -0.707021 -0.456705 0
-0.309685 0.253248 -0.077763 1
-0.006262 -0.188069 -0.071292 4
-0.093666 -0.676348 -0.422652 0
0.122054 -0.282410 0.564262 2
-0.051128 -0.215120 -0.148729 0
0.175263 -0.132825 0.321328 2
-0.059409 -0.539651 -0.332753 0
0.333923 0.254139 -0.178502 3
-0.127023 -0.792679 -0.454594 0
-0.239784 0.164892 -0.008258 1
0.005460 -0.105924 0.075751 2
0.426611 0.223241 -0.182024 3
0.133049 -0.124221 0.319618 2
-0.021758 0.057051 -0.129392 1
0.299546 0.225928 -0.168242 3
0.021588 -0.140930 -0.017264 2
0.367183 0.293849 -0.240130 3
0.115510 -0.094856 0.261624 2
-0.208109 0.353201 -0.240143 1
-0.027336 -0.218146 -0.148383 0
-0.036026 -0.310422 -0.190933 0
-0.353910 0.285997 -0.103389 1
0.190135 0.068945 -0.046139 3
-0.018834 -0.225237 -0.130021 0
0.269414 0.007928 0.009310 3
0.208868 -0.058097 0.134769 2
0.011739 -0.092364 -0.096163 0
0.241560 0.123274 -0.089362 3
-0.116821 0.198870 -0.130537 1
0.151751 -0.036435 0.046067 2
-0.270850 0.184017 -0.010793 1
-0.112252 -0.081108 0.150179 2
-0.433925 0.237732 -0.048547 1
-0.153730 0.124795 -0.032772 1
0.225959 -0.079122 0.190226 2
-0.384868 0.377445 -0.205323 1
0.199641 0.155334 -0.123083 3
-0.094532 -0.091993 0.135081 2
-0.060995 -0.123074 -0.117205 0
-0.102124 0.057265 -0.039390 1
-0.408641 0.139154 0.039050 1
-0.420302 0.206692 -0.023156 1
-0.046915 -0.339487 -0.207058 0
-0.387688 0.140064 0.039095 1
-0.005741 -0.081139 0.170971 2
-0.460673 0.269937 -0.090501 1
0.164559 0.154852 -0.161768 3
0.142786 -0.099499 0.263856 2
-0.042471 -0.354406 -0.215080 0
-0.385740 0.171683 0.006593 1
0.141527 -0.202032 0.480429 2
-0.099575 -0.686293 -0.434940 0
0.156623 -0.271158 0.567281 2
-0.109361 0.239003 -0.181718 1
0.043578 -0.145480 0.354044 2
-0.364286 0.256021 -0.073572 1
-0.211366 0.166874 -0.026396 1
0.312972 0.235002 -0.165190 3
-0.273929 0.120447 0.047966 1
-0.064487 -0.217669 0.448943 2
-0.026891 0.028156 -0.110579 1
-0.146458 0.271328 -0.185755 1
-0.049730 -0.107269 -0.042437 4
0.357701 -0.156766 0.286687 2
0.134434 -0.077398 0.212050 2
-0.118520 0.106957 -0.056037 1
-0.043828 -0.079768 0.118245 2
0.161994 0.041978 -0.015704 3
-0.356375 0.339144 -0.154477 1
-0.149798 -0.799101 -0.459716 0
-0.201050 0.397291 -0.293413 1
0.089267 0.127325 -0.124102 3
0.119953 -0.164923 0.415760 2
-0.114716 -0.714216 -0.455338 0
-0.320940 0.232812 -0.055598 1
0.289172 0.061248 -0.047369 3
-0.301268 0.172426 -0.000987 1
-0.061118 -0.099937 -0.071319 4
-0.120266 -0.634776 -0.418554 0
-0.080472 -0.178505 0.362035 2
0.310383 -0.240720 0.474835 2
0.255624 -0.262596 0.533829 2
-0.142035 0.025341 0.054931 1
-0.070916 -0.365254 -0.251331 0
-0.046359 0.003618 -0.103110 1
-0.354632 0.311693 -0.122103 1
0.169986 0.072084 -0.053119 3
-0.160683 0.347124 -0.275098 1
0.228566 -0.237065 0.514153 2
0.286901 0.035309 -0.030026 3
0.152182 -0.232328 0.526393 2
0.222009 -0.040937 0.062594 2
-0.083599 0.136176 -0.107173 1
-0.368239 0.365027 -0.196304 1
0.141017 -0.251845 0.547467 2
-0.115633 -0.101384 0.156345 2
0.068933 -0.245248 0.523277 2
-0.053797 0.146814 -0.152480 1
0.082178 -0.073403 0.195387 2
-0.115600 -0.753099 -0.451401 0
0.399954 0.155948 -0.123203 3
0.030817 -0.068888 -0.079714 0
0.436554 0.210604 -0.160435 3
0.032571 -0.073988 0.173126 2
0.079140 -0.078561 0.053680 2
-0.014004 -0.151636 -0.028961 4
-0.111224 -0.628651 -0.371823 0
0.225317 0.197808 -0.242517 3
0.341323 -0.206831 0.382869 2
-0.145849 0.053234 0.040298 1
0.143828 -0.042372 0.021722 2
0.251864 0.155213 -0.105199 3
0.224732 0.189608 -0.172323 3
0.149211 0.152026 -0.177026 3
-0.047535 -0.107654 -0.106904 0
-0.421441 0.346291 -0.151550 1
0.047697 -0.089840 -0.093408 0
0.154457 0.098698 -0.077558 3
-0.109041 -0.704852 -0.429794 0
0.236723 -0.197592 0.436325 2
-0.306455 0.388185 -0.240714 1
-0.025356 -0.277326 -0.174006 0
-0.401069 0.249035 -0.056249 1
-0.136393 0.121700 -0.049255 1
0.334898 -0.126312 0.220245 2
0.278578 0.260785 -0.236161 3
-0.126841 -0.146941 0.295613 2
-0.293741 0.372378 -0.216871 1
-0.199143 0.060484 0.067223 1
0.162080 -0.248588 0.545386 2
-0.086744 0.005636 -0.061151 1
0.038674 -0.077013 0.201447 2
-0.091001 -0.101194 0.196753 2
0.291455 -0.185953 0.375614 2
0.141834 0.134038 -0.111725 3
0.254082 0.133496 -0.085763 3
-0.087641 -0.487067 -0.306479 0
0.090315 -0.187655 0.438764 2
-0.014984 -0.147325 -0.070639 4
0.341998 -0.118500 0.201017 2
0.224370 -0.264306 0.552084 2
-0.008350 0.157382 -0.211921 1
0.410556 0.062645 -0.116760 3
-0.380669 0.274386 -0.079654 1
0.230973 0.135529 -0.092498 3
-0.079426 -0.088958 -0.037144 4
0.317665 0.282754 -0.209145 3
-0.168649 0.284287 -0.185041 1
0.330201 -0.105281 0.188094 2
-0.129192 -0.117489 0.237712 2
0.225850 -0.111369 0.255437 2
0.128506 -0.067363 0.171718 2
-0.063727 -0.189583 0.383719 2
-0.185763 0.298247 -0.191297 1
0.236569 -0.088715 0.204997 2
-0.095201 -0.608636 -0.365053 0
-0.153299 -0.850956 -0.483472 0
-0.220554 0.062800 0.084748 1
-0.448090 0.194688 -0.012537 1
-0.014234 0.101355 -0.163629 1
-0.047216 -0.117702 -0.129050 0
-0.429540 0.157558 0.011794 1
-0.106938 -0.626272 -0.390795 0
0.158970 -0.049774 0.100660 2
-0.042749 -0.115236 -0.057657 4
-0.082761 0.239424 -0.205892 1
0.018475 -0.116524 0.039483 2
-0.355940 0.139727 0.041182 1
-0.124270 -0.727052 -0.439258 0
0.041809 -0.086762 0.119751 2
-0.041484 -0.127938 -0.099798 4
0.314299 -0.145233 0.269549 2
0.091938 -0.068825 0.069219 2
-0.036221 -0.300123 -0.172987 0
-0.041224 -0.114737 -0.010626 4
0.327144 -0.220273 0.421154 2
-0.023827 -0.129310 -0.002754 4
0.198771 0.134782 -0.092127 3
0.184575 -0.062494 0.155628 2
-0.089783 0.217059 -0.177285 1
0.139046 0.021453 0.002487 3
0.182277 0.154948 -0.139831 3
0.174944 0.137595 -0.111981 3
-0.046523 0.232530 -0.228226 1
0.482865 0.249310 -0.223236 3
0.178171 0.060252 -0.041061 3
-0.125502 0.280988 -0.213538 1
-0.118953 0.072219 -0.017365 1
-0.282261 0.160765 0.013104 1
0.386697 0.273861 -0.218808 3
0.126396 -0.243471 0.534315 2
-0.087869 -0.469326 -0.273228 0
-0.016674 0.117048 -0.175575 1
-0.028288 0.168330 -0.196950 1
-0.072637 -0.031324 -0.087230 1
0.148066 -0.136473 0.342321 2
-0.077638 -0.095274 -0.065269 4
-0.179172 0.234236 -0.119133 1
-0.517735 0.269389 -0.105541 1
0.054140 -0.111023 0.035018 2
-0.040550 -0.114212 -0.030136 4
-0.068213 0.304085 -0.263549 1
-0.161746 -0.837348 -0.474261 0
0.160545 -0.118013 0.296182 2
-0.495308 0.307567 -0.125305 1
0.324815 -0.063700 0.139334 2
0.272185 -0.246480 0.506888 2
0.011115 0.101041 -0.180303 1
0.012475 -0.092951 0.089449 2
0.428499 0.175323 -0.137182 3
0.374581 0.236722 -0.178510 3
-0.340338 0.254150 -0.068905 1
-0.004899 -0.135401 0.027932 2
-0.118680 -0.781342 -0.460218 0
-0.053721 0.126259 -0.133206 1
-0.089175 -0.452660 -0.311658 0
-0.350760 0.096677 0.078276 1
-0.287702 0.291053 -0.122548 1
-0.370953 0.403029 -0.248286 1
0.113280 -0.073342 0.201668 2
0.194421 -0.261584 0.565411 2
0.196676 -0.230882 0.520837 2
-0.228198 0.071724 0.069929 1
-0.269457 0.085164 0.080250 1
0.001566 -0.108461 0.272292 2
-0.230646 0.187815 -0.039293 1
-0.201081 0.188088 -0.061065 1
-0.131933 -0.766029 -0.463968 0
-0.377172 0.118914 0.070759 1
-0.119838 -0.501213 -0.309074 0
0.206402 0.076033 -0.037374 3
-0.537013 0.277656 -0.096219 1
-0.011271 -0.097884 0.241686 2
-0.049898 -0.257724 -0.172994 0
-0.243581 0.117173 0.039330 1
0.122453 0.112730 -0.094807 3
0.319119 0.263333 -0.192116 3
-0.076497 -0.427879 -0.284199 0
0.271705 -0.104700 0.213155 2
0.076212 -0.001656 -0.043392 3
-0.062250 -0.098690 0.222124 2
0.262367 0.248231 -0.201830 3
0.252627 -0.006060 0.063836 2
0.306365 -0.084944 0.172852 2
-0.136228 0.221237 -0.136874 1
-0.081584 -0.587187 -0.360691 0
0.400713 0.301698 -0.242824 3
0.147701 0.041588 -0.041754 3
-0.438791 0.156844 0.034065 1
0.083044 -0.147718 0.370518 2
-0.400951 0.288395 -0.091752 1
-0.064203 -0.073460 0.112062 2
-0.079327 0.170595 -0.145669 1
-0.268069 0.271183 -0.109186 1
0.326756 -0.094610 0.166346 2
0.361159 0.271322 -0.201001 3
0.105792 -0.064910 0.122507 2
-0.372459 0.232411 -0.043878 1
-0.184126 0.266326 -0.150364 1
-0.482852 0.313335 -0.134573 1
0.047841 -0.097345 0.063033 2
0.105033 -0.065441 0.027758 2
-0.102257 0.304604 -0.252723 1
-0.109088 0.075302 -0.046177 1
-0.334299 0.229087 -0.048367 1
-0.106269 0.321878 -0.266220 1
-0.144050 -0.734939 -0.433537 0
0.125199 0.028359 -0.027887 3
0.037385 -0.221427 0.473519 2
-0.015988 -0.137677 -0.103538 4
0.043443 -0.181234 0.420881 2
0.484835 0.175634 -0.147556 3
0.111020 -0.083196 0.230272 2
0.280900 -0.091029 0.188444 2
-0.079108 0.040771 -0.072413 1
0.451547 0.192369 -0.145530 3
0.174849 0.118202 -0.093189 3
-0.084637 -0.617187 -0.384152 0
0.268002 0.026309 -0.007265 3
-0.060399 -0.337635 -0.220073 0
-0.128539 0.332286 -0.268507 1
0.236359 -0.039049 0.091128 2
-0.323345 0.339733 -0.169330 1
0.140790 -0.271264 0.574582 2
-0.098232 0.020834 -0.039419 1
0.143279 0.083613 -0.072430 3
-0.397853 0.201520 -0.016593 1
0.033627 -0.165296 0.388223 2
0.313363 -0.158944 0.293483 2
-0.083684 -0.088116 -0.006652 4
0.007315 -0.147903 -0.031267 4
0.185087 -0.127274 0.308491 2
0.261703 -0.056522 0.124008 2
0.309305 0.021468 -0.037564 3
0.011452 -0.139905 0.338263 2
-0.053353 -0.389855 -0.247244 0
0.375220 0.270573 -0.210114 3
-0.070103 -0.488086 -0.297796 0
-0.483592 0.292581 -0.111478 1
-0.193192 0.126766 0.001782 1
0.123274 -0.055164 0.081172 2
-0.113507 0.280685 -0.222492 1
-0.084910 -0.565104 -0.339124 0
-0.028759 -0.181503 -0.125775 4
-0.281825 0.070955 0.085869 1
-0.117299 0.083410 -0.036323 1
0.201427 -0.045381 0.094600 2
0.212173 -0.099591 0.241037 2
-0.403214 0.302081 -0.105913 1
0.277779 0.250899 -0.202316 3
-0.039963 -0.234186 -0.145228 0
0.068449 -0.259089 0.550363 2
-0.107714 -0.521194 -0.349317 0
-0.304722 0.408907 -0.283010 1
-0.086690 -0.511066 -0.328716 0
-0.091961 -0.428026 -0.304337 0
0.375849 0.105845 -0.105132 3
0.001994 -0.216916 0.453337 2
-0.179222 0.348962 -0.257552 1
-0.344085 0.390543 -0.230642 1
0.237292 0.049114 -0.006368 3
0.494827 0.233570 -0.200372 3
-0.408007 0.153481 0.026443 1
-0.126267 -0.687507 -0.370770 0
-0.024006 -0.252086 -0.146383 0
-0.366320 0.328270 -0.135115 1
0.232057 -0.096857 0.222956 2
0.091923 -0.269862 0.553394 2
-0.387705 0.130784 0.052362 1
-0.147489 0.062504 0.029193 1
-0.122885 -0.677408 -0.432305 0
-0.327244 0.333145 -0.154883 1
-0.301134 0.214412 -0.042423 1
-0.046372 0.096460 -0.124486 1
-0.065567 -0.112224 0.250182 2
-0.075138 0.273936 -0.242483 1
-0.055380 -0.109147 -0.081644 4
-0.072445 -0.399820 -0.263684 0
-0.242963 0.254379 -0.110832 1
0.296178 0.157316 -0.102021 3
-0.213892 0.108367 0.031438 1
0.314764 0.195796 -0.135134 3
0.011108 -0.124901 0.311616 2
-0.313152 0.236129 -0.067751 1
-0.094521 -0.477262 -0.328202 0
-0.250342 0.187427 -0.026706 1
-0.140271 -0.859059 -0.484969 0
-0.139131 -0.115465 0.248231 2
0.139705 -0.211570 0.493818 2
0.453219 0.161456 -0.138124 3
-0.217629 0.377323 -0.266546 1
0.293712 -0.203168 0.407131 2
0.316707 -0.117524 0.221044 2
0.316507 0.172874 -0.116061 3
-0.154894 0.148533 -0.053960 1
-0.032320 -0.227093 0.474285 2
0.046367 -0.113635 0.019804 2
0.018163 -0.145949 -0.105802 0
0.484366 0.132004 -0.136567 3
-0.198756 0.094548 0.035675 1
0.283298 -0.120272 0.238577 2
0.322378 -0.181449 0.335302 2
-0.048418 -0.089133 0.173445 2
-0.229039 0.239779 -0.096553 1
-0.103204 -0.167632 0.325578 2
-0.313645 0.140860 0.030973 1
0.390914 0.126511 -0.113923 3
-0.130633 -0.102925 0.220906 2
0.160545 0.059996 -0.057379 3
0.119794 -0.223443 0.507542 2
-0.045617 -0.100729 -0.029517 4
-0.354392 0.376501 -0.203552 1
0.194038 -0.239785 0.535247 2
0.077029 -0.137381 0.348732 2
-0.512759 0.361069 -0.178785 1
0.246065 -0.040396 0.068923 2
0.024854 -0.105826 -0.083716 0
0.267599 0.224764 -0.170382 3
0.099512 0.029299 -0.049273 3
0.296937 -0.222585 0.443564 2
-0.101422 -0.557140 -0.322335 0
-0.288786 0.335184 -0.175111 1
-0.003272 -0.130003 -0.102816 0
0.363016 0.077859 -0.096140 3
0.253216 0.061157 -0.027011 3
0.115369 0.138792 -0.157504 3
-0.064415 0.074959 -0.096187 1
-0.251485 0.337793 -0.193661 1
-0.097016 -0.180086 0.366958 2
0.436754 0.141193 -0.131328 3
-0.024978 -0.205054 0.424003 2
0.430320 0.124036 -0.127241 3
-0.052118 -0.324302 -0.208260 0
0.223950 -0.053182 0.114105 2
0.101437 0.098417 -0.074501 3
0.220517 0.125749 -0.086071 3
-0.067394 -0.430222 -0.268076 0
-0.459786 0.325403 -0.136854 1
-0.007976 0.088614 -0.165404 1
-0.035222 -0.219976 0.454923 2
-0.465337 0.213537 -0.025475 1
-0.006932 -0.159112 -0.069828 4
0.392003 0.086208 -0.111142 3
0.172257 -0.165353 0.405127 2
-0.300804 0.226495 -0.056515 1
0.013415 -0.135665 0.022404 2
-0.246173 0.312119 -0.163915 1
0.279361 -0.131960 0.264353 2
-0.304030 0.345887 -0.186152 1
-0.198698 0.071532 0.058202 1
-0.398443 0.113084 0.062829 1
0.207266 0.185726 -0.186165 3
0.087040 -0.073248 0.137321 2
0.271340 -0.212967 0.440089 2
0.303747 0.177028 -0.126721 3
0.032749 -0.126686 0.321794 2
-0.035459 0.135882 -0.167286 1
-0.113682 -0.574923 -0.370227 0
-0.430649 0.376134 -0.199507 1
0.254352 0.199246 -0.161049 3
-0.293498 0.302255 -0.139349 1
-0.008678 0.135526 -0.188521 1
-0.495976 0.238165 -0.068062 1
-0.259896 0.168383 -0.004460 1
-0.323237 0.176036 0.002310 1
-0.254024 0.077376 0.075979 1
-0.051563 -0.201915 -0.143539 0
0.126278 0.021335 -0.015600 3
0.093341 -0.089906 0.255723 2
0.072525 -0.098353 0.024058 2
0.007342 -0.108501 -0.093098 0
-0.084481 -0.378789 -0.265903 0
-0.147704 0.313870 -0.235689 1
-0.032061 -0.126716 -0.063897 4
0.355825 -0.173628 0.287908 2
-0.267496 0.284736 -0.123226 1
0.224027 -0.038290 0.084233 2
0.254454 -0.223799 0.480578 2
0.374919 0.209498 -0.156784 3
0.332687 0.279461 -0.197308 3
-0.114349 -0.655420 -0.392231 0
0.251760 0.233687 -0.245074 3
-0.293622 0.139308 0.034925 1
0.013169 -0.188982 -0.067945 4
-0.082479 -0.163073 0.335432 2
-0.214733 0.336636 -0.212997 1
-0.055656 -0.114400 0.010093 4
0.327104 0.045401 -0.063223 3
-0.149340 -0.753562 -0.447014 0
0.130271 -0.138121 0.359177 2
-0.524603 0.292905 -0.104020 1
0.206110 0.053132 -0.010307 3
-0.271714 0.132803 0.033514 1
-0.048610 -0.080235 0.145910 2
0.242534 -0.073147 0.163038 2
0.262471 0.170138 -0.124120 3
-0.339704 0.268776 -0.083371 1
-0.116775 -0.715383 -0.435056 0
-0.291051 0.195895 -0.022864 1
-0.399490 0.225393 -0.036184 1
0.444095 0.122018 -0.131810 3
-0.206199 0.369195 -0.265510 1
0.306816 0.101885 -0.071984 3
-0.489916 0.257425 -0.073572 1
-0.236549 0.065253 0.090895 1
0.142621 -0.061538 0.143309 2
0.247248 -0.140739 0.309282 2
-0.317276 0.085026 0.076262 1
0.200905 0.183130 -0.233319 3
0.242166 -0.067535 0.149855 2
0.169272 0.088892 -0.077133 3
-0.031556 -0.228169 -0.135191 4
0.243356 -0.113621 0.247297 2
0.041620 -0.036499 -0.083708 0
0.276423 0.169350 -0.121958 3
-0.260039 0.123768 0.036421 1
-0.001054 -0.164719 -0.047157 4
-0.225318 0.297258 -0.158517 1
0.347267 -0.138791 0.233932 2
-0.362479 0.103260 0.072504 1
-0.048802 0.201937 -0.203624 1
-0.128255 0.249567 -0.175917 1
-0.095357 -0.645699 -0.402283 0
-0.091164 -0.541052 -0.331121 0
-0.232635 0.222361 -0.082516 1
-0.438356 0.174786 0.008117 1
-0.164728 0.031236 0.057754 1
-0.023613 -0.295781 -0.167767 0
0.077110 -0.184393 0.435469 2
0.145175 0.140024 -0.211868 3
0.223192 0.201628 -0.208780 3
-0.397904 0.331251 -0.134622 1
-0.049724 0.060262 -0.106516 1
0.171432 0.167583 -0.203416 3
0.061733 -0.081858 0.105100 2
-0.136211 0.317381 -0.247763 1
0.220950 -0.174005 0.399839 2
0.132064 -0.176508 0.435593 2
-0.010389 -0.122068 0.301243 2
-0.095389 0.283740 -0.238259 1
0.145941 0.145938 -0.145328 3
0.467228 0.121994 -0.129612 3
-0.303084 0.161127 0.015237 1
-0.099733 -0.499842 -0.339464 0
-0.028067 0.202326 -0.225190 1
-0.110270 0.258152 -0.202665 1
-0.084705 -0.457393 -0.266798 0
-0.464367 0.385957 -0.211174 1
0.031981 -0.093878 -0.077838 0
0.261279 -0.033687 0.078004 2
0.111882 0.078721 -0.073863 3
0.053228 -0.258298 0.541019 2
0.438098 0.194682 -0.148165 3
0.078990 -0.083071 0.235484 2
-0.029894 0.009679 -0.122715 1
0.000408 -0.119155 0.050188 2
0.300387 0.296304 -0.231741 3
0.275417 0.188727 -0.139488 3
-0.223747 0.286440 -0.148906 1
-0.417363 0.173209 0.006015 1
0.340299 0.144450 -0.105335 3
-0.006405 -0.203742 -0.076064 4
0.285162 0.284073 -0.224684 3
0.221673 0.177461 -0.133787 3
-0.141707 0.288459 -0.209090 1
0.099829 -0.231206 0.514963 2
0.044921 -0.188801 0.432386 2
-0.087998 -0.077572 -0.018229 4
-0.218549 0.316897 -0.186810 1
0.400173 0.105962 -0.114810 3
0.022541 -0.197059 0.431747 2
-0.150631 0.197892 -0.098526 1
-0.027210 -0.130822 -0.084739 4
-0.335499 0.320605 -0.137218 1
-0.075523 -0.192269 0.390422 2
-0.231674 0.152203 0.002589 1
-0.027322 0.188755 -0.215316 1
0.033012 -0.151855 0.362056 2
-0.041335 -0.267292 -0.154876 0
-0.114850 -0.655051 -0.416287 0
0.290359 0.205358 -0.143568 3
0.317189 0.126938 -0.087567 3
0.317327 -0.103395 0.197888 2
-0.492305 0.265661 -0.086746 1
-0.048323 -0.099990 0.232319 2
0.095347 -0.069140 0.105374 2
0.010694 -0.159623 -0.013617 2
-0.234209 0.104938 0.045793 1
-0.097746 0.109465 -0.078147 1
-0.080418 -0.113516 0.237230 2
0.362575 0.110299 -0.099694 3
0.000334 -0.081589 0.119013 2
-0.027517 -0.332177 -0.205384 0
0.012583 -0.239324 0.499172 2
