-0.080030 0.150031 0.011695 7
-0.032224 0.151852 0.024956 7
-0.105536 0.158904 0.045969 7
-0.065857 0.166995 0.030079 7
-0.055156 0.139370 0.017894 7
-0.016768 0.130635 0.016881 7
-0.088109 0.165611 0.027678 7
-0.102450 0.151062 0.028761 7
-0.037833 0.132360 0.020187 7
-0.044872 0.161090 0.016219 7
-0.047499 0.146392 0.032600 7
-0.064571 0.153450 0.017109 7
-0.015147 0.150346 0.031496 7
-0.042766 0.144743 0.011508 7
-0.063809 0.153379 0.032411 7
-0.034893 0.139970 0.031719 7
-0.023795 0.139176 0.022521 7
-0.092930 0.147407 0.021767 7
-0.080267 0.157940 0.020571 7
-0.077187 0.166699 0.030644 7
-0.029075 0.132294 0.013273 7
-0.097036 0.161432 0.032579 7
-0.056295 0.154700 0.025160 7
