0.220252 0.164927 0.247039 7
0.138459 0.040035 0.137957 7
0.135361 0.164254 0.157204 7
0.066359 0.104209 0.132815 7
0.202384 0.109886 0.175501 7
0.109999 -0.021740 0.121861 7
0.073926 0.034406 0.130723 7
0.188679 0.172936 0.191461 7
0.133025 0.102073 0.138497 7
0.121359 -0.103358 0.170900 7
0.095596 -0.058653 0.160740 7
0.090384 0.147386 0.144120 7
0.164962 0.067733 0.165457 7
0.166289 0.128265 0.156101 7
0.215390 0.141515 0.201485 7
0.098257 0.068537 0.124788 7
0.156061 0.183655 0.182147 7
0.080887 -0.030059 0.138924 7
0.107601 -0.080831 0.192895 7
0.100795 0.118552 0.129042 7
0.190239 0.141399 0.179494 7
0.203322 0.180490 0.224627 7
0.178578 0.098642 0.156684 7
0.063750 0.070545 0.132043 7
0.134443 0.071354 0.133154 7
0.131500 0.136697 0.145896 7
0.171259 0.164520 0.169108 7
0.105656 -0.047774 0.137658 7
0.224025 0.150542 0.225112 7
0.110388 0.091623 0.126042 7
0.097112 0.039820 0.121961 7
0.117836 0.052754 0.130181 7
0.153546 0.082022 0.145393 7
0.154793 0.150391 0.158125 7
0.085972 0.093798 0.125089 7
0.078833 0.055991 0.123062 7
0.154427 0.105220 0.145667 7
0.110723 0.156813 0.141705 7
0.154545 0.061721 0.136962 7
0.110338 0.137555 0.133856 7
0.103023 -0.094827 0.166963 7
0.083152 -0.050161 0.141643 7
0.201121 0.162001 0.203370 7
0.186259 0.116422 0.160705 7
0.120198 0.115652 0.134066 7
0.214462 0.119304 0.187037 7
0.088749 -0.017962 0.127323 7
0.169414 0.174105 0.189832 7
0.176987 0.147693 0.169355 7
0.145150 0.125518 0.145987 7
0.155547 0.038571 0.139551 7
0.191144 0.186468 0.214014 7
0.197770 0.127836 0.172087 7
0.173833 0.114484 0.149004 7
0.114396 0.072599 0.128536 7
0.094510 0.026232 0.131758 7
0.156050 0.171753 0.168624 7
