-0.307402 0.175394 -0.023690 7
0.425806 0.349744 0.309672 10
0.108280 0.161937 -0.224352 8
-0.112094 0.218959 0.246144 9
0.210895 0.224797 0.197244 10
-0.093380 0.061391 -0.008242 7
0.059552 0.109805 0.241944 9
-0.206058 0.091839 -0.156460 7
0.316115 0.219159 0.380706 10
0.043082 0.022446 -0.142829 8
0.001718 0.201752 0.343633 9
-0.097499 0.001624 -0.142731 7
0.312998 0.296870 0.259710 10
0.192403 0.120648 0.260602 10
-0.192078 0.133295 -0.034174 7
0.023601 0.067802 -0.250058 8
-0.015029 0.181190 0.201025 9
0.062918 0.134491 -0.128985 8
0.256433 0.204778 0.292776 10
0.399577 0.270361 0.360333 10
-0.161156 0.045956 -0.075300 7
-0.012921 -0.055876 -0.123717 8
-0.075040 -0.028134 -0.057013 7
-0.267435 0.117822 -0.080485 7
-0.025941 0.014782 -0.195923 8
-0.077032 0.223198 0.319704 9
0.237641 0.136915 0.338486 10
-0.228742 0.201729 -0.013729 7
-0.097415 -0.085503 -0.106985 7
-0.014261 0.149596 0.272338 9
0.339340 0.257337 0.318140 10
0.065974 0.104985 -0.201236 8
0.226580 0.056669 0.272421 10
0.015938 -0.123839 -0.135263 8
-0.146092 0.054993 -0.149662 7
0.045486 0.160873 0.309982 9
0.075991 0.052437 0.273612 9
0.370128 0.332518 0.257071 10
0.258397 0.252010 0.246669 10
-0.139318 0.096438 -0.040764 7
0.022784 0.083933 -0.126633 8
-0.088226 0.036156 -0.066830 7
0.207596 0.185367 0.246030 10
0.258144 0.202366 0.363960 10
0.021143 0.090339 0.287366 9
0.059795 0.161627 0.197631 9
-0.127851 0.250151 0.297574 9
-0.130986 -0.013123 -0.093176 7
0.313408 0.201132 0.322383 10
-0.054594 0.192030 0.254912 9
0.376022 0.306742 0.317916 10
0.023843 0.055663 -0.190897 8
-0.203313 0.090706 -0.096600 7
-0.143762 0.087480 0.016523 7
0.174785 0.117803 0.333206 10
0.092140 0.176118 -0.171921 8
-0.216872 0.155657 0.016989 7
-0.248575 0.146721 -0.036648 7
0.210440 0.166161 0.300551 10
0.345561 0.263282 0.374125 10
0.117510 0.091651 0.285930 9
0.016927 0.149526 0.227625 9
0.002175 -0.013798 -0.155408 8
-0.003243 0.201716 0.292176 9
-0.275763 0.199014 0.007782 7
0.437728 0.314544 0.343656 10
0.281890 0.251087 0.290966 10
-0.240604 0.128524 -0.120271 7
-0.032564 -0.090470 -0.154275 8
-0.274053 0.174380 -0.067131 7
0.061347 0.115278 0.288758 9
-0.119700 0.029774 -0.108362 7
0.061385 0.076617 -0.151727 8
0.092126 0.167515 0.293976 9
-0.073000 -0.001356 -0.094326 7
0.202502 0.096314 0.304454 10
0.003995 0.045327 -0.112082 8
0.029695 0.078562 -0.082354 8
0.265552 0.176585 0.328117 10
-0.098726 -0.037725 -0.121935 7
0.097257 0.133467 -0.189222 8
-0.165407 0.069981 -0.113297 7
0.241420 0.209641 0.234374 10
0.280338 0.227396 0.330882 10
-0.186473 0.076688 -0.058916 7
-0.124451 0.056809 -0.048117 7
0.088914 0.131816 0.212035 9
-0.040702 0.024068 -0.049434 7
-0.223500 0.097983 -0.059823 7
-0.044750 0.215724 0.293196 9
0.022284 -0.033870 -0.118581 8
-0.169928 0.117870 -0.002479 7
0.340917 0.297626 0.290495 10
0.103250 0.092464 0.227756 9
0.398164 0.328418 0.287296 10
0.034758 0.144155 0.273827 9
-0.052685 0.195408 0.206066 9
-0.084878 0.199668 0.287680 9
0.054346 0.071157 -0.223949 8
-0.055508 0.055965 -0.077958 7
-0.038942 0.176671 0.289202 9
-0.203571 0.173618 -0.025404 7
0.063254 0.129824 -0.168197 8
0.086194 0.129492 -0.228512 8
0.004743 0.030283 -0.215072 8
0.127293 0.176518 -0.188627 8
-0.116170 0.034170 -0.163029 7
-0.268105 0.195704 -0.035562 7
-0.019252 -0.040857 -0.172425 8
0.007267 0.000796 -0.117905 8
-0.047878 0.158691 0.238465 9
-0.078473 0.218532 0.228979 9
0.107934 0.133089 0.287362 9
0.315046 0.234397 0.346635 10
0.032259 0.194840 0.317677 9
0.336132 0.306722 0.232354 10
0.022827 0.119154 0.247929 9
0.282986 0.279359 0.242783 10
0.015099 0.018884 -0.181715 8
0.363746 0.338717 0.294689 10
0.000669 0.070628 -0.221869 8
0.239238 0.180769 0.271486 10
0.207724 0.095190 0.340464 10
-0.237747 0.138073 -0.070284 7
0.367398 0.279441 0.346101 10
-0.156004 0.135724 -0.030931 7
-0.102723 0.230526 0.279247 9
0.209880 0.132717 0.316177 10
-0.004044 -0.100920 -0.116807 8
-0.024844 -0.130573 -0.128121 8
-0.029039 0.207064 0.326784 9
-0.113673 0.013357 -0.076292 7
-0.286788 0.149971 -0.045165 7
0.013640 0.163019 0.191739 9
0.088287 0.106620 0.267889 9
0.324645 0.266975 0.286839 10
-0.115818 0.087380 -0.007821 7
0.193279 0.061740 0.290950 10
-0.057813 0.247411 0.292029 9
0.364050 0.234604 0.371474 10
0.094908 0.074823 0.256065 9
0.286464 0.223728 0.365104 10
0.023383 0.058657 -0.149017 8
-0.016774 0.170966 0.242544 9
0.037432 0.115679 -0.117712 8
0.234741 0.238292 0.216497 10
0.401291 0.304214 0.339657 10
-0.157928 0.037743 -0.123622 7
-0.176992 0.076227 -0.151366 7
0.064579 0.100522 -0.235263 8
0.356031 0.294674 0.261540 10
-0.044835 -0.099319 -0.185557 8
-0.088645 0.193984 0.255687 9
-0.090105 -0.027954 -0.087186 7
-0.130932 0.119399 -0.018542 7
-0.233593 0.101437 -0.097704 7
0.402605 0.329754 0.319380 10
-0.175578 0.105901 -0.035912 7
0.232139 0.167272 0.346991 10
0.177084 0.088279 0.344276 10
-0.132061 0.222416 0.270911 9
0.207580 0.145153 0.273250 10
0.202608 0.170515 0.216828 10
-0.092058 0.055960 -0.039081 7
0.422252 0.292894 0.360025 10
0.100853 0.126740 0.240384 9
-0.118340 0.044905 -0.076267 7
0.283797 0.206605 0.307468 10
0.238531 0.178050 0.306352 10
0.088209 0.149674 -0.156177 8
0.027648 0.051404 -0.224067 8
0.044918 0.136294 0.228310 9
0.043123 0.045378 -0.169035 8
0.004083 -0.043634 -0.147626 8
0.261855 0.214697 0.256858 10
0.048332 0.074020 -0.188528 8
-0.182343 0.144256 0.006883 7
0.073336 0.144159 0.287977 9
0.191253 0.121202 0.291406 10
-0.153745 0.088353 -0.015450 7
-0.212697 0.095350 -0.127228 7
-0.025656 -0.024016 -0.139332 8
0.373064 0.296256 0.286399 10
-0.003865 0.183660 0.316334 9
0.060301 0.093706 0.267358 9
-0.306279 0.192197 0.001176 7
-0.231523 0.121209 -0.042561 7
-0.027862 -0.001552 -0.170801 8
0.015311 0.015323 -0.151693 8
-0.218764 0.147614 -0.033582 7
0.314155 0.238277 0.317096 10
0.297166 0.268471 0.272191 10
-0.145520 0.071037 -0.174554 7
0.015339 -0.063221 -0.128959 8
0.095973 0.161516 -0.197285 8
-0.151698 0.084123 -0.064149 7
0.190358 0.092989 0.271832 10
-0.089361 -0.057111 -0.102351 7
-0.130905 0.032226 -0.138125 7
0.208988 0.196896 0.204560 10
-0.140697 0.020250 -0.083769 7
0.048307 0.102262 -0.151180 8
0.092123 0.072355 0.286709 9
-0.015133 0.043047 -0.133337 8
-0.113084 -0.001017 -0.112039 7
-0.102276 0.236414 0.317055 9
0.266334 0.230007 0.302411 10
0.256026 0.203385 0.326398 10
0.341132 0.265927 0.345199 10
0.196090 0.074128 0.325358 10
-0.249927 0.179867 -0.021074 7
-0.231902 0.163325 -0.005484 7
-0.083415 0.007276 -0.069869 7
-0.257296 0.122289 -0.054842 7
0.352572 0.291584 0.315027 10
0.265986 0.237424 0.272267 10
-0.194627 0.116160 -0.149876 7
-0.032764 0.188962 0.224104 9
-0.100712 -0.000309 -0.169949 7
-0.254165 0.146832 -0.090467 7
0.014451 0.051877 -0.087717 8
0.377520 0.262722 0.374141 10
0.020754 0.164001 0.285488 9
-0.261170 0.111630 -0.105853 7
0.024735 -0.013331 -0.141021 8
-0.058236 0.194451 0.301492 9
-0.130671 0.074404 -0.025326 7
-0.187970 0.073449 -0.127559 7
0.338336 0.232439 0.384907 10
-0.027918 0.196437 0.302908 9
0.303507 0.291304 0.232046 10
-0.036987 0.229143 0.314051 9
0.081852 0.095880 0.242055 9
0.269167 0.275019 0.264093 10
0.095259 0.036983 0.266306 9
-0.147334 0.045092 -0.096953 7
-0.263729 0.145073 -0.066716 7
-0.076402 0.230223 0.287935 9
0.075332 0.162354 0.312590 9
0.031875 0.204880 0.341184 9
-0.002897 0.001058 -0.184207 8
-0.015058 0.219430 0.305858 9
-0.065218 -0.024523 -0.116240 7
-0.014040 0.179305 0.285832 9
0.006316 0.135619 0.268490 9
-0.058402 0.184015 0.231377 9
0.237124 0.205241 0.266575 10
-0.251477 0.193130 0.007135 7
0.000807 0.157600 0.254106 9
0.000336 -0.027444 -0.129074 8
0.035601 0.082970 -0.160207 8
-0.203355 0.115858 -0.047597 7
0.090005 0.110129 -0.213664 8
-0.220551 0.121440 -0.076190 7
-0.055261 0.013249 -0.065871 7
-0.024408 -0.071837 -0.140665 8
-0.090115 -0.015286 -0.125971 7
-0.136951 0.060550 -0.075270 7
-0.104726 0.037613 -0.048756 7
0.022009 -0.001584 -0.167807 8
0.035537 0.111072 0.266885 9
0.316451 0.242643 0.375029 10
0.104490 0.136332 -0.212002 8
0.118904 0.101836 0.243357 9
0.081556 0.109906 0.218508 9
0.137961 0.168743 -0.208651 8
0.382914 0.286039 0.327845 10
-0.103188 0.251383 0.298371 9
0.338914 0.243512 0.353263 10
-0.107774 -0.012514 -0.082603 7
-0.070837 -0.074971 -0.113798 7
0.221364 0.164974 0.271205 10
-0.033212 -0.059136 -0.166195 8
0.029862 0.156905 0.207972 9
0.009003 0.034498 -0.139273 8
-0.087093 0.059776 -0.065648 7
0.100284 0.147689 0.304279 9
0.061547 0.080180 -0.128507 8
-0.166265 0.068808 -0.076257 7
-0.072756 -0.041483 -0.095261 7
-0.030326 -0.113704 -0.154405 8
0.356376 0.270359 0.327772 10
0.062611 0.143620 0.215390 9
0.182177 0.089303 0.314960 10
0.017871 0.185596 0.292663 9
-0.263312 0.202592 -0.014240 7
-0.003432 -0.088028 -0.135728 8
0.196074 0.148331 0.244406 10
-0.107169 0.031277 -0.142217 7
-0.012060 -0.000240 -0.130041 8
0.015623 0.058197 -0.126905 8
0.178115 0.061235 0.313495 10
0.296075 0.237826 0.303215 10
0.226836 0.190664 0.291496 10
0.115388 0.118554 0.303112 9
0.060568 0.121115 -0.110820 8
-0.191414 0.089119 -0.077188 7
0.222794 0.221272 0.228970 10
-0.086827 0.032873 -0.035791 7
0.033020 0.141749 0.251432 9
0.034501 0.070683 -0.213251 8
0.330812 0.277284 0.312011 10
0.337281 0.283277 0.256605 10
0.208809 0.107919 0.286339 10
0.222054 0.148281 0.326752 10
-0.292307 0.191788 -0.021540 7
0.043855 0.181151 0.331004 9
0.067789 0.156572 -0.162077 8
0.117571 0.073656 0.272230 9
-0.262133 0.162567 -0.052387 7
-0.140971 0.223944 0.291309 9
0.238788 0.241522 0.246044 10
0.241362 0.164283 0.327101 10
-0.198278 0.154617 -0.004422 7
-0.003257 0.158120 0.229163 9
-0.091655 0.215749 0.255379 9
0.005544 -0.078573 -0.116702 8
-0.129180 0.057684 -0.168681 7
0.090440 0.119998 0.286124 9
0.057268 0.086203 -0.170957 8
0.396327 0.271161 0.338733 10
-0.070482 0.193720 0.272359 9
0.077645 0.104397 -0.182819 8
-0.029616 0.042093 -0.054616 7
-0.149676 0.112636 -0.008488 7
0.209257 0.201116 0.225802 10
-0.124176 0.032903 -0.057035 7
0.001730 0.204577 0.315976 9
0.069255 0.124236 -0.148160 8
-0.203566 0.104163 -0.065786 7
0.244680 0.190806 0.339771 10
-0.179406 0.086201 -0.170344 7
0.208319 0.163866 0.254086 10
0.038942 0.117778 0.287079 9
-0.060884 0.209501 0.323697 9
0.181008 0.114311 0.312897 10
0.253715 0.237581 0.231067 10
0.424403 0.329863 0.317726 10
-0.113733 0.016262 -0.124644 7
0.079440 0.086126 0.272600 9
-0.112690 -0.027754 -0.096515 7
-0.184023 0.058793 -0.070413 7
0.389908 0.308440 0.301980 10
-0.175740 0.076619 -0.096061 7
0.266783 0.272144 0.231383 10
-0.074198 0.202366 0.242955 9
-0.071558 0.200770 0.220162 9
0.283712 0.194587 0.324683 10
0.045034 0.102419 -0.227868 8
0.061674 0.088228 -0.214277 8
-0.062815 0.027904 -0.052960 7
-0.261354 0.164568 -0.029586 7
-0.003838 -0.023787 -0.172737 8
-0.164241 0.117271 -0.022624 7
0.182455 0.089818 0.290826 10
-0.164774 0.126136 -0.047192 7
0.163251 0.089623 0.328783 10
