-0.136658 0.328266 -0.574156 3
-0.023162 0.214967 -0.439967 3
-0.124043 0.285114 -0.453737 3
-0.055638 0.275435 -0.516909 3
-0.082658 0.214355 -0.369991 3
-0.106929 0.319576 -0.513237 3
-0.071232 0.258767 -0.425213 3
0.012523 0.206440 -0.390974 3
-0.037739 0.186793 -0.375353 3
-0.038627 0.251507 -0.474704 3
-0.078615 0.287474 -0.473153 3
-0.150561 0.335748 -0.527485 3
-0.088641 0.288614 -0.549974 3
-0.116689 0.246827 -0.428443 3
-0.053762 0.225666 -0.402192 3
-0.137171 0.306793 -0.487212 3
-0.121846 0.224680 -0.381111 3
-0.092325 0.242348 -0.395791 3
-0.114291 0.316765 -0.548734 3
-0.068404 0.183721 -0.357232 3
-0.022993 0.208219 -0.400019 3
-0.089484 0.285268 -0.440145 3
0.007932 0.203257 -0.425268 3
-0.082514 0.296465 -0.508292 3
-0.047070 0.243131 -0.440352 3
-0.062413 0.268320 -0.453126 3
-0.107336 0.312937 -0.482716 3
-0.053820 0.248036 -0.506887 3
-0.056325 0.272494 -0.484038 3
-0.096922 0.266173 -0.415086 3
-0.100381 0.300644 -0.459460 3
-0.062749 0.200486 -0.377579 3
-0.034890 0.227940 -0.418406 3
-0.141917 0.319550 -0.508108 3
-0.134313 0.331626 -0.545556 3
-0.015387 0.191828 -0.383278 3
-0.079067 0.281637 -0.527035 3
-0.069999 0.246847 -0.402428 3
-0.096925 0.307563 -0.535908 3
-0.101224 0.216108 -0.355382 3
-0.124126 0.263687 -0.442074 3
-0.123971 0.326524 -0.496986 3
-0.045910 0.236295 -0.489779 3
-0.121303 0.301094 -0.470939 3
-0.001214 0.214919 -0.405467 3
-0.124147 0.328663 -0.527153 3
-0.109674 0.277529 -0.435164 3
-0.067637 0.285435 -0.498491 3
-0.077871 0.229980 -0.387155 3
-0.047853 0.187539 -0.357346 3
-0.044101 0.202897 -0.386552 3
-0.042743 0.259610 -0.456276 3
-0.106833 0.227408 -0.394448 3
-0.057061 0.237992 -0.423500 3
-0.099640 0.223725 -0.373105 3
-0.087486 0.297950 -0.489706 3
-0.072833 0.299816 -0.525321 3
-0.135316 0.286769 -0.468866 3
-0.022520 0.213768 -0.420245 3
-0.062391 0.216713 -0.388017 3
-0.097905 0.310961 -0.498504 3
-0.104696 0.241082 -0.409454 3
-0.009584 0.205952 -0.431319 3
-0.123856 0.315877 -0.564450 3
0.015752 0.212480 -0.411484 3
-0.094369 0.307101 -0.516793 3
-0.101168 0.301313 -0.552334 3
-0.035468 0.229954 -0.444204 3
-0.073776 0.270765 -0.437675 3
-0.049453 0.257785 -0.493226 3
-0.085310 0.255947 -0.407460 3
-0.110178 0.317840 -0.529975 3
-0.079545 0.201912 -0.359032 3
-0.061770 0.258086 -0.439155 3
-0.004435 0.202299 -0.394886 3
-0.147025 0.329630 -0.556053 3
-0.093809 0.302014 -0.474369 3
-0.067883 0.275471 -0.470922 3
-0.034144 0.219689 -0.401914 3
-0.084120 0.284830 -0.455056 3
-0.049160 0.211359 -0.405589 3
-0.036676 0.241830 -0.462877 3
-0.091563 0.274844 -0.429030 3
-0.058408 0.267987 -0.500124 3
-0.025722 0.202540 -0.380715 3
-0.106634 0.262617 -0.426021 3
-0.050550 0.260336 -0.472577 3
-0.144024 0.323104 -0.523062 3
-0.122046 0.314948 -0.483107 3
-0.103359 0.289225 -0.442322 3
-0.092688 0.232420 -0.385386 3
-0.149382 0.324681 -0.536472 3
-0.086202 0.293247 -0.531375 3
-0.062164 0.196758 -0.363842 3
-0.076906 0.286450 -0.540184 3
-0.067894 0.233211 -0.399215 3
-0.128119 0.328982 -0.510306 3
