-0.049001 0.048618 -0.123836 4
-0.020104 -0.087951 -0.105209 4
0.020393 -0.213836 -0.110121 4
-0.035996 -0.020128 -0.113179 4
-0.004164 -0.148340 -0.100828 4
0.052362 -0.313222 -0.116074 4
0.027653 -0.255111 -0.110415 4
0.002729 -0.185042 -0.098017 4
-0.042779 0.014419 -0.118845 4
-0.016541 -0.054070 -0.109261 4
0.030250 -0.291503 -0.106207 4
-0.004372 -0.115848 -0.105331 4
0.043234 -0.345487 -0.115390 4
0.015920 -0.236697 -0.095725 4
0.050551 -0.330476 -0.134557 4
0.013997 -0.162973 -0.110416 4
0.022194 -0.190638 -0.112571 4
0.062905 -0.335199 -0.108618 4
0.040839 -0.271795 -0.115207 4
0.025423 -0.271191 -0.096278 4
0.036726 -0.312441 -0.101593 4
0.030404 -0.231161 -0.113300 4
-0.021729 -0.035275 -0.111060 4
0.054890 -0.365060 -0.132525 4
0.007693 -0.203622 -0.096213 4
0.007063 -0.134103 -0.107221 4
0.038012 -0.329204 -0.108880 4
0.020907 -0.254234 -0.093388 4
-0.002889 -0.165883 -0.098263 4
-0.034438 -0.000510 -0.115774 4
-0.021670 -0.070062 -0.105820 4
-0.003323 -0.099055 -0.106164 4
-0.044851 0.032666 -0.121460 4
0.064583 -0.351998 -0.110763 4
0.039775 -0.302875 -0.114709 4
0.054613 -0.345671 -0.132769 4
0.049652 -0.358237 -0.107480 4
-0.008293 -0.133578 -0.101769 4
-0.006244 -0.081535 -0.105613 4
0.011973 -0.222225 -0.095966 4
0.012380 -0.177480 -0.108167 4
0.010832 -0.148666 -0.108690 4
0.061055 -0.320740 -0.108230 4
0.028217 -0.277833 -0.107923 4
0.018728 -0.228488 -0.106840 4
0.021060 -0.242592 -0.106860 4
0.048913 -0.329224 -0.116924 4
0.047927 -0.339068 -0.104606 4
0.034700 -0.243812 -0.113889 4
0.059289 -0.306262 -0.107635 4
-0.014508 -0.105021 -0.104014 4
0.030216 -0.283834 -0.095928 4
0.053544 -0.358244 -0.119358 4
0.013718 -0.197757 -0.106795 4
0.035744 -0.300980 -0.098019 4
-0.010043 -0.069781 -0.108228 4
-0.032983 -0.031196 -0.111432 4
0.053351 -0.347919 -0.110558 4
-0.026854 -0.049365 -0.108785 4
0.046712 -0.325689 -0.102637 4
0.026159 -0.265773 -0.107979 4
0.035478 -0.283995 -0.113299 4
0.054453 -0.339130 -0.116953 4
0.059171 -0.327154 -0.128901 4
0.063442 -0.314304 -0.118203 4
0.013107 -0.207998 -0.104218 4
0.038142 -0.261596 -0.114618 4
0.023487 -0.204021 -0.112237 4
0.001575 -0.156477 -0.104073 4
0.037860 -0.312958 -0.112897 4
0.002688 -0.173826 -0.101595 4
0.063875 -0.326615 -0.116362 4
-0.012501 -0.120515 -0.101707 4
-0.024569 -0.059240 -0.106461 4
0.006014 -0.124301 -0.107198 4
0.042694 -0.321151 -0.115384 4
0.026261 -0.222501 -0.112281 4
0.052928 -0.320998 -0.132932 4
0.032575 -0.300624 -0.108036 4
0.050179 -0.368424 -0.119463 4
0.038318 -0.294025 -0.114277 4
-0.028461 -0.015340 -0.112218 4
0.053913 -0.335675 -0.128070 4
0.022725 -0.259330 -0.102928 4
0.007019 -0.166724 -0.106413 4
0.043327 -0.335867 -0.115301 4
0.007234 -0.191540 -0.101826 4
-0.036761 -0.011565 -0.114424 4
0.001444 -0.140248 -0.105110 4
0.036342 -0.320818 -0.108366 4
-0.020375 -0.078494 -0.105695 4
0.043043 -0.353401 -0.112411 4
0.047265 -0.306548 -0.116249 4
-0.027484 -0.024885 -0.111822 4
-0.010060 -0.094074 -0.106167 4
0.050285 -0.350553 -0.119909 4
0.023592 -0.263578 -0.093321 4
-0.043392 0.024639 -0.119655 4
-0.028091 -0.040541 -0.110316 4
-0.041407 0.006457 -0.117529 4
0.056683 -0.372847 -0.131597 4
0.018726 -0.246529 -0.093534 4
0.035638 -0.251752 -0.114067 4
-0.005047 -0.123767 -0.104528 4
0.026396 -0.247134 -0.110669 4
0.012615 -0.185403 -0.107554 4
0.057842 -0.357987 -0.130946 4
0.018856 -0.179192 -0.111868 4
0.053796 -0.353439 -0.126054 4
-0.014997 -0.064014 -0.108259 4
0.030833 -0.271665 -0.111494 4
0.020087 -0.248169 -0.101865 4
0.042645 -0.284162 -0.115569 4
0.007919 -0.158287 -0.107461 4
0.033580 -0.293999 -0.097041 4
-0.005014 -0.108537 -0.105736 4
0.046596 -0.358094 -0.117002 4
0.054438 -0.368636 -0.125380 4
0.056716 -0.347491 -0.116939 4
0.023605 -0.232698 -0.110091 4
-0.017859 -0.047030 -0.109970 4
0.042387 -0.316720 -0.100522 4
