-0.038814 0.185017 -0.060584 3
0.024390 0.154900 0.061355 3
-0.031790 0.255672 0.028270 3
-0.039010 0.174312 0.019584 3
-0.022716 0.122142 -0.016781 3
-0.062691 0.222852 -0.014445 3
-0.003276 0.171860 -0.019277 3
-0.020337 0.215324 0.001811 3
0.008367 0.160238 0.020712 3
-0.040608 0.183355 -0.021517 3
-0.038901 0.219211 -0.044130 3
-0.028140 0.148715 -0.042479 3
-0.033462 0.245996 -0.016653 3
-0.033270 0.201565 0.044273 3
-0.049235 0.224346 0.020223 3
-0.023577 0.148234 0.043130 3
-0.004731 0.194176 0.024644 3
-0.012402 0.200024 -0.033341 3
-0.015192 0.144773 0.006898 3
-0.011834 0.171544 -0.046355 3
0.002639 0.167989 0.046878 3
-0.019651 0.240809 0.006057 3
-0.014464 0.170526 0.007339 3
-0.009307 0.143714 -0.020213 3
-0.030529 0.192546 0.003970 3
-0.023878 0.217843 -0.022009 3
-0.027906 0.221639 0.030239 3
-0.040932 0.250318 0.006481 3
-0.039226 0.171334 -0.042944 3
0.002511 0.146054 0.046444 3
-0.038785 0.197518 -0.042532 3
-0.032522 0.125140 0.021326 3
-0.032818 0.167143 0.042629 3
-0.042414 0.226896 -0.020045 3
-0.036707 0.135728 -0.023116 3
-0.013686 0.140342 0.027284 3
-0.011669 0.173168 0.033674 3
-0.001824 0.156062 -0.006287 3
-0.045306 0.208260 0.009959 3
-0.028871 0.183899 0.034017 3
-0.049633 0.241242 -0.007698 3
-0.049490 0.209365 -0.018734 3
-0.004082 0.159440 -0.032881 3
-0.024680 0.197721 0.020587 3
-0.014617 0.183114 -0.010321 3
-0.024166 0.141834 -0.008081 3
-0.000906 0.182343 -0.033348 3
-0.024942 0.155190 -0.026334 3
0.000698 0.179588 0.007393 3
-0.044405 0.235331 0.033156 3
-0.033454 0.233928 0.014566 3
-0.011373 0.159212 0.023024 3
-0.028600 0.184648 -0.047563 3
-0.021465 0.130566 0.037670 3
0.011592 0.169627 0.033554 3
-0.047811 0.197017 -0.029225 3
-0.015001 0.188645 0.011491 3
-0.018506 0.209774 0.035253 3
0.016661 0.159151 0.048791 3
0.003289 0.149832 0.010968 3
-0.028318 0.236248 -0.006326 3
-0.022280 0.198685 -0.006835 3
-0.004503 0.155040 0.035500 3
-0.034736 0.190765 -0.010380 3
-0.028673 0.208038 -0.043201 3
-0.027359 0.195819 -0.056774 3
-0.025930 0.135201 0.005073 3
-0.053456 0.224767 0.006387 3
-0.038903 0.195682 0.020455 3
-0.039376 0.246592 0.020758 3
-0.025285 0.211631 0.021102 3
