-0.021575 0.409019 -0.404193 4
-0.047447 0.349106 -0.299824 4
-0.011620 0.436278 -0.319881 4
0.019994 0.374673 -0.313287 4
-0.041626 0.392407 -0.350429 4
0.013235 0.395294 -0.359182 4
-0.023793 0.384591 -0.306299 4
-0.016662 0.433368 -0.370167 4
0.003650 0.349868 -0.283841 4
-0.072116 0.370580 -0.317070 4
-0.013584 0.404577 -0.338571 4
-0.042652 0.365561 -0.326389 4
-0.023963 0.391907 -0.378335 4
-0.017623 0.416159 -0.298801 4
-0.054022 0.380686 -0.296314 4
0.012501 0.400968 -0.327485 4
0.001357 0.395853 -0.300935 4
-0.021437 0.432815 -0.344078 4
-0.055694 0.391864 -0.319110 4
-0.023141 0.356250 -0.298725 4
0.003714 0.400349 -0.382094 4
-0.031004 0.413515 -0.367135 4
-0.048346 0.412145 -0.338777 4
0.020540 0.381001 -0.337341 4
-0.034271 0.327579 -0.291790 4
0.015558 0.367433 -0.291961 4
-0.039841 0.369210 -0.348404 4
-0.009302 0.407250 -0.365655 4
-0.044336 0.333789 -0.314959 4
-0.032697 0.384985 -0.325995 4
-0.021847 0.405815 -0.317255 4
0.001392 0.381650 -0.327438 4
-0.044023 0.397762 -0.371337 4
-0.010145 0.335494 -0.289258 4
-0.005344 0.375680 -0.307099 4
-0.015432 0.424990 -0.387751 4
-0.003240 0.358254 -0.299386 4
0.033841 0.367385 -0.323455 4
-0.029126 0.414467 -0.338547 4
-0.060354 0.361630 -0.306119 4
-0.036632 0.372722 -0.300931 4
-0.010767 0.421589 -0.329217 4
-0.057368 0.377722 -0.328969 4
0.001651 0.402123 -0.345527 4
-0.013405 0.422777 -0.354899 4
-0.022721 0.361067 -0.283124 4
0.013971 0.353026 -0.298443 4
0.002749 0.413804 -0.331330 4
-0.067992 0.379698 -0.302542 4
-0.044378 0.380156 -0.338714 4
-0.052851 0.332603 -0.298288 4
-0.023906 0.401074 -0.361968 4
-0.001960 0.394741 -0.358588 4
-0.035611 0.406271 -0.351145 4
