0.129019 -0.109143 -0.005032 5
0.076695 -0.128087 0.029409 5
0.081105 -0.126553 -0.030666 5
0.152277 -0.100143 0.032054 5
0.114951 -0.106892 0.034136 5
0.094105 -0.113719 0.003988 5
0.107536 -0.123056 -0.017868 5
0.074700 -0.149400 -0.013279 5
0.074494 -0.127616 0.006622 5
0.120656 -0.116571 0.014803 5
0.095412 -0.114395 0.041684 5
0.141517 -0.101612 0.012870 5
0.098239 -0.124332 0.021542 5
0.093572 -0.108934 -0.021546 5
0.069136 -0.130835 -0.015933 5
0.105097 -0.108196 0.016590 5
0.131742 -0.103408 0.030978 5
0.083255 -0.120453 -0.007860 5
0.112408 -0.108102 -0.001537 5
0.081994 -0.112996 0.014066 5
0.108516 -0.121040 0.007250 5
0.099534 -0.120879 -0.030303 5
0.067592 -0.139480 0.012042 5
0.088662 -0.119079 0.030481 5
0.064464 -0.129400 0.024428 5
0.096045 -0.116811 -0.011212 5
0.096567 -0.126326 0.007476 5
0.119177 -0.115007 -0.011011 5
0.129948 -0.103543 0.007763 5
0.143946 -0.106437 0.024221 5
0.085721 -0.123168 -0.019515 5
0.109804 -0.119540 0.019175 5
0.119605 -0.119037 0.003043 5
0.088209 -0.130303 0.026382 5
0.109297 -0.117262 0.034227 5
0.072442 -0.140137 -0.006334 5
0.095007 -0.112860 0.019848 5
0.107587 -0.122813 -0.003924 5
0.129666 -0.105085 0.019002 5
0.088886 -0.126862 0.015965 5
0.067249 -0.134411 0.001220 5
0.118971 -0.106231 0.012290 5
