0.171158 0.349595 -0.291727 4
0.111722 0.153436 -0.255076 4
0.079517 0.019402 -0.238583 4
0.143068 0.251217 -0.273189 4
0.069201 -0.075036 -0.229031 4
0.115193 0.084917 -0.229264 4
0.063040 -0.140187 -0.229018 4
0.037455 -0.217281 -0.218150 4
0.096135 -0.028796 -0.213787 4
0.138878 0.201874 -0.255464 4
0.153969 0.299976 -0.281063 4
0.053055 -0.176447 -0.209209 4
0.078846 -0.110745 -0.207528 4
0.107205 0.047224 -0.224071 4
0.039565 -0.258077 -0.233453 4
0.047639 -0.105381 -0.226058 4
0.027262 -0.304372 -0.233947 4
0.064091 -0.039151 -0.231785 4
0.104407 0.119260 -0.248933 4
0.100671 0.004642 -0.218081 4
0.092259 0.068097 -0.243277 4
0.070275 -0.009656 -0.235345 4
0.091441 -0.058484 -0.211218 4
0.057488 -0.199120 -0.228404 4
0.131432 0.173400 -0.249915 4
0.032331 -0.331704 -0.236327 4
0.132106 0.224533 -0.267610 4
0.038080 -0.281025 -0.220625 4
0.163352 0.324281 -0.284340 4
0.124099 0.135487 -0.240751 4
0.063147 -0.149981 -0.204853 4
0.041735 -0.156992 -0.220744 4
0.051078 -0.236009 -0.229618 4
0.096527 0.092329 -0.247383 4
0.151554 0.274180 -0.271410 4
0.084799 -0.084325 -0.213134 4
0.120279 0.107741 -0.233259 4
0.062430 -0.165518 -0.228387 4
0.072586 -0.100249 -0.227188 4
0.086173 0.040920 -0.240168 4
0.039191 -0.191838 -0.218227 4
0.099998 0.025366 -0.225762 4
0.045962 -0.127846 -0.224729 4
0.083959 -0.045400 -0.226635 4
0.071526 -0.130574 -0.204628 4
0.072855 -0.121462 -0.224147 4
0.122081 0.188125 -0.258518 4
0.086034 0.001173 -0.232147 4
0.111340 0.065975 -0.225271 4
0.046553 -0.176208 -0.227655 4
0.127894 0.154414 -0.245551 4
0.086299 -0.021993 -0.227937 4
0.051288 -0.216294 -0.231061 4
0.062464 -0.057985 -0.230437 4
0.035706 -0.236897 -0.219770 4
0.056315 -0.089913 -0.228675 4
0.052269 -0.206760 -0.213524 4
0.039302 -0.291756 -0.234000 4
0.109379 0.137208 -0.250572 4
0.081885 -0.066004 -0.223341 4
0.116009 0.169290 -0.256879 4
0.062717 -0.186306 -0.219538 4
0.070763 -0.149751 -0.218894 4
0.045280 -0.251782 -0.220258 4
0.126716 0.207574 -0.263561 4
0.099563 0.055225 -0.235037 4
0.104403 0.078602 -0.238411 4
0.063861 -0.165392 -0.209641 4
0.054202 -0.071970 -0.228646 4
0.144265 0.238783 -0.264408 4
0.052714 -0.222518 -0.217240 4
0.039003 -0.274578 -0.234379 4
0.037223 -0.314801 -0.228475 4
0.097504 -0.010221 -0.217898 4
0.048203 -0.142710 -0.226488 4
0.110598 0.097809 -0.239072 4
0.040893 -0.205746 -0.227150 4
0.117602 0.122837 -0.241096 4
0.039587 -0.266305 -0.220345 4
0.081769 -0.098089 -0.213561 4
0.073206 -0.028490 -0.231928 4
0.086886 0.054424 -0.243094 4
0.026501 -0.368078 -0.227106 4
0.092616 -0.045438 -0.213997 4
0.025852 -0.317602 -0.235372 4
0.097097 0.036593 -0.232223 4
0.141401 0.219994 -0.259315 4
0.072994 -0.133980 -0.219856 4
0.026168 -0.334681 -0.222871 4
0.056401 -0.114954 -0.228502 4
0.087886 -0.070911 -0.208757 4
0.102034 0.106530 -0.247564 4
0.030833 -0.348816 -0.236557 4
0.050473 -0.190730 -0.212047 4
0.038201 -0.241802 -0.231431 4
0.165369 0.338306 -0.289499 4
0.033378 -0.296624 -0.222720 4
0.028615 -0.285300 -0.228065 4
0.056323 -0.184523 -0.230383 4
0.093084 0.011353 -0.229576 4
0.155634 0.289193 -0.274799 4
0.040000 -0.222063 -0.229486 4
0.077596 -0.083463 -0.224995 4
0.133812 0.188300 -0.254074 4
0.032915 -0.251256 -0.224209 4
0.063104 -0.127535 -0.229011 4
0.040007 -0.171285 -0.218832 4
0.077342 -0.108529 -0.219898 4
0.158146 0.313469 -0.284533 4
0.075760 0.004907 -0.236697 4
0.119462 0.143957 -0.247579 4
0.045000 -0.190911 -0.228252 4
0.105816 0.034181 -0.220991 4
0.056243 -0.150631 -0.228886 4
0.030976 -0.268668 -0.228844 4
0.064279 -0.176036 -0.224213 4
0.144826 0.266974 -0.277088 4
0.075610 -0.058165 -0.228599 4
0.088047 -0.032426 -0.223988 4
0.069035 -0.089704 -0.228489 4
0.051384 -0.165456 -0.228856 4
0.085207 0.030052 -0.238456 4
0.057482 -0.209864 -0.224703 4
0.046177 -0.235029 -0.217246 4
0.038170 -0.304494 -0.233758 4
0.046042 -0.266619 -0.229007 4
0.086477 -0.009409 -0.230017 4
0.062863 -0.104469 -0.228890 4
0.122729 0.177756 -0.255889 4
0.068080 -0.163499 -0.219605 4
0.063733 -0.175914 -0.213595 4
0.094029 0.078454 -0.244762 4
0.023590 -0.325922 -0.229368 4
0.075809 -0.122103 -0.214088 4
0.105899 0.068093 -0.234001 4
0.094565 -0.020162 -0.219370 4
0.084421 -0.075096 -0.219286 4
0.049877 -0.246915 -0.227986 4
0.075837 -0.038213 -0.230489 4
0.120657 0.157576 -0.251904 4
0.046296 -0.115393 -0.225559 4
0.101672 0.016011 -0.222460 4
0.054320 -0.226291 -0.226400 4
0.127942 0.196114 -0.259411 4
0.088002 -0.051840 -0.220023 4
0.118450 0.098668 -0.229853 4
0.110567 0.113582 -0.243730 4
0.067299 -0.155360 -0.226227 4
0.031689 -0.342208 -0.229319 4
0.070518 -0.139809 -0.207785 4
0.022828 -0.334048 -0.234571 4
0.037212 -0.226913 -0.218340 4
0.094741 -0.003196 -0.223854 4
0.033060 -0.327560 -0.227724 4
0.046240 -0.199420 -0.214621 4
0.147765 0.258396 -0.269020 4
0.092085 0.025911 -0.233311 4
0.110305 0.126475 -0.247410 4
0.092762 0.049044 -0.238128 4
0.050667 -0.205048 -0.230883 4
0.046348 -0.216035 -0.215102 4
0.029434 -0.292778 -0.233588 4
0.038309 -0.205549 -0.218186 4
0.078137 -0.020216 -0.232064 4
0.052993 -0.081223 -0.228200 4
0.146211 0.248656 -0.264813 4
0.039770 -0.180558 -0.218414 4
0.043530 -0.281039 -0.228107 4
0.030063 -0.267090 -0.219779 4
0.028888 -0.285437 -0.218825 4
0.122175 0.116691 -0.234495 4
0.107222 0.055646 -0.227804 4
0.045881 -0.228668 -0.231922 4
0.056960 -0.198931 -0.213992 4
0.113698 0.076592 -0.225997 4
0.056835 -0.175477 -0.230193 4
0.068688 -0.064508 -0.230115 4
0.028244 -0.314789 -0.225650 4
0.082074 0.011284 -0.235904 4
0.072131 -0.110662 -0.226808 4
0.056732 -0.184535 -0.210761 4
0.069021 -0.051980 -0.230336 4
0.148447 0.279612 -0.277670 4
0.133583 0.213148 -0.263551 4
0.103433 0.097973 -0.244144 4
0.138941 0.243563 -0.273029 4
0.038082 -0.304041 -0.225114 4
0.124021 0.169166 -0.253619 4
0.038072 -0.247780 -0.217866 4
0.050393 -0.157052 -0.227656 4
0.117233 0.135858 -0.246130 4
0.028876 -0.275341 -0.224005 4
0.068533 -0.133824 -0.227359 4
0.034366 -0.281590 -0.234622 4
0.083426 -0.091968 -0.208051 4
0.047549 -0.258378 -0.228679 4
0.033389 -0.310836 -0.236317 4
0.063855 -0.081437 -0.229210 4
0.080566 -0.089752 -0.220393 4
0.027098 -0.341704 -0.238708 4
0.032813 -0.323433 -0.236484 4
0.089544 -0.041123 -0.220342 4
0.099420 0.068445 -0.239189 4
0.055912 -0.098145 -0.228499 4
0.038855 -0.258218 -0.219015 4
0.067837 -0.022555 -0.233746 4
0.087167 0.019611 -0.235092 4
0.109862 0.089807 -0.237553 4
0.062374 -0.070648 -0.229733 4
0.069218 -0.157273 -0.214527 4
0.022711 -0.361273 -0.225141 4
0.045088 -0.150470 -0.224005 4
0.075065 -0.003270 -0.235538 4
0.029151 -0.358124 -0.231412 4
0.092114 -0.014001 -0.223798 4
0.104899 0.130452 -0.251695 4
0.067346 -0.146560 -0.226980 4
0.056993 -0.064604 -0.229531 4
0.050537 -0.133903 -0.226866 4
0.026976 -0.298189 -0.228475 4
0.103705 0.041190 -0.227649 4
0.073605 -0.123016 -0.204575 4
0.046180 -0.226616 -0.216039 4
0.039355 -0.266809 -0.233907 4
0.045670 -0.251869 -0.232495 4
0.094872 0.019723 -0.229542 4
0.129030 0.161713 -0.247901 4
0.036370 -0.235130 -0.228034 4
0.045867 -0.199143 -0.229701 4
0.045842 -0.241383 -0.232244 4
0.058427 -0.134051 -0.229120 4
0.109478 0.076532 -0.233070 4
