0.008582 0.248175 0.026467 3
-0.007633 0.094421 -0.063742 3
0.014081 0.130420 0.049780 3
-0.055347 0.070208 0.028697 3
-0.095979 0.085484 -0.055848 3
-0.050084 0.182968 0.030392 3
0.012509 0.055148 0.003803 3
-0.028961 0.146689 -0.024099 3
0.029502 0.197325 0.053907 3
-0.080246 0.119462 0.041208 3
-0.042613 0.049864 -0.043613 3
-0.015497 0.100812 0.004368 3
-0.036436 0.228278 0.023495 3
-0.004649 0.023141 -0.026301 3
-0.044165 0.136916 0.019024 3
-0.012304 0.178907 0.056312 3
-0.046047 0.118671 -0.067984 3
0.031354 0.092361 0.004880 3
-0.026011 0.035951 0.013810 3
-0.013489 0.067384 -0.022481 3
0.020768 0.165578 0.033216 3
-0.042855 0.093359 -0.021730 3
-0.058583 0.082162 -0.058992 3
-0.001849 0.213066 0.028642 3
-0.050179 0.102085 0.012141 3
-0.029211 0.180122 0.003560 3
-0.012498 0.124298 0.029850 3
-0.077141 0.056416 -0.050112 3
-0.031403 0.003406 -0.020191 3
-0.027511 0.208252 0.048034 3
-0.038363 0.064165 -0.002931 3
-0.035438 0.119872 -0.037674 3
0.036630 0.139991 0.031656 3
0.023603 0.227188 0.041889 3
0.012600 0.109147 0.023187 3
-0.016410 0.151551 0.044545 3
-0.014223 0.045472 -0.043642 3
-0.035761 0.025786 -0.055714 3
0.001955 0.208405 0.055264 3
-0.018832 0.091438 -0.034500 3
0.018973 0.229228 0.009974 3
-0.006504 0.073648 0.008916 3
-0.024817 0.125362 -0.008342 3
-0.008622 -0.002278 -0.037445 3
-0.010519 0.046255 -0.007163 3
-0.037590 0.208443 0.006677 3
-0.058572 0.027305 -0.023067 3
-0.028600 0.070123 -0.048743 3
-0.027880 0.194054 0.024740 3
-0.038140 0.157115 0.000386 3
-0.026159 0.166186 0.026995 3
-0.040507 0.098545 -0.048022 3
-0.011029 0.234339 0.021893 3
-0.063718 0.124363 0.024357 3
0.003962 0.032322 0.008589 3
-0.045727 0.035888 -0.000049 3
-0.014071 0.016892 -0.050404 3
-0.052519 0.127290 0.000123 3
-0.050142 0.052722 0.014561 3
-0.055006 0.165873 0.016355 3
-0.016960 0.227037 0.041867 3
-0.021502 0.081568 -0.007941 3
-0.043060 -0.005295 -0.036659 3
0.013419 0.081326 0.009098 3
-0.023705 0.146190 0.020495 3
-0.026036 0.104338 -0.013533 3
0.001660 0.124725 0.014277 3
-0.066607 0.064438 -0.033798 3
0.013037 0.190240 0.042967 3
-0.052172 0.001482 -0.018239 3
-0.030308 0.119486 0.019969 3
-0.041694 0.071255 -0.032858 3
-0.013929 0.027086 -0.000431 3
0.028583 0.115371 0.034379 3
-0.028531 0.169068 0.046915 3
0.012950 0.144203 0.035029 3
-0.003544 0.094092 0.018916 3
-0.055791 0.062720 -0.058291 3
0.002530 0.228802 0.042307 3
-0.038923 0.090303 0.001345 3
-0.032695 0.190018 0.043385 3
0.029717 0.150738 0.046396 3
-0.000082 0.161519 0.046599 3
0.032696 0.178899 0.049813 3
-0.020779 0.129272 -0.029902 3
-0.019408 0.216953 0.023394 3
-0.045129 0.023181 0.016026 3
-0.065965 0.092403 0.012399 3
-0.012707 0.190240 0.041740 3
0.013794 0.211223 0.038158 3
-0.036001 0.152944 0.033510 3
-0.075900 0.082872 -0.055462 3
-0.028625 0.141545 0.004250 3
-0.009757 0.050003 -0.027268 3
-0.029261 0.008372 -0.051623 3
-0.014815 0.117928 0.006573 3
-0.012800 0.195704 0.058614 3
-0.021273 0.093821 -0.051113 3
-0.029379 0.059387 -0.016448 3
0.001037 0.132849 0.038346 3
-0.038557 0.129662 -0.024423 3
-0.019320 0.030064 -0.030444 3
0.013713 0.225647 0.028555 3
-0.012108 0.062737 -0.002244 3
0.008019 0.040477 -0.005233 3
-0.024812 0.230796 0.012101 3
0.022756 0.067884 0.003000 3
-0.036758 0.111800 0.007061 3
-0.029770 0.036167 -0.044635 3
-0.014842 0.108874 0.025628 3
-0.044809 0.196463 0.023251 3
-0.040294 0.171197 0.034783 3
-0.021877 0.134354 0.037831 3
-0.028513 0.131776 -0.045560 3
-0.047107 0.076014 -0.046695 3
-0.027440 0.161731 -0.009897 3
-0.021356 0.061207 -0.034267 3
-0.011124 0.032331 -0.014682 3
0.002058 0.181075 0.051285 3
-0.047669 0.016146 -0.018959 3
-0.051976 0.047199 0.028668 3
-0.024657 0.079377 -0.027219 3
0.028195 0.060309 -0.009011 3
0.003856 0.116815 0.032952 3
-0.070279 0.066530 -0.059992 3
-0.050860 0.037256 -0.043120 3
-0.024838 0.111253 -0.031567 3
0.024295 0.210486 0.049172 3
-0.055727 0.144125 0.024972 3
