0.025421 0.242500 0.032384 5
0.045617 0.133767 0.042893 5
0.053839 0.047170 0.037984 5
0.021471 0.184778 0.026728 5
0.013285 0.086959 0.032899 5
0.057868 -0.016400 0.030159 5
0.025299 -0.097297 0.027413 5
0.025297 0.018137 0.028988 5
0.050264 0.091872 0.045619 5
0.014401 0.276782 0.034556 5
0.032694 -0.038049 0.031586 5
0.018893 0.121625 0.030876 5
0.025990 0.154268 0.030304 5
0.019506 0.048369 0.032632 5
0.055564 0.016277 0.038243 5
0.059853 -0.043576 0.024480 5
0.027809 0.211056 0.029458 5
0.028565 -0.008368 0.026983 5
0.042623 0.070160 0.030281 5
0.027738 -0.067414 0.038182 5
0.042471 0.032061 0.024470 5
0.031035 0.100159 0.030166 5
0.037769 0.176004 0.039060 5
0.048763 0.001988 0.021738 5
0.043930 -0.055748 0.015889 5
0.050869 0.069753 0.049693 5
0.048161 0.112965 0.044781 5
0.043184 -0.080270 0.025808 5
0.044939 0.031154 0.047079 5
0.017788 -0.049227 0.040301 5
0.044632 -0.005808 0.040250 5
0.047631 -0.029536 0.018161 5
0.018073 0.066690 0.032701 5
0.050728 -0.058487 0.032353 5
0.018405 0.259705 0.030630 5
0.049009 -0.029264 0.038190 5
0.019415 0.227356 0.027514 5
0.021875 0.003087 0.037200 5
0.018679 0.032239 0.036757 5
0.026697 0.137769 0.030331 5
0.040260 0.154586 0.038305 5
0.034227 0.056734 0.027283 5
0.034489 0.121766 0.031981 5
0.042628 0.016659 0.022719 5
0.028911 -0.024487 0.037567 5
0.043369 0.086731 0.033286 5
0.026496 0.081137 0.029547 5
0.032755 0.191958 0.032748 5
0.020067 0.167522 0.030432 5
0.055394 -0.075636 0.031925 5
0.042223 -0.016333 0.020158 5
0.056131 0.002493 0.036350 5
0.037124 -0.056786 0.030195 5
0.055384 0.032333 0.038182 5
0.044509 0.010525 0.043929 5
0.018437 0.105076 0.031254 5
0.061464 -0.059982 0.018218 5
0.028022 -0.084667 0.031144 5
0.027886 0.032072 0.027050 5
0.047844 -0.043028 0.016458 5
0.050946 0.056607 0.049791 5
0.034421 0.002701 0.023544 5
0.021581 0.197699 0.026095 5
0.058504 -0.030153 0.024872 5
0.050447 0.062085 0.035682 5
0.046316 0.099840 0.036909 5
0.050870 -0.041208 0.035974 5
0.016338 -0.059905 0.033119 5
0.032461 -0.021797 0.024148 5
0.039770 -0.067676 0.026429 5
0.042724 0.048819 0.027021 5
0.044544 -0.016447 0.035727 5
0.053940 0.023987 0.029991 5
0.034260 0.145985 0.032378 5
0.037479 -0.040224 0.020127 5
0.053311 -0.008280 0.021378 5
0.039076 -0.084526 0.037003 5
0.020104 -0.089367 0.020725 5
0.026486 0.113571 0.030324 5
0.053405 0.040517 0.046741 5
0.018889 0.145946 0.031397 5
0.034026 0.167741 0.032864 5
0.050395 0.040590 0.029965 5
0.043333 0.121902 0.038228 5
0.028080 0.221626 0.031741 5
0.034256 0.040670 0.025666 5
0.020669 -0.073621 0.031776 5
0.019687 0.014828 0.037380 5
0.055715 -0.089592 0.042846 5
0.034402 -0.035416 0.041682 5
0.040586 -0.005513 0.021219 5
0.052169 0.080189 0.049672 5
0.034391 0.024223 0.024493 5
0.014599 0.076667 0.033759 5
0.057407 -0.050634 0.017431 5
0.032863 -0.103983 0.027172 5
0.061085 -0.068028 0.023977 5
0.049556 0.080956 0.038397 5
0.035597 -0.048573 0.035478 5
