-0.115885 -0.150573 -0.143765 3
-0.155213 0.488689 -0.105574 3
-0.143082 0.251736 -0.115049 3
-0.109966 0.051121 -0.132096 3
-0.141201 0.371500 -0.122269 3
-0.139431 0.147855 -0.104823 3
-0.127602 -0.048367 -0.131001 3
-0.132001 0.309192 -0.126548 3
-0.152756 0.430722 -0.117782 3
-0.122623 0.200015 -0.131853 3
-0.130743 0.006118 -0.104728 3
-0.111742 0.107397 -0.131142 3
-0.126507 -0.100841 -0.122972 3
-0.135867 0.075509 -0.104751 3
-0.124885 -0.213235 -0.146302 3
-0.101580 -0.013195 -0.136839 3
-0.100910 -0.075475 -0.136372 3
-0.113512 0.149871 -0.130767 3
-0.138619 0.112946 -0.109165 3
-0.141572 0.189133 -0.104619 3
-0.151373 0.335596 -0.114843 3
-0.103621 -0.181155 -0.135711 3
-0.103819 -0.119004 -0.139152 3
-0.133489 0.038466 -0.108852 3
-0.104182 0.019238 -0.134337 3
-0.125774 -0.030330 -0.104308 3
-0.124660 -0.250506 -0.153689 3
-0.146627 0.283444 -0.114420 3
-0.143649 0.220250 -0.108878 3
-0.142249 0.402138 -0.119156 3
-0.118860 -0.069090 -0.110754 3
-0.149804 0.459709 -0.109600 3
-0.126961 0.232650 -0.131098 3
-0.127562 -0.012400 -0.126371 3
-0.128956 0.169894 -0.120513 3
-0.124176 -0.131590 -0.126104 3
-0.116149 0.076253 -0.128230 3
-0.103522 -0.043570 -0.136304 3
-0.130486 0.270665 -0.128570 3
-0.127577 0.132554 -0.119839 3
-0.126302 0.019403 -0.124798 3
-0.127473 -0.075044 -0.131999 3
-0.125226 -0.188235 -0.139622 3
-0.127492 0.094847 -0.120322 3
-0.111854 -0.231122 -0.151432 3
-0.106634 -0.204195 -0.136415 3
-0.121099 -0.168744 -0.130014 3
-0.137574 0.350365 -0.124347 3
-0.126835 0.057409 -0.121026 3
-0.149358 0.314593 -0.115590 3
-0.110579 -0.093487 -0.139009 3
-0.124189 -0.050175 -0.109253 3
-0.111973 0.126800 -0.131080 3
-0.123403 0.038344 -0.126794 3
-0.122183 -0.113240 -0.138566 3
-0.130811 0.214803 -0.122977 3
-0.136702 0.327604 -0.126185 3
-0.134120 0.289595 -0.127209 3
-0.129273 0.251855 -0.127725 3
-0.122859 -0.030594 -0.131792 3
-0.137231 0.095187 -0.104675 3
-0.134405 0.057228 -0.104081 3
-0.101465 -0.136860 -0.136515 3
-0.153453 0.384574 -0.119377 3
-0.115748 0.000029 -0.132115 3
-0.128142 0.150584 -0.120157 3
-0.095700 -0.257763 -0.157927 3
-0.128124 -0.012526 -0.103999 3
-0.116779 -0.087708 -0.115600 3
-0.115971 -0.062102 -0.135808 3
-0.152805 0.359150 -0.117262 3
-0.103088 -0.163680 -0.135836 3
-0.133728 0.196106 -0.118938 3
-0.116104 -0.175226 -0.146313 3
-0.139539 0.130704 -0.104571 3
-0.122937 -0.149690 -0.128462 3
-0.116274 -0.131297 -0.142143 3
-0.116090 -0.199317 -0.149191 3
-0.112748 -0.249598 -0.142146 3
-0.139621 0.163990 -0.107948 3
-0.128976 -0.061779 -0.121779 3
-0.145499 0.443140 -0.110379 3
-0.126927 0.113920 -0.120250 3
-0.122254 0.182951 -0.126969 3
-0.154741 0.414989 -0.119433 3
-0.124659 -0.238060 -0.143918 3
-0.115911 0.165418 -0.130841 3
-0.117242 -0.118249 -0.121712 3
-0.100274 -0.060511 -0.136522 3
-0.135818 0.239275 -0.121198 3
-0.106690 -0.220087 -0.143078 3
-0.145197 0.238595 -0.108808 3
-0.129425 -0.037466 -0.120823 3
-0.143578 0.269369 -0.115847 3
-0.109592 0.032207 -0.132572 3
-0.132672 0.019383 -0.109088 3
-0.115865 0.094054 -0.128249 3
-0.145020 0.296483 -0.119419 3
-0.151263 0.472195 -0.103836 3
-0.123934 -0.093364 -0.135852 3
-0.143143 0.421425 -0.114958 3
-0.121213 -0.200648 -0.135651 3
-0.130210 0.082148 -0.116274 3
-0.128902 -0.000146 -0.120753 3
-0.140627 0.207699 -0.112897 3
-0.109786 -0.106819 -0.140618 3
-0.135155 0.183202 -0.115529 3
-0.109937 -0.030819 -0.135370 3
-0.114884 -0.075287 -0.137275 3
-0.116254 0.062990 -0.128478 3
-0.127596 -0.081401 -0.120359 3
-0.129904 -0.024324 -0.115384 3
-0.102190 -0.150669 -0.136639 3
-0.117191 -0.018883 -0.132830 3
-0.126922 0.070274 -0.121699 3
-0.123195 -0.225584 -0.141274 3
-0.124826 -0.162535 -0.140612 3
-0.110090 -0.188351 -0.146800 3
-0.135276 0.226373 -0.120335 3
-0.141614 0.389620 -0.120803 3
-0.119438 -0.182017 -0.130428 3
-0.142468 0.339104 -0.123420 3
-0.104163 0.006968 -0.134967 3
-0.126919 -0.112649 -0.127267 3
-0.106738 0.068795 -0.133583 3
-0.115716 -0.049908 -0.134893 3
-0.116261 -0.219413 -0.152373 3
-0.116412 0.138322 -0.128088 3
-0.151698 0.347172 -0.118427 3
-0.115246 -0.138651 -0.132948 3
-0.115562 -0.106949 -0.124535 3
-0.100464 -0.088332 -0.136018 3
-0.125192 -0.126041 -0.136624 3
-0.134029 0.139925 -0.113462 3
-0.138140 0.277692 -0.123488 3
-0.152942 0.446788 -0.118374 3
-0.115198 0.020118 -0.131124 3
-0.152346 0.371006 -0.119657 3
-0.110260 -0.163517 -0.144666 3
-0.101067 -0.100774 -0.136613 3
-0.153757 0.395820 -0.119838 3
-0.130114 -0.011813 -0.115440 3
-0.134031 0.126156 -0.113260 3
-0.115256 -0.124423 -0.130837 3
-0.120294 0.121435 -0.125097 3
-0.137000 0.257649 -0.122145 3
-0.140293 0.176418 -0.108573 3
-0.142330 0.308395 -0.122961 3
-0.131759 0.028629 -0.103269 3
-0.123363 0.007196 -0.128927 3
-0.147359 0.327011 -0.120171 3
-0.114906 -0.155578 -0.132796 3
-0.122484 -0.255600 -0.131421 3
-0.112071 -0.244360 -0.151604 3
-0.125070 -0.175310 -0.140369 3
-0.123409 -0.257569 -0.145676 3
-0.117213 -0.213760 -0.138831 3
-0.120785 0.157399 -0.125680 3
-0.124352 0.213604 -0.131381 3
-0.125578 -0.143440 -0.136659 3
-0.114052 -0.189770 -0.137044 3
-0.130756 0.050500 -0.114074 3
-0.133063 0.062483 -0.113116 3
-0.108707 -0.206385 -0.146673 3
-0.134253 0.100826 -0.112853 3
-0.109186 0.082671 -0.132219 3
-0.132090 -0.002804 -0.111009 3
-0.106310 -0.174849 -0.143516 3
-0.122431 -0.232869 -0.152310 3
-0.105350 -0.194144 -0.140296 3
-0.126851 -0.062283 -0.131451 3
-0.113823 -0.140899 -0.143142 3
-0.144427 0.433738 -0.113466 3
-0.120601 0.108156 -0.125044 3
-0.129306 -0.049779 -0.121524 3
-0.118696 -0.099274 -0.117464 3
-0.130275 0.031827 -0.115122 3
-0.112746 -0.178362 -0.137140 3
-0.127524 0.044948 -0.121164 3
-0.131957 0.299706 -0.127656 3
-0.127934 -0.087398 -0.127708 3
-0.100687 -0.031588 -0.136921 3
-0.134877 0.158009 -0.113429 3
-0.147470 0.293893 -0.110811 3
-0.121048 0.145596 -0.124655 3
-0.111060 -0.012103 -0.134019 3
-0.125096 -0.157446 -0.132901 3
-0.129425 0.188416 -0.121544 3
-0.125909 0.029823 -0.124481 3
-0.125331 -0.105841 -0.134173 3
-0.116991 -0.138307 -0.123987 3
-0.130257 0.013129 -0.115209 3
-0.107201 -0.155207 -0.142776 3
-0.127712 -0.024707 -0.126967 3
-0.118549 -0.077967 -0.112251 3
-0.142084 0.358008 -0.122868 3
-0.146350 0.258504 -0.110135 3
-0.148236 0.408915 -0.119779 3
-0.126909 -0.068301 -0.116125 3
-0.125182 0.082034 -0.123577 3
-0.123509 -0.194304 -0.145800 3
-0.115657 0.011336 -0.131647 3
-0.116262 -0.086863 -0.138027 3
-0.109785 -0.124895 -0.141759 3
-0.114905 -0.230591 -0.143243 3
-0.104319 -0.004953 -0.135893 3
-0.105270 -0.068016 -0.137083 3
-0.126039 0.195705 -0.124713 3
-0.122896 -0.182121 -0.145262 3
-0.134073 0.207530 -0.119685 3
-0.127561 -0.055958 -0.114680 3
-0.134875 0.170473 -0.114305 3
-0.117584 -0.238598 -0.156434 3
-0.115935 -0.118518 -0.141094 3
-0.123666 0.050955 -0.125873 3
-0.117293 0.043925 -0.128913 3
-0.116043 -0.036601 -0.134059 3
-0.120473 0.131595 -0.124824 3
-0.121163 0.170731 -0.126769 3
-0.117368 0.030642 -0.129585 3
-0.116201 -0.099822 -0.139264 3
-0.141247 0.226804 -0.114338 3
-0.127343 -0.042414 -0.110038 3
-0.105359 0.044422 -0.134008 3
-0.142581 0.320962 -0.123363 3
-0.117136 -0.257478 -0.156443 3
-0.141444 0.289372 -0.121657 3
-0.139193 0.195719 -0.112774 3
-0.134302 0.045102 -0.104047 3
-0.120389 -0.206328 -0.149534 3
-0.133406 0.075193 -0.112585 3
-0.136059 0.088486 -0.109225 3
-0.112177 0.118638 -0.130917 3
-0.125029 -0.093803 -0.119107 3
-0.121168 -0.005982 -0.131065 3
-0.115196 -0.257084 -0.144219 3
-0.116598 -0.239167 -0.143787 3
-0.127192 -0.119002 -0.132239 3
-0.128393 -0.068669 -0.126847 3
-0.147949 0.377297 -0.121982 3
-0.128520 0.239398 -0.127063 3
-0.130985 0.232090 -0.123943 3
-0.106500 -0.212385 -0.141063 3
-0.144940 0.228389 -0.107482 3
-0.124156 -0.206661 -0.139904 3
-0.149696 0.452137 -0.113558 3
-0.127947 -0.055878 -0.127002 3
-0.147873 0.364945 -0.121940 3
-0.123920 -0.150201 -0.140322 3
-0.141996 0.201637 -0.108083 3
-0.109263 -0.238735 -0.146538 3
-0.137670 0.123161 -0.105202 3
-0.122546 -0.062260 -0.110486 3
-0.141433 0.239896 -0.115471 3
-0.104527 -0.024856 -0.136494 3
-0.110096 -0.055093 -0.136184 3
-0.139332 0.138902 -0.107911 3
-0.121109 0.089173 -0.125311 3
-0.123702 -0.080984 -0.135223 3
-0.148387 0.301497 -0.114620 3
-0.123331 0.062883 -0.125452 3
-0.130416 0.005490 -0.115390 3
-0.121791 -0.125242 -0.122584 3
-0.139912 0.264518 -0.120583 3
-0.137387 0.106536 -0.105259 3
-0.104075 -0.143957 -0.139681 3
-0.147445 0.352699 -0.121939 3
-0.120658 -0.156779 -0.143294 3
-0.124333 0.139105 -0.122513 3
-0.101120 -0.125603 -0.136575 3
