0.069543 0.407815 -0.302336 8
0.131387 0.360311 -0.312888 8
0.116590 0.388369 -0.265797 8
0.143811 0.310989 -0.297721 8
0.097818 0.380115 -0.307903 8
0.132080 0.353578 -0.272563 8
0.080898 0.402633 -0.264866 8
0.162010 0.335464 -0.317421 8
0.156581 0.341143 -0.287490 8
0.052745 0.400615 -0.273365 8
0.111626 0.361223 -0.335115 8
0.120116 0.374318 -0.291216 8
0.099850 0.394699 -0.285716 8
0.140799 0.348978 -0.330453 8
0.085935 0.397872 -0.315353 8
0.140388 0.344272 -0.302086 8
0.118751 0.377162 -0.315832 8
0.070847 0.414916 -0.278561 8
0.060429 0.395796 -0.291024 8
0.127493 0.371802 -0.271134 8
0.084116 0.388181 -0.293353 8
0.150636 0.354898 -0.276600 8
0.098741 0.390186 -0.262624 8
0.136392 0.366456 -0.289198 8
0.086456 0.404672 -0.299738 8
0.089204 0.406131 -0.283971 8
0.146434 0.330331 -0.298460 8
0.098069 0.396213 -0.306093 8
