0.196158 0.478592 -0.366360 7
0.122003 0.397877 -0.356459 7
0.192194 0.417431 -0.306152 7
0.104579 0.354028 -0.318994 7
0.149106 0.380849 -0.296345 7
0.160991 0.435924 -0.366353 7
0.213240 0.460657 -0.328684 7
0.154230 0.408627 -0.326011 7
0.180069 0.442933 -0.328609 7
0.119052 0.362130 -0.289057 7
0.132155 0.380546 -0.330159 7
0.227508 0.479520 -0.357284 7
0.135756 0.405706 -0.384278 7
0.093112 0.371028 -0.343501 7
0.170986 0.400633 -0.295738 7
0.131624 0.381777 -0.272296 7
0.141139 0.418576 -0.357055 7
0.174622 0.461017 -0.364524 7
0.206344 0.435828 -0.320239 7
0.156820 0.430504 -0.340770 7
0.131325 0.363648 -0.311120 7
0.189868 0.461784 -0.341023 7
0.215686 0.480353 -0.378435 7
0.135605 0.403487 -0.339090 7
0.117252 0.366092 -0.339062 7
0.116801 0.339242 -0.307086 7
0.086012 0.341322 -0.320137 7
0.168228 0.417289 -0.314269 7
0.206602 0.475686 -0.349587 7
0.170637 0.446782 -0.345132 7
0.149665 0.389397 -0.313656 7
0.086003 0.356894 -0.331136 7
0.119292 0.398544 -0.378633 7
0.152016 0.393255 -0.282838 7
0.182153 0.427867 -0.318878 7
0.111748 0.337264 -0.323468 7
0.117169 0.380393 -0.348258 7
0.220508 0.468445 -0.341132 7
0.164714 0.423457 -0.328805 7
0.121898 0.358613 -0.322673 7
0.128171 0.375362 -0.286138 7
0.190653 0.471516 -0.353667 7
0.101512 0.341708 -0.307939 7
0.128223 0.389404 -0.341787 7
0.201430 0.451316 -0.327728 7
0.149305 0.418177 -0.336988 7
0.123096 0.354008 -0.303654 7
0.158611 0.441338 -0.352890 7
0.137043 0.373814 -0.302659 7
0.187540 0.471133 -0.375034 7
0.157689 0.406266 -0.312356 7
0.183786 0.408377 -0.299672 7
0.098721 0.334521 -0.319922 7
0.137736 0.372054 -0.321071 7
