0.087433 0.142583 0.101625 3
0.082554 0.150469 0.035503 3
0.131923 0.190037 0.095670 3
0.043699 0.136523 0.080983 3
0.114211 0.159742 0.069562 3
0.117588 0.160858 0.101805 3
0.074672 0.142635 0.072924 3
0.110164 0.185880 0.067245 3
0.103309 0.159757 0.042697 3
0.068478 0.132174 0.052795 3
0.035634 0.105492 0.071367 3
0.070966 0.131576 0.092290 3
0.091306 0.149624 0.060558 3
0.047799 0.137516 0.053070 3
0.091920 0.155118 0.086916 3
0.110939 0.186667 0.085950 3
0.102753 0.168836 0.059109 3
0.054577 0.123309 0.077593 3
0.102973 0.150172 0.102501 3
0.117919 0.171294 0.083180 3
0.077671 0.146064 0.052048 3
0.073953 0.147254 0.088670 3
0.106582 0.149385 0.082870 3
