-0.078448 0.133211 0.005819 6
0.113049 0.143608 -0.072818 5
0.180735 0.138861 0.084911 7
-0.079352 0.064822 0.135573 8
-0.120788 0.169291 0.099732 6
0.020891 0.102361 -0.039745 5
0.096904 0.088218 0.098337 7
-0.032083 0.060951 0.002921 6
0.128890 0.136325 0.132080 7
0.084766 0.123543 -0.019952 5
-0.041210 0.156307 0.050637 6
-0.022924 0.050631 0.158417 8
0.018475 -0.016811 0.145892 8
-0.116153 0.135133 0.046668 6
-0.014690 0.112447 0.014131 6
0.062971 0.124976 -0.068290 5
0.094075 0.039948 0.117922 7
0.130126 0.124572 0.082388 7
0.071830 -0.018358 0.136680 7
-0.081661 0.175511 0.071130 6
0.092222 0.075179 0.156236 7
0.025877 0.070988 -0.003930 5
-0.040229 0.045879 0.115429 8
0.015525 0.036931 0.148358 8
-0.043398 0.140970 -0.015808 6
-0.073283 0.112874 -0.035806 6
0.090184 0.114521 0.155378 7
0.171439 0.139027 0.122709 7
-0.077975 0.157759 0.038541 6
0.060221 0.104696 -0.037367 5
-0.132698 0.155812 0.069634 6
0.114331 0.093124 0.135887 7
0.075224 0.068518 0.124954 7
-0.054891 0.108680 -0.006578 6
0.068983 0.016704 0.122352 7
-0.037985 0.125085 0.038832 6
-0.052488 0.065651 0.156968 8
-0.087798 0.065275 0.166861 8
-0.018057 0.028155 0.136180 8
0.126846 0.098350 0.102760 7
0.076482 0.141424 -0.092035 5
-0.053982 0.150203 0.016453 6
0.089782 0.120697 -0.052350 5
0.010648 0.007811 0.129476 8
0.109295 0.143649 -0.101363 5
-0.106036 0.187491 0.079940 6
0.154200 0.138470 0.074575 7
-0.033530 0.111346 -0.026388 6
0.069577 0.041714 0.135383 7
0.125399 0.083477 0.159619 7
0.020773 0.065986 -0.034217 5
0.083382 -0.002463 0.155704 7
-0.034830 0.094197 0.014787 6
0.154900 0.125345 0.106229 7
-0.107945 0.161845 0.060878 6
0.011077 0.083823 -0.056551 5
-0.094850 0.135526 0.025923 6
0.030579 0.094569 -0.017318 5
0.154259 0.122460 0.131776 7
-0.037841 0.126373 0.004359 6
-0.106323 0.057687 0.151215 8
0.012565 0.013437 0.156275 8
0.087133 0.143664 -0.061778 5
-0.064022 0.161215 0.059259 6
0.071829 0.132179 -0.039944 5
0.031500 0.113729 -0.058784 5
-0.039636 0.058346 0.136453 8
0.096602 0.068078 0.113879 7
0.115911 0.100480 0.081630 7
0.094066 0.059004 0.135680 7
-0.069221 0.135508 0.027434 6
0.002294 0.033227 0.126271 8
-0.068000 0.049985 0.149794 8
-0.110510 0.146412 0.077499 6
0.126968 0.121855 0.115065 7
-0.067665 0.123388 -0.016734 6
-0.035665 0.098410 -0.006971 6
0.097179 0.134608 -0.085745 5
-0.026690 0.132068 0.021911 6
0.120428 0.112377 0.143260 7
-0.063645 0.119019 0.012099 6
0.107272 0.093776 0.115948 7
0.057195 0.119488 -0.022595 5
-0.072358 0.076118 0.157917 8
0.087540 0.082695 0.133726 7
-0.064900 0.053241 0.126618 8
0.041687 0.096084 -0.039261 5
0.019791 0.029568 0.166942 8
-0.060873 0.151755 -0.002682 6
-0.022993 0.079029 0.003507 6
0.101636 0.126716 -0.067424 5
-0.053677 0.106064 -0.039091 6
-0.068576 0.158217 0.078373 6
-0.010910 0.046407 0.137024 8
0.180206 0.144614 0.103477 7
0.045975 0.117780 -0.039038 5
0.163920 0.139798 0.094049 7
0.142207 0.135114 0.092795 7
-0.068692 0.174252 0.038571 6
0.088417 0.088815 0.116099 7
0.129171 0.107570 0.127515 7
-0.011272 0.017755 0.122599 8
0.009720 0.067127 -0.019668 5
-0.110410 0.143566 0.030731 6
-0.091456 0.162309 0.049548 6
0.057567 0.126570 -0.049510 5
0.094886 0.134056 -0.041759 5
0.039162 0.079042 -0.018675 5
0.000258 0.027897 0.148180 8
-0.082467 0.047576 0.139847 8
-0.070764 0.147101 0.050649 6
-0.027483 0.114014 -0.006380 6
0.074146 0.139147 -0.072426 5
0.111035 0.107332 0.126150 7
0.104507 0.054767 0.121772 7
0.111972 0.107150 0.103606 7
0.102976 0.076989 0.127229 7
0.126992 0.148728 -0.081466 5
0.041735 0.107636 -0.017491 5
-0.122404 0.163579 0.080886 6
0.073676 0.052527 0.147894 7
-0.022413 0.040841 0.125688 8
0.075321 0.002410 0.141618 7
0.081861 0.029671 0.123336 7
0.096219 0.148209 -0.075045 5
-0.039427 0.052835 0.159407 8
-0.017065 0.068087 -0.007587 6
-0.092948 0.066990 0.147905 8
-0.113103 0.141244 0.061921 6
-0.050296 0.151608 0.037601 6
-0.051317 0.124653 -0.018997 6
0.017185 0.080416 -0.026021 5
-0.109294 0.151803 0.047893 6
-0.093995 0.174911 0.081669 6
