0.209780 0.734732 0.256424 3
0.238718 0.327720 0.165921 3
0.190228 0.088825 0.121703 3
0.227153 0.539224 0.177941 3
0.199092 -0.018469 0.038555 3
0.186203 0.225730 0.093451 3
0.228748 0.437843 0.144285 3
0.214517 0.636743 0.211152 3
0.189648 -0.111446 0.030975 3
0.217800 0.168777 0.147764 3
0.156881 0.046167 0.060094 3
0.233214 0.248239 0.157833 3
0.165309 0.148989 0.081402 3
0.204417 0.300050 0.105826 3
0.226599 0.376213 0.122006 3
0.211705 0.042118 0.087621 3
0.239115 0.477904 0.187887 3
0.159800 -0.061481 0.035044 3
0.219215 0.133966 0.097740 3
0.185530 0.095567 0.063755 3
0.248433 0.382000 0.175169 3
0.220908 0.687004 0.235051 3
0.191602 -0.161529 0.005291 3
0.236506 0.589330 0.208639 3
0.228385 0.213121 0.119955 3
0.178676 -0.000517 0.082004 3
0.205261 0.181283 0.092405 3
0.218968 0.257266 0.112481 3
0.203289 -0.066192 0.027132 3
0.205361 0.126879 0.138457 3
0.235741 0.293887 0.135294 3
0.193433 0.023281 0.047641 3
0.157375 -0.012798 0.046002 3
0.216779 0.085811 0.089436 3
0.212916 0.339122 0.112503 3
0.169283 -0.195272 -0.002873 3
0.248219 0.420882 0.182529 3
0.165629 -0.129750 0.006290 3
0.181976 -0.039999 0.065719 3
0.181725 0.056746 0.105740 3
0.194137 0.061143 0.059100 3
0.176806 -0.085793 0.010358 3
0.236323 0.403619 0.148669 3
0.244277 0.513271 0.193693 3
0.227468 0.472270 0.155657 3
0.240696 0.354695 0.144905 3
0.171028 0.181107 0.088692 3
0.194463 0.128071 0.077210 3
0.224541 0.165087 0.113150 3
0.181045 -0.232097 -0.034299 3
0.159406 0.111437 0.073987 3
0.228070 0.502699 0.166164 3
0.223212 0.200169 0.151626 3
0.173445 -0.033870 0.026701 3
0.241091 0.558447 0.202637 3
0.185470 0.026448 0.097234 3
0.207499 0.008282 0.072470 3
0.180557 -0.082317 0.046541 3
0.202138 -0.132106 0.010668 3
0.157800 0.081083 0.067294 3
0.229087 0.658059 0.231572 3
0.242598 0.449130 0.168717 3
0.231899 0.326536 0.131952 3
0.192783 0.256055 0.098097 3
0.234390 0.284621 0.163556 3
0.216754 0.109274 0.114058 3
0.161404 0.016497 0.048435 3
0.188294 -0.206232 -0.023492 3
0.180987 -0.172395 -0.018616 3
0.235777 0.266210 0.134532 3
0.231466 0.238967 0.128950 3
0.218399 0.611065 0.203254 3
0.211830 0.714696 0.238685 3
0.202459 -0.047304 0.045980 3
0.212689 0.228229 0.104545 3
0.209787 0.062076 0.105095 3
0.200804 -0.021468 0.066853 3
0.177477 -0.147373 0.022183 3
0.165371 -0.101919 0.032023 3
0.202337 0.151047 0.086592 3
0.201168 -0.094878 0.014554 3
0.186458 -0.113801 0.001252 3
0.228020 0.188684 0.127405 3
0.178206 -0.003730 0.034343 3
0.246963 0.350943 0.171669 3
0.198158 -0.189304 -0.007050 3
0.221713 0.281744 0.118403 3
0.219024 0.140449 0.121956 3
0.214195 0.113952 0.083847 3
0.204982 0.205793 0.096631 3
0.223911 0.570066 0.189063 3
0.158803 -0.039601 0.046305 3
0.179212 0.043318 0.046166 3
0.210317 0.036749 0.059416 3
0.241867 0.378381 0.151763 3
0.176320 -0.145542 -0.009130 3
0.227892 0.223928 0.154642 3
0.212991 0.062400 0.074767 3
0.224989 0.194915 0.103780 3
0.240748 0.306395 0.155503 3
0.178168 -0.063164 0.017217 3
0.176457 -0.059877 0.054138 3
0.173163 -0.219844 -0.009882 3
0.211796 0.084071 0.113365 3
0.169150 -0.167401 0.008269 3
0.209268 0.000607 0.047362 3
0.232486 0.625374 0.219490 3
0.198071 0.278607 0.101286 3
0.228353 0.398869 0.128004 3
0.180798 0.201272 0.090432 3
0.172621 0.063835 0.052439 3
0.203279 0.085269 0.071865 3
0.227942 0.347948 0.128363 3
0.234704 0.532305 0.198670 3
0.167906 -0.122990 0.026817 3
0.201917 0.104468 0.131018 3
0.242834 0.421168 0.159404 3
0.172887 -0.014614 0.067163 3
0.188829 0.167462 0.086805 3
0.173733 0.020063 0.080374 3
0.213318 0.669046 0.222865 3
0.214425 0.316839 0.112772 3
0.242290 0.402340 0.175663 3
0.168346 0.129838 0.073966 3
0.198311 -0.088928 0.033819 3
0.182771 -0.244692 -0.017454 3
0.220616 0.154866 0.094558 3
0.219796 0.149644 0.139993 3
0.184926 -0.180535 0.006507 3
0.198448 0.040635 0.102518 3
0.163312 -0.075787 0.021383 3
0.173986 -0.027069 0.048793 3
0.197633 -0.066515 0.046295 3
0.196527 0.009781 0.088781 3
0.194925 -0.038625 0.030007 3
0.234627 0.517589 0.177088 3
0.219503 0.588089 0.194478 3
0.175949 -0.190391 -0.023144 3
0.225574 0.304242 0.123397 3
0.209826 0.026124 0.077783 3
0.194333 0.070949 0.117943 3
0.200126 0.106989 0.073734 3
0.237499 0.483798 0.170290 3
0.189087 -0.133062 -0.002552 3
0.229662 0.415717 0.135773 3
0.233430 0.607532 0.213588 3
0.188057 -0.128461 0.024013 3
0.185551 0.077400 0.058895 3
0.239897 0.457214 0.185006 3
0.195636 -0.009924 0.079679 3
0.176159 0.041562 0.094673 3
0.233003 0.553159 0.187561 3
0.233321 0.267037 0.160493 3
0.229931 0.455586 0.149723 3
0.239981 0.495315 0.184581 3
0.223359 0.651332 0.215867 3
0.186422 0.146450 0.080562 3
0.185637 -0.208920 -0.004013 3
0.190639 -0.075438 0.016092 3
0.221354 0.177713 0.101439 3
0.164875 -0.111806 0.013690 3
0.229962 0.222876 0.137349 3
0.204051 -0.030965 0.051828 3
0.172285 -0.257590 -0.012581 3
0.237818 0.335551 0.145493 3
0.166723 0.095158 0.062767 3
0.207531 0.019050 0.059002 3
0.238534 0.278561 0.146219 3
0.165311 -0.076425 0.041445 3
0.198743 -0.114541 0.016913 3
0.161167 -0.045065 0.030257 3
0.232042 0.365198 0.133711 3
0.233601 0.388204 0.140681 3
0.218630 0.357086 0.117529 3
0.205151 0.243137 0.101637 3
0.192351 0.002632 0.040932 3
0.224910 0.229201 0.116085 3
0.157608 0.062751 0.062594 3
0.218375 0.098821 0.099875 3
0.180229 0.118672 0.070401 3
0.194093 -0.161989 -0.011203 3
0.164703 0.035722 0.048789 3
0.203011 0.026907 0.092863 3
0.179058 0.019186 0.040557 3
0.219060 0.210265 0.105290 3
0.183713 -0.021521 0.030073 3
0.197578 -0.219202 -0.015583 3
0.214674 0.118934 0.126983 3
0.233347 0.573388 0.208625 3
0.165931 -0.151594 0.007373 3
0.186743 -0.050502 0.022403 3
0.200986 -0.173872 0.000781 3
0.208890 0.131604 0.085606 3
0.237373 0.314425 0.141983 3
0.207311 0.266616 0.106355 3
0.241172 0.363980 0.158450 3
0.240717 0.440048 0.181608 3
0.192685 -0.144726 0.012008 3
0.213461 0.066281 0.090058 3
0.193323 0.046232 0.054232 3
0.240628 0.344185 0.159122 3
0.186295 -0.096091 0.040673 3
0.156395 -0.000991 0.055952 3
0.226312 0.183598 0.141859 3
0.166866 -0.023082 0.035498 3
0.243853 0.393481 0.163310 3
0.224812 0.173925 0.129483 3
0.237191 0.435748 0.156785 3
0.240064 0.469178 0.166906 3
0.219379 0.700119 0.242558 3
0.156237 0.027563 0.058351 3
0.206693 -0.004475 0.064334 3
0.176458 -0.100102 0.005467 3
0.166716 0.003139 0.041365 3
0.227079 0.487685 0.160096 3
0.164508 -0.096997 0.016241 3
0.220230 0.146554 0.107061 3
0.203208 -0.051657 0.030753 3
0.187994 -0.220592 -0.027784 3
0.188116 -0.023601 0.074402 3
0.186676 -0.259683 -0.015856 3
0.231848 0.239952 0.143719 3
0.231820 0.639205 0.224687 3
0.217868 0.242582 0.111200 3
0.193687 0.194331 0.092048 3
0.213475 0.076691 0.078136 3
0.208482 0.047800 0.068873 3
0.228929 0.202832 0.130998 3
0.199707 0.229752 0.098045 3
0.176321 -0.125522 -0.002665 3
0.192796 -0.234300 -0.026089 3
0.218483 0.115006 0.097652 3
0.171129 -0.047620 0.048681 3
0.187168 0.181858 0.089121 3
0.192909 -0.192979 -0.020415 3
0.214400 0.075658 0.102251 3
0.181801 -0.161043 0.015518 3
0.175417 -0.160378 -0.013829 3
0.172945 -0.047841 0.022817 3
0.198927 0.054273 0.109338 3
0.229438 0.599552 0.202140 3
0.241630 0.365402 0.172334 3
0.209619 0.682003 0.228548 3
0.224521 0.672567 0.230393 3
0.243229 0.407326 0.160988 3
0.204368 -0.031342 0.037834 3
0.194704 -0.033854 0.065579 3
0.235994 0.294499 0.150225 3
0.193212 0.212445 0.093721 3
0.175125 0.158614 0.082769 3
0.236060 0.261434 0.148266 3
0.225807 0.179264 0.116884 3
0.228759 0.254217 0.121572 3
0.228551 0.199737 0.117149 3
0.217372 0.136817 0.135975 3
0.214579 0.100349 0.084986 3
0.184539 -0.232057 -0.012696 3
0.212575 0.098371 0.121019 3
0.198541 -0.202380 -0.010626 3
0.224528 0.320935 0.122052 3
0.173134 0.084070 0.058408 3
0.176430 -0.027652 0.067752 3
0.241574 0.545751 0.198016 3
0.212703 0.192024 0.098968 3
0.222884 0.157500 0.124177 3
0.172406 -0.001194 0.065917 3
0.209136 0.168453 0.093606 3
0.228722 0.623957 0.206650 3
0.191819 -0.047695 0.060833 3
0.162073 -0.085518 0.030529 3
0.167290 0.048771 0.049991 3
0.219539 0.123296 0.115354 3
0.202290 -0.083682 0.021628 3
0.183384 0.010161 0.089328 3
0.189641 -0.097973 0.009084 3
0.201403 -0.151311 0.004728 3
0.180708 0.135524 0.076057 3
0.188131 0.244079 0.096005 3
0.227047 0.270167 0.120898 3
0.218002 0.293704 0.115362 3
0.179718 -0.192296 0.004027 3
0.233817 0.575548 0.195116 3
0.239445 0.368657 0.143604 3
0.177304 -0.109310 0.033744 3
0.240927 0.391183 0.150782 3
0.192189 -0.145358 -0.004377 3
0.209052 0.725741 0.244550 3
0.193987 -0.081762 0.043515 3
0.204154 0.119790 0.078428 3
0.198247 0.140373 0.080897 3
0.173093 0.008220 0.074643 3
0.239112 0.320236 0.153143 3
0.172201 -0.089366 0.040098 3
0.206264 0.071888 0.113729 3
0.172115 -0.136350 0.025183 3
0.207513 -0.010848 0.052226 3
0.199509 0.074753 0.066224 3
0.229126 0.236416 0.157691 3
0.185923 -0.067896 0.052667 3
0.188520 -0.010850 0.034366 3
0.174673 0.029458 0.088461 3
0.189904 0.035134 0.048838 3
0.232300 0.282365 0.132429 3
0.230772 0.314299 0.131590 3
0.160032 -0.051815 0.045514 3
0.190404 -0.063886 0.020195 3
0.178437 0.031493 0.043103 3
0.183046 0.106562 0.068502 3
0.226997 0.212321 0.150946 3
0.212686 0.276744 0.110453 3
0.201308 0.093352 0.126102 3
0.185438 -0.220703 -0.008476 3
0.158118 -0.028125 0.050012 3
0.212952 0.089482 0.077688 3
0.227533 0.635536 0.209767 3
0.226448 0.524627 0.171822 3
0.213671 0.658255 0.217397 3
0.212937 0.055177 0.085526 3
0.243807 0.435691 0.170869 3
0.227904 0.384108 0.130882 3
0.198413 -0.104567 0.026680 3
0.217219 0.697612 0.231009 3
0.240291 0.523400 0.185834 3
0.210725 0.052966 0.097512 3
0.222517 0.336116 0.118787 3
0.197335 -0.122353 0.005953 3
0.234264 0.254108 0.139129 3
0.184927 0.054242 0.051987 3
0.242624 0.475350 0.176897 3
0.166583 -0.011623 0.038278 3
0.189168 -0.180324 -0.015660 3
0.201230 -0.075607 0.033794 3
0.185729 0.037227 0.101759 3
0.167777 0.118697 0.070384 3
0.194464 0.267470 0.099625 3
0.173338 -0.181033 0.006438 3
0.206270 0.285482 0.106340 3
0.245366 0.468319 0.186256 3
0.221229 0.135762 0.111033 3
0.169204 0.168123 0.085524 3
0.176599 -0.074175 0.014158 3
0.206547 0.017222 0.084300 3
0.232904 0.427578 0.147103 3
0.223684 0.559640 0.184405 3
0.202175 -0.057396 0.040553 3
0.235085 0.344978 0.136736 3
0.235444 0.521240 0.196449 3
0.238045 0.316469 0.164991 3
0.199568 -0.107179 0.008395 3
0.167820 -0.144696 0.016039 3
0.166673 0.072335 0.056727 3
0.174101 -0.071639 0.046448 3
0.238251 0.508656 0.182748 3
0.201209 -0.000251 0.079468 3
0.215640 0.142703 0.091819 3
0.223292 0.663518 0.219307 3
0.176702 -0.256211 -0.022659 3
0.198879 -0.006219 0.042332 3
0.207336 -0.219659 -0.024294 3
0.195405 0.093662 0.068338 3
0.172472 -0.205704 -0.004618 3
0.222277 0.157545 0.105431 3
0.228142 0.226620 0.126289 3
0.234289 0.531582 0.181617 3
0.164526 -0.035619 0.034742 3
0.192350 -0.059172 0.054383 3
0.237205 0.459646 0.162309 3
0.238318 0.416513 0.150568 3
0.158480 0.094241 0.069932 3
0.204365 0.116622 0.134900 3
0.201571 0.013949 0.051494 3
0.227994 0.513049 0.169445 3
0.172888 0.110147 0.066215 3
0.225910 0.292580 0.122615 3
0.241848 0.413909 0.177315 3
0.206544 -0.021415 0.045768 3
0.202330 0.044680 0.059946 3
0.184208 -0.034259 0.026500 3
0.223726 0.160437 0.134505 3
0.204711 0.084104 0.121460 3
0.224747 0.362592 0.124430 3
0.231536 0.563120 0.191969 3
0.219270 0.599585 0.198758 3
0.194799 0.158593 0.085877 3
0.200795 0.033453 0.055876 3
0.173579 -0.037647 0.059611 3
0.181545 -0.268656 -0.009691 3
0.234721 0.493989 0.169038 3
0.177398 -0.010638 0.075929 3
0.205913 0.253475 0.103974 3
0.245374 0.373317 0.166314 3
0.207580 0.310437 0.107808 3
0.207500 0.220300 0.099823 3
0.207049 0.058443 0.067025 3
0.217860 0.130890 0.126218 3
0.232117 0.401924 0.139199 3
0.172799 -0.017596 0.057104 3
0.237637 0.505199 0.193821 3
0.236864 0.300315 0.163050 3
0.173424 -0.015971 0.031598 3
0.215741 0.092629 0.107839 3
0.163441 -0.063999 0.044466 3
0.210221 0.039292 0.074606 3
0.176202 -0.115275 0.000432 3
0.166350 -0.142486 0.002405 3
0.199911 0.169642 0.089013 3
0.180990 0.216929 0.091814 3
0.227253 0.334896 0.127919 3
0.190940 -0.177695 -0.001383 3
0.223623 0.218815 0.112858 3
0.211255 0.106869 0.127544 3
0.230209 0.589467 0.200556 3
0.186817 0.046632 0.105642 3
0.238971 0.445591 0.158898 3
0.214361 0.718575 0.249525 3
0.222220 0.190029 0.151152 3
0.233414 0.302438 0.130297 3
0.165025 -0.250586 -0.013719 3
0.240114 0.331466 0.154458 3
0.242519 0.390047 0.172683 3
0.167828 0.013175 0.041437 3
0.221915 0.146366 0.129554 3
0.209435 0.700576 0.236574 3
0.191449 -0.029174 0.031148 3
0.214413 0.329251 0.112637 3
0.186628 0.066833 0.113110 3
0.242918 0.461420 0.172470 3
0.159440 0.005928 0.049488 3
0.193354 0.114206 0.072773 3
0.180822 0.189504 0.088972 3
0.186400 -0.086327 0.012806 3
0.167884 0.140266 0.077491 3
0.245898 0.487465 0.185688 3
0.216925 0.157351 0.145483 3
0.229167 0.206451 0.140193 3
0.195589 -0.155148 -0.004248 3
0.223772 0.548375 0.179344 3
0.185952 0.009957 0.039418 3
0.200412 -0.042366 0.054215 3
0.228689 0.191745 0.136693 3
0.196921 -0.140896 0.002956 3
0.208837 0.158925 0.091343 3
0.192733 -0.119873 0.024380 3
0.166343 0.024377 0.045562 3
0.219265 0.682806 0.226446 3
0.241369 0.354864 0.161696 3
0.190655 -0.195370 -0.006497 3
0.234324 0.505705 0.172880 3
0.207851 0.030342 0.066197 3
0.228542 0.241647 0.120203 3
0.177182 -0.124043 0.029051 3
0.207598 0.072824 0.071608 3
0.211732 0.302770 0.111798 3
0.193406 -0.132155 0.016970 3
0.222206 0.150538 0.115547 3
0.237556 0.535238 0.190007 3
0.179927 -0.204752 -0.027902 3
0.181914 -0.138064 -0.007052 3
0.187420 -0.140435 0.018743 3
0.230682 0.217637 0.128348 3
0.218330 0.131754 0.087054 3
0.160360 0.054482 0.056959 3
0.197803 -0.165228 -0.001704 3
0.174499 0.147795 0.079230 3
0.186441 -0.152822 0.014471 3
0.245654 0.427400 0.176131 3
0.233585 0.442489 0.151180 3
0.234370 0.286316 0.140805 3
0.219447 0.622605 0.207909 3
0.207556 0.102681 0.077689 3
0.216747 0.165176 0.098141 3
0.203914 -0.042997 0.034419 3
0.163987 -0.087838 0.018396 3
0.196124 -0.227920 -0.018751 3
0.232839 0.554267 0.204121 3
0.184995 -0.200280 -0.000519 3
0.224247 0.175412 0.146474 3
0.191991 0.082500 0.063225 3
0.209879 0.008910 0.051377 3
0.181465 -0.169800 0.012586 3
0.233014 0.564455 0.206292 3
0.239334 0.283005 0.154267 3
0.225979 0.430003 0.140298 3
0.245488 0.451255 0.180801 3
0.195921 0.009718 0.045557 3
0.232176 0.251237 0.129551 3
0.243817 0.382249 0.159847 3
0.205101 -0.019237 0.059078 3
0.236275 0.269881 0.151797 3
0.192038 0.105368 0.069668 3
0.180272 -0.053200 0.059036 3
0.178125 -0.100861 0.037062 3
0.178771 0.072487 0.055296 3
0.244649 0.334394 0.167732 3
0.191665 0.232814 0.095029 3
0.165125 -0.109875 0.027657 3
0.232135 0.477878 0.161044 3
0.233056 0.379411 0.138597 3
0.208169 0.000911 0.056332 3
0.212775 0.181146 0.097391 3
0.160762 -0.002187 0.045545 3
0.229677 0.610213 0.205842 3
0.220392 0.272757 0.115427 3
0.156879 0.014078 0.055820 3
0.200196 0.065266 0.114167 3
0.211593 0.210820 0.100334 3
0.214760 0.078100 0.093558 3
0.160834 -0.024372 0.042331 3
0.184336 -0.161118 -0.014095 3
