-0.040377 0.216500 -0.022220 6
-0.039558 0.123684 -0.001390 6
-0.019513 0.024336 0.013903 6
-0.011831 0.078317 0.021321 6
-0.029576 0.172624 -0.005107 6
-0.040757 0.254924 -0.028641 6
-0.034898 0.053841 0.021340 6
-0.015742 0.107762 0.011285 6
-0.005842 0.044128 0.031637 6
-0.038053 0.084633 0.011016 6
-0.038620 0.192834 -0.016705 6
-0.025315 0.143246 0.000766 6
-0.016050 0.059318 0.012076 6
-0.033118 0.103630 0.000076 6
-0.028764 0.034411 0.028568 6
-0.037114 0.152687 -0.010870 6
-0.004959 0.024170 0.025464 6
-0.033953 0.067508 0.010465 6
-0.022930 0.124485 0.001487 6
-0.039789 0.233076 -0.024984 6
-0.030425 -0.047740 0.024250 6
-0.011851 0.045030 0.016714 6
-0.007649 0.060179 0.024910 6
-0.025134 0.088464 0.004068 6
-0.014591 0.093865 0.016265 6
-0.027703 0.044713 0.012297 6
-0.036465 0.178000 -0.016036 6
-0.018419 0.073374 0.010296 6
-0.033748 0.204171 -0.016784 6
-0.032747 0.132607 -0.005666 6
-0.039894 0.168296 -0.009466 6
-0.029179 0.160823 -0.004545 6
-0.010218 0.031577 0.018317 6
-0.023214 0.109890 0.002856 6
-0.039138 0.081023 0.091884 6
