-0.224525 0.600189 -0.160560 9
-0.062947 0.449745 -0.164907 8
0.058558 0.553659 -0.229384 8
-0.193298 0.560924 -0.282331 9
-0.145507 0.526087 -0.180401 9
-0.273318 0.657686 -0.228812 9
-0.035677 0.515595 -0.226247 8
0.010485 0.525466 -0.294206 8
-0.137819 0.507784 -0.258707 9
-0.109022 0.436231 -0.286162 8
-0.194095 0.561239 -0.213420 9
-0.104089 0.454018 -0.221174 8
-0.226529 0.607217 -0.247826 9
-0.178191 0.563369 -0.132313 9
0.079841 0.541667 -0.289528 8
-0.079379 0.493478 -0.249028 8
-0.101216 0.494433 -0.188046 9
-0.026012 0.499677 -0.177368 8
-0.238117 0.628465 -0.200079 9
0.008515 0.531873 -0.243659 8
-0.144408 0.491402 -0.215546 9
-0.164967 0.543470 -0.248724 9
-0.044270 0.514254 -0.278866 8
-0.059325 0.479273 -0.196066 8
-0.089123 0.419797 -0.178501 8
-0.177924 0.548898 -0.170953 9
0.042377 0.540697 -0.275080 8
-0.277897 0.655530 -0.190395 9
-0.171707 0.525766 -0.215021 9
-0.145591 0.550406 -0.146565 9
-0.208667 0.594603 -0.204884 9
-0.112229 0.489032 -0.232755 9
0.039856 0.522975 -0.222802 8
-0.201246 0.581436 -0.250736 9
-0.241972 0.636383 -0.236549 9
-0.200222 0.573804 -0.164111 9
-0.019122 0.525296 -0.259883 8
-0.044708 0.479220 -0.160667 8
-0.006086 0.513744 -0.214116 8
-0.072306 0.473524 -0.225321 8
-0.036217 0.435704 -0.173465 8
0.079295 0.547891 -0.252155 8
-0.048425 0.499818 -0.250088 8
-0.165724 0.516096 -0.160615 9
-0.059015 0.507072 -0.205705 8
-0.072702 0.520068 -0.275097 8
-0.014183 0.513974 -0.291272 8
-0.072560 0.452430 -0.190394 8
-0.163273 0.548194 -0.202127 9
-0.220562 0.611057 -0.185069 9
-0.127931 0.506274 -0.175085 9
-0.177388 0.565086 -0.233804 9
-0.125433 0.477372 -0.204664 9
-0.160565 0.546665 -0.123880 9
-0.004355 0.502367 -0.191305 8
0.052938 0.536182 -0.297642 8
-0.140736 0.516364 -0.235448 9
0.035856 0.541402 -0.251003 8
-0.149925 0.512377 -0.200693 9
-0.063386 0.507437 -0.231904 8
-0.240370 0.626164 -0.175720 9
-0.091361 0.473296 -0.194987 8
-0.225426 0.617381 -0.217174 9
0.005577 0.534805 -0.272893 8
-0.183173 0.563950 -0.188540 9
-0.203169 0.586617 -0.226538 9
-0.252915 0.642961 -0.211565 9
-0.223649 0.591284 -0.264783 9
-0.207031 0.581305 -0.185205 9
-0.035864 0.515468 -0.202957 8
0.013326 0.523761 -0.222083 8
-0.012107 0.519223 -0.238710 8
-0.242172 0.616035 -0.262139 9
-0.257833 0.645675 -0.185554 9
-0.178013 0.542322 -0.267399 9
-0.211067 0.589332 -0.146398 9
0.066507 0.543830 -0.271818 8
-0.081672 0.493698 -0.226104 8
-0.121074 0.506833 -0.244113 9
-0.099246 0.502565 -0.249648 8
-0.045136 0.487652 -0.180825 8
-0.185255 0.562682 -0.253499 9
-0.131003 0.501993 -0.203115 9
-0.097385 0.481747 -0.248030 8
-0.164340 0.553848 -0.155263 9
-0.053755 0.491754 -0.218989 8
-0.269604 0.661130 -0.208669 9
-0.177313 0.548079 -0.221960 9
-0.062878 0.472037 -0.177451 8
-0.202694 0.567984 -0.265909 9
0.055399 0.546068 -0.251244 8
-0.093810 0.477851 -0.228006 8
-0.120204 0.487265 -0.188050 9
-0.032104 0.518331 -0.245672 8
0.088525 0.545187 -0.269299 8
-0.144401 0.516251 -0.163463 9
-0.078774 0.436220 -0.181345 8
-0.067582 0.506593 -0.291300 8
-0.075220 0.468192 -0.206944 8
-0.212436 0.595460 -0.241010 9
-0.102543 0.491976 -0.207114 9
-0.134180 0.526529 -0.256846 9
-0.155697 0.511549 -0.224632 9
0.034490 0.537849 -0.293426 8
-0.162279 0.530436 -0.188186 9
-0.071253 0.505980 -0.262472 8
-0.183968 0.565352 -0.149988 9
-0.255648 0.648680 -0.233689 9
-0.157770 0.528933 -0.239892 9
-0.129714 0.497607 -0.230796 9
-0.148870 0.533995 -0.153461 9
-0.046122 0.516296 -0.257133 8
-0.044302 0.461327 -0.161983 8
