0.512433 -0.007996 0.030005 1
-0.116398 -0.990775 0.069405 0
-0.515880 -0.019501 0.077402 2
-0.090916 0.057737 -0.503640 4
0.009919 0.220828 0.321386 3
-0.028299 -0.385483 0.012485 0
-0.018336 0.142766 -0.094563 0
-0.074527 -0.685117 0.069550 0
0.236955 0.116544 0.074534 1
-0.241939 0.092067 0.100658 2
0.016454 -0.116425 -0.012300 0
-0.163508 0.142022 -0.288388 4
-0.074945 0.255415 0.103891 3
0.109685 0.128384 -0.279424 6
-0.373177 0.045232 -0.041767 2
0.377551 0.094104 -0.058603 1
0.089936 0.217428 0.031478 5
0.102437 0.037756 -0.011283 0
-0.197337 0.107705 -0.064871 2
0.390632 0.067883 0.109747 1
-0.024756 0.130201 -0.370609 4
-0.066503 0.023315 0.001934 0
-0.069668 -0.523914 0.069898 0
-0.094546 -0.838583 0.046721 0
0.022365 0.161704 0.179394 3
-0.375286 0.022199 0.119693 2
0.216970 0.117881 -0.073584 1
-0.035682 0.173331 -0.231548 4
-0.022160 -0.247556 0.003677 0
-0.105724 0.243450 0.232223 3
-0.155589 0.108989 -0.409267 4
-0.144341 0.179815 -0.173211 7
-0.086869 0.209332 -0.008740 2
-0.134400 0.092368 0.059593 2
0.452887 -0.018967 0.118113 1
-0.278840 0.082740 -0.003173 2
-0.002862 0.254942 0.223253 3
0.059977 0.174267 -0.191488 6
-0.453581 -0.006022 -0.002054 2
0.439639 0.062166 0.020520 1
0.322828 0.088847 0.028111 1
0.022974 -0.016899 -0.033229 0
-0.006431 0.155017 0.005190 0
0.019951 0.230600 0.110725 3
-0.086705 0.234485 0.326988 3
0.532421 -0.088523 0.075015 1
0.165405 0.099849 0.010570 1
-0.041710 -0.609095 0.032573 0
0.000619 0.069755 -0.045277 0
-0.352378 0.060423 0.043314 2
-0.083611 0.167638 -0.312107 4
0.154600 0.211601 0.088340 5
0.545154 -0.011131 0.108730 1
-0.126084 0.083647 -0.028380 2
-0.448947 0.030042 0.076992 2
-0.076142 0.100994 -0.434192 4
0.293949 0.107432 -0.045717 1
-0.050559 0.186854 0.381457 3
-0.098184 -0.759257 0.055793 0
-0.066981 0.178871 -0.158797 7
-0.098377 -0.917439 0.048349 0
-0.050291 -0.463927 0.023311 0
-0.205612 0.086609 0.028631 2
-0.007531 0.227111 0.038566 0
-0.310270 0.061865 0.109209 2
0.317941 0.097370 0.101811 1
-0.007756 0.157493 -0.303899 4
-0.059367 0.264716 0.174603 3
-0.114390 0.166838 -0.240494 4
0.476339 0.038146 0.079403 1
-0.154673 0.070531 -0.470647 4
0.237078 0.096425 0.002911 1
-0.011373 -0.181603 -0.017705 0
-0.168520 0.079866 -0.319413 4
-0.029840 -0.313452 0.023056 0
-0.108758 0.138443 -0.368906 4
0.050563 0.153679 -0.256341 6
-0.025045 -0.058919 -0.009440 0
0.475549 0.024277 -0.022531 1
0.001079 0.180185 -0.159164 6
-0.123574 0.253243 0.162499 3
-0.047574 0.257910 0.272155 3
-0.408149 0.037567 0.020417 2
0.029279 0.224420 0.174894 3
-0.319968 0.082246 -0.050684 2
0.151611 0.099337 -0.050521 1
0.379062 0.074610 0.004752 1
-0.262949 0.103520 -0.059146 2
-0.459567 -0.022622 0.103663 2
0.428871 0.075143 -0.036589 1
-0.291424 0.071007 0.052903 2
0.006753 0.127385 -0.045186 0
0.419821 0.039072 0.069541 1
0.499054 -0.050187 0.108484 1
-0.073331 -0.630688 0.084861 0
0.023972 0.226434 0.264002 3
0.040190 -0.065726 -0.006512 0
-0.182411 0.095321 0.087918 2
0.363600 0.072344 0.061762 1
0.038142 0.201744 0.021855 5
-0.104536 0.069439 0.020147 2
-0.037764 -0.548417 0.033330 0
-0.012206 0.251656 0.151595 3
-0.023493 0.014603 -0.029025 0
0.493671 0.042482 0.028987 1
0.409885 0.015330 0.115959 1
0.069561 -0.009802 -0.008975 0
0.099520 0.225246 0.082942 5
-0.484320 0.011873 0.037057 2
-0.388768 0.028688 0.069239 2
-0.230256 0.093852 -0.019468 2
-0.027035 0.238553 0.085720 3
0.556188 -0.021522 0.054714 1
-0.405600 0.007222 -0.027827 2
-0.328046 0.063477 -0.003184 2
-0.073065 -0.582388 0.067893 0
-0.153445 0.122200 -0.343810 4
-0.157159 0.086670 0.012451 2
-0.037719 0.226269 0.338786 3
0.274918 0.103754 0.036778 1
0.011449 0.172626 -0.212732 6
-0.014437 0.080897 -0.375316 4
0.051370 0.229678 0.068178 5
-0.424771 0.028527 0.121128 2
0.500503 0.006398 0.121936 1
-0.497788 -0.065405 0.081910 2
0.197253 0.107748 -0.029345 1
0.533536 0.019475 0.069424 1
-0.056662 0.260440 0.224118 3
0.342418 0.094345 -0.020233 1
-0.123795 0.096668 -0.443978 4
-0.045325 0.191642 0.008703 0
0.093237 0.163521 -0.235782 6
-0.034990 0.152804 -0.183792 0
-0.047636 -0.419225 0.041136 0
-0.047537 0.169831 -0.280165 4
-0.034053 0.105263 -0.411879 4
-0.081418 -0.639001 0.038579 0
-0.107432 -0.876000 0.073363 0
0.121659 0.074635 0.011735 1
-0.094438 0.177666 -0.199015 7
-0.060408 0.070598 -0.470403 4
-0.086492 -0.802974 0.075451 0
-0.091301 0.053025 -0.025910 2
-0.490585 -0.033943 0.038826 2
0.498793 -0.009772 0.077330 1
-0.067518 0.151496 -0.353369 4
0.196137 0.108603 0.043510 1
-0.123067 0.162226 -0.286972 4
-0.352230 0.054980 0.094195 2
-0.029752 0.149626 -0.139128 0
0.333869 0.100638 -0.066672 1
-0.130439 0.037305 -0.503223 4
-0.173789 0.094666 -0.027767 2
-0.367375 0.044855 0.003308 2
-0.242194 0.084371 0.052786 2
-0.066462 0.127995 -0.393337 4
-0.043153 -0.019702 -0.004546 0
0.560221 -0.051828 0.085132 1
0.459243 0.023562 0.119950 1
-0.078860 -0.724507 0.086333 0
-0.048208 -0.506837 0.035449 0
-0.096236 -0.951709 0.074062 0
0.403796 0.070155 0.044986 1
0.283506 0.107247 0.078172 1
0.241244 0.111538 -0.036437 1
0.284156 0.106668 -0.004528 1
-0.016707 0.245148 0.298101 3
-0.007464 -0.288057 -0.001637 0
0.128925 0.215612 0.054848 5
-0.440854 0.004805 0.036088 2
-0.487183 0.009502 0.085115 2
-0.086843 0.249668 0.288347 3
-0.128446 0.232905 0.199125 3
-0.075373 0.178449 -0.247670 4
0.266359 0.117459 -0.073951 1
-0.107746 0.116771 -0.412481 4
0.526642 0.026968 0.011215 1
-0.099324 0.261715 0.196605 3
0.001389 0.187627 0.030799 5
-0.082027 -0.698517 0.032226 0
-0.002874 0.134358 -0.337068 4
-0.127222 0.148086 -0.328022 4
0.351694 0.071009 0.100981 1
-0.095177 -0.798852 0.036726 0
-0.083080 0.263369 0.142562 3
-0.073168 0.212404 0.360808 3
-0.011255 0.167945 -0.263760 4
-0.079358 -0.592789 0.030020 0
0.128041 0.076839 -0.027985 1
-0.115684 0.072489 -0.476580 4
0.459903 0.029345 0.044827 1
0.010554 0.030150 -0.040901 0
0.465764 0.061802 -0.027176 1
-0.107701 0.180467 -0.159839 7
0.042626 0.211011 0.135655 3
-0.002515 -0.213618 0.002448 0
0.006031 -0.075012 -0.026216 0
-0.013754 0.200905 0.355721 3
-0.037653 0.154579 -0.328849 4
-0.080461 -0.843918 0.082405 0
-0.462963 0.018257 0.113962 2
0.540084 -0.054691 0.045228 1
-0.239870 0.078515 0.014715 2
-0.031751 0.190225 -0.180715 0
-0.172305 0.104806 -0.291710 4
-0.035721 -0.352091 0.027669 0
-0.278245 0.080977 0.106999 2
-0.034992 0.254843 0.118223 3
0.025034 0.226765 0.226863 3
0.232755 0.109525 0.037824 1
-0.065304 0.234873 0.074904 3
-0.464183 -0.007950 0.061471 2
0.500739 0.004999 -0.004198 1
0.001728 -0.148941 -0.004488 0
-0.011063 -0.029860 -0.026609 0
-0.172844 0.089473 0.053166 2
-0.327166 0.063265 0.069223 2
0.436141 0.047171 -0.012296 1
-0.018862 0.157020 -0.028743 0
0.034506 0.159942 -0.170141 6
0.041807 0.191511 0.166056 3
-0.114393 -0.952551 0.042847 0
0.330422 0.085851 0.069966 1
-0.073493 -0.544435 0.031320 0
0.427259 0.046146 0.109300 1
0.528630 -0.036813 0.077321 1
0.449527 0.015025 0.084713 1
-0.019270 0.256952 0.191506 3
-0.043426 0.088686 -0.444686 4
-0.058949 0.175668 -0.199578 4
-0.010997 0.254651 0.264349 3
-0.114416 0.216721 0.012080 2
-0.417263 0.014793 0.084774 2
-0.424345 0.036932 0.052721 2
-0.160692 0.089214 -0.437892 4
0.049817 0.169129 -0.224752 6
-0.320550 0.051867 0.031276 2
0.003834 0.109978 -0.368202 4
0.544628 0.009084 0.035431 1
-0.214645 0.089277 0.075726 2
0.395236 0.071926 -0.027826 1
-0.289737 0.091860 -0.037208 2
-0.396867 0.037070 -0.012688 2
-0.229478 0.108191 -0.052898 2
0.078996 0.144020 -0.272888 6
-0.432681 0.020970 -0.004388 2
-0.084581 -0.726315 0.051989 0
0.185070 0.109054 -0.061268 1
-0.397231 0.042384 0.099319 2
0.390533 0.055111 0.076462 1
0.499702 0.043564 -0.004508 1
0.488619 0.012939 0.052685 1
-0.091453 0.171851 -0.279096 4
-0.149771 0.120583 -0.377897 4
-0.377866 0.031951 0.037282 2
-0.343682 0.063451 -0.035777 2
-0.062582 -0.666906 0.038888 0
-0.001290 0.102524 -0.066386 0
0.354782 0.078489 0.028871 1
-0.022665 -0.420560 0.018892 0
-0.050059 0.245976 0.314714 3
-0.020595 0.210062 0.069387 3
-0.081376 0.255550 0.255869 3
0.050312 -0.036309 -0.018730 0
-0.018673 -0.355047 -0.000896 0
0.468576 0.052719 0.004775 1
0.196898 0.108085 0.004624 1
0.159720 0.088026 -0.019719 1
0.016611 -0.039872 -0.010669 0
-0.269342 0.082422 0.028449 2
0.411683 0.071950 0.006613 1
-0.487885 -0.034747 0.087233 2
-0.262982 0.078482 0.077166 2
0.507909 0.020783 0.093699 1
0.314375 0.095415 -0.004189 1
-0.299796 0.075612 0.020639 2
0.305021 0.100323 0.052292 1
0.529853 -0.033632 0.021673 1
-0.017843 -0.091540 -0.012553 0
-0.060869 -0.610938 0.059787 0
0.165451 0.098207 0.042599 1
-0.023551 -0.398366 0.041980 0
0.073490 0.020899 -0.016524 0
-0.343414 0.054035 0.124596 2
0.014064 0.236380 0.142728 3
-0.008385 0.102339 -0.033133 0
0.477132 0.021644 0.011856 1
-0.193621 0.094243 -0.003276 2
0.439774 0.056287 0.052675 1
0.016537 0.239044 0.199315 3
-0.130958 0.072943 0.002614 2
-0.001929 0.130110 -0.015373 0
-0.085225 -0.904566 0.073291 0
-0.437773 -0.002138 0.111560 2
0.563156 -0.012756 0.083429 1
0.004520 0.004970 -0.020986 0
-0.462465 0.017225 0.016195 2
-0.032793 0.273409 0.157481 3
0.523270 -0.065587 0.098114 1
-0.502710 0.001833 0.059992 2
-0.353068 0.040579 0.067338 2
-0.056207 -0.572863 0.044455 0
-0.028576 -0.278773 0.018036 0
0.032400 0.211874 0.049829 5
-0.079610 0.050510 0.004263 2
-0.042155 0.197570 -0.214685 4
0.479688 -0.003080 0.102231 1
0.024392 0.159837 -0.238069 6
-0.457905 0.027919 0.045304 2
-0.042504 -0.476889 0.049377 0
-0.141653 0.153662 -0.264915 4
0.066684 0.195356 0.028674 5
-0.022273 0.178956 -0.008552 0
-0.096020 0.154144 -0.335826 4
-0.095810 0.085497 -0.458412 4
-0.099536 -0.988898 0.044865 0
-0.097626 -0.886360 0.047164 0
0.002111 0.224488 0.082218 3
-0.001970 0.162178 -0.109991 0
0.444739 0.046058 0.085386 1
0.525108 -0.007602 0.061279 1
0.391744 0.038350 0.112967 1
-0.292638 0.064444 0.085801 2
-0.154902 0.092615 -0.050226 2
-0.170578 0.118014 -0.320411 4
-0.456679 0.004126 0.088136 2
0.079297 0.225587 0.060595 5
-0.068467 -0.653435 0.067191 0
-0.010507 0.172598 -0.190186 6
-0.205610 0.102026 -0.037302 2
0.520098 0.027754 0.044997 1
-0.087757 0.240088 0.125871 3
-0.007077 -0.130032 -0.024587 0
-0.466433 -0.009393 0.028936 2
-0.154269 0.091247 0.082541 2
0.009958 0.233290 0.288361 3
-0.019608 0.205667 0.022494 0
-0.011465 0.238289 0.110047 3
0.370574 0.088987 -0.020502 1
-0.505998 -0.042096 0.062921 2
-0.401008 0.015660 0.109129 2
0.104383 0.148013 -0.256994 6
-0.367479 0.030943 0.093346 2
-0.076426 0.204069 0.017207 2
-0.027054 0.172771 -0.158734 0
0.497663 -0.021138 0.115767 1
-0.109160 -0.924842 0.073480 0
-0.049384 0.004281 -0.018278 0
-0.132153 0.082247 0.029311 2
0.439303 0.049308 -0.040868 1
-0.310831 0.077792 -0.020291 2
0.019795 0.088382 -0.054293 0
0.435382 0.003000 0.117278 1
0.027557 -0.091214 -0.018513 0
-0.056199 0.262277 0.134947 3
0.257740 0.109160 -0.013113 1
-0.417471 0.011301 0.021066 2
-0.154074 0.139847 -0.315184 4
-0.043948 -0.521359 0.058758 0
-0.052175 -0.549718 0.059250 0
0.451182 0.036667 0.019272 1
0.128793 0.221675 0.087274 5
-0.087978 -0.773535 0.077233 0
-0.494696 -0.009666 0.103603 2
-0.028799 0.259885 0.231358 3
-0.009881 0.132141 -0.070542 0
0.317196 0.098273 -0.034124 1
-0.263572 0.092544 -0.028711 2
-0.083573 0.254752 0.218049 3
0.005312 0.166953 -0.016500 0
-0.087422 0.064481 -0.477317 4
-0.096013 0.266792 0.166423 3
-0.055799 -0.451592 0.047018 0
-0.004854 -0.288748 0.027050 0
0.294410 0.095672 0.019534 1
-0.046978 0.263330 0.198820 3
0.351321 0.092897 0.005387 1
-0.006652 0.055001 -0.023667 0
-0.024043 0.104722 -0.386644 4
-0.107811 0.069960 -0.012619 2
0.029965 0.177535 -0.190236 6
-0.055373 0.235905 0.100070 3
0.254097 0.107964 0.054218 1
0.523037 -0.037998 0.108699 1
0.062670 0.220416 0.037459 5
-0.145901 0.056383 -0.492479 4
0.006352 0.240540 0.174586 3
-0.010084 0.178543 -0.134921 0
-0.101894 -0.829917 0.070902 0
-0.043039 0.211841 0.360629 3
0.501741 0.030516 0.069615 1
-0.042386 -0.379479 0.041921 0
-0.016732 -0.329177 0.006025 0
0.351174 0.099629 -0.044785 1
-0.036045 -0.441351 0.028437 0
0.476367 0.006250 0.077673 1
-0.015941 0.231465 0.320757 3
0.146428 0.089322 0.026491 1
-0.064574 0.025043 -0.024388 0
-0.375566 0.053107 0.053617 2
-0.084687 0.173297 -0.223579 4
-0.131345 0.117868 -0.400951 4
0.216621 0.103315 -0.012211 1
-0.049516 0.138507 -0.373003 4
-0.415418 0.042133 0.076825 2
0.420094 0.049275 0.036967 1
0.014110 0.244175 0.247617 3
-0.106957 0.256210 0.134977 3
-0.348301 0.045092 0.020926 2
-0.126448 0.257330 0.190577 3
0.379447 0.078282 0.036919 1
0.534064 0.009315 0.093281 1
0.076663 0.171474 -0.217514 6
-0.400547 0.022200 0.045138 2
0.030687 0.190238 0.189419 3
0.417993 0.057872 0.087262 1
-0.012257 0.121957 -0.108701 0
0.400809 0.086671 -0.050025 1
-0.146125 0.093024 -0.461130 4
0.264091 0.106805 0.013487 1
-0.118158 0.179899 -0.189000 7
-0.134913 0.131862 -0.358967 4
-0.428579 -0.003397 -0.011850 2
-0.077382 -0.749997 0.067900 0
-0.440666 0.006271 0.068052 2
-0.476428 0.016687 0.062863 2
-0.043125 0.234315 0.061955 3
0.265711 0.110809 -0.044150 1
0.018213 0.004970 -0.045772 0
0.378171 0.075746 0.085354 1
0.112385 0.061273 -0.012206 0
-0.045262 -0.402613 0.020862 0
0.371224 0.054391 0.100165 1
-0.367952 0.046144 0.124201 2
-0.181326 0.088647 0.020077 2
-0.401614 0.016079 0.001899 2
-0.059503 0.166378 -0.304446 4
-0.035871 0.146389 -0.352727 4
-0.085290 0.129858 -0.376670 4
-0.144938 0.087876 -0.012085 2
-0.017050 -0.212005 -0.018038 0
0.459763 0.053078 0.036525 1
-0.221959 0.092869 0.004242 2
0.009310 -0.042982 -0.034507 0
0.478743 0.043183 0.053877 1
0.551263 -0.033968 0.100486 1
-0.067097 0.228871 0.342979 3
0.442236 0.030795 0.062379 1
-0.027921 -0.308157 -0.001351 0
-0.400793 0.035755 0.123798 2
0.304288 0.113188 -0.067533 1
0.500683 0.014275 0.031114 1
-0.067348 0.159384 -0.328821 4
-0.021187 -0.268493 -0.009434 0
-0.114721 0.055909 -0.497366 4
0.528647 -0.028581 0.045802 1
0.175414 0.099247 -0.036957 1
0.544811 -0.067911 0.069685 1
-0.042283 0.123375 -0.394190 4
0.185852 0.088980 -0.006254 1
-0.350832 0.061216 -0.012028 2
-0.437394 0.028054 0.029028 2
0.241967 0.114462 -0.060785 1
-0.047482 0.172709 -0.255811 4
-0.046954 0.260368 0.247788 3
-0.095524 -0.978039 0.068392 0
-0.059722 0.178252 -0.223867 4
0.150425 0.080339 0.001470 1
-0.027603 0.175630 -0.207300 4
0.428002 0.070147 -0.011837 1
-0.268779 0.080710 0.052737 2
-0.205688 0.089433 0.053087 2
-0.254810 0.086423 -0.003616 2
0.554434 0.001700 0.061594 1
-0.082833 -0.669438 0.052979 0
0.209112 0.111608 -0.051539 1
-0.005013 0.189084 0.005047 0
-0.055971 0.112706 -0.418826 4
0.216006 0.109527 0.020449 1
0.000230 -0.174365 0.002165 0
-0.088913 -0.701810 0.055045 0
-0.209206 0.096386 0.098029 2
-0.112045 0.077945 0.041743 2
0.312302 0.099150 0.078529 1
0.217545 0.114307 0.060569 1
-0.121398 -0.973296 0.052676 0
-0.029472 0.194248 0.372842 3
-0.011871 0.038313 -0.042607 0
-0.327106 0.054338 0.094012 2
-0.106151 -0.817847 0.049043 0
0.476606 0.024060 0.103576 1
-0.374798 0.049987 0.077266 2
-0.107046 0.163185 -0.311818 4
-0.104816 -0.855697 0.061117 0
-0.389184 0.022182 -0.036493 2
-0.485879 -0.019273 0.069278 2
-0.116140 0.171449 -0.263756 4
0.016671 0.194486 0.013994 5
-0.081253 -0.746197 0.039508 0
0.000449 0.134742 -0.360515 4
0.387067 0.075318 0.061647 1
0.420052 0.029920 0.093684 1
-0.076216 0.180600 -0.184205 7
0.477641 -0.033692 0.115224 1
-0.036126 0.163844 -0.306428 4
0.515018 -0.010785 0.005687 1
-0.064745 0.201958 -0.011233 2
-0.428252 0.032978 0.094465 2
-0.399680 0.044336 0.052418 2
0.070402 0.165224 -0.239910 6
-0.067554 0.087536 -0.451113 4
0.462287 0.032028 -0.003585 1
-0.098682 -0.782225 0.052747 0
-0.121514 -0.922414 0.054077 0
-0.376170 0.053055 0.027984 2
-0.052385 0.178973 -0.177677 7
0.337931 0.092687 0.045126 1
-0.115828 0.248028 0.211127 3
-0.482715 -0.010777 0.045177 2
0.525309 -0.001369 0.114896 1
-0.437303 0.004463 0.011761 2
0.457650 0.038032 -0.032938 1
0.085231 0.030245 0.001826 0
-0.028038 -0.036163 -0.009499 0
-0.062056 -0.506036 0.057837 0
-0.419648 0.016029 0.060695 2
-0.369012 0.042200 -0.019526 2
-0.062498 -0.530466 0.045640 0
-0.019426 0.114764 -0.081853 0
-0.044479 -0.425419 0.014406 0
-0.144402 0.151434 -0.296492 4
-0.075515 0.263647 0.190619 3
-0.007795 -0.053104 -0.023079 0
0.041519 0.215968 0.157710 3
0.005447 -0.019174 -0.015451 0
-0.327500 0.067906 0.045558 2
0.370962 0.078881 0.110437 1
0.109701 0.217248 0.042229 5
0.005178 -0.100820 -0.023923 0
0.257996 0.114633 0.082237 1
-0.075436 -0.627915 0.059911 0
-0.139000 0.107076 -0.424123 4
-0.026638 0.254603 0.280461 3
0.395818 0.064410 0.020358 1
-0.008200 -0.231341 -0.009808 0
-0.173632 0.103375 -0.055573 2
0.452256 0.001583 0.102891 1
0.420158 0.062049 0.061373 1
-0.002967 0.212214 0.337298 3
0.354555 0.085311 0.077346 1
-0.015977 0.087723 -0.058872 0
-0.021205 -0.335384 0.026758 0
-0.010792 0.026878 -0.015758 0
-0.067187 0.176317 -0.272452 4
-0.007245 0.265412 0.245467 3
-0.095889 0.177426 -0.255632 4
-0.012556 -0.262547 0.016614 0
0.337829 0.092944 0.093555 1
-0.066526 0.249565 0.296735 3
-0.172715 0.087699 -0.004879 2
-0.023031 0.145580 -0.115804 0
-0.069505 -0.707721 0.063349 0
-0.437503 0.013124 0.094476 2
-0.086828 0.112943 -0.417705 4
0.457769 0.049785 0.068196 1
0.510450 -0.026803 0.094800 1
-0.035954 -0.480173 0.025940 0
-0.330466 0.067622 0.019893 2
-0.473859 -0.003728 0.106162 2
-0.349148 0.039148 0.109714 2
-0.092428 0.147193 -0.357433 4
-0.097166 -0.961078 0.053008 0
-0.479420 0.002459 0.016147 2
-0.387994 0.037935 0.012288 2
-0.241967 0.099638 -0.037305 2
0.479980 0.013051 0.124358 1
-0.017619 0.205490 0.044111 0
-0.078479 -0.696205 0.087785 0
0.014941 0.210599 0.037027 5
0.457410 0.001310 0.124151 1
0.509628 0.005245 0.053399 1
-0.026836 0.168979 -0.287632 4
0.022168 -0.060856 -0.017249 0
-0.043036 0.253068 0.295703 3
0.281058 0.107274 -0.028570 1
-0.106257 -0.904259 0.068236 0
-0.016263 0.080382 -0.037444 0
-0.087431 -0.882975 0.076523 0
-0.081291 -0.824947 0.068007 0
-0.168355 0.101449 -0.333754 4
-0.159038 0.088697 0.036853 2
-0.460090 0.006257 0.045274 2
-0.037013 -0.366541 0.007832 0
0.362050 0.059750 0.078916 1
-0.065137 -0.611856 0.038916 0
0.184337 0.102600 0.020914 1
0.458430 0.034565 0.100193 1
-0.112811 0.225588 0.223151 3
-0.041796 0.160167 -0.203996 4
0.476080 0.018695 0.036107 1
0.010875 0.052512 -0.035394 0
-0.006364 0.011826 -0.041234 0
0.409460 0.052656 0.118837 1
-0.087367 0.260883 0.121778 3
-0.389192 0.022459 0.092956 2
0.143647 0.215555 0.069965 5
0.013638 0.180152 -0.177132 6
-0.193326 0.092684 0.070074 2
0.419734 0.053224 0.011976 1
-0.016095 -0.197610 0.003083 0
-0.043217 0.178083 -0.007681 0
-0.096197 0.099681 -0.440154 4
-0.018150 0.151067 -0.335622 4
0.541481 -0.008354 0.084850 1
-0.029464 0.258844 0.142173 3
0.479628 0.044428 -0.018794 1
-0.034395 -0.340271 0.005548 0
0.510564 0.024079 -0.001659 1
0.002434 -0.010222 -0.034971 0
-0.108301 0.125394 -0.393648 4
0.244490 0.109256 0.019724 1
-0.008436 0.093441 -0.359965 4
0.085213 0.156845 -0.253661 6
0.273468 0.103008 0.060587 1
0.001270 0.237839 0.126545 3
0.112531 0.056240 0.009301 0
-0.034801 0.263047 0.175238 3
-0.075814 0.037587 -0.012480 2
-0.480192 -0.024969 0.023442 2
0.031183 0.002257 -0.029988 0
-0.014800 0.167584 -0.243488 4
-0.124876 0.129519 -0.378077 4
0.000716 -0.165003 -0.018815 0
-0.029410 -0.287684 -0.002412 0
0.402740 0.045293 0.092712 1
0.331450 0.088070 0.004432 1
0.539489 -0.050659 0.099402 1
-0.508172 -0.037172 0.086773 2
0.419484 0.067831 0.028441 1
-0.022637 0.223759 0.054390 3
0.440827 0.030662 0.125060 1
0.477224 -0.010319 0.121072 1
-0.309237 0.061262 0.053770 2
-0.230150 0.087296 0.036703 2
-0.441842 0.024222 0.110876 2
-0.113195 -0.961014 0.068013 0
0.281883 0.114197 -0.061343 1
-0.105512 0.055982 0.001867 2
-0.310347 0.075552 0.003377 2
-0.095239 0.213361 0.017542 2
-0.505110 -0.004363 0.085372 2
-0.173538 0.126346 -0.296275 4
0.408876 0.062898 -0.011236 1
-0.468462 -0.016833 0.086496 2
0.411297 0.068927 -0.044324 1
-0.051170 0.140617 -0.399731 4
-0.054103 0.006780 0.001162 0
-0.339776 0.047524 0.053893 2
0.546888 -0.034557 0.069159 1
-0.067585 0.255829 0.271964 3
-0.359204 0.039447 0.036826 2
-0.416767 0.005232 0.115935 2
0.452175 0.060986 -0.012412 1
-0.471618 0.019549 0.092779 2
-0.048479 0.254649 0.101667 3
0.025435 0.224032 0.131790 3
-0.116337 0.144636 -0.344471 4
-0.078649 -0.604162 0.065902 0
0.379244 0.079986 -0.036698 1
-0.100428 -0.936472 0.054019 0
-0.322067 0.048160 0.117621 2
0.013381 0.110012 -0.052380 0
-0.001241 -0.197871 -0.012261 0
-0.092529 -0.871537 0.060965 0
-0.017674 0.184062 0.019534 0
0.394521 0.082503 -0.004943 1
-0.281534 0.098725 -0.053963 2
-0.083451 0.187116 -0.166214 7
-0.074591 0.237679 0.094995 3
0.099095 0.224435 0.061261 5
0.023141 0.180686 0.173675 3
-0.075023 0.242703 0.313261 3
-0.022720 0.166066 -0.126144 0
-0.258600 0.072109 0.015319 2
-0.335913 0.045809 0.078524 2
0.430844 0.021043 0.110666 1
0.459670 0.023686 0.068213 1
0.078904 0.228516 0.080062 5
-0.086622 0.248896 0.238109 3
-0.282075 0.076923 0.069176 2
-0.051743 0.156593 -0.342823 4
0.298422 0.101981 0.092109 1
-0.310204 0.068391 0.077615 2
0.013348 0.243916 0.223518 3
-0.007771 -0.125425 -0.005547 0
0.508887 0.028178 0.019428 1
-0.086241 -0.812442 0.047636 0
0.038073 0.177500 -0.208009 6
0.528857 -0.010922 0.019888 1
-0.044345 0.245067 0.079544 3
0.321831 0.108013 -0.053230 1
-0.056179 -0.586781 0.059295 0
-0.027597 0.170981 -0.181070 0
-0.018685 0.247962 0.126205 3
0.403444 0.068011 0.069878 1
-0.101648 -0.817505 0.085770 0
-0.099351 -0.848099 0.082881 0
-0.015945 -0.073637 -0.019631 0
0.440102 0.038064 0.044585 1
-0.416540 0.022099 -0.022147 2
-0.065499 -0.499845 0.030424 0
-0.067323 0.259336 0.208061 3
0.019288 0.224931 0.303032 3
0.135420 0.070024 -0.011549 1
-0.396791 0.022020 0.020783 2
-0.011388 0.254516 0.174147 3
-0.025969 -0.368579 0.028165 0
-0.155431 0.089402 -0.029172 2
-0.066235 -0.556793 0.047055 0
-0.006693 -0.230626 0.010112 0
0.004635 0.245579 0.270577 3
0.534024 0.006175 0.051489 1
-0.007431 0.126668 -0.090757 0
-0.445240 0.033847 0.058663 2
-0.063842 -0.723360 0.074621 0
0.001578 0.248669 0.191166 3
-0.310341 0.069016 0.036385 2
-0.003165 0.144308 -0.320822 4
-0.330560 0.075646 -0.029297 2
-0.067384 0.260123 0.239836 3
-0.073652 -0.580300 0.046022 0
-0.083850 -0.790484 0.061352 0
-0.467445 -0.017519 0.011470 2
-0.076055 0.172581 -0.295381 4
0.061555 -0.026696 -0.005632 0
-0.153186 0.090031 0.060899 2
-0.287575 0.083118 -0.020508 2
0.010252 -0.137665 -0.025096 0
-0.376394 0.045635 0.101310 2
0.009328 0.024190 -0.022968 0
-0.082747 -0.659027 0.078297 0
-0.071762 0.062725 -0.487755 4
-0.412755 0.030104 -0.004072 2
-0.019165 0.260044 0.215134 3
0.517381 -0.012451 0.084723 1
-0.142426 0.082908 -0.477881 4
-0.351972 0.059337 0.068886 2
-0.245916 0.086401 0.077582 2
0.405734 0.050002 0.062195 1
-0.061819 0.199804 0.373770 3
0.085478 0.011218 -0.005750 0
0.362966 0.085947 0.044065 1
0.010323 -0.180090 -0.012624 0
-0.393015 0.045430 0.076876 2
-0.018335 0.140103 -0.355056 4
0.032510 0.238653 0.239308 3
-0.054529 -0.490590 0.044949 0
-0.229855 0.092563 0.086193 2
0.528845 0.019204 0.028139 1
0.427418 0.057232 -0.028740 1
0.032947 0.207528 0.182583 3
-0.189228 0.091156 0.044293 2
-0.112554 -0.876053 0.051646 0
0.038130 -0.052679 -0.022469 0
-0.056479 0.276821 0.190100 3
0.078201 0.211239 0.044584 5
0.060100 0.155502 -0.272244 6
0.232700 0.108225 -0.020202 1
0.486373 0.018313 -0.003901 1
-0.357270 0.054977 -0.045160 2
-0.449292 0.013100 -0.001828 2
0.354255 0.086930 0.110127 1
-0.039248 -0.457350 0.040991 0
0.346608 0.079494 0.060071 1
-0.367454 0.037575 0.020317 2
-0.077724 -0.684730 0.043772 0
0.484587 0.047673 0.012480 1
-0.129823 0.180041 -0.161805 7
0.564731 -0.035421 0.078055 1
0.293238 0.102026 0.036779 1
0.361982 0.080628 -0.003235 1
-0.114548 0.107100 -0.431991 4
-0.016512 -0.303562 0.012286 0
-0.075170 0.179283 -0.207275 4
-0.011322 0.226464 0.068511 3
0.400401 0.063410 0.093683 1
-0.033566 0.241575 0.306314 3
-0.114358 -0.896440 0.053836 0
0.029939 0.169322 -0.223467 6
-0.300562 0.090024 -0.051810 2
-0.015755 0.137267 -0.024893 0
-0.050135 -0.535096 0.031774 0
-0.427533 0.028882 0.013703 2
0.411041 0.080885 -0.029382 1
0.223267 0.108298 -0.035802 1
0.354525 0.092345 -0.061142 1
-0.083026 0.123903 -0.399710 4
0.305804 0.102221 -0.020542 1
-0.368243 0.036120 0.052202 2
0.224852 0.109743 0.004196 1
0.088972 0.025613 -0.024675 0
0.027669 0.229990 0.157738 3
-0.026811 0.257033 0.255882 3
0.546668 -0.008883 0.036110 1
0.501356 0.037709 0.044658 1
-0.059106 0.237833 0.328098 3
-0.037068 0.262430 0.215304 3
0.372613 0.071923 0.021470 1
-0.041198 -0.402379 0.041802 0
-0.205760 0.095753 -0.020393 2
0.312130 0.087089 0.013699 1
-0.096169 0.169000 -0.296262 4
0.140643 0.088349 -0.041359 1
-0.027003 0.173559 -0.255331 4
-0.075146 0.267504 0.166370 3
-0.008561 -0.149368 -0.019266 0
-0.510230 -0.015256 0.060835 2
-0.334892 0.059368 0.109445 2
0.516857 0.023157 0.078268 1
-0.010026 0.172887 -0.209999 6
-0.428218 0.019799 0.045341 2
0.018558 0.172521 -0.161616 6
0.536921 -0.061241 0.084393 1
0.175878 0.100962 -0.019086 1
-0.384835 0.042250 0.118800 2
-0.017062 0.161804 -0.008171 0
-0.047132 0.263779 0.150333 3
0.322392 0.088814 0.053133 1
-0.037059 0.101019 -0.433391 4
-0.028908 -0.295861 0.026149 0
-0.156039 0.101426 -0.425684 4
-0.080245 -0.766634 0.062059 0
-0.373675 0.030398 -0.005033 2
-0.000514 0.117643 -0.028448 0
-0.351200 0.060522 0.012470 2
-0.055135 -0.474410 0.037037 0
-0.067771 0.143512 -0.369290 4
-0.051743 0.227314 0.083606 3
0.053324 0.221082 0.052731 5
-0.132007 0.066637 -0.488285 4
0.293818 0.096235 0.068792 1
-0.387132 0.038268 -0.029334 2
0.196091 0.102493 -0.012166 1
0.257628 0.107570 0.036579 1
-0.051439 -0.491462 0.023678 0
0.020162 -0.100854 -0.004741 0
-0.383716 0.044913 -0.003753 2
0.439096 0.044328 0.004916 1
-0.416678 0.036516 0.036787 2
-0.047880 0.180154 -0.160620 7
-0.254325 0.085349 0.037251 2
0.364135 0.086542 -0.042956 1
0.167512 0.087517 -0.003927 1
-0.126021 0.154179 -0.302362 4
0.001972 0.094186 -0.044808 0
-0.077398 -0.652733 0.051930 0
-0.221868 0.085879 0.020390 2
0.536140 -0.020703 0.067918 1
-0.012818 -0.157566 0.000237 0
0.000450 0.121497 -0.349008 4
-0.174914 0.102682 -0.313081 4
-0.008072 0.160182 -0.279142 4
-0.490549 -0.051214 0.092545 2
-0.027068 0.212089 0.353478 3
-0.121502 0.218668 0.206550 3
-0.031197 -0.409387 0.029283 0
-0.115297 0.262355 0.174891 3
-0.019338 -0.218720 0.008291 0
0.002030 -0.108502 -0.006471 0
-0.095632 0.181507 -0.182034 7
0.256749 0.097239 0.000881 1
-0.077952 -0.732583 0.067045 0
0.041894 -0.045926 -0.006840 0
-0.091345 -0.742110 0.061075 0
-0.099807 -0.806730 0.060837 0
-0.067711 0.262990 0.117778 3
-0.008862 0.177984 -0.173262 6
-0.358737 0.059365 -0.028095 2
-0.408929 0.027141 0.068672 2
-0.416988 0.006596 -0.003638 2
0.075227 0.003734 -0.018493 0
-0.113790 -0.945510 0.075809 0
0.322776 0.086469 0.085522 1
-0.261497 0.085291 0.107057 2
-0.125182 0.087391 -0.458502 4
0.001240 -0.084425 -0.012530 0
0.472282 0.016573 0.056974 1
0.389901 0.051926 0.102169 1
0.016344 -0.058754 -0.034573 0
0.342509 0.092005 0.028494 1
-0.205107 0.092600 0.012468 2
-0.041388 -0.377086 0.020755 0
-0.060714 -0.560231 0.031111 0
0.099811 0.052824 -0.003391 0
-0.335755 0.075530 -0.049326 2
0.011713 0.170351 0.189783 3
-0.144886 0.093844 -0.442809 4
-0.097026 -0.864390 0.045994 0
-0.038892 -0.520866 0.032041 0
-0.145751 0.135991 -0.329703 4
0.101570 0.047873 -0.025113 0
0.005673 0.233906 0.101815 3
-0.510159 -0.019484 0.093541 2
0.167983 0.100654 -0.055293 1
0.012389 -0.131782 -0.006032 0
0.410607 0.037500 0.111059 1
0.549861 0.004749 0.077821 1
-0.059098 0.101468 -0.434724 4
0.119932 0.221375 0.068112 5
-0.019697 0.160854 -0.149047 0
-0.107804 0.167292 -0.280306 4
0.436082 0.042666 0.028706 1
-0.083975 -0.775502 0.047468 0
-0.001726 0.235632 0.148993 3
-0.067797 0.265132 0.149783 3
-0.061156 -0.639549 0.060680 0
-0.012282 -0.278840 0.011823 0
-0.230153 0.087568 0.069033 2
0.453260 0.056154 0.011232 1
0.225797 0.114257 -0.052993 1
-0.152770 0.146624 -0.275610 4
-0.058959 0.201892 0.004704 2
-0.339856 0.047195 0.036943 2
0.054002 -0.011820 -0.015397 0
-0.291586 0.070973 0.110015 2
-0.020981 0.173614 -0.222904 4
0.451564 0.068823 -0.033187 1
-0.109290 0.261196 0.157532 3
0.023370 0.226261 0.247111 3
-0.172825 0.092598 0.069762 2
0.216842 0.108631 0.043404 1
-0.037416 -0.320427 0.005304 0
0.391328 0.062580 0.036496 1
-0.018684 0.158095 -0.320327 4
-0.059185 0.246925 0.087264 3
-0.099906 0.252053 0.214754 3
-0.173320 0.087180 -0.305052 4
0.477463 0.046861 0.028236 1
-0.027287 0.231637 0.069359 3
-0.050427 0.169239 -0.238478 4
-0.011349 -0.254894 -0.009259 0
0.540373 -0.051754 0.068775 1
0.064291 0.219664 0.071939 5
-0.359962 0.059560 0.028382 2
-0.037997 -0.012641 -0.018853 0
-0.290601 0.076642 0.037146 2
0.517347 -0.014692 0.044551 1
0.436136 0.030161 0.077966 1
-0.067821 -0.596057 0.043716 0
-0.270075 0.084354 0.011849 2
-0.387618 0.027513 0.109730 2
-0.075552 0.075692 -0.465527 4
-0.145031 0.081534 0.042455 2
-0.098480 0.163808 -0.244543 4
0.443238 0.016006 0.100711 1
0.361822 0.081704 0.093173 1
-0.415443 0.019147 0.101564 2
0.355206 0.086726 -0.027697 1
-0.132238 0.138570 -0.340729 4
0.370058 0.086210 0.013332 1
-0.154030 0.114732 -0.393729 4
0.379218 0.066803 0.048959 1
-0.278253 0.077774 0.085339 2
-0.025817 0.257650 0.159010 3
0.050083 0.162371 -0.239921 6
-0.151913 0.164465 -0.272231 4
0.281343 0.103185 0.012605 1
0.379316 0.076317 -0.011747 1
0.515930 0.010506 0.108126 1
-0.238074 0.091820 -0.005005 2
-0.457409 -0.003216 0.107824 2
-0.058904 0.219094 0.355811 3
-0.107876 0.092463 -0.449537 4
-0.046515 0.174869 -0.214546 4
0.538100 -0.021796 0.030453 1
0.050506 0.213809 0.028496 5
0.564897 -0.019765 0.068602 1
-0.000048 -0.190836 0.002605 0
-0.448872 0.028741 0.093412 2
-0.408885 0.036774 0.109501 2
-0.114896 -0.990779 0.053029 0
-0.007518 0.174683 -0.002687 0
0.488294 0.028572 0.092936 1
0.287379 0.097478 0.051433 1
-0.124478 0.111633 -0.417996 4
-0.006322 0.145179 -0.007922 0
0.525210 -0.043870 0.093575 1
-0.114551 0.072056 -0.027962 2
-0.458540 0.024280 0.061237 2
-0.006375 0.102202 -0.378310 4
-0.388455 0.046128 0.036205 2
0.440039 0.060604 0.036935 1
-0.014887 -0.180512 0.002493 0
-0.024202 -0.234381 -0.008856 0
-0.082793 -0.717007 0.067042 0
-0.038368 0.237485 0.322272 3
-0.028050 -0.384720 0.029066 0
0.511157 0.020393 0.059216 1
0.546135 -0.034044 0.052015 1
-0.357712 0.042535 0.085247 2
-0.056137 -0.514516 0.023495 0
-0.016755 0.220660 0.335513 3
0.021142 -0.028198 -0.021715 0
0.099166 0.141900 -0.271094 6
0.202575 0.113063 -0.067872 1
-0.473075 0.020511 0.044924 2
-0.027132 0.245644 0.100296 3
0.549497 -0.019421 0.093568 1
0.536896 0.005131 0.021766 1
-0.071134 -0.669360 0.066054 0
-0.011968 0.235805 0.094060 3
0.159572 0.096111 -0.035907 1
-0.457898 -0.001718 0.012930 2
-0.000456 -0.034190 -0.014469 0
-0.095171 -0.642364 0.046366 0
-0.083470 0.252913 0.272298 3
-0.006381 0.232876 0.307817 3
-0.310825 0.069113 0.093724 2
-0.124944 0.160871 -0.251134 4
0.136476 0.080988 0.012195 1
-0.026458 0.186403 0.005122 0
-0.015199 -0.027039 -0.006065 0
-0.087868 -0.839651 0.068743 0
-0.055906 0.019783 -0.011872 0
0.419358 0.046254 0.052750 1
-0.027042 0.171426 -0.271737 4
-0.115147 0.070384 0.003984 2
-0.270426 0.098998 -0.041725 2
-0.457599 0.005032 0.068244 2
0.355868 0.093031 -0.011569 1
0.509837 -0.001287 0.069352 1
-0.193763 0.107273 -0.046763 2
-0.499094 -0.026802 0.061025 2
0.342193 0.078730 0.085130 1
-0.477346 -0.034732 0.099301 2
0.467556 0.056602 -0.012071 1
0.430169 0.068051 0.003866 1
0.026900 0.228758 0.192799 3
-0.008289 0.216865 0.052934 0
0.466861 0.034444 0.017108 1
-0.106254 -0.977585 0.055610 0
-0.388433 0.023474 -0.020588 2
0.295869 0.096027 -0.002467 1
-0.499261 -0.002352 0.044984 2
-0.401024 0.030445 -0.028668 2
-0.123727 0.071008 -0.012345 2
-0.083004 0.228700 0.341860 3
0.439966 0.053750 0.068417 1
-0.463416 0.023352 0.076859 2
-0.388267 0.022460 -0.003994 2
-0.100418 -0.991596 0.060531 0
-0.065928 -0.644273 0.044841 0
0.257727 0.109306 -0.029016 1
-0.006385 0.116973 -0.062143 0
-0.051203 -0.601545 0.042836 0
0.517573 -0.019348 0.068855 1
0.420408 0.062712 0.045421 1
-0.069125 -0.628961 0.038310 0
-0.092428 0.047083 -0.011244 2
-0.373398 0.032537 0.069890 2
-0.358254 0.031848 0.120420 2
0.232788 0.118529 -0.073698 1
0.493060 -0.035678 0.110504 1
-0.086627 0.242235 0.110243 3
0.002566 0.249680 0.206914 3
0.013139 0.236127 0.158762 3
0.021980 -0.077298 -0.013585 0
0.551698 -0.010918 0.070653 1
-0.007667 0.118457 -0.374867 4
0.177117 0.108705 0.044085 1
0.418904 0.027432 0.120474 1
0.067970 0.180468 -0.207944 6
0.413248 0.064092 -0.029001 1
0.192271 0.107362 -0.044267 1
-0.220995 0.099822 -0.034878 2
-0.456138 0.023458 0.030333 2
0.488125 0.011551 0.068698 1
-0.002549 -0.115122 -0.022642 0
0.244951 0.109075 -0.004010 1
0.391630 0.078596 0.013267 1
-0.471678 -0.004938 0.076788 2
-0.489835 -0.000201 0.028700 2
-0.211740 0.107388 -0.058676 2
0.124622 0.062738 0.001718 1
-0.055855 0.079968 -0.458267 4
-0.286925 0.078519 0.012221 2
-0.149345 0.080900 0.027360 2
-0.037863 0.128945 -0.379053 4
-0.432876 0.018802 0.080669 2
-0.071186 -0.692664 0.056294 0
-0.050297 0.196958 -0.008068 0
0.314330 0.099784 0.035304 1
-0.256919 0.081459 0.092642 2
-0.059528 -0.514592 0.045038 0
0.002695 -0.028000 -0.033711 0
-0.441598 0.005274 0.052527 2
0.489271 0.012304 0.020696 1
-0.047615 -0.434651 0.043199 0
-0.457648 0.005076 0.029957 2
0.461529 0.042307 0.081580 1
-0.035984 0.161293 -0.164140 0
-0.308215 0.081348 -0.035148 2
0.545845 -0.046138 0.084059 1
-0.005763 0.037376 -0.028398 0
0.379106 0.062800 0.069375 1
0.144143 0.085271 -0.011774 1
-0.109687 -0.977774 0.074588 0
-0.006517 -0.253376 0.005735 0
0.014163 0.161214 -0.222798 6
-0.091272 -0.864636 0.074737 0
-0.418991 0.005326 -0.020216 2
-0.495197 -0.021294 0.046349 2
0.321906 0.098800 0.011503 1
0.322158 0.096043 -0.019707 1
0.533804 -0.036695 0.061332 1
0.379099 0.047079 0.113803 1
-0.388542 0.028592 0.052336 2
0.286225 0.086666 0.010129 1
-0.292475 0.064329 0.070444 2
-0.485567 -0.019687 0.085353 2
-0.425031 0.007189 0.102346 2
-0.340120 0.045554 0.094297 2
0.036429 -0.075224 -0.018265 0
-0.095492 -0.897810 0.059460 0
-0.025657 -0.352299 0.012434 0
0.460873 0.049554 0.053227 1
-0.360075 0.049821 0.109674 2
-0.106580 0.064462 -0.485809 4
0.492359 0.015260 0.112584 1
0.019481 0.006947 -0.018849 0
0.536314 -0.076445 0.085196 1
-0.193170 0.098976 -0.029052 2
-0.021262 -0.045985 -0.022810 0
0.479950 -0.019432 0.109188 1
-0.051683 -0.449868 0.028969 0
-0.050940 -0.547438 0.044257 0
-0.388648 0.015019 0.118505 2
0.022748 0.199909 0.026834 5
-0.112458 -0.944592 0.060692 0
-0.079142 -0.710079 0.046843 0
0.117133 0.063623 -0.026452 0
-0.144633 0.084772 0.004072 2
-0.051556 0.147136 -0.360675 4
-0.416699 0.015524 0.036417 2
-0.101974 -0.900853 0.045999 0
0.070132 0.157789 -0.254986 6
-0.055379 0.121808 -0.401665 4
0.498033 0.036440 0.012856 1
0.006206 0.068465 -0.031270 0
-0.006386 0.151232 -0.100526 0
-0.038214 -0.027746 -0.018109 0
0.232877 0.111238 0.052843 1
0.419646 0.054667 -0.004546 1
-0.096053 0.262665 0.150387 3
-0.096176 -0.747667 0.046311 0
0.438510 0.041897 0.100179 1
-0.002246 0.132067 -0.056357 0
-0.165596 0.099215 -0.041874 2
-0.254424 0.081652 0.061191 2
-0.070029 0.040472 0.010183 2
-0.319734 0.052632 0.076887 2
0.012240 0.060791 -0.048685 0
0.257008 0.114132 -0.060559 1
0.196576 0.107608 0.028091 1
0.480194 0.050324 -0.004479 1
0.051196 0.206444 0.015399 5
0.077769 0.209411 0.027764 5
0.002312 0.249468 0.239964 3
-0.074346 -0.612320 0.053331 0
-0.086363 0.243754 0.303488 3
0.152279 0.093031 0.013013 1
-0.065035 -0.538085 0.068362 0
-0.096620 -0.936103 0.068510 0
-0.011870 0.251858 0.279048 3
-0.080270 -0.637693 0.070180 0
-0.368441 0.035495 0.110064 2
-0.131774 0.175067 -0.185073 7
-0.007992 0.204777 0.031893 5
-0.048860 0.164759 -0.314842 4
-0.043516 0.199415 0.372961 3
-0.472023 0.017887 0.030243 2
0.529618 0.006294 0.075265 1
0.379473 0.060213 0.085112 1
-0.157005 0.083064 -0.450991 4
-0.339707 0.060717 0.077277 2
-0.059345 0.258564 0.255907 3
-0.033267 -0.425115 0.028355 0
-0.331190 0.064778 -0.017702 2
0.015734 0.234704 0.273255 3
0.347117 0.081464 0.013959 1
-0.158088 0.127661 -0.329209 4
-0.502869 -0.052012 0.077837 2
0.396739 0.076083 0.029557 1
0.002336 0.249252 0.256334 3
-0.099091 0.212378 0.003203 2
-0.016135 -0.319035 0.021690 0
0.511091 0.006181 0.037963 1
0.036491 0.225091 0.141658 3
0.468029 0.001565 0.094289 1
0.331624 0.095611 -0.036427 1
-0.097937 -0.914849 0.074461 0
-0.095742 0.161674 -0.321298 4
-0.496006 -0.027498 0.076329 2
0.038136 0.215260 0.036586 5
-0.124175 0.085672 0.045317 2
0.410284 0.057830 0.022551 1
-0.059614 0.168472 -0.288620 4
-0.435865 0.035896 0.069927 2
-0.082607 0.153690 -0.329604 4
-0.110572 -0.937717 0.043326 0
-0.067435 -0.596334 0.059380 0
-0.042517 -0.490851 0.036371 0
-0.033662 -0.327481 0.020566 0
-0.326310 0.053425 0.052726 2
0.488652 -0.002904 0.085492 1
-0.070049 0.252113 0.223221 3
0.003134 0.153590 -0.022269 0
-0.081166 -0.750086 0.053705 0
-0.339220 0.061576 0.061004 2
0.069160 0.001000 0.000967 0
0.026718 0.235525 0.209254 3
0.039845 0.222369 0.058329 5
0.499852 -0.016702 0.094276 1
-0.339405 0.062124 0.036724 2
-0.220315 0.088969 0.052457 2
0.001390 0.173675 -0.198658 6
-0.156917 0.088295 -0.003684 2
0.452260 0.038437 -0.012089 1
0.168336 0.102094 0.028810 1
0.018566 -0.106138 -0.026333 0
0.396822 0.058378 0.050071 1
0.015378 -0.003563 -0.033863 0
-0.047274 0.166994 -0.296272 4
-0.132347 0.162999 -0.271172 4
0.030071 -0.042085 -0.015803 0
-0.047569 0.265089 0.183147 3
-0.003042 0.110139 -0.044218 0
-0.007116 -0.093099 -0.022705 0
-0.084907 -0.806778 0.061480 0
-0.059287 -0.571679 0.058629 0
-0.046882 -0.523402 0.043935 0
0.002038 0.037788 -0.049893 0
0.177203 0.100514 -0.004317 1
-0.108691 0.155104 -0.328775 4
0.509837 -0.058758 0.103884 1
-0.108007 0.182099 -0.174500 7
0.489232 0.031897 0.077246 1
-0.095957 0.265717 0.183095 3
-0.046489 0.176398 -0.190652 0
-0.047213 0.265081 0.166740 3
0.534590 -0.015399 0.053607 1
0.147567 0.088200 -0.028648 1
-0.242257 0.087272 0.028787 2
-0.048092 -0.502274 0.057667 0
-0.018907 0.117987 -0.384121 4
-0.095238 0.183006 -0.153016 7
0.305839 0.101489 0.012913 1
-0.485190 0.003508 0.100950 2
-0.036479 0.139757 -0.367001 4
-0.192985 0.084836 0.012524 2
0.038322 0.159649 -0.247746 6
0.566921 -0.030843 0.091496 1
0.347417 0.080237 0.045751 1
-0.017302 0.051407 -0.040399 0
0.542619 0.011520 0.061644 1
-0.085001 0.057124 -0.489381 4
0.541839 -0.065938 0.053940 1
0.427958 0.050443 0.094390 1
0.449385 0.031272 0.110803 1
-0.103756 -0.839928 0.060831 0
0.491071 -0.010503 0.107921 1
0.500781 0.003819 0.020061 1
-0.097118 0.169996 -0.229826 4
0.007103 0.015609 -0.044164 0
0.426576 0.056866 0.075883 1
-0.401099 0.027437 0.086846 2
-0.007976 0.061823 -0.037088 0
0.391381 0.087490 -0.036956 1
0.420634 0.006180 0.118060 1
0.337400 0.081039 0.101408 1
0.305686 0.108401 -0.053753 1
-0.253909 0.084439 0.020713 2
-0.400072 0.020380 -0.011685 2
0.378824 0.092751 -0.044486 1
-0.000766 0.089456 -0.057932 0
0.464922 0.033558 -0.020788 1
0.001518 0.177232 -0.184197 6
0.468263 -0.009938 0.107166 1
-0.122222 0.253199 0.148354 3
0.532184 0.020227 0.052488 1
-0.481348 -0.011643 0.028228 2
0.524559 -0.026006 0.093448 1
-0.165155 0.134915 -0.303867 4
-0.007605 0.023916 -0.033950 0
-0.117132 0.039038 -0.507770 4
-0.024853 -0.270320 0.004127 0
-0.010992 0.176677 -0.148932 0
0.550505 -0.003098 0.094398 1
-0.095676 0.129400 -0.386269 4
0.417879 0.081733 -0.042562 1
-0.007823 0.176368 0.011343 0
-0.379872 0.032800 -0.041952 2
-0.275303 0.071109 0.022461 2
-0.446258 0.022498 0.019564 2
-0.072428 0.023860 -0.012741 0
0.063655 0.171506 -0.223551 6
-0.494883 0.009932 0.068448 2
-0.002697 0.239881 0.296172 3
-0.021643 -0.352110 0.027887 0
-0.107486 0.078683 -0.466954 4
-0.436877 0.004278 -0.003467 2
0.379981 0.071102 0.118334 1
-0.064537 -0.526149 0.032423 0
-0.049026 -0.433391 0.029275 0
-0.014597 -0.303223 -0.001629 0
0.440959 -0.009825 0.118396 1
-0.319538 0.071165 -0.011529 2
-0.059543 0.175103 -0.247360 4
0.467106 0.052435 0.020621 1
0.208876 0.100830 0.004552 1
-0.062556 -0.627901 0.053049 0
-0.181434 0.093920 0.004126 2
-0.016051 -0.198385 -0.010888 0
-0.056152 -0.623742 0.038063 0
-0.051321 -0.533220 0.058843 0
0.343240 0.087433 -0.004602 1
0.329568 0.098772 -0.004323 1
-0.106209 -0.888672 0.067651 0
-0.079269 0.040644 -0.025640 2
-0.099992 -0.990825 0.074447 0
-0.290032 0.075985 0.093179 2
-0.389150 0.047555 0.060938 2
-0.144353 0.088440 -0.042164 2
-0.134407 0.082867 0.013307 2
-0.345782 0.063622 -0.049525 2
-0.353486 0.045454 0.052843 2
-0.009486 0.264865 0.231759 3
-0.011665 0.197090 0.014974 0
-0.011286 -0.165432 -0.011819 0
-0.075016 0.178292 -0.232203 4
-0.008000 -0.001806 -0.031385 0
-0.399541 0.037474 0.004629 2
-0.017214 0.157777 -0.112730 0
-0.079964 -0.658452 0.039572 0
-0.076100 0.207683 0.003842 2
-0.070173 -0.676252 0.054081 0
-0.000397 0.017804 -0.014588 0
0.509524 -0.027774 0.113149 1
-0.069609 0.260618 0.131972 3
-0.094020 -0.782954 0.066941 0
-0.090990 -0.855739 0.060912 0
0.249649 0.114073 0.069643 1
-0.003386 -0.008615 -0.014182 0
0.209059 0.104322 -0.035670 1
-0.095648 0.062078 0.012558 2
0.390757 0.069708 0.086083 1
-0.085191 0.139288 -0.366604 4
-0.096331 -0.920450 0.061967 0
-0.030603 0.107683 -0.398766 4
0.379975 0.071627 0.101877 1
-0.005139 0.086057 -0.031656 0
-0.059241 0.263416 0.191290 3
0.432316 0.049622 0.017474 1
-0.030165 -0.302319 0.012627 0
-0.033675 0.260020 0.198631 3
-0.485603 0.014655 0.052887 2
0.499443 0.002684 0.044598 1
-0.376939 0.049532 -0.027957 2
-0.046711 0.258074 0.126016 3
0.016028 0.234280 0.181957 3
-0.026629 -0.398913 0.014387 0
0.402242 0.048116 0.077237 1
-0.459302 -0.009413 0.093397 2
-0.193367 0.092646 0.028389 2
-0.052873 -0.464732 0.049288 0
-0.067522 0.184087 -0.174274 7
-0.408622 0.022369 0.013987 2
-0.311739 0.069018 0.020803 2
-0.044368 -0.366697 0.037600 0
0.011520 -0.164056 -0.010575 0
-0.083558 0.149297 -0.347315 4
-0.132030 0.083547 -0.011999 2
-0.096174 0.121452 -0.402255 4
-0.086790 0.172715 -0.264565 4
-0.253380 0.101288 -0.044500 2
0.490142 0.038187 -0.012861 1
-0.180633 0.089718 -0.015714 2
0.370386 0.067657 0.093156 1
-0.017087 0.162275 -0.294243 4
0.461425 0.034914 0.029511 1
-0.038209 -0.457857 0.022548 0
-0.032319 -0.440427 0.041424 0
0.264210 0.107845 0.069206 1
-0.015794 -0.079883 -0.005976 0
-0.400123 0.044240 0.029622 2
-0.408266 0.044741 0.062862 2
0.409105 0.057291 0.102035 1
-0.036829 -0.445580 0.015613 0
0.069790 0.200914 0.042275 5
0.294003 0.103420 -0.028156 1
-0.057688 -0.546294 0.031578 0
-0.318073 0.068812 0.060944 2
0.244811 0.107894 0.044435 1
-0.123372 0.180090 -0.173649 7
-0.144001 0.072844 0.010330 2
0.090802 0.042407 0.003473 0
-0.107330 -0.862579 0.074514 0
0.511563 -0.000955 0.124145 1
-0.499807 -0.028052 0.094357 2
-0.100295 -0.808778 0.074133 0
0.208687 0.109390 -0.021230 1
0.539134 -0.034563 0.085526 1
-0.360196 0.056787 0.003182 2
-0.484428 -0.018051 0.101282 2
-0.416116 0.038633 0.093135 2
0.001461 -0.068425 -0.015416 0
-0.006808 0.120392 -0.076322 0
0.551629 -0.058549 0.076518 1
-0.010165 0.153749 -0.019031 0
0.441998 0.063878 -0.004122 1
-0.065518 -0.626321 0.068823 0
0.391408 0.077296 -0.052031 1
-0.164138 0.129621 -0.283282 4
0.021143 0.225884 0.287861 3
0.334286 0.093173 0.106496 1
-0.095666 0.073146 -0.470063 4
-0.017200 -0.214154 -0.004143 0
0.394315 0.082606 -0.019770 1
-0.019320 0.152215 -0.131119 0
-0.104827 -0.803710 0.048781 0
-0.085466 -0.788796 0.046678 0
-0.018442 0.131319 -0.080816 0
-0.019987 -0.232005 0.011053 0
0.364023 0.062783 0.107720 1
0.520571 0.016220 0.006026 1
-0.027131 0.231045 0.328042 3
-0.376456 0.031210 0.012026 2
0.391471 0.075298 0.044767 1
-0.037246 0.189260 -0.003462 0
-0.042914 -0.392504 0.029264 0
-0.047526 -0.002787 -0.005434 0
-0.116098 0.257403 0.199012 3
-0.075361 0.222445 0.352290 3
-0.085537 -0.691481 0.065500 0
-0.312527 0.056000 0.091933 2
0.468510 0.013807 0.069733 1
-0.144176 0.067689 -0.482981 4
0.509582 0.026049 0.037020 1
0.508543 0.037554 0.004774 1
-0.181521 0.102527 -0.044634 2
0.468856 0.042483 0.068948 1
-0.047172 0.106528 -0.426748 4
-0.024478 -0.256679 0.017023 0
0.417556 0.075381 -0.005496 1
-0.172319 0.089024 0.037108 2
-0.464763 0.007002 0.005625 2
0.517067 0.001746 0.009584 1
0.458807 0.011885 0.093681 1
-0.254305 0.089454 -0.019713 2
0.419177 0.045222 0.124004 1
-0.124991 0.050244 -0.503594 4
0.232845 0.102908 0.020358 1
0.005604 0.139704 -0.005901 0
-0.002414 0.160598 -0.006167 0
-0.205410 0.095101 0.085383 2
-0.167359 0.090248 0.084352 2
0.088751 0.138038 -0.279562 6
-0.341512 0.056451 0.020545 2
-0.009434 0.141537 -0.084843 0
-0.010429 0.079940 -0.049724 0
0.312348 0.088748 0.070356 1
-0.043356 0.139549 -0.389111 4
-0.476599 -0.003593 0.060205 2
0.274945 0.098235 -0.000200 1
-0.300125 0.063606 0.100932 2
-0.214932 0.082874 0.009561 2
-0.093722 0.059964 -0.013852 2
-0.040528 0.260766 0.261367 3
-0.130073 0.244226 0.192545 3
-0.380211 0.028787 0.085661 2
0.391535 0.071114 -0.010857 1
-0.388417 0.029382 0.027787 2
0.322466 0.107163 -0.067514 1
-0.106316 0.251632 0.149001 3
-0.009340 -0.061408 -0.012750 0
-0.113301 0.077230 0.028673 2
0.545967 -0.002793 0.052603 1
0.444504 0.068385 -0.020101 1
-0.003459 0.133734 -0.027905 0
-0.072543 0.162121 -0.316525 4
0.371010 0.079171 0.053343 1
-0.422975 0.034212 0.109440 2
-0.437290 0.010367 0.115481 2
0.086981 0.029521 -0.012319 0
-0.299246 0.074184 0.065081 2
-0.092553 0.046909 0.001856 2
0.111118 0.225660 0.076869 5
-0.494669 -0.041342 0.048830 2
-0.270619 0.085731 -0.012903 2
-0.011079 0.144844 -0.345266 4
-0.144683 0.079603 -0.465437 4
-0.339562 0.042796 0.119149 2
-0.067451 0.120596 -0.406524 4
-0.002602 0.012942 -0.028502 0
-0.277945 0.075301 0.045160 2
-0.495712 0.002068 0.093352 2
-0.075628 0.133071 -0.384844 4
0.030964 0.212569 0.023033 5
-0.447912 0.011363 0.077620 2
-0.397549 0.023953 0.060850 2
0.087453 0.220423 0.043902 5
-0.056327 0.252287 0.289122 3
-0.360447 0.054821 0.077668 2
0.379279 0.082348 -0.053311 1
0.412556 0.038161 0.086981 1
-0.083637 0.259903 0.206112 3
-0.006486 -0.271901 0.023292 0
0.184937 0.103038 -0.028170 1
-0.320074 0.064985 0.011687 2
0.248510 0.104216 -0.020807 1
0.003334 0.112356 -0.073488 0
-0.014492 0.082030 -0.361197 4
-0.428291 0.010549 0.003971 2
0.450115 0.034019 0.051905 1
-0.343234 0.056370 -0.002734 2
-0.006271 -0.092370 -0.005599 0
-0.095447 0.262132 0.134949 3
0.533636 -0.035532 0.036092 1
-0.106727 0.161592 -0.297295 4
-0.015577 0.193754 0.027836 0
-0.091555 0.106634 -0.430293 4
-0.357725 0.048362 -0.018285 2
-0.406741 0.026285 0.027832 2
-0.143940 0.157124 -0.279255 4
-0.448996 0.005250 0.112753 2
0.340929 0.091077 0.060630 1
-0.107955 0.047444 -0.504341 4
0.488536 0.015422 0.036038 1
-0.124811 0.250614 0.175044 3
-0.103390 0.062962 -0.022470 2
-0.375234 0.049319 0.012462 2
0.178013 0.097351 0.010868 1
-0.132188 0.150466 -0.313014 4
-0.250862 0.106687 -0.056137 2
-0.109798 -0.928667 0.061228 0
0.005056 -0.125438 -0.023573 0
-0.096316 0.185102 -0.165648 7
-0.035997 0.168241 -0.190394 0
-0.438002 0.031869 0.086178 2
-0.078687 -0.686187 0.030981 0
0.033537 -0.083652 -0.009032 0
0.062042 0.207640 0.022134 5
0.396103 0.062004 0.119741 1
0.431620 0.024424 0.093620 1
0.518613 0.014665 0.067912 1
0.038191 0.231049 0.164952 3
-0.144190 0.126119 -0.352278 4
-0.123876 0.138564 -0.352828 4
0.050072 0.177217 -0.199015 6
0.006382 0.002562 -0.040558 0
-0.398890 0.024270 0.118544 2
0.409663 0.074759 0.018907 1
-0.033517 0.205364 0.366148 3
0.410947 0.059597 0.003465 1
0.468539 0.048013 -0.024009 1
-0.016547 0.091862 -0.381496 4
0.005338 0.230641 0.303286 3
0.110541 0.046287 -0.005541 0
0.031123 0.171843 -0.173190 6
-0.457185 -0.003928 0.077290 2
0.501407 0.030349 -0.007898 1
-0.415494 0.016131 0.005282 2
0.004084 0.153634 -0.316098 4
0.500628 -0.027854 0.103924 1
-0.067234 -0.570150 0.038727 0
-0.107984 0.174837 -0.248022 4
0.280810 0.115115 -0.073979 1
-0.091745 -0.758728 0.066742 0
0.039495 0.205406 0.171911 3
0.005303 0.193965 0.020516 5
-0.016549 0.213042 0.345635 3
-0.103348 -0.847772 0.050890 0
-0.291091 0.079651 -0.004107 2
0.404588 0.079455 -0.011990 1
0.394324 0.055783 0.062199 1
-0.108033 -0.967870 0.047708 0
-0.408589 0.027679 0.053208 2
0.037121 0.183650 0.174768 3
0.402931 0.057591 0.036507 1
-0.059142 -0.586965 0.042537 0
-0.368015 0.052525 -0.012284 2
0.265663 0.107734 -0.003400 1
0.128596 0.076261 -0.002976 1
-0.094632 0.250630 0.126515 3
0.526566 0.005730 0.102725 1
0.013859 0.175332 -0.198739 6
-0.060590 0.251644 0.100146 3
-0.047341 -0.417304 0.028723 0
-0.135553 0.165383 -0.256120 4
-0.437106 0.011186 0.022367 2
0.449707 0.037639 0.004299 1
0.476817 0.027979 0.027688 1
0.525360 0.017372 0.085467 1
-0.104913 -0.829849 0.053439 0
0.490326 0.038999 0.002467 1
0.274421 0.102827 -0.011857 1
0.488419 0.038950 0.060629 1
-0.015746 -0.294406 0.020812 0
0.543267 -0.026067 0.106031 1
0.469184 0.032031 0.094303 1
0.370875 0.082127 0.028510 1
0.501657 -0.003775 0.087936 1
-0.388849 0.024054 0.011336 2
0.013589 0.077550 -0.053807 0
-0.042624 0.225396 0.070685 3
0.510168 0.030882 0.052514 1
-0.464778 -0.005311 0.045571 2
-0.302405 0.073593 0.115664 2
-0.094480 -0.797030 0.066605 0
0.132897 0.218861 0.075830 5
-0.047127 0.262946 0.231767 3
-0.144805 0.114606 -0.406524 4
0.448620 0.056313 0.028984 1
-0.000035 0.053922 -0.042534 0
-0.449482 0.005551 0.020567 2
-0.043951 -0.491176 0.051493 0
-0.213837 0.092841 -0.011376 2
-0.476031 -0.003674 0.037439 2
-0.056628 0.168603 -0.271748 4
-0.133099 0.102021 -0.433822 4
-0.114856 -0.912056 0.055752 0
-0.472535 0.011709 0.109501 2
-0.026686 -0.432876 0.021236 0
0.525763 0.012876 0.044810 1
0.426200 0.034772 0.084052 1
-0.457340 0.023666 0.100938 2
-0.164789 0.093593 -0.012393 2
0.553429 -0.011735 0.046108 1
-0.108660 0.241043 0.220429 3
-0.241903 0.107164 -0.047147 2
0.418806 0.076453 -0.020812 1
-0.033145 -0.042216 -0.019017 0
0.517258 0.031166 0.028762 1
-0.141379 0.143228 -0.320663 4
-0.114078 0.130850 -0.383958 4
0.306050 0.103285 -0.036014 1
0.216335 0.114497 -0.061708 1
0.011502 -0.008856 -0.023384 0
-0.083864 0.082336 -0.458743 4
-0.034911 0.256301 0.271437 3
0.034303 0.206038 0.156297 3
-0.451169 0.018134 0.117640 2
0.062780 0.224558 0.060698 5
-0.084037 0.095263 -0.441763 4
-0.039037 -0.474144 0.037849 0
0.431006 0.038044 0.123836 1
0.245120 0.118689 -0.073424 1
-0.018094 0.177539 0.003236 0
0.342347 0.101756 -0.053105 1
0.364277 0.082202 0.069111 1
0.475653 0.024356 -0.004326 1
-0.359330 0.056264 0.053608 2
-0.084050 0.267352 0.174869 3
-0.242102 0.089814 -0.018262 2
0.410980 0.052586 0.044524 1
-0.132659 0.081930 -0.466586 4
-0.439487 0.033696 0.047804 2
-0.115750 0.156871 -0.318872 4
-0.108306 0.144029 -0.353738 4
-0.089077 -0.823013 0.053199 0
-0.008336 0.137094 -0.098870 0
-0.006454 0.101952 -0.052702 0
-0.459019 -0.016087 0.002390 2
-0.366632 0.056656 -0.037418 2
-0.163168 0.112202 -0.336559 4
0.411746 0.061867 0.076483 1
0.468416 0.017037 0.125168 1
0.032666 0.215491 0.148240 3
0.208324 0.113595 0.052540 1
0.499440 -0.003188 0.063179 1
-0.015651 -0.278975 -0.002026 0
0.534585 -0.009517 0.114648 1
0.006325 0.037671 -0.030134 0
0.560659 -0.046538 0.074133 1
0.391018 0.069292 0.005396 1
-0.348063 0.046586 0.076698 2
-0.270051 0.081483 0.093563 2
0.265072 0.103868 0.045497 1
-0.067976 0.106970 -0.427399 4
-0.489201 -0.019379 0.035926 2
-0.019286 -0.245671 -0.009031 0
-0.384583 0.046384 0.085596 2
-0.047562 0.232645 0.335570 3
0.382688 0.086067 -0.020561 1
-0.341618 0.075135 -0.038414 2
0.078990 0.166689 -0.231435 6
0.000679 0.111095 -0.356519 4
0.502782 0.017743 0.106853 1
-0.035844 -0.416485 0.042178 0
0.355350 0.075514 0.084971 1
-0.079325 -0.700964 0.076651 0
-0.476108 -0.020422 0.077790 2
-0.007923 0.154257 -0.289707 4
-0.036257 0.172669 -0.247572 4
0.027583 0.224059 0.119873 3
0.524624 -0.023073 0.035797 1
-0.446745 0.001648 0.004342 2
0.078402 0.152406 -0.262615 6
0.157133 0.093543 0.035166 1
0.563086 -0.008654 0.064192 1
-0.077839 -0.762466 0.073150 0
0.003380 -0.054697 -0.027403 0
0.500023 0.002219 0.076760 1
0.509593 -0.010626 0.061732 1
0.441170 0.052187 -0.029315 1
-0.318642 0.079337 -0.029476 2
0.523750 -0.004501 0.044802 1
0.353823 0.088434 0.036640 1
0.519791 -0.052166 0.100409 1
-0.104492 -0.872383 0.061985 0
-0.445979 0.004060 0.093638 2
0.009025 0.225513 0.093887 3
-0.124022 0.239693 0.208330 3
0.330358 0.095436 0.036209 1
0.330297 0.093958 0.020210 1
-0.115436 0.154552 -0.247395 4
0.098292 0.210852 0.037067 5
0.360408 0.098674 -0.052406 1
-0.330462 0.062485 0.085857 2
0.033318 -0.055932 -0.007434 0
0.113728 0.220205 0.053130 5
-0.319821 0.063649 0.029213 2
-0.238397 0.106769 -0.060774 2
-0.181290 0.092761 0.061301 2
0.009640 -0.019459 -0.028612 0
0.431465 0.036460 0.068666 1
0.528794 0.011910 0.013574 1
-0.099870 0.172842 -0.270660 4
-0.006628 -0.019106 -0.018916 0
-0.368014 0.049597 0.093757 2
0.265552 0.103852 -0.020431 1
-0.176687 0.109815 -0.303672 4
-0.009632 0.244700 0.133272 3
-0.048608 -0.555098 0.035402 0
0.021500 0.239909 0.231251 3
-0.027031 0.174973 -0.239596 4
-0.446545 -0.010100 0.110255 2
0.000255 0.095645 -0.367805 4
-0.009532 -0.270598 -0.008196 0
-0.002982 0.146227 -0.336119 4
0.013043 0.236204 0.125891 3
-0.068395 -0.660469 0.052715 0
0.409947 0.064313 0.053323 1
0.524742 -0.025960 0.014159 1
-0.003942 0.250972 0.165582 3
-0.021028 0.260897 0.246242 3
0.305242 0.100929 0.027736 1
-0.018942 0.231483 0.077812 3
-0.011115 0.257527 0.206770 3
0.224202 0.104437 0.028341 1
0.020261 0.239154 0.256425 3
0.275552 0.106756 0.022315 1
-0.367519 0.054570 0.068159 2
0.561142 -0.041184 0.091776 1
0.515011 -0.036662 0.099531 1
0.497040 0.009246 0.006226 1
-0.400541 0.030863 0.036825 2
0.379492 0.081629 0.020406 1
-0.415751 0.033989 0.012087 2
0.429158 0.050746 0.005057 1
-0.059266 0.260457 0.109892 3
-0.472988 -0.015047 0.101354 2
-0.358618 0.046553 0.011074 2
-0.006868 -0.214162 -0.012429 0
-0.448861 0.011666 0.045734 2
0.353662 0.088729 0.020599 1
-0.205519 0.092372 0.068883 2
-0.094546 -0.799338 0.052627 0
0.338089 0.092119 0.076406 1
0.137420 0.077996 -0.020898 1
-0.038176 -0.343880 0.019540 0
0.058232 -0.027549 -0.018558 0
0.490388 -0.009568 0.095085 1
-0.059499 0.264386 0.158150 3
-0.027607 0.221420 0.342481 3
-0.096344 -0.880414 0.067752 0
-0.375917 0.028872 0.101341 2
-0.468080 0.002435 0.053846 2
-0.408210 0.039258 0.044537 2
-0.007243 -0.104809 -0.025935 0
-0.144859 0.091188 0.069176 2
0.003768 -0.043895 -0.019673 0
-0.137111 0.046687 -0.500666 4
-0.067602 0.114123 -0.417495 4
-0.424206 0.011924 -0.011289 2
-0.082339 0.039222 0.002229 2
0.014366 -0.052346 -0.019638 0
0.095006 0.038150 -0.020427 0
-0.229924 0.088888 0.011968 2
0.364307 0.073266 0.045657 1
-0.075070 0.236056 0.327996 3
-0.080105 -0.651721 0.067880 0
-0.078452 -0.636486 0.052421 0
-0.448812 0.010633 0.060758 2
0.009169 0.013045 -0.028389 0
-0.473569 0.017401 0.077100 2
-0.068039 0.251750 0.282991 3
-0.046111 0.093664 -0.454999 4
0.547493 -0.060613 0.089507 1
-0.302472 0.075016 0.052835 2
0.265902 0.103105 0.029267 1
-0.367107 0.043058 0.061611 2
0.109350 0.136282 -0.269515 6
-0.251559 0.098358 -0.030675 2
0.318858 0.098838 0.088248 1
0.304817 0.100295 0.068960 1
-0.083473 0.266293 0.158206 3
-0.075596 0.206312 -0.010411 2
-0.029578 -0.053595 -0.019619 0
-0.010451 0.215955 0.036510 0
-0.018432 0.168062 -0.279530 4
-0.270486 0.075344 0.068693 2
-0.400029 0.022644 0.076229 2
0.026378 0.012596 -0.049216 0
0.290534 0.097805 0.079900 1
-0.027074 0.146705 -0.345037 4
-0.047123 0.224862 0.345583 3
-0.033220 0.168958 -0.149569 0
-0.023480 0.210471 0.052908 0
0.401830 0.071788 -0.050547 1
0.031085 0.178187 0.183149 3
-0.173454 0.088007 -0.326174 4
-0.073257 -0.603566 0.036622 0
0.523363 -0.021458 0.053390 1
-0.006690 0.127032 -0.367009 4
-0.162165 0.090097 0.073784 2
-0.086446 0.238714 0.314000 3
-0.030870 -0.409578 0.016405 0
-0.439246 -0.007344 -0.009357 2
-0.175453 0.081359 0.013151 2
0.420956 0.056922 -0.019059 1
0.498059 0.009903 0.058778 1
-0.021286 0.200128 0.367032 3
0.124371 0.064928 -0.017439 1
-0.299347 0.062735 0.061195 2
0.118086 0.055025 -0.004135 0
0.449826 0.023716 0.127496 1
-0.426115 0.034155 0.030422 2
-0.059446 0.163092 -0.321150 4
-0.448569 0.028774 0.037359 2
0.314634 0.098985 0.020557 1
0.323504 0.087650 0.098741 1
-0.036822 0.169490 -0.174177 0
0.466926 -0.005480 0.123372 1
-0.398416 0.019240 -0.027148 2
-0.035216 0.107549 -0.423195 4
-0.418786 0.018767 0.119246 2
0.307410 0.102000 0.099439 1
-0.124124 0.122751 -0.393303 4
0.094531 0.157086 -0.246770 6
-0.282242 0.089324 -0.028740 2
-0.033925 0.119447 -0.387189 4
-0.318961 0.065440 0.115980 2
-0.318957 0.066957 0.085054 2
0.427415 0.064771 0.036441 1
0.371196 0.087607 -0.003839 1
0.468784 -0.019273 0.113987 1
0.022348 0.174876 0.190148 3
-0.378524 0.035663 -0.020174 2
-0.038097 -0.393051 0.018776 0
0.257025 0.101547 0.020964 1
0.086518 0.226597 0.069553 5
-0.075605 0.064300 -0.476978 4
0.294066 0.102279 -0.012009 1
-0.100794 -0.970217 0.075057 0
0.077411 0.219927 0.037018 5
0.508414 -0.015988 0.075032 1
-0.047171 -0.482340 0.029322 0
-0.091891 0.248612 0.223185 3
-0.121445 0.171801 -0.249899 4
0.053028 -0.043180 -0.005527 0
0.467351 0.001518 0.107996 1
-0.018382 0.160890 -0.306780 4
-0.073317 -0.620842 0.045328 0
0.000431 0.166789 0.003101 0
0.400842 0.042451 0.118685 1
-0.107869 -0.863935 0.053694 0
0.024839 0.215676 0.182215 3
0.451938 0.040889 0.092712 1
-0.503661 0.002236 0.076071 2
-0.193829 0.094775 0.086716 2
-0.135639 0.092426 -0.449483 4
-0.164487 0.092087 0.061141 2
-0.108101 0.263249 0.183801 3
-0.067529 0.175390 -0.255609 4
0.184188 0.104229 0.036221 1
-0.144824 0.089569 0.053042 2
-0.318204 0.065009 0.101531 2
0.322074 0.094743 0.069249 1
-0.037515 0.218965 0.347738 3
0.053327 0.218381 0.067738 5
0.450830 0.023773 0.075526 1
-0.100580 -0.969408 0.061315 0
0.469401 0.027289 0.004830 1
0.001149 -0.133980 -0.005442 0
-0.109018 0.099919 -0.440899 4
-0.035716 0.238758 0.075408 3
-0.366895 0.055852 0.036720 2
0.537737 -0.042186 0.044472 1
0.273556 0.111339 -0.052485 1
-0.134222 0.074981 -0.476855 4
0.440098 0.022186 0.085169 1
-0.105161 -0.952997 0.054407 0
0.508288 -0.043957 0.105254 1
0.314786 0.103023 -0.044262 1
0.050018 0.174920 -0.214875 6
-0.106959 -0.887705 0.053731 0
-0.062908 -0.548141 0.055596 0
0.098870 0.220276 0.044569 5
-0.230658 0.093904 0.100522 2
-0.417500 0.023756 0.045085 2
0.497061 0.029468 0.085662 1
0.419565 0.052688 0.101811 1
0.028011 0.166128 -0.162079 6
-0.059255 0.184781 -0.166444 7
-0.068725 0.036783 -0.003581 2
-0.019097 0.154144 -0.094448 0
-0.450304 -0.000646 0.061531 2
-0.424174 0.018368 0.028290 2
-0.164748 0.088872 0.020671 2
-0.047057 0.015507 -0.006094 0
0.361992 0.077620 0.020084 1
0.509481 -0.003538 0.019704 1
0.419483 0.021916 0.110337 1
-0.132957 0.058523 -0.496222 4
0.489159 -0.000563 0.074362 1
0.074137 0.010378 -0.006215 0
-0.003957 0.218760 0.328046 3
-0.047254 0.097960 -0.437406 4
-0.039189 -0.359955 0.020217 0
-0.311053 0.056742 0.070794 2
-0.144371 0.100646 -0.433240 4
-0.082508 0.255572 0.112380 3
-0.088042 -0.831760 0.060561 0
-0.095896 0.092497 -0.449456 4
-0.409904 0.011204 -0.011239 2
0.345522 0.091917 0.101858 1
0.427689 0.067549 0.020584 1
-0.424413 0.018806 0.092642 2
-0.360256 0.037753 0.102515 2
-0.289938 0.075656 0.077278 2
0.354509 0.085744 0.052708 1
0.314409 0.093145 0.044519 1
-0.213906 0.088971 0.036018 2
-0.302846 0.077319 -0.012233 2
-0.082552 0.179566 -0.198663 4
-0.424771 0.038210 0.069407 2
0.448255 0.037735 0.036705 1
0.204822 0.109139 0.012664 1
-0.082767 -0.742021 0.073893 0
-0.042808 0.249308 0.093432 3
0.233214 0.110599 0.011801 1
-0.027510 -0.376627 0.020347 0
-0.108084 -0.937200 0.068474 0
-0.437021 0.029862 0.102322 2
0.501901 0.030776 0.027951 1
-0.059844 0.132705 -0.385450 4
-0.406668 0.015507 0.095420 2
0.293131 0.113146 -0.061899 1
-0.095544 0.175774 -0.239420 4
-0.047400 0.160312 -0.328707 4
-0.035016 0.172064 -0.263748 4
0.525641 -0.027266 0.068809 1
-0.099738 0.067371 0.003458 2
0.394930 0.050338 0.085703 1
0.037720 0.167638 -0.231475 6
0.468067 0.023308 0.110921 1
-0.035252 0.118059 -0.401233 4
-0.115758 -0.962296 0.053748 0
0.469213 0.020711 0.044821 1
-0.016706 0.120945 -0.070959 0
-0.096387 0.048593 -0.499972 4
-0.279502 0.072342 0.095126 2
0.331486 0.080241 0.089012 1
-0.019976 0.172358 -0.172894 6
0.224965 0.101859 0.012382 1
-0.003870 -0.222478 -0.004386 0
-0.074998 0.146351 -0.361144 4
-0.440840 0.013369 -0.009236 2
-0.074931 0.175133 -0.280513 4
-0.424620 0.022514 0.068409 2
0.362573 0.089367 0.003802 1
-0.081792 -0.676943 0.066977 0
-0.125746 0.159810 -0.262287 4
0.027310 0.197894 0.012852 5
-0.098180 -0.945030 0.060929 0
-0.497087 -0.035393 0.068425 2
0.404081 0.038477 0.101524 1
-0.335165 0.053247 0.045142 2
-0.059613 0.092978 -0.445358 4
0.538161 -0.023421 0.041550 1
0.042975 0.211617 0.057769 5
0.425677 0.050884 0.026419 1
0.411908 0.068964 0.036620 1
-0.007818 -0.246326 -0.002960 0
-0.165942 0.091308 0.003285 2
-0.020202 0.252995 0.139820 3
0.232735 0.111964 -0.044506 1
-0.101458 -0.847558 0.068689 0
0.001691 -0.158357 0.001559 0
-0.424158 0.023477 -0.011191 2
0.039200 -0.035095 -0.018341 0
-0.163730 0.077856 0.010464 2
-0.329234 0.048339 0.109054 2
-0.132188 0.124888 -0.385139 4
0.233811 0.109274 -0.003262 1
0.531955 -0.051971 0.088141 1
0.209081 0.108044 -0.003963 1
-0.024327 -0.360251 0.020142 0
-0.024045 0.138066 -0.107628 0
-0.051881 -0.457425 0.037157 0
-0.184258 0.096835 -0.035453 2
-0.066604 0.236904 0.087263 3
-0.095411 0.150386 -0.346291 4
-0.482441 -0.019344 0.052282 2
-0.095113 0.137285 -0.371239 4
0.541431 0.007165 0.085216 1
-0.017857 -0.060000 -0.019779 0
0.519209 -0.025826 0.077779 1
-0.495190 0.005885 0.052858 2
-0.075774 0.174227 -0.262993 4
0.402726 0.030091 0.113657 1
0.527480 0.010623 0.062552 1
-0.065233 0.015802 -0.006166 0
-0.144386 0.088160 -0.028952 2
-0.146090 0.128610 -0.338007 4
0.196941 0.111854 0.054101 1
0.070486 0.224302 0.052703 5
-0.388919 0.045076 0.020736 2
0.455980 0.056616 -0.027939 1
-0.085773 -0.757345 0.046690 0
-0.300259 0.081257 -0.027414 2
-0.144136 0.125071 -0.369460 4
-0.074651 0.256004 0.232537 3
-0.025764 0.139356 -0.124569 0
-0.475917 0.011120 0.022126 2
-0.018117 -0.222623 -0.011246 0
