0.654218 0.128452 -0.451275 3
-0.615655 0.148713 0.720319 4
0.122216 -0.987052 0.072934 0
-0.469479 0.178252 -0.396943 5
0.300844 0.333603 0.437753 6
-0.107291 -0.259560 0.183888 0
0.087748 0.214697 -0.629780 5
0.155067 0.163386 -0.069924 6
0.428656 -0.371256 0.203775 2
-0.138921 0.102866 0.538223 4
-0.569631 -0.083820 0.272764 4
-0.222026 -0.481182 -0.176156 1
-0.290760 0.150241 -0.761262 5
0.109633 -0.570831 0.039998 0
-0.246285 0.113749 -0.065222 5
0.545048 0.095541 -0.064073 3
0.247420 -0.225033 -0.115606 0
0.299944 0.036528 -0.380703 3
-0.084771 0.028327 -0.375582 5
0.096043 0.102104 0.266955 6
0.475907 0.342667 0.149689 6
-0.019654 -0.098996 -0.062503 7
-0.283418 -0.085516 0.347800 4
-0.351770 0.239656 0.671979 4
-0.473339 0.027569 0.510897 4
0.176597 -0.392073 0.205222 2
0.049881 -0.335959 -0.009883 0
-0.268003 0.100353 -0.517894 5
0.285071 0.204143 0.134724 6
0.375401 -0.024802 -0.168589 3
-0.055952 -0.034773 0.371761 4
0.134212 -0.052868 0.105404 6
0.108926 0.042735 -0.257966 5
-0.137090 0.003333 0.099457 7
-0.286623 0.105913 -0.285989 5
0.678863 0.170680 -0.233173 3
0.092594 0.246700 0.435694 6
-0.377804 -0.118657 0.151634 4
-0.169596 -0.420867 0.029010 1
0.328830 0.292680 -0.053177 6
-0.111041 0.133920 -0.652268 5
0.496706 0.075392 -0.305327 3
0.108285 -0.780709 0.059657 0
0.091725 0.103833 -0.455568 5
-0.446527 0.150422 -0.599685 5
-0.120897 0.017369 -0.182994 5
-0.658327 0.002251 0.456141 4
0.453732 0.326578 0.331901 6
-0.036554 -0.414669 -0.152267 1
0.475196 0.149153 -0.482459 3
0.223179 0.236163 0.300510 6
0.308262 -0.397862 0.080837 2
-0.313363 0.088349 0.538308 4
-0.431387 0.161777 -0.228225 5
0.116151 -0.188347 0.013094 0
-0.472857 0.119251 0.644774 4
0.007004 0.068109 0.139458 6
-0.149537 -0.157387 0.300919 4
0.218926 0.083870 0.060184 6
-0.434577 -0.052809 0.361499 4
0.204173 -0.342929 -0.020136 0
-0.626192 0.071621 0.588803 4
-0.052720 0.091482 -0.517973 5
-0.192207 -0.005752 0.439035 4
0.247456 -0.034688 -0.259443 3
-0.211062 0.214085 0.608326 4
-0.019080 -0.087119 0.089338 7
-0.001827 -0.350598 0.128554 0
-0.001560 0.050554 0.479448 4
0.301399 -0.372538 0.281512 2
0.358772 0.297160 0.225690 6
0.018835 -0.481525 -0.029770 0
0.004248 -0.053938 -0.199049 5
0.012339 -0.218809 -0.136410 0
0.190890 0.123353 -0.351658 5
-0.281843 -0.461884 -0.049257 1
-0.137727 -0.009944 -0.045432 7
-0.248263 -0.127846 0.199667 4
0.429389 0.009619 -0.046969 3
-0.023100 0.222999 -0.710096 5
-0.340066 0.137219 -0.409146 5
-0.209441 0.077312 -0.398391 5
-0.344848 -0.015261 0.453998 4
0.113172 -0.431701 0.059231 0
0.478142 0.061166 -0.172441 3
0.392058 0.271161 0.060191 6
0.022243 0.189176 0.332013 6
0.097866 0.068856 0.013868 6
-0.323167 0.126617 -0.639036 5
-0.153824 0.195914 -0.756510 5
-0.357416 0.138091 -0.125200 5
0.200196 0.114043 0.194882 6
0.283595 0.174731 -0.000946 6
0.165589 0.185789 -0.518706 5
0.283488 -0.113768 -0.165367 3
0.606662 0.123274 -0.334527 3
-0.147974 -0.434201 -0.093312 1
-0.549224 -0.034695 0.392843 4
0.399520 0.106108 -0.399787 3
0.385704 0.032471 -0.294488 3
-0.470478 0.211571 0.720309 4
-0.227423 0.070481 -0.184167 5
-0.491231 -0.110367 0.186607 4
0.583112 0.122232 -0.183053 3
-0.373042 -0.098658 0.271360 4
0.036211 0.047330 -0.349989 5
-0.017418 0.124415 0.243984 6
0.716726 0.156522 -0.350232 3
0.207967 0.266187 0.420639 6
-0.003184 0.143229 -0.608581 5
-0.055044 -0.407721 0.029428 1
-0.178160 0.054984 -0.290032 5
0.303183 0.316863 0.326241 6
-0.047102 0.023632 -0.100381 5
0.114877 0.049171 0.155515 6
0.109838 -0.296125 0.074126 0
-0.389853 0.133037 -0.507214 5
0.006865 -0.193976 0.019194 7
-0.068844 -0.021484 -0.273853 5
-0.392853 0.135146 -0.724828 5
-0.371945 0.151192 0.611226 4
0.128654 0.169445 0.346544 6
-0.222964 0.134991 -0.679934 5
0.125149 -0.675798 0.070543 0
-0.153833 0.095490 -0.562749 5
0.206811 -0.415143 0.104398 2
0.280180 -0.376654 0.181027 2
0.552796 0.118286 -0.425239 3
-0.176987 -0.082241 0.361878 4
0.229521 0.230732 -0.074652 6
0.117827 -0.887590 0.083885 0
0.074369 0.140780 -0.547112 5
0.072781 0.014452 -0.170596 5
-0.571671 0.025169 0.513230 4
-0.093845 -0.054955 0.029372 7
-0.397942 0.157423 -0.319772 5
-0.096139 0.031477 0.469518 4
-0.153070 0.084829 -0.050440 5
0.336453 -0.078732 -0.093412 3
-0.228553 0.064582 0.500228 4
0.189412 0.092970 -0.245115 5
0.486397 0.314481 0.242861 6
0.131881 -0.147621 0.097853 0
-0.135459 0.066821 -0.457111 5
0.382669 0.345000 0.391968 6
0.137691 -0.520373 0.113919 0
-0.530998 0.075738 0.580130 4
-0.046652 0.107376 0.546243 4
0.056175 -0.247572 -0.060235 0
-0.125196 -0.439130 -0.182661 1
-0.002479 0.081053 -0.441602 5
-0.055256 -0.416335 -0.062086 1
0.392401 -0.371892 0.119515 2
-0.401748 0.078458 0.559743 4
0.022041 -0.128300 -0.144268 0
-0.224159 0.139878 0.551688 4
0.030884 -0.002950 -0.269647 5
0.266406 0.207698 0.225892 6
-0.342996 0.124693 -0.217977 5
-0.481238 -0.084640 0.287673 4
-0.020071 -0.278797 0.190419 0
-0.093955 -0.217006 0.261293 0
0.184092 0.149792 -0.436585 5
0.457371 0.331740 0.058361 6
0.294803 -0.158252 -0.081258 0
0.186513 0.157262 0.271129 6
-0.437160 -0.011054 0.438552 4
-0.170653 0.031749 0.023583 7
-0.574298 0.117805 0.650704 4
-0.230563 -0.133364 0.286360 4
0.172307 0.099050 -0.015763 6
0.353186 0.253293 0.150549 6
0.116743 0.083499 -0.366213 5
0.149631 0.029228 0.080253 6
-0.302210 0.200199 0.610355 4
-0.270179 -0.038260 0.421686 4
0.393652 -0.365333 0.280223 2
0.335857 -0.017792 -0.242601 3
0.328249 0.213168 0.059028 6
0.227153 0.141214 0.120004 6
0.256366 -0.274097 -0.049102 0
0.039678 -0.267426 0.041256 0
-0.102847 -0.094250 0.326353 4
0.379924 0.346802 0.301325 6
-0.073314 -0.040608 0.130125 7
-0.460634 0.169060 -0.486606 5
-0.626716 -0.039769 0.367025 4
-0.227552 0.109325 -0.595271 5
0.039280 -0.399793 0.071485 0
-0.550872 0.192028 0.739087 4
-0.356666 -0.049294 0.379004 4
-0.271165 0.106742 -0.438436 5
0.477287 0.116050 -0.394673 3
-0.175073 0.058716 -0.121189 5
-0.147635 0.168118 0.580495 4
0.476804 0.050990 -0.093434 3
0.037427 0.074328 0.219966 6
0.402331 0.321771 0.166033 6
0.247551 -0.003799 -0.330905 3
0.570320 0.116675 -0.259419 3
-0.397145 0.019453 0.499383 4
-0.662464 0.037065 0.529869 4
-0.019176 -0.116107 0.012535 7
0.426404 0.025832 -0.229521 3
-0.424008 0.175358 0.664015 4
-0.329240 0.113895 -0.562165 5
-0.084449 0.179728 -0.724723 5
-0.281172 0.102189 -0.139944 5
-0.208392 -0.433153 -0.046672 1
0.084110 -0.497686 0.034273 0
0.113976 -0.368681 0.015352 0
0.157836 0.278400 0.476542 6
0.392888 0.308161 -0.015612 6
-0.511079 -0.003714 0.452242 4
-0.283717 -0.474354 -0.123201 1
-0.321736 -0.117845 0.210715 4
0.353126 -0.366622 0.194404 2
0.184289 0.067913 0.134763 6
-0.280442 0.020331 0.470358 4
-0.283440 0.113666 -0.365387 5
0.286085 0.263523 0.272648 6
-0.123070 -0.034857 0.402758 4
-0.063172 -0.028183 -0.176832 5
0.187698 0.217775 0.362272 6
0.134190 0.050136 -0.189374 5
-0.207901 0.077855 -0.471735 5
-0.078929 -0.055835 -0.062569 7
0.435651 0.070340 -0.346971 3
-0.420496 -0.110174 0.210331 4
0.242306 0.294223 0.362706 6
0.235177 -0.371189 0.251041 2
0.335392 0.225223 -0.012219 6
0.019485 0.108039 -0.505165 5
-0.041851 0.163977 -0.668370 5
0.097213 -0.222475 0.073512 0
0.419798 0.008959 -0.123308 3
0.222710 0.161146 -0.045909 6
0.024752 -0.139819 0.068286 7
-0.398219 0.134067 -0.653369 5
-0.115696 0.022314 -0.305666 5
0.647854 0.158803 -0.169775 3
-0.078451 0.112873 -0.592747 5
0.419452 0.348503 0.229533 6
0.536839 0.094721 -0.136888 3
0.071043 0.016560 0.110937 6
-0.012650 0.013720 0.420465 4
-0.190300 -0.175725 0.246694 4
-0.116977 -0.419014 -0.017448 1
-0.512953 0.161112 0.689269 4
-0.221184 0.177935 -0.753818 5
0.587947 0.130108 -0.484243 3
0.510163 0.085398 -0.229347 3
0.014366 -0.418115 -0.061805 1
-0.587224 -0.004587 0.452830 4
-0.036706 -0.092287 -0.159126 5
-0.149697 0.050106 -0.369191 5
0.031194 0.193347 -0.662419 5
0.079736 0.199956 0.383877 6
-0.112978 0.042429 -0.096639 5
0.147820 0.080147 -0.305166 5
0.035207 0.125489 0.287611 6
0.368540 0.060427 -0.354610 3
-0.070787 0.057087 -0.437649 5
-0.019071 0.021538 -0.319565 5
-0.400336 0.152487 -0.442894 5
0.664000 0.146035 -0.306022 3
0.220768 0.303837 0.477625 6
0.122898 0.189891 -0.577713 5
0.256225 0.148991 0.055128 6
-0.506822 -0.057919 0.345814 4
-0.642734 0.100997 0.647198 4
-0.227693 0.085507 -0.334223 5
-0.023178 0.054187 -0.380568 5
0.654535 0.132960 -0.380352 3
-0.283206 0.092582 -0.213777 5
0.343204 0.078100 -0.421980 3
-0.305672 -0.105802 0.288319 4
-0.306075 0.145771 0.572230 4
0.323311 0.011082 -0.303389 3
0.301694 -0.056973 -0.201769 3
-0.171367 0.122234 -0.627583 5
0.056972 0.074324 -0.406612 5
0.588696 0.125549 -0.110598 3
-0.155227 0.055195 0.495917 4
-0.462675 0.074317 0.583633 4
0.318538 0.247739 0.210812 6
-0.322874 0.117540 -0.487009 5
-0.571080 -0.059030 0.334503 4
-0.346754 0.130950 -0.288542 5
0.546421 0.103663 -0.349604 3
0.384026 -0.025620 -0.077420 3
0.151018 0.227955 0.414592 6
-0.222634 -0.447159 -0.107940 1
0.417456 0.128427 -0.457205 3
0.130618 0.091373 0.201011 6
-0.284395 0.133343 -0.697667 5
0.166098 -0.463689 0.103567 0
-0.167978 0.039459 -0.229551 5
-0.146313 0.157867 -0.699006 5
0.093688 -0.249553 0.014138 0
0.056098 0.163914 -0.605388 5
0.416383 0.322171 0.104511 6
-0.238138 -0.436668 0.008129 1
-0.382580 0.127904 -0.593382 5
-0.390765 0.152448 -0.175788 5
0.130468 0.139520 -0.488276 5
-0.147762 -0.023897 0.045051 7
0.115008 0.115547 -0.031833 6
0.322171 -0.373285 0.135732 2
-0.116635 -0.403400 0.055466 1
0.026107 -0.301437 -0.061211 0
-0.339355 0.038945 0.508469 4
0.014846 -0.140958 -0.033353 7
-0.404658 0.161489 -0.380913 5
0.046974 -0.194814 -0.091432 0
0.285379 0.219193 -0.047135 6
-0.488508 -0.030967 0.400133 4
-0.094716 -0.431599 -0.122912 1
-0.049087 -0.320931 0.153120 0
0.166775 -0.417190 0.150631 2
-0.227443 0.075573 -0.244717 5
0.334332 -0.129311 -0.126674 3
-0.401048 0.228782 0.704990 4
-0.455813 0.176466 -0.338271 5
0.077716 -0.344985 0.057244 0
0.240538 0.156399 0.180735 6
0.164605 -0.397799 0.001251 0
0.322861 0.340469 0.377816 6
0.074702 0.148054 0.331342 6
0.627329 0.138622 -0.259290 3
-0.207427 0.093092 -0.529455 5
0.094270 0.053145 -0.320149 5
-0.117006 0.082514 -0.517977 5
0.263771 -0.389999 0.119333 2
0.057473 0.036541 0.165097 6
-0.226328 -0.109638 0.343803 4
-0.404121 -0.079511 0.317817 4
-0.095510 0.141902 0.571661 4
-0.229990 -0.066151 0.388928 4
-0.252822 0.178871 0.584885 4
0.125816 -0.103882 0.059358 0
-0.345503 -0.081012 0.331078 4
0.344284 -0.082422 -0.171035 3
-0.020959 -0.434083 -0.018213 1
-0.416919 0.114538 0.602955 4
0.473877 0.045980 -0.035424 3
-0.343290 0.140785 -0.351136 5
0.226310 -0.392241 0.165531 2
-0.111452 0.004663 -0.244093 5
-0.054583 0.063489 0.499497 4
-0.058700 -0.246218 0.225496 0
0.102448 -0.726050 0.041194 0
0.132239 0.133727 0.299371 6
-0.532490 -0.100935 0.226100 4
-0.228743 0.084125 -0.123956 5
0.454128 0.048396 -0.274536 3
0.156737 0.052670 0.028306 6
0.128177 0.000009 0.126852 6
-0.177698 -0.453027 -0.153093 1
-0.342651 0.141541 -0.697853 5
-0.266097 0.122608 -0.638507 5
-0.018344 -0.029304 -0.248175 5
0.293758 -0.215317 -0.081086 0
0.101066 -0.423527 0.004103 0
0.148898 -0.611529 0.045059 0
0.224172 0.126919 -0.000669 6
0.051581 -0.332103 0.131043 0
-0.020076 0.092387 0.182748 6
-0.299768 0.127070 -0.092718 5
-0.050158 -0.079156 -0.016829 7
0.096534 -0.630325 0.053919 0
0.146687 0.116482 -0.411187 5
0.453018 0.348937 0.280576 6
0.243094 -0.402369 0.063720 2
0.137686 -0.508738 0.059179 0
-0.018714 0.116081 -0.562404 5
0.610712 0.118605 -0.411035 3
-0.137525 -0.224100 0.227866 0
-0.430189 0.145006 -0.547070 5
0.699373 0.141747 -0.411177 3
0.074960 0.012124 -0.227284 5
0.000052 -0.171464 -0.107839 0
0.535756 0.142438 -0.471429 3
0.086252 -0.171867 -0.029755 0
0.242246 0.308300 0.422635 6
-0.301371 0.238069 0.649120 4
-0.359464 0.190742 0.650029 4
-0.403252 -0.032682 0.400476 4
0.170314 0.116270 0.240455 6
0.132872 -0.839986 0.064377 0
0.284647 -0.158262 -0.133825 0
0.052264 -0.282624 -0.018524 0
-0.278913 0.104134 -0.577335 5
0.130354 -0.934519 0.061621 0
0.117383 -0.051574 0.053896 0
0.173908 0.183983 0.322676 6
0.095791 -0.315076 0.006596 0
-0.324594 0.114624 -0.169352 5
-0.347573 0.113209 0.569982 4
-0.009571 -0.403945 -0.108264 1
-0.130653 0.002655 0.442634 4
-0.078826 0.006153 -0.138114 5
0.074629 -0.538261 0.002661 0
-0.529947 0.043604 0.538619 4
-0.189985 0.099147 0.529478 4
-0.586972 0.055193 0.559029 4
0.191421 0.106291 -0.295500 5
-0.117944 0.049919 -0.411541 5
-0.060608 -0.060681 0.073895 7
0.058961 -0.384685 0.004433 0
-0.625175 0.019355 0.499026 4
-0.000512 0.165878 0.292144 6
-0.287431 0.059905 0.504142 4
-0.642123 -0.021619 0.412576 4
0.334060 0.313480 0.285386 6
0.226417 0.203273 0.257438 6
0.064524 -0.214163 -0.010986 0
0.129423 -0.563666 0.088227 0
0.209324 0.159762 0.225568 6
0.252220 0.275707 0.316339 6
-0.153738 -0.116062 0.331894 4
-0.428522 -0.119481 0.154256 4
-0.381703 0.143056 -0.245258 5
0.420927 0.307038 0.026611 6
-0.070831 -0.291826 0.197847 0
0.382148 -0.003069 -0.228393 3
-0.572001 0.157267 0.696244 4
0.033221 -0.021897 -0.172885 5
-0.350938 0.139518 -0.752570 5
-0.473721 -0.101931 0.240906 4
-0.129744 -0.037409 -0.001306 7
0.482335 0.299235 0.290663 6
-0.446980 0.170829 -0.275184 5
0.055806 0.026016 -0.302289 5
-0.061519 0.002846 0.423855 4
-0.532139 0.106027 0.626349 4
0.420658 0.017920 -0.172572 3
-0.071163 0.005444 -0.320962 5
-0.434963 -0.094731 0.271516 4
0.208582 0.155618 -0.393546 5
0.343916 0.234881 0.105220 6
0.363932 0.247611 0.026585 6
-0.178375 0.049432 -0.181941 5
0.456695 0.348750 0.195147 6
-0.269162 -0.124580 0.256386 4
-0.027536 -0.059774 0.130744 7
0.300175 -0.369589 0.225886 2
0.480081 0.091888 -0.351370 3
-0.191452 0.032684 0.470727 4
-0.069308 -0.035031 -0.225497 5
0.412097 0.349488 0.345658 6
-0.194107 0.085535 -0.077850 5
-0.101724 -0.056066 0.363665 4
0.280014 0.263799 -0.067148 6
0.032010 0.133955 -0.571109 5
-0.251687 0.230120 0.630725 4
0.229448 -0.261780 -0.088169 0
-0.041151 0.031334 0.458082 4
-0.533990 -0.075409 0.305163 4
-0.170687 0.057803 -0.424463 5
-0.192382 0.156773 -0.714916 5
0.288008 0.185756 0.058743 6
-0.298647 -0.121127 0.168226 4
-0.040455 0.078325 -0.471556 5
-0.435981 0.044727 0.536210 4
0.360900 -0.366402 0.242027 2
-0.588673 0.088623 0.613669 4
0.037769 -0.443457 -0.007248 0
0.383391 0.281812 0.106297 6
0.353618 -0.387415 0.092654 2
0.114794 0.022217 0.047988 6
-0.358778 0.133631 -0.457751 5
0.358843 0.346114 0.346690 6
-0.239069 -0.002108 0.448306 4
0.116179 -0.178453 0.059791 0
0.703410 0.168156 -0.290772 3
0.489595 0.134536 -0.439427 3
0.014750 -0.225454 -0.068378 0
0.397623 -0.372266 0.166783 2
-0.170030 0.081937 -0.502276 5
0.530050 0.096405 -0.274200 3
0.072235 -0.451899 0.032386 0
-0.304925 -0.061216 0.382224 4
0.151806 0.064357 -0.243616 5
-0.095077 0.079614 0.517748 4
0.039382 0.094670 -0.458348 5
0.097552 -0.387641 0.064272 0
-0.099683 -0.422367 -0.076215 1
-0.130128 -0.187848 0.270860 0
0.048208 -0.212401 0.033003 0
0.013990 -0.091760 -0.172504 5
-0.263097 0.115689 0.541908 4
0.360473 0.265153 -0.016708 6
-0.192238 -0.141365 0.312053 4
0.200672 0.193995 -0.071785 6
0.614842 0.137598 -0.214263 3
0.324760 0.187060 0.017229 6
-0.530979 0.014406 0.490313 4
0.530708 0.093666 -0.183035 3
-0.192881 0.178192 0.584900 4
0.207193 0.097948 0.102968 6
0.285212 -0.015236 -0.278458 3
-0.306041 0.121005 -0.325315 5
-0.168486 -0.042691 0.397583 4
-0.078642 -0.430629 -0.166283 1
-0.245601 0.154826 -0.715008 5
-0.171273 -0.425480 -0.020237 1
-0.114940 -0.035860 0.089034 7
0.262421 0.178475 0.103847 6
0.083416 -0.678831 0.051318 0
0.567168 0.112081 -0.305122 3
0.452284 0.038075 -0.138017 3
0.384546 -0.027768 -0.123601 3
0.037172 0.211909 0.369101 6
-0.361574 0.068502 0.539727 4
-0.230278 -0.143769 0.241166 4
-0.179298 0.061942 -0.335430 5
0.269421 0.197058 0.177200 6
-0.133412 0.034810 -0.136866 5
-0.170086 0.011321 -0.017341 7
-0.061982 0.137161 -0.627741 5
-0.130896 0.114883 -0.607898 5
-0.471750 0.168253 0.671140 4
0.232181 -0.311844 -0.041761 0
0.470692 0.340394 0.104646 6
-0.177603 0.140061 -0.668847 5
0.385280 0.335909 0.256591 6
-0.457932 0.172012 -0.441471 5
-0.048466 -0.092857 0.038119 7
0.127800 -0.011231 0.075614 6
-0.441486 0.011847 0.482811 4
-0.625191 0.129347 0.680565 4
0.076033 0.063429 0.199064 6
0.188145 0.095848 0.029349 6
-0.036408 -0.019222 -0.141554 5
0.282026 0.329141 0.393003 6
0.369654 -0.003336 -0.272429 3
0.074477 0.123068 -0.505731 5
0.117399 -0.147918 -0.007950 0
0.351568 -0.367180 0.295785 2
-0.177154 0.141031 0.560312 4
0.148842 0.200456 0.379272 6
-0.230643 0.082769 -0.289597 5
0.004416 -0.175919 -0.152155 0
0.146373 -0.465958 0.049637 0
0.007255 -0.383580 0.099909 0
-0.270266 -0.079177 0.403952 4
0.054105 -0.369094 0.100164 0
0.510211 0.068334 -0.048169 3
0.177315 0.075559 0.073546 6
-0.036932 -0.063991 -0.212470 5
0.048377 -0.484242 0.011627 0
0.184859 0.140218 -0.036891 6
0.316301 0.223984 0.158860 6
0.171226 0.021722 0.117969 6
0.099598 0.093221 -0.413540 5
-0.054788 -0.420133 -0.108316 1
0.212569 0.261849 0.363348 6
0.123461 -0.098772 0.102942 6
-0.599205 -0.068187 0.301141 4
-0.004546 -0.308278 0.161917 0
-0.263963 -0.474111 -0.162342 1
0.612082 0.139317 -0.153703 3
-0.301564 -0.021181 0.452647 4
-0.435248 0.144807 0.634866 4
0.131211 0.160935 -0.528888 5
0.268115 0.321900 0.464045 6
0.247502 -0.379330 0.210060 2
0.073980 -0.294208 0.042884 0
0.030752 -0.018475 -0.228992 5
-0.397018 -0.006021 0.454531 4
0.054323 0.230586 0.404393 6
0.171434 0.089811 0.173352 6
0.510428 0.076616 -0.107758 3
0.015434 -0.110232 0.101358 7
0.209128 0.114091 0.148405 6
0.018986 0.059331 -0.388497 5
0.170115 0.163067 -0.482237 5
0.343321 -0.049233 -0.210312 3
0.581352 0.112622 -0.380002 3
0.248002 0.194252 -0.056919 6
-0.021505 -0.011143 0.381736 4
-0.435328 0.203053 0.697179 4
-0.379747 -0.106491 0.229701 4
0.470040 0.058845 -0.214494 3
-0.223057 0.123157 -0.638711 5
-0.243495 0.097125 -0.381548 5
0.326940 0.030246 -0.341460 3
-0.262207 -0.455011 -0.091809 1
0.383681 0.108524 -0.440508 3
0.319799 0.251574 -0.046580 6
-0.479827 0.051944 0.545195 4
-0.113795 -0.116047 0.291528 4
0.017836 0.065786 0.180457 6
-0.380927 0.127858 -0.548367 5
-0.493683 0.094270 0.604537 4
-0.267576 -0.109672 0.316783 4
-0.310802 0.121731 -0.438664 5
-0.512047 0.195471 0.722463 4
-0.019579 -0.133162 -0.138017 0
-0.021475 -0.004064 -0.286005 5
-0.116336 0.066775 -0.062332 5
0.282193 0.012627 -0.348539 3
-0.132465 -0.441757 -0.141180 1
0.135035 -0.412777 0.027332 0
-0.587664 -0.025552 0.407370 4
-0.004768 0.164043 -0.648452 5
0.111051 0.216587 0.408695 6
-0.235463 0.028646 0.476432 4
-0.092506 -0.009340 -0.199714 5
-0.229169 -0.031425 0.418632 4
-0.321151 0.116678 -0.259005 5
0.127110 0.261880 0.453084 6
0.327372 0.275934 0.242636 6
0.363027 0.280204 0.180592 6
0.092635 -0.844557 0.073515 0
-0.422083 0.153673 -0.486320 5
-0.266493 0.100956 -0.321879 5
-0.137527 0.031958 -0.261164 5
0.013926 0.226466 -0.691886 5
-0.070903 -0.058889 0.336312 4
0.133872 0.081397 -0.001998 6
-0.094629 -0.052864 -0.016477 7
0.553313 0.106981 -0.214862 3
-0.078412 0.077546 -0.487621 5
0.035811 0.099597 0.255628 6
0.486787 0.071281 -0.260101 3
0.394140 0.271761 0.012689 6
-0.324611 0.007600 0.481391 4
0.409656 0.040207 -0.337042 3
-0.119120 0.030114 -0.350600 5
0.172610 0.259904 0.443103 6
0.386222 0.323753 0.210938 6
0.338160 0.339542 0.422069 6
0.116950 -0.717461 0.078394 0
0.277460 -0.043185 -0.231541 3
-0.328190 -0.035238 0.422590 4
0.132246 0.102065 0.241165 6
-0.246879 -0.444401 -0.030797 1
-0.075092 0.043609 -0.078899 5
-0.513869 0.133962 0.659198 4
0.166052 -0.357792 -0.004410 0
0.040448 0.042155 0.117503 6
0.109664 -0.479148 0.060243 0
-0.092083 0.110849 0.546124 4
-0.085215 0.089838 -0.541786 5
-0.264113 0.108409 -0.104082 5
-0.449191 -0.077817 0.310942 4
-0.192483 0.100871 -0.577618 5
-0.096147 0.159345 -0.679377 5
0.450180 0.023110 -0.078410 3
0.250745 0.106855 0.067884 6
0.603805 0.127952 -0.289824 3
-0.359858 -0.114614 0.196023 4
0.337366 0.055416 -0.378911 3
-0.054538 0.032953 -0.350139 5
0.311225 0.212415 0.104572 6
-0.341085 -0.107860 0.249773 4
-0.117158 0.204710 -0.744298 5
0.400236 -0.361895 0.240394 2
0.081047 0.066331 -0.365460 5
0.433707 0.121719 -0.412235 3
-0.132001 -0.080518 0.356432 4
-0.077460 -0.417583 -0.017331 1
0.104653 -0.265447 0.049840 0
0.095839 0.013621 0.144836 6
0.254438 0.153217 0.014579 6
0.074103 -0.419171 0.061716 0
0.264664 -0.190156 -0.122508 0
-0.150326 0.061612 -0.090796 5
-0.449804 -0.035185 0.393130 4
-0.098188 -0.230152 0.224553 0
0.436767 0.343104 0.150529 6
-0.057569 0.210200 -0.723543 5
0.257722 -0.237651 -0.063272 0
0.398718 0.019514 -0.259740 3
-0.388641 0.194681 0.675635 4
0.266325 0.231482 0.256820 6
0.006752 -0.155794 0.026743 7
0.108807 -0.476575 0.012913 0
-0.245644 0.093497 -0.486859 5
-0.001814 0.091878 0.216947 6
-0.263202 0.089900 -0.249055 5
0.513771 0.107005 -0.370090 3
0.209448 -0.382524 0.224509 2
0.358672 0.022213 -0.320912 3
0.058718 -0.324231 -0.045614 0
-0.358182 0.132591 -0.654202 5
0.150779 0.101481 -0.363494 5
-0.017777 0.095274 -0.502101 5
0.201960 0.203989 0.301384 6
0.078641 0.122950 0.294146 6
-0.236628 0.091673 -0.445928 5
-0.358337 0.129774 -0.183135 5
0.611756 0.118817 -0.456301 3
0.073631 0.084586 0.241215 6
0.149064 0.130054 -0.046047 6
0.034406 -0.158063 -0.123542 0
0.462125 0.344017 0.241262 6
-0.324643 0.172387 0.596879 4
0.013385 -0.319271 0.112971 0
-0.044850 -0.072662 -0.073780 7
-0.590256 0.173211 0.734650 4
-0.211088 0.108385 -0.051705 5
0.513138 0.124383 -0.411340 3
0.331145 -0.092796 -0.136809 3
-0.004921 -0.116935 0.061849 7
-0.304773 0.115334 -0.607736 5
-0.193621 0.060373 -0.252653 5
0.149843 0.066078 0.150510 6
0.033119 0.155991 0.317279 6
0.022045 0.026524 -0.319349 5
-0.094410 -0.411909 0.026070 1
-0.207741 0.057542 -0.213758 5
-0.061358 0.049395 -0.396466 5
-0.465709 -0.062200 0.341097 4
-0.396854 -0.052105 0.362828 4
-0.055578 0.107990 -0.563157 5
-0.647821 0.054860 0.559654 4
0.256662 0.163638 -0.029811 6
-0.663932 0.009129 0.492727 4
0.414393 0.350158 0.286594 6
-0.532228 -0.019325 0.422651 4
-0.548637 -0.004567 0.453381 4
-0.525963 -0.089344 0.271309 4
0.286733 0.292884 0.302615 6
-0.375434 0.149326 -0.411045 5
-0.609225 0.035768 0.528544 4
0.644965 0.137133 -0.336730 3
-0.363301 0.143255 -0.319500 5
-0.113501 0.054737 0.497129 4
-0.418621 0.144607 -0.623571 5
0.361361 -0.052060 -0.107638 3
-0.105006 -0.011851 0.115587 7
0.557298 0.106991 -0.103556 3
-0.296373 -0.471614 -0.082025 1
0.058402 0.217296 -0.654402 5
0.418185 0.093185 -0.370438 3
-0.018421 0.188340 -0.683657 5
0.169150 0.084732 -0.275072 5
-0.321597 0.145829 -0.730792 5
-0.357615 0.119369 -0.619575 5
-0.321894 0.127090 -0.122456 5
0.206545 0.054918 0.108124 6
0.301817 0.204805 -0.017194 6
-0.246994 0.095408 -0.548002 5
-0.110162 -0.038357 -0.046815 7
0.107282 -0.525053 0.043532 0
0.452680 0.133833 -0.442023 3
0.082319 -0.402965 0.029493 0
-0.399622 0.154793 -0.275413 5
0.092131 0.169622 -0.580960 5
-0.307371 0.125179 -0.396759 5
-0.146451 -0.427518 -0.047561 1
-0.153984 -0.462078 -0.185395 1
0.104931 0.028254 -0.184165 5
-0.114297 0.099979 -0.562117 5
-0.000148 0.041938 -0.351431 5
-0.287268 -0.123711 0.222023 4
-0.148396 0.023101 0.467477 4
0.487106 0.336479 0.211692 6
0.110991 -0.220606 0.029757 0
0.250340 0.172915 0.149559 6
-0.588089 -0.044460 0.363451 4
-0.359920 0.010452 0.498289 4
-0.162516 0.006452 0.059118 7
-0.043682 0.125630 -0.592875 5
-0.228414 0.108948 0.532662 4
-0.152806 -0.018915 0.423302 4
0.201168 0.280849 0.453301 6
0.168696 0.059515 -0.196327 5
-0.265573 0.088241 -0.169749 5
0.342272 0.335560 0.316069 6
-0.131043 0.131447 0.559306 4
0.095656 0.175357 0.362413 6
0.287983 0.155684 0.038431 6
-0.436408 0.168524 -0.412470 5
0.460257 0.066059 -0.320655 3
-0.400850 0.147973 -0.214333 5
-0.606095 0.102542 0.659161 4
0.242329 0.116212 0.028722 6
0.412768 -0.004041 -0.081150 3
-0.397018 0.157875 0.636367 4
-0.173149 0.069988 -0.465754 5
0.391792 0.302192 0.137622 6
0.192046 0.236198 0.392971 6
0.106948 -0.327473 0.045432 0
0.566983 0.111550 -0.152674 3
-0.195254 0.063056 -0.153227 5
0.299012 0.221307 0.196221 6
0.265498 0.304179 0.333790 6
0.037129 0.122439 -0.532908 5
0.234465 0.187143 0.226437 6
-0.080013 -0.019221 0.402485 4
-0.342217 -0.115869 0.154730 4
-0.570604 0.072427 0.587485 4
-0.146437 0.040437 -0.304848 5
0.408965 0.298604 0.075522 6
-0.286784 0.107081 -0.470528 5
0.167418 0.103824 0.205921 6
-0.247705 0.077523 -0.215439 5
-0.397151 -0.116282 0.181487 4
0.353641 -0.053204 -0.152969 3
-0.203467 0.073889 -0.358667 5
0.112247 -0.024165 0.104893 6
-0.192153 -0.434716 -0.078299 1
-0.375688 0.132714 -0.688006 5
0.072693 0.025424 -0.271011 5
0.208977 0.124887 -0.320151 5
-0.035986 0.106463 0.211203 6
-0.121212 0.183262 -0.716346 5
-0.457591 -0.109976 0.210400 4
0.269296 -0.374963 0.266735 2
-0.349894 0.125488 -0.508478 5
-0.179566 0.183237 -0.735755 5
0.094119 -0.188590 0.085558 0
0.128881 -0.596109 0.069815 0
-0.188396 -0.473347 -0.183633 1
0.050520 0.174145 0.346889 6
-0.424637 0.166472 -0.351486 5
-0.431533 0.089958 0.578090 4
-0.252045 -0.089752 0.363380 4
0.179472 0.134276 -0.405264 5
-0.381280 0.156405 -0.350809 5
0.418397 0.042527 -0.302864 3
0.368701 0.248894 0.074257 6
0.284570 0.000233 -0.309992 3
-0.397767 0.039197 0.528428 4
0.667296 0.166392 -0.200308 3
0.644414 0.151768 -0.226716 3
-0.027435 0.079380 0.514931 4
0.241655 0.146549 0.088628 6
0.401064 0.002336 -0.199506 3
0.354576 -0.372529 0.148705 2
-0.203845 -0.423382 0.022831 1
-0.330554 0.209777 0.645709 4
0.322469 -0.005871 -0.272520 3
-0.134837 0.017408 -0.214930 5
-0.624590 0.088010 0.619500 4
-0.479411 -0.046740 0.370446 4
0.300794 -0.084337 -0.180254 3
-0.306063 0.110462 -0.516668 5
0.682738 0.149000 -0.349715 3
-0.188989 0.063134 0.498779 4
-0.607471 -0.056234 0.332721 4
-0.555498 0.138597 0.672060 4
0.151294 0.124017 0.272020 6
-0.305974 0.128458 -0.669121 5
-0.002938 0.109313 -0.532392 5
0.074752 -0.357754 0.025270 0
-0.131275 -0.417923 0.013972 1
0.245375 -0.018169 -0.299584 3
0.413472 0.340962 0.196393 6
-0.024159 -0.414199 -0.076872 1
-0.585906 0.010553 0.485485 4
0.070950 -0.253018 0.041921 0
0.495234 0.070405 -0.138032 3
-0.344466 0.141851 0.588846 4
0.123638 0.059367 -0.284276 5
0.105344 -0.252627 0.087983 0
-0.495983 -0.072409 0.316549 4
-0.246266 0.206325 0.604511 4
-0.265035 0.081872 0.518177 4
0.129997 -0.645115 0.055883 0
-0.178349 0.063580 -0.382441 5
0.047140 0.180723 -0.634776 5
0.083645 0.186192 -0.609786 5
0.564278 0.124752 -0.456915 3
0.323910 -0.367347 0.256149 2
-0.006138 -0.117294 -0.019159 7
0.511097 0.087473 -0.333993 3
0.147258 -0.495393 0.092508 0
0.175970 -0.436015 0.121143 2
0.376095 0.081118 -0.380808 3
-0.133389 0.078363 0.515040 4
0.485088 0.326521 0.179103 6
0.023849 0.073988 -0.421088 5
0.658715 0.151969 -0.258800 3
-0.313651 0.107433 -0.200847 5
-0.376629 0.117401 0.587334 4
0.583853 0.122212 -0.228624 3
0.309234 -0.133378 -0.099557 3
-0.471976 0.005417 0.469021 4
0.167374 0.148149 0.297802 6
-0.101489 0.069111 -0.456112 5
0.429924 0.345656 0.316765 6
0.057508 -0.238784 0.011426 0
-0.045441 -0.253500 0.195024 0
0.122887 -0.750043 0.059924 0
0.132210 0.126827 -0.456889 5
-0.146032 0.137441 -0.656928 5
0.226438 -0.283796 -0.062650 0
-0.018055 0.067516 -0.411171 5
-0.155771 -0.011456 0.014702 7
-0.136912 0.074519 -0.491929 5
0.224153 0.277321 0.393212 6
-0.302672 0.117882 0.553618 4
-0.592275 0.133673 0.674768 4
0.225440 0.262416 0.331805 6
0.133788 0.081471 -0.335674 5
-0.056259 0.187010 -0.699281 5
-0.044232 -0.054137 -0.167076 5
0.067860 0.088000 -0.435249 5
-0.261153 0.046883 0.487785 4
0.621284 0.122732 -0.379531 3
-0.482620 -0.010990 0.436201 4
-0.092954 -0.267809 0.212980 0
-0.282590 0.145244 -0.728877 5
0.361757 0.294906 -0.031880 6
-0.360198 -0.030306 0.414384 4
-0.173325 -0.168802 0.280453 4
-0.228881 0.095769 -0.092677 5
-0.096317 0.004503 -0.273790 5
0.098407 -0.813850 0.062019 0
-0.357300 -0.092754 0.300076 4
0.115600 -0.448880 0.030843 0
0.438308 0.033980 -0.199566 3
0.210260 -0.404347 0.135643 2
0.021021 -0.463742 0.013064 1
-0.496413 0.015687 0.489068 4
0.115223 -0.360884 0.055592 0
-0.074022 -0.394975 0.053526 1
0.107417 0.086314 0.225715 6
-0.432181 0.164167 -0.304146 5
-0.202271 0.071357 -0.439702 5
-0.527954 -0.044900 0.369537 4
0.356558 0.320014 0.261286 6
0.018017 -0.205104 -0.106771 0
0.049247 -0.008831 -0.198785 5
-0.001401 0.091002 -0.473150 5
-0.193456 -0.111463 0.340646 4
0.119344 -0.132382 0.044002 0
0.166996 0.102074 -0.334755 5
-0.305575 -0.113212 0.256160 4
-0.474572 0.191255 0.694641 4
0.188267 0.169082 -0.054151 6
0.662940 0.131936 -0.412188 3
-0.206952 -0.452618 -0.138011 1
0.000289 -0.442215 -0.041973 1
0.027047 -0.235634 0.042649 0
0.303894 -0.173228 -0.109066 0
0.264410 -0.207016 -0.093325 0
-0.004191 0.142205 0.269680 6
-0.457593 0.099591 0.603972 4
0.304700 -0.027828 -0.245089 3
-0.269031 0.109424 -0.608161 5
0.322980 -0.369407 0.181915 2
0.317335 0.284567 0.272569 6
0.430082 0.338185 0.370556 6
0.019817 0.160435 -0.624242 5
0.286601 -0.377724 0.149015 2
0.096886 0.139002 -0.523344 5
0.122912 0.042791 -0.228483 5
-0.454910 0.159559 -0.531553 5
-0.436723 -0.102788 0.239962 4
-0.057733 -0.059398 0.106345 7
-0.499365 0.071691 0.573407 4
-0.251845 0.166769 -0.744638 5
-0.070400 0.153132 -0.657133 5
0.475822 0.325449 0.271607 6
-0.005165 -0.083435 0.118482 7
-0.172081 0.091911 -0.533104 5
-0.267117 0.142778 0.559304 4
-0.092663 0.012175 -0.345237 5
-0.297946 0.103327 -0.240737 5
0.126275 -0.187901 0.089229 0
0.105778 0.071184 0.188954 6
-0.376285 -0.071889 0.334868 4
0.337106 0.220614 0.028854 6
-0.420574 0.143015 -0.577857 5
0.452737 0.101813 -0.379269 3
-0.060693 -0.286431 0.167669 0
0.075863 -0.269044 -0.035850 0
0.111451 0.146370 0.331953 6
-0.202155 -0.156994 0.270004 4
0.304654 0.253220 0.241055 6
0.073237 -0.312082 -0.016123 0
0.109236 -0.145545 0.075125 0
0.059355 0.104126 -0.481677 5
-0.078220 0.022379 -0.108214 5
-0.541919 0.167588 0.701482 4
0.262766 -0.400431 0.089016 2
0.068443 -0.567050 0.015305 0
0.548910 0.108848 -0.381097 3
0.430372 0.322375 0.075472 6
0.207524 0.236055 0.329148 6
-0.094907 0.005111 -0.165709 5
0.020243 -0.160674 -0.001765 7
-0.100920 -0.044980 0.058828 7
0.371249 0.279738 0.149802 6
-0.020777 -0.422164 0.011309 1
0.304716 -0.379169 0.106311 2
-0.282821 0.227636 0.624923 4
-0.245461 -0.445531 -0.062508 1
-0.222744 0.189985 0.590828 4
0.710913 0.139169 -0.376125 3
-0.313117 -0.074994 0.351124 4
-0.149554 -0.199858 0.248917 4
0.148634 0.188690 -0.545290 5
-0.101421 0.118200 -0.618893 5
0.075474 -0.326273 0.028200 0
0.007384 -0.121698 -0.057285 7
-0.457939 -0.116045 0.165211 4
0.714542 0.167496 -0.320310 3
0.222173 0.129916 0.178704 6
-0.342760 0.115097 -0.592068 5
0.360806 -0.023231 -0.214001 3
0.300805 -0.131657 -0.138538 3
0.263395 0.234649 -0.063512 6
0.453336 0.042092 -0.169421 3
-0.161590 0.046059 -0.155651 5
-0.417007 0.134066 -0.678470 5
-0.082010 0.214447 -0.742693 5
0.110803 -0.610820 0.034003 0
-0.387445 0.136797 -0.622998 5
-0.267646 0.129316 -0.668995 5
0.149784 0.036131 0.135558 6
-0.346373 0.174950 0.619163 4
-0.099562 0.002169 0.439728 4
0.047682 -0.222044 -0.076093 0
0.048210 -0.277586 -0.057022 0
-0.146703 0.042754 -0.335967 5
-0.018724 -0.080366 -0.193134 5
-0.191783 -0.444576 -0.111417 1
0.529857 0.094561 -0.305298 3
-0.324321 0.065991 0.519618 4
0.354122 0.346689 0.377433 6
0.032902 0.047971 0.149831 6
-0.116465 0.033992 -0.381340 5
0.529246 0.131346 -0.440784 3
-0.146693 -0.058808 0.382364 4
-0.191635 -0.029164 0.413308 4
-0.268713 -0.121336 0.177186 4
-0.416492 0.145266 -0.519224 5
0.232222 0.080025 0.099107 6
0.320523 0.056993 -0.404856 3
-0.035371 0.152278 -0.640504 5
0.017419 -0.354529 0.102671 0
-0.301989 0.033862 0.487875 4
0.133718 -0.795595 0.068868 0
0.124008 -0.234882 0.064504 0
0.452925 0.049292 -0.243727 3
-0.433008 0.026481 0.508586 4
-0.268082 0.107759 -0.396772 5
0.632436 0.136001 -0.297775 3
-0.170018 0.104693 -0.602334 5
0.308185 0.336642 0.408036 6
0.278528 0.322079 0.363274 6
0.098836 0.122404 -0.486972 5
-0.207631 -0.083676 0.363817 4
-0.246688 -0.459082 -0.122901 1
-0.656793 0.068798 0.588866 4
0.398190 -0.368631 0.197239 2
-0.019358 -0.326299 0.135071 0
0.174172 0.048795 0.103951 6
-0.549044 0.056264 0.558934 4
-0.268918 -0.117986 0.287364 4
-0.041736 0.069182 -0.442409 5
0.111570 0.193773 0.388365 6
0.059159 0.042408 -0.330420 5
-0.510208 0.031063 0.518965 4
-0.280200 0.167870 0.577193 4
-0.060341 -0.427676 -0.138325 1
0.000151 0.031920 0.441261 4
0.127616 -0.540471 0.060092 0
-0.350864 0.121601 -0.538623 5
0.047004 0.059027 -0.376689 5
0.148761 0.005828 0.105067 6
0.091932 0.043130 -0.286473 5
0.248129 0.306025 0.392970 6
0.167174 -0.403176 0.178628 2
0.328976 -0.058592 -0.185314 3
-0.231306 0.161805 0.571337 4
-0.201902 0.071365 -0.317607 5
0.158583 0.141699 -0.456896 5
0.399614 0.069164 -0.365961 3
-0.265914 -0.012560 0.439045 4
-0.243464 0.096967 -0.411803 5
0.230762 0.145258 0.149751 6
0.094884 -0.219893 0.004196 0
0.167141 0.052056 0.057541 6
0.159447 0.079391 0.013873 6
0.142007 -0.964410 0.070642 0
-0.497516 -0.106051 0.215781 4
-0.373453 0.133997 -0.208872 5
0.343332 0.276282 0.210479 6
-0.163074 0.087560 0.522715 4
-0.305487 -0.096920 0.317045 4
0.355340 0.017162 -0.289118 3
0.208740 -0.390012 0.195440 2
0.186820 0.289842 0.478095 6
0.511355 0.151345 -0.486474 3
-0.434436 0.063286 0.559735 4
-0.154004 0.033602 -0.198490 5
-0.548764 0.086083 0.602843 4
-0.117474 -0.165559 0.286403 4
0.264967 0.169965 0.074656 6
-0.435842 0.160152 -0.457864 5
0.463227 0.328523 0.303572 6
-0.095637 -0.420362 -0.046639 1
0.052769 -0.526798 0.019567 0
0.640254 0.149503 -0.197149 3
0.130031 -0.070079 0.073593 6
0.415405 0.328533 0.135643 6
-0.397454 0.144031 -0.472517 5
0.344297 0.257303 0.184296 6
0.194848 0.071984 0.045882 6
-0.229470 0.077743 -0.153036 5
0.497570 0.076815 -0.203769 3
-0.358318 0.130817 -0.258971 5
0.325326 -0.101808 -0.108505 3
-0.282799 0.107549 -0.548073 5
0.029664 -0.191898 0.043857 7
0.129107 0.061935 0.022643 6
-0.151227 -0.408741 0.048825 1
-0.398730 -0.099666 0.256694 4
0.127710 0.240546 0.432581 6
-0.228949 -0.124683 0.314602 4
0.110404 -0.397554 0.020725 0
0.180998 0.080783 -0.212802 5
0.088371 -0.447797 0.058958 0
0.114887 0.166391 -0.552922 5
-0.433074 0.169606 -0.380984 5
-0.138071 -0.024267 0.074771 7
0.206174 -0.325584 -0.044432 0
-0.377542 0.094808 0.564099 4
0.453909 0.035353 -0.108666 3
-0.078862 -0.267124 0.181721 0
-0.556099 -0.048429 0.361459 4
0.030240 -0.328998 -0.039654 0
0.277207 -0.259557 -0.066275 0
0.037268 -0.254396 -0.038696 0
-0.571634 -0.014566 0.429918 4
0.054784 -0.295040 0.020561 0
-0.297812 -0.047564 0.417603 4
-0.344674 0.093083 0.548725 4
-0.248858 -0.051719 0.406551 4
-0.207299 -0.433824 -0.017301 1
-0.001652 -0.011037 -0.263977 5
0.209567 0.141569 -0.365113 5
-0.329307 -0.119295 0.180833 4
0.131989 -0.903057 0.063424 0
-0.632372 -0.009283 0.437270 4
-0.207244 0.080399 0.513705 4
0.093273 0.043252 0.174261 6
0.130149 0.074863 0.170107 6
0.099655 0.044756 0.037524 6
-0.247781 0.099433 -0.576802 5
-0.253603 0.135073 -0.693796 5
-0.039702 -0.044723 -0.234062 5
0.056259 0.108188 0.274417 6
-0.210106 0.084291 -0.501899 5
0.211179 -0.416259 0.075703 2
0.149314 0.156909 -0.501916 5
0.169191 0.218281 0.393186 6
-0.044070 0.004792 -0.122268 5
-0.345822 0.141074 -0.380948 5
-0.297870 0.103345 -0.170113 5
-0.117724 -0.250330 0.209293 0
-0.614932 -0.000201 0.460002 4
0.116598 0.014294 0.083441 6
0.112313 0.117963 0.285540 6
0.361028 -0.375205 0.117774 2
-0.343596 -0.064394 0.358124 4
0.110537 -0.329891 0.073970 0
-0.040985 0.006879 -0.304240 5
-0.116677 0.157402 0.583674 4
0.284443 0.189609 0.088910 6
-0.399114 0.135588 0.611367 4
-0.423576 0.167676 -0.258700 5
-0.570852 -0.072924 0.302390 4
-0.403343 -0.091056 0.291484 4
-0.497237 -0.095554 0.256184 4
0.166062 0.193308 0.357387 6
-0.601961 -0.015587 0.430217 4
0.555875 0.107317 -0.185241 3
0.400897 -0.007342 -0.137504 3
-0.373104 0.142326 -0.288069 5
0.430430 0.351204 0.255875 6
0.082761 -0.525505 0.027524 0
-0.057090 -0.074367 -0.047929 7
0.337060 0.234968 0.133037 6
0.082609 -0.192293 -0.007069 0
0.027485 -0.230597 -0.097778 0
-0.029289 -0.089934 -0.033213 7
0.056256 0.132063 0.309500 6
-0.153580 -0.438805 -0.121008 1
0.150124 0.164299 0.328322 6
0.488725 0.056396 -0.062670 3
0.614276 0.137772 -0.182113 3
0.023964 -0.027502 -0.199278 5
0.073912 0.007775 -0.198298 5
0.322301 -0.114735 -0.152729 3
0.477077 0.062435 -0.289281 3
0.248189 0.251449 0.302030 6
0.090053 -0.553423 0.027793 0
0.298990 0.191072 0.028474 6
-0.222711 0.098961 -0.563465 5
0.073926 -0.377823 0.076567 0
-0.232897 0.092165 -0.516861 5
0.256794 0.178443 0.194492 6
0.358855 0.334472 0.286871 6
0.224830 0.114162 0.059063 6
-0.321375 0.118733 -0.301600 5
0.344939 0.228746 0.075798 6
-0.360178 0.139874 -0.153336 5
-0.073861 0.042704 0.482852 4
-0.002012 -0.447606 -0.002171 1
-0.122603 -0.141844 0.300886 4
-0.086895 0.042514 -0.406251 5
-0.372758 -0.018124 0.436478 4
0.105306 0.205625 -0.609695 5
0.687945 0.168367 -0.259742 3
0.261146 -0.376307 0.239873 2
0.683246 0.138823 -0.433995 3
0.405463 -0.006178 -0.054110 3
0.027062 0.151169 -0.598733 5
-0.037282 0.001636 0.409714 4
-0.552715 -0.092839 0.252245 4
0.436349 0.338058 0.119548 6
0.192160 0.169998 -0.454199 5
0.319034 0.333728 0.350944 6
-0.054049 -0.080721 0.013548 7
0.172182 0.122564 -0.380938 5
0.310853 0.306940 0.301088 6
0.351893 0.073093 -0.395913 3
0.588159 0.114021 -0.426857 3
0.099026 -0.003346 0.117996 6
0.511151 0.075382 -0.079875 3
-0.020394 -0.423798 -0.050965 1
-0.449397 0.157243 -0.563119 5
0.212025 0.110161 0.028838 6
0.376683 0.037572 -0.335577 3
0.302360 0.279770 -0.062573 6
-0.193049 -0.054597 0.392094 4
-0.180828 0.198392 0.599787 4
-0.153180 0.177114 -0.729737 5
-0.173381 0.149574 -0.696029 5
-0.195278 0.189423 -0.757765 5
-0.101944 -0.438031 -0.153189 1
-0.399764 0.102345 0.584685 4
0.112603 -0.874294 0.060131 0
0.232066 -0.403754 0.104384 2
0.115929 -0.206085 0.057985 0
-0.609591 -0.033008 0.387699 4
0.114697 -0.688564 0.048323 0
-0.269951 0.122971 -0.076211 5
0.135749 -0.522785 0.086427 0
-0.254267 0.092502 -0.275099 5
0.278067 -0.374654 0.210123 2
0.689052 0.156908 -0.319935 3
-0.223011 -0.439089 -0.077204 1
-0.428417 0.140472 -0.654223 5
-0.001035 -0.150894 -0.126120 0
0.401401 -0.011385 -0.109253 3
-0.104722 0.104348 -0.587558 5
-0.204997 0.074196 -0.114189 5
-0.559352 0.104908 0.630304 4
0.433795 0.345197 0.177804 6
-0.148282 0.084705 -0.521336 5
-0.051313 0.088551 0.524994 4
-0.128942 -0.101477 0.331072 4
-0.208547 0.048917 0.485726 4
0.184342 -0.367963 -0.022204 0
0.233890 0.306823 0.453704 6
-0.458019 -0.018705 0.422444 4
0.146114 0.055233 -0.213558 5
-0.100497 0.059762 -0.430281 5
0.529815 0.097857 -0.243835 3
-0.306365 0.112170 -0.577167 5
-0.435297 -0.115887 0.180654 4
-0.034614 -0.086691 0.060950 7
-0.041448 -0.423145 -0.032748 1
0.339091 0.295933 0.257211 6
-0.379297 0.221095 0.690267 4
0.282186 0.190564 -0.029836 6
-0.143574 -0.020329 -0.017555 7
0.046981 -0.002874 -0.244482 5
0.589812 0.126000 -0.137882 3
-0.455179 0.123545 0.624405 4
0.217917 0.133081 -0.026515 6
-0.077453 0.017012 0.445548 4
-0.422656 0.001146 0.460291 4
0.071032 -0.356823 -0.001676 0
0.233811 0.229437 0.276408 6
-0.433908 -0.069254 0.331732 4
-0.039757 -0.297270 0.181155 0
-0.323434 0.235317 0.664705 4
0.537657 0.092843 -0.091265 3
0.128220 -0.569341 0.059696 0
0.322139 -0.034057 -0.225315 3
0.055124 0.147074 -0.576341 5
0.346387 -0.069239 -0.122277 3
0.007302 0.100584 0.240913 6
0.060862 0.024714 0.134664 6
-0.077954 -0.422153 -0.092354 1
0.178336 -0.337119 -0.025716 0
-0.117287 -0.431296 -0.108006 1
-0.202996 0.135618 -0.660676 5
-0.028692 0.058248 0.493744 4
-0.095846 -0.010593 -0.228155 5
-0.361209 0.118146 -0.564077 5
0.641530 0.123105 -0.426093 3
0.327144 -0.368179 0.225742 2
-0.457116 0.175917 -0.365235 5
-0.093534 -0.040524 0.104793 7
-0.170058 0.048646 -0.258525 5
0.187219 0.087348 0.003418 6
0.207264 0.190828 0.271758 6
0.201873 0.111790 -0.001272 6
0.192571 0.145137 0.240787 6
0.264456 0.323818 0.437421 6
0.359141 0.252182 0.119173 6
0.096351 0.133718 0.311332 6
0.180557 0.241326 0.416746 6
-0.136863 0.029348 -0.162956 5
-0.062705 0.124120 0.559803 4
0.512370 0.081014 -0.168046 3
-0.055696 -0.417826 -0.001617 1
-0.631775 0.042920 0.541215 4
0.071622 -0.511040 0.053901 0
-0.456441 0.155586 0.653142 4
-0.154052 0.049686 -0.395637 5
-0.245997 0.112850 -0.623714 5
0.108349 -0.296324 0.047375 0
-0.615859 0.058174 0.568065 4
-0.371308 0.134339 -0.487976 5
0.115929 -0.072364 0.104466 6
0.510377 0.086083 -0.259333 3
-0.325095 0.127033 0.565797 4
0.208615 0.139000 0.199850 6
-0.298379 0.116666 -0.638879 5
0.359558 -0.005565 -0.243550 3
0.113761 0.107120 -0.431378 5
-0.419935 -0.041804 0.381758 4
0.021730 0.014769 -0.295414 5
-0.321750 0.113214 -0.229274 5
0.260052 -0.233308 -0.093081 0
0.180831 -0.443994 0.093356 2
0.247710 -0.388377 0.150163 2
0.309399 0.201562 0.073827 6
-0.245035 0.096214 -0.351352 5
-0.069122 -0.066034 -0.003589 7
-0.206482 0.172387 -0.731178 5
0.131809 -0.705404 0.059724 0
0.040380 -0.344504 0.093830 0
-0.002491 -0.039894 -0.229676 5
0.099878 0.030643 -0.233687 5
0.679895 0.140811 -0.380503 3
-0.307484 0.124790 -0.367096 5
-0.373958 0.047475 0.520115 4
0.084919 -0.791035 0.066856 0
0.416089 0.318484 0.003159 6
-0.494214 0.154533 0.667813 4
-0.412806 -0.017948 0.430788 4
-0.212419 0.070910 -0.274510 5
-0.119214 -0.012903 0.424550 4
-0.286424 0.102704 0.539315 4
-0.115766 0.016824 0.459600 4
-0.511331 0.056710 0.555239 4
-0.524001 -0.031019 0.399733 4
-0.002611 -0.111582 -0.167267 5
0.387243 0.346987 0.366071 6
-0.305112 0.113058 -0.137952 5
-0.131857 0.060764 -0.431137 5
0.483389 0.074469 -0.330019 3
0.036622 -0.250943 -0.077544 0
-0.135420 0.119345 -0.633435 5
-0.527687 -0.064841 0.331366 4
-0.650832 0.086535 0.619091 4
0.338922 0.263118 -0.032728 6
0.436019 0.055935 -0.319761 3
0.474441 0.054356 -0.138564 3
0.132516 -0.036317 0.081819 6
0.164725 0.133942 -0.426988 5
0.123749 -0.918906 0.082642 0
0.375362 -0.371198 0.181284 2
0.377379 0.098309 -0.411445 3
-0.036140 -0.095016 -0.001375 7
0.097063 -0.750546 0.055527 0
0.131598 -0.160487 0.075038 0
0.096757 -0.238023 0.043138 0
0.090758 -0.588873 0.041690 0
-0.043396 -0.033755 -0.257520 5
-0.548976 0.124492 0.651024 4
0.269125 -0.392786 0.064859 2
0.603429 0.128917 -0.244547 3
-0.005500 0.078756 0.165937 6
0.132569 0.041196 0.045877 6
-0.092381 0.005203 -0.305801 5
0.246144 -0.384256 0.180444 2
0.286933 -0.190238 -0.079224 0
0.564390 0.109631 -0.078670 3
0.192371 0.076717 0.108649 6
0.096393 -0.278934 0.029197 0
-0.496554 0.115362 0.634804 4
0.359502 0.344157 0.407969 6
0.202578 0.068189 0.072926 6
-0.131143 -0.035989 0.029191 7
0.311842 0.231462 -0.032224 6
-0.383821 0.176195 0.649158 4
-0.248154 -0.134265 0.224940 4
-0.380680 -0.040308 0.390219 4
0.587697 0.115200 -0.350265 3
0.037312 0.217224 -0.670476 5
0.427139 -0.362111 0.227989 2
0.116208 0.093700 -0.393642 5
0.092914 -0.702835 0.049096 0
0.057050 -0.010885 -0.174177 5
0.008114 -0.190453 -0.125655 0
-0.381544 0.005997 0.483735 4
0.147916 0.070013 -0.273773 5
-0.205389 0.112326 -0.608255 5
-0.647218 0.027822 0.509487 4
0.012165 -0.060980 -0.175498 5
0.449693 0.025173 -0.043413 3
0.075116 0.237722 0.418952 6
0.005369 -0.145062 -0.154620 0
0.108001 -0.658394 0.057863 0
-0.337901 -0.019241 0.478485 4
0.117729 -0.126202 0.099453 0
-0.254445 0.014613 0.460296 4
-0.288800 -0.123795 0.196388 4
0.018174 -0.196210 -0.082687 0
-0.114457 -0.216157 0.238620 0
-0.401684 0.132147 -0.564333 5
0.122472 -0.620809 0.072107 0
0.225296 0.284887 0.418177 6
-0.330132 0.135872 -0.673295 5
-0.601764 0.077031 0.594227 4
-0.173975 0.161841 0.574876 4
0.276284 0.269031 0.295642 6
0.354131 0.234346 0.002613 6
-0.288099 0.187164 0.593470 4
-0.039569 0.012332 0.432927 4
-0.324510 0.198121 0.622661 4
-0.174908 0.016781 0.459496 4
-0.113699 0.030859 -0.121102 5
0.352829 0.233749 0.044944 6
0.343840 0.046390 -0.351766 3
0.566584 0.111043 -0.335771 3
0.322164 0.205528 -0.001811 6
0.265494 0.125246 0.055234 6
-0.249543 -0.103475 0.335293 4
0.244539 0.146756 -0.015074 6
-0.124101 -0.426626 -0.059727 1
-0.156090 0.002602 0.442308 4
0.004896 0.121038 -0.554396 5
-0.045776 0.043937 -0.375084 5
-0.254051 0.095152 -0.123281 5
0.118216 -0.400693 0.044695 0
-0.360762 0.144193 -0.715470 5
-0.154103 -0.422819 -0.001705 1
0.028573 -0.316938 0.133163 0
0.360938 -0.039587 -0.183274 3
0.149057 0.100576 -0.025771 6
0.384485 -0.364856 0.218233 2
0.177074 0.186648 -0.077430 6
0.117640 -0.489080 0.082133 0
-0.043273 -0.071999 0.089880 7
0.414255 0.032141 -0.275168 3
0.187774 0.111136 -0.320589 5
0.469543 0.041918 -0.070481 3
0.436982 0.037042 -0.259019 3
0.020608 0.176731 -0.643514 5
-0.559436 0.013875 0.494259 4
0.680767 0.157028 -0.290272 3
-0.055581 -0.014447 0.398418 4
-0.456108 -0.086510 0.286917 4
0.080201 -0.434145 0.013425 0
-0.168887 0.121958 0.546077 4
-0.193765 0.117218 -0.637971 5
-0.524773 0.093297 0.605324 4
-0.170315 0.077332 -0.077360 5
0.050246 0.060712 0.203122 6
-0.130611 0.087841 -0.547294 5
0.185833 0.204069 0.332002 6
0.321519 0.041029 -0.365756 3
0.302608 0.000927 -0.292560 3
-0.372853 0.142366 -0.438915 5
0.192954 0.182765 0.290716 6
0.283828 -0.189314 -0.106368 0
-0.217629 -0.046322 0.398009 4
0.436444 0.338788 0.346320 6
0.436831 0.349546 0.211525 6
0.179192 0.135511 0.261095 6
0.130576 0.055206 -0.259619 5
-0.025261 -0.322321 0.161389 0
0.504611 0.143043 -0.457551 3
0.530869 0.095946 -0.214053 3
0.131801 -0.395277 0.007953 0
0.413353 0.283265 0.028411 6
-0.129312 0.106239 -0.583466 5
0.548432 0.104053 -0.290675 3
0.474078 0.130878 -0.458654 3
0.379779 0.260887 0.040591 6
-0.082098 -0.217354 0.238724 0
0.263882 0.322102 0.408639 6
0.429224 0.011511 -0.091645 3
-0.449601 0.178791 0.675699 4
0.201098 0.103335 -0.272701 5
0.115674 0.061514 -0.310478 5
-0.180771 0.092700 -0.058039 5
-0.034888 0.103655 -0.548066 5
-0.588829 0.102745 0.634213 4
0.249958 0.213506 0.243651 6
-0.019187 0.129579 -0.591220 5
0.012984 0.142455 0.287618 6
0.398935 0.350331 0.316900 6
0.172263 0.082065 0.043763 6
0.357408 -0.051747 -0.083147 3
0.377599 0.307402 0.194426 6
0.150454 0.248560 0.438264 6
-0.063585 -0.039276 -0.198977 5
0.558581 0.104268 -0.128131 3
-0.079152 0.063132 0.502464 4
-0.076206 -0.060295 0.045882 7
0.125778 -0.951698 0.084320 0
-0.209582 0.006469 0.451716 4
0.303137 0.018035 -0.336580 3
-0.093677 0.172983 -0.699815 5
0.036754 -0.201411 0.014087 7
0.005316 -0.325512 0.135591 0
0.088697 -0.282816 0.059094 0
0.213646 0.182570 -0.054139 6
0.056187 -0.505594 0.002055 0
-0.548968 -0.081452 0.286003 4
0.455071 0.141973 -0.469752 3
0.050453 -0.304946 -0.058525 0
0.201046 0.099172 0.166210 6
-0.077925 -0.050548 0.360897 4
0.551691 0.108987 -0.245111 3
0.256041 0.241321 0.281061 6
0.170737 0.146673 -0.055934 6
0.452031 0.336295 0.089241 6
0.038617 -0.175899 -0.107223 0
-0.574126 0.043431 0.541749 4
0.486192 0.070944 -0.228446 3
-0.194834 0.129217 0.548079 4
0.476567 0.330694 0.128295 6
-0.223013 -0.462811 -0.153450 1
-0.418988 0.158454 -0.426418 5
-0.267836 -0.074587 0.380032 4
-0.095695 -0.034685 0.391805 4
-0.609403 0.145772 0.696841 4
0.090030 0.058747 -0.343584 5
-0.135085 0.046847 -0.106100 5
-0.147467 -0.097848 0.346922 4
0.190358 0.125838 0.225989 6
0.476932 0.105928 -0.372471 3
-0.020811 0.040663 0.467764 4
-0.042305 0.058249 -0.408828 5
0.354392 -0.364145 0.271769 2
-0.076543 -0.020124 -0.243359 5
0.094733 -0.341180 0.028541 0
-0.343189 -0.112384 0.225937 4
-0.076819 -0.051659 0.089661 7
0.299089 0.235125 0.225747 6
-0.112033 0.017900 -0.154089 5
0.393641 -0.008733 -0.168103 3
-0.135360 -0.128788 0.316908 4
0.092330 0.077954 -0.383552 5
-0.191282 0.069039 -0.412223 5
-0.207247 0.144900 -0.699833 5
0.190584 -0.409496 0.148898 2
0.379190 0.349218 0.333819 6
0.118263 -0.966101 0.061351 0
0.407146 0.011820 -0.238337 3
0.226110 0.201920 -0.063966 6
0.635665 0.149909 -0.150802 3
-0.122150 0.159539 -0.698890 5
0.031650 -0.342225 0.121745 0
-0.443833 0.181905 -0.317949 5
-0.266363 0.083786 -0.198776 5
0.140056 0.212114 0.398584 6
-0.327118 0.145385 -0.754340 5
0.368648 -0.039592 -0.137462 3
0.025821 -0.492554 0.009253 0
0.259937 0.132366 0.032221 6
0.020930 -0.175287 0.027894 7
-0.364032 0.146115 -0.364185 5
0.332675 -0.387016 0.080675 2
-0.095627 -0.074891 0.338798 4
0.200887 0.173997 0.255724 6
0.588058 0.117596 -0.320293 3
0.149603 -0.478966 0.069663 0
-0.345617 -0.102625 0.272852 4
0.280581 -0.028972 -0.259217 3
0.186026 -0.377485 0.226923 2
0.030827 -0.369488 0.089422 0
-0.076863 -0.248207 0.209842 0
-0.398001 0.137981 -0.532763 5
0.547983 0.103270 -0.318475 3
0.199219 0.166154 -0.427569 5
0.107538 -0.496078 0.029197 0
-0.341027 0.134276 -0.318919 5
0.416515 -0.370463 0.181818 2
-0.230783 0.169706 -0.733417 5
0.109088 -0.587166 0.059616 0
0.032925 -0.466156 -0.017896 0
-0.262676 0.098370 -0.470681 5
0.626683 0.129158 -0.350056 3
0.022148 0.054875 0.126292 6
-0.395348 0.140406 -0.699261 5
0.277876 -0.059014 -0.200824 3
-0.025527 -0.412596 -0.123848 1
-0.418361 0.016231 0.487073 4
0.000074 0.017390 -0.305853 5
0.023535 0.083148 -0.443173 5
0.028548 -0.126102 0.087490 7
-0.116907 0.016585 -0.274720 5
0.308284 -0.373755 0.163599 2
-0.266456 0.193851 0.601022 4
0.227520 0.169621 0.211788 6
0.209752 0.114843 0.119637 6
-0.115908 0.110556 0.544772 4
-0.112408 -0.044773 0.013341 7
-0.246817 -0.132906 0.257046 4
0.087803 -0.431910 0.041210 0
-0.126428 -0.061301 0.369358 4
-0.569346 0.183136 0.726971 4
-0.162385 0.006542 0.028803 7
-0.137629 0.038462 0.482123 4
-0.114292 0.077932 -0.485382 5
-0.205915 0.161573 0.573987 4
0.126326 0.020443 0.138836 6
0.100052 -0.354591 0.072714 0
0.015364 0.204984 -0.681929 5
-0.001395 -0.407749 -0.078563 1
0.228333 0.276888 0.350360 6
0.126079 -0.494433 0.044283 0
-0.341717 -0.043401 0.396401 4
0.117900 -0.515717 0.070161 0
-0.247290 0.096560 0.525532 4
-0.642315 0.119470 0.667540 4
-0.609508 0.009878 0.483784 4
0.394467 0.047602 -0.320459 3
0.226963 0.097449 0.042085 6
-0.457470 -0.003080 0.452391 4
0.266991 0.017682 -0.365931 3
-0.339268 0.126007 -0.472230 5
0.118140 -0.089217 0.080741 0
0.107476 -0.169195 -0.010430 0
0.269822 0.168064 0.024590 6
-0.244111 -0.018984 0.432590 4
-0.550256 0.035606 0.529639 4
0.065566 -0.296039 -0.032663 0
0.125775 0.182708 0.365845 6
-0.057850 -0.014085 -0.149946 5
0.035013 0.197429 0.350051 6
0.141090 0.146756 -0.060804 6
-0.416374 0.158618 -0.200177 5
0.300461 -0.369402 0.256747 2
-0.506097 0.183941 0.702841 4
0.015796 0.124969 0.272148 6
-0.283940 0.106874 -0.501892 5
-0.154682 -0.448284 -0.153350 1
-0.400036 0.208054 0.691242 4
0.095266 -0.311491 0.063944 0
-0.357634 0.216933 0.670863 4
-0.303309 0.076478 0.520183 4
-0.056719 -0.045017 0.348883 4
-0.103277 -0.098463 0.302998 4
0.102812 -0.553407 0.054165 0
-0.038640 0.202003 -0.703201 5
-0.365840 0.150946 -0.389712 5
0.133765 -0.543620 0.099577 0
0.003555 0.133566 -0.587268 5
-0.126666 -0.017595 0.098097 7
0.002615 0.179759 -0.664153 5
0.440463 0.321823 0.045573 6
0.626911 0.131394 -0.320039 3
0.113648 -0.178919 0.036543 0
-0.328483 -0.093059 0.315389 4
0.588457 0.117163 -0.456276 3
0.057185 -0.399414 0.086468 0
0.150730 -0.375198 -0.001681 0
0.049335 0.010390 -0.274812 5
-0.283598 -0.006287 0.452919 4
0.077364 0.152501 -0.567043 5
-0.447759 0.215852 0.712187 4
0.115456 -0.079295 0.057913 0
-0.055439 -0.011831 -0.290277 5
0.284619 -0.393061 0.092172 2
0.459465 0.346373 0.165741 6
-0.286236 -0.108722 0.300777 4
0.306417 0.188441 -0.000675 6
0.436844 0.030434 -0.157887 3
0.172720 0.095795 -0.304482 5
0.077130 0.072820 0.220294 6
-0.268749 -0.452161 -0.031962 1
0.473470 0.311759 0.315972 6
-0.249418 0.127144 -0.654757 5
0.006943 -0.141617 0.053483 7
-0.421893 0.129408 0.620079 4
0.333044 0.239006 0.164586 6
0.090342 0.019620 -0.211604 5
-0.128202 -0.034879 -0.027071 7
0.415162 0.122363 -0.426165 3
-0.171915 0.040117 0.480794 4
0.205046 0.216077 -0.077384 6
0.076795 -0.294915 -0.000941 0
-0.002246 -0.131360 -0.001145 7
0.125654 0.097748 -0.016215 6
-0.094002 -0.415962 -0.001201 1
-0.262298 0.104217 -0.365298 5
-0.148367 -0.036441 0.407195 4
-0.249726 -0.119552 0.305766 4
-0.171701 -0.180541 0.259531 4
0.376550 0.281543 -0.014208 6
-0.327132 0.108901 0.551640 4
0.190420 0.091297 0.057700 6
-0.171021 -0.434349 -0.092284 1
-0.002692 0.083406 0.194964 6
0.057242 0.124081 -0.521735 5
0.605262 0.136456 -0.124333 3
0.262562 -0.026237 -0.274642 3
-0.169460 -0.428330 -0.047007 1
-0.251576 0.064325 0.500467 4
0.566214 0.137677 -0.483773 3
0.414745 0.062513 -0.339345 3
0.283682 0.329873 0.422918 6
0.058769 0.188673 0.362665 6
0.126124 0.104147 -0.411545 5
0.018751 0.050951 -0.364481 5
-0.033366 -0.108101 0.029919 7
-0.244105 0.092222 -0.319636 5
0.130820 -0.431215 0.040343 0
-0.510496 0.082812 0.590105 4
-0.494884 0.004443 0.468649 4
0.434931 0.042596 -0.285655 3
0.378123 0.017738 -0.275555 3
-0.420365 0.191579 0.679801 4
-0.077935 -0.419669 -0.061907 1
-0.173602 0.032094 0.000868 7
0.050797 0.085515 0.239686 6
0.360229 0.056726 -0.379118 3
-0.170327 -0.098873 0.347559 4
-0.329105 0.118078 -0.514553 5
0.092187 -0.375450 0.017010 0
0.142449 -0.681553 0.056728 0
-0.307803 0.221800 0.634394 4
0.241333 0.131978 0.058434 6
-0.096034 0.057577 -0.067366 5
0.151088 0.104094 0.221886 6
0.172776 0.077913 0.153910 6
0.220303 0.111620 0.090226 6
0.394457 0.300506 0.115015 6
-0.341099 0.075334 0.532304 4
0.378166 0.262789 0.089675 6
-0.532704 0.003143 0.467764 4
-0.510644 -0.078734 0.300267 4
-0.358865 0.231093 0.691886 4
0.510931 0.084075 -0.289783 3
0.322129 -0.097551 -0.167695 3
0.111319 0.084554 -0.001988 6
0.111095 -0.842771 0.058341 0
-0.323053 -0.105621 0.272661 4
0.098405 -0.463662 0.028868 0
-0.066213 0.029619 0.460793 4
-0.344199 0.143372 -0.731072 5
-0.019931 0.145626 -0.623751 5
0.317111 0.231801 0.180169 6
0.028463 0.088422 0.235317 6
-0.062030 0.163249 -0.678703 5
-0.053858 -0.052218 0.129081 7
0.525637 0.084827 -0.050231 3
0.323884 -0.371315 0.284114 2
-0.347388 0.054444 0.522919 4
0.053475 0.132242 -0.545236 5
-0.331924 0.127690 -0.444254 5
-0.457139 -0.051301 0.362746 4
0.033817 -0.235343 -0.061254 0
-0.186860 0.094617 -0.550017 5
0.072423 0.168727 0.348523 6
-0.434774 -0.026811 0.407794 4
-0.077866 -0.008836 -0.290274 5
0.325009 -0.080735 -0.183186 3
-0.404801 0.131980 -0.593007 5
-0.584584 0.168530 0.713299 4
0.230926 -0.394080 0.136187 2
0.015990 -0.214574 0.017822 7
0.377495 0.294353 0.165818 6
-0.212450 -0.136129 0.303555 4
0.394070 0.336091 0.228065 6
-0.248662 0.077931 -0.183450 5
-0.190461 -0.430479 -0.031851 1
0.267712 -0.382507 0.163234 2
0.132341 -0.876289 0.070948 0
-0.464497 0.015587 0.487620 4
0.115036 0.138443 -0.504573 5
0.189112 0.123370 -0.022645 6
-0.504033 0.044070 0.538175 4
-0.229307 -0.438174 -0.016468 1
-0.294930 0.118267 -0.414118 5
0.385209 -0.013546 -0.200003 3
-0.051635 0.043102 0.479744 4
0.536204 0.117409 -0.410154 3
0.547241 0.101350 -0.155709 3
-0.371907 0.138110 -0.744743 5
0.459655 0.082756 -0.350132 3
0.075353 -0.372745 0.041910 0
-0.542639 0.096857 0.643880 4
0.564802 0.113471 -0.396165 3
-0.284070 -0.116202 0.270820 4
-0.076920 0.199339 -0.717028 5
-0.227343 0.085950 -0.426399 5
-0.331451 0.124622 -0.150555 5
-0.306204 0.005623 0.468843 4
-0.071310 -0.414435 0.014026 1
-0.283679 0.125424 -0.653903 5
-0.571538 -0.033464 0.392179 4
-0.020617 0.028359 0.448726 4
-0.287424 0.111954 -0.333746 5
0.117406 0.106428 0.262072 6
0.434133 0.322455 0.015703 6
-0.327697 0.134156 -0.365728 5
-0.168973 0.169555 -0.715910 5
-0.118382 -0.048714 0.385922 4
0.239398 0.158083 0.133703 6
-0.153621 0.075475 -0.474961 5
0.243016 -0.254337 -0.064500 0
-0.161685 0.052199 -0.349475 5
0.291730 -0.379825 0.124394 2
0.199654 0.098645 0.135455 6
0.005417 -0.026337 -0.245468 5
0.110666 0.115257 -0.457971 5
-0.020248 0.109312 0.226654 6
0.171811 0.113335 -0.357118 5
0.141592 -0.987976 0.062088 0
-0.288387 0.105895 -0.263836 5
-0.155583 0.003193 -0.032087 7
-0.132164 0.032298 -0.289886 5
-0.027055 0.041997 -0.362397 5
0.299185 0.330051 0.361394 6
-0.170217 0.070955 0.509798 4
-0.474547 0.142976 0.650624 4
0.283552 0.232182 0.241339 6
0.075277 -0.313145 0.054431 0
0.383376 -0.363799 0.254704 2
-0.036732 -0.026565 0.364305 4
0.415354 0.007921 -0.153490 3
0.636504 0.131552 -0.464221 3
-0.609679 -0.023188 0.408188 4
-0.303896 0.151867 -0.742670 5
-0.383014 0.068250 0.545297 4
-0.475907 0.103171 0.615904 4
-0.631532 -0.034928 0.390009 4
0.148861 0.265926 0.454055 6
-0.609253 0.046863 0.547709 4
0.642835 0.143057 -0.274462 3
-0.170350 0.100462 -0.577271 5
-0.117599 -0.113057 0.315995 4
-0.193036 0.080110 -0.487968 5
-0.151213 0.035424 -0.244133 5
-0.330027 0.121778 -0.608872 5
0.168545 0.072611 -0.229144 5
-0.399903 -0.118175 0.152156 4
-0.510871 0.101871 0.620214 4
-0.320646 0.141183 -0.699756 5
-0.457761 0.052278 0.544361 4
0.491077 0.125166 -0.411164 3
-0.042016 0.025265 -0.333670 5
-0.372472 0.024232 0.510099 4
0.188422 0.036468 0.115421 6
0.116101 -0.115244 0.075570 0
0.356109 -0.059111 -0.192306 3
-0.321408 -0.051620 0.394006 4
-0.062918 -0.076613 0.034520 7
-0.178316 0.128593 -0.650044 5
-0.040322 -0.415078 -0.091818 1
0.209202 0.098555 0.073416 6
-0.457936 -0.097584 0.255644 4
-0.229161 -0.088010 0.365526 4
-0.221755 0.085122 -0.381882 5
0.091700 -0.264172 0.070420 0
0.338710 0.343420 0.392812 6
-0.170388 -0.142528 0.314447 4
0.206888 0.146264 -0.042346 6
0.376507 -0.373494 0.150106 2
0.077122 0.027783 0.160550 6
-0.179224 -0.065922 0.379286 4
-0.116550 -0.203244 0.256287 0
0.084353 -0.477025 0.041761 0
0.175824 0.168011 0.301925 6
-0.068377 0.125952 -0.609961 5
0.266302 0.192948 0.207960 6
0.203323 0.248084 0.377739 6
-0.089692 0.135354 -0.647357 5
0.311089 0.200265 0.044317 6
-0.133827 0.063889 -0.076497 5
-0.230212 0.145912 -0.697542 5
-0.396290 0.156140 -0.410671 5
-0.115356 0.148827 -0.680731 5
0.452338 0.344060 0.135108 6
-0.357065 -0.002095 0.480524 4
-0.381008 -0.083440 0.316831 4
-0.047552 -0.273957 0.187408 0
0.266919 0.160111 -0.002061 6
0.036294 0.053981 0.180628 6
-0.420437 0.218865 0.707185 4
-0.080280 -0.011874 -0.181757 5
0.504225 0.095885 -0.353861 3
-0.243955 0.136484 -0.673755 5
0.303818 -0.103213 -0.157193 3
0.421097 0.020522 -0.199111 3
-0.547111 0.182629 0.716460 4
-0.117700 -0.227214 0.215165 0
0.148351 0.039280 0.060894 6
0.080060 0.083930 -0.410477 5
-0.155150 -0.082959 0.362114 4
0.091394 0.212512 0.400076 6
-0.117003 0.004808 -0.214253 5
0.017653 0.077998 0.211459 6
0.117236 -0.630747 0.045519 0
-0.228454 0.085156 -0.472337 5
0.601784 0.130173 -0.198299 3
0.282824 0.206697 0.196454 6
0.098572 0.092349 0.247619 6
-0.197348 -0.150433 0.290232 4
0.418774 0.336215 0.164804 6
0.113594 -0.205414 0.086461 0
-0.213082 -0.156953 0.243533 4
-0.055090 0.079657 -0.487651 5
0.123439 -0.767999 0.072260 0
0.608755 0.125171 -0.480090 3
0.246629 0.175690 -0.044927 6
0.409041 0.347126 0.255373 6
-0.069478 -0.066953 -0.031622 7
-0.076648 0.106468 -0.568446 5
0.012669 0.169047 0.309186 6
0.267994 0.190647 0.135021 6
0.136346 -0.011861 0.107665 6
-0.018483 -0.115706 0.043857 7
0.075360 -0.231566 0.001289 0
-0.146679 -0.419481 0.029257 1
0.117030 0.038882 -0.198791 5
0.375038 -0.037786 -0.093050 3
-0.155567 0.049171 -0.122398 5
-0.038839 -0.013856 -0.276376 5
0.118529 -0.644259 0.074337 0
-0.229634 -0.437792 -0.046524 1
-0.068959 0.077444 0.515248 4
0.284807 -0.371784 0.241867 2
-0.548026 -0.059965 0.337245 4
-0.000774 0.027871 -0.329410 5
0.435662 0.023598 -0.120955 3
0.050999 0.158845 0.331490 6
-0.173190 0.042387 -0.203593 5
-0.493036 0.198466 0.712271 4
-0.548260 0.153182 0.686569 4
-0.356106 0.139390 -0.425478 5
-0.419178 0.168210 -0.320999 5
0.151593 0.090876 0.181977 6
0.266584 0.192188 -0.044772 6
-0.298724 0.143186 -0.714574 5
-0.153309 0.132012 0.557260 4
0.110423 -0.904846 0.064036 0
0.283769 -0.165351 -0.110215 0
0.337699 -0.367821 0.166142 2
0.095587 -0.418311 0.064081 0
0.074119 0.047885 0.183165 6
0.468921 0.059620 -0.256597 3
0.048542 -0.237771 0.043421 0
-0.094265 0.079587 -0.502131 5
0.074673 -0.400402 0.073855 0
0.354925 0.037966 -0.335276 3
0.171394 0.114457 -0.031153 6
0.207519 0.086700 0.031898 6
0.413200 -0.359821 0.257512 2
0.287524 0.249982 0.255921 6
0.249775 0.171573 0.119894 6
-0.307176 0.112578 -0.274902 5
-0.170019 0.019844 0.043982 7
-0.398534 -0.063872 0.344846 4
-0.283982 0.113748 -0.623106 5
0.224960 0.295199 0.437912 6
-0.245452 -0.468626 -0.152778 1
0.042448 0.221273 0.389016 6
0.020348 0.089229 -0.466844 5
-0.435787 0.160719 0.649842 4
0.130690 0.025677 0.062094 6
0.360606 0.090721 -0.423176 3
-0.268133 0.099330 -0.294833 5
-0.152472 -0.007301 0.072286 7
0.454713 0.047774 -0.197738 3
0.003104 0.071276 -0.410306 5
0.020137 -0.445306 -0.034298 0
-0.376846 0.161353 0.629794 4
-0.269803 -0.474273 -0.139581 1
-0.041125 -0.415386 0.013979 1
0.401484 0.292767 0.013237 6
-0.131247 -0.423799 -0.032852 1
-0.342248 0.017746 0.488500 4
0.003381 -0.001741 -0.282672 5
0.153059 0.092604 -0.006238 6
-0.472974 0.039214 0.528931 4
-0.414199 0.153333 -0.459243 5
-0.531593 0.029728 0.519896 4
-0.480691 0.083630 0.590583 4
-0.152272 0.040390 -0.274242 5
-0.320164 0.131947 -0.097125 5
-0.070702 0.110092 0.544941 4
-0.170846 -0.458844 -0.172543 1
0.301830 0.265722 0.258298 6
0.323003 0.221601 0.119897 6
0.038846 0.101921 -0.487330 5
-0.401729 0.162578 -0.351890 5
0.606018 0.119586 -0.364895 3
0.152346 -0.401600 0.021636 0
0.580136 0.119036 -0.289615 3
0.281863 -0.130675 -0.148390 0
-0.415629 0.160301 -0.288424 5
0.101182 0.030378 0.156920 6
-0.192614 -0.431735 -0.001961 1
-0.207640 0.079313 -0.338021 5
0.100022 -0.507437 0.053114 0
-0.304326 -0.034748 0.436436 4
-0.383259 0.138888 -0.669060 5
0.338066 0.343556 0.363203 6
0.436285 0.082764 -0.364275 3
-0.288326 0.117543 -0.107954 5
-0.619916 0.104370 0.643054 4
0.057404 -0.299661 0.055102 0
-0.584938 -0.081700 0.287426 4
-0.207955 -0.466877 -0.167949 1
0.124578 -0.554270 0.044163 0
0.157202 0.066835 0.044192 6
-0.192286 0.142692 -0.684873 5
-0.574539 0.002250 0.468468 4
-0.192971 0.053246 -0.228430 5
0.337306 -0.381214 0.104781 2
0.474235 0.131021 -0.425172 3
-0.372546 -0.060062 0.352120 4
0.110567 -0.416744 0.033081 0
0.089841 0.033435 -0.258257 5
0.324047 0.263100 0.226052 6
-0.401863 0.178587 0.660081 4
0.052046 -0.311487 -0.017176 0
0.098642 0.184903 -0.594160 5
-0.175249 -0.020923 0.423972 4
-0.095252 0.020488 -0.122551 5
0.283297 0.206973 0.164588 6
-0.136780 0.039947 -0.382648 5
-0.223854 0.092977 0.519482 4
-0.210465 0.085668 -0.095531 5
0.073941 0.033558 -0.292287 5
0.493018 0.071190 -0.183854 3
