-0.056195 0.277575 -0.184454 0
-0.997399 0.030200 -0.377892 2
0.887161 0.331160 -0.052084 1
-0.159566 0.416522 0.617155 3
-0.068496 -0.376205 -0.215504 0
-0.566817 0.447517 -0.480191 2
0.434784 0.451842 -0.363315 1
-0.251856 0.471033 0.176778 3
-0.186494 0.498945 -0.465105 4
0.105813 0.510920 0.066997 5
-0.789782 0.305544 -0.225714 2
0.545370 0.381974 -0.050440 1
-0.116732 -0.046663 -0.233776 0
0.158776 0.491757 -0.232194 1
-0.275788 0.470313 -0.124375 6
-0.017740 0.432021 0.343750 3
-0.846851 0.233706 -0.484902 2
-0.580632 0.488366 -0.213875 2
0.720348 0.418953 -0.238956 1
0.373208 0.558707 -0.104062 1
-0.266690 0.456768 0.413556 3
-0.386983 0.438936 -0.332656 2
-0.099664 0.416726 0.021007 3
-0.087814 0.450173 -0.296032 4
-0.241339 0.311172 -0.232091 0
-0.720790 0.356075 -0.405922 2
-0.906716 0.183675 -0.310348 2
0.700867 0.283461 -0.060608 1
0.513133 0.469247 -0.203812 1
-0.391099 0.491838 0.009881 6
0.259377 0.487366 -0.373015 1
-0.048319 -0.205134 -0.219365 0
-0.096381 0.113021 -0.171075 0
-0.024324 0.438922 0.171264 3
0.002301 0.493050 -0.075123 5
-0.110254 0.451457 0.468725 3
0.045215 0.395434 -0.190962 0
-0.158180 0.481935 0.305091 3
0.352810 0.504465 -0.245762 1
-0.700507 0.416395 -0.265437 2
0.589039 0.404705 -0.308924 1
-0.229121 0.474709 0.012053 6
0.774968 0.399775 -0.109202 1
-0.527477 0.456553 -0.340837 2
-0.129214 0.323310 -0.076775 0
-0.933874 0.133954 -0.441855 2
0.248921 0.568497 -0.162515 1
-0.818709 0.280667 -0.362371 2
0.628332 0.421574 -0.140588 1
0.470448 0.480487 -0.077492 1
-0.459338 0.488875 -0.240068 2
-0.285365 0.422339 -0.264351 0
-0.014975 0.498846 0.057545 5
-0.195297 0.482706 -0.339757 4
-0.157381 0.213323 -0.195350 0
-0.165713 0.444635 -0.083046 6
-0.129460 0.359319 -0.233852 4
-0.142574 0.453067 0.137036 3
-0.229808 0.440853 0.523915 3
-0.287744 0.450476 0.286578 3
-0.637314 0.421991 -0.361957 2
-0.463142 0.463165 -0.435132 2
-0.656038 0.384569 -0.491605 2
-0.103581 0.492064 -0.398741 4
-0.753734 0.303100 -0.490504 2
-0.959641 0.094412 -0.299271 2
0.252742 0.524124 -0.255289 1
-0.052660 0.029545 -0.213370 0
-0.109660 -0.284208 -0.205652 0
-0.067141 0.455930 0.259375 3
-0.362521 0.497953 -0.087043 6
0.424365 0.506898 -0.178543 1
-0.756373 0.351496 -0.315019 2
0.792900 0.309698 -0.039990 1
0.631749 0.345715 -0.082720 1
-0.851844 0.238126 -0.252086 2
-0.176146 0.484042 0.404807 3
-0.887499 0.213562 -0.401594 2
0.178523 0.481336 -0.323182 1
0.346994 0.482721 -0.336393 1
0.443702 0.472959 -0.272960 1
-0.086653 -0.134105 -0.174920 0
-0.246549 0.434991 0.094343 3
-0.171203 0.494194 0.211746 3
0.541938 0.440823 -0.123642 1
-0.045346 0.189503 -0.192896 0
-0.177913 0.423481 -0.275470 4
0.593771 0.440203 -0.227692 1
-0.306663 0.515741 -0.021188 6
-0.079093 0.461060 -0.086064 5
0.043827 0.532826 0.002613 5
-0.093354 0.460613 0.383911 3
0.510080 0.439864 -0.318471 1
-0.599495 0.461310 -0.294846 2
-0.011757 0.341458 -0.224846 0
-0.100194 0.429438 0.558909 3
0.090290 0.437629 -0.247512 1
-0.368426 0.432514 -0.251756 0
-0.061582 0.437298 0.092106 3
0.331881 0.547910 -0.175236 1
0.859058 0.392673 -0.099303 1
0.708549 0.418284 -0.153996 1
-0.233876 0.482212 0.337205 3
-0.168579 0.446978 0.061620 3
-0.051333 0.489141 -0.012722 5
-0.741473 0.369310 -0.216331 2
-0.162910 0.288616 -0.224752 0
0.780187 0.416360 -0.185504 1
-0.131881 0.025841 -0.209465 0
-0.066858 0.403605 -0.219892 4
-0.104910 0.239342 -0.137286 0
-0.124226 -0.187984 -0.220780 0
-0.105865 0.329567 -0.155830 0
-0.656335 0.460150 -0.219603 2
-0.935961 0.140115 -0.365238 2
0.708078 0.354394 -0.086579 1
-0.232093 0.482147 -0.063848 6
-0.039432 -0.309827 -0.195066 0
-0.129581 0.390194 -0.043477 0
-0.454240 0.463003 -0.353909 2
0.654742 0.414420 -0.272723 1
-0.580565 0.442207 -0.404337 2
-0.815978 0.285280 -0.435779 2
0.000384 0.429193 0.252994 3
-0.105728 0.466818 0.198781 3
0.190630 0.516612 -0.172847 1
-0.228717 0.481647 0.252681 3
-0.054140 -0.073127 -0.211696 0
-0.532859 0.486159 -0.266920 2
-0.162343 0.455264 -0.012574 6
-0.183521 0.470371 0.478503 3
-0.120191 -0.117510 -0.237580 0
-0.697775 0.391624 -0.340922 2
-0.817060 0.288438 -0.288583 2
0.043103 0.492817 0.096493 5
-0.864141 0.237059 -0.326565 2
-0.657819 0.394894 -0.423769 2
-0.049799 0.456526 0.436438 3
-0.166873 0.442385 0.552167 3
-0.294286 0.353631 -0.237913 0
-0.971074 0.092111 -0.403158 2
-0.179497 0.516468 -0.400352 4
0.281922 0.491329 -0.310262 1
0.655364 0.426434 -0.201411 1
-0.888133 0.184272 -0.469455 2
-0.781077 0.323482 -0.395558 2
0.427130 0.522635 -0.110340 1
-0.694112 0.328236 -0.483785 2
-0.528968 0.469559 -0.431468 2
0.582854 0.396128 -0.102078 1
0.537514 0.442365 -0.258526 1
-0.005957 0.313522 -0.167073 0
-0.108514 0.175531 -0.177212 0
-0.122358 0.484507 -0.338309 4
0.510872 0.436911 -0.054748 1
0.487893 0.475837 -0.146059 1
-0.203301 0.469781 0.124395 3
-0.082878 0.463220 0.322036 3
-0.238160 0.366636 -0.262777 0
-0.072179 0.335468 -0.209857 4
-0.212631 0.464140 -0.120473 6
0.812758 0.359863 -0.073217 1
-0.112380 0.373229 -0.109858 0
-0.098003 -0.226771 -0.180159 0
-0.193051 0.348489 -0.221334 0
-0.416898 0.465750 -0.286623 2
-0.092532 -0.026826 -0.181813 0
-0.886883 0.188881 -0.251718 2
0.822480 0.417738 -0.141528 1
-0.302941 0.504694 -0.081653 6
-0.282753 0.437180 0.215803 3
-0.089689 0.076508 -0.219020 0
-0.065652 -0.152233 -0.241561 0
-0.091435 -0.339031 -0.174520 0
-0.928392 0.140904 -0.274473 2
-0.099461 0.442017 -0.033407 5
-0.118416 0.410139 -0.264877 4
-0.330463 0.386880 -0.278914 0
0.280536 0.532473 -0.203785 1
0.389012 0.483261 -0.292835 1
-0.484038 0.475819 -0.298496 2
0.565605 0.451141 -0.177076 1
-0.242603 0.456717 0.467276 3
0.666259 0.390067 -0.109072 1
-0.120612 0.481419 0.253266 3
0.042490 0.393232 -0.249043 0
0.202864 0.496596 -0.272660 1
-0.073021 -0.314816 -0.242122 0
-0.653042 0.439736 -0.292585 2
-0.615890 0.422520 -0.452088 2
-0.115144 0.262861 -0.188458 0
-0.585405 0.439875 -0.347624 2
-0.142900 0.473192 0.359416 3
0.133937 0.462663 -0.273680 1
-0.766542 0.343050 -0.259992 2
0.460999 0.484448 -0.216459 1
0.386379 0.474558 -0.378848 1
0.297972 0.566224 -0.135305 1
-0.074845 0.449495 0.151118 3
0.125333 0.474275 -0.191645 1
-0.070030 0.462108 0.032177 5
0.316918 0.479668 -0.382729 1
-0.118886 0.444954 0.085301 3
-0.064665 -0.259261 -0.225196 0
-0.278358 0.450989 0.345745 3
-0.803453 0.277397 -0.488035 2
-0.359802 0.522890 -0.029836 6
-0.978212 0.102553 -0.350772 2
-0.692275 0.421315 -0.209956 2
0.036323 0.333417 -0.193563 0
-0.002806 0.510777 -0.020070 5
-0.851989 0.253279 -0.407517 2
0.402993 0.500785 -0.227697 1
0.046983 0.529540 0.055672 5
-0.118824 0.286144 -0.116038 0
-0.076358 0.434011 0.505843 3
-0.337211 0.493050 0.015793 6
0.228877 0.497811 -0.321916 1
0.304925 0.530980 -0.251353 1
0.745232 0.316255 -0.061567 1
-0.495804 0.465361 -0.391168 2
-0.511683 0.494250 -0.219769 2
-0.400300 0.495596 -0.048574 6
-0.219216 0.428543 0.050264 3
0.208892 0.514434 -0.223908 1
-0.070763 -0.270487 -0.172226 0
-0.749954 0.331043 -0.441033 2
0.378172 0.538765 -0.153548 1
-0.978639 0.055752 -0.328284 2
-0.140617 0.453753 -0.295145 4
-0.129938 0.130959 -0.205909 0
-0.797596 0.315267 -0.328082 2
-0.330717 0.444059 -0.284687 0
-0.204460 0.270518 -0.200865 0
-0.092096 -0.001863 -0.230991 0
-0.100000 -0.086010 -0.185412 0
-0.119058 0.312181 -0.213856 0
-0.132869 0.506931 -0.437677 4
-0.129514 0.443188 0.514953 3
0.491892 0.463276 -0.252000 1
-0.084856 0.220917 -0.190397 0
-0.833912 0.226466 -0.365240 2
-0.045254 0.446700 0.385277 3
0.050960 0.439590 -0.213897 0
-0.227939 0.478871 0.386770 3
-0.258809 0.501761 -0.018208 6
-0.734269 0.379456 -0.270585 2
-0.114591 0.426599 -0.081891 5
-0.092778 0.027860 -0.178989 0
-0.063388 0.140001 -0.196463 0
0.329557 0.494830 -0.288374 1
0.368035 0.523135 -0.199385 1
-0.916207 0.177795 -0.419849 2
-0.123507 0.468940 0.422004 3
-0.909628 0.181371 -0.361709 2
-0.618555 0.472941 -0.248117 2
-0.083780 -0.181959 -0.193873 0
-0.050638 0.444889 0.212081 3
-0.049764 0.495302 -0.067189 5
-0.204225 0.480777 0.172486 3
-0.028562 0.420128 0.126425 3
0.463787 0.454623 -0.316693 1
0.762189 0.360959 -0.083028 1
-0.689513 0.364236 -0.443952 2
-0.290998 0.479259 0.012965 6
-0.152233 0.420847 0.019676 3
-0.745417 0.350094 -0.365295 2
-0.023270 0.443660 0.297786 3
-0.379540 0.413044 -0.293522 0
-0.028308 0.231004 -0.177968 0
-0.054391 -0.022564 -0.209376 0
0.840548 0.324941 -0.048649 1
-0.156083 0.397777 -0.230056 4
0.720350 0.398361 -0.113201 1
-0.182492 0.495244 0.347648 3
-0.825133 0.271477 -0.232987 2
0.584873 0.360517 -0.063365 1
-0.259100 0.444286 0.138386 3
-0.099326 -0.228093 -0.228488 0
-0.687266 0.387937 -0.388287 2
-0.056137 0.093780 -0.191796 0
-0.203598 0.484296 0.295423 3
0.000351 0.385582 -0.197308 0
0.671892 0.315346 -0.077284 1
-0.126713 0.077195 -0.191454 0
-0.213414 0.476309 0.430693 3
-0.174336 0.483608 0.256372 3
0.503178 0.457524 -0.099898 1
0.079107 0.400414 -0.221162 0
0.441875 0.490823 -0.139351 1
-0.248371 0.354169 -0.218968 0
-0.937458 0.138490 -0.319811 2
-0.049117 -0.354594 -0.180563 0
0.609015 0.439527 -0.182359 1
-0.192766 0.468911 -0.043156 6
-0.037702 0.304872 -0.219358 0
0.584649 0.429568 -0.133404 1
-0.322804 0.406495 -0.239237 0
0.610283 0.416654 -0.267504 1
-0.159829 0.475994 0.171631 3
0.398453 0.471554 -0.334857 1
0.757388 0.416103 -0.147247 1
0.548367 0.426247 -0.300471 1
-0.150287 0.502932 -0.367416 4
-0.556213 0.469156 -0.300530 2
0.237367 0.536775 -0.195182 1
-0.876701 0.212736 -0.287520 2
0.006916 0.522295 0.027184 5
0.545274 0.413425 -0.081250 1
-0.866598 0.226296 -0.438462 2
-0.249928 0.472652 0.297858 3
-0.073895 -0.109811 -0.236301 0
0.704571 0.419454 -0.197141 1
0.289713 0.569679 -0.177689 1
-0.155352 0.426157 -0.043751 6
-0.166258 0.253872 -0.183947 0
-0.208258 0.438024 0.563107 3
0.078892 0.536711 0.026922 5
-0.075650 0.409278 -0.265405 4
-0.574878 0.482694 -0.255872 2
-0.668223 0.419157 -0.326845 2
-0.619362 0.424420 -0.404378 2
-0.011407 0.269356 -0.185097 0
-0.279685 0.380782 -0.271158 0
0.816555 0.398293 -0.100627 1
-0.444960 0.459629 -0.396961 2
-0.780742 0.306745 -0.457059 2
-0.086971 0.339584 -0.113127 0
-0.550574 0.455313 -0.376126 2
0.623516 0.385894 -0.099392 1
-0.214243 0.489459 0.212338 3
-0.132997 0.427811 0.586958 3
-0.269784 0.465371 0.243751 3
-0.416777 0.469590 -0.245054 2
0.879682 0.363308 -0.078046 1
-0.108466 -0.150001 -0.214110 0
0.119953 0.463573 -0.234256 1
0.329657 0.528279 -0.214467 1
-0.180966 0.453936 -0.304312 4
-0.882766 0.217187 -0.360664 2
-0.847668 0.252396 -0.291874 2
-0.007673 0.443011 0.214880 3
-0.949221 0.095789 -0.438881 2
0.089994 0.446584 -0.202584 1
-0.416240 0.453998 -0.367988 2
-0.204298 0.444838 0.085010 3
-0.115868 0.474380 0.300134 3
-0.136298 0.387450 0.001758 0
0.679643 0.419987 -0.235543 1
0.668107 0.422762 -0.156563 1
0.216113 0.544957 -0.156974 1
-0.041842 0.495157 0.026368 5
-0.203270 0.310314 -0.208609 0
-0.265228 0.505450 -0.065771 6
-0.182272 0.457975 0.518056 3
-0.278607 0.433147 0.175745 3
-0.122282 0.220136 -0.175036 0
-0.368327 0.451633 -0.298181 0
-0.158363 0.468814 0.446862 3
0.220911 0.490785 -0.361191 1
0.632505 0.425682 -0.234697 1
-0.078106 0.299139 -0.158263 0
-0.082879 0.369792 -0.234983 4
0.344741 0.563433 -0.132239 1
0.671226 0.343421 -0.105968 1
-0.063578 0.451282 -0.018314 5
-0.723747 0.379989 -0.312827 2
-0.083620 0.432494 0.059096 3
-0.165854 0.459969 0.105382 3
-0.201968 0.462430 -0.081417 6
-0.988731 0.056943 -0.409029 2
-0.603854 0.418851 -0.489801 2
-0.836445 0.272885 -0.327653 2
0.523903 0.464554 -0.165982 1
0.553473 0.448826 -0.222863 1
0.046859 0.365155 -0.216373 0
-0.091907 0.037815 -0.226825 0
-0.948522 0.126427 -0.400098 2
-0.092723 -0.339275 -0.213971 0
0.250857 0.499925 -0.287483 1
0.438136 0.503811 -0.077452 1
-0.050590 -0.128168 -0.210349 0
0.157387 0.496939 -0.188431 1
0.747217 0.414936 -0.206991 1
-0.082596 0.195670 -0.155953 0
-0.627524 0.439338 -0.322172 2
-0.093927 0.114767 -0.212642 0
-0.336622 0.520990 -0.061106 6
-0.091466 0.469330 -0.356496 4
-0.438617 0.459306 -0.318278 2
-0.088933 -0.073673 -0.237337 0
-0.134471 -0.009117 -0.226325 0
0.302504 0.489319 -0.347973 1
-0.767341 0.340093 -0.221303 2
-0.156989 0.338671 -0.211749 0
-0.492179 0.489280 -0.260251 2
-0.126587 0.425165 0.048066 3
-0.983008 0.064648 -0.365478 2
-0.134901 0.361351 -0.076759 0
0.167033 0.486179 -0.281878 1
-0.258255 0.398774 -0.244852 0
0.069688 0.518405 0.084444 5
-0.248627 0.482878 -0.100468 6
0.570519 0.426089 -0.269129 1
-0.087640 0.457811 0.431118 3
-0.052647 0.450874 0.341901 3
0.013008 0.485013 0.032821 5
-0.077162 -0.307014 -0.190151 0
-0.700048 0.420222 -0.303383 2
0.428624 0.467511 -0.307442 1
-0.097477 0.448833 0.116349 3
-0.198820 0.497082 -0.429319 4
-0.784034 0.322675 -0.293525 2
-0.071553 0.444636 0.469852 3
-0.185277 0.423150 0.590210 3
-0.159129 0.481838 -0.317161 4
-0.569638 0.454244 -0.438295 2
-0.110403 0.453743 0.162625 3
0.466412 0.487694 -0.174475 1
-0.775948 0.327625 -0.358614 2
-0.678494 0.438062 -0.244192 2
-0.078200 0.478582 0.287108 3
-0.549450 0.497436 -0.232301 2
-0.079388 0.471635 -0.050324 5
0.782188 0.336342 -0.063595 1
-0.716935 0.400594 -0.236079 2
-0.084781 -0.195147 -0.237442 0
-0.489951 0.464294 -0.344026 2
0.002072 0.349808 -0.187807 0
-0.225549 0.488115 -0.026972 6
-0.714480 0.369892 -0.369595 2
0.491179 0.451940 -0.289134 1
0.468274 0.486943 -0.113833 1
-0.122681 0.331369 -0.117569 0
-0.092201 0.073346 -0.179094 0
0.484550 0.436110 -0.344745 1
-0.122512 -0.080582 -0.220769 0
-0.808770 0.297701 -0.401921 2
-0.834507 0.262020 -0.457302 2
-0.078743 0.174191 -0.198606 0
0.411851 0.523241 -0.148180 1
-0.135629 0.300534 -0.183310 0
-0.040174 0.466129 0.053001 5
-0.086563 0.263863 -0.156907 0
-0.510619 0.464446 -0.462368 2
-0.194753 0.471249 0.001350 6
-0.718862 0.339992 -0.460234 2
0.711459 0.319418 -0.078360 1
-0.107309 0.471195 0.352413 3
-0.521224 0.471924 -0.308672 2
-0.140968 0.255514 -0.212441 0
0.411424 0.487332 -0.260008 1
0.288333 0.503204 -0.276975 1
-0.102372 0.354593 -0.208425 4
-0.668937 0.403835 -0.362079 2
-0.647928 0.397958 -0.457875 2
-0.215478 0.461458 0.491483 3
0.014100 0.368651 -0.229917 0
-0.033117 0.440981 0.242809 3
-0.453630 0.479578 -0.280419 2
-0.646295 0.453850 -0.259475 2
0.846288 0.373092 -0.071244 1
-0.091564 0.466670 0.231099 3
-0.037167 0.326650 -0.191691 0
-0.246184 0.466897 0.217749 3
-0.221230 0.335602 -0.247338 0
-0.228882 0.464907 0.147937 3
-0.113335 0.410414 -0.011552 5
-0.142035 0.452448 0.483582 3
0.011924 0.501545 0.079715 5
-0.115649 0.282511 -0.151687 0
-0.187693 0.430426 -0.055977 6
-0.098033 0.293142 -0.187380 0
-0.624741 0.477972 -0.214265 2
-0.256576 0.466924 0.367631 3
-0.191415 0.430046 0.029548 3
-0.141748 0.182934 -0.183865 0
0.257557 0.503026 -0.340564 1
-0.079402 -0.034000 -0.231052 0
-0.132525 0.435864 0.548669 3
-0.093829 0.446196 0.000360 5
-0.232350 0.325325 -0.197775 0
-0.134709 0.506476 -0.401446 4
-0.905209 0.170856 -0.274462 2
-0.092763 0.308611 -0.128720 0
-0.903290 0.155475 -0.458605 2
-0.808717 0.293334 -0.253346 2
0.687588 0.408854 -0.128839 1
-0.386043 0.456735 -0.267952 2
-0.890977 0.195683 -0.437519 2
-0.144248 0.473751 0.393401 3
-0.604509 0.438377 -0.377148 2
-0.134298 0.481400 0.222127 3
-0.063437 -0.349476 -0.235570 0
-0.311575 0.413449 -0.287643 0
-0.410907 0.487735 -0.017526 6
0.028844 0.499573 -0.023196 5
-0.846741 0.257428 -0.367759 2
0.521980 0.464298 -0.237081 1
-0.113159 0.204546 -0.203228 0
-0.671571 0.352754 -0.486900 2
-0.496183 0.468238 -0.425337 2
-0.057861 0.448724 0.290586 3
-0.926096 0.166897 -0.389996 2
-0.137757 0.356039 -0.044055 0
-0.925472 0.165692 -0.334607 2
-0.025966 0.481721 -0.088332 5
0.394767 0.540301 -0.120957 1
-0.080864 -0.117328 -0.203090 0
-0.093061 -0.060966 -0.207292 0
-0.047889 -0.266540 -0.195508 0
0.001093 0.319260 -0.199893 0
0.185813 0.511548 -0.248930 1
-0.145666 0.433314 -0.270027 4
-0.371606 0.516731 -0.059752 6
0.074544 0.418963 -0.194248 0
-0.059069 0.060304 -0.204245 0
0.349178 0.475581 -0.379117 1
-0.059560 0.247289 -0.196194 0
-0.196062 0.498541 -0.368238 4
-0.314622 0.373676 -0.253613 0
-0.891737 0.206814 -0.331113 2
0.733578 0.371488 -0.097371 1
0.594292 0.399727 -0.071858 1
0.151772 0.465042 -0.301285 1
-0.257150 0.490908 0.014193 6
-0.178352 0.444880 -0.112920 6
-0.751203 0.337523 -0.409386 2
-0.021999 0.502671 -0.044786 5
0.240933 0.518610 -0.223109 1
-0.185752 0.308561 -0.235848 0
-0.093587 0.466639 -0.323192 4
0.608231 0.409413 -0.116921 1
-0.154607 0.375208 -0.253056 4
-0.868948 0.209190 -0.476619 2
0.638306 0.430888 -0.169806 1
0.283324 0.516979 -0.231919 1
-0.724502 0.315324 -0.484592 2
-0.050959 0.379612 -0.234327 4
-0.529584 0.461178 -0.399822 2
-0.090437 -0.288100 -0.231172 0
-0.580130 0.459628 -0.320442 2
0.478207 0.455253 -0.059180 1
-0.791630 0.319099 -0.262072 2
-0.054764 -0.297340 -0.220366 0
-0.869235 0.237832 -0.381192 2
-0.113154 -0.245450 -0.201409 0
-0.178535 0.476685 0.143485 3
-0.267700 0.331180 -0.229797 0
-0.081585 0.446473 0.203344 3
-0.203309 0.497833 0.242293 3
0.523145 0.436075 -0.084696 1
-0.163382 0.512404 -0.430400 4
0.625222 0.321217 -0.063508 1
-0.100081 0.001346 -0.200407 0
-0.052505 -0.171285 -0.219808 0
-0.066945 -0.227378 -0.186780 0
-0.120449 0.389612 -0.077622 0
-0.053923 -0.337473 -0.206857 0
0.026683 0.369517 -0.184269 0
-0.117510 0.160849 -0.203810 0
0.432216 0.489231 -0.231689 1
-0.112225 0.327727 -0.240582 4
-0.659142 0.403349 -0.393289 2
-0.090963 -0.368100 -0.186987 0
-0.124653 0.421639 -0.049505 5
-0.171321 0.289530 -0.194388 0
0.463241 0.475708 -0.247890 1
-0.112490 0.495613 -0.368745 4
-0.031455 0.295482 -0.170993 0
0.787183 0.414389 -0.134264 1
0.318543 0.503170 -0.256668 1
-0.296400 0.479358 -0.102472 6
0.520588 0.407097 -0.053034 1
-0.315523 0.431631 -0.260226 0
-0.135282 0.483285 0.326463 3
-0.076478 0.371812 -0.204380 4
-0.290746 0.393019 -0.244535 0
-0.957638 0.127752 -0.341212 2
-0.295438 0.509596 -0.049749 6
-0.273053 0.462793 0.200688 3
-0.343087 0.412724 -0.291175 0
0.411597 0.544161 -0.093830 1
-0.781247 0.315846 -0.425868 2
0.530143 0.417974 -0.328179 1
0.629211 0.403582 -0.288561 1
0.023484 0.410235 -0.207661 0
-0.054727 0.443941 0.175796 3
0.358641 0.485521 -0.307649 1
-0.829235 0.271561 -0.265417 2
0.843426 0.400747 -0.126042 1
0.656281 0.364510 -0.086063 1
-0.143310 0.479730 0.274276 3
-0.098190 0.143773 -0.168379 0
-0.147954 0.425377 -0.099465 6
-0.386540 0.509621 -0.014989 6
-0.212904 0.488061 0.361413 3
-0.111787 0.380292 -0.247868 4
-0.260314 0.448654 0.443416 3
0.367876 0.492743 -0.269880 1
-0.956981 0.103957 -0.378556 2
-0.068549 0.453118 0.404182 3
0.519139 0.439662 -0.286226 1
-0.018146 0.512803 0.012263 5
0.516116 0.456194 -0.129631 1
0.316661 0.488439 -0.315364 1
0.738695 0.419382 -0.171213 1
-0.747098 0.364990 -0.246919 2
0.594168 0.367778 -0.103493 1
0.785913 0.372904 -0.098027 1
-0.308465 0.506284 0.007743 6
-0.245095 0.463305 -0.123555 6
0.399359 0.511722 -0.199500 1
-0.183636 0.247800 -0.208204 0
-0.214387 0.468523 0.461915 3
0.180386 0.511950 -0.201465 1
0.014001 0.530268 -0.002435 5
-0.992782 0.036270 -0.346773 2
-0.055313 0.433601 0.121565 3
-0.134201 0.471421 0.189504 3
0.225023 0.512257 -0.257778 1
-0.915359 0.201970 -0.399501 2
-0.096417 -0.258030 -0.223237 0
-0.686948 0.375332 -0.415962 2
-0.114450 0.440644 -0.285435 4
0.800354 0.423941 -0.161114 1
-0.204727 0.493751 0.324035 3
0.694757 0.380355 -0.109994 1
0.557701 0.420714 -0.107717 1
0.207199 0.527133 -0.196717 1
0.085045 0.531919 0.055912 5
-0.627484 0.453248 -0.284639 2
0.860355 0.346210 -0.055919 1
-0.364802 0.506128 0.010891 6
0.562127 0.442390 -0.148374 1
-0.063511 -0.331139 -0.167202 0
-0.167911 0.424891 -0.234495 4
-0.157531 0.506295 -0.464351 4
0.263745 0.558300 -0.186988 1
-0.116195 0.051200 -0.210474 0
-0.044462 -0.234573 -0.222105 0
-0.117647 0.253999 -0.160105 0
-0.273433 0.461233 0.312086 3
-0.094714 -0.167110 -0.237195 0
-0.835287 0.271806 -0.391343 2
-0.102125 -0.026789 -0.213298 0
-0.547676 0.453729 -0.458341 2
-0.152901 0.412914 -0.070215 6
-0.679365 0.428261 -0.282554 2
0.016219 0.518682 0.055920 5
-0.730893 0.365867 -0.344933 2
-0.260173 0.350406 -0.250951 0
-0.104673 0.444417 0.499013 3
0.621460 0.431545 -0.208006 1
-0.558323 0.449994 -0.341963 2
-0.593856 0.437771 -0.435384 2
-0.590612 0.439099 -0.465064 2
-0.796993 0.307078 -0.358937 2
-0.163726 0.454170 -0.046412 6
0.438812 0.498094 -0.202935 1
-0.867431 0.215017 -0.242951 2
-0.466696 0.461947 -0.326374 2
0.067094 0.414354 -0.243845 0
0.487881 0.476597 -0.224638 1
0.739944 0.342460 -0.079524 1
0.304645 0.546941 -0.188003 1
-0.123915 0.284320 -0.205970 0
-0.067327 0.004661 -0.210285 0
-0.105394 0.436039 0.529379 3
0.576050 0.445089 -0.203430 1
-0.107085 0.354723 -0.131454 0
-0.233779 0.452131 0.122471 3
0.047141 0.523105 -0.024370 5
-0.351555 0.411671 -0.262443 0
-0.745965 0.357731 -0.285562 2
0.730859 0.412493 -0.136040 1
0.204401 0.491110 -0.308214 1
-0.714407 0.394961 -0.290061 2
-0.775899 0.283477 -0.482290 2
-0.080258 -0.255026 -0.199666 0
-0.159411 0.407831 -0.260045 4
-0.073703 0.468914 0.004524 5
-0.161566 0.496287 -0.341865 4
-0.174498 0.491766 0.377285 3
-0.932585 0.149327 -0.411648 2
-0.972215 0.083231 -0.323768 2
0.728508 0.290530 -0.061796 1
-0.509831 0.480243 -0.282727 2
-0.239963 0.469451 0.423010 3
-0.212536 0.282668 -0.225303 0
0.291058 0.490272 -0.377396 1
0.287279 0.585914 -0.152833 1
-0.068320 -0.221704 -0.230917 0
-0.152969 0.493200 0.239967 3
0.542348 0.458718 -0.191448 1
-0.149206 0.441544 0.608734 3
-0.925572 0.163379 -0.442406 2
-0.127464 0.108145 -0.189264 0
0.656873 0.409653 -0.127204 1
0.071300 0.491683 0.094549 5
-0.523308 0.462086 -0.368259 2
0.491572 0.476718 -0.181280 1
-0.002208 0.447068 0.274743 3
-0.042236 0.435389 0.149724 3
0.568684 0.388758 -0.076205 1
0.053749 0.411351 -0.215640 0
-0.628621 0.407950 -0.482029 2
-0.243264 0.446934 0.493634 3
-0.099400 0.456202 -0.067269 5
-0.261377 0.465513 0.273292 3
-0.098547 -0.309448 -0.214951 0
-0.283228 0.507457 -0.005783 6
-0.151265 0.441289 0.082761 3
-0.186373 0.479248 0.436838 3
-0.926125 0.157459 -0.302818 2
-0.122578 0.238611 -0.200093 0
0.436599 0.458805 -0.336410 1
-0.715054 0.349358 -0.432317 2
-0.005638 0.429629 0.314085 3
0.814569 0.332257 -0.055288 1
-0.097147 0.142060 -0.208512 0
-0.050419 0.215116 -0.183509 0
-0.629541 0.412523 -0.430113 2
-0.200152 0.483606 0.267917 3
-0.056709 0.479717 -0.089046 5
0.051607 0.502449 0.070777 5
-0.410382 0.453425 -0.310530 2
-0.331633 0.513830 -0.005169 6
-0.092648 -0.129779 -0.238918 0
0.369401 0.478774 -0.351775 1
-0.271762 0.371073 -0.237232 0
0.110223 0.439792 -0.266128 1
-0.137881 0.459975 0.164959 3
0.022715 0.353333 -0.209008 0
-0.668530 0.382982 -0.448014 2
-0.091942 0.429542 -0.273747 4
0.312493 0.565495 -0.163231 1
0.585765 0.399067 -0.129002 1
-0.485170 0.484296 -0.232775 2
-0.355252 0.448591 -0.269344 0
-0.091376 0.469512 0.265120 3
-0.942188 0.122376 -0.298435 2
-0.201118 0.491132 -0.402908 4
-0.669971 0.436396 -0.213602 2
-0.717948 0.388925 -0.211589 2
-0.034797 0.285630 -0.199003 0
-0.177111 0.320220 -0.212997 0
0.047235 0.537244 0.029081 5
-0.112923 0.461943 -0.304885 4
-0.081410 -0.211149 -0.202785 0
-0.149745 0.441328 0.043135 3
-0.175662 0.492207 0.287358 3
-0.237874 0.435717 0.068879 3
-0.427638 0.458959 -0.344130 2
-0.055418 -0.102053 -0.214518 0
-0.131930 0.449732 0.108312 3
-0.146714 0.302239 -0.208186 0
-0.748547 0.318807 -0.469352 2
-0.171970 0.348563 -0.237964 0
-0.024004 0.350886 -0.194088 0
-0.132726 0.457871 0.455519 3
0.770064 0.300808 -0.050902 1
0.589717 0.441746 -0.156760 1
-0.816762 0.294976 -0.314569 2
-0.063820 -0.085031 -0.237727 0
-0.328582 0.502494 -0.089078 6
-0.085378 -0.155178 -0.201582 0
-0.812354 0.285808 -0.464280 2
-0.022363 0.445206 0.371586 3
-0.899099 0.199528 -0.378229 2
0.603406 0.335864 -0.058769 1
-0.082264 0.462657 0.355980 3
0.255484 0.493235 -0.313415 1
0.384139 0.496333 -0.246045 1
-0.247301 0.489187 -0.043091 6
-0.773130 0.333531 -0.332751 2
-0.030490 0.505766 -0.012844 5
-0.199533 0.488539 0.392854 3
0.590309 0.418611 -0.286232 1
-0.096880 -0.033265 -0.251148 0
0.172053 0.488507 -0.255058 1
0.690615 0.412636 -0.258658 1
-0.376026 0.490693 -0.063053 6
-0.134608 0.296469 -0.139279 0
0.489658 0.471410 -0.119910 1
-0.478208 0.464586 -0.371289 2
-0.827774 0.252176 -0.485400 2
-0.616654 0.435510 -0.352185 2
-0.162220 0.459528 0.499268 3
0.139121 0.485516 -0.211309 1
0.327693 0.485726 -0.355374 1
-0.093587 0.316349 -0.207867 4
0.011153 0.505785 -0.042029 5
-0.153839 0.445204 0.525245 3
-0.141045 0.238549 -0.181139 0
0.359932 0.536322 -0.177981 1
-0.848476 0.249234 -0.433329 2
0.404385 0.460367 -0.365850 1
0.687875 0.337695 -0.083896 1
0.270822 0.504976 -0.255151 1
-0.275082 0.446203 0.371430 3
-0.111905 0.090163 -0.215476 0
0.350738 0.550887 -0.157166 1
-0.125369 0.415091 0.015824 3
-0.279634 0.494033 -0.087393 6
0.201581 0.483714 -0.344878 1
-0.551406 0.456542 -0.413620 2
-0.098717 -0.087867 -0.212488 0
-0.155533 0.433707 0.574159 3
0.224248 0.497532 -0.292388 1
-0.329577 0.517136 -0.033767 6
-0.220023 0.483213 -0.087015 6
-0.878239 0.242000 -0.421103 2
0.446716 0.505483 -0.107958 1
-0.215658 0.335361 -0.221307 0
-0.072806 0.448763 0.234273 3
-0.097322 0.169254 -0.154456 0
-0.180664 0.494849 0.313947 3
0.572708 0.437828 -0.242910 1
0.065821 0.384602 -0.202685 0
-0.211419 0.313010 -0.235227 0
-0.100888 0.098579 -0.192269 0
-0.230012 0.470927 0.190941 3
-0.103883 0.219626 -0.156662 0
-0.304744 0.390359 -0.277556 0
0.373998 0.513966 -0.222947 1
-0.117868 0.468109 0.379765 3
0.834065 0.349875 -0.062250 1
0.034116 0.390098 -0.220099 0
0.747658 0.402979 -0.118731 1
-0.075960 0.002629 -0.185946 0
-0.463532 0.450398 -0.412447 2
0.513171 0.451104 -0.260045 1
-0.012688 0.295388 -0.190122 0
0.304131 0.525791 -0.219606 1
0.609511 0.358037 -0.078963 1
-0.040396 -0.270915 -0.219691 0
-0.764800 0.340718 -0.293337 2
-0.086791 0.439151 0.023983 5
0.149198 0.477411 -0.259301 1
-0.088576 0.392879 -0.250589 4
-0.110689 -0.219270 -0.207308 0
0.468254 0.465547 -0.270846 1
0.078884 0.433083 -0.221281 1
-0.047191 0.446359 0.313721 3
-0.081110 -0.280145 -0.195082 0
-0.284192 0.444304 0.244803 3
-0.257021 0.468599 0.330188 3
-0.891539 0.193543 -0.279764 2
-0.864929 0.234880 -0.298442 2
-0.092549 0.444343 0.091785 3
-0.052211 0.302601 -0.185852 0
-0.057482 -0.046177 -0.218146 0
-0.236495 0.480457 0.277851 3
0.414275 0.477817 -0.289295 1
-0.191677 0.484081 0.200809 3
-0.032140 0.271093 -0.164243 0
-0.136030 0.402738 -0.022504 0
-0.017799 0.421685 0.153986 3
-0.112282 0.018487 -0.223598 0
-0.085962 0.243545 -0.179268 0
-0.184126 0.276408 -0.218683 0
-0.597864 0.481464 -0.236512 2
-0.055946 0.490371 -0.037467 5
-0.085783 0.450377 0.178823 3
-0.208900 0.441545 0.538193 3
-0.832117 0.272879 -0.420972 2
-0.763363 0.337194 -0.384155 2
-0.211880 0.358360 -0.242464 0
-0.251518 0.464008 0.395012 3
0.322469 0.571696 -0.141143 1
-0.112239 0.347181 -0.101268 0
-0.062486 0.162731 -0.183516 0
-0.134918 0.388251 -0.242982 4
-0.437060 0.480293 -0.261828 2
-0.136138 0.472610 -0.319688 4
-0.151678 0.468153 0.422894 3
0.631711 0.401375 -0.118332 1
-0.603360 0.470656 -0.272161 2
-0.187583 0.484680 0.227781 3
-0.581014 0.445670 -0.373970 2
-0.231557 0.480517 0.312585 3
-0.130022 0.157445 -0.182700 0
-0.049527 -0.366190 -0.203109 0
0.227186 0.556828 -0.184857 1
-0.802930 0.308160 -0.283848 2
-0.133080 0.339348 -0.217963 0
-0.201348 0.443055 0.059253 3
0.401444 0.517809 -0.175642 1
-0.812699 0.295059 -0.343222 2
-0.102846 -0.100039 -0.235745 0
0.100415 0.451270 -0.225627 1
0.808921 0.381722 -0.083934 1
0.598335 0.424357 -0.246006 1
-0.062738 0.455030 0.370053 3
-0.000807 0.361788 -0.211562 0
0.683011 0.421645 -0.208818 1
-0.037790 0.491797 0.051647 5
-0.033598 0.258734 -0.185446 0
0.565518 0.405592 -0.315939 1
-0.923973 0.161459 -0.361864 2
-0.036968 0.442997 0.266947 3
-0.859700 0.217763 -0.370813 2
-0.808791 0.288655 -0.226723 2
-0.604911 0.448090 -0.325818 2
0.418593 0.521432 -0.087418 1
-0.217465 0.472057 -0.047024 6
-0.041548 0.447421 0.409432 3
0.066598 0.458338 -0.212999 0
-0.522020 0.494614 -0.241880 2
-0.096466 -0.196573 -0.215304 0
0.259974 0.476605 -0.351132 1
-0.947581 0.120741 -0.426608 2
-0.100825 0.027107 -0.201999 0
-0.133229 0.416369 0.608476 3
-0.261258 0.446505 0.165068 3
-0.136757 0.274026 -0.187180 0
-0.851996 0.238801 -0.461655 2
0.664051 0.340009 -0.079585 1
0.784934 0.363786 -0.074902 1
-0.027858 0.441221 0.201443 3
-0.078034 -0.201319 -0.180344 0
-0.069770 -0.317332 -0.218178 0
0.808397 0.409347 -0.120663 1
-0.159886 0.486314 0.328914 3
0.486501 0.445322 -0.320295 1
-0.160194 0.474764 0.202280 3
-0.073003 0.108283 -0.202250 0
-0.231848 0.303078 -0.211346 0
-0.176161 0.456668 0.083751 3
0.643363 0.374531 -0.107177 1
-0.098216 0.462124 0.407514 3
-0.148901 0.350818 -0.245363 4
0.452187 0.487039 -0.063128 1
-0.219256 0.453174 0.103250 3
-0.174185 0.508211 -0.371218 4
-0.698232 0.422578 -0.233273 2
0.486655 0.477006 -0.094959 1
0.345545 0.533888 -0.197272 1
0.456589 0.463951 -0.291796 1
-0.236734 0.478781 0.361095 3
-0.101715 -0.263519 -0.190548 0
-0.067748 0.196507 -0.197751 0
0.636847 0.419170 -0.257271 1
0.498249 0.450685 -0.071320 1
-0.721204 0.397280 -0.259331 2
-0.106541 0.306651 -0.149268 0
-0.106403 0.128248 -0.191484 0
-0.102208 0.476921 -0.379203 4
-0.010292 0.484518 0.075837 5
-0.058902 -0.294747 -0.181357 0
-0.504475 0.465905 -0.324299 2
0.090114 0.498199 0.081733 5
-0.271114 0.503717 -0.042912 6
-0.181613 0.437094 0.569913 3
-0.108877 0.453139 0.139022 3
0.543394 0.455770 -0.153827 1
-0.160451 0.243992 -0.205460 0
-0.574102 0.472024 -0.285324 2
0.446431 0.501565 -0.159857 1
-0.115089 0.300946 -0.171728 0
-0.866517 0.232181 -0.349486 2
0.351389 0.520823 -0.219619 1
-0.136171 0.216455 -0.205007 0
-0.170798 0.228067 -0.182931 0
-0.400883 0.449665 -0.348189 2
-0.395787 0.456373 -0.290573 2
-0.977819 0.073537 -0.386526 2
-0.186508 0.451876 -0.065317 6
-0.849336 0.256155 -0.337774 2
-0.079901 0.466384 -0.025642 5
-0.156979 0.464900 0.151231 3
-0.125759 0.003559 -0.205868 0
-0.070789 -0.353006 -0.171930 0
-0.697682 0.399903 -0.319081 2
-0.072176 0.082076 -0.204653 0
-0.072475 -0.351551 -0.207922 0
0.259249 0.523548 -0.206960 1
-0.119246 0.309048 -0.111784 0
-0.797542 0.297417 -0.443219 2
-0.782354 0.325645 -0.241762 2
-0.058217 0.477714 0.019492 5
-0.075916 0.055323 -0.219495 0
-0.100853 0.376859 -0.222026 4
-0.109362 0.262012 -0.134718 0
0.831692 0.384919 -0.087229 1
0.317590 0.516210 -0.237485 1
0.206916 0.502736 -0.245001 1
-0.098479 -0.167483 -0.183260 0
-0.676709 0.367960 -0.470151 2
-0.160343 0.445591 -0.286152 4
-0.249374 0.373041 -0.242833 0
-0.303039 0.408055 -0.257154 0
-0.888416 0.207360 -0.306762 2
-0.141172 0.368192 -0.024652 0
-0.115708 0.196904 -0.172140 0
-0.953322 0.113650 -0.323421 2
-0.120243 0.492344 -0.414748 4
-0.075662 0.445176 0.128436 3
-0.185036 0.508394 -0.443991 4
-0.653917 0.433089 -0.315281 2
-0.257574 0.381453 -0.264617 0
0.663061 0.420149 -0.251566 1
0.379937 0.477478 -0.322468 1
-0.181489 0.462042 -0.024264 6
-0.270941 0.475839 0.223255 3
-0.098394 0.055395 -0.192127 0
-0.080793 -0.082998 -0.197757 0
-0.870543 0.217061 -0.265668 2
-0.142917 0.393647 -0.062570 0
0.184846 0.489615 -0.296209 1
-0.181474 0.478859 -0.321689 4
0.374941 0.550658 -0.126230 1
-0.838612 0.254083 -0.242222 2
-0.188646 0.435318 -0.293296 4
-0.101054 0.430205 0.039568 3
-0.288325 0.459959 0.265701 3
0.774921 0.415923 -0.162017 1
0.674990 0.373946 -0.095319 1
0.004604 0.344488 -0.165684 0
-0.050415 -0.328071 -0.185727 0
-0.210401 0.452200 0.517997 3
0.650415 0.310098 -0.071417 1
-0.092798 0.264877 -0.184035 0
0.277132 0.491379 -0.347938 1
-0.641272 0.427141 -0.335773 2
-0.639276 0.413037 -0.399098 2
-0.109193 -0.021226 -0.234288 0
-0.706845 0.370225 -0.394680 2
-0.075690 -0.056315 -0.228027 0
-0.118758 0.182527 -0.196827 0
-0.181707 0.483619 0.174416 3
-0.534658 0.476937 -0.287662 2
0.640376 0.332998 -0.099517 1
-0.056689 -0.191535 -0.235586 0
-0.110566 0.425996 0.590323 3
-0.686173 0.389002 -0.361384 2
-0.252624 0.431727 0.115971 3
-0.665361 0.440457 -0.269503 2
-0.090377 0.312902 -0.179418 0
-0.160695 0.273452 -0.206254 0
0.035223 0.517678 0.074181 5
-0.026431 0.323011 -0.165564 0
-0.126194 -0.156829 -0.226377 0
-0.196115 0.454234 0.103876 3
-0.896906 0.197962 -0.415825 2
-0.239578 0.333753 -0.223000 0
0.406784 0.472402 -0.310445 1
0.682838 0.423478 -0.186314 1
-0.654124 0.412813 -0.347555 2
-0.016044 0.319612 -0.221173 0
0.418457 0.504435 -0.210247 1
-0.743184 0.348223 -0.391248 2
-0.952304 0.122564 -0.366747 2
-0.910537 0.187721 -0.340122 2
-0.191458 0.330331 -0.235492 0
-0.130811 0.496552 -0.355279 4
0.811441 0.298404 -0.045739 1
-0.160013 0.463702 -0.300487 4
0.691904 0.301533 -0.070374 1
-0.112183 0.477769 0.222077 3
-0.119146 0.479946 0.275578 3
-0.070069 -0.173673 -0.233517 0
-0.270995 0.352864 -0.224208 0
0.708281 0.418808 -0.220091 1
-0.039745 -0.286113 -0.202688 0
-0.802832 0.300474 -0.379508 2
-0.475402 0.482930 -0.276493 2
0.185620 0.507015 -0.227033 1
-0.750619 0.352153 -0.336592 2
-0.557208 0.481261 -0.269452 2
0.564312 0.374334 -0.059732 1
-0.220323 0.485517 -0.005437 6
-0.963484 0.085936 -0.424855 2
-0.226269 0.479289 0.228120 3
-0.112189 -0.208259 -0.226634 0
0.299552 0.496171 -0.297511 1
-0.064580 -0.140938 -0.222095 0
-0.977494 0.079353 -0.345065 2
-0.496195 0.457268 -0.444716 2
0.531263 0.461323 -0.214026 1
0.457356 0.453169 -0.342166 1
0.065772 0.527099 0.011730 5
-0.008163 0.426353 0.200129 3
0.757533 0.335989 -0.067527 1
-0.088146 -0.232044 -0.206410 0
-0.279668 0.362402 -0.258660 0
-0.067980 0.393972 -0.242321 4
-0.017877 0.500568 -0.069659 5
-0.239313 0.352578 -0.243644 0
0.362707 0.574716 -0.115315 1
0.788881 0.289279 -0.047716 1
-0.410388 0.475993 -0.305207 2
-0.097172 -0.318073 -0.178980 0
-0.544215 0.459832 -0.326681 2
0.421823 0.511036 -0.132627 1
-0.129878 0.342586 -0.087646 0
-0.118975 0.255927 -0.214935 0
0.614377 0.433138 -0.153259 1
-0.353617 0.511811 -0.072295 6
0.743854 0.371305 -0.076305 1
0.055166 0.357173 -0.197534 0
-0.297729 0.374917 -0.233194 0
-0.098449 -0.301952 -0.194195 0
-0.114793 0.315779 -0.192512 0
0.596494 0.375965 -0.073987 1
-0.699182 0.348321 -0.465625 2
-0.162157 0.435363 -0.062567 6
-0.281086 0.448951 -0.124047 6
-0.732685 0.343234 -0.420790 2
0.659454 0.422033 -0.227232 1
0.391606 0.488278 -0.269273 1
0.247196 0.503983 -0.261816 1
-0.476565 0.467912 -0.410939 2
0.225205 0.524840 -0.209241 1
-0.181311 0.297882 -0.215613 0
-0.112374 0.474015 0.321713 3
-0.057172 0.262339 -0.168817 0
-0.458095 0.463999 -0.380060 2
0.759834 0.417754 -0.177699 1
0.249689 0.574671 -0.183445 1
0.025805 0.533237 0.027061 5
-0.829586 0.278995 -0.307073 2
0.022506 0.379226 -0.205197 0
-0.598284 0.439524 -0.485733 2
-0.459809 0.470083 -0.307366 2
0.538512 0.429132 -0.098494 1
-0.878987 0.204005 -0.453648 2
-0.821329 0.287051 -0.382993 2
-0.014120 0.501676 0.030499 5
-0.901190 0.179078 -0.447092 2
-0.251504 0.470399 0.254322 3
-0.680832 0.405084 -0.339283 2
-0.084435 -0.324973 -0.199891 0
-0.182748 0.435385 0.048681 3
-0.106990 0.223385 -0.190012 0
-0.083043 0.436434 -0.312063 4
-0.798518 0.311813 -0.306744 2
-0.113455 0.434123 0.062720 3
-0.052195 -0.189310 -0.205164 0
-0.356464 0.433583 -0.297680 0
-0.098648 0.471666 0.286249 3
-0.014556 0.447829 0.321505 3
0.600818 0.400163 -0.291430 1
-0.987214 0.048810 -0.381797 2
-0.633477 0.469297 -0.231976 2
0.106483 0.460060 -0.206893 1
-0.324573 0.393535 -0.259273 0
0.525398 0.443985 -0.110214 1
-0.084167 0.432584 0.530473 3
0.139811 0.474012 -0.240236 1
-0.378723 0.517120 -0.039445 6
-0.070340 0.449154 0.448851 3
-0.067485 -0.168132 -0.196317 0
-0.315726 0.517161 -0.057815 6
-0.091544 0.451121 0.458146 3
-0.207646 0.476787 -0.023379 6
-0.661414 0.382952 -0.468601 2
0.418539 0.465925 -0.327249 1
0.444618 0.497772 -0.182281 1
-0.143843 0.448091 0.063831 3
-0.715691 0.381186 -0.335481 2
-0.117176 0.324837 -0.137219 0
0.166370 0.501288 -0.214613 1
-0.438028 0.467843 -0.298683 2
-0.626372 0.462594 -0.265104 2
-0.330637 0.415982 -0.261695 0
0.270741 0.579389 -0.176319 1
-0.098987 0.172402 -0.205156 0
-0.229276 0.476731 0.165705 3
-0.106864 0.459582 0.440221 3
-0.104864 0.350323 -0.229178 4
0.283770 0.532130 -0.253857 1
-0.187084 0.459177 -0.096346 6
-0.239805 0.495274 -0.011050 6
-0.201349 0.474942 0.144984 3
-0.733718 0.381461 -0.245088 2
-0.083306 -0.329717 -0.230503 0
-0.183320 0.513978 -0.423102 4
-0.512678 0.465628 -0.412137 2
-0.125331 0.345585 -0.066133 0
-0.249504 0.467075 0.155997 3
0.648415 0.421931 -0.148614 1
0.709780 0.411436 -0.133569 1
0.863926 0.376241 -0.084047 1
0.643617 0.330226 -0.071696 1
-0.089874 -0.042540 -0.195844 0
-0.854338 0.250953 -0.313853 2
-0.118687 0.365371 -0.089861 0
-0.937671 0.113527 -0.446200 2
0.569566 0.417515 -0.290570 1
-0.123781 0.470945 0.399937 3
-0.651490 0.412741 -0.375882 2
-0.940985 0.148436 -0.392197 2
-0.108289 -0.068001 -0.230826 0
-0.221645 0.477520 0.411205 3
-0.251648 0.494734 -0.078000 6
-0.073014 0.476977 -0.073492 5
-0.138593 0.377058 -0.225392 4
0.729949 0.417523 -0.190382 1
0.557654 0.402936 -0.096271 1
-0.113432 0.113268 -0.204611 0
-0.078708 -0.291680 -0.174710 0
0.020272 0.324627 -0.206901 0
-0.847716 0.252736 -0.266758 2
0.759576 0.389584 -0.098963 1
-0.130456 0.338675 -0.238888 4
0.796026 0.394976 -0.097072 1
0.688672 0.420773 -0.160812 1
0.000957 0.339844 -0.208104 0
0.604307 0.391176 -0.107129 1
-0.005288 0.428190 0.293070 3
0.298774 0.507090 -0.250538 1
-0.274297 0.399121 -0.258494 0
0.331716 0.560124 -0.156113 1
0.204386 0.532495 -0.171644 1
0.558819 0.442210 -0.275922 1
-0.063907 0.428653 0.073075 3
-0.823929 0.271667 -0.492301 2
0.464509 0.492349 -0.154065 1
-0.191339 0.474677 0.459478 3
-0.211068 0.481577 0.192339 3
-0.736375 0.366909 -0.324689 2
0.244199 0.494548 -0.354366 1
0.258282 0.514533 -0.237485 1
-0.622429 0.427771 -0.379592 2
-0.438074 0.460767 -0.367059 2
0.117517 0.458609 -0.254469 1
-0.754563 0.355069 -0.230046 2
-0.776085 0.333215 -0.275832 2
-0.287370 0.510007 -0.030444 6
0.348928 0.482268 -0.359300 1
-0.504506 0.463497 -0.359221 2
-0.118994 0.430570 0.567978 3
0.221150 0.564127 -0.166223 1
-0.911671 0.181919 -0.388222 2
-0.021881 0.311202 -0.202959 0
-0.880265 0.220105 -0.381178 2
-0.220411 0.447062 -0.111350 6
-0.168243 0.479829 0.235232 3
-0.173649 0.483455 -0.470484 4
0.585524 0.415698 -0.116472 1
-0.729525 0.379506 -0.290827 2
-0.160035 0.511172 -0.405383 4
0.287947 0.490255 -0.330126 1
0.509794 0.463705 -0.147944 1
-0.895744 0.202236 -0.354374 2
-0.052775 0.443535 0.235944 3
-0.111877 0.423860 -0.033285 5
-0.229120 0.468174 0.447286 3
-0.213177 0.474737 -0.069024 6
0.457318 0.489780 -0.196749 1
-0.067005 0.461549 0.304075 3
0.383063 0.526606 -0.171900 1
-0.275018 0.482082 -0.107345 6
-0.071593 -0.016643 -0.219277 0
-0.870910 0.237904 -0.402170 2
-0.108138 0.148329 -0.185942 0
-0.968339 0.084961 -0.372114 2
-0.541957 0.457848 -0.355553 2
-0.233850 0.484757 0.207753 3
-0.277264 0.440390 0.195067 3
-0.108784 0.070198 -0.207058 0
0.627371 0.364123 -0.091029 1
0.323956 0.524592 -0.256235 1
0.467064 0.485708 -0.134684 1
0.521918 0.424843 -0.067335 1
0.022726 0.349886 -0.179272 0
0.544613 0.397817 -0.063646 1
-0.181633 0.466077 0.117187 3
-0.225547 0.297913 -0.232541 0
0.006458 0.349720 -0.232670 0
-0.105773 0.452154 0.183451 3
-0.879848 0.221513 -0.419760 2
-0.089829 0.445786 0.479247 3
-0.128715 -0.031474 -0.226772 0
-0.096845 0.458844 -0.047025 5
-0.126058 0.505085 -0.382857 4
-0.097900 -0.116803 -0.191646 0
0.342624 0.498354 -0.272944 1
-0.089177 -0.135759 -0.196198 0
-0.098646 0.479355 -0.340115 4
-0.933311 0.148790 -0.346860 2
0.038091 0.424485 -0.205805 0
-0.223465 0.467097 -0.103334 6
-0.197228 0.461922 0.504619 3
-0.166115 0.425073 0.599730 3
-0.169536 0.478297 0.423324 3
0.336746 0.487668 -0.319178 1
0.600499 0.439760 -0.200954 1
-0.082824 0.348347 -0.198085 4
0.025331 0.527441 -0.019209 5
-0.163724 0.489949 0.353770 3
-0.613388 0.449787 -0.307305 2
-0.772796 0.335136 -0.312390 2
-0.163901 0.429558 0.034293 3
-0.095855 0.468398 0.307164 3
-0.043817 0.447203 0.359914 3
-0.052964 0.468600 -0.020124 5
-0.768803 0.327887 -0.412618 2
0.824676 0.314375 -0.041623 1
-0.774934 0.318664 -0.221296 2
-0.969498 0.105383 -0.332478 2
-0.180734 0.447842 0.538386 3
-0.861726 0.234063 -0.272374 2
-0.138161 0.482193 0.301872 3
-0.016979 0.328188 -0.191289 0
0.588146 0.444979 -0.176678 1
0.659502 0.427113 -0.174357 1
-0.835600 0.270349 -0.289800 2
-0.101534 -0.148214 -0.235001 0
0.483594 0.481108 -0.199319 1
-0.181977 0.499722 -0.353816 4
0.771857 0.319444 -0.059676 1
0.799537 0.345474 -0.057922 1
-0.113372 0.280613 -0.171648 0
-0.729849 0.359344 -0.377310 2
-0.360551 0.403854 -0.295930 0
-0.078287 0.441217 0.105648 3
-0.300328 0.359182 -0.256300 0
-0.309762 0.391215 -0.237899 0
-0.164800 0.469099 0.471210 3
-0.876333 0.222487 -0.312281 2
-0.109038 0.438310 -0.050702 5
0.755691 0.330403 -0.048298 1
-0.118372 -0.132630 -0.224459 0
0.231647 0.534743 -0.230672 1
0.063354 0.525779 0.033452 5
-0.137491 0.324063 -0.205722 0
-0.079265 0.132777 -0.206389 0
-0.530088 0.460917 -0.451887 2
0.225719 0.492363 -0.340966 1
-0.191593 0.507347 -0.387208 4
-0.367498 0.439264 -0.327948 2
-0.866889 0.219544 -0.459580 2
-0.541651 0.492838 -0.250170 2
0.315081 0.534566 -0.202248 1
-0.045288 0.487256 0.006282 5
-0.712354 0.407635 -0.217912 2
-0.772302 0.302097 -0.474594 2
-0.565645 0.449282 -0.393039 2
-0.122416 0.325867 -0.095672 0
-0.015328 0.436737 0.262740 3
0.410470 0.523324 -0.121744 1
-0.072497 0.276635 -0.172979 0
-0.137376 0.209989 -0.186174 0
-0.268962 0.455217 0.388129 3
0.610647 0.429771 -0.229630 1
-0.143797 0.282500 -0.211729 0
-0.071478 -0.284456 -0.226208 0
-0.822963 0.283941 -0.404447 2
-0.077999 -0.345313 -0.188840 0
-0.080242 0.469709 0.247212 3
0.814981 0.410426 -0.160873 1
-0.143133 0.509833 -0.419171 4
-0.132182 0.376961 -0.064020 0
0.306643 0.581156 -0.152447 1
-0.787289 0.318304 -0.372173 2
-0.081590 0.383313 -0.220462 4
-0.110549 -0.243905 -0.224164 0
-0.123606 -0.092212 -0.236830 0
0.005517 0.302904 -0.187623 0
0.732868 0.418666 -0.220192 1
0.272773 0.497872 -0.293908 1
-0.302232 0.370983 -0.274083 0
-0.091564 -0.290389 -0.210953 0
-0.126112 0.129510 -0.186494 0
0.209094 0.489931 -0.327611 1
0.064867 0.531435 0.064015 5
-0.194493 0.483679 0.419310 3
-0.044242 0.239990 -0.185564 0
-0.094700 0.198020 -0.200375 0
-0.158006 0.507760 -0.384976 4
0.564969 0.429178 -0.124046 1
-0.099714 0.474471 0.247894 3
0.764914 0.411638 -0.129521 1
-0.279140 0.494500 0.008746 6
0.860176 0.326401 -0.046903 1
-0.025864 0.475466 0.062906 5
0.706724 0.420595 -0.173518 1
0.516601 0.470048 -0.184408 1
-0.253515 0.440697 0.470940 3
-0.833246 0.268953 -0.346712 2
-0.711802 0.336014 -0.479946 2
-0.072063 0.462101 0.277420 3
-0.144750 0.402543 -0.041229 0
-0.039414 0.499935 -0.032712 5
-0.431494 0.443786 -0.375073 2
-0.098788 0.335878 -0.213306 4
-0.567473 0.492151 -0.238080 2
-0.302512 0.434683 -0.274612 0
-0.104846 0.239198 -0.157904 0
-0.606620 0.432087 -0.417162 2
-0.045638 0.442845 0.193107 3
-0.052865 0.296053 -0.204264 0
-0.162069 0.467922 0.132596 3
-0.250261 0.323775 -0.244078 0
-0.345781 0.521621 -0.043850 6
0.085913 0.525365 0.074297 5
0.024979 0.487992 0.091026 5
0.050307 0.402066 -0.233471 0
-0.534024 0.494995 -0.220571 2
-0.247520 0.500011 -0.059584 6
-0.569290 0.449713 -0.418393 2
-0.057386 0.474781 0.039941 5
0.061161 0.426350 -0.225843 0
-0.073714 0.445554 -0.033943 5
-0.035064 0.442728 0.339869 3
0.471554 0.489429 -0.094791 1
0.048803 0.514841 -0.006810 5
0.581155 0.375584 -0.091285 1
-0.267091 0.456770 0.222670 3
0.333076 0.490440 -0.383978 1
-0.111804 -0.267106 -0.215544 0
-0.638557 0.389826 -0.484890 2
0.505478 0.468331 -0.224801 1
-0.649743 0.460381 -0.237892 2
0.456909 0.494339 -0.080510 1
-0.673168 0.383606 -0.427599 2
0.234329 0.511298 -0.240755 1
-0.194834 0.493923 0.365388 3
-0.144185 0.482367 -0.334409 4
-0.600020 0.488374 -0.212991 2
-0.382886 0.448020 -0.310482 2
0.272093 0.574046 -0.154723 1
-0.170033 0.430056 -0.292788 4
-0.003932 0.509372 0.045033 5
0.683252 0.356537 -0.093609 1
-0.137879 0.408700 0.002574 3
0.533190 0.449130 -0.138884 1
-0.751053 0.357375 -0.266976 2
-0.352126 0.423688 -0.246482 0
0.429436 0.482567 -0.255133 1
-0.231257 0.445328 0.088859 3
0.310217 0.503510 -0.274015 1
-0.291049 0.403403 -0.281051 0
0.307778 0.487691 -0.367847 1
-0.178243 0.406908 -0.263736 4
-0.215453 0.490059 0.342480 3
-0.673251 0.425664 -0.300573 2
0.499115 0.472948 -0.164028 1
-0.044388 -0.254218 -0.211100 0
-0.189610 0.262692 -0.191652 0
-0.134118 0.431173 0.064597 3
-0.610183 0.421077 -0.471899 2
0.219489 0.536130 -0.182774 1
-0.633045 0.409179 -0.453696 2
-0.008991 0.524128 -0.000091 5
-0.077480 0.025477 -0.224772 0
0.718040 0.381788 -0.101493 1
0.559658 0.436036 -0.256695 1
-0.957491 0.110120 -0.348416 2
-0.662888 0.448855 -0.251575 2
0.606344 0.419052 -0.133229 1
-0.133580 0.301435 -0.221922 0
-0.219538 0.440709 0.069272 3
-0.875826 0.182113 -0.265617 2
-0.462933 0.486923 -0.262720 2
-0.110669 0.038391 -0.229765 0
0.863590 0.361259 -0.068159 1
-0.347687 0.457207 -0.284490 0
-0.116386 0.475835 -0.322500 4
-0.090441 -0.357665 -0.209934 0
-0.345554 0.524261 -0.012713 6
-0.370370 0.416565 -0.261817 0
0.880227 0.344223 -0.063931 1
-0.092770 0.094652 -0.175605 0
-0.134021 0.462880 0.437324 3
0.413677 0.465752 -0.345527 1
-0.259461 0.456662 0.186404 3
-0.084473 -0.245819 -0.231304 0
-0.840139 0.263354 -0.307167 2
-0.065971 0.449137 0.430124 3
0.350516 0.554995 -0.116413 1
-0.007339 0.436790 0.232658 3
0.391919 0.472172 -0.358153 1
-0.050496 0.202181 -0.169862 0
-0.103666 0.438401 -0.071552 5
-0.027452 0.311102 -0.180637 0
-0.037571 0.429700 0.113009 3
-0.210602 0.477228 0.013907 6
-0.128309 0.447012 0.496607 3
-0.121684 0.402225 -0.055527 5
-0.405761 0.467325 -0.260082 2
-0.066503 0.480479 -0.025366 5
-0.120349 0.380298 -0.228246 4
-0.051936 0.047574 -0.218455 0
-0.117428 -0.106030 -0.223025 0
-0.154286 0.429353 0.056790 3
-0.645138 0.403097 -0.434796 2
-0.173780 0.230990 -0.201149 0
-0.093701 -0.018129 -0.199039 0
0.366011 0.480302 -0.370076 1
-0.147045 0.496314 -0.452558 4
-0.065867 0.456200 0.325195 3
-0.114412 0.453305 0.102934 3
-0.320265 0.485622 0.013329 6
-0.004938 0.497913 -0.056475 5
0.531595 0.430555 -0.314510 1
-0.413503 0.454808 -0.328849 2
0.690094 0.402386 -0.111550 1
-0.121338 0.353798 -0.217466 4
-0.053984 0.170929 -0.197890 0
-0.088961 -0.242961 -0.181618 0
-0.076398 -0.313118 -0.172600 0
-0.123713 0.389934 -0.258382 4
-0.078173 0.446986 0.039286 5
0.274916 0.517545 -0.268218 1
-0.104184 0.428279 0.007171 5
-0.357035 0.430102 -0.268837 0
-0.577437 0.450329 -0.458340 2
0.051962 0.386048 -0.216938 0
-0.911319 0.167043 -0.297060 2
-0.093014 0.010659 -0.186009 0
0.734735 0.324738 -0.074265 1
0.600087 0.418498 -0.303432 1
-0.974677 0.076416 -0.413620 2
0.163649 0.478694 -0.305117 1
0.710299 0.299348 -0.061460 1
-0.005430 0.331774 -0.177297 0
-0.121284 0.474097 0.337886 3
-0.820665 0.265734 -0.475078 2
0.703782 0.371322 -0.096196 1
-0.051943 0.444229 0.254375 3
-0.093310 0.409917 -0.260078 4
-0.092894 0.096727 -0.216393 0
-0.153368 0.477896 0.250260 3
0.174554 0.509941 -0.178956 1
-0.262304 0.432431 0.153201 3
-0.110374 0.312127 -0.230965 4
0.548666 0.427954 -0.281660 1
0.395216 0.543844 -0.102894 1
-0.955567 0.112114 -0.409289 2
-0.104433 0.009411 -0.238711 0
-0.117484 -0.171450 -0.216311 0
0.055179 0.508771 0.090376 5
-0.029239 0.497529 0.013177 5
-0.098910 0.054642 -0.224329 0
0.195249 0.473773 -0.324349 1
-0.346171 0.394439 -0.258940 0
0.182291 0.494102 -0.275374 1
-0.091790 0.466721 0.337717 3
-0.159830 0.486451 0.188121 3
-0.966779 0.079105 -0.306466 2
-0.177867 0.458974 -0.003503 6
-0.205330 0.475209 0.447464 3
-0.762402 0.324215 -0.429366 2
-0.686403 0.426963 -0.260517 2
0.588695 0.424493 -0.261549 1
0.436517 0.508774 -0.143238 1
-0.098987 0.451352 0.017998 5
-0.052003 0.461288 0.415052 3
-0.392823 0.501038 -0.064309 6
-0.377826 0.440106 -0.265433 0
-0.124020 0.453624 0.124292 3
-0.191992 0.491941 -0.447690 4
-0.153938 0.380170 -0.234733 4
-0.081718 -0.269538 -0.228241 0
0.485123 0.464125 -0.073495 1
-0.009654 0.370384 -0.196843 0
-0.078723 0.149671 -0.199645 0
-0.764569 0.343380 -0.241922 2
0.840191 0.393858 -0.100580 1
-0.218212 0.483171 0.269791 3
0.107679 0.442618 -0.239820 1
-0.397118 0.503532 -0.028408 6
-0.059471 0.119442 -0.197673 0
-0.701462 0.379629 -0.358739 2
-0.247960 0.461187 0.437013 3
-0.242403 0.389609 -0.245105 0
-0.137724 0.403977 -0.251523 4
-0.096297 0.434119 -0.017418 5
-0.085465 -0.095476 -0.237953 0
-0.211676 0.485497 0.379292 3
-0.061812 -0.328376 -0.246358 0
-0.120444 -0.204081 -0.208557 0
-0.334299 0.432359 -0.268432 0
-0.135291 0.489748 0.259752 3
-0.571505 0.449881 -0.354325 2
-0.078234 -0.356121 -0.227624 0
-0.074027 0.264968 -0.186682 0
-0.805830 0.294461 -0.419443 2
-0.195234 0.290322 -0.224279 0
-0.127255 0.475407 0.205685 3
-0.178311 0.449053 -0.036380 6
-0.872607 0.223406 -0.334757 2
-0.101290 0.277141 -0.194991 0
-0.347518 0.508039 0.006303 6
-0.851587 0.254092 -0.389566 2
-0.760059 0.335948 -0.357487 2
0.246446 0.551737 -0.191130 1
-0.125244 -0.062801 -0.233620 0
-0.061419 -0.240469 -0.222163 0
-0.283180 0.506014 -0.074507 6
0.768747 0.375387 -0.091417 1
-0.176806 0.440388 0.076108 3
-0.615683 0.423220 -0.433905 2
-0.220084 0.480670 0.289445 3
-0.112293 0.328533 -0.074134 0
0.675121 0.415379 -0.139889 1
-0.912783 0.193039 -0.428562 2
-0.157906 0.474808 0.404890 3
-0.986359 0.052766 -0.344276 2
-0.124174 0.419667 -0.067261 5
0.204577 0.492817 -0.290041 1
-0.056034 0.183352 -0.179976 0
-0.350482 0.395974 -0.283461 0
0.233453 0.503324 -0.273201 1
0.856470 0.404299 -0.112606 1
0.628236 0.433533 -0.191635 1
-0.008418 0.480498 -0.085473 5
0.317889 0.487629 -0.333118 1
-0.794902 0.312410 -0.393660 2
0.385940 0.520314 -0.188310 1
0.361684 0.489367 -0.290532 1
0.636234 0.425838 -0.216113 1
-0.189468 0.442349 0.552867 3
-0.165418 0.408532 -0.243331 4
0.704328 0.418701 -0.246625 1
0.505544 0.449493 -0.275995 1
-0.188665 0.462843 -0.319094 4
-0.057897 -0.118851 -0.223563 0
-0.195076 0.425545 0.569923 3
-0.790566 0.312874 -0.411086 2
0.622785 0.342104 -0.067877 1
0.335166 0.515191 -0.235588 1
-0.516046 0.462078 -0.384398 2
-0.055819 -0.031664 -0.228107 0
-0.131783 0.170135 -0.194885 0
-0.935182 0.151116 -0.429043 2
-0.191531 0.300862 -0.199375 0
-0.003929 0.452752 0.291390 3
0.766168 0.421626 -0.194870 1
0.741605 0.303456 -0.049950 1
-0.114422 0.143510 -0.205185 0
-0.671550 0.397864 -0.381998 2
-0.126611 0.066788 -0.205706 0
0.396088 0.528306 -0.154273 1
0.294459 0.520850 -0.262205 1
-0.461415 0.464285 -0.401777 2
-0.281540 0.447673 0.328720 3
-0.138900 0.237866 -0.206722 0
-0.135182 0.481879 0.239731 3
-0.318948 0.425459 -0.277050 0
0.446036 0.478928 -0.250449 1
0.509066 0.441959 -0.301003 1
0.619720 0.423339 -0.246592 1
-0.068473 0.037236 -0.212316 0
-0.879002 0.201236 -0.261490 2
0.598006 0.430539 -0.145992 1
-0.130912 0.420439 -0.271802 4
0.477818 0.483524 -0.161470 1
-0.107555 -0.010202 -0.220690 0
-0.095117 -0.167441 -0.209541 0
-0.146487 0.476439 0.338120 3
-0.913935 0.148718 -0.268315 2
-0.089539 0.449096 0.161728 3
-0.024767 0.330354 -0.206859 0
0.604966 0.373619 -0.090970 1
-0.158623 0.482105 0.287564 3
-0.013259 0.436348 0.186658 3
-0.023584 0.441244 0.227808 3
-0.107127 0.247485 -0.185930 0
-0.053657 0.153653 -0.201559 0
-0.129472 0.454369 0.148586 3
-0.163352 0.482990 0.387524 3
0.269795 0.522393 -0.222268 1
-0.703622 0.361481 -0.427071 2
0.659025 0.367512 -0.103994 1
-0.057961 -0.276917 -0.218166 0
-0.476146 0.490520 -0.246341 2
-0.683231 0.410312 -0.322821 2
-0.240300 0.485521 0.004168 6
-0.658580 0.367404 -0.493283 2
-0.921898 0.149003 -0.451546 2
-0.071127 0.234265 -0.195868 0
-0.422661 0.472685 -0.268012 2
-0.504822 0.494281 -0.239208 2
0.723033 0.339969 -0.076242 1
-0.081645 0.451667 -0.016514 5
-0.148963 0.448144 0.105159 3
-0.099518 -0.047821 -0.235826 0
-0.105780 0.487995 -0.353391 4
-0.081700 0.295801 -0.174918 0
-0.798483 0.306443 -0.240693 2
-0.224383 0.450337 0.507903 3
-0.214115 0.288334 -0.208990 0
0.575168 0.443571 -0.220674 1
-0.052719 -0.321738 -0.214002 0
-0.696851 0.413161 -0.282054 2
-0.081782 0.325010 -0.198629 4
-0.093367 0.328614 -0.167761 0
-0.532817 0.458493 -0.382241 2
-0.142793 0.200728 -0.202277 0
-0.246327 0.465393 0.200535 3
-0.990629 0.040381 -0.365691 2
-0.062035 0.017773 -0.224187 0
-0.035357 0.492120 -0.076153 5
-0.191150 0.484436 0.252567 3
-0.151010 0.461422 0.460610 3
-0.349121 0.494862 -0.097462 6
0.131262 0.470912 -0.216037 1
-0.151046 0.477364 0.222842 3
-0.604896 0.437574 -0.339476 2
-0.664500 0.448438 -0.229262 2
-0.835048 0.263885 -0.440182 2
0.363574 0.479726 -0.332886 1
-0.076640 0.456878 0.385575 3
-0.219745 0.320313 -0.214049 0
-0.120163 0.408236 -0.027188 5
-0.054540 0.076535 -0.200818 0
0.845601 0.415872 -0.133920 1
0.750285 0.371394 -0.093399 1
0.033331 0.528993 0.045277 5
0.740504 0.416610 -0.150308 1
-0.091916 -0.265175 -0.207131 0
0.150168 0.470775 -0.285196 1
-0.084938 -0.147700 -0.239305 0
0.435634 0.505822 -0.121035 1
-0.078916 -0.367293 -0.201664 0
-0.041721 -0.351034 -0.201315 0
-0.512843 0.465101 -0.445385 2
-0.064437 0.214452 -0.193347 0
-0.917450 0.174623 -0.320170 2
-0.610071 0.475459 -0.222754 2
-0.732139 0.323448 -0.470976 2
-0.106183 -0.052003 -0.213682 0
0.553325 0.444244 -0.239356 1
-0.127519 0.013888 -0.229900 0
-0.144817 0.359993 -0.226333 4
-0.492923 0.482086 -0.280869 2
-0.304338 0.495552 -0.096038 6
-0.339861 0.430434 -0.289502 0
0.739176 0.386628 -0.102999 1
-0.128382 0.253850 -0.194421 0
0.637892 0.414634 -0.275513 1
-0.130082 0.460206 -0.306930 4
-0.731982 0.381506 -0.228109 2
0.066926 0.423702 -0.208767 0
-0.398634 0.484753 -0.035500 6
0.546186 0.414652 -0.323431 1
-0.549554 0.460021 -0.442598 2
-0.155647 0.436796 -0.030423 6
-0.245870 0.468576 0.234713 3
0.410507 0.491591 -0.243540 1
0.039573 0.348256 -0.201242 0
-0.100583 0.436752 0.073541 3
-0.920827 0.153042 -0.283689 2
-0.894375 0.169140 -0.463408 2
-0.482565 0.458210 -0.434596 2
0.544453 0.458053 -0.170632 1
0.448306 0.485323 -0.227900 1
-0.083102 0.452955 0.218965 3
-0.737238 0.368267 -0.307788 2
-0.042550 0.432553 0.132990 3
0.198472 0.515440 -0.210567 1
-0.758027 0.318999 -0.455303 2
-0.161129 0.429265 -0.109392 6
-0.699534 0.381622 -0.378458 2
-0.209758 0.343257 -0.235062 0
0.474421 0.445061 -0.332132 1
0.792489 0.319327 -0.053881 1
-0.759453 0.286464 -0.479784 2
0.382497 0.474621 -0.339506 1
-0.169153 0.439791 -0.098888 6
-0.021684 0.506703 -0.027235 5
-0.139652 0.422206 0.037771 3
0.647578 0.388930 -0.114946 1
-0.488008 0.465762 -0.320549 2
0.496438 0.473271 -0.206986 1
-0.151457 0.469285 0.184659 3
-0.157071 0.481162 0.366547 3
-0.101011 -0.182076 -0.232610 0
-0.071844 0.447131 0.189589 3
-0.055568 -0.220347 -0.219654 0
-0.254512 0.340242 -0.211749 0
-0.951437 0.108331 -0.304037 2
-0.040370 0.306785 -0.200799 0
-0.164460 0.482114 0.150948 3
-0.050200 0.443081 0.426326 3
-0.264670 0.460856 -0.132750 6
-0.633640 0.447539 -0.299219 2
0.408974 0.532981 -0.106124 1
-0.084007 -0.105638 -0.191412 0
0.072216 0.535082 0.045513 5
-0.630025 0.415154 -0.413517 2
-0.199542 0.473889 -0.326092 4
-0.250321 0.472916 0.314657 3
-0.088161 0.302552 -0.143704 0
0.417060 0.514227 -0.161365 1
-0.118104 0.333010 -0.213788 4
-0.733838 0.302378 -0.479395 2
0.259183 0.538770 -0.199885 1
-0.127024 0.197837 -0.196574 0
0.004439 0.376743 -0.217038 0
-0.938923 0.131206 -0.283200 2
-0.090942 0.438648 0.512689 3
-0.948193 0.139655 -0.334233 2
-0.138369 0.440697 0.529679 3
-0.383577 0.445440 -0.280184 2
-0.083465 -0.303252 -0.232065 0
-0.260448 0.464438 0.345984 3
-0.173871 0.474931 0.447623 3
0.287197 0.555477 -0.186064 1
-0.095700 -0.342018 -0.197791 0
0.691599 0.420003 -0.223924 1
0.029005 0.507005 0.085378 5
0.017583 0.390206 -0.222181 0
-0.439769 0.484011 -0.245815 2
0.640852 0.412446 -0.130810 1
-0.274187 0.459226 0.281885 3
-0.454235 0.461948 -0.420029 2
0.263168 0.503680 -0.276919 1
-0.587424 0.443577 -0.389227 2
-0.470805 0.464176 -0.352722 2
-0.055627 0.459355 0.045935 5
-0.095652 0.378784 -0.244108 4
0.013464 0.365975 -0.193725 0
0.670610 0.414876 -0.267760 1
-0.893111 0.195267 -0.296212 2
-0.039541 0.474329 -0.082245 5
-0.147693 0.452168 0.121260 3
-0.713451 0.391285 -0.306230 2
-0.134659 0.440211 -0.280373 4
0.571526 0.407812 -0.105380 1
0.290651 0.571312 -0.161192 1
-0.131048 0.147135 -0.202343 0
-0.097857 0.339173 -0.125638 0
-0.148881 0.511807 -0.438433 4
-0.516393 0.487756 -0.265767 2
-0.099129 0.308560 -0.163979 0
-0.198309 0.505707 -0.410265 4
-0.115047 0.366994 -0.238544 4
0.648226 0.428390 -0.186415 1
0.475981 0.466301 -0.255395 1
-0.080851 0.455196 -0.049170 5
-0.563809 0.459764 -0.317746 2
-0.478504 0.464731 -0.387821 2
-0.080507 -0.212274 -0.236908 0
-0.149141 0.427223 -0.083086 6
0.275894 0.484066 -0.375262 1
0.598398 0.350910 -0.054125 1
0.833607 0.403570 -0.113062 1
0.437686 0.515272 -0.098199 1
0.174421 0.496560 -0.234264 1
-0.234883 0.350182 -0.227581 0
-0.126549 0.476931 0.312436 3
-0.078898 0.463054 0.292608 3
-0.102687 0.465540 0.367189 3
0.104560 0.467159 -0.227057 1
0.642674 0.358077 -0.092774 1
-0.896374 0.176402 -0.256755 2
-0.853268 0.247104 -0.356719 2
-0.850714 0.225045 -0.470602 2
-0.196477 0.495191 0.309401 3
-0.062449 -0.313417 -0.186527 0
-0.067039 0.374188 -0.235575 4
-0.310263 0.514369 -0.037175 6
-0.159839 0.305314 -0.217598 0
0.795064 0.416429 -0.178509 1
-0.065574 0.443340 0.218754 3
-0.966613 0.093433 -0.387400 2
-0.132014 0.323394 -0.221669 0
-0.076413 -0.324500 -0.184423 0
-0.035196 0.214699 -0.177397 0
0.491302 0.445806 -0.304622 1
-0.066885 -0.095498 -0.224234 0
-0.677400 0.389049 -0.401333 2
-0.104815 0.083588 -0.198484 0
-0.151494 0.444549 -0.054182 6
-0.922378 0.166967 -0.409223 2
-0.588454 0.428830 -0.478171 2
-0.131271 0.193716 -0.176104 0
-0.103048 0.303674 -0.203638 0
-0.262591 0.474162 -0.115486 6
0.724032 0.418146 -0.206427 1
-0.087838 0.210252 -0.150705 0
-0.251834 0.323263 -0.225696 0
-0.198186 0.494612 0.343091 3
-0.224159 0.486518 -0.043353 6
-0.253973 0.362912 -0.260954 0
-0.705553 0.364532 -0.409946 2
-0.286882 0.460256 0.242471 3
-0.329979 0.405321 -0.284824 0
-0.113579 0.424769 -0.270305 4
0.774331 0.415977 -0.144221 1
0.536703 0.438411 -0.274350 1
-0.065751 0.481531 -0.047069 5
-0.495470 0.466854 -0.407418 2
0.255528 0.538125 -0.247375 1
-0.209497 0.467188 0.477418 3
-0.087449 0.469475 -0.074673 5
0.800785 0.419115 -0.141890 1
-0.138725 0.444189 0.092741 3
-0.787521 0.296383 -0.473623 2
-0.731728 0.338865 -0.436445 2
0.494806 0.438884 -0.060654 1
-0.224031 0.355542 -0.252910 0
0.054118 0.492236 0.084542 5
-0.093009 0.451438 0.142139 3
0.848805 0.338944 -0.047077 1
-0.167271 0.441530 0.044762 3
-0.835302 0.268645 -0.370498 2
0.694987 0.414654 -0.142092 1
-0.817404 0.288529 -0.272341 2
-0.247351 0.474351 0.383204 3
-0.100447 -0.198544 -0.232234 0
0.089606 0.440598 -0.231575 1
-0.508270 0.475997 -0.299813 2
0.271942 0.491407 -0.327866 1
0.073984 0.425658 -0.253186 0
-0.944088 0.133686 -0.386255 2
-0.151884 0.448008 0.509409 3
-0.247753 0.452954 0.146041 3
-0.075519 0.440040 0.084319 3
0.355420 0.498339 -0.261170 1
-0.068550 -0.337254 -0.214425 0
-0.365060 0.449799 -0.282162 0
-0.110991 0.274743 -0.124859 0
-0.086614 0.035193 -0.192029 0
-0.276634 0.385440 -0.250185 0
-0.148302 0.226355 -0.192292 0
-0.192268 0.471871 -0.014621 6
0.382145 0.515250 -0.203189 1
-0.175606 0.495433 0.329287 3
0.041935 0.400783 -0.210833 0
0.676389 0.400957 -0.120291 1
-0.179893 0.458204 -0.049593 6
-0.087915 0.013868 -0.228904 0
-0.578329 0.448456 -0.331949 2
-0.159337 0.455261 0.082451 3
0.336935 0.482348 -0.370563 1
0.533630 0.453169 -0.237872 1
-0.376424 0.501107 -0.075364 6
-0.787448 0.316738 -0.350236 2
-0.729819 0.359611 -0.359755 2
-0.931031 0.155261 -0.379991 2
-0.187458 0.446027 0.088105 3
0.476313 0.457832 -0.287128 1
0.453159 0.499175 -0.131439 1
-0.400294 0.491910 -0.003341 6
0.427775 0.520611 -0.151177 1
-0.368260 0.517770 -0.017123 6
0.053458 0.408124 -0.196418 0
-0.162782 0.239860 -0.175494 0
-0.863265 0.238688 -0.366081 2
-0.161045 0.490111 0.225195 3
-0.129018 0.042142 -0.207060 0
-0.703266 0.401898 -0.299771 2
-0.028871 0.440699 0.319986 3
0.330632 0.538685 -0.193720 1
-0.271880 0.340671 -0.242060 0
0.503623 0.464099 -0.123378 1
-0.786851 0.323260 -0.319232 2
-0.065980 -0.206511 -0.189584 0
-0.557093 0.458447 -0.360853 2
0.078608 0.434591 -0.205307 1
-0.378643 0.506421 0.002781 6
-0.245741 0.338566 -0.248337 0
-0.286362 0.451745 0.311686 3
0.009940 0.401806 -0.205988 0
-0.590348 0.478457 -0.255753 2
-0.562479 0.456012 -0.452602 2
0.247419 0.532772 -0.228569 1
-0.113993 0.410614 0.005467 3
0.687514 0.318588 -0.078728 1
-0.776287 0.326434 -0.380502 2
-0.199720 0.314222 -0.224359 0
-0.536034 0.469573 -0.411826 2
0.827572 0.407677 -0.130170 1
-0.207851 0.463686 -0.102508 6
0.090870 0.529023 0.034237 5
-0.224032 0.322164 -0.238849 0
-0.040314 0.438419 0.171329 3
-0.107753 0.402285 -0.255902 4
-0.942055 0.135637 -0.424747 2
-0.173006 0.489741 -0.332803 4
-0.967991 0.095103 -0.313923 2
0.366652 0.549732 -0.139868 1
-0.083589 0.455115 0.008784 5
-0.118647 0.458968 0.175277 3
0.286382 0.505165 -0.261243 1
-0.330429 0.522691 -0.018817 6
-0.802154 0.307853 -0.266241 2
-0.599431 0.435320 -0.450130 2
0.808720 0.318316 -0.050193 1
-0.322480 0.509628 -0.070148 6
0.139873 0.485224 -0.195378 1
0.554902 0.453642 -0.199871 1
-0.324376 0.500718 0.010262 6
-0.780699 0.309607 -0.440527 2
-0.616444 0.463009 -0.278562 2
-0.058802 0.263135 -0.197691 0
-0.646153 0.404198 -0.418204 2
-0.136215 0.470353 0.412514 3
-0.168969 0.449811 0.527063 3
0.296451 0.532669 -0.203650 1
-0.062843 0.440347 0.136539 3
0.334357 0.503428 -0.254931 1
-0.678265 0.370816 -0.453070 2
-0.092662 -0.249227 -0.210536 0
-0.148585 0.267543 -0.197818 0
-0.928247 0.156719 -0.318554 2
-0.750091 0.333314 -0.424674 2
-0.046905 0.445224 0.279615 3
-0.566972 0.493134 -0.222225 2
-0.268679 0.457987 0.328228 3
-0.183110 0.465466 0.498265 3
-0.343375 0.504327 -0.083602 6
-0.264776 0.467056 0.298336 3
-0.639307 0.418644 -0.384172 2
-0.511905 0.459539 -0.340087 2
-0.201769 0.468168 -0.060154 6
-0.093303 0.465057 0.215405 3
-0.207389 0.483225 0.407198 3
-0.106943 0.465049 0.390860 3
-0.068373 -0.056453 -0.212917 0
-0.073580 0.446673 0.496705 3
0.088106 0.424707 -0.231094 1
-0.071052 -0.299648 -0.221678 0
-0.099564 0.432403 0.055276 3
-0.158122 0.424556 -0.265626 4
-0.117211 0.242571 -0.171074 0
0.424278 0.504637 -0.195513 1
0.571912 0.388359 -0.092818 1
-0.922033 0.171084 -0.349098 2
-0.041256 0.493956 -0.053898 5
-0.954688 0.111613 -0.392218 2
-0.557167 0.489862 -0.251004 2
-0.060547 0.477713 0.003845 5
-0.883426 0.209418 -0.435425 2
-0.431500 0.471366 -0.284330 2
-0.210080 0.483722 0.244534 3
-0.188826 0.448532 0.069848 3
-0.087513 0.057264 -0.180812 0
0.401899 0.483702 -0.280364 1
-0.173397 0.438055 -0.051791 6
-0.236191 0.491591 -0.077120 6
0.719245 0.305403 -0.072979 1
-0.086194 -0.266338 -0.189349 0
-0.088108 0.453903 -0.034838 5
-0.571539 0.465415 -0.299990 2
0.378292 0.488751 -0.282639 1
0.557481 0.450232 -0.161253 1
0.443198 0.460263 -0.322153 1
-0.076459 -0.216753 -0.177486 0
-0.203938 0.486097 0.223793 3
0.314519 0.561452 -0.132183 1
