0.034214 -0.581251 -0.135540 0
-0.001381 0.858426 -0.097947 2
0.145318 0.150733 -0.335510 1
-0.061083 0.401299 0.009236 1
0.015582 0.547150 -0.391309 1
0.052507 -0.168654 -0.097509 0
-0.241673 0.633486 -0.159855 1
0.078884 -0.890904 -0.167879 0
0.078093 0.128285 -0.039828 1
-0.141462 0.776629 -0.379374 1
0.082352 0.587959 -0.129940 2
-0.055225 0.312144 -0.247369 1
0.110177 -0.372142 -0.196012 0
-0.001782 0.014474 -0.219329 1
0.091732 0.359407 -0.374064 1
-0.128589 0.499795 -0.255362 1
0.093272 0.400873 -0.162574 2
-0.291968 0.813017 -0.188089 1
0.152368 -0.091003 -0.241228 1
-0.184450 0.541079 -0.009147 1
-0.077492 0.234682 -0.081114 1
0.086813 0.224888 -0.185000 2
-0.152969 0.385067 -0.132260 1
0.100647 -0.733306 -0.115703 0
0.117066 -0.018243 -0.093755 1
-0.014367 0.717271 -0.163713 2
-0.097632 0.637473 -0.327596 1
0.084265 -0.225753 -0.237708 0
-0.047135 0.160073 -0.206329 1
-0.213848 0.722174 -0.265120 1
0.020251 0.286233 0.004745 1
-0.002165 -0.296512 -0.156784 0
-0.016876 0.426908 -0.312583 1
-0.194522 0.509791 -0.140098 1
0.042427 0.249414 -0.309034 1
0.106406 0.029224 -0.292106 1
0.019298 -0.450943 -0.135682 0
0.025899 0.500450 -0.212253 2
0.018878 -0.116421 -0.214116 1
-0.001241 0.033755 -0.090326 1
0.083732 0.097075 -0.166480 2
0.083292 -0.513310 -0.224585 0
0.104044 0.705325 -0.140577 2
0.031749 0.127150 -0.286149 1
0.060199 -0.668395 -0.208583 0
0.112863 -0.268445 -0.134293 0
-0.246100 0.738726 -0.113013 1
-0.182489 0.606453 -0.257470 1
0.020586 0.309728 -0.153159 2
-0.229079 0.645391 -0.049344 1
0.037882 -0.822920 -0.090107 0
-0.030737 0.135218 -0.065098 1
0.055587 -0.788592 -0.194586 0
0.012221 -0.067388 -0.114848 1
-0.135774 0.456010 -0.046495 1
0.127295 -0.462276 -0.145994 0
-0.110250 0.402164 -0.228686 1
-0.057250 0.535734 -0.320344 1
0.027916 0.370988 -0.235172 1
0.008756 0.619035 -0.193355 2
-0.096614 0.330240 -0.060121 1
0.054214 0.454636 -0.376558 1
-0.106138 0.301155 -0.157184 1
0.120953 -0.109830 -0.136347 1
0.040606 0.769804 -0.100938 2
0.078222 -0.037517 -0.201648 2
-0.063424 0.712612 -0.376981 2
0.038089 0.477420 -0.120109 2
0.002387 -0.203834 -0.178567 0
0.109243 -0.637289 -0.120356 0
0.120985 0.254492 -0.358197 1
0.053247 -0.365742 -0.122795 0
-0.022901 0.631825 -0.386700 1
0.032421 0.663290 -0.104291 2
-0.035477 0.085673 -0.156355 1
0.024386 0.197494 -0.024461 1
0.028535 0.336888 -0.317269 1
0.015878 -0.712612 -0.147076 0
0.095125 0.553348 -0.218687 2
0.110796 -0.544457 -0.115748 0
0.137571 -0.170586 -0.194698 1
0.007202 0.402173 -0.158537 2
0.050007 0.167285 -0.133772 2
-0.028421 0.230775 -0.248544 1
0.104906 -0.598201 -0.195929 0
-0.151695 0.717541 -0.321660 1
0.007447 0.553324 -0.136063 2
-0.209916 0.575031 -0.092737 1
-0.160352 0.456759 -0.193205 1
0.058542 -0.302742 -0.211293 0
0.083324 0.304810 -0.205272 2
-0.251233 0.720097 -0.192312 1
0.069555 0.048419 -0.052239 1
0.104513 -0.821387 -0.135534 0
0.074296 -0.079368 -0.270402 1
0.062794 0.024258 -0.139555 2
0.040775 0.166086 -0.214611 2
0.050333 -0.426619 -0.205241 0
-0.215042 0.566681 -0.194077 1
-0.076035 0.234726 -0.185950 1
0.032550 -0.241437 -0.114768 0
0.070041 0.435456 -0.229379 2
-0.061727 0.176362 -0.132290 1
0.071415 -0.097898 -0.076925 1
0.091210 0.490802 -0.172652 2
0.090325 -0.150577 -0.251059 1
-0.012066 0.097680 -0.232544 1
0.103930 0.640314 -0.179478 2
-0.046038 0.277973 -0.028823 1
-0.118065 0.573377 -0.295004 1
-0.259225 0.780167 -0.253172 1
-0.017329 -0.054613 -0.181510 1
0.159378 0.077738 -0.307457 1
0.083259 0.183203 -0.314671 1
0.159318 -0.018503 -0.276449 1
0.086148 -0.878175 -0.093883 0
-0.071444 0.469924 -0.291661 1
0.118943 -0.186124 -0.126449 0
0.034475 0.241128 -0.134866 2
-0.002521 0.492068 -0.339784 1
0.102989 -0.729875 -0.187501 0
0.050463 -0.673117 -0.098081 0
0.038279 0.041698 -0.273405 1
-0.221067 0.657594 -0.223412 1
0.026083 -0.513247 -0.168432 0
-0.055141 0.383777 -0.271920 1
0.014796 -0.884971 -0.114466 0
0.005975 -0.134396 -0.137185 1
-0.191404 0.780220 -0.330747 1
-0.027847 0.341834 -0.004354 1
0.022041 -0.364555 -0.184715 0
0.022865 0.270224 -0.223634 1
0.063043 0.041049 -0.209217 2
-0.127738 0.392240 -0.069098 1
-0.178562 0.510271 -0.069377 1
0.039800 -0.016035 -0.069446 1
0.098432 0.112032 -0.305556 1
0.043595 0.397655 -0.342925 1
-0.168119 0.446864 -0.111650 1
-0.021991 0.782224 -0.119502 2
0.012778 0.192916 -0.284375 1
-0.020888 0.012496 -0.155936 1
-0.183054 0.666675 -0.285038 1
0.081441 -0.135205 -0.187570 1
0.078168 0.336573 -0.136688 2
0.117456 -0.276837 -0.201424 0
-0.244378 0.674324 -0.105372 1
0.048169 -0.567140 -0.196942 0
0.028942 -0.838668 -0.156981 0
-0.110063 0.461220 0.012128 1
0.071915 -0.065050 -0.144236 2
0.011546 0.090158 -0.049565 1
-0.175542 0.519974 -0.211468 1
0.032095 -0.038061 -0.245277 1
0.046030 -0.758770 -0.096529 0
0.078705 -0.424182 -0.132806 0
0.037015 0.561292 -0.190942 2
-0.105144 0.343214 -0.208510 1
-0.003803 0.293442 -0.286798 1
0.083379 0.306894 -0.342413 1
0.054980 -0.304107 -0.125982 0
-0.034131 0.199613 -0.043749 1
0.069020 -0.486904 -0.132500 0
0.113409 0.088472 -0.070197 1
0.108832 -0.344723 -0.141431 0
-0.049972 0.596464 -0.344960 1
0.105763 -0.458619 -0.202647 0
0.016317 -0.638259 -0.144546 0
0.003232 0.613203 -0.131971 2
0.110859 -0.536546 -0.175386 0
0.080322 0.275630 -0.151554 2
0.047382 0.107092 -0.216865 2
-0.216153 0.591378 -0.028330 1
0.073930 -0.018883 -0.283544 1
0.035881 -0.177027 -0.218585 1
0.112219 -0.224154 -0.176178 0
0.069982 0.528099 -0.133063 2
-0.263533 0.790394 -0.142580 1
0.107403 -0.667953 -0.174936 0
-0.004495 0.466179 -0.157439 2
0.082860 0.362282 -0.204831 2
0.032960 -0.243408 -0.206856 0
0.079955 0.492387 -0.229827 2
-0.108895 0.736992 -0.353091 1
-0.146953 0.498691 -0.011489 1
0.083499 0.654690 -0.127824 2
0.078478 0.189582 -0.037032 1
0.016164 0.716522 -0.111254 2
-0.128994 0.337938 -0.114486 1
0.081086 -0.592177 -0.104170 0
0.086743 0.162174 -0.183663 2
0.048433 -0.730338 -0.197625 0
-0.010601 0.156114 -0.250177 1
0.029420 -0.767469 -0.150682 0
0.021905 0.142111 -0.035047 1
-0.100617 0.285594 -0.091841 1
0.049406 0.424654 -0.129400 2
0.128173 0.202138 -0.342012 1
-0.025600 0.081730 -0.099446 1
-0.009009 0.660798 -0.155085 2
-0.003177 0.243790 -0.019132 1
-0.153716 0.547311 -0.259560 1
0.115108 0.034294 -0.082018 1
0.051392 0.243936 -0.026491 1
0.040248 0.371755 -0.122086 2
-0.143920 0.406797 -0.183065 1
0.084008 -0.227077 -0.111530 0
-0.093144 0.380169 -0.030263 1
0.101607 -0.771541 -0.154531 0
0.025300 0.217925 -0.217567 2
0.129355 -0.417556 -0.177559 0
-0.229799 0.623945 -0.105738 1
-0.084237 0.282803 -0.205132 1
0.122824 -0.053143 -0.132383 1
-0.012948 0.363320 -0.299445 1
0.040323 0.087674 -0.139055 2
-0.086596 0.243004 -0.131690 1
0.057490 -0.616734 -0.213521 0
-0.142075 0.627818 -0.302474 1
0.038554 0.821554 -0.101647 2
0.000633 -0.017061 -0.113128 1
-0.102786 0.688462 -0.336509 1
-0.221401 0.588838 -0.144053 1
0.035876 0.320687 -0.228004 2
0.074582 0.746808 -0.131945 2
0.080837 -0.186050 -0.194809 0
0.102531 0.589059 -0.180176 2
0.019183 -0.185208 -0.134036 0
0.076729 -0.835309 -0.175997 0
-0.249498 0.788328 -0.201678 1
0.077585 0.211206 -0.136894 2
0.123554 -0.057793 -0.266741 1
-0.093369 0.515752 -0.290085 1
0.040747 0.504073 -0.381856 1
0.018750 -0.400557 -0.140046 0
-0.021223 0.555870 -0.352784 1
-0.117047 0.451856 -0.246258 1
-0.046425 0.130532 -0.119153 1
-0.199300 0.769170 -0.282651 1
0.062545 -0.536328 -0.125439 0
0.061209 0.081420 -0.293170 1
-0.127461 0.355770 -0.165878 1
-0.027738 0.046962 -0.192587 1
0.108420 -0.686087 -0.127752 0
0.079769 -0.087155 -0.198395 2
-0.141614 0.779071 -0.330348 1
-0.247982 0.682035 -0.157211 1
-0.081760 0.424450 -0.266756 1
0.086663 0.237474 -0.325992 1
0.075297 0.409102 -0.378283 1
-0.011516 -0.109490 -0.175355 1
0.051358 -0.474808 -0.197861 0
0.069594 -0.350247 -0.211305 0
0.064489 0.700460 -0.112862 2
-0.055530 0.665354 -0.369403 1
0.157361 0.030340 -0.297380 1
0.004267 -0.245404 -0.153775 0
0.141057 -0.143210 -0.234206 1
0.015275 -0.339940 -0.137227 0
0.084510 -0.048928 -0.076162 1
0.020547 0.449176 -0.342810 1
-0.216950 0.614891 -0.202819 1
0.035632 0.584400 -0.113499 2
0.110603 -0.322775 -0.194545 0
0.031489 -0.885240 -0.162159 0
-0.040913 0.138616 -0.165090 1
0.110132 -0.587757 -0.140588 0
0.080100 -0.803205 -0.100041 0
0.092488 -0.144478 -0.098327 0
-0.098278 0.424105 -0.015566 1
0.081065 0.005037 -0.064894 1
-0.010569 0.585421 -0.395451 1
0.010726 -0.070828 -0.215268 1
0.030202 -0.112808 -0.104124 1
0.095511 0.539841 -0.174585 2
-0.000952 -0.158045 -0.182189 1
0.003947 0.357027 -0.166698 2
-0.006254 0.511949 -0.153512 2
0.077950 -0.016043 -0.155650 2
0.057621 -0.118705 -0.245979 1
0.126110 -0.200944 -0.227099 0
0.087419 0.445796 -0.155520 2
-0.062993 0.189027 -0.088403 1
0.058142 -0.634202 -0.120724 0
-0.141345 0.671515 -0.315361 1
-0.183012 0.467115 -0.150250 1
0.019286 0.082113 -0.265825 1
0.064560 0.256118 -0.213546 2
0.106783 -0.109343 -0.257834 1
0.110152 -0.505488 -0.137857 0
-0.000284 0.244174 -0.280360 1
-0.077020 0.356494 -0.244573 1
0.023323 0.044358 -0.054999 1
-0.033809 0.470208 -0.314949 1
-0.038253 0.109152 -0.198812 1
0.035334 -0.059182 -0.078069 1
0.022394 -0.285464 -0.192720 0
0.076804 -0.110555 -0.136997 1
0.040315 -0.716583 -0.107169 0
-0.080316 0.573931 -0.317315 1
-0.057189 0.257112 -0.228067 1
0.102814 -0.387853 -0.145727 0
0.045111 0.292125 -0.317969 1
-0.240386 0.741617 -0.236380 1
-0.056563 0.202453 -0.211115 1
0.000412 -0.028533 -0.211292 1
0.082285 0.048637 -0.171088 2
-0.079719 0.290099 -0.054103 1
-0.061796 0.327085 -0.026956 1
0.110155 -0.076357 -0.098019 1
0.092058 -0.162932 -0.156050 0
-0.264810 0.753737 -0.165426 1
-0.185396 0.569649 -0.224895 1
-0.188411 0.729775 -0.303271 1
0.027974 -0.496058 -0.124977 0
-0.051466 0.238570 -0.045330 1
0.042970 0.166193 -0.299124 1
-0.195223 0.536312 -0.102862 1
0.117348 0.073786 -0.302022 1
0.045346 0.285350 -0.128856 2
-0.228406 0.698792 -0.232905 1
0.082166 0.080083 -0.205137 2
0.107882 -0.493298 -0.178632 0
-0.065524 0.195250 -0.170523 1
0.062681 0.352312 -0.344328 1
-0.020222 0.044315 -0.128301 1
0.077668 0.138106 -0.146081 2
0.056462 0.092420 -0.042304 1
-0.178704 0.486748 -0.104294 1
0.033166 0.003188 -0.257679 1
0.078589 0.005403 -0.191635 2
0.099554 -0.869926 -0.138161 0
0.138821 0.112083 -0.319469 1
-0.018743 0.741649 -0.128902 2
-0.196959 0.559238 -0.056333 1
-0.037955 0.340782 -0.272304 1
-0.002140 0.053956 -0.232511 1
0.045617 0.208261 -0.304580 1
0.108073 -0.303746 -0.157856 0
0.071401 -0.186423 -0.238772 1
-0.151479 0.411115 -0.099257 1
0.034871 -0.864350 -0.084896 0
0.073807 -0.266292 -0.222760 0
0.023120 -0.801925 -0.122249 0
-0.166715 0.427465 -0.147801 1
-0.210290 0.551137 -0.155718 1
0.024299 -0.441167 -0.177156 0
-0.185456 0.495917 -0.179173 1
0.083743 -0.550888 -0.207907 0
0.058977 0.623697 -0.118630 2
0.030194 -0.680454 -0.167073 0
0.063456 0.205851 -0.212309 2
0.085437 0.458981 -0.200466 2
0.071755 -0.392564 -0.207830 0
0.120654 -0.008082 -0.280741 1
0.008283 0.396589 -0.320669 1
0.075449 -0.268270 -0.120008 0
-0.000582 0.808062 -0.098209 2
0.089586 0.336567 -0.175378 2
0.083021 0.410588 -0.201522 2
-0.008272 -0.078716 -0.150754 1
0.087425 -0.633438 -0.192924 0
0.035405 -0.599507 -0.178471 0
0.015600 -0.842474 -0.120230 0
0.054476 -0.526092 -0.199744 0
0.060709 0.397737 -0.233746 2
0.047365 -0.206727 -0.104978 0
0.081524 0.123786 -0.208175 2
0.033327 0.515808 -0.124731 2
0.003159 0.525188 -0.361632 1
-0.016218 0.164545 -0.043991 1
0.156054 -0.050545 -0.246618 1
0.066779 0.135823 -0.304037 1
-0.218398 0.605660 -0.070386 1
0.108603 -0.625295 -0.157284 0
0.067893 0.024109 -0.291309 1
-0.149710 0.485627 -0.226117 1
-0.162249 0.475194 -0.071145 1
0.112386 -0.222803 -0.137398 0
0.117994 -0.236398 -0.214128 0
-0.134141 0.434999 -0.216021 1
-0.029652 0.189606 -0.235610 1
0.078877 -0.697080 -0.190808 0
-0.155483 0.586274 -0.276132 1
0.085775 -0.187511 -0.101692 0
-0.033843 0.272598 -0.254419 1
0.018854 -0.326342 -0.184548 0
0.076673 0.377714 -0.136932 2
0.050763 -0.209404 -0.204644 0
0.006970 0.661023 -0.189786 2
0.098380 -0.843657 -0.104241 0
-0.257120 0.706577 -0.089714 1
-0.110734 0.775555 -0.356974 1
0.042146 -0.074738 -0.246118 1
-0.061417 0.633569 -0.349378 1
0.110692 0.293135 -0.364846 1
0.074646 -0.702110 -0.100328 0
-0.011982 0.307850 -0.008997 1
0.013031 -0.552990 -0.148963 0
-0.064318 0.366994 -0.009823 1
0.078648 -0.760770 -0.184263 0
0.044280 0.323576 -0.126989 2
0.093975 0.623456 -0.145843 2
0.054984 -0.452343 -0.124221 0
0.055015 -0.868246 -0.185765 0
-0.119292 0.356765 -0.077082 1
0.101752 -0.414297 -0.203281 0
-0.013510 -0.032546 -0.151665 1
-0.100705 0.480629 -0.270998 1
0.054994 0.158232 -0.029798 1
-0.026163 0.134114 -0.223531 1
-0.236612 0.658671 -0.186494 1
0.049799 0.734320 -0.103912 2
0.024946 -0.404984 -0.183635 0
0.020280 0.447611 -0.137689 2
-0.257763 0.723165 -0.146374 1
0.116279 -0.149169 -0.125821 0
-0.198419 0.650482 -0.255993 1
-0.050327 0.153690 -0.089922 1
0.075534 0.273491 -0.329748 1
-0.009951 0.691966 -0.136002 2
-0.123733 0.533250 -0.274929 1
-0.223859 0.772919 -0.245296 1
-0.018681 -0.005321 -0.190668 1
-0.047303 0.425864 -0.292701 1
0.023898 -0.279717 -0.137874 0
0.074550 0.476153 -0.140299 2
-0.004000 0.600231 -0.165100 2
0.116096 0.171704 -0.324818 1
0.098380 -0.796199 -0.180805 0
-0.091370 0.270071 -0.168221 1
0.104833 -0.721347 -0.152523 0
0.110906 0.669970 -0.160232 2
0.025922 0.536494 -0.214518 2
0.084736 -0.763158 -0.103508 0
0.084715 -0.660493 -0.108593 0
-0.064704 0.503206 -0.307599 1
-0.100597 0.311629 -0.190832 1
-0.016992 0.099247 -0.068933 1
-0.149429 0.443068 -0.079474 1
0.032344 -0.677536 -0.131687 0
0.048392 0.019327 -0.058131 1
-0.104990 0.281973 -0.126943 1
-0.041390 0.373211 0.018287 1
-0.168322 0.753949 -0.319643 1
0.088017 0.269721 -0.190862 2
0.079831 0.176779 -0.150164 2
-0.122743 0.375904 -0.194517 1
0.090342 0.516992 -0.200953 2
0.035827 -0.802394 -0.168894 0
-0.173047 0.630824 -0.281056 1
0.110948 -0.258787 -0.170150 0
-0.102702 0.600778 -0.313633 1
-0.129352 0.421567 -0.049139 1
0.114718 -0.191922 -0.162421 0
-0.238447 0.673093 -0.068652 1
0.026885 0.479424 -0.359227 1
0.012177 0.158793 -0.276752 1
0.101105 -0.304665 -0.123626 0
0.077054 -0.339659 -0.127842 0
0.060626 0.059320 -0.140894 2
0.006242 0.764482 -0.109174 2
0.037988 -0.142391 -0.227324 1
-0.074432 0.207387 -0.123020 1
0.094239 -0.454770 -0.137587 0
0.104557 -0.112103 -0.100425 1
0.006279 0.124155 -0.262931 1
0.055822 -0.400052 -0.123011 0
-0.133645 0.370950 -0.104928 1
0.075433 -0.583590 -0.214468 0
-0.002126 0.326579 -0.295665 1
-0.089577 0.430205 0.017084 1
-0.175824 0.695267 -0.302591 1
-0.028461 0.393819 -0.298559 1
-0.200060 0.530339 -0.180839 1
0.047749 0.553363 -0.120940 2
-0.086019 0.737920 -0.379415 1
-0.178765 0.533538 -0.043545 1
-0.202721 0.624725 -0.231945 1
0.020401 -0.480751 -0.160998 0
0.007466 -0.005198 -0.082238 1
0.119730 -0.144111 -0.160660 0
-0.084596 0.322197 -0.224913 1
0.093734 0.157742 -0.044096 1
-0.238698 0.648642 -0.130121 1
0.104648 -0.789975 -0.123974 0
0.050586 0.122836 -0.133733 2
0.022050 0.590791 -0.205296 2
0.022386 0.273071 -0.149723 2
0.060047 0.342385 -0.220849 2
0.077033 -0.469921 -0.218343 0
0.105588 0.123661 -0.057765 1
0.071096 0.242844 -0.144212 2
0.022306 -0.743646 -0.128817 0
-0.263433 0.810019 -0.171626 1
0.040563 0.423623 -0.238566 2
-0.208493 0.686512 -0.256210 1
0.091369 0.565957 -0.152823 2
0.008002 -0.099915 -0.131490 1
0.102337 -0.035329 -0.278231 1
-0.027022 0.512234 -0.331269 1
0.009242 0.649018 -0.122654 2
0.046417 -0.695318 -0.194704 0
-0.110824 0.323010 -0.091775 1
0.029666 -0.149289 -0.120310 1
0.008147 -0.213944 -0.145919 0
0.012976 0.489681 -0.139349 2
0.057118 0.290417 -0.218300 2
-0.009131 0.204636 -0.263284 1
-0.117625 0.453455 -0.018598 1
0.053916 0.010938 -0.217508 2
-0.007833 0.060864 -0.073662 1
0.057238 0.208963 -0.021893 1
0.120121 -0.167886 -0.232535 1
-0.020371 0.590372 -0.364984 1
-0.137421 0.747282 -0.334876 1
-0.164099 0.500480 -0.042177 1
0.108098 -0.568717 -0.175986 0
0.024553 0.345060 -0.144945 2
0.101340 0.145377 -0.313501 1
0.061913 -0.049805 -0.267088 1
0.088782 0.301803 -0.173671 2
0.110003 -0.552463 -0.147496 0
0.072188 0.772373 -0.112793 2
0.101843 -0.425869 -0.154779 0
-0.278735 0.795361 -0.212358 1
-0.195800 0.570253 -0.015143 1
-0.006914 0.118833 -0.045908 1
-0.035592 0.111887 -0.091476 1
0.018088 -0.039263 -0.095944 1
0.089721 0.095391 -0.050091 1
0.155033 0.012462 -0.270460 2
-0.209858 0.566628 -0.123422 1
0.060142 -0.846204 -0.091439 0
-0.259168 0.758104 -0.203454 1
0.032632 -0.528323 -0.132317 0
0.103521 -0.492724 -0.210042 0
0.072401 0.306354 -0.144068 2
0.047516 -0.788771 -0.106366 0
0.098585 0.208222 -0.326697 1
0.072443 0.382607 -0.361460 1
0.086320 0.193074 -0.177551 2
0.014618 0.269493 -0.295500 1
-0.075920 0.218888 -0.152663 1
-0.084684 0.663674 -0.343102 1
-0.072675 0.258338 -0.061062 1
0.043793 0.120120 -0.030494 1
-0.122135 0.330340 -0.148440 1
-0.223863 0.602010 -0.172287 1
0.082448 -0.051961 -0.170548 2
0.037216 0.370184 -0.329587 1
0.028368 0.402388 -0.135250 2
0.011880 -0.372730 -0.156408 0
0.094740 0.331711 -0.360128 1
0.042498 0.430220 -0.354140 1
-0.005040 0.207048 -0.027572 1
0.047374 -0.836476 -0.186160 0
-0.004831 0.463380 -0.328082 1
-0.050054 0.568202 -0.332172 1
0.063438 -0.134481 -0.094386 1
0.033693 -0.741940 -0.167659 0
-0.262897 0.759683 -0.128349 1
0.064110 -0.576583 -0.124724 0
-0.152936 0.519561 -0.246083 1
0.040402 -0.086174 -0.092112 1
0.102070 -0.845648 -0.161873 0
0.016601 -0.607518 -0.146240 0
0.022265 0.225459 -0.294284 1
-0.036351 0.101918 -0.123843 1
0.080600 -0.441100 -0.203301 0
-0.053961 0.214116 -0.063598 1
0.012128 0.028356 -0.242757 1
0.132821 -0.200665 -0.191939 0
0.046328 -0.368534 -0.203691 0
0.117760 -0.653306 -0.144943 0
-0.240079 0.765807 -0.272142 1
0.143304 -0.120577 -0.213833 1
0.083859 -0.109851 -0.170729 2
0.014932 -0.145247 -0.205015 1
-0.001451 0.685762 -0.174091 2
0.097113 0.057790 -0.061232 1
0.010967 0.170830 -0.031784 1
-0.035475 0.076225 -0.189541 1
0.066083 -0.731035 -0.096561 0
-0.101356 0.358659 -0.050608 1
0.015936 -0.014674 -0.234768 1
-0.009332 0.273250 -0.015721 1
-0.003771 -0.085126 -0.192862 1
-0.099473 0.367261 -0.227364 1
-0.004006 0.630422 -0.166198 2
0.019249 0.009467 -0.058622 1
0.088563 0.366048 -0.169064 2
0.096489 -0.293948 -0.214717 0
-0.099658 0.549734 -0.298343 1
-0.089181 0.391861 -0.247601 1
0.062431 -0.154507 -0.240036 1
-0.041543 0.175762 -0.060515 1
0.111152 -0.463977 -0.172814 0
-0.168487 0.781009 -0.350199 1
0.073902 0.176199 -0.206872 2
0.004773 0.792294 -0.128149 2
0.021195 0.309902 -0.306778 1
-0.251283 0.700738 -0.127789 1
0.036472 0.266595 -0.014078 1
-0.000439 -0.171365 -0.151739 1
-0.027218 0.312970 -0.273337 1
-0.057916 0.164021 -0.178846 1
-0.229232 0.615552 -0.039791 1
0.116765 -0.080909 -0.141908 1
-0.233867 0.642438 -0.082804 1
0.044525 -0.425523 -0.133386 0
0.049058 0.106929 -0.302330 1
-0.027394 0.042565 -0.163213 1
-0.169024 0.542598 -0.234582 1
-0.089098 0.453398 -0.272405 1
-0.124145 0.647583 -0.318330 1
-0.140867 0.382167 -0.165375 1
0.002190 0.584145 -0.137352 2
0.112513 -0.349378 -0.177288 0
0.047781 0.064306 -0.040052 1
0.093136 0.055056 -0.297295 1
0.080919 -0.513860 -0.131349 0
0.119978 0.014330 -0.103136 1
0.132492 0.045659 -0.293520 1
-0.126317 0.703685 -0.327306 1
0.106429 -0.521765 -0.206128 0
-0.066138 0.285745 -0.228146 1
0.065442 0.148317 -0.210901 2
-0.242665 0.692141 -0.195470 1
0.012324 -0.179839 -0.196800 1
0.034356 -0.548237 -0.179156 0
0.058983 0.317817 -0.330295 1
0.112110 0.233042 -0.339903 1
-0.198427 0.700286 -0.280050 1
0.031720 -0.215495 -0.128349 0
0.046635 -0.270463 -0.212667 0
0.092464 0.245675 -0.164017 2
0.056995 0.051729 -0.293540 1
0.092170 -0.566925 -0.114352 0
-0.166338 0.489176 -0.202371 1
-0.172390 0.578826 -0.253565 1
0.082262 -0.622981 -0.108866 0
0.088772 -0.135984 -0.145579 1
-0.195859 0.596643 -0.227803 1
-0.090323 0.258011 -0.092831 1
0.019353 0.836679 -0.085942 2
0.085465 0.125486 -0.172001 2
0.102612 -0.692808 -0.156645 0
0.081531 0.011781 -0.163586 2
0.089149 -0.201794 -0.172064 0
-0.073016 0.607643 -0.331804 1
-0.079287 0.695721 -0.359934 1
0.118543 -0.049529 -0.104084 1
0.100637 0.579880 -0.209086 2
0.020961 0.373560 -0.145577 2
0.052186 0.195861 -0.135283 2
-0.011473 0.017919 -0.121275 1
0.072234 0.405837 -0.140273 2
-0.044326 0.110499 -0.169336 1
-0.232315 0.614561 -0.137827 1
0.051981 -0.758742 -0.197246 0
0.068970 -0.020756 -0.067544 1
0.111456 -0.750306 -0.136020 0
0.020766 -0.312563 -0.131002 0
0.086242 0.719610 -0.123368 2
-0.138474 0.361131 -0.137762 1
0.008621 0.677375 -0.119733 2
0.090447 0.428072 -0.177607 2
0.032634 -0.768864 -0.120575 0
0.023605 0.793073 -0.098338 2
-0.055534 0.686463 -0.388482 1
0.000282 -0.041768 -0.127205 1
-0.142718 0.481359 -0.033533 1
0.088807 0.083610 -0.299301 1
-0.181523 0.774836 -0.303956 1
-0.269564 0.779388 -0.183855 1
0.065358 0.099788 -0.144043 2
0.042821 -0.614102 -0.133317 0
0.085728 -0.369806 -0.132394 0
0.060582 0.501781 -0.129272 2
0.050197 0.798662 -0.090045 2
0.029730 0.695235 -0.098767 2
-0.111687 0.334135 -0.178091 1
-0.248490 0.767448 -0.228752 1
0.058069 -0.879972 -0.087176 0
0.023687 -0.862357 -0.138302 0
-0.164797 0.521172 -0.007174 1
0.102350 -0.258950 -0.219739 0
-0.217995 0.592057 -0.114948 1
-0.028391 0.254180 -0.025531 1
0.014436 -0.256269 -0.190267 0
0.123186 -0.025306 -0.120115 1
0.034780 0.613100 -0.109450 2
0.057266 -0.243239 -0.220682 0
0.003392 0.560027 -0.369775 1
0.093680 0.517404 -0.158135 2
0.095643 -0.022296 -0.075448 1
0.033726 -0.101028 -0.231957 1
0.083222 -0.083104 -0.163044 2
0.046881 -0.647092 -0.196684 0
0.015483 -0.425665 -0.155980 0
0.128243 -0.119048 -0.243321 1
-0.076880 0.394043 -0.012734 1
-0.217223 0.750336 -0.270734 1
0.093239 -0.816619 -0.160272 0
0.039463 0.042093 -0.136781 2
-0.188353 0.538610 -0.076246 1
0.104389 -0.606673 -0.110984 0
0.007687 -0.230558 -0.182746 0
0.078350 -0.111600 -0.262667 1
0.050211 -0.331055 -0.129038 0
0.057893 0.660104 -0.114185 2
0.094785 0.614630 -0.186727 2
0.127436 0.137349 -0.316810 1
0.131124 -0.031690 -0.270590 1
0.109346 -0.399628 -0.171992 0
0.065281 0.451028 -0.134707 2
0.048692 -0.333311 -0.206342 0
-0.007725 -0.138902 -0.160430 1
0.075842 -0.732746 -0.188956 0
-0.020306 0.078110 -0.212204 1
0.024285 0.743576 -0.100951 2
0.083017 0.519495 -0.228869 2
-0.078580 0.256124 -0.205103 1
0.036459 0.139278 -0.217036 2
0.108435 -0.561196 -0.202782 0
-0.129890 0.483948 0.003780 1
-0.205255 0.540453 -0.129272 1
0.018080 0.223590 -0.020030 1
0.098065 -0.181462 -0.240941 1
0.066917 -0.031134 -0.135906 1
0.100732 0.276522 -0.345795 1
-0.028863 0.076130 -0.127840 1
-0.108113 0.407395 -0.039993 1
0.059080 -0.608921 -0.108295 0
0.026877 -0.372102 -0.133849 0
-0.127779 0.409372 -0.209329 1
-0.040491 0.312352 -0.019103 1
-0.062782 0.231790 -0.209357 1
-0.208350 0.585123 -0.055917 1
0.023746 -0.208160 -0.203928 0
-0.083963 0.352872 -0.030727 1
0.007747 -0.321538 -0.155651 0
0.066567 -0.068055 -0.070105 1
0.108510 -0.083200 -0.263963 1
0.075828 -0.160488 -0.180333 1
-0.105833 0.423617 -0.244211 1
0.045610 -0.269675 -0.125786 0
0.003500 -0.268540 -0.167086 0
-0.044490 0.646020 -0.393410 1
-0.011509 -0.007573 -0.141055 1
0.046969 0.520799 -0.209813 2
0.010413 0.360235 -0.311883 1
0.062856 -0.016319 -0.206409 2
-0.114110 0.305248 -0.117911 1
0.118283 -0.284436 -0.172998 0
0.070533 -0.807061 -0.182686 0
0.096445 -0.871068 -0.169742 0
-0.010491 0.268197 -0.275527 1
0.065896 -0.536794 -0.221589 0
0.089328 0.002221 -0.287923 1
-0.144757 0.460102 -0.214350 1
0.002186 0.078417 -0.245957 1
-0.180406 0.468683 -0.123558 1
0.039668 -0.178050 -0.118922 0
-0.136401 0.562583 -0.279332 1
0.056950 -0.043452 -0.073500 1
-0.192124 0.550474 -0.208189 1
-0.001367 0.440088 -0.158089 2
-0.186179 0.510170 -0.094526 1
-0.256941 0.735324 -0.216263 1
0.099032 0.559273 -0.192944 2
0.013260 0.420789 -0.329428 1
0.155400 0.054520 -0.284401 1
-0.036430 0.368771 -0.282294 1
-0.044967 0.227662 -0.228010 1
-0.073653 0.317501 -0.048152 1
0.085130 -0.329304 -0.212030 0
0.064811 -0.244526 -0.118470 0
0.071249 0.218294 -0.317400 1
0.084420 0.240417 -0.207381 2
-0.044770 0.635674 -0.369291 1
0.043236 -0.655483 -0.122393 0
0.106749 -0.169058 -0.111135 0
-0.142693 0.603699 -0.290486 1
0.002411 0.834764 -0.107879 2
-0.046805 0.452310 -0.301508 1
-0.117361 0.622063 -0.312391 1
0.056983 -0.499686 -0.202095 0
-0.228978 0.634139 -0.189364 1
0.112917 0.060110 -0.081536 1
-0.160316 0.661768 -0.300785 1
-0.086881 0.235396 -0.107012 1
0.091561 0.679104 -0.130084 2
0.105494 -0.477882 -0.139584 0
0.103781 -0.700446 -0.185071 0
0.041706 -0.623006 -0.186984 0
0.076974 0.387714 -0.211741 2
0.134012 -0.149933 -0.209628 1
0.051466 0.234257 -0.217016 2
-0.051203 0.145717 -0.142640 1
0.010895 -0.344255 -0.167232 0
0.048158 -0.016639 -0.264134 1
0.043678 0.477354 -0.382199 1
0.060204 0.358179 -0.134482 2
0.066633 0.162982 -0.308448 1
-0.074299 0.213178 -0.094692 1
0.054890 0.223041 -0.137152 2
0.097840 -0.061684 -0.272780 1
-0.129261 0.474302 -0.247222 1
0.107190 0.608335 -0.161677 2
0.047654 -0.114346 -0.085497 1
-0.205311 0.767085 -0.309000 1
-0.076653 0.526282 -0.306754 1
-0.011574 0.128868 -0.243773 1
0.112518 -0.435432 -0.184366 0
0.090371 0.211579 -0.160550 2
-0.156265 0.404340 -0.149340 1
-0.140825 0.419940 -0.073399 1
-0.083015 0.492565 -0.290759 1
0.037238 -0.771005 -0.174581 0
-0.031413 0.162772 -0.226076 1
0.086259 0.031584 -0.061226 1
0.076967 -0.113015 -0.198928 1
-0.162139 0.415692 -0.125851 1
0.011676 -0.527745 -0.150327 0
0.031078 -0.485960 -0.183309 0
0.013892 0.054899 -0.252012 1
-0.012773 0.040277 -0.211792 1
0.002152 -0.127131 -0.192935 1
0.074736 0.556778 -0.136200 2
0.032174 0.193696 -0.215872 2
0.067505 0.433287 -0.378551 1
-0.094522 0.715696 -0.358219 1
-0.011498 -0.228144 -0.163092 0
0.124826 -0.090588 -0.112668 1
0.115458 -0.326453 -0.167411 0
-0.284437 0.800707 -0.161491 1
-0.155153 0.429087 -0.180890 1
-0.058636 0.361022 -0.262038 1
0.081604 -0.020281 -0.183788 2
0.111207 -0.246992 -0.148085 0
-0.080619 0.245039 -0.163625 1
-0.065232 0.442184 -0.286605 1
0.054549 0.008924 -0.276609 1
-0.024608 -0.017801 -0.169854 1
0.041629 0.070347 -0.282316 1
0.100541 -0.885231 -0.112967 0
-0.028077 0.023751 -0.183697 1
0.089242 0.383508 -0.186704 2
0.108368 -0.205289 -0.114804 0
0.098671 -0.350991 -0.201907 0
0.111482 -0.525859 -0.151878 0
-0.057371 0.298092 -0.037776 1
0.003180 0.737095 -0.115832 2
-0.054928 0.154670 -0.119880 1
-0.097489 0.308008 -0.070936 1
0.088402 0.196021 -0.204070 2
0.065841 -0.775540 -0.093494 0
0.102927 0.646471 -0.145469 2
0.026607 0.346471 -0.232546 1
0.021038 0.508245 -0.363295 1
-0.032691 0.225380 -0.036231 1
0.106989 0.011613 -0.076729 1
0.036256 0.450273 -0.119118 2
0.115376 -0.168268 -0.150158 0
-0.214850 0.591268 -0.192728 1
0.088806 0.488035 -0.197000 2
0.041044 0.225101 -0.011302 1
0.039403 -0.467132 -0.136234 0
-0.065296 0.334569 -0.246899 1
0.022797 -0.090092 -0.109805 1
-0.027697 0.612929 -0.371343 1
0.077737 0.071580 -0.153465 2
0.051241 -0.556688 -0.132947 0
0.107166 -0.848001 -0.126628 0
0.098865 -0.699753 -0.109928 0
0.103654 -0.607418 -0.173147 0
0.035813 0.175931 -0.024699 1
0.102354 -0.242020 -0.117438 0
0.052706 -0.691583 -0.113837 0
-0.245907 0.671576 -0.134153 1
-0.000234 0.636104 -0.140988 2
0.058228 -0.215593 -0.226949 0
0.047505 0.261196 -0.130503 2
-0.265741 0.738323 -0.184132 1
0.126585 -0.240199 -0.187321 0
0.007101 0.527169 -0.140194 2
0.104081 -0.755590 -0.172598 0
0.137087 0.020045 -0.289072 1
-0.049190 0.137965 -0.196694 1
0.061559 0.069800 -0.212557 2
0.032625 -0.845802 -0.100263 0
-0.010782 0.328391 0.006281 1
0.059441 0.587572 -0.122237 2
0.075599 0.329229 -0.207875 2
0.079440 -0.062926 -0.191807 2
0.080842 -0.291711 -0.119745 0
0.052788 0.395398 -0.130715 2
0.032122 -0.705360 -0.126780 0
-0.038707 0.542114 -0.334231 1
-0.239298 0.690580 -0.087733 1
0.066862 -0.642058 -0.209005 0
-0.215155 0.572200 -0.166124 1
0.061807 -0.708812 -0.207190 0
0.016370 -0.240232 -0.133762 0
0.044398 -0.890865 -0.181506 0
0.152728 0.131408 -0.323566 1
0.053754 0.268848 -0.317037 1
0.017843 0.424359 -0.142389 2
-0.012792 0.179590 -0.253671 1
0.029656 0.564846 -0.213320 2
0.069120 0.072224 -0.047058 1
0.085148 -0.656892 -0.189568 0
0.037318 0.396886 -0.237593 1
0.034322 0.640446 -0.110287 2
0.036074 -0.740102 -0.109881 0
0.061241 -0.096948 -0.254584 1
-0.146872 0.694712 -0.317693 1
0.013128 -0.304017 -0.179191 0
0.079219 -0.826502 -0.095999 0
0.038676 -0.311006 -0.201507 0
0.014877 0.621964 -0.154817 2
0.043138 -0.400152 -0.197874 0
0.103190 -0.798999 -0.145680 0
-0.235840 0.646702 -0.106029 1
0.086577 -0.071844 -0.081896 1
0.023151 0.566578 -0.124603 2
0.128529 -0.439570 -0.151958 0
0.009958 -0.157480 -0.135453 1
0.133433 -0.085334 -0.253913 1
-0.243498 0.716081 -0.215578 1
0.084570 -0.116985 -0.089113 1
-0.007291 -0.054604 -0.145345 1
-0.096474 0.265539 -0.141372 1
-0.015271 0.050166 -0.099510 1
0.107132 -0.711797 -0.131238 0
-0.088619 0.278813 -0.072897 1
0.057656 -0.511516 -0.132742 0
-0.015220 0.528800 -0.347574 1
0.018888 0.302759 -0.011755 1
-0.068582 0.198140 -0.144908 1
-0.253704 0.710707 -0.165676 1
0.034540 0.290467 -0.224147 2
0.077705 -0.414383 -0.202139 0
0.084559 0.323175 -0.156968 2
0.138574 0.181342 -0.342811 1
0.151841 -0.113760 -0.236460 1
0.057646 0.318021 -0.220381 2
0.106071 -0.634557 -0.179164 0
0.021424 -0.055460 -0.228962 1
0.098875 -0.809255 -0.112487 0
-0.103176 0.660393 -0.329572 1
0.107125 -0.361998 -0.158682 0
0.035798 -0.136287 -0.102260 1
-0.114350 0.386971 -0.051064 1
0.084052 -0.607917 -0.197487 0
0.102686 -0.613732 -0.132865 0
0.094224 -0.576967 -0.193803 0
-0.059579 0.266663 -0.043640 1
-0.097941 0.759810 -0.367833 1
0.075694 0.102751 -0.200926 2
0.052660 -0.589438 -0.200308 0
0.049406 0.376192 -0.228919 2
-0.068596 0.213042 -0.187279 1
0.061893 -0.811971 -0.089202 0
0.028929 -0.825079 -0.113565 0
0.080822 -0.371549 -0.206942 0
0.090514 0.451061 -0.177593 2
0.074901 -0.164172 -0.099183 0
-0.002243 0.785469 -0.101415 2
0.029026 0.600096 -0.185598 2
-0.006600 0.383443 -0.308262 1
0.083590 -0.540104 -0.117347 0
0.021047 0.249775 -0.014736 1
0.023744 0.240635 -0.219281 2
-0.216881 0.635107 -0.217356 1
-0.034419 0.064980 -0.169709 1
0.073666 0.276324 -0.208168 2
0.051037 -0.647201 -0.102660 0
-0.061778 0.182284 -0.191880 1
-0.164726 0.456505 -0.091308 1
0.078948 0.505163 -0.142284 2
-0.218067 0.596472 -0.091198 1
0.080426 -0.317208 -0.126344 0
-0.132294 0.766653 -0.346965 1
-0.000423 -0.180778 -0.177994 1
0.070619 0.733552 -0.112979 2
0.077290 0.006778 -0.139797 2
0.102730 -0.527020 -0.127816 0
0.028480 -0.589152 -0.159528 0
0.078321 0.355765 -0.148716 2
0.014456 0.111419 -0.042359 1
0.092421 -0.204651 -0.237332 0
-0.023812 0.351389 0.015746 1
-0.000325 0.005984 -0.100286 1
-0.025974 0.732959 -0.152383 2
-0.045515 0.506886 -0.319496 1
0.025296 0.531721 -0.378015 1
0.036681 0.099843 -0.284847 1
-0.228894 0.718706 -0.243473 1
0.118204 -0.298071 -0.208973 0
-0.060607 0.178445 -0.156320 1
0.029781 0.149353 -0.289505 1
0.035115 -0.288763 -0.119992 0
0.081855 0.035445 -0.189345 2
0.064251 -0.557666 -0.112527 0
0.038529 -0.636885 -0.134143 0
-0.027411 0.291431 -0.264908 1
0.084026 0.141439 -0.191952 2
-0.238412 0.654397 -0.152247 1
0.095642 0.685184 -0.153825 2
-0.173061 0.448873 -0.141672 1
0.062612 -0.190629 -0.108662 0
-0.267167 0.786267 -0.233084 1
-0.166531 0.446339 -0.172132 1
0.121798 -0.116557 -0.114953 0
0.038627 -0.450810 -0.191469 0
-0.013237 0.185993 -0.038149 1
0.114896 -0.488866 -0.156722 0
-0.166311 0.609723 -0.277630 1
-0.040894 0.248484 -0.240807 1
0.119826 -0.141892 -0.241255 1
-0.023014 0.603921 -0.397642 1
-0.121090 0.434634 -0.030213 1
0.017251 -0.386712 -0.173258 0
0.091220 -0.394894 -0.197047 0
-0.040061 0.362774 -0.001432 1
0.025229 -0.559608 -0.131465 0
-0.195869 0.577920 -0.036119 1
0.016779 -0.686666 -0.144840 0
-0.203173 0.740702 -0.290577 1
0.081357 0.057660 -0.191510 2
0.076743 0.426966 -0.145885 2
0.014674 0.330007 -0.160343 2
0.017856 0.850856 -0.107821 2
0.018206 0.599686 -0.122458 2
0.075254 0.457123 -0.228645 2
-0.054526 0.404802 -0.279308 1
0.061414 -0.556519 -0.212217 0
-0.039739 0.666814 -0.385068 2
-0.100393 0.441760 -0.257094 1
0.049239 -0.814554 -0.189519 0
0.103384 -0.051863 -0.087549 1
-0.071364 0.396174 -0.263109 1
-0.178174 0.475034 -0.176949 1
-0.199409 0.519922 -0.161230 1
0.054490 -0.174334 -0.231014 1
0.060095 0.753930 -0.104881 2
0.094919 -0.094995 -0.090136 1
0.023355 0.247999 -0.297837 1
0.047560 0.270484 -0.219549 2
-0.049353 0.276192 -0.239041 1
0.075438 -0.493928 -0.217354 0
-0.044654 0.124600 -0.141706 1
-0.191601 0.482949 -0.136231 1
0.084163 0.080527 -0.181156 2
-0.058963 0.686933 -0.365965 1
0.079508 -0.246973 -0.233717 0
-0.096057 0.263528 -0.118651 1
0.076985 0.108708 -0.301370 1
0.110455 -0.570406 -0.126269 0
0.082421 0.153184 -0.161524 2
-0.002072 -0.192775 -0.156946 1
0.077074 0.041695 -0.150788 2
-0.015765 -0.033727 -0.188482 1
0.010831 0.568663 -0.390170 1
-0.020910 0.489631 -0.327873 1
0.029568 -0.343557 -0.193151 0
0.045747 0.145199 -0.305180 1
0.119941 0.108325 -0.308517 1
0.038138 -0.513134 -0.186861 0
0.078055 -0.309343 -0.219064 0
0.040556 0.314311 -0.318776 1
-0.032051 0.578627 -0.350498 1
-0.036944 0.155610 -0.070514 1
0.059827 -0.000279 -0.062958 1
-0.198798 0.556608 -0.088275 1
-0.269821 0.806693 -0.195780 1
0.023630 -0.864935 -0.116486 0
-0.044699 0.133477 -0.096409 1
0.061333 0.411571 -0.361519 1
-0.079180 0.641653 -0.339318 1
0.082687 -0.391516 -0.133578 0
0.035709 -0.347702 -0.135232 0
-0.235004 0.673957 -0.204995 1
0.012221 0.294745 -0.166782 2
0.008524 0.060428 -0.056434 1
-0.000796 0.218762 -0.277779 1
0.159322 -0.038056 -0.264279 1
-0.063449 0.348844 -0.021961 1
0.149056 0.096222 -0.302081 1
-0.114361 0.377696 -0.214605 1
0.066941 -0.213146 -0.112199 0
0.112427 -0.125779 -0.151346 1
0.059299 0.185447 -0.027516 1
0.029951 -0.806517 -0.102058 0
0.073204 -0.863489 -0.174756 0
-0.003815 -0.107620 -0.148070 1
0.109766 -0.215315 -0.227501 0
-0.192625 0.629521 -0.255098 1
0.046911 0.711629 -0.106588 2
-0.091948 0.616841 -0.323596 1
0.098900 -0.326597 -0.134709 0
-0.166428 0.776451 -0.319492 1
-0.106643 0.504770 -0.276863 1
0.079483 0.432722 -0.210030 2
0.028068 -0.792707 -0.151097 0
0.022124 0.540772 -0.126188 2
0.017017 -0.119428 -0.126042 1
0.063817 0.294876 -0.328551 1
-0.171029 0.719540 -0.312117 1
0.058488 0.135804 -0.033071 1
-0.061261 0.172866 -0.110014 1
-0.124134 0.600800 -0.301239 1
-0.108692 0.708624 -0.341614 1
-0.075228 0.417925 0.006563 1
-0.007572 0.144815 -0.045746 1
0.067946 0.253491 -0.322459 1
-0.027140 0.059627 -0.149972 1
0.098831 -0.666755 -0.128405 0
0.066438 0.156361 -0.143500 2
0.040944 -0.671337 -0.183421 0
0.079894 0.474462 -0.214447 2
0.107998 -0.672549 -0.151506 0
-0.194000 0.519461 -0.116293 1
0.096265 -0.128035 -0.255557 1
-0.268692 0.773592 -0.155065 1
-0.199159 0.572090 -0.208493 1
0.019863 -0.665105 -0.144093 0
0.022157 -0.499488 -0.150515 0
-0.022473 0.447557 -0.315035 1
0.012036 -0.264649 -0.147706 0
0.124041 -0.489084 -0.136622 0
0.044187 -0.054559 -0.253315 1
0.113822 0.258995 -0.338418 1
-0.075477 0.553058 -0.315491 1
0.148609 -0.070592 -0.248850 1
0.083047 -0.722073 -0.106209 0
0.002171 -0.391770 -0.154535 0
0.059430 -0.228501 -0.200150 0
0.026184 -0.462519 -0.177827 0
0.059257 0.127859 -0.212552 2
0.000730 -0.053887 -0.206756 1
0.008304 -0.095418 -0.207266 1
0.014262 0.469613 -0.344213 1
-0.029533 0.211038 -0.240286 1
-0.253309 0.718605 -0.111581 1
-0.043506 0.322903 -0.261678 1
-0.018013 0.762988 -0.128135 2
0.061781 0.790908 -0.110658 2
0.037916 -0.852819 -0.176201 0
-0.225320 0.622998 -0.059394 1
0.075059 -0.447380 -0.131897 0
0.156923 0.050025 -0.305566 1
0.016995 0.468803 -0.137766 2
0.090642 0.602555 -0.143310 2
-0.156589 0.431794 -0.100040 1
-0.049488 0.616547 -0.354096 1
0.082582 -0.247845 -0.106953 0
0.008273 0.017066 -0.075231 1
0.082418 -0.047041 -0.274071 1
-0.046281 0.184253 -0.215212 1
-0.130928 0.475694 -0.015819 1
-0.136350 0.384620 -0.087017 1
0.066226 0.263672 -0.140331 2
0.117211 -0.302878 -0.183576 0
0.004112 0.702002 -0.121095 2
-0.261847 0.743706 -0.142601 1
0.031795 -0.424759 -0.188431 0
0.047782 -0.486812 -0.133663 0
0.089028 -0.779308 -0.171895 0
0.104751 -0.621910 -0.197265 0
-0.010239 0.713212 -0.136403 2
-0.002528 0.110435 -0.249337 1
-0.189858 0.553305 -0.037229 1
-0.096717 0.446298 0.005086 1
0.055762 0.680975 -0.111113 2
0.108575 -0.511870 -0.168444 0
-0.122250 0.432612 -0.234285 1
0.098371 0.309677 -0.369664 1
-0.071774 0.306276 -0.230450 1
-0.064685 0.235193 -0.061496 1
0.134768 -0.172748 -0.218091 1
0.087410 0.542505 -0.145277 2
-0.136069 0.583847 -0.287586 1
-0.059305 0.481633 -0.304379 1
0.046697 0.531838 -0.121514 2
0.084745 0.633225 -0.129563 2
0.088757 0.319862 -0.188254 2
0.001953 0.182281 -0.269718 1
0.093069 -0.491429 -0.129315 0
0.013851 -0.034961 -0.226160 1
0.095030 -0.275367 -0.123028 0
0.003597 -0.077969 -0.133410 1
-0.198500 0.670005 -0.264570 1
0.110235 -0.377001 -0.173083 0
-0.084352 0.254822 -0.181850 1
0.088320 0.466541 -0.158738 2
-0.225171 0.618866 -0.085224 1
0.084098 -0.132843 -0.165793 1
-0.023191 0.255681 -0.260784 1
-0.094016 0.290985 -0.170957 1
0.022064 -0.023500 -0.077796 1
0.098935 -0.430249 -0.134473 0
-0.137128 0.437084 -0.061918 1
-0.067603 0.586280 -0.328503 1
0.063228 0.185756 -0.309083 1
0.071450 0.329519 -0.342402 1
-0.211062 0.663012 -0.241002 1
-0.006772 -0.006827 -0.207829 1
-0.157608 0.508140 -0.229167 1
-0.001856 0.650126 -0.172932 2
0.040610 -0.289830 -0.207515 0
-0.244822 0.654608 -0.061224 1
-0.118705 0.765068 -0.373208 1
0.086682 -0.181427 -0.168078 0
-0.208514 0.553357 -0.176420 1
-0.117136 0.353094 -0.184966 1
0.072937 -0.085648 -0.140932 2
0.047887 -0.193339 -0.223683 1
-0.015867 0.020521 -0.200325 1
-0.098508 0.577881 -0.307870 1
0.038182 0.450577 -0.355704 1
0.056391 0.472063 -0.128513 2
-0.094328 0.400009 -0.022430 1
-0.122115 0.667989 -0.322541 1
-0.010590 0.575181 -0.377346 1
-0.003784 0.668474 -0.133847 2
-0.015466 0.341731 -0.290689 1
0.139226 0.000838 -0.277996 1
-0.016573 -0.080257 -0.169744 1
0.016079 -0.579544 -0.145906 0
-0.159779 0.510914 -0.024525 1
0.029695 -0.884457 -0.084945 0
0.090578 0.594423 -0.196272 2
0.055041 0.380534 -0.345428 1
0.043256 0.187862 -0.301670 1
0.026442 0.289871 -0.305858 1
0.019335 -0.472250 -0.136055 0
-0.088882 0.347203 -0.230383 1
0.041599 0.343928 -0.124367 2
0.059935 0.235697 -0.315575 1
0.032030 0.293887 -0.142196 2
0.068214 0.643005 -0.119491 2
0.122208 -0.066845 -0.116939 1
0.079435 -0.043902 -0.151776 2
0.140238 0.071507 -0.302878 1
0.024800 -0.432340 -0.128650 0
0.064973 -0.658030 -0.114049 0
0.147946 0.093252 -0.322460 1
-0.186441 0.643373 -0.271653 1
0.038006 -0.389398 -0.135317 0
0.088322 0.257524 -0.332164 1
0.109686 -0.590274 -0.161021 0
-0.147383 0.393328 -0.114251 1
-0.015655 -0.176364 -0.164669 1
0.036162 0.061417 -0.142970 2
0.103633 -0.761418 -0.120630 0
-0.133545 0.457605 -0.235483 1
0.094256 0.166106 -0.317485 1
0.049468 -0.222827 -0.121125 0
0.086724 0.131402 -0.310054 1
0.018004 0.816551 -0.096463 2
0.097675 -0.541681 -0.190214 0
-0.149294 0.780001 -0.357315 1
0.077541 0.163093 -0.032767 1
0.074468 0.407107 -0.221836 2
0.101672 -0.442416 -0.214463 0
0.056770 -0.454650 -0.200094 0
0.114697 -0.204098 -0.145999 0
-0.186906 0.755437 -0.307301 1
0.087852 0.280374 -0.169912 2
0.089286 -0.868249 -0.112395 0
-0.154164 0.566610 -0.266062 1
-0.182098 0.508845 -0.194539 1
0.015487 -0.299977 -0.146083 0
0.028678 0.063491 -0.050684 1
0.036311 0.090119 -0.043579 1
0.069898 -0.134657 -0.248760 1
-0.248548 0.696432 -0.105077 1
-0.109310 0.299044 -0.137057 1
0.089031 -0.740929 -0.175864 0
0.122547 -0.260092 -0.186769 0
0.002363 0.038220 -0.070850 1
-0.024411 0.293468 -0.016120 1
-0.127468 0.347880 -0.096882 1
0.079115 -0.288036 -0.223307 0
-0.216588 0.601400 -0.047108 1
-0.155458 0.473069 -0.052251 1
0.100845 -0.883434 -0.153111 0
0.025160 -0.083259 -0.227675 1
0.027157 -0.257276 -0.133262 0
-0.072416 0.675025 -0.356806 1
-0.028753 0.413979 -0.298955 1
-0.203186 0.569782 -0.072353 1
0.109016 -0.281669 -0.155332 0
0.026286 -0.533268 -0.166303 0
-0.246823 0.692936 -0.174099 1
-0.124781 0.731736 -0.336816 1
0.066221 -0.514940 -0.211693 0
0.059437 -0.071385 -0.259434 1
0.029009 0.059164 -0.269787 1
0.048490 0.345998 -0.331608 1
-0.223860 0.737572 -0.256767 1
-0.009474 0.798792 -0.114534 2
-0.000263 0.492348 -0.154162 2
0.109583 0.270365 -0.362691 1
0.091608 -0.096622 -0.263793 1
-0.019369 0.030656 -0.142931 1
0.083744 -0.676874 -0.189501 0
0.043012 0.540533 -0.204886 2
-0.159634 0.682228 -0.308640 1
0.080732 -0.743053 -0.103005 0
0.016147 0.004945 -0.238692 1
0.000795 0.509771 -0.348457 1
-0.148166 0.441447 -0.197199 1
0.127263 0.222403 -0.347383 1
-0.141954 0.652639 -0.308936 1
-0.226700 0.651260 -0.202114 1
-0.069007 0.193767 -0.109524 1
0.113574 0.011131 -0.287903 1
0.145985 -0.095970 -0.223045 1
-0.240587 0.662738 -0.089685 1
0.100290 -0.405982 -0.138014 0
0.063091 0.079054 -0.142324 2
0.061192 0.116293 -0.039259 1
0.070542 -0.595446 -0.120669 0
-0.105104 0.463368 -0.262251 1
0.051187 0.142621 -0.135061 2
-0.003190 0.566600 -0.146254 2
0.025672 0.405829 -0.333353 1
0.067484 0.367235 -0.216331 2
0.088402 -0.505163 -0.206910 0
0.107088 -0.734460 -0.167215 0
0.006672 0.285934 -0.009689 1
-0.062047 0.652583 -0.354908 1
0.003274 0.323496 -0.006777 1
0.073146 0.065740 -0.295058 1
-0.083864 0.336219 -0.041369 1
0.075316 0.606405 -0.129108 2
-0.013800 0.081091 -0.076025 1
-0.226412 0.621375 -0.169352 1
0.039324 0.249183 -0.005252 1
0.090918 0.532256 -0.213434 2
-0.057270 0.188489 -0.069534 1
-0.006851 0.681632 -0.155577 2
0.080282 -0.679701 -0.108885 0
0.030010 -0.864323 -0.156865 0
0.133356 0.164613 -0.318541 1
-0.077063 0.376895 -0.251665 1
-0.109848 0.314772 -0.170900 1
0.067959 -0.052311 -0.129772 1
0.036663 -0.676833 -0.111605 0
0.023470 0.039025 -0.258595 1
-0.171210 0.493943 -0.077512 1
0.078820 0.019888 -0.204933 2
-0.223388 0.676566 -0.228031 1
-0.041395 0.332046 -0.014709 1
-0.039662 0.106226 -0.150721 1
0.006636 0.341607 -0.306890 1
0.101170 -0.671144 -0.107214 0
0.025595 -0.161096 -0.213448 1
0.036671 0.579875 -0.198023 2
-0.110974 0.373628 -0.065046 1
0.078768 0.196799 -0.154911 2
0.106475 -0.587511 -0.114611 0
0.106999 -0.635033 -0.139675 0
0.105526 -0.132498 -0.106646 0
0.108256 -0.416373 -0.183389 0
-0.008594 0.233285 -0.266405 1
-0.188474 0.497812 -0.123984 1
-0.026223 0.103807 -0.213212 1
0.103802 -0.664162 -0.193732 0
-0.178888 0.539511 -0.217403 1
0.049268 -0.592579 -0.130526 0
0.001986 0.376245 -0.164150 2
0.114677 -0.445122 -0.164467 0
0.032030 0.433315 -0.130413 2
0.075962 -0.861760 -0.091884 0
0.086521 0.029382 -0.290065 1
0.023226 0.170237 -0.287836 1
-0.215897 0.756220 -0.297011 1
-0.006221 -0.024948 -0.134125 1
0.083640 -0.206661 -0.103025 0
-0.188917 0.529202 -0.196569 1
0.127702 -0.213999 -0.204908 0
-0.093303 0.299766 -0.206294 1
0.110915 -0.287573 -0.135543 0
-0.239669 0.761921 -0.245408 1
0.088213 0.721749 -0.142387 2
0.087989 0.250139 -0.182186 2
0.012726 0.627218 -0.122852 2
0.010001 -0.454792 -0.152067 0
-0.070232 0.222780 -0.170781 1
-0.001232 0.078275 -0.057634 1
-0.140442 0.420369 -0.199935 1
-0.156934 0.738477 -0.320225 1
-0.004902 0.616213 -0.153342 2
0.075045 0.685407 -0.118331 2
0.121935 -0.007009 -0.108517 1
-0.174628 0.564771 -0.240739 1
-0.049331 0.126932 -0.177813 1
-0.014754 -0.157247 -0.163990 1
0.090633 0.469862 -0.181214 2
0.087191 0.347832 -0.190670 2
-0.027199 0.152167 -0.054405 1
0.099497 0.665494 -0.145533 2
0.072050 -0.787537 -0.184911 0
0.089343 0.697971 -0.127942 2
0.009517 -0.359843 -0.142498 0
-0.018064 -0.047515 -0.162625 1
-0.259231 0.745416 -0.100867 1
0.048637 0.602781 -0.117562 2
0.043886 -0.778780 -0.090526 0
0.102603 -0.830890 -0.117741 0
-0.189243 0.708886 -0.294358 1
0.056261 0.090260 -0.217365 2
0.063359 -0.753188 -0.091003 0
0.089634 -0.781371 -0.116071 0
0.101184 -0.507444 -0.189428 0
0.112230 -0.461461 -0.132793 0
-0.101094 0.283485 -0.152349 1
-0.188181 0.687862 -0.290215 1
0.030438 -0.726898 -0.125392 0
0.050259 -0.545895 -0.201237 0
-0.068370 0.219197 -0.075221 1
0.077614 0.113533 -0.139774 2
-0.134586 0.403364 -0.082759 1
0.085745 0.214575 -0.206502 2
0.110992 0.651660 -0.164904 2
-0.171096 0.517317 -0.049437 1
0.042030 -0.225295 -0.209866 0
0.099809 -0.231310 -0.228498 0
-0.035285 0.435385 -0.303679 1
-0.017527 0.229861 -0.025962 1
0.048840 -0.035235 -0.261098 1
0.052853 0.307822 -0.132794 2
-0.255312 0.728556 -0.128515 1
0.099645 -0.823762 -0.176449 0
-0.078613 0.723340 -0.370133 1
0.118832 -0.132001 -0.133048 0
-0.036639 0.561183 -0.343478 1
0.036109 -0.195668 -0.124278 0
0.059463 -0.792948 -0.090798 0
0.079765 0.387644 -0.377949 1
0.092393 0.498743 -0.155735 2
0.067673 -0.328829 -0.218791 0
0.052815 0.190632 -0.214596 2
0.089703 -0.711335 -0.179315 0
0.026715 -0.623055 -0.141358 0
0.126510 0.091307 -0.304451 1
0.116631 -0.255039 -0.208348 0
0.018971 0.115423 -0.273438 1
-0.021491 0.060839 -0.205276 1
0.048013 -0.734454 -0.093532 0
0.001756 -0.108098 -0.195282 1
0.039325 0.023485 -0.269638 1
0.050405 -0.608489 -0.198406 0
0.043939 0.494484 -0.125243 2
0.107840 -0.224514 -0.114363 0
0.021338 -0.232034 -0.197832 0
0.052139 0.034381 -0.047880 1
0.110521 0.194032 -0.328020 1
-0.037753 0.601371 -0.360829 1
0.133281 -0.191745 -0.208224 0
0.101973 0.560556 -0.174655 2
0.090090 0.403040 -0.180740 2
-0.153397 0.506431 0.004061 1
0.101489 0.105540 -0.060168 1
-0.117742 0.485594 -0.260193 1
-0.028164 0.007683 -0.174512 1
0.043328 0.213899 -0.216478 2
0.075442 -0.149653 -0.087725 0
-0.154427 0.620583 -0.290768 1
0.039026 0.490860 -0.369038 1
0.087760 0.439676 -0.191884 2
0.089049 -0.527786 -0.204386 0
0.031997 -0.386937 -0.191410 0
-0.043024 0.097301 -0.182144 1
0.036418 -0.873959 -0.175884 0
-0.011781 0.702509 -0.151321 2
-0.105692 0.345359 -0.072147 1
0.023230 -0.008081 -0.062553 1
0.029353 -0.880530 -0.102931 0
-0.001637 0.033606 -0.224849 1
-0.188603 0.489853 -0.162080 1
0.038748 0.409755 -0.121954 2
0.080263 0.390313 -0.149837 2
-0.235450 0.643748 -0.173780 1
-0.092799 0.415135 -0.254009 1
0.107020 -0.649623 -0.159390 0
0.034687 0.148783 -0.023672 1
0.023450 0.205672 -0.292138 1
-0.005459 -0.140321 -0.180809 1
0.033855 -0.016362 -0.252670 1
0.092822 0.517584 -0.176444 2
0.059380 -0.284872 -0.215270 0
-0.225601 0.607357 -0.121563 1
0.077117 0.181194 -0.020804 1
0.008125 -0.020885 -0.096858 1
0.022719 0.279009 -0.015149 1
0.057929 -0.574470 -0.211317 0
0.079670 -0.151340 -0.196026 1
0.055299 -0.151093 -0.101823 0
-0.252233 0.698190 -0.149770 1
-0.008935 0.594248 -0.147772 2
-0.261762 0.783838 -0.214458 1
0.092593 -0.638155 -0.112936 0
0.001550 0.668890 -0.167819 2
0.134307 -0.102009 -0.245702 1
-0.134100 0.391830 -0.186575 1
0.103277 -0.311324 -0.206709 0
0.104058 -0.743217 -0.151510 0
-0.000296 0.140749 -0.259212 1
0.085377 0.347342 -0.360135 1
-0.034194 0.099268 -0.105975 1
0.010357 0.641877 -0.183595 2
0.118215 0.003504 -0.088516 1
0.043514 0.351368 -0.228046 2
-0.155035 0.459634 -0.065156 1
0.057484 0.378002 -0.132859 2
-0.155148 0.474662 -0.211339 1
0.085523 0.294204 -0.157528 2
0.041186 -0.726089 -0.181554 0
-0.026553 0.093344 -0.085562 1
0.127682 -0.218285 -0.183564 0
0.027841 -0.408149 -0.126350 0
-0.172723 0.434368 -0.130867 1
-0.008638 -0.067055 -0.191347 1
0.071857 -0.356979 -0.127779 0
0.066514 -0.116903 -0.089900 1
0.095311 0.585131 -0.144414 2
-0.210406 0.642823 -0.232355 1
0.156916 0.006516 -0.287416 1
0.081973 0.029466 -0.167250 2
0.057818 -0.714076 -0.110840 0
-0.158033 0.644130 -0.297677 1
0.030565 -0.069677 -0.091929 1
-0.213670 0.762877 -0.256265 1
-0.085738 0.591113 -0.317857 1
0.111698 -0.218590 -0.159045 0
0.074451 -0.560672 -0.223939 0
0.037904 0.272828 -0.309474 1
-0.263804 0.759167 -0.182563 1
0.128399 0.167027 -0.337101 1
0.039216 -0.041610 -0.077732 1
0.015297 -0.045614 -0.112552 1
0.024388 0.304830 -0.227956 1
0.086177 0.565563 -0.208978 2
-0.036994 0.143367 -0.212549 1
0.068977 0.232085 -0.211330 2
0.094213 -0.107615 -0.140307 1
-0.022149 0.115061 -0.062177 1
0.058525 -0.850140 -0.182817 0
-0.043243 0.301687 -0.255682 1
0.116812 -0.425743 -0.167679 0
-0.055334 0.292853 -0.241945 1
-0.131453 0.522011 -0.263305 1
-0.012769 0.322662 -0.281803 1
0.091883 -0.469613 -0.205205 0
-0.045608 0.379671 0.000473 1
0.053338 0.437221 -0.235485 2
0.095937 0.382120 -0.166633 2
0.045004 -0.626290 -0.111598 0
0.063597 0.183423 -0.141076 2
0.141390 -0.058385 -0.259642 1
0.097024 -0.853432 -0.144406 0
0.054220 -0.742798 -0.107997 0
0.015518 -0.419576 -0.139238 0
-0.142646 0.365801 -0.121096 1
0.132759 0.189482 -0.328099 1
0.127974 0.150530 -0.328744 1
-0.022376 0.172153 -0.240661 1
-0.250319 0.667874 -0.167713 1
0.067875 -0.599286 -0.218027 0
0.054959 -0.286334 -0.125931 0
0.046487 -0.095709 -0.244762 1
0.067139 -0.032290 -0.274071 1
0.080136 0.256826 -0.202131 2
-0.140942 0.495566 -0.243336 1
0.079671 0.118440 -0.156703 2
0.101392 0.307548 -0.352311 1
0.043059 -0.350922 -0.202011 0
0.102980 -0.008991 -0.279534 1
0.086332 0.069442 -0.053318 1
-0.053131 0.388210 0.018181 1
0.051575 0.124476 -0.302787 1
0.028426 0.713615 -0.098794 2
0.008470 0.454325 -0.149060 2
-0.202743 0.531144 -0.144131 1
-0.175878 0.529017 -0.026670 1
-0.121094 0.779742 -0.342888 1
0.111894 -0.471237 -0.188937 0
0.037049 -0.305748 -0.131941 0
0.001207 0.446987 -0.330745 1
-0.094235 0.322273 -0.210114 1
0.025879 0.327451 -0.144687 2
-0.254571 0.687978 -0.079258 1
0.111831 -0.552123 -0.167141 0
0.029428 -0.126892 -0.115955 1
-0.293545 0.804106 -0.208419 1
0.086251 0.172152 -0.169128 2
-0.030743 0.120897 -0.212806 1
0.016509 0.825019 -0.111978 2
0.083712 -0.583268 -0.119128 0
0.064643 -0.436446 -0.209104 0
0.105651 0.096090 -0.303637 1
-0.066310 0.282892 -0.044403 1
0.045409 0.470016 -0.366316 1
0.083086 -0.034603 -0.173706 2
0.014708 0.491520 -0.355463 1
0.034907 -0.443264 -0.138143 0
0.048916 -0.810824 -0.100975 0
0.007275 0.805819 -0.117236 2
-0.038141 0.525894 -0.327573 1
0.031696 0.817920 -0.085585 2
0.073341 0.365660 -0.357039 1
0.109741 -0.574106 -0.154229 0
0.010653 0.510069 -0.138902 2
0.105642 -0.539247 -0.205882 0
0.091313 0.140417 -0.044320 1
0.083718 0.109956 -0.187167 2
0.096778 -0.685129 -0.171218 0
-0.126459 0.368089 -0.089298 1
0.042212 -0.162932 -0.110632 0
0.070012 0.017459 -0.059694 1
0.066598 -0.690866 -0.201487 0
0.087926 0.737692 -0.125460 2
0.056555 0.443053 -0.363769 1
0.042434 -0.251409 -0.127330 0
0.041218 0.004210 -0.062768 1
0.118345 -0.099032 -0.149690 1
0.103002 -0.164975 -0.243206 1
-0.065993 0.247668 -0.048024 1
0.104454 0.636374 -0.159957 2
-0.167468 0.472512 -0.194587 1
0.078732 0.146916 -0.309928 1
0.118056 -0.185692 -0.228811 1
-0.005616 0.403690 -0.313136 1
-0.008482 -0.258705 -0.159371 0
0.061958 -0.436555 -0.128607 0
0.033260 -0.323698 -0.135424 0
-0.149434 0.763813 -0.332631 1
-0.109117 0.304169 -0.101398 1
0.083631 -0.478235 -0.135678 0
0.065418 -0.376795 -0.128093 0
0.026027 0.516272 -0.385706 1
0.076493 0.749671 -0.114978 2
-0.006392 0.094674 -0.055992 1
0.028504 0.835951 -0.100562 2
0.024274 0.764641 -0.103089 2
0.007085 0.134993 -0.040305 1
-0.214000 0.567824 -0.149467 1
-0.234753 0.635276 -0.119941 1
0.074870 -0.562341 -0.125301 0
-0.043476 0.295574 -0.016454 1
-0.009378 0.028776 -0.108042 1
0.012422 0.380167 -0.317437 1
-0.185864 0.594130 -0.241624 1
0.113148 0.626623 -0.174526 2
0.037719 0.359783 -0.134211 2
0.093327 -0.716598 -0.118899 0
0.035006 -0.599332 -0.137476 0
-0.079136 0.623608 -0.333776 1
0.105047 -0.774520 -0.137938 0
0.115798 0.049813 -0.293800 1
-0.000617 0.541271 -0.146323 2
-0.170895 0.479139 -0.090995 1
-0.088570 0.472857 -0.280383 1
-0.007817 0.600286 -0.387274 1
0.069665 0.285372 -0.142231 2
0.087853 -0.824361 -0.111814 0
0.011550 -0.213360 -0.189541 0
-0.020606 0.152226 -0.236767 1
-0.178533 0.618477 -0.269353 1
-0.052822 0.150803 -0.163058 1
0.085316 0.417441 -0.157288 2
0.009450 -0.163005 -0.195197 1
-0.170831 0.465891 -0.104301 1
-0.072422 0.272657 -0.219020 1
0.060892 -0.085840 -0.083071 1
0.037408 0.388052 -0.132544 2
0.043834 -0.158472 -0.228183 1
0.098042 0.584205 -0.164379 2
0.071887 0.043416 -0.292175 1
0.009238 -0.407338 -0.153994 0
-0.098026 0.531829 -0.293583 1
0.070004 0.208571 -0.033254 1
-0.061221 0.389284 -0.002909 1
0.043327 0.305077 -0.223265 2
-0.080586 0.228913 -0.139210 1
0.046908 -0.775464 -0.188008 0
-0.079753 0.250713 -0.075771 1
0.079428 -0.016246 -0.202418 2
-0.251505 0.722538 -0.091724 1
-0.154046 0.410537 -0.165055 1
0.063596 0.327753 -0.137070 2
-0.039595 0.134838 -0.079639 1
-0.205364 0.549905 -0.115124 1
-0.019443 0.199199 -0.250895 1
0.038939 0.255826 -0.219292 2
0.082450 0.286471 -0.338283 1
0.064011 0.571590 -0.125809 2
-0.018597 0.216313 -0.255342 1
0.013452 0.030791 -0.057740 1
-0.049322 0.165390 -0.076848 1
-0.164358 0.497268 -0.058862 1
0.100120 -0.769194 -0.181977 0
-0.217921 0.696339 -0.246090 1
-0.088462 0.272585 -0.184747 1
0.080284 -0.101600 -0.150980 2
0.111477 -0.097092 -0.104246 1
0.035738 -0.830257 -0.170053 0
-0.017953 0.113300 -0.229558 1
-0.056542 0.154123 -0.192538 1
-0.226812 0.603927 -0.149815 1
-0.269967 0.774031 -0.133899 1
0.068989 0.001059 -0.280630 1
0.013306 -0.360876 -0.169322 0
0.080162 0.224881 -0.158264 2
-0.025741 0.177983 -0.047871 1
0.077931 0.228195 -0.139218 2
-0.060689 0.420464 -0.280836 1
-0.073637 0.364587 -0.024281 1
-0.012432 -0.204714 -0.162908 0
-0.111841 0.544201 -0.288040 1
0.106044 -0.828716 -0.161627 0
-0.121392 0.414828 -0.228291 1
-0.045335 0.200377 -0.058995 1
0.048696 -0.691280 -0.097466 0
0.105232 -0.583934 -0.182643 0
0.016782 -0.817503 -0.123329 0
0.089445 0.291117 -0.186683 2
0.052333 0.038944 -0.282284 1
-0.178783 0.525856 -0.062985 1
-0.270752 0.791231 -0.158963 1
0.075327 -0.407759 -0.131305 0
0.081977 -0.786553 -0.101538 0
-0.088018 0.411987 -0.010010 1
0.156006 -0.010002 -0.262319 1
0.021943 0.016937 -0.250252 1
0.072388 0.097735 -0.043276 1
0.065760 0.112428 -0.211166 2
0.008625 0.103979 -0.260102 1
0.053234 -0.628640 -0.202474 0
0.015861 0.325816 -0.307113 1
0.013640 0.604639 -0.200471 2
0.101616 -0.451938 -0.187833 0
0.112639 -0.344086 -0.193201 0
0.020666 0.138339 -0.280410 1
0.102138 -0.355397 -0.130381 0
0.006893 0.258654 -0.016014 1
0.063539 0.434362 -0.134646 2
0.069357 -0.201853 -0.232592 0
0.023346 0.365607 -0.321395 1
-0.046072 0.487175 -0.313006 1
0.106473 -0.400552 -0.193113 0
-0.061106 0.613065 -0.342233 1
-0.018591 0.132063 -0.054030 1
-0.097064 0.738831 -0.364780 1
0.084313 0.202999 -0.319713 1
-0.006580 0.770433 -0.118112 2
0.047945 0.051347 -0.050620 1
0.031340 0.020781 -0.060943 1
0.104343 -0.786534 -0.168536 0
0.027036 -0.169705 -0.126010 0
0.050618 0.027320 -0.217552 2
0.041246 -0.745158 -0.182209 0
0.116136 -0.044659 -0.273922 1
0.083212 0.147964 -0.207307 2
0.121726 -0.095007 -0.128465 1
0.061071 0.393383 -0.355716 1
-0.020467 0.054295 -0.114814 1
-0.014407 0.504412 -0.338877 1
0.007899 -0.289490 -0.172894 0
0.031810 0.425465 -0.342268 1
0.117999 -0.412701 -0.199953 0
-0.041950 0.397714 -0.287608 1
-0.016810 -0.064691 -0.163834 1
0.015318 0.387949 -0.151764 2
-0.107067 0.289764 -0.112379 1
-0.066209 0.312189 -0.032908 1
-0.055273 0.160524 -0.149794 1
-0.003274 0.545868 -0.364163 1
-0.171157 0.503963 -0.208228 1
-0.123863 0.326670 -0.132326 1
0.081709 -0.814860 -0.172102 0
0.106901 -0.706889 -0.170081 0
0.079657 -0.077813 -0.184447 2
-0.175526 0.774514 -0.333244 1
0.083526 -0.571116 -0.205067 0
0.106499 -0.189424 -0.110301 0
-0.122814 0.323897 -0.108186 1
0.117554 0.211534 -0.333414 1
0.027675 -0.071036 -0.110072 1
-0.120710 0.683980 -0.326653 1
-0.114593 0.757477 -0.359064 1
-0.120717 0.407527 -0.050854 1
0.088597 0.117082 -0.046049 1
-0.199941 0.724923 -0.286715 1
0.082553 -0.066338 -0.156862 2
0.023787 0.099581 -0.273594 1
0.106442 -0.315885 -0.146722 0
0.073743 -0.164174 -0.247283 1
0.133149 -0.157698 -0.233469 1
0.024180 -0.514366 -0.143642 0
0.021856 0.686961 -0.110690 2
0.060590 -0.891549 -0.178396 0
-0.013145 -0.094444 -0.162055 1
-0.018611 0.069993 -0.087240 1
-0.249107 0.706083 -0.183891 1
-0.138168 0.732015 -0.327199 1
-0.207340 0.613970 -0.220342 1
0.096998 -0.648255 -0.180388 0
0.024191 -0.182613 -0.207886 1
0.071415 -0.661975 -0.098984 0
0.098808 0.573769 -0.185035 2
0.014511 -0.271971 -0.185314 0
0.106128 0.042886 -0.071222 1
-0.164024 0.523285 -0.228765 1
0.081510 -0.098370 -0.182271 2
0.065561 -0.481777 -0.202352 0
-0.092625 0.562541 -0.307243 1
0.029578 0.268133 0.000767 1
0.015860 0.621863 -0.178806 2
-0.204132 0.583548 -0.020013 1
-0.042466 0.254284 -0.033996 1
0.046790 -0.838026 -0.097373 0
-0.228791 0.759135 -0.261426 1
0.007325 0.847775 -0.084799 2
0.085530 0.146560 -0.176446 2
-0.193836 0.682281 -0.275870 1
-0.006446 -0.004672 -0.121207 1
0.090098 -0.861016 -0.157178 0
-0.132575 0.456545 -0.030435 1
-0.025166 0.372634 -0.293546 1
0.108847 -0.728061 -0.132073 0
0.093372 0.532370 -0.196215 2
0.003192 0.310313 0.002915 1
0.106927 -0.410447 -0.156762 0
0.106181 -0.030658 -0.084755 1
0.075430 0.353213 -0.131161 2
-0.019225 0.201516 -0.037293 1
0.090939 0.503420 -0.191865 2
0.024605 0.502575 -0.128666 2
-0.009517 -0.022990 -0.199572 1
-0.235484 0.633752 -0.136177 1
-0.083856 0.305867 -0.053665 1
-0.107992 0.417196 -0.026688 1
0.052412 0.103067 -0.134696 2
0.039601 -0.791369 -0.180286 0
0.099237 -0.653014 -0.113661 0
0.052690 -0.391960 -0.208217 0
0.090892 -0.006901 -0.070009 1
-0.031082 0.092581 -0.202470 1
-0.007715 0.644598 -0.155935 2
0.034296 0.232849 -0.302367 1
0.061522 0.781536 -0.097361 2
0.072235 0.665736 -0.119400 2
0.085927 0.205675 -0.191266 2
0.112489 -0.201069 -0.130219 0
0.085721 0.167014 -0.200640 2
0.038677 0.787131 -0.097729 2
0.097637 -0.625958 -0.122349 0
-0.193097 0.504842 -0.168023 1
-0.238428 0.779600 -0.232321 1
-0.107574 0.437076 -0.021670 1
0.061859 -0.411248 -0.202966 0
0.001626 0.307263 -0.293204 1
-0.079262 0.294617 -0.222114 1
0.033351 0.309926 -0.140657 2
0.000956 0.185073 -0.030468 1
0.045104 0.198370 -0.020538 1
0.050275 -0.138647 -0.237134 1
-0.125098 0.393993 -0.205146 1
0.146387 -0.079310 -0.231835 1
0.072109 -0.061108 -0.272451 1
-0.045893 0.212186 -0.223525 1
0.005846 0.257362 -0.287353 1
-0.034893 0.648998 -0.380786 1
0.039880 -0.115778 -0.234159 1
-0.164942 0.432479 -0.163031 1
0.098828 0.242155 -0.335491 1
-0.234336 0.693085 -0.219038 1
-0.040020 0.215632 -0.046766 1
-0.001259 0.160908 -0.262394 1
-0.279201 0.787569 -0.145030 1
0.123066 0.032636 -0.292517 1
-0.241598 0.773144 -0.257884 1
0.101446 0.085690 -0.059781 1
-0.208479 0.700787 -0.263656 1
0.077880 0.453558 -0.144390 2
-0.090517 0.684830 -0.346260 1
-0.146285 0.380550 -0.146169 1
0.000723 0.272564 -0.286185 1
0.061614 -0.824164 -0.185978 0
-0.094029 0.380620 -0.237205 1
0.013961 0.435909 -0.334793 1
-0.260539 0.720110 -0.176756 1
0.110155 -0.340731 -0.162327 0
0.095790 0.429585 -0.162545 2
0.064319 -0.724941 -0.196955 0
-0.008525 0.649561 -0.138233 2
-0.030071 0.620687 -0.395749 1
0.028253 0.235587 -0.016734 1
-0.178166 0.651404 -0.284875 1
0.114779 -0.451470 -0.145073 0
0.096757 -0.429466 -0.201865 0
0.088772 -0.272010 -0.223301 0
0.098868 -0.643731 -0.197402 0
0.005421 0.476404 -0.150121 2
-0.021075 0.276423 -0.266768 1
-0.066410 0.698551 -0.384034 1
-0.020966 0.571234 -0.359365 1
0.025902 -0.701489 -0.141421 0
0.043969 -0.709613 -0.187953 0
0.064550 -0.677894 -0.111146 0
0.031192 0.390939 -0.331462 1
0.003949 0.341203 -0.164500 2
0.083946 0.266083 -0.163935 2
0.105309 -0.805899 -0.131431 0
-0.237864 0.619637 -0.152889 1
-0.275480 0.793886 -0.180751 1
0.064881 -0.372374 -0.206956 0
0.112730 -0.541813 -0.135927 0
-0.000582 -0.342163 -0.156352 0
-0.195600 0.611100 -0.236187 1
0.092208 -0.858454 -0.100154 0
0.089291 -0.480109 -0.217867 0
0.033684 0.805194 -0.095936 2
0.073729 -0.613072 -0.212568 0
-0.131991 0.377893 -0.177904 1
0.026404 -0.551552 -0.157506 0
0.073521 0.713937 -0.115630 2
-0.172132 0.671245 -0.295693 1
0.028942 -0.604721 -0.156213 0
-0.046401 0.112507 -0.185402 1
0.120419 -0.031963 -0.101037 1
0.115571 -0.186954 -0.141952 0
0.108404 -0.239200 -0.172796 0
-0.128398 0.548431 -0.275275 1
0.009125 0.289545 -0.295159 1
0.067444 0.003523 -0.202785 2
-0.197755 0.545082 -0.194362 1
0.099965 -0.555297 -0.121829 0
0.018883 -0.414343 -0.172348 0
-0.012607 -0.093384 -0.177873 1
0.084568 0.374040 -0.155958 2
0.154605 0.112868 -0.318233 1
0.055369 -0.607395 -0.123627 0
0.090193 -0.167615 -0.252150 1
-0.057004 0.168901 -0.095281 1
0.107768 -0.700925 -0.142739 0
0.014343 0.365498 -0.157494 2
0.014232 0.584744 -0.127087 2
-0.026638 0.315430 -0.012082 1
0.115594 -0.473056 -0.156250 0
-0.088436 0.428913 -0.004141 1
0.000999 0.819737 -0.112626 2
0.048354 -0.067548 -0.081349 1
0.030407 -0.323209 -0.195765 0
-0.150780 0.425939 -0.086546 1
0.082629 0.015548 -0.180196 2
-0.223942 0.757210 -0.283287 1
0.018922 -0.447699 -0.163813 0
0.069836 -0.614588 -0.118383 0
0.061331 -0.345207 -0.128229 0
0.037430 -0.528857 -0.185501 0
0.046175 0.327008 -0.326300 1
0.083625 -0.794884 -0.175333 0
0.084506 -0.843783 -0.165183 0
-0.223864 0.630237 -0.041943 1
0.041918 0.273406 -0.138792 2
0.095840 -0.610660 -0.187365 0
0.094370 -0.749765 -0.107229 0
-0.057861 0.520522 -0.316220 1
0.093068 0.481017 -0.154668 2
0.102266 -0.866919 -0.122922 0
-0.128812 0.344604 -0.147725 1
0.108635 -0.385181 -0.187293 0
0.108326 0.610775 -0.179670 2
-0.141456 0.538534 -0.264095 1
0.083732 0.065175 -0.177691 2
0.062468 -0.864656 -0.084306 0
-0.249648 0.752130 -0.225405 1
-0.044113 0.121424 -0.157093 1
0.075834 0.020946 -0.147688 2
-0.111692 0.525995 -0.281962 1
-0.009562 0.439767 -0.319460 1
-0.054534 0.345988 -0.260029 1
-0.136301 0.349983 -0.121439 1
0.079895 0.369216 -0.377297 1
0.075590 0.093340 -0.298441 1
0.039402 -0.799966 -0.091362 0
-0.241646 0.679104 -0.186774 1
0.069580 0.301051 -0.211875 2
0.102552 0.067586 -0.298244 1
-0.071533 0.320925 -0.236070 1
0.094941 -0.369240 -0.200498 0
0.079352 0.041447 -0.203612 2
0.066436 -0.752990 -0.195309 0
-0.093228 0.290718 -0.193493 1
0.103488 -0.364984 -0.142705 0
0.010988 0.661659 -0.131751 2
0.099267 -0.377578 -0.133720 0
-0.216525 0.575635 -0.136123 1
-0.004555 0.418565 -0.317923 1
0.108162 0.158914 -0.317709 1
-0.215814 0.610465 -0.033536 1
0.079590 0.147505 -0.036747 1
0.064815 -0.232297 -0.228933 0
0.046525 0.409180 -0.234618 2
0.035827 -0.197797 -0.214772 1
-0.165210 0.705027 -0.311745 1
0.077757 -0.133873 -0.088144 0
0.107499 0.123755 -0.310525 1
-0.110144 0.358063 -0.063896 1
0.001975 -0.229845 -0.155387 0
-0.077457 0.436981 -0.275013 1
0.122763 0.237171 -0.350529 1
-0.260320 0.734217 -0.157080 1
0.087823 -0.192779 -0.246342 1
0.082220 -0.006273 -0.176977 2
0.053468 -0.654376 -0.209598 0
0.105836 0.291246 -0.345748 1
0.014345 0.781441 -0.102948 2
0.106601 -0.648671 -0.130634 0
0.063670 -0.472322 -0.131679 0
0.053363 0.222735 -0.310032 1
0.042620 -0.501266 -0.136177 0
0.059719 0.039492 -0.139328 2
-0.072001 0.339984 -0.032060 1
-0.015109 0.008262 -0.142146 1
0.021777 0.656314 -0.113185 2
0.003214 0.719841 -0.119140 2
0.101046 -0.554910 -0.182828 0
-0.075400 0.379122 -0.019136 1
-0.249493 0.755674 -0.121634 1
0.041149 -0.868248 -0.098540 0
0.094892 0.343612 -0.371811 1
0.057734 0.229818 -0.025425 1
0.098571 0.016053 -0.289698 1
0.043314 0.416084 -0.347809 1
0.117407 -0.163027 -0.164613 0
-0.111488 0.337102 -0.083923 1
0.038772 0.749090 -0.101209 2
0.098823 -0.256745 -0.120759 0
