-0.055642 0.411654 0.059517 3
0.172064 -0.971844 0.160977 0
0.145537 -0.307337 -0.488072 2
-0.556588 0.380452 0.374133 3
0.141851 -0.397387 0.082135 3
0.110078 0.022229 0.023281 3
-0.167796 -0.217480 -0.046811 3
-0.352521 0.533186 0.156062 3
0.165486 -0.140100 -0.231492 2
0.160892 -0.682204 0.130314 0
0.061389 0.232069 0.034183 3
0.126850 -0.187881 0.050137 3
0.123358 -0.499826 -0.427768 2
0.244308 -0.474826 0.237532 1
-0.177807 0.501531 0.151173 3
-0.500798 0.473154 0.231798 3
0.127334 -0.171997 -0.391462 2
0.163780 -0.204938 -0.092960 2
0.162343 -0.826806 0.145898 0
0.152375 -0.540849 0.098644 0
0.156354 -0.299110 0.014489 2
-0.013299 0.315870 0.008550 3
0.072636 0.125478 0.003518 3
0.105397 -0.084750 0.024096 3
0.112512 -0.401231 -0.460951 2
-0.573634 0.420222 0.278258 3
-0.411760 0.518572 0.241861 3
0.176368 -0.536716 0.198373 1
-0.142198 0.464193 0.066818 3
-0.268999 0.509346 0.111509 3
0.165240 -0.233165 -0.441914 2
0.172958 -0.149526 -0.320042 2
0.128241 -0.160201 -0.157974 2
-0.242338 0.528818 0.184857 3
0.180452 -0.607263 0.135007 1
-0.519858 0.467280 0.306634 3
0.128596 -0.243595 -0.037211 2
-0.424546 0.504291 0.168073 3
0.166531 -0.900106 0.143801 0
0.166397 -0.755089 0.130124 0
0.155241 -0.467927 0.091726 0
-0.207785 0.486168 0.084310 3
-0.005801 0.363583 0.058057 3
0.129258 -0.257390 0.059098 3
0.137508 -0.332092 0.071014 3
0.210240 -0.483356 0.182983 1
-0.123017 0.469975 0.126872 3
0.111440 -0.267053 -0.453793 2
0.030818 0.287386 0.042321 3
0.125725 -0.141391 -0.281041 2
0.050650 0.180697 -0.002995 3
-0.465278 0.502650 0.268885 3
-0.544347 0.418194 0.331135 3
0.191921 -0.539002 0.141368 1
0.081451 0.066492 -0.000848 3
-0.300939 0.537988 0.181872 3
0.145494 -0.446796 -0.447704 2
0.154123 -0.361966 -0.474905 2
-0.104396 0.431273 0.040079 3
0.131890 -0.134092 0.036188 3
0.095832 -0.030810 0.016623 3
0.105181 -0.336168 -0.466178 2
0.147773 -0.567015 0.155536 1
-0.458281 0.498375 0.210473 3
-0.092977 0.446512 0.090186 3
0.172731 -0.195959 -0.403761 2
-0.373165 0.527148 0.207101 3
-0.548250 0.454565 0.248683 3
-0.225720 0.514006 0.137733 3
0.127946 -0.157324 -0.341250 2
0.202066 -0.502649 0.227884 1
-0.312988 0.518125 0.132355 3
0.168899 -0.152186 -0.184674 2
-0.165408 0.484628 0.107994 3
0.128194 -0.202600 -0.427911 2
0.170147 -0.165044 -0.367932 2
0.164966 -0.174317 -0.131717 2
0.026367 0.251280 0.012621 3
0.128193 -0.149679 -0.204058 2
0.157980 -0.267423 -0.472068 2
0.081676 0.162392 0.026741 3
0.160297 -0.640118 0.112764 0
0.169578 -0.142363 -0.276523 2
0.127084 -0.189785 -0.112075 2
0.010566 0.323511 0.057315 3
-0.044321 0.370537 0.039631 3
-0.272652 0.527574 0.151125 3
0.152624 -0.581894 0.111339 0
0.128358 -0.214844 -0.068903 2
0.098372 0.096912 0.023228 3
0.155969 -0.267759 -0.016383 2
0.156164 -0.365104 0.053246 2
-0.581372 0.399547 0.313805 3
0.128580 -0.328185 0.031320 2
0.135883 -0.438320 0.072948 0
-0.388224 0.520326 0.170655 3
-0.538252 0.415475 0.370424 3
-0.494776 0.477455 0.275211 3
0.127085 -0.139099 -0.241421 2
-0.206752 0.517164 0.174606 3
0.187032 -0.512189 0.168348 1
-0.541673 0.436580 0.297730 3
0.007160 0.283721 0.005778 3
0.125386 -0.052873 0.029460 3
0.140664 -0.293490 0.060075 3
0.151550 -0.397247 -0.461407 2
0.160485 -0.227935 -0.054231 2
0.169958 -0.938136 0.144774 0
0.106050 0.060551 0.026797 3
0.159667 -0.719135 0.136916 0
0.107092 -0.299438 -0.470926 2
0.168434 -0.863520 0.147608 0
0.063984 0.195190 0.027898 3
-0.198306 0.499454 0.118365 3
0.041422 0.215015 0.004388 3
0.136607 -0.222748 0.049211 3
0.153735 -0.503331 0.098383 0
0.166779 -0.793317 0.133360 0
0.110668 -0.437772 -0.448639 2
-0.017911 0.346373 0.026795 3
0.122561 -0.234526 -0.443159 2
-0.174508 0.478864 0.074434 3
-0.081714 0.405493 0.036588 3
0.187861 -0.573739 0.136253 1
0.146910 -0.611784 0.129792 1
-0.442071 0.502539 0.240349 3
0.128091 -0.287642 -0.000801 2
-0.063409 0.424053 0.090266 3
-0.029879 0.391952 0.069730 3
-0.126741 0.447641 0.093779 3
-0.527014 0.459747 0.274413 3
0.114163 -0.369007 -0.470473 2
-0.339311 0.537042 0.186593 3
0.220283 -0.474136 0.214362 1
0.166266 -0.540618 0.166882 1
-0.237857 0.500621 0.103912 3
0.117717 -0.468856 -0.440161 2
0.142054 -0.148219 -0.308487 2
-0.111164 0.455199 0.062408 3
0.111301 -0.159265 0.034909 3
-0.081068 0.430675 0.063379 3
-0.151589 0.488250 0.139236 3
0.046701 0.260178 0.039077 3
-0.403686 0.514442 0.211679 3
0.107435 -0.116011 0.028627 3
0.189602 -0.503620 0.198124 1
0.134170 -0.335495 -0.482268 2
0.118026 -0.012257 0.027391 3
0.011388 0.306860 0.028359 3
0.090968 0.000427 0.012861 3
-0.538716 0.399294 0.396129 3
0.133906 -0.422668 -0.462208 2
0.086101 0.037633 0.007127 3
0.132502 -0.383631 0.055841 2
-0.322999 0.536226 0.158326 3
0.078289 0.096786 -0.001512 3
0.133335 -0.285862 -0.471432 2
0.138957 -0.363789 0.077162 3
-0.435609 0.510044 0.194522 3
0.129242 -0.354366 0.044129 2
-0.478465 0.495216 0.230963 3
-0.142340 0.474105 0.094393 3
0.157490 -0.212395 -0.423579 2
0.157517 -0.163975 -0.157371 2
-0.536113 0.448084 0.323310 3
0.141384 -0.164739 -0.367840 2
0.155014 -0.340719 0.038684 2
0.063515 0.152023 -0.000809 3
0.156105 -0.157101 -0.341596 2
-0.550721 0.397057 0.352417 3
0.140813 -0.251028 -0.456338 2
0.143519 -0.190980 -0.407867 2
0.129357 -0.095316 0.033278 3
0.091606 0.127752 0.023315 3
0.146972 -0.144256 -0.261204 2
0.127076 -0.265538 -0.016741 2
-0.254300 0.510552 0.140429 3
-0.291714 0.516896 0.167457 3
0.141950 -0.480863 -0.433418 2
0.137563 -0.174034 -0.136570 2
0.141730 -0.155320 -0.181414 2
-0.518387 0.459542 0.246976 3
-0.258121 0.511984 0.171014 3
-0.565437 0.435527 0.257747 3
-0.285435 0.511343 0.132609 3
0.156169 -0.422321 0.078427 2
0.170998 -0.555833 0.145640 1
-0.107043 0.461021 0.107000 3
0.217805 -0.484525 0.238569 1
0.161997 -0.583293 0.135825 1
0.157248 -0.246903 -0.036589 2
0.100660 -0.059387 0.020782 3
0.156933 -0.147307 -0.208182 2
0.129026 -0.307531 0.015651 2
0.156716 -0.180498 -0.388408 2
0.000241 0.329888 0.034692 3
-0.365702 0.530544 0.182869 3
-0.276086 0.535909 0.174961 3
0.174569 -0.658158 0.123520 0
0.177622 -0.634063 0.129906 1
-0.177720 0.484344 0.129876 3
-0.209861 0.495346 0.143096 3
-0.337766 0.522426 0.138965 3
0.156997 -0.188013 -0.112507 2
0.136956 -0.201752 -0.092808 2
-0.057314 0.391171 0.043373 3
0.158783 -0.606750 0.108831 0
0.156110 -0.387378 0.063523 2
0.046346 0.236837 0.015655 3
0.130245 -0.387192 -0.471659 2
-0.413261 0.514718 0.186585 3
0.188497 -0.521681 0.213949 1
-0.143035 0.480238 0.117443 3
-0.296016 0.533328 0.150839 3
0.026426 0.274248 0.018626 3
0.136038 -0.415520 0.066866 2
0.151871 -0.318943 0.026298 2
-0.188372 0.483182 0.103236 3
0.063095 0.171388 0.014611 3
0.151311 -0.658170 0.126770 0
0.151414 -0.214746 -0.072777 2
-0.122890 0.468040 0.082966 3
-0.215794 0.534453 0.187199 3
0.132099 -0.166613 0.041156 3
-0.375515 0.524477 0.152043 3
-0.025392 0.375772 0.054153 3
0.141826 -0.224021 -0.436736 2
-0.222453 0.498650 0.121203 3
0.141647 -0.145622 -0.224880 2
-0.239542 0.520613 0.154358 3
0.121117 -0.239407 0.048330 3
0.086488 0.078635 0.017281 3
0.150964 -0.146153 -0.288207 2
0.129331 -0.312485 0.059169 3
0.120459 -0.315594 -0.477980 2
0.146113 -0.447141 0.090428 0
0.117771 -0.212227 0.044774 3
-0.449025 0.491197 0.191912 3
-0.198773 0.510685 0.154058 3
-0.387976 0.516899 0.194726 3
0.001999 0.343692 0.051536 3
0.201166 -0.495097 0.166992 1
0.155027 -0.560437 0.109517 0
0.137309 -0.230829 -0.052284 2
-0.045425 0.411673 0.078499 3
-0.506599 0.478340 0.293762 3
0.202219 -0.489434 0.207902 1
0.021034 0.305992 0.047290 3
-0.482909 0.494586 0.278978 3
0.160102 -0.703074 0.123174 0
0.162239 -0.247874 -0.456675 2
0.078115 0.142451 0.016607 3
-0.104922 0.436860 0.070583 3
0.133370 -0.362322 -0.478119 2
0.154532 -0.332682 -0.486426 2
-0.389777 0.524725 0.223398 3
0.158487 -0.281505 -0.000902 2
0.168467 -0.919283 0.153560 0
0.154951 -0.289106 -0.484359 2
0.056741 0.196941 0.008598 3
-0.244135 0.502016 0.124587 3
0.118067 -0.032875 0.026592 3
-0.577468 0.411450 0.297445 3
0.110297 -0.138987 0.031627 3
-0.021791 0.362929 0.038525 3
0.179017 -0.519530 0.187588 1
0.169150 -0.138728 -0.251570 2
0.149667 -0.638184 0.130420 1
-0.212585 0.493203 0.102827 3
0.144439 -0.591605 0.128866 1
-0.545422 0.422591 0.350793 3
-0.453681 0.494144 0.254754 3
-0.472910 0.483141 0.215807 3
0.162301 -0.960052 0.147911 0
0.166815 -0.145608 -0.301290 2
0.179658 -0.530691 0.155639 1
-0.431260 0.512408 0.254126 3
0.056517 0.218325 0.020419 3
0.161834 -0.775062 0.139961 0
0.120489 -0.072405 0.028639 3
-0.403456 0.513547 0.159609 3
-0.217827 0.507140 0.158875 3
0.141974 -0.257992 -0.027636 2
0.142024 -0.152220 -0.328085 2
0.118416 -0.346492 -0.476875 2
0.091300 0.055659 0.014405 3
-0.078256 0.435780 0.082584 3
0.123645 -0.452455 -0.450781 2
-0.041795 0.396145 0.054607 3
0.133094 -0.267432 -0.463996 2
0.001050 0.302565 0.010594 3
0.104001 0.040415 0.019394 3
0.128222 -0.279115 0.055501 3
-0.161327 0.478740 0.088775 3
-0.421901 0.508970 0.228338 3
-0.072161 0.418286 0.051353 3
0.078549 0.111711 0.015834 3
0.149598 -0.522048 0.102495 0
0.161803 -0.736576 0.127255 0
0.155186 -0.557720 0.170649 1
0.151265 -0.487041 0.088472 0
0.138694 -0.463209 0.083189 0
-0.225738 0.518878 0.173275 3
0.076560 0.180410 0.030326 3
-0.127717 0.473469 0.108327 3
0.114317 -0.177655 0.038792 3
0.139435 -0.242475 0.053105 3
-0.544403 0.431298 0.317359 3
0.168950 -0.846538 0.139075 0
0.126915 -0.181940 -0.408067 2
-0.109820 0.454514 0.087415 3
0.162778 -0.881487 0.147842 0
0.166608 -0.547232 0.186178 1
-0.496183 0.487538 0.243012 3
0.110060 -0.418665 -0.454433 2
0.145813 -0.378661 -0.465756 2
0.150217 -0.144667 -0.241459 2
0.128912 -0.139550 -0.261394 2
-0.533230 0.451656 0.291020 3
0.094985 0.022062 0.011781 3
0.141489 -0.276125 -0.006306 2
0.002009 0.323635 0.017391 3
0.193294 -0.517051 0.151665 1
-0.189499 0.487863 0.082420 3
0.165799 -0.620250 0.127050 1
0.123027 -0.250970 -0.451755 2
0.165535 -0.811485 0.135273 0
0.113375 -0.283490 -0.464713 2
-0.192728 0.491449 0.137371 3
0.021971 0.292085 0.027155 3
0.137338 -0.466267 -0.443193 2
-0.155548 0.468706 0.111128 3
0.162073 -0.601848 0.130001 1
-0.067525 0.419884 0.070370 3
0.144251 -0.348758 0.068641 3
-0.541912 0.434973 0.337280 3
0.107609 -0.382618 -0.460630 2
0.172905 -0.157116 -0.348068 2
0.110581 0.004247 0.022673 3
-0.309436 0.521395 0.151737 3
-0.509289 0.474962 0.247977 3
-0.021536 0.329245 0.017196 3
-0.095410 0.438771 0.055595 3
0.104947 -0.317279 -0.469333 2
-0.439115 0.500640 0.177676 3
0.141554 -0.397604 0.062897 2
-0.142521 0.457085 0.099518 3
-0.318561 0.533823 0.175363 3
0.066757 0.211564 0.034215 3
0.031578 0.269468 0.038261 3
-0.551158 0.403291 0.370357 3
-0.473723 0.488408 0.262894 3
0.129578 -0.112894 0.034179 3
-0.267976 0.516152 0.127683 3
-0.090369 0.420863 0.038177 3
0.140957 -0.183699 -0.120863 2
0.041910 0.251906 0.023379 3
-0.007335 0.353143 0.039710 3
0.172554 -0.174890 -0.383601 2
0.101928 -0.014498 0.017966 3
0.112707 -0.099342 0.030244 3
-0.113397 0.443881 0.047985 3
0.128293 -0.407188 -0.467788 2
0.138231 -0.383428 0.072336 3
0.141876 -0.158685 -0.351501 2
0.233838 -0.467210 0.222668 1
0.140621 -0.498334 -0.427976 2
0.180395 -0.969845 0.145927 0
-0.449349 0.508672 0.263124 3
0.138123 -0.367248 0.051426 2
0.157858 -0.199916 -0.411510 2
0.188060 -0.555302 0.137496 1
-0.156324 0.472271 0.072279 3
-0.337652 0.534499 0.167046 3
-0.127621 0.458836 0.059317 3
-0.209940 0.507862 0.131401 3
-0.515230 0.464711 0.288068 3
-0.252465 0.513317 0.114818 3
0.125551 -0.219002 -0.435735 2
0.146570 -0.237637 -0.445819 2
0.177055 -0.590412 0.132329 1
0.146512 -0.577454 0.139205 1
-0.273328 0.521190 0.166745 3
0.156190 -0.406632 0.072267 2
0.119641 -0.147576 0.043618 3
0.108271 -0.352592 -0.464803 2
0.132975 -0.301711 -0.476835 2
0.125434 -0.142906 -0.221688 2
0.195988 -0.496037 0.182880 1
0.135937 -0.201184 0.045601 3
0.156108 -0.158324 -0.173050 2
0.215449 -0.476421 0.198532 1
-0.530410 0.452716 0.307416 3
-0.177656 0.476178 0.090940 3
0.142111 -0.295243 0.006925 2
0.133262 -0.438530 -0.457549 2
-0.257451 0.527160 0.178367 3
0.143107 -0.415511 0.085883 3
0.156877 -0.149589 -0.316344 2
-0.287320 0.519552 0.148233 3
-0.297963 0.524447 0.134766 3
0.142144 -0.179483 -0.396171 2
-0.519865 0.467814 0.262040 3
-0.157643 0.484762 0.123306 3
-0.178235 0.492159 0.114794 3
-0.169418 0.495615 0.138328 3
0.122960 -0.484108 -0.432103 2
-0.257822 0.529981 0.157427 3
0.176414 -0.526601 0.171042 1
0.101593 0.078754 0.023242 3
-0.352588 0.533779 0.173905 3
0.128557 -0.144827 -0.296596 2
0.128416 -0.150573 -0.316718 2
0.052959 0.246000 0.034726 3
0.071926 0.156999 0.014193 3
0.147515 -0.154832 -0.196301 2
0.138265 -0.339060 0.037819 2
0.104551 -0.043990 0.019747 3
0.141122 -0.167470 -0.152136 2
-0.370684 0.525236 0.167159 3
0.117957 -0.123505 0.037867 3
0.059047 0.167391 -0.005092 3
0.142622 -0.410540 -0.456893 2
-0.253378 0.500450 0.100708 3
-0.123279 0.454536 0.074791 3
-0.099650 0.451028 0.075106 3
-0.487184 0.479143 0.226543 3
0.211503 -0.484749 0.221984 1
0.011592 0.319838 0.038909 3
0.146396 -0.196234 -0.104297 2
-0.377538 0.520209 0.183388 3
-0.069615 0.399067 0.049089 3
0.145152 -0.429407 -0.452953 2
-0.137767 0.463171 0.083758 3
0.086929 0.096936 0.011502 3
0.166513 -0.948103 0.156961 0
0.169073 -0.222033 -0.431828 2
0.156402 -0.161844 -0.356333 2
0.179087 -0.923393 0.143120 0
-0.195599 0.495347 0.097100 3
0.142269 -0.350081 -0.481044 2
0.141977 -0.322306 -0.487207 2
0.128654 -0.166614 -0.376284 2
0.142293 -0.319119 0.064270 3
-0.445218 0.501749 0.203071 3
-0.567730 0.435643 0.272871 3
-0.241885 0.521028 0.139263 3
0.141447 -0.223521 -0.065040 2
-0.302269 0.527523 0.170437 3
0.192519 -0.507038 0.214936 1
0.161630 -0.646904 0.126319 1
0.151873 -0.172427 -0.141477 2
-0.401420 0.516706 0.177176 3
0.155016 -0.620396 0.114241 0
0.161414 -0.661671 0.116071 0
-0.286808 0.531717 0.162725 3
0.095058 0.111660 0.023496 3
0.141898 -0.143366 -0.276443 2
-0.323757 0.526749 0.142570 3
0.142065 -0.162224 -0.168015 2
-0.118225 0.467816 0.098120 3
0.128659 -0.161688 -0.357995 2
-0.136884 0.478899 0.131054 3
0.156647 -0.169553 -0.372651 2
-0.038997 0.404529 0.067018 3
0.142350 -0.206420 -0.424903 2
0.031156 0.237156 0.013260 3
-0.558636 0.442081 0.246249 3
0.144053 -0.432455 0.089900 0
-0.407464 0.516264 0.227892 3
-0.390200 0.518239 0.155026 3
0.145974 -0.351189 0.043907 2
0.014490 0.295930 0.015003 3
-0.030801 0.353208 0.032031 3
0.117246 -0.195685 0.042131 3
-0.495642 0.486291 0.286969 3
-0.262306 0.525712 0.140833 3
-0.537117 0.407960 0.383019 3
0.063390 0.183576 0.006381 3
0.145581 -0.240243 -0.042517 2
0.161159 -0.140829 -0.264613 2
0.081894 0.083741 0.004133 3
0.178915 -0.542877 0.146923 1
0.165519 -0.166194 -0.143898 2
0.158237 -0.556893 0.154129 1
0.141661 -0.170870 -0.381387 2
0.168530 -0.144885 -0.199681 2
0.161581 -0.566780 0.143725 1
0.125635 -0.254126 -0.027596 2
0.133358 -0.192040 -0.418112 2
0.126927 -0.156582 -0.171913 2
0.152084 -0.206267 -0.084570 2
0.088941 0.146335 0.025314 3
0.169487 -0.207485 -0.415432 2
0.129096 -0.153836 -0.188124 2
-0.090144 0.438368 0.071393 3
0.141258 -0.476873 0.089840 0
0.159097 -0.964256 0.161222 0
-0.005287 0.335319 0.022668 3
0.142197 -0.148873 -0.208165 2
-0.038244 0.382971 0.043219 3
0.158292 -0.188974 -0.399796 2
-0.355775 0.532097 0.193016 3
0.145948 -0.378939 0.054861 2
0.121758 -0.294232 -0.472202 2
0.143268 -0.307075 0.015879 2
0.155249 -0.439047 0.083147 0
-0.337664 0.529854 0.151078 3
-0.279113 0.510918 0.158831 3
0.145695 -0.280558 -0.475954 2
0.114800 -0.332798 -0.476529 2
0.151659 -0.256282 -0.463748 2
0.128447 -0.207531 -0.081009 2
0.017778 0.265609 0.011570 3
-0.239630 0.506599 0.137149 3
0.171176 -0.533182 0.182297 1
0.153697 -0.595289 0.115394 0
0.168559 -0.141690 -0.217892 2
0.140064 -0.265680 0.055769 3
-0.411644 0.508009 0.172062 3
0.069241 0.139970 0.003404 3
-0.229316 0.533326 0.182677 3
0.151311 -0.179353 -0.129132 2
-0.547130 0.411199 0.342940 3
-0.388913 0.522695 0.207350 3
0.181504 -0.522127 0.201941 1
0.165240 -0.934288 0.157330 0
-0.156411 0.467317 0.097349 3
-0.425780 0.510394 0.182616 3
-0.309738 0.535074 0.154668 3
0.170773 -0.671336 0.122333 0
-0.525244 0.455287 0.258115 3
0.034397 0.263045 0.018377 3
-0.085143 0.424311 0.050415 3
0.127702 -0.168300 -0.144219 2
0.147815 -0.431534 0.072671 2
0.186289 -0.508890 0.182945 1
-0.534320 0.445410 0.278907 3
-0.540311 0.442366 0.310021 3
0.174802 -0.566219 0.137651 1
0.169735 -0.153093 -0.332796 2
-0.505243 0.471391 0.281462 3
-0.361146 0.524332 0.150352 3
0.076111 0.171851 0.018571 3
0.152204 -0.671691 0.125799 0
-0.104438 0.439248 0.090533 3
0.150937 -0.457494 0.082341 0
0.200800 -0.489450 0.194446 1
0.127643 -0.293854 0.056519 3
0.141944 -0.267526 -0.016696 2
0.165230 -0.194512 -0.104061 2
-0.461633 0.487670 0.203040 3
-0.052150 0.402398 0.048696 3
-0.001997 0.311788 0.022355 3
-0.010802 0.375610 0.061402 3
0.155153 -0.143771 -0.221031 2
-0.469538 0.496015 0.220944 3
-0.197751 0.502393 0.143580 3
0.138275 -0.398714 -0.464965 2
-0.428822 0.500755 0.240548 3
0.133941 -0.302567 0.067210 3
0.113948 -0.060809 0.027646 3
0.128705 -0.180817 -0.125307 2
-0.277448 0.520217 0.138538 3
-0.225974 0.494870 0.102067 3
-0.119330 0.465704 0.068750 3
0.137783 -0.450807 0.078556 0
0.072345 0.112228 0.002873 3
0.105718 -0.028028 0.026778 3
0.117774 -0.087109 0.030918 3
-0.153182 0.478903 0.102925 3
-0.557560 0.448228 0.257940 3
0.137526 -0.319728 0.026423 2
0.229780 -0.480419 0.234677 1
0.095002 0.068635 0.015855 3
-0.115346 0.444271 0.077225 3
-0.551453 0.390872 0.365904 3
0.138129 -0.141729 -0.248142 2
0.015788 0.283342 0.018639 3
0.164011 -0.718236 0.124554 0
0.133486 -0.242423 -0.449660 2
0.155691 -0.256680 -0.027981 2
0.101063 0.012778 0.019721 3
0.162179 -0.801686 0.143271 0
0.127368 -0.213195 0.053565 3
0.157848 -0.236108 -0.044416 2
0.045732 0.223900 0.014170 3
-0.109902 0.459666 0.075458 3
-0.177941 0.488617 0.097751 3
-0.246224 0.516492 0.173364 3
-0.110696 0.463145 0.119207 3
-0.375963 0.526913 0.194508 3
0.057811 0.203931 0.019377 3
-0.130294 0.459837 0.102413 3
0.017943 0.297415 0.038129 3
0.069976 0.188346 0.018826 3
0.127869 -0.196973 -0.100521 2
0.116496 -0.387182 -0.468697 2
0.178511 -0.619860 0.133456 1
0.161521 -0.221366 -0.068443 2
0.168387 -0.158149 -0.169318 2
0.005105 0.331818 0.047898 3
0.140191 -0.212430 -0.078473 2
-0.422821 0.512149 0.241769 3
-0.252763 0.512860 0.127958 3
-0.202712 0.485111 0.102484 3
-0.211206 0.507410 0.147060 3
0.165651 -0.181647 -0.121326 2
0.082273 0.123722 0.014063 3
0.157050 -0.224145 -0.435316 2
0.165204 -0.143924 -0.288338 2
-0.523715 0.457864 0.296656 3
0.161023 -0.746346 0.137532 0
0.124688 -0.267198 0.052568 3
0.174111 -0.183587 -0.392620 2
0.161656 -0.214559 -0.080146 2
0.129021 -0.276596 -0.007863 2
0.194433 -0.507003 0.159622 1
0.130171 -0.475147 -0.437118 2
0.026412 0.278599 0.031380 3
0.137072 -0.375845 -0.474299 2
-0.030574 0.387135 0.055154 3
0.118420 -0.412261 -0.461403 2
-0.132875 0.470037 0.074601 3
0.147134 -0.331163 0.034105 2
0.156604 -0.153980 -0.185249 2
-0.151049 0.474086 0.083396 3
0.156071 -0.143777 -0.275571 2
-0.189366 0.495347 0.110289 3
-0.168749 0.480295 0.120077 3
-0.018742 0.364588 0.050415 3
0.155350 -0.571321 0.103655 0
-0.252722 0.521428 0.147364 3
0.116930 -0.111212 0.037415 3
0.161766 -0.631893 0.126508 1
-0.101443 0.447673 0.063150 3
-0.485256 0.482553 0.269320 3
0.124441 -0.373889 -0.475144 2
-0.188118 0.504185 0.157324 3
-0.057923 0.419722 0.078048 3
-0.086606 0.434809 0.091552 3
0.161936 -0.766527 0.131133 0
0.143196 -0.295986 -0.484035 2
0.175008 -0.578455 0.134153 1
0.146194 -0.374117 0.072436 3
0.170147 -0.546961 0.154439 1
-0.006989 0.340930 0.040169 3
-0.225521 0.509176 0.126529 3
0.120185 -0.162670 0.042525 3
0.105370 -0.072570 0.023764 3
0.123606 -0.428454 -0.459262 2
0.047125 0.204272 0.009992 3
-0.390382 0.522557 0.184225 3
0.158057 -0.152540 -0.328083 2
0.165234 -0.692078 0.123113 0
-0.510755 0.464842 0.239172 3
-0.248923 0.501459 0.111934 3
-0.548774 0.411220 0.361507 3
0.126814 -0.227660 0.054387 3
0.083637 0.055763 0.004304 3
0.048979 0.192378 -0.000390 3
0.167403 -0.831680 0.136088 0
-0.129553 0.469880 0.094572 3
-0.290195 0.533852 0.174086 3
0.156822 -0.142862 -0.251369 2
-0.202646 0.498355 0.131818 3
-0.032759 0.367552 0.037086 3
0.146450 -0.266881 -0.468827 2
0.164428 -0.906124 0.153948 0
0.151341 -0.147700 -0.300939 2
0.129992 -0.347415 -0.479809 2
0.176228 -0.646505 0.125727 1
0.149286 -0.394378 0.073290 3
0.134434 -0.355495 0.067831 3
-0.006784 0.307590 0.003033 3
-0.329238 0.537051 0.179468 3
0.147339 -0.418734 0.068565 2
0.128402 -0.224403 -0.056780 2
0.122113 -0.359042 -0.476322 2
0.221318 -0.479088 0.225430 1
0.162740 -0.853183 0.147141 0
0.167320 -0.875091 0.139023 0
-0.072851 0.409628 0.043190 3
-0.207814 0.517023 0.162873 3
0.128071 -0.177504 0.043090 3
0.126417 -0.461849 -0.443854 2
0.125294 -0.200988 0.050591 3
0.121786 -0.267412 -0.460852 2
0.133703 -0.230886 -0.442830 2
-0.297327 0.515538 0.127171 3
0.128591 -0.153699 -0.328015 2
-0.142615 0.465498 0.107673 3
0.151602 -0.288410 0.006629 2
0.154113 -0.351025 -0.479030 2
0.067459 0.162086 0.003649 3
-0.213409 0.491773 0.114391 3
0.053581 0.231791 0.023286 3
0.146764 -0.459376 0.093067 0
-0.277404 0.512239 0.122046 3
-0.189405 0.495165 0.126858 3
-0.267845 0.516079 0.144237 3
0.169028 -0.162588 -0.156636 2
0.038514 0.261795 0.030996 3
0.162051 -0.786703 0.141648 0
0.121419 -0.438967 -0.452744 2
0.132940 -0.312478 -0.481068 2
0.118388 -0.135788 0.039248 3
0.102430 -0.004229 0.023236 3
-0.198568 0.480725 0.079999 3
-0.074076 0.430187 0.091740 3
0.208417 -0.495153 0.233851 1
0.113382 -0.047661 0.026124 3
0.016967 0.276800 0.009088 3
0.137157 -0.454434 -0.445676 2
0.151795 -0.513131 0.092724 0
0.164079 -0.894036 0.153226 0
0.156318 -0.375564 0.058327 2
0.172745 -0.962329 0.154668 0
0.139763 -0.282184 0.058655 3
0.094266 0.086919 0.016154 3
-0.574822 0.421792 0.289489 3
0.145193 -0.199377 -0.416406 2
0.101163 0.028149 0.019159 3
-0.305877 0.527695 0.142278 3
-0.202346 0.495850 0.107004 3
0.155943 -0.555237 0.099463 0
0.058327 0.219100 0.033177 3
-0.068018 0.427854 0.078428 3
0.146943 -0.442590 0.076282 0
0.147359 -0.492028 0.097849 0
0.074231 0.132065 0.014363 3
0.156318 -0.354410 0.047155 2
0.162047 -0.666263 0.127423 0
-0.398351 0.522341 0.230671 3
0.133292 -0.142321 -0.231735 2
-0.440261 0.504259 0.251367 3
0.136706 -0.214658 -0.433045 2
0.128805 -0.298892 0.008401 2
-0.182394 0.495684 0.135899 3
0.154356 -0.547331 0.107641 0
-0.006330 0.353098 0.053990 3
0.096203 0.036935 0.012057 3
0.005537 0.318686 0.027080 3
-0.111917 0.443577 0.062825 3
0.160384 -0.550076 0.162818 1
-0.362780 0.531864 0.162709 3
0.101821 0.051423 0.018978 3
-0.049257 0.383470 0.041164 3
0.147668 -0.217690 -0.429563 2
0.191801 -0.503092 0.175110 1
0.072951 0.192050 0.033822 3
-0.230330 0.502097 0.114036 3
-0.487162 0.487084 0.234425 3
0.121690 -0.397086 -0.468389 2
-0.347638 0.526298 0.147511 3
-0.066734 0.409186 0.054897 3
0.150141 -0.627031 0.130031 1
-0.276525 0.535943 0.161804 3
0.129172 -0.151314 0.039193 3
0.137998 -0.247980 -0.033157 2
-0.162751 0.479983 0.077809 3
-0.282540 0.531269 0.147617 3
-0.380704 0.523627 0.162623 3
0.200522 -0.494308 0.217745 1
0.157458 -0.238653 -0.447802 2
0.160098 -0.676528 0.119698 0
0.157783 -0.695271 0.130684 0
-0.185925 0.479279 0.076422 3
0.166087 -0.726809 0.131206 0
0.153878 -0.531863 0.105133 0
-0.007971 0.361743 0.046579 3
-0.021174 0.380009 0.063403 3
0.109465 -0.128081 0.030357 3
0.127159 -0.242021 0.057152 3
-0.174491 0.484690 0.083763 3
-0.464136 0.492165 0.259046 3
0.194633 -0.498691 0.208108 1
0.153747 -0.478998 0.095525 0
0.131923 -0.323507 -0.482979 2
0.192168 -0.526882 0.146948 1
0.168879 -0.214693 -0.423647 2
-0.117769 0.452082 0.098194 3
0.123498 -0.280756 -0.467807 2
-0.011734 0.326500 0.022282 3
-0.285452 0.522062 0.130480 3
0.151730 -0.222777 -0.061418 2
-0.147573 0.484140 0.127497 3
0.160455 -0.706608 0.133497 0
0.115640 -0.457315 -0.445193 2
0.109525 0.032437 0.027035 3
0.136212 -0.150245 -0.196715 2
-0.212587 0.502972 0.119666 3
0.137531 -0.275883 -0.470430 2
-0.095715 0.430538 0.048504 3
0.136465 -0.144109 -0.289181 2
0.164754 -0.782060 0.132190 0
0.162554 -0.841350 0.146128 0
0.123989 -0.252449 0.051021 3
-0.016803 0.355820 0.031973 3
0.162214 -0.546952 0.174668 1
0.113505 -0.307419 -0.474419 2
0.128557 -0.259214 -0.458624 2
0.153798 -0.322234 -0.489106 2
0.133531 -0.491397 -0.432205 2
0.001017 0.295720 0.002269 3
0.011233 0.307405 0.043073 3
-0.002604 0.313509 0.011752 3
0.089133 0.072096 0.007531 3
0.136002 -0.312891 0.070374 3
0.142537 -0.304944 0.061211 3
-0.301255 0.534769 0.162566 3
-0.132853 0.476774 0.121322 3
0.034055 0.272222 0.027336 3
0.169235 -0.821610 0.139517 0
0.147002 -0.371805 -0.474244 2
0.137963 -0.427493 0.071633 2
-0.048845 0.403930 0.062375 3
-0.217290 0.515404 0.167756 3
0.169933 -0.911351 0.146452 0
0.091030 0.012181 0.011448 3
-0.444721 0.503330 0.186318 3
0.147286 -0.407436 0.066490 2
0.114777 -0.257713 -0.449939 2
0.132416 -0.291546 0.066479 3
-0.231570 0.518129 0.147803 3
0.181739 -0.522676 0.162743 1
0.169298 -0.950720 0.147062 0
0.123199 -0.042518 0.028767 3
-0.570204 0.427383 0.266700 3
-0.015516 0.336074 0.027515 3
0.151699 -0.601992 0.127907 1
-0.162948 0.495152 0.146683 3
0.209885 -0.483104 0.211486 1
-0.529243 0.450882 0.266828 3
0.157746 -0.150519 -0.195149 2
-0.170995 0.480692 0.098066 3
-0.297695 0.520342 0.149928 3
0.151745 -0.247442 -0.455810 2
-0.212731 0.525087 0.178120 3
0.110874 -0.019687 0.023002 3
-0.197896 0.492270 0.086927 3
-0.513784 0.472240 0.298368 3
0.141716 -0.155804 -0.341419 2
-0.160590 0.491177 0.134750 3
-0.363037 0.524885 0.174279 3
0.173286 -0.601804 0.129709 1
-0.081303 0.417935 0.043081 3
-0.224885 0.538063 0.190868 3
0.021739 0.291330 0.045722 3
-0.381865 0.526042 0.214247 3
0.153460 -0.298937 -0.487452 2
-0.004710 0.321085 0.027725 3
0.136139 -0.212519 0.047523 3
0.166888 -0.159742 -0.356103 2
-0.366448 0.529870 0.197400 3
0.147736 -0.407020 0.078257 3
-0.157539 0.478615 0.113428 3
0.166968 -0.592520 0.131337 1
0.089462 0.116544 0.016020 3
0.157449 -0.197804 -0.096964 2
-0.145612 0.467363 0.077720 3
-0.117696 0.450812 0.055722 3
0.156470 -0.312147 0.020031 2
0.005635 0.300710 0.019652 3
-0.234833 0.520853 0.177712 3
0.133096 -0.257828 -0.021519 2
0.121054 -0.223247 0.047069 3
-0.076110 0.426548 0.071403 3
-0.052859 0.415018 0.070423 3
0.039206 0.230009 0.009076 3
0.070115 0.147236 0.011505 3
0.132687 -0.178431 -0.400068 2
0.141217 -0.387950 0.059401 2
0.114081 -0.447483 -0.447728 2
0.156760 -0.611799 0.126930 1
0.174883 -0.936965 0.153693 0
0.166448 -0.147710 -0.311321 2
-0.127631 0.456541 0.083857 3
0.147793 -0.425260 0.083632 3
-0.233815 0.516779 0.132096 3
-0.257961 0.507501 0.106548 3
0.151581 -0.274652 -0.007186 2
0.132497 -0.327098 0.063637 3
-0.425911 0.513004 0.193256 3
0.038655 0.247540 0.014736 3
0.116980 -0.246000 -0.445197 2
0.077654 0.075641 -0.003293 3
-0.397581 0.520336 0.218539 3
0.140406 -0.387164 -0.471176 2
0.151565 -0.174436 -0.379979 2
-0.409469 0.506983 0.224261 3
0.015324 0.316858 0.047878 3
0.053142 0.213354 0.012236 3
-0.397342 0.514226 0.191870 3
-0.477345 0.488192 0.223410 3
0.142777 -0.191199 -0.112326 2
-0.380445 0.525920 0.173982 3
0.005062 0.336401 0.057880 3
0.035263 0.278285 0.042593 3
-0.527578 0.459423 0.314457 3
0.144730 -0.358716 0.070423 3
0.148569 -0.383811 0.070769 3
0.170129 -0.638496 0.124728 1
-0.581075 0.400781 0.303771 3
-0.263993 0.515386 0.117890 3
0.128393 -0.233555 -0.048381 2
-0.118605 0.469219 0.117566 3
-0.543944 0.432873 0.306851 3
0.150267 -0.471712 0.083788 0
0.108874 -0.362592 -0.463531 2
0.146809 -0.338832 -0.484304 2
0.111176 -0.079470 0.030639 3
-0.545001 0.431046 0.327429 3
0.138060 -0.252401 0.054211 3
-0.313756 0.533767 0.166507 3
0.127520 -0.084729 0.031844 3
0.141651 -0.284743 -0.001102 2
-0.106080 0.437401 0.050385 3
-0.320966 0.523386 0.151631 3
0.160168 -0.651719 0.115398 0
0.161445 -0.141408 -0.240595 2
0.058793 0.185552 0.015069 3
0.169976 -0.970340 0.149321 0
0.167268 -0.858336 0.139113 0
0.058217 0.176086 0.002200 3
-0.169323 0.489796 0.129603 3
0.173516 -0.611781 0.128896 1
-0.136785 0.472815 0.104112 3
0.067589 0.183888 0.027576 3
0.161165 -0.760276 0.138899 0
-0.080401 0.415499 0.056283 3
0.133665 -0.446797 -0.451947 2
-0.248124 0.525632 0.155360 3
0.128585 -0.341430 0.038542 2
0.170041 -0.926313 0.146645 0
0.205395 -0.489731 0.174274 1
0.128101 -0.122745 0.034803 3
0.173393 -0.534956 0.162792 1
-0.117743 0.459231 0.091209 3
-0.117140 0.447791 0.088157 3
0.141700 -0.420527 -0.455877 2
0.136796 -0.141172 -0.268221 2
0.072743 0.171474 0.028385 3
0.156715 -0.590498 0.131557 1
0.082191 0.107811 0.007499 3
0.128854 -0.138781 -0.251528 2
0.086470 0.136196 0.023741 3
-0.502649 0.480088 0.242272 3
0.104256 -0.103245 0.026902 3
0.161822 -0.816578 0.143688 0
-0.342603 0.535094 0.158519 3
0.110810 -0.322357 -0.475436 2
-0.132861 0.461113 0.067620 3
0.161733 -0.172720 -0.380482 2
0.112735 -0.274915 -0.459900 2
0.179698 -0.519883 0.177767 1
-0.539434 0.439269 0.326186 3
0.114397 0.012113 0.027199 3
0.121820 -0.102587 0.031977 3
0.146305 -0.201329 -0.095903 2
-0.031706 0.375599 0.042611 3
0.151979 -0.386226 -0.464691 2
-0.009584 0.369991 0.051607 3
0.134297 -0.340405 0.066959 3
0.170036 -0.886391 0.143504 0
0.150778 -0.145509 -0.231741 2
0.224359 -0.469849 0.206586 1
-0.188814 0.481233 0.093686 3
0.159894 -0.736664 0.137207 0
0.207992 -0.482668 0.197890 1
0.136940 -0.193190 -0.104786 2
0.091035 0.106937 0.015691 3
0.144858 -0.572995 0.147686 1
0.185468 -0.513355 0.203278 1
-0.136248 0.473929 0.082835 3
-0.515234 0.467634 0.251291 3
-0.267346 0.512129 0.168032 3
0.133097 -0.146302 -0.211700 2
-0.184376 0.489531 0.090471 3
0.142963 -0.145828 -0.296451 2
0.162752 -0.871805 0.147547 0
-0.299035 0.516909 0.140976 3
0.060709 0.206907 0.028119 3
0.151585 -0.162405 -0.164848 2
0.236961 -0.472444 0.230169 1
0.170783 -0.141157 -0.265429 2
-0.269303 0.529408 0.172704 3
0.134150 -0.406770 0.063261 2
0.177096 -0.527382 0.195160 1
0.166252 -0.573880 0.139168 1
0.109923 -0.037716 0.024804 3
-0.394271 0.516029 0.202901 3
-0.118428 0.469146 0.107664 3
-0.327869 0.535634 0.166610 3
0.113739 -0.147644 0.034052 3
-0.312807 0.537950 0.181882 3
0.156822 -0.457696 0.089946 0
0.005892 0.312069 0.016020 3
0.195471 -0.513732 0.221174 1
0.131573 -0.272437 0.061548 3
-0.016791 0.353403 0.041405 3
-0.328889 0.528130 0.154582 3
-0.476726 0.492787 0.270897 3
-0.091172 0.438207 0.083837 3
0.128811 -0.317194 0.023335 2
0.109013 -0.392092 -0.460262 2
0.133549 -0.187459 0.043297 3
0.152292 -0.194255 -0.405971 2
-0.110472 0.446269 0.094798 3
0.147338 -0.362811 0.050473 2
0.138379 -0.352029 0.075778 3
-0.252904 0.522918 0.137991 3
0.133256 -0.234301 0.052274 3
-0.342401 0.536151 0.177678 3
0.157935 -0.275341 -0.477271 2
0.152001 -0.646861 0.127420 0
0.020369 0.306562 0.037806 3
0.087758 0.027293 0.008636 3
0.156092 -0.631907 0.114816 0
-0.134630 0.454681 0.094940 3
-0.101415 0.442805 0.079358 3
0.113710 -0.358136 -0.472153 2
0.128122 -0.140167 -0.272017 2
-0.049224 0.390546 0.048147 3
0.154270 -0.607005 0.117087 0
-0.222937 0.527076 0.176945 3
0.151511 -0.182965 -0.120456 2
0.053406 0.237009 0.031102 3
0.155892 -0.531482 0.095960 0
-0.267935 0.533334 0.159033 3
0.121743 -0.327279 -0.479624 2
-0.397045 0.518592 0.167969 3
-0.202416 0.490274 0.140480 3
0.081606 0.151357 0.022329 3
-0.101453 0.452520 0.091135 3
0.061985 0.195553 0.018751 3
0.136837 -0.347204 0.042206 2
0.146983 -0.151080 -0.320230 2
0.101870 0.088071 0.024015 3
0.143590 -0.358739 -0.477773 2
-0.325996 0.520180 0.136315 3
-0.253501 0.503560 0.128245 3
-0.092676 0.445996 0.078704 3
-0.142465 0.465105 0.091574 3
0.146766 -0.228955 -0.056510 2
0.138271 -0.355840 0.046335 2
0.161746 -0.164397 -0.363966 2
0.067933 0.179811 0.015715 3
-0.216893 0.501563 0.128074 3
-0.439891 0.510355 0.258377 3
-0.495946 0.480418 0.235838 3
0.160943 -0.255845 -0.463788 2
0.055128 0.187798 0.006830 3
0.133407 -0.412258 -0.461928 2
0.110695 -0.340470 -0.472258 2
-0.448159 0.501533 0.255637 3
-0.089234 0.430305 0.059016 3
0.040249 0.269911 0.041487 3
0.142463 -0.379490 0.079571 3
0.162114 -0.746644 0.128342 0
0.142370 -0.438230 -0.453327 2
0.179234 -0.556837 0.139810 1
0.141155 -0.143882 -0.236353 2
-0.423087 0.515272 0.250472 3
0.048790 0.241179 0.023440 3
0.139877 -0.183222 -0.404437 2
-0.072539 0.420326 0.062643 3
0.166731 -0.155565 -0.341404 2
-0.054259 0.418656 0.086434 3
-0.216578 0.514838 0.138358 3
-0.012221 0.346340 0.034879 3
0.145963 -0.147884 -0.217085 2
0.122815 -0.062743 0.029103 3
0.172495 -0.144031 -0.294238 2
-0.487860 0.486219 0.277335 3
-0.149565 0.470377 0.102662 3
0.151644 -0.561650 0.161906 1
0.156732 -0.686786 0.123530 0
0.137122 -0.331259 0.032668 2
-0.457628 0.503315 0.263866 3
0.137304 -0.371975 0.071719 3
0.105544 -0.327358 -0.468705 2
-0.117587 0.451505 0.067810 3
0.141614 -0.472027 -0.437485 2
-0.537320 0.446664 0.302506 3
-0.169481 0.476355 0.085365 3
0.146202 -0.144327 -0.252086 2
-0.244468 0.512966 0.142733 3
-0.351227 0.534681 0.182897 3
0.026846 0.295385 0.037835 3
0.104338 -0.094232 0.025478 3
-0.039741 0.387283 0.053920 3
-0.428845 0.502977 0.178279 3
0.094983 0.045541 0.014824 3
0.151806 -0.167433 -0.365224 2
0.128512 -0.164097 -0.367526 2
-0.230981 0.501985 0.123114 3
0.022511 0.286921 0.034626 3
0.151708 -0.583342 0.134080 1
0.132131 -0.184063 -0.117558 2
0.156885 -0.638628 0.121026 0
0.228777 -0.467686 0.215173 1
0.143186 -0.338756 0.067424 3
0.133696 -0.147399 -0.305111 2
0.174397 -0.169668 -0.376442 2
0.026105 0.282949 0.023452 3
0.108345 0.051801 0.026624 3
0.011442 0.325011 0.047356 3
0.025425 0.260263 0.012160 3
-0.530027 0.455603 0.281859 3
0.166729 -0.186570 -0.396882 2
0.110522 -0.427394 -0.452173 2
0.184743 -0.510762 0.194661 1
0.213091 -0.486952 0.231264 1
-0.037939 0.361419 0.032965 3
0.084142 0.090479 0.017156 3
0.144595 -0.388692 0.078482 3
-0.416966 0.512596 0.177706 3
0.115065 -0.378440 -0.470334 2
-0.262155 0.520003 0.171769 3
-0.038348 0.395603 0.062910 3
-0.472741 0.500435 0.273457 3
0.174832 -0.538417 0.154616 1
0.125567 -0.210632 -0.432475 2
-0.562518 0.442356 0.262793 3
0.046011 0.252476 0.034516 3
0.077934 0.162109 0.018472 3
0.065579 0.171192 0.003738 3
-0.239782 0.505004 0.111500 3
-0.145286 0.475443 0.110204 3
-0.007097 0.319801 0.018546 3
0.165571 -0.143868 -0.208071 2
0.118002 -0.023624 0.026712 3
0.185952 -0.563886 0.136130 1
0.157871 -0.596820 0.107637 0
0.145583 -0.177381 -0.388197 2
0.164566 -0.941414 0.151099 0
0.101109 0.003792 0.019531 3
0.145920 -0.343305 0.039598 2
0.151395 -0.184727 -0.396031 2
0.132352 -0.373927 0.052771 2
0.113733 -0.167674 0.036661 3
0.128190 -0.175341 -0.132320 2
0.184482 -0.586889 0.135769 1
-0.189174 0.500336 0.142340 3
0.007516 0.292686 0.010530 3
-0.169732 0.487770 0.115107 3
0.070029 0.166660 0.011661 3
-0.373587 0.528504 0.179024 3
0.101259 0.063010 0.019717 3
0.137050 -0.299451 0.012902 2
0.109506 -0.374030 -0.461928 2
-0.118114 0.458836 0.082336 3
0.146833 -0.162398 -0.357868 2
-0.369174 0.526421 0.158491 3
0.137494 -0.173913 -0.391072 2
0.136976 -0.241742 -0.041016 2
-0.407321 0.514716 0.168206 3
0.168640 -0.536516 0.174491 1
0.147892 -0.471966 0.094569 0
-0.546708 0.423418 0.337865 3
0.146836 -0.248073 -0.033245 2
-0.098012 0.439693 0.064769 3
0.151888 -0.447177 0.082340 0
-0.302798 0.526812 0.153875 3
0.133109 -0.220944 -0.063739 2
-0.439415 0.496364 0.247532 3
-0.203243 0.504721 0.123424 3
-0.452677 0.495693 0.198555 3
0.157824 -0.167637 -0.147942 2
0.151782 -0.567572 0.147177 1
0.128256 -0.142713 0.037531 3
0.174400 -0.161750 -0.360236 2
0.143301 -0.258938 -0.462961 2
0.143576 -0.172591 -0.144390 2
-0.467670 0.487849 0.210543 3
-0.109334 0.446942 0.071396 3
0.110405 -0.291370 -0.467220 2
0.156304 -0.620560 0.126511 1
0.133606 -0.395149 0.060090 2
0.145799 -0.177146 -0.137222 2
-0.206458 0.514921 0.153978 3
-0.332297 0.535376 0.158171 3
0.086730 0.063746 0.006349 3
0.156527 -0.192589 -0.105050 2
0.196262 -0.495098 0.199367 1
-0.222942 0.517703 0.146450 3
0.212659 -0.479615 0.190895 1
-0.082102 0.432238 0.074193 3
0.136641 -0.322529 0.069957 3
0.121642 -0.226863 -0.439125 2
-0.186186 0.486874 0.133892 3
0.141330 -0.331420 -0.485074 2
-0.469344 0.495320 0.266550 3
-0.285775 0.510657 0.123775 3
0.081212 0.116387 0.008500 3
0.147690 -0.171111 -0.372953 2
0.121847 -0.302448 -0.475017 2
0.142465 -0.420001 0.078485 3
0.161794 -0.218572 -0.428623 2
0.171821 -0.536962 0.190992 1
-0.083172 0.423064 0.059793 3
0.123717 -0.419106 -0.460876 2
-0.007141 0.340101 0.031550 3
-0.280691 0.514249 0.146532 3
-0.097951 0.424106 0.035556 3
0.094156 -0.007590 0.013504 3
0.161782 -0.195204 -0.405408 2
-0.246231 0.508085 0.117727 3
0.150993 -0.495368 0.090756 0
0.154786 -0.522939 0.095354 0
-0.007760 0.347653 0.047453 3
0.032956 0.284064 0.034656 3
0.125938 -0.243102 -0.445549 2
-0.165763 0.475077 0.071394 3
-0.422180 0.503830 0.235250 3
0.131887 -0.169588 -0.384553 2
0.068022 0.203551 0.031198 3
-0.416076 0.508334 0.164682 3
0.152467 -0.260954 -0.020332 2
-0.317034 0.523475 0.138299 3
0.136477 -0.160468 -0.160471 2
0.165992 -0.658708 0.123104 0
0.141841 -0.218618 -0.072090 2
-0.264063 0.527482 0.151463 3
-0.143264 0.482688 0.135368 3
0.157678 -0.574202 0.139313 1
0.192855 -0.499573 0.191292 1
0.146775 -0.234904 -0.049127 2
0.151668 -0.231986 -0.441894 2
0.132795 -0.294370 -0.472219 2
-0.026190 0.346637 0.028957 3
0.168510 -0.801279 0.135978 0
-0.235942 0.513234 0.141084 3
0.133462 -0.157632 -0.347768 2
0.146171 -0.288628 -0.478719 2
0.149192 -0.392368 0.063896 2
-0.322953 0.538978 0.184908 3
0.131045 -0.363548 0.048437 2
0.065880 0.202927 0.022652 3
0.143235 -0.458829 -0.441676 2
-0.025606 0.367152 0.044839 3
0.133594 -0.222373 -0.438051 2
0.131884 -0.499598 -0.430718 2
0.141895 -0.242739 -0.450818 2
-0.233471 0.506961 0.131314 3
-0.162790 0.482832 0.098462 3
-0.546458 0.424308 0.321708 3
0.081730 0.102156 0.015702 3
0.137371 -0.180507 -0.127852 2
0.168409 -0.771570 0.135906 0
0.085226 0.132133 0.016421 3
0.145985 -0.160439 -0.176189 2
0.089146 0.083819 0.010172 3
0.181630 -0.529955 0.205148 1
-0.137860 0.463215 0.075003 3
0.185478 -0.523423 0.155196 1
0.094828 0.077085 0.015726 3
-0.536766 0.444629 0.287930 3
-0.058239 0.407817 0.050909 3
0.016123 0.288373 0.011607 3
0.141470 -0.207654 -0.085316 2
-0.519387 0.465147 0.298488 3
-0.284833 0.518987 0.163054 3
0.202226 -0.490037 0.182082 1
0.189673 -0.514147 0.158699 1
0.151333 -0.513822 0.102228 0
-0.547876 0.407764 0.350581 3
-0.291188 0.516056 0.138081 3
-0.152832 0.478749 0.094528 3
0.105371 0.071595 0.025503 3
0.138999 -0.395016 0.074600 3
0.112716 -0.107739 0.030365 3
-0.317202 0.530035 0.155077 3
-0.309177 0.533380 0.175868 3
0.144144 -0.438641 0.083123 0
0.128774 -0.204171 -0.088675 2
0.136911 -0.141107 -0.256405 2
-0.282198 0.531929 0.169710 3
-0.123285 0.459673 0.097465 3
0.054789 0.224543 0.027272 3
-0.129935 0.474459 0.129688 3
0.098373 -0.022895 0.015762 3
0.156624 -0.147702 -0.307406 2
0.133135 -0.165093 -0.152609 2
0.165449 -0.956362 0.157526 0
-0.437259 0.506240 0.183972 3
-0.095720 0.435039 0.090074 3
-0.384091 0.523197 0.198579 3
0.076049 0.136777 0.007014 3
0.125106 -0.167779 0.046913 3
-0.048451 0.403966 0.070693 3
-0.177858 0.499769 0.143039 3
-0.103973 0.438939 0.058281 3
-0.178230 0.489019 0.123022 3
-0.291090 0.526858 0.138738 3
-0.448841 0.501252 0.244964 3
0.157811 -0.726702 0.130684 0
0.151362 -0.313149 -0.489100 2
0.067802 0.132169 0.000997 3
-0.445482 0.498154 0.194698 3
0.118641 -0.154340 0.038945 3
-0.222751 0.500219 0.111278 3
0.166772 -0.150274 -0.192445 2
0.136746 -0.160884 -0.359572 2
0.152295 -0.150151 -0.201348 2
0.155748 -0.334945 0.032819 2
-0.384088 0.519074 0.178493 3
0.136644 -0.150226 -0.317285 2
0.151552 -0.159434 -0.348073 2
-0.414039 0.512261 0.230867 3
0.141778 -0.232100 -0.441687 2
0.131815 -0.280584 0.062787 3
-0.287319 0.527554 0.153205 3
0.151741 -0.207233 -0.420733 2
0.146705 -0.313532 0.022864 2
0.107310 0.043656 0.027129 3
0.183687 -0.547131 0.141755 1
0.167183 -0.866525 0.139746 0
-0.430534 0.506289 0.234736 3
0.070216 0.151919 0.003925 3
0.175128 -0.526040 0.183132 1
0.146910 -0.154892 -0.188119 2
0.116931 -0.432094 -0.454178 2
0.188367 -0.513444 0.210944 1
0.165362 -0.178385 -0.385380 2
0.172407 -0.143439 -0.284470 2
-0.151189 0.481753 0.119260 3
-0.511145 0.471332 0.290669 3
-0.347378 0.534088 0.167595 3
0.073743 0.101964 0.002905 3
0.170628 -0.626782 0.126073 1
0.166357 -0.151164 -0.324589 2
0.129078 -0.301718 0.058188 3
-0.101601 0.451034 0.083035 3
0.152771 -0.573735 0.111429 0
0.165036 -0.926629 0.154457 0
0.141950 -0.391266 -0.464304 2
-0.408864 0.513240 0.178218 3
-0.244430 0.525013 0.177973 3
-0.154036 0.487768 0.131352 3
0.186551 -0.535037 0.146011 1
-0.536749 0.404941 0.390559 3
0.110242 -0.067667 0.029951 3
0.114907 -0.298013 -0.474401 2
0.108641 -0.056072 0.023760 3
0.073097 0.180076 0.023007 3
-0.163059 0.471909 0.096727 3
0.143321 -0.430711 0.079650 0
-0.433763 0.505895 0.246823 3
-0.062882 0.399891 0.044680 3
-0.104582 0.446543 0.055590 3
-0.524167 0.462876 0.266783 3
-0.188542 0.498196 0.117811 3
-0.061760 0.415654 0.062973 3
0.181192 -0.596937 0.134713 1
-0.177768 0.487279 0.108367 3
-0.561372 0.441645 0.254388 3
0.002655 0.320789 0.034311 3
0.012963 0.311825 0.034513 3
0.136678 -0.158094 -0.172350 2
-0.217670 0.510762 0.127327 3
-0.505322 0.471521 0.238248 3
0.133865 -0.271052 -0.011103 2
-0.162804 0.472403 0.083245 3
-0.392035 0.516824 0.176811 3
-0.501213 0.480505 0.287356 3
0.121768 -0.335574 -0.479428 2
0.151415 -0.415868 0.077801 3
0.165323 -0.918121 0.146253 0
-0.268239 0.518098 0.135474 3
0.159965 -0.554240 0.177175 1
0.081894 0.092239 0.007386 3
0.160837 -0.157656 -0.348048 2
-0.029373 0.387350 0.063188 3
0.121964 -0.182586 0.044091 3
0.136991 -0.166494 -0.374295 2
-0.117757 0.459619 0.063357 3
0.166289 -0.238444 -0.447816 2
-0.083712 0.439625 0.078209 3
0.133198 -0.154405 -0.181320 2
0.137063 -0.427003 -0.455903 2
-0.276776 0.521114 0.147511 3
0.006328 0.326454 0.038530 3
0.145763 -0.299613 0.012487 2
-0.554156 0.448656 0.246438 3
0.150778 -0.144661 -0.268180 2
-0.305438 0.520008 0.144535 3
0.167715 -0.761746 0.134633 0
0.121377 -0.118373 0.032846 3
0.046181 0.204249 0.002100 3
0.156112 -0.394557 0.067115 2
-0.192858 0.488115 0.098933 3
0.090035 0.045508 0.008634 3
0.159803 -0.161804 -0.164639 2
-0.297982 0.533872 0.175476 3
0.159853 -0.614972 0.111121 0
0.122029 -0.094469 0.030444 3
0.155386 -0.325897 0.027598 2
-0.455586 0.487979 0.194902 3
0.158414 -0.581683 0.105989 0
0.169023 -0.139496 -0.241643 2
0.001552 0.336288 0.042460 3
-0.244532 0.519304 0.148397 3
-0.111305 0.464057 0.098346 3
0.077273 0.087145 -0.001260 3
-0.520933 0.460845 0.254580 3
-0.359734 0.532768 0.170764 3
-0.090897 0.437495 0.062226 3
0.090889 0.096021 0.018240 3
0.034633 0.276062 0.035073 3
-0.422611 0.507021 0.175701 3
-0.109179 0.447191 0.081136 3
0.129652 -0.355398 -0.478093 2
0.105283 -0.034050 0.019634 3
0.168930 -0.786773 0.137114 0
0.125771 -0.142634 -0.288783 2
-0.105486 0.459090 0.114977 3
-0.038260 0.399590 0.073060 3
0.129965 -0.159229 0.039620 3
0.151412 -0.167627 -0.152441 2
-0.077335 0.424315 0.054723 3
0.140202 -0.302701 -0.481337 2
0.017053 0.298167 0.027404 3
0.154252 -0.341061 -0.483419 2
0.161853 -0.834912 0.141753 0
0.216314 -0.475897 0.207864 1
-0.464299 0.496009 0.214860 3
0.137869 -0.406554 -0.464853 2
0.143318 -0.469073 0.086173 0
0.151379 -0.679263 0.124117 0
0.198495 -0.495661 0.174299 1
0.165791 -0.706770 0.127016 0
0.156010 -0.646984 0.119988 0
0.117816 -0.403592 -0.466543 2
-0.207734 0.489326 0.098132 3
0.166566 -0.793383 0.141138 0
0.077937 0.151884 0.015489 3
0.141553 -0.326499 0.028398 2
0.161843 -0.154081 -0.335538 2
-0.385677 0.523920 0.191009 3
-0.571540 0.427666 0.278975 3
-0.547731 0.414773 0.354682 3
0.133054 -0.144361 -0.221684 2
0.132921 -0.141675 -0.278158 2
0.157547 -0.653609 0.126152 0
0.162906 -0.934537 0.147966 0
0.150116 -0.306396 0.019415 2
0.152049 -0.375735 -0.469265 2
-0.249480 0.507083 0.106672 3
-0.057986 0.396952 0.049876 3
0.162238 -0.774767 0.131959 0
0.167045 -0.741409 0.131142 0
0.021778 0.288185 0.019081 3
0.133409 -0.279879 -0.002442 2
0.137631 -0.167718 -0.144844 2
0.138708 -0.288649 -0.476181 2
0.150944 -0.540463 0.107037 0
0.037967 0.256243 0.017983 3
0.167026 -0.540720 0.182115 1
-0.018235 0.371517 0.053703 3
0.163902 -0.611239 0.129711 1
-0.122899 0.464924 0.091379 3
-0.131886 0.468063 0.087486 3
-0.002643 0.329816 0.027577 3
-0.049837 0.375629 0.041239 3
-0.235791 0.505770 0.118480 3
0.097770 -0.047531 0.019115 3
-0.207833 0.499767 0.114569 3
-0.192931 0.505538 0.148648 3
-0.407881 0.513237 0.217984 3
0.129600 -0.378993 -0.472708 2
-0.021756 0.323127 0.012602 3
0.093362 0.120321 0.022798 3
0.062438 0.191240 0.011477 3
0.113286 -0.007735 0.023442 3
-0.538011 0.442129 0.318901 3
-0.543847 0.428497 0.342815 3
0.144484 -0.603862 0.129590 1
0.132044 -0.291009 0.004799 2
-0.357692 0.527799 0.157649 3
0.216622 -0.479338 0.218578 1
-0.183401 0.491585 0.102178 3
0.109405 -0.406786 -0.456754 2
0.128755 -0.395375 -0.470678 2
0.133347 -0.252460 -0.455930 2
0.136259 -0.151316 -0.188557 2
0.094322 0.104745 0.026564 3
0.141599 -0.312390 -0.483989 2
0.137769 -0.340493 0.073703 3
-0.212475 0.512876 0.158116 3
0.001390 0.345021 0.058973 3
-0.332727 0.533944 0.172777 3
0.133578 -0.187332 -0.412185 2
0.162186 -0.826351 0.138342 0
0.155797 -0.347235 0.042458 2
0.139577 -0.371230 0.078900 3
-0.304190 0.517335 0.129774 3
-0.435443 0.497158 0.183287 3
0.157966 -0.709370 0.126758 0
-0.277709 0.531530 0.155082 3
0.169283 -0.839789 0.142418 0
0.140481 -0.490552 -0.429419 2
0.193807 -0.503418 0.167863 1
0.172891 -0.146338 -0.307682 2
0.128515 -0.275310 -0.466464 2
0.106440 -0.307662 -0.471844 2
0.161124 -0.145272 -0.296389 2
0.158469 -0.586891 0.111404 0
0.147729 -0.253340 -0.026337 2
0.085499 0.155936 0.027081 3
-0.532996 0.451684 0.314381 3
-0.157318 0.491767 0.142559 3
0.162348 -0.970751 0.159357 0
-0.086013 0.411610 0.036025 3
0.160427 -0.183423 -0.394319 2
0.145150 -0.366712 0.071927 3
0.166855 -0.201913 -0.411167 2
-0.173040 0.482929 0.091220 3
0.134205 -0.347891 0.066940 3
0.162159 -0.206351 -0.416461 2
0.140567 -0.405368 0.076874 3
0.165828 -0.552709 0.152355 1
0.111999 -0.347838 -0.472369 2
-0.286375 0.521449 0.140839 3
0.189690 -0.506912 0.207560 1
0.143672 -0.372243 0.051188 2
0.152089 -0.279847 -0.479740 2
-0.197610 0.491968 0.111251 3
0.133087 -0.263077 0.055704 3
0.038195 0.239543 0.012809 3
-0.011671 0.358401 0.052106 3
0.112441 -0.092027 0.028897 3
0.128371 -0.208361 0.048000 3
0.123708 -0.492398 -0.427905 2
0.207716 -0.490955 0.227752 1
0.158177 -0.661816 0.122896 0
-0.117740 0.459712 0.074967 3
-0.137699 0.476154 0.110686 3
0.162121 -0.143335 -0.281604 2
0.117588 -0.424915 -0.456728 2
0.023185 0.280018 0.015255 3
-0.151017 0.467088 0.071991 3
-0.262008 0.521362 0.146833 3
0.098106 -0.001015 0.014259 3
0.137059 -0.201256 -0.424338 2
0.018280 0.297942 0.045514 3
-0.199128 0.485231 0.096002 3
-0.405945 0.520189 0.237570 3
0.121455 -0.079677 0.029628 3
-0.030554 0.380726 0.047816 3
0.114032 -0.117558 0.031578 3
-0.285915 0.537542 0.178848 3
-0.306262 0.523857 0.135975 3
0.144272 -0.585459 0.132954 1
0.021828 0.271772 0.011673 3
0.164481 -0.141248 -0.256693 2
0.049691 0.247618 0.028319 3
-0.137057 0.460946 0.106033 3
0.147392 -0.482409 0.097021 0
0.162314 -0.962893 0.154707 0
-0.389099 0.524737 0.214689 3
-0.085809 0.441325 0.088226 3
-0.346292 0.535143 0.188332 3
0.141628 -0.367208 -0.476242 2
0.163617 -0.906304 0.146456 0
0.059043 0.211890 0.022989 3
0.016171 0.292664 0.022631 3
0.164540 -0.681811 0.122183 0
0.170559 -0.562580 0.142395 1
0.181292 -0.517224 0.194722 1
0.168638 -0.155808 -0.176254 2
0.151297 -0.280108 -0.000916 2
0.095530 0.102028 0.018743 3
0.197203 -0.506858 0.222998 1
-0.020203 0.359804 0.045072 3
0.161380 -0.147336 -0.200641 2
0.160932 -0.224564 -0.060706 2
0.151118 -0.555189 0.106252 0
0.128354 -0.367348 -0.476378 2
-0.242415 0.498473 0.109544 3
0.120218 -0.475251 -0.437662 2
-0.548726 0.402529 0.356824 3
0.167098 -0.811618 0.142771 0
0.173472 -0.620332 0.127902 1
0.157817 -0.174866 -0.132990 2
-0.416673 0.514876 0.237963 3
0.126964 -0.188902 -0.416629 2
0.117777 -0.287780 -0.468605 2
0.028245 0.279408 0.044117 3
0.128333 -0.196694 -0.423679 2
-0.127908 0.465004 0.078678 3
0.136745 -0.313618 0.022572 2
-0.370689 0.523505 0.174628 3
-0.525695 0.459806 0.307461 3
0.048148 0.211211 0.007433 3
0.085430 0.143529 0.019627 3
-0.049844 0.399649 0.054981 3
-0.128000 0.454187 0.097799 3
0.089959 0.063666 0.017349 3
-0.147565 0.470086 0.088315 3
0.018203 0.312283 0.043073 3
0.161649 -0.143585 -0.216934 2
0.009362 0.305843 0.014820 3
0.049695 0.218637 0.018060 3
0.150822 -0.411386 0.071417 2
0.114178 -0.132283 0.033853 3
-0.078340 0.403113 0.042502 3
-0.207370 0.502771 0.143090 3
0.049738 0.226831 0.019392 3
-0.044463 0.410770 0.071420 3
-0.235599 0.530950 0.186226 3
0.151594 -0.294042 0.011111 2
0.033331 0.253064 0.013495 3
0.133082 -0.155215 -0.336680 2
0.146314 -0.452380 0.084385 0
0.140873 -0.261537 -0.021481 2
0.161820 -0.798288 0.134886 0
-0.576047 0.414821 0.290722 3
0.169686 -0.853062 0.143346 0
-0.128118 0.465102 0.071249 3
-0.332649 0.525913 0.142592 3
-0.106035 0.451878 0.067378 3
0.155457 -0.143092 -0.236829 2
-0.494607 0.482271 0.281127 3
0.147272 -0.480367 0.088150 0
0.160089 -0.180104 -0.125558 2
-0.246131 0.510220 0.127670 3
0.128187 -0.196177 0.046177 3
-0.325725 0.532616 0.173024 3
0.140470 -0.197096 -0.099977 2
0.132999 -0.247640 0.055807 3
-0.352421 0.531729 0.163148 3
0.151373 -0.433708 0.078449 2
0.160448 -0.170138 -0.140820 2
0.125296 -0.233673 0.050885 3
-0.118618 0.451345 0.079117 3
0.147336 -0.220389 -0.067932 2
0.012353 0.303799 0.034707 3
0.124335 -0.141315 -0.228531 2
0.007373 0.319242 0.046538 3
0.151260 -0.150526 -0.312093 2
0.167313 -0.846620 0.146356 0
-0.037865 0.376864 0.039304 3
0.133814 -0.461168 -0.446661 2
-0.044222 0.387964 0.043374 3
0.114930 0.000143 0.026501 3
0.169949 -0.894957 0.147296 0
0.146654 -0.210980 -0.081789 2
0.121610 -0.172597 0.043049 3
0.174440 -0.933094 0.147764 0
0.061490 0.175789 0.008485 3
-0.278709 0.511863 0.130428 3
0.027905 0.267369 0.019462 3
-0.123834 0.456253 0.067941 3
0.165933 -0.714840 0.130463 0
0.176172 -0.928785 0.139580 0
0.161267 -0.806598 0.138089 0
0.157262 -0.204055 -0.088841 2
-0.165678 0.484066 0.125202 3
0.158880 -0.755269 0.134469 0
-0.063056 0.402756 0.051945 3
-0.189648 0.488917 0.107396 3
0.128783 -0.486811 -0.435011 2
0.150317 -0.372524 0.056231 2
0.136649 -0.317364 -0.484597 2
0.129495 -0.222463 0.050463 3
-0.278589 0.520647 0.131164 3
0.152809 -0.487032 0.095336 0
0.158178 -0.667668 0.117797 0
0.155962 -0.546879 0.098929 0
0.131833 -0.237599 -0.043401 2
-0.172922 0.487659 0.103301 3
0.012176 0.301848 0.023510 3
0.177436 -0.626398 0.131147 1
0.128236 -0.442412 -0.452661 2
0.073911 0.166932 0.023059 3
0.132526 -0.317259 0.063189 3
-0.552569 0.391423 0.359005 3
0.136527 -0.355539 -0.479438 2
0.097121 -0.037628 0.017566 3
0.052395 0.206985 0.015049 3
0.149942 -0.271069 -0.473218 2
0.133268 -0.250887 -0.028895 2
0.136810 -0.257313 -0.459589 2
0.067236 0.157239 0.008686 3
0.152575 -0.154142 -0.332115 2
0.128052 -0.332407 -0.480898 2
-0.202629 0.494796 0.115470 3
-0.026207 0.358439 0.031538 3
0.142002 -0.402977 -0.460519 2
-0.169005 0.498441 0.147745 3
0.128443 -0.159968 -0.164939 2
0.129488 -0.287222 0.057595 3
-0.078377 0.411091 0.039214 3
0.159966 -0.626768 0.112159 0
0.075867 0.123620 0.011339 3
0.181568 -0.569286 0.135849 1
-0.347727 0.528459 0.154301 3
0.191669 -0.545620 0.139231 1
-0.166234 0.482090 0.092395 3
-0.401854 0.510685 0.165744 3
-0.095496 0.442786 0.070917 3
-0.249193 0.527612 0.182321 3
-0.003939 0.346559 0.037473 3
-0.035123 0.391193 0.058466 3
0.230981 -0.474972 0.227733 1
0.094497 -0.014471 0.014291 3
0.062294 0.161957 -0.000974 3
0.196240 -0.502013 0.218134 1
-0.360695 0.532163 0.178357 3
-0.488639 0.490935 0.282351 3
-0.198058 0.495618 0.139818 3
0.161361 -0.209650 -0.085021 2
-0.397750 0.512678 0.208585 3
0.148649 -0.507626 0.095493 0
0.150468 -0.149771 -0.208230 2
-0.252432 0.519458 0.174060 3
0.151746 -0.566131 0.107373 0
-0.061575 0.422961 0.082941 3
0.117888 -0.052889 0.026469 3
0.130351 -0.428731 -0.457804 2
0.165130 -0.699960 0.127956 0
-0.215086 0.502762 0.150365 3
0.146498 -0.155604 -0.336452 2
0.098133 0.007132 0.014283 3
-0.184418 0.502531 0.146802 3
0.157575 -0.694601 0.123839 0
-0.547022 0.418062 0.343416 3
-0.137295 0.460569 0.091558 3
0.185221 -0.518693 0.207606 1
-0.552338 0.385002 0.371217 3
0.127999 -0.306393 -0.477565 2
-0.184338 0.490534 0.127124 3
-0.221421 0.515098 0.132490 3
0.095491 0.040210 0.019123 3
0.161184 -0.143247 -0.224271 2
-0.117112 0.444904 0.070621 3
-0.110869 0.440535 0.073322 3
0.136924 -0.434067 -0.453532 2
0.161878 -0.154689 -0.180926 2
-0.157409 0.470918 0.079289 3
0.140188 -0.442027 0.077284 0
0.115911 -0.189038 0.041168 3
-0.207076 0.488454 0.106560 3
-0.375799 0.525591 0.187237 3
0.119424 -0.263055 -0.456141 2
-0.198236 0.492004 0.103123 3
-0.063351 0.424226 0.074995 3
0.129094 -0.151033 -0.197419 2
-0.256532 0.514843 0.120094 3
0.165181 -0.141517 -0.271361 2
0.138407 -0.239097 -0.446207 2
0.148882 -0.382557 0.059860 2
0.113173 -0.027536 0.023875 3
-0.400929 0.520033 0.224485 3
-0.216004 0.509041 0.134793 3
-0.262364 0.512247 0.112054 3
0.085872 0.078765 0.006963 3
0.150958 -0.145248 -0.281446 2
0.172816 -0.946248 0.150821 0
-0.146379 0.465117 0.099715 3
-0.068581 0.414800 0.058289 3
-0.113114 0.453733 0.093502 3
-0.366290 0.530326 0.190605 3
0.174765 -0.968833 0.154647 0
0.145553 -0.188694 -0.401783 2
-0.531329 0.450196 0.275097 3
-0.192684 0.492496 0.091303 3
-0.006342 0.331623 0.034575 3
0.156618 -0.676748 0.127663 0
0.163501 -0.954209 0.151191 0
0.141618 -0.150195 -0.201513 2
-0.132998 0.466571 0.099421 3
-0.381839 0.522039 0.152599 3
0.075063 0.143343 0.008461 3
-0.142776 0.469513 0.071005 3
0.133565 -0.263137 -0.017306 2
0.076912 0.120272 0.004955 3
0.069850 0.196460 0.024717 3
0.128415 -0.102939 0.033562 3
-0.291321 0.519153 0.128708 3
0.024884 0.285074 0.045725 3
0.156922 -0.243820 -0.452153 2
-0.292512 0.533564 0.159569 3
0.001562 0.306452 0.020178 3
-0.388440 0.521169 0.163938 3
0.137237 -0.208611 -0.428760 2
0.072529 0.138616 0.014296 3
0.145765 -0.167421 -0.157061 2
0.126829 -0.071505 0.030830 3
-0.013474 0.363841 0.043245 3
-0.417830 0.517053 0.246610 3
-0.218541 0.502309 0.116533 3
0.165247 -0.900194 0.150696 0
0.039967 0.259937 0.024662 3
-0.011645 0.343129 0.027522 3
-0.223367 0.513365 0.169897 3
0.125242 -0.132883 0.036164 3
-0.073428 0.408282 0.054782 3
-0.197009 0.498066 0.128108 3
-0.342442 0.525241 0.142942 3
0.141461 -0.457163 0.082040 0
0.042960 0.241820 0.018692 3
-0.090258 0.432326 0.052040 3
0.170263 -0.543518 0.190734 1
0.133317 -0.480777 -0.435150 2
-0.540691 0.440138 0.303371 3
-0.481331 0.487717 0.271150 3
0.172644 -0.664586 0.122897 0
0.123598 -0.471651 -0.442243 2
0.183287 -0.513152 0.187206 1
0.148479 -0.620552 0.130759 1
-0.002724 0.329723 0.019962 3
0.146761 -0.253243 -0.460287 2
0.181699 -0.578605 0.134759 1
-0.237030 0.499202 0.122209 3
0.039838 0.223538 0.007380 3
0.151766 -0.402330 0.069616 2
0.161818 -0.190914 -0.108830 2
-0.068453 0.405165 0.046537 3
-0.312569 0.527449 0.142577 3
-0.002388 0.338804 0.047263 3
0.079061 0.173496 0.029327 3
0.136590 -0.287337 0.061530 3
0.054686 0.197228 0.014967 3
0.235683 -0.480620 0.237828 1
0.161751 -0.638586 0.126433 1
-0.440955 0.497923 0.187456 3
-0.537224 0.445372 0.294556 3
0.139968 -0.272316 0.056552 3
-0.511639 0.468087 0.245676 3
0.151813 -0.152051 -0.191658 2
0.156842 -0.252191 -0.459985 2
-0.062621 0.414448 0.054791 3
0.136317 -0.145187 -0.296545 2
-0.566678 0.435576 0.266279 3
-0.020602 0.340182 0.026173 3
-0.077176 0.414587 0.047118 3
0.170389 -0.941465 0.155711 0
0.006056 0.337769 0.051426 3
0.161649 -0.759772 0.129937 0
0.158487 -0.741817 0.131179 0
-0.244431 0.501720 0.103638 3
-0.182530 0.483350 0.092163 3
0.136867 -0.188213 -0.113099 2
0.162201 -0.846506 0.141917 0
-0.103986 0.443797 0.067940 3
-0.021765 0.386131 0.065973 3
0.134704 -0.216860 -0.069207 2
-0.001804 0.351296 0.058537 3
0.162976 -0.861724 0.142913 0
-0.257669 0.514892 0.131969 3
0.164618 -0.686628 0.126872 0
0.128144 -0.272476 0.055175 3
0.200162 -0.498907 0.222733 1
0.121806 -0.367336 -0.475281 2
0.133668 -0.210466 -0.078147 2
0.145264 -0.181551 -0.130755 2
0.133370 -0.148842 -0.311576 2
-0.368987 0.530233 0.174573 3
0.095262 0.051881 0.018142 3
0.145126 -0.438981 0.090256 0
-0.069498 0.426258 0.071178 3
0.089902 0.052128 0.008640 3
0.158182 -0.718531 0.127680 0
-0.006813 0.369965 0.059495 3
0.145237 -0.145017 -0.284768 2
0.146661 -0.387287 -0.469019 2
0.156995 -0.144726 -0.291250 2
0.005981 0.312184 0.022633 3
-0.169217 0.481463 0.077434 3
0.207401 -0.483609 0.191216 1
0.136793 -0.392177 -0.468828 2
0.044686 0.218142 0.011098 3
-0.109525 0.453115 0.078226 3
-0.049942 0.415487 0.082561 3
0.151936 -0.201347 -0.092447 2
-0.001343 0.301820 0.003195 3
-0.217950 0.494696 0.118426 3
0.170570 -0.541483 0.158622 1
-0.445304 0.497629 0.251147 3
0.135190 -0.361975 0.068814 3
0.098138 0.017152 0.014856 3
0.141758 -0.151343 -0.192199 2
0.112001 -0.382483 -0.466119 2
0.114617 -0.392536 -0.465337 2
-0.122816 0.470540 0.102950 3
-0.110561 0.459157 0.067638 3
0.150035 -0.595075 0.128979 1
-0.073848 0.431125 0.075562 3
0.137590 -0.294282 -0.479402 2
0.073503 0.130297 0.007914 3
0.168854 -0.886473 0.149975 0
0.151924 -0.155724 -0.180968 2
0.132552 -0.323063 0.029140 2
0.161442 -0.787231 0.134539 0
-0.419445 0.509454 0.170482 3
0.157704 -0.216606 -0.072387 2
-0.267662 0.523429 0.170540 3
0.157536 -0.597122 0.129560 1
-0.233508 0.518046 0.154077 3
0.185079 -0.511927 0.174608 1
-0.369038 0.525465 0.151676 3
0.150187 -0.212569 -0.426334 2
0.014956 0.315559 0.054294 3
-0.482228 0.483006 0.224672 3
0.160370 -0.766779 0.139094 0
-0.184184 0.484841 0.098323 3
-0.415582 0.511113 0.224606 3
0.161589 -0.140253 -0.247713 2
0.156722 -0.177876 -0.382086 2
0.011010 0.284920 0.013798 3
-0.248591 0.507624 0.139125 3
0.130134 -0.193091 -0.105279 2
-0.011742 0.357980 0.039731 3
-0.114170 0.465994 0.111499 3
0.151715 -0.263059 -0.468162 2
0.151763 -0.243368 -0.036998 2
0.147521 -0.322792 0.029299 2
-0.309675 0.527924 0.151978 3
0.146992 -0.394927 -0.466283 2
0.225881 -0.474743 0.223654 1
0.156334 -0.209855 -0.080857 2
-0.213964 0.529575 0.182699 3
0.064745 0.219886 0.034083 3
0.049921 0.198907 0.002383 3
-0.086049 0.422309 0.044046 3
-0.553586 0.452333 0.254791 3
0.082686 0.071645 0.002954 3
-0.422532 0.513504 0.187707 3
0.128442 -0.317129 -0.480316 2
0.128294 -0.248166 -0.032583 2
0.166763 -0.964845 0.147953 0
-0.127828 0.474458 0.114754 3
0.141521 -0.415495 -0.460957 2
0.168545 -0.878507 0.147492 0
0.185391 -0.527202 0.209677 1
-0.229173 0.527740 0.178650 3
-0.516364 0.470358 0.257195 3
-0.257680 0.526301 0.151211 3
0.117494 -0.322410 -0.478963 2
0.132321 -0.307360 0.063138 3
0.137215 -0.247381 -0.452348 2
-0.001893 0.336092 0.036115 3
0.122900 -0.410541 -0.466445 2
0.151889 -0.427186 0.078983 3
0.010606 0.300362 0.011581 3
0.154698 -0.450760 0.086960 0
0.165793 -0.242979 -0.452427 2
0.132724 -0.173068 0.041182 3
0.096592 0.060623 0.015900 3
0.066040 0.162199 0.014152 3
-0.453980 0.499389 0.258534 3
0.150615 -0.527088 0.098048 0
0.146316 -0.171318 -0.150951 2
0.128469 -0.341140 -0.480050 2
-0.085679 0.435036 0.068126 3
0.151758 -0.202511 -0.416328 2
0.026523 0.266611 0.012536 3
0.145990 -0.184242 -0.124864 2
0.146168 -0.215284 -0.076488 2
0.150172 -0.240579 -0.450280 2
-0.217915 0.523606 0.174592 3
0.128262 -0.415316 -0.464309 2
0.138323 -0.442559 -0.450593 2
-0.073974 0.430982 0.082923 3
0.168405 -0.778189 0.135817 0
0.055931 0.203041 0.010494 3
-0.192722 0.493785 0.115689 3
0.133113 -0.335292 0.035682 2
0.087978 0.072374 0.017295 3
0.149431 -0.465285 0.092551 0
-0.318913 0.529062 0.146110 3
0.090495 0.066834 0.011642 3
0.116522 -0.096249 0.034388 3
0.169168 -0.831493 0.142263 0
-0.142495 0.474856 0.088016 3
0.006969 0.313430 0.030473 3
0.116892 -0.338982 -0.477030 2
-0.540966 0.427525 0.322480 3
0.187632 -0.506502 0.190839 1
-0.138135 0.479385 0.123829 3
0.021569 0.291882 0.038772 3
0.173222 -0.188419 -0.396721 2
0.136527 -0.347289 -0.481403 2
0.128279 -0.160143 -0.351809 2
0.150525 -0.153591 -0.324914 2
0.181887 -0.519320 0.168174 1
0.185395 -0.528396 0.151201 1
0.117407 -0.042653 0.026101 3
0.105244 -0.022827 0.023118 3
-0.151382 0.477124 0.114144 3
0.114670 -0.317062 -0.475750 2
-0.305876 0.531224 0.157967 3
-0.211232 0.498996 0.129479 3
0.087302 0.125538 0.017530 3
0.039530 0.222261 0.013614 3
0.132189 -0.402192 -0.467255 2
0.136473 -0.141272 -0.242024 2
0.094423 0.092058 0.021730 3
0.170140 -0.653603 0.123610 0
0.156867 -0.560264 0.103231 0
-0.192561 0.483025 0.079675 3
0.192006 -0.517624 0.217547 1
0.141798 -0.163922 -0.160631 2
-0.109803 0.459007 0.082937 3
0.146858 -0.462302 0.083031 0
-0.216431 0.496419 0.106710 3
-0.029608 0.380874 0.055424 3
-0.301173 0.535150 0.154046 3
0.117597 -0.418760 -0.459256 2
-0.313913 0.530557 0.172548 3
0.170129 -0.646888 0.124048 1
0.168462 -0.857211 0.148200 0
0.155804 -0.634849 0.125996 1
0.052143 0.251658 0.037459 3
0.039147 0.271621 0.034856 3
0.207318 -0.487028 0.217810 1
-0.319058 0.533790 0.163046 3
0.157595 -0.701756 0.130605 0
0.030726 0.243452 0.012758 3
-0.239297 0.516544 0.146149 3
0.030128 0.276535 0.024876 3
0.128530 -0.247979 -0.452673 2
0.119521 -0.382847 -0.472176 2
0.150795 -0.197458 -0.411219 2
-0.026879 0.366014 0.035330 3
0.151133 -0.356054 -0.476613 2
0.137456 -0.298802 0.063539 3
0.123011 -0.192550 0.046423 3
-0.183504 0.494405 0.118307 3
0.162383 -0.226954 -0.437228 2
-0.161127 0.479982 0.107737 3
-0.393729 0.520155 0.210562 3
0.106906 0.032166 0.021288 3
0.021484 0.297176 0.031802 3
-0.128061 0.458654 0.074458 3
-0.526515 0.456513 0.265956 3
0.127917 -0.226996 -0.439812 2
0.101833 -0.027693 0.017961 3
-0.122407 0.455395 0.058425 3
0.152848 -0.461651 0.086687 0
0.166858 -0.579294 0.135401 1
0.147515 -0.498511 0.094978 0
0.141831 -0.142751 -0.264765 2
-0.220943 0.534208 0.183566 3
0.168953 -0.933446 0.150851 0
