-0.511390 0.517434 -0.138766 4
-0.124004 -0.816571 -0.301861 0
0.568152 0.077658 -0.323076 3
-0.175078 -0.088396 -0.383339 5
0.043826 0.527568 -0.569028 5
-0.572349 0.692002 0.289426 4
-0.473207 -0.355294 -0.541233 2
0.183838 0.067786 -0.405531 3
-0.355299 0.245187 -0.351556 4
-0.166322 -0.452532 -0.332803 0
-0.061086 0.302757 -0.400401 5
-0.628724 0.616258 0.059090 4
0.008094 -0.564233 -0.289651 1
-0.168146 0.118802 -0.425360 5
-0.337001 -0.341315 -0.381033 2
0.025779 -0.045345 -0.336586 3
0.383939 0.083417 -0.400361 3
-0.378397 0.401494 -0.228105 4
-0.123474 -0.267565 -0.346440 3
-0.152068 -0.639025 -0.316001 0
-0.025350 0.422253 -0.484592 5
-0.282145 0.116843 -0.328173 4
-0.057653 -0.149016 -0.354432 3
-0.543025 0.595070 -0.037522 4
-0.614493 0.691994 0.163748 4
-0.211929 0.011150 -0.314588 4
-0.493018 0.448862 -0.237324 4
-0.115042 0.205019 -0.360862 5
-0.389942 -0.303118 -0.478787 2
-0.423096 0.327615 -0.303946 4
0.281206 0.099090 -0.357701 3
-0.203572 -0.188499 -0.346221 4
-0.239173 -0.389971 -0.394083 2
0.093671 0.007814 -0.401779 3
-0.320356 0.314935 -0.284659 4
0.476022 0.110441 -0.354303 3
-0.282143 0.215195 -0.291995 4
-0.169362 -0.354990 -0.334427 0
-0.132786 -0.542544 -0.317674 0
-0.192575 0.023319 -0.408516 5
-0.060781 -0.615531 -0.336195 1
-0.117322 -0.724371 -0.304972 0
-0.437133 0.492796 -0.182654 4
-0.168863 0.089604 -0.340867 5
-0.270833 0.056936 -0.391080 4
-0.123014 0.252769 -0.434810 5
-0.580230 0.548865 -0.099266 4
-0.245912 -0.041643 -0.388860 4
-0.024253 -0.085427 -0.390438 3
-0.066884 0.371715 -0.438966 5
-0.444569 0.396798 -0.272672 4
-0.328657 0.167709 -0.366165 4
-0.200701 -0.066482 -0.312813 4
0.140743 0.043439 -0.345605 3
0.021108 0.468720 -0.524465 5
-0.610987 0.585774 -0.008036 4
-0.108793 -0.201172 -0.377227 3
-0.164802 -0.022177 -0.359795 5
-0.613093 0.676109 0.093088 4
-0.193236 -0.257981 -0.342771 0
-0.145455 0.186921 -0.431127 5
-0.050480 -0.594699 -0.268970 1
-0.321111 -0.307192 -0.438513 2
-0.449870 -0.343768 -0.477811 2
-0.506251 0.560657 -0.083826 4
-0.582178 0.645554 0.019158 4
-0.607945 0.681457 0.230097 4
0.313357 0.089935 -0.416216 3
-0.397142 -0.333368 -0.419340 2
-0.176389 -0.131493 -0.326403 4
0.219132 0.072175 -0.350058 3
-0.141341 0.145522 -0.369770 5
-0.234064 0.071701 -0.325311 4
-0.219198 -0.414617 -0.337056 2
0.044247 -0.033112 -0.398037 3
0.081735 -0.005436 -0.340253 3
-0.524092 0.486726 -0.196386 4
-0.371231 0.349134 -0.267865 4
0.342275 0.114810 -0.363667 3
0.244235 0.085505 -0.412108 3
-0.432909 0.431810 -0.219798 4
-0.283735 -0.364557 -0.357533 2
-0.096628 -0.639408 -0.287737 1
-0.372880 0.290453 -0.312829 4
0.410678 0.113085 -0.353356 3
-0.281312 -0.345785 -0.414925 2
-0.029005 -0.100261 -0.332823 3
-0.090736 0.255412 -0.381494 5
-0.190320 -0.148856 -0.387154 4
-0.249411 0.010090 -0.362248 4
0.517460 0.069643 -0.354295 3
-0.153649 0.070496 -0.393383 5
-0.318120 0.259948 -0.302319 4
0.440043 0.076840 -0.389172 3
-0.166226 0.033341 -0.352800 5
-0.104646 0.305644 -0.434667 5
-0.291727 0.107581 -0.382498 4
-0.218646 -0.105354 -0.349682 4
-0.143206 -0.403113 -0.336300 0
-0.165949 -0.220559 -0.371679 5
-0.267159 0.164578 -0.308254 4
-0.149359 -0.312103 -0.360436 3
-0.324802 0.207991 -0.328787 4
0.142166 0.033506 -0.397784 3
-0.634409 0.649864 0.138322 4
-0.100702 -0.676926 -0.324975 1
-0.160018 -0.504232 -0.341304 0
-0.231584 -0.034473 -0.340015 4
-0.589323 0.573770 -0.055583 4
-0.427892 -0.314689 -0.513576 2
-0.019468 0.383044 -0.452324 5
-0.106693 -0.217192 -0.329413 3
-0.152883 -0.588318 -0.323824 0
-0.466222 0.526985 -0.158818 4
-0.140086 -0.768646 -0.299937 0
-0.478795 0.468667 -0.194140 4
-0.560173 0.532234 -0.140107 4
-0.197890 -0.024325 -0.394898 5
-0.199047 -0.446099 -0.367566 2
-0.023223 -0.588637 -0.316865 1
-0.147750 -0.686204 -0.308523 0
-0.223201 -0.085000 -0.392115 4
-0.161058 -0.170533 -0.358314 5
-0.407042 0.372398 -0.250915 4
-0.089100 -0.173553 -0.331831 3
-0.237232 0.117977 -0.320881 4
0.011214 -0.060651 -0.377836 3
-0.117475 0.222348 -0.402359 5
-0.270314 0.078410 -0.350789 4
-0.609576 0.657141 0.052873 4
-0.574117 0.614993 -0.013123 4
-0.040572 0.341226 -0.421145 5
-0.186207 -0.303515 -0.340263 0
0.179537 0.053068 -0.361029 3
-0.352750 -0.329479 -0.420320 2
-0.546125 0.571465 -0.072839 4
-0.624422 0.635587 0.099756 4
-0.175002 -0.061964 -0.346054 5
-0.300533 0.157889 -0.333080 4
-0.486476 0.545900 -0.117658 4
-0.048519 -0.119159 -0.387736 3
-0.079002 -0.171696 -0.381924 3
0.115332 0.017298 -0.364931 3
-0.414536 -0.334819 -0.458491 2
-0.212693 -0.145798 -0.344371 4
-0.538905 0.543941 -0.106957 4
-0.127835 0.180875 -0.391422 5
-0.540901 0.515366 -0.172827 4
-0.250242 -0.386084 -0.350262 2
-0.165813 -0.202879 -0.334576 4
-0.163429 -0.126898 -0.364256 5
-0.467099 0.428576 -0.262573 4
-0.415340 0.459278 -0.196335 4
0.008791 0.441644 -0.497662 5
-0.140550 -0.297351 -0.324313 3
0.483186 0.074666 -0.374277 3
-0.492882 0.492309 -0.163253 4
-0.148120 0.151095 -0.413996 5
-0.155750 -0.246092 -0.338203 0
-0.611855 0.611505 0.021929 4
-0.358135 -0.304420 -0.451712 2
-0.256234 0.041209 -0.336685 4
0.056156 -0.027255 -0.360647 3
-0.145970 0.110133 -0.386255 5
-0.161420 0.010828 -0.388209 5
-0.362363 0.314010 -0.282848 4
-0.078598 0.335274 -0.427614 5
-0.004189 -0.070197 -0.343356 3
0.027412 0.503087 -0.541522 5
-0.432692 0.362855 -0.286324 4
-0.206286 -0.028546 -0.311147 4
-0.135724 -0.475329 -0.329676 0
-0.088448 -0.641179 -0.330357 1
0.251650 0.081659 -0.375119 3
-0.118094 -0.672823 -0.289304 1
-0.061766 -0.618674 -0.295783 1
-0.119487 -0.237759 -0.369103 3
-0.202616 -0.057408 -0.377001 5
0.347819 0.091939 -0.395525 3
-0.182525 0.060683 -0.415054 5
-0.622192 0.672991 0.196720 4
-0.185492 0.002036 -0.339136 5
-0.182930 -0.098112 -0.343241 5
-0.124875 -0.614088 -0.315716 0
0.377518 0.106286 -0.368920 3
0.315182 0.094212 -0.379597 3
-0.304119 0.136995 -0.365440 4
-0.098238 0.274523 -0.411227 5
-0.167252 -0.277777 -0.357991 0
-0.428071 0.402965 -0.240755 4
-0.213199 -0.408625 -0.377673 2
-0.168042 -0.050979 -0.383706 5
-0.223644 -0.069156 -0.343574 4
-0.021896 -0.572143 -0.271870 1
-0.359917 0.379050 -0.248727 4
0.283059 0.086432 -0.398035 3
-0.344999 0.209553 -0.357926 4
-0.350998 0.262124 -0.315049 4
-0.314811 -0.335498 -0.407702 2
-0.451548 -0.340592 -0.515813 2
0.219546 0.072649 -0.390665 3
-0.205653 -0.117691 -0.382009 4
-0.266723 -0.368563 -0.391064 2
-0.297270 0.188617 -0.316649 4
-0.194971 -0.223179 -0.340851 4
-0.620737 0.680030 0.126855 4
0.541484 0.091175 -0.341209 3
-0.151804 -0.798878 -0.287350 0
-0.154510 0.126168 -0.344155 5
-0.128276 0.174100 -0.352640 5
-0.200493 -0.448645 -0.328836 2
-0.392112 0.330550 -0.288183 4
-0.336856 0.344415 -0.277961 4
-0.404378 0.302275 -0.319324 4
0.508725 0.102527 -0.349500 3
-0.180503 -0.480472 -0.320018 2
-0.400748 0.429175 -0.211421 4
-0.339415 0.284452 -0.293282 4
0.442641 0.107832 -0.360887 3
-0.177425 -0.470655 -0.358212 2
0.071668 -0.010023 -0.384217 3
-0.028337 -0.115875 -0.361917 3
-0.258341 -0.007237 -0.388673 4
-0.179601 -0.191173 -0.375890 4
-0.135085 0.217891 -0.430597 5
-0.219131 0.043159 -0.320274 4
-0.085658 -0.197722 -0.354627 3
-0.181492 -0.162823 -0.333236 4
-0.134049 -0.509681 -0.322593 0
0.409727 0.090814 -0.382139 3
-0.188536 -0.033089 -0.340537 5
-0.449169 0.457782 -0.201047 4
-0.047978 0.394465 -0.461819 5
-0.298133 -0.352923 -0.386613 2
-0.045759 -0.127505 -0.331391 3
-0.581968 0.688715 0.259078 4
-0.230424 -0.002509 -0.336845 4
-0.158783 0.063453 -0.360650 5
-0.114762 -0.787946 -0.291369 0
-0.152327 -0.328605 -0.329798 0
-0.378125 0.273216 -0.338759 4
-0.171943 -0.390703 -0.340408 0
-0.162850 -0.529550 -0.323025 0
-0.125342 -0.658108 -0.315971 0
-0.155020 0.040619 -0.381461 5
-0.386251 -0.324706 -0.450350 2
-0.259961 0.038533 -0.368111 4
-0.167464 -0.421886 -0.330255 0
-0.332510 0.231281 -0.310448 4
-0.587869 0.591066 -0.027148 4
-0.291606 0.244041 -0.290728 4
-0.506939 0.464825 -0.215557 4
-0.461306 0.439149 -0.227274 4
-0.143543 -0.738497 -0.300475 0
-0.006651 -0.091813 -0.364075 3
-0.141149 -0.436353 -0.329942 0
-0.628082 0.665411 0.165684 4
-0.173235 -0.248271 -0.363266 5
-0.597718 0.691885 0.204173 4
-0.466785 0.490715 -0.178180 4
-0.170265 0.090449 -0.416614 5
-0.308243 0.284783 -0.289261 4
-0.420660 -0.327870 -0.486590 2
-0.257817 0.098081 -0.328031 4
-0.176921 0.058993 -0.337861 5
-0.061029 -0.145749 -0.385642 3
-0.240993 -0.018049 -0.364546 4
-0.128819 -0.571704 -0.317382 0
-0.101440 0.231265 -0.368530 5
-0.196151 -0.167563 -0.365173 4
-0.132052 -0.285510 -0.367799 3
0.035253 -0.045247 -0.371961 3
-0.156054 -0.559884 -0.316168 0
-0.263435 0.137750 -0.320715 4
-0.146813 -0.372404 -0.339965 0
-0.126581 -0.700794 -0.291224 0
-0.282348 0.106413 -0.355332 4
-0.200057 -0.092163 -0.367018 5
-0.318500 0.183256 -0.341731 4
-0.118103 -0.700519 -0.320708 1
-0.115038 -0.751459 -0.296272 0
-0.035874 0.364690 -0.437882 5
-0.116192 -0.246217 -0.329086 3
-0.010046 0.405808 -0.466526 5
-0.603513 0.631701 0.040036 4
-0.303994 0.215151 -0.310051 4
-0.276328 0.084094 -0.380609 4
-0.520450 0.571382 -0.061354 4
0.151007 0.036379 -0.370806 3
-0.170378 -0.019038 -0.392716 5
0.095423 -0.001326 -0.371693 3
-0.157779 -0.338852 -0.359019 0
-0.188806 -0.099385 -0.315823 4
-0.229068 -0.055221 -0.368270 4
-0.032995 -0.596488 -0.290642 1
-0.108420 0.248855 -0.407509 5
-0.265545 0.019500 -0.388547 4
-0.401286 0.352580 -0.274171 4
-0.071474 0.280141 -0.388412 5
-0.572845 0.563954 -0.075430 4
-0.154813 0.090269 -0.365238 5
-0.084904 0.299209 -0.413641 5
-0.162436 -0.504005 -0.312912 0
-0.370370 -0.331693 -0.399380 2
-0.078411 -0.619896 -0.274179 1
-0.515611 0.537248 -0.120479 4
0.117261 0.018441 -0.393772 3
-0.238210 -0.405293 -0.365041 2
-0.163163 0.007131 -0.358235 5
-0.103767 -0.220143 -0.356206 3
-0.129943 0.199438 -0.411744 5
0.458757 0.086656 -0.372579 3
-0.401923 0.397024 -0.241441 4
-0.616380 0.642562 0.075141 4
-0.141071 -0.711803 -0.312637 0
0.162937 0.047565 -0.406649 3
-0.275265 0.187961 -0.298582 4
-0.563151 0.582940 -0.049587 4
-0.046627 -0.608333 -0.315135 1
-0.181043 -0.332293 -0.340998 0
-0.596088 0.605383 0.001326 4
-0.072417 -0.170827 -0.355018 3
0.101885 0.014242 -0.342524 3
-0.095402 -0.657921 -0.306327 1
-0.136922 -0.796342 -0.312373 0
-0.518383 0.499488 -0.174260 4
-0.198151 -0.122540 -0.337675 4
-0.164094 -0.097972 -0.361261 5
-0.447113 0.420713 -0.241298 4
-0.212616 -0.049183 -0.328120 4
-0.179594 -0.115336 -0.380987 5
-0.112987 0.281096 -0.435267 5
-0.169147 0.041668 -0.403598 5
-0.198312 -0.077452 -0.342679 5
0.195334 0.060000 -0.383866 3
-0.159778 -0.067866 -0.366169 5
-0.163332 -0.290936 -0.336367 0
-0.500019 0.482549 -0.185828 4
-0.149943 -0.609046 -0.309143 0
-0.068400 -0.154369 -0.331908 3
-0.488440 0.531109 -0.138298 4
-0.425058 0.381040 -0.268596 4
-0.536099 0.528341 -0.133144 4
-0.192613 0.004885 -0.391167 5
-0.001958 0.460584 -0.510313 5
-0.382514 0.371752 -0.257090 4
-0.340432 0.228973 -0.339388 4
-0.194830 -0.136082 -0.366027 4
-0.076973 -0.633815 -0.309348 1
-0.010228 -0.579313 -0.297523 1
-0.242553 0.020528 -0.339860 4
-0.410563 -0.305876 -0.497871 2
-0.149395 0.127736 -0.405305 5
-0.291424 0.134456 -0.343130 4
-0.215331 -0.426061 -0.360178 2
-0.605944 0.577157 -0.037549 4
0.255061 0.096444 -0.355622 3
-0.529634 0.561105 -0.091669 4
-0.476860 0.454945 -0.214363 4
-0.623413 0.657073 0.111432 4
-0.253158 -0.385539 -0.374537 2
0.314345 0.106863 -0.358741 3
-0.050393 0.323443 -0.407619 5
-0.235582 -0.064079 -0.390320 4
-0.383947 0.309291 -0.302060 4
-0.557030 0.553979 -0.093942 4
-0.171406 -0.148692 -0.371490 5
-0.349771 0.364220 -0.265099 4
-0.256151 0.067185 -0.334351 4
-0.135977 0.158084 -0.390610 5
0.001910 0.421270 -0.480727 5
-0.142928 -0.821264 -0.287589 0
-0.300684 -0.323283 -0.422814 2
-0.100120 -0.194831 -0.335217 3
-0.183655 0.028202 -0.337130 5
-0.551245 0.611354 -0.018846 4
-0.169518 -0.226373 -0.336121 4
-0.161244 -0.481284 -0.335255 0
0.547182 0.068585 -0.336546 3
-0.172069 -0.145552 -0.346305 5
-0.131195 -0.295666 -0.345905 3
-0.187311 -0.215179 -0.361670 4
0.488899 0.089039 -0.356506 3
-0.186941 -0.280569 -0.345455 0
-0.487603 0.513059 -0.153214 4
-0.130829 -0.634351 -0.305661 0
-0.220469 -0.081216 -0.364008 4
0.173740 0.051280 -0.385288 3
-0.454383 0.512879 -0.173082 4
-0.148129 -0.662770 -0.316122 0
-0.267819 0.060172 -0.365212 4
0.117895 0.031220 -0.346567 3
-0.013777 0.440812 -0.492517 5
-0.123785 -0.263999 -0.369635 3
0.200580 0.062583 -0.361272 3
0.045736 -0.033834 -0.337440 3
-0.164103 -0.177643 -0.330621 4
-0.008096 -0.069369 -0.387299 3
-0.169923 -0.264041 -0.336170 0
0.203305 0.080324 -0.404937 3
-0.312016 0.158000 -0.352920 4
0.025429 -0.046120 -0.396747 3
-0.121607 0.201376 -0.383315 5
-0.132377 -0.275611 -0.327012 3
-0.162303 -0.203128 -0.357396 5
-0.592845 0.622968 0.015506 4
-0.529936 0.518947 -0.152994 4
0.021430 -0.055748 -0.357223 3
-0.316706 -0.346340 -0.372098 2
0.363438 0.086203 -0.410845 3
-0.400309 -0.321074 -0.469927 2
0.229932 0.074767 -0.370811 3
-0.154779 0.106180 -0.408672 5
-0.058873 0.352317 -0.430949 5
-0.164386 -0.044493 -0.362340 5
-0.147206 0.123289 -0.368108 5
-0.411676 0.413599 -0.229783 4
-0.341524 -0.315639 -0.433895 2
-0.361661 0.289424 -0.293511 4
-0.218285 -0.020550 -0.328228 4
-0.433622 0.471840 -0.193316 4
-0.571517 0.542159 -0.118713 4
-0.189875 -0.465828 -0.338170 2
-0.045204 -0.130601 -0.354270 3
-0.169346 -0.303479 -0.354732 0
-0.142812 0.149423 -0.347966 5
-0.418453 0.344089 -0.289842 4
-0.337830 0.186947 -0.360228 4
0.407003 0.076776 -0.398983 3
-0.120446 -0.681623 -0.309434 0
-0.341381 0.321116 -0.281878 4
-0.280138 0.152138 -0.321576 4
-0.613276 0.669471 0.070769 4
-0.593416 0.656178 0.037937 4
-0.565200 0.598784 -0.034449 4
0.073158 -0.013441 -0.361202 3
-0.184514 -0.069119 -0.387662 5
-0.170778 -0.115995 -0.346768 5
0.065188 -0.019644 -0.338543 3
-0.229548 0.097501 -0.321168 4
-0.409985 -0.335057 -0.436954 2
-0.435326 -0.332894 -0.503438 2
0.162019 0.046933 -0.348875 3
-0.159217 -0.006895 -0.375709 5
0.267083 0.084244 -0.412689 3
-0.435217 -0.340825 -0.461742 2
0.293831 0.092379 -0.375833 3
-0.573274 0.632984 0.003801 4
-0.627706 0.609945 0.036717 4
-0.112597 -0.248809 -0.350364 3
-0.461994 -0.349399 -0.498949 2
-0.503213 0.552046 -0.103463 4
0.370689 0.093203 -0.386360 3
-0.349599 -0.337593 -0.400299 2
-0.375391 -0.327751 -0.431921 2
-0.202824 -0.100866 -0.335278 4
-0.132454 -0.595044 -0.322647 0
0.133195 0.027020 -0.378428 3
-0.312395 0.237917 -0.307167 4
-0.205367 -0.165768 -0.342083 4
-0.347144 0.247141 -0.329823 4
-0.141856 0.174177 -0.414342 5
-0.129366 -0.804835 -0.284886 0
-0.104417 0.240437 -0.388031 5
-0.194980 -0.055514 -0.342515 5
-0.145609 -0.351220 -0.338904 0
-0.124920 0.234718 -0.422604 5
-0.536954 0.583543 -0.054198 4
-0.375389 0.328960 -0.275335 4
-0.390700 0.287178 -0.329056 4
0.325850 0.091545 -0.397653 3
-0.149441 -0.546507 -0.331093 0
0.434529 0.092955 -0.373464 3
-0.184816 -0.188743 -0.336618 4
-0.593547 0.560183 -0.076227 4
-0.276997 0.096315 -0.337646 4
-0.035048 -0.596264 -0.332510 1
-0.096100 0.324779 -0.433343 5
-0.156134 -0.388288 -0.326820 0
-0.032967 -0.102053 -0.381141 3
-0.361257 0.260804 -0.338819 4
0.271891 0.085390 -0.378876 3
-0.187311 -0.042283 -0.393114 5
-0.093472 -0.186949 -0.377117 3
-0.151313 -0.460102 -0.320382 0
-0.611349 0.688485 0.183983 4
-0.156057 -0.310150 -0.339258 0
-0.332309 -0.328597 -0.416453 2
-0.474109 0.439239 -0.243563 4
-0.629501 0.624588 0.082965 4
-0.016179 -0.086932 -0.346381 3
-0.229270 -0.397340 -0.342289 2
-0.153314 0.164118 -0.429181 5
-0.034336 0.405791 -0.472372 5
-0.118189 -0.772178 -0.304222 0
-0.143663 -0.494378 -0.333498 0
-0.299135 0.266297 -0.289474 4
-0.250968 0.150010 -0.309819 4
0.352939 0.101883 -0.375625 3
0.237922 0.085592 -0.352268 3
-0.112785 0.221019 -0.382161 5
-0.188282 -0.238952 -0.352052 5
-0.432261 0.448671 -0.208114 4
-0.630840 0.640184 0.120225 4
-0.472581 0.506106 -0.166086 4
-0.215383 -0.125947 -0.348081 4
0.018602 0.488455 -0.528678 5
-0.070411 -0.157470 -0.370195 3
-0.079045 0.355949 -0.434992 5
0.241644 0.079344 -0.392629 3
-0.161624 0.144141 -0.427462 5
-0.404980 0.316667 -0.305025 4
-0.140626 0.134376 -0.386712 5
-0.621041 0.669436 0.144156 4
-0.162523 -0.032078 -0.378844 5
-0.149427 0.089015 -0.386380 5
-0.267766 -0.376129 -0.362020 2
-0.257337 0.117983 -0.324565 4
-0.141638 -0.622841 -0.322638 0
0.006223 -0.074063 -0.360150 3
-0.158486 -0.232668 -0.352930 0
-0.136746 -0.667269 -0.300162 0
0.061032 -0.016651 -0.399892 3
-0.453758 0.414527 -0.267740 4
-0.375390 -0.305752 -0.461816 2
-0.376694 0.388956 -0.243622 4
0.390174 0.094715 -0.380416 3
-0.236659 0.042656 -0.329882 4
-0.460603 0.474829 -0.188658 4
-0.597807 0.686254 0.247164 4
-0.142275 -0.525791 -0.330985 0
-0.184321 -0.167408 -0.382977 4
-0.337862 0.248791 -0.302620 4
-0.206746 -0.444395 -0.349309 2
-0.242159 -0.018320 -0.344415 4
-0.072716 0.319276 -0.417592 5
-0.193299 -0.141673 -0.336668 4
-0.131948 0.172410 -0.371970 5
-0.268823 -0.360085 -0.409563 2
0.499303 0.073105 -0.363009 3
0.302727 0.089277 -0.399649 3
-0.614167 0.598751 0.006414 4
-0.178424 -0.015064 -0.345828 5
0.522764 0.086106 -0.344925 3
-0.469130 -0.350633 -0.517230 2
-0.227226 0.015434 -0.328733 4
-0.445693 0.381339 -0.284647 4
-0.155901 0.107429 -0.355926 5
-0.062505 -0.609051 -0.277320 1
-0.174983 0.015284 -0.401472 5
-0.550980 0.525053 -0.155695 4
-0.619680 0.655196 0.092454 4
-0.621303 0.689164 0.143967 4
0.334501 0.095616 -0.380345 3
-0.299957 -0.353627 -0.365623 2
-0.115902 -0.219115 -0.375793 3
-0.198861 -0.083531 -0.321781 4
-0.110955 -0.654908 -0.288088 1
-0.158402 0.024358 -0.368002 5
-0.214340 -0.096618 -0.379517 4
-0.164836 -0.370081 -0.346346 0
-0.131812 -0.753198 -0.307870 0
-0.177143 -0.246348 -0.338056 0
0.049616 -0.028676 -0.380146 3
-0.613962 0.631846 0.056069 4
-0.451923 0.440815 -0.209450 4
-0.152068 -0.423969 -0.341409 0
-0.140181 -0.319682 -0.343978 3
-0.061470 -0.620259 -0.316460 1
-0.096168 -0.658249 -0.326854 1
-0.204079 -0.047451 -0.310488 4
-0.199218 -0.076189 -0.377856 5
-0.156444 0.086572 -0.404153 5
-0.051090 0.379701 -0.445893 5
0.034387 0.516153 -0.553397 5
-0.284760 0.169835 -0.316516 4
-0.440790 0.407103 -0.256071 4
0.392019 0.110691 -0.355610 3
-0.550329 0.537125 -0.124274 4
-0.217559 -0.087076 -0.343718 4
-0.113425 0.262624 -0.421827 5
-0.133195 -0.784209 -0.289488 0
-0.230491 -0.052203 -0.349666 4
-0.147437 -0.453481 -0.337651 0
-0.150244 0.060018 -0.377148 5
-0.357927 0.336142 -0.275188 4
-0.211059 -0.431036 -0.332522 2
-0.348135 0.301183 -0.287614 4
-0.192786 -0.189210 -0.362542 4
-0.505208 0.506309 -0.153739 4
-0.237651 -0.037868 -0.372342 4
-0.291294 0.123214 -0.358245 4
-0.137321 -0.720784 -0.296519 0
-0.228099 -0.397741 -0.381064 2
-0.393242 0.415219 -0.221454 4
-0.190072 -0.456369 -0.354346 2
-0.154102 -0.272532 -0.341440 0
-0.315513 -0.344114 -0.391123 2
0.039121 -0.038546 -0.354267 3
-0.125170 -0.734761 -0.291590 0
-0.320848 0.150953 -0.368645 4
-0.441710 -0.323501 -0.522444 2
-0.170055 -0.488536 -0.349984 0
-0.169705 -0.079455 -0.349575 5
-0.052391 -0.132801 -0.371289 3
-0.282657 -0.355443 -0.396597 2
-0.142229 -0.648621 -0.302734 0
-0.144886 -0.575944 -0.309298 0
-0.074272 -0.626800 -0.330535 1
-0.156977 -0.256842 -0.361586 0
-0.351225 0.226682 -0.355142 4
-0.169139 -0.321552 -0.351156 0
-0.197770 -0.206816 -0.349057 4
-0.267825 0.039449 -0.386275 4
0.009184 -0.053184 -0.335741 3
-0.247056 -0.000180 -0.344249 4
-0.328843 0.197978 -0.345275 4
-0.253033 -0.379784 -0.400436 2
0.091526 0.004384 -0.353987 3
-0.301656 0.122072 -0.377334 4
0.334026 0.090213 -0.413976 3
-0.417989 0.387063 -0.251080 4
-0.350235 0.269743 -0.298431 4
-0.280451 -0.365666 -0.375487 2
-0.208660 -0.120100 -0.364048 4
-0.171444 -0.496280 -0.329463 2
0.423908 0.105337 -0.365245 3
-0.434090 0.413810 -0.227361 4
0.361734 0.115216 -0.366855 3
-0.154323 -0.290757 -0.352197 0
-0.415640 0.363558 -0.276441 4
-0.036172 -0.583513 -0.269898 1
0.075779 -0.000918 -0.399405 3
-0.456984 -0.337715 -0.532895 2
-0.296865 -0.340142 -0.407468 2
-0.166891 -0.184289 -0.347263 5
-0.162405 0.059931 -0.405197 5
-0.209685 -0.011121 -0.314656 4
-0.151635 -0.482038 -0.319962 0
-0.316647 0.195176 -0.318997 4
-0.560025 0.623605 -0.005806 4
-0.288841 0.202686 -0.303162 4
0.102181 0.011387 -0.386270 3
-0.154513 -0.390065 -0.345025 0
0.213043 0.066700 -0.373628 3
-0.520866 0.550065 -0.106526 4
-0.261372 0.056032 -0.347504 4
-0.150961 -0.517979 -0.316018 0
-0.100657 0.293641 -0.421893 5
-0.307962 0.178483 -0.327991 4
0.130617 0.031015 -0.359198 3
-0.226781 -0.412505 -0.353133 2
-0.035945 -0.111098 -0.346443 3
-0.162643 0.027882 -0.394378 5
-0.181160 -0.264912 -0.353844 0
-0.366101 0.274252 -0.325730 4
-0.086090 0.270350 -0.390784 5
-0.498472 0.470681 -0.201113 4
0.260462 0.083112 -0.392223 3
-0.149699 -0.538845 -0.313933 0
0.404155 0.102828 -0.370377 3
-0.183080 -0.210666 -0.336965 4
-0.193500 -0.104590 -0.377728 5
-0.411208 0.444146 -0.204434 4
-0.113785 -0.233695 -0.341286 3
0.289799 0.085203 -0.414290 3
-0.184414 0.042457 -0.412345 5
-0.010575 -0.576440 -0.317942 1
0.462088 0.099825 -0.361465 3
-0.330226 0.298982 -0.289788 4
-0.144424 -0.564243 -0.328537 0
-0.324839 0.276224 -0.298463 4
-0.085769 0.284563 -0.404097 5
-0.007211 -0.568439 -0.282360 1
-0.202225 -0.037639 -0.384459 5
0.460183 0.074559 -0.385093 3
-0.056113 -0.141535 -0.331075 3
-0.124365 -0.763706 -0.288113 0
-0.193672 -0.016240 -0.337507 5
-0.179418 -0.230394 -0.364698 5
-0.251004 -0.025101 -0.390206 4
-0.083766 -0.181607 -0.347550 3
-0.167015 -0.407316 -0.339900 0
0.008274 -0.056023 -0.394279 3
-0.112998 -0.807243 -0.292285 0
-0.318223 -0.320098 -0.421793 2
-0.172005 -0.315406 -0.335192 0
-0.276821 0.089424 -0.362273 4
-0.157291 -0.438495 -0.324524 0
0.474381 0.086348 -0.365309 3
-0.182728 -0.114722 -0.320540 4
-0.175669 -0.041938 -0.347614 5
-0.181414 -0.007400 -0.398729 5
-0.157051 -0.408944 -0.326084 0
0.015433 0.456721 -0.513700 5
-0.481431 0.481974 -0.177236 4
-0.531482 0.501551 -0.185020 4
-0.168837 -0.069584 -0.380921 5
0.166841 0.045310 -0.369387 3
-0.332742 -0.338407 -0.397871 2
0.225904 0.082287 -0.403204 3
-0.165766 -0.338360 -0.334238 0
-0.080264 -0.628726 -0.288586 1
0.422971 0.082594 -0.388890 3
-0.242709 0.133503 -0.316758 4
-0.466037 0.455972 -0.200618 4
-0.125690 0.188036 -0.369901 5
-0.249976 0.083079 -0.328885 4
-0.210403 -0.069411 -0.333010 4
-0.159849 -0.353945 -0.348399 0
-0.199347 -0.130981 -0.390383 4
0.297976 0.101314 -0.357904 3
-0.250655 -0.003443 -0.372325 4
-0.202440 -0.111695 -0.350755 4
-0.365718 -0.318174 -0.441937 2
-0.616350 0.678849 0.211438 4
-0.115684 -0.698274 -0.303865 0
-0.432915 -0.338690 -0.482469 2
-0.320522 0.216827 -0.312903 4
-0.133163 -0.731955 -0.311984 0
-0.296781 0.228282 -0.302402 4
-0.169331 -0.152400 -0.328100 4
-0.057076 0.332638 -0.420014 5
-0.201779 -0.150686 -0.361449 4
-0.097764 -0.207400 -0.347041 3
-0.620164 0.676398 0.108288 4
-0.020831 -0.101236 -0.365151 3
0.063927 -0.021846 -0.374478 3
-0.104447 -0.671853 -0.308021 1
-0.012475 -0.081955 -0.377244 3
-0.174424 -0.176616 -0.369588 5
-0.182242 -0.480637 -0.339059 2
-0.045843 -0.606635 -0.293835 1
-0.145425 -0.313288 -0.324224 3
-0.447264 -0.342767 -0.494860 2
-0.184183 -0.131103 -0.378162 5
-0.391899 0.383911 -0.248196 4
-0.024374 0.396135 -0.463150 5
-0.394455 0.359022 -0.260410 4
-0.570266 0.573843 -0.062280 4
-0.473029 0.534808 -0.143372 4
-0.579505 0.582301 -0.045202 4
-0.160768 -0.368517 -0.330229 0
-0.278501 0.132949 -0.326918 4
-0.132589 -0.685900 -0.299059 0
-0.501716 0.534793 -0.129164 4
-0.252367 0.025044 -0.355859 4
-0.134414 -0.641221 -0.320255 0
-0.524781 0.568084 -0.076901 4
-0.137123 0.160798 -0.358329 5
-0.300310 0.147798 -0.346550 4
-0.141167 -0.297749 -0.361851 3
-0.293914 0.138942 -0.327589 4
-0.140073 -0.560697 -0.312585 0
-0.175882 0.015666 -0.344110 5
-0.145913 -0.604979 -0.324421 0
-0.169506 0.073117 -0.411643 5
-0.213968 0.028532 -0.315295 4
-0.233765 -0.033743 -0.357072 4
-0.387001 0.297485 -0.316643 4
0.187864 0.053568 -0.347133 3
-0.162076 0.077755 -0.353812 5
-0.383963 -0.331881 -0.410062 2
-0.156815 0.048872 -0.367432 5
-0.137297 -0.598940 -0.307725 0
-0.155175 0.009385 -0.373169 5
-0.220171 0.059224 -0.319372 4
-0.084401 -0.179944 -0.363572 3
0.155147 0.043983 -0.393015 3
-0.040173 -0.593715 -0.317103 1
-0.595888 0.595887 -0.014066 4
-0.142461 0.202553 -0.433441 5
-0.244495 0.056634 -0.331027 4
-0.431691 0.393966 -0.261789 4
-0.160354 -0.154719 -0.360810 5
0.533839 0.069199 -0.345383 3
-0.100374 -0.201398 -0.363625 3
-0.021410 -0.582557 -0.283994 1
-0.042277 -0.120589 -0.369257 3
-0.386610 0.339556 -0.271210 4
-0.556139 0.545339 -0.111907 4
-0.170897 -0.204503 -0.375881 5
-0.415078 0.428458 -0.218284 4
-0.147856 -0.510055 -0.332920 0
-0.394779 -0.330760 -0.435590 2
-0.452019 0.487561 -0.184725 4
-0.557858 0.562732 -0.080448 4
-0.124396 -0.800376 -0.303558 0
-0.133195 -0.279859 -0.353063 3
0.084673 -0.001056 -0.384806 3
-0.164825 -0.510804 -0.326973 0
-0.132573 -0.689482 -0.315814 0
-0.257477 0.023453 -0.372102 4
-0.620135 0.675731 0.180924 4
-0.258556 0.007428 -0.381209 4
-0.369803 0.304133 -0.292609 4
-0.177075 -0.369055 -0.336500 0
-0.131699 -0.673382 -0.316711 0
-0.476796 0.446226 -0.229733 4
-0.046955 -0.605987 -0.335807 1
-0.126865 -0.259718 -0.333252 3
-0.149522 -0.423908 -0.325303 0
-0.144949 -0.499574 -0.317571 0
-0.622314 0.659824 0.126813 4
-0.459225 0.429979 -0.244686 4
-0.177161 0.041182 -0.342899 5
-0.552113 0.580290 -0.061456 4
-0.343551 -0.304088 -0.444179 2
-0.171735 -0.037528 -0.390659 5
-0.146689 -0.628228 -0.306147 0
-0.266044 0.082204 -0.336299 4
-0.632893 0.656478 0.152324 4
-0.124535 -0.712742 -0.312358 0
-0.281630 0.097769 -0.375500 4
-0.579703 0.601739 -0.018980 4
-0.154035 -0.329991 -0.346828 0
-0.220461 0.001270 -0.325551 4
-0.541791 0.551194 -0.093024 4
-0.087678 -0.645119 -0.302236 1
-0.156973 0.051185 -0.392625 5
-0.624782 0.630129 0.069307 4
-0.147943 0.136588 -0.354885 5
-0.495648 0.455592 -0.223661 4
-0.206926 -0.422576 -0.375517 2
-0.367896 0.363311 -0.262715 4
-0.130557 -0.782841 -0.304647 0
-0.271505 0.068997 -0.381517 4
-0.595668 0.638533 0.028688 4
-0.172379 0.074664 -0.339714 5
-0.188392 -0.155799 -0.371355 5
-0.408283 -0.317377 -0.482555 2
-0.214915 -0.099672 -0.364452 4
-0.167537 0.053843 -0.348886 5
0.507130 0.087253 -0.349815 3
-0.034587 0.384166 -0.454691 5
-0.333545 0.263493 -0.303275 4
-0.329228 0.330455 -0.281436 4
-0.623415 0.600124 0.018564 4
-0.148489 -0.793999 -0.302601 0
-0.166671 -0.007149 -0.351652 5
-0.586753 0.620866 0.001613 4
-0.212211 -0.106522 -0.391001 4
-0.160558 0.111489 -0.341922 5
-0.222841 -0.069456 -0.373506 4
-0.332043 0.223414 -0.327866 4
-0.086196 0.312966 -0.421102 5
-0.618392 0.620344 0.042912 4
-0.053538 0.364385 -0.439343 5
-0.074225 0.295208 -0.401866 5
-0.319278 0.171469 -0.351290 4
0.327289 0.106425 -0.366672 3
-0.361627 0.280540 -0.310444 4
-0.582258 0.556855 -0.086519 4
0.000766 -0.071311 -0.375097 3
-0.195743 -0.132716 -0.348655 4
0.557570 0.083668 -0.332112 3
-0.163315 -0.466312 -0.327391 0
-0.154074 -0.440322 -0.340930 0
-0.580798 0.689841 0.277120 4
-0.137136 -0.752077 -0.293806 0
-0.447003 0.427806 -0.227994 4
0.011103 0.478806 -0.519419 5
-0.079436 -0.166125 -0.340655 3
-0.183299 -0.077177 -0.342344 5
0.002639 -0.567268 -0.303290 1
-0.376691 0.316549 -0.287774 4
-0.024220 -0.099036 -0.350010 3
-0.265219 -0.376791 -0.376745 2
-0.406148 0.328296 -0.295710 4
-0.179075 -0.127956 -0.343470 5
0.128312 0.020815 -0.403509 3
-0.167930 -0.188972 -0.364330 5
-0.168116 -0.106480 -0.372812 5
-0.137222 -0.805852 -0.298354 0
-0.529860 0.536320 -0.116363 4
-0.602744 0.583064 -0.024322 4
-0.037276 -0.601911 -0.304975 1
-0.304371 0.254441 -0.296641 4
-0.243101 0.099410 -0.327098 4
-0.496754 0.520342 -0.144110 4
-0.150983 -0.470861 -0.337452 0
-0.525777 0.511190 -0.164877 4
-0.110691 -0.687322 -0.321707 1
-0.220076 -0.054984 -0.339459 4
-0.119751 0.191021 -0.356725 5
-0.142149 -0.702499 -0.301260 0
-0.121952 -0.740906 -0.308711 0
-0.155358 0.137750 -0.415803 5
-0.150184 0.104267 -0.369081 5
-0.400768 0.341667 -0.284071 4
-0.335021 0.211280 -0.345146 4
-0.152280 0.073914 -0.372941 5
-0.055247 -0.136762 -0.345566 3
-0.425437 -0.338813 -0.449580 2
-0.366421 -0.331641 -0.415566 2
-0.433869 0.350632 -0.294283 4
-0.198401 -0.109011 -0.364547 4
-0.070091 -0.160099 -0.384544 3
-0.125032 0.218026 -0.414068 5
-0.172632 -0.344458 -0.345565 0
0.491409 0.102559 -0.351689 3
-0.185079 -0.112516 -0.343221 5
-0.142024 0.144040 -0.397510 5
-0.513382 0.473427 -0.205755 4
-0.187401 0.008569 -0.404937 5
-0.287788 0.230000 -0.291120 4
-0.486991 0.462977 -0.207737 4
-0.202476 -0.091718 -0.346552 4
-0.097344 0.264068 -0.401213 5
-0.177212 0.029694 -0.404885 5
-0.161031 -0.084572 -0.365836 5
-0.225285 0.083664 -0.320727 4
0.103126 0.011890 -0.358318 3
-0.614624 0.654442 0.067071 4
-0.089448 -0.628846 -0.276850 1
-0.352628 0.352274 -0.272724 4
0.187223 0.054637 -0.373179 3
-0.198211 -0.010278 -0.398197 5
-0.138849 0.164491 -0.404084 5
-0.512817 0.489009 -0.184258 4
0.460428 0.113388 -0.356855 3
-0.229299 -0.016841 -0.338062 4
-0.042620 0.352825 -0.429450 5
-0.087294 0.342900 -0.436211 5
0.200462 0.070315 -0.394983 3
0.117206 0.017609 -0.379195 3
-0.168223 -0.164256 -0.347555 5
-0.543927 0.561956 -0.083749 4
-0.136804 0.158766 -0.372828 5
-0.124046 -0.713832 -0.296600 0
-0.161015 -0.543917 -0.321099 0
-0.191209 -0.091215 -0.382265 5
-0.618472 0.678260 0.155119 4
0.266773 0.093959 -0.363427 3
-0.161279 -0.241102 -0.366359 5
0.200861 0.059863 -0.347265 3
-0.505244 0.497617 -0.169014 4
-0.125461 -0.255927 -0.357996 3
-0.285743 0.184712 -0.309241 4
-0.175794 -0.290943 -0.353057 0
0.035683 -0.038911 -0.384653 3
-0.132949 -0.584314 -0.312354 0
-0.297711 0.168913 -0.322232 4
-0.314269 0.302326 -0.286910 4
-0.224052 0.030435 -0.325081 4
-0.156816 -0.573679 -0.319231 0
-0.173719 -0.277658 -0.336797 0
-0.189271 -0.468685 -0.324330 2
-0.136275 -0.284427 -0.337352 3
0.430486 0.113385 -0.355666 3
-0.552499 0.592162 -0.047579 4
-0.136781 0.187403 -0.414463 5
-0.123261 0.208037 -0.402779 5
-0.424752 -0.337201 -0.470467 2
-0.258137 0.043671 -0.353425 4
-0.060252 -0.144056 -0.367353 3
-0.014244 0.416502 -0.478122 5
-0.269603 0.105904 -0.330529 4
-0.518876 0.522980 -0.128256 4
-0.162829 -0.139582 -0.358283 5
-0.601303 0.623945 0.026656 4
-0.377511 0.282683 -0.327500 4
-0.422356 -0.319377 -0.501585 2
-0.068407 -0.158564 -0.349546 3
-0.236564 -0.050874 -0.384002 4
-0.265878 0.175573 -0.299683 4
-0.004070 0.446588 -0.500778 5
-0.023535 -0.590249 -0.298850 1
0.396185 0.084432 -0.393680 3
-0.608934 0.642796 0.049038 4
0.181398 0.060539 -0.393867 3
-0.207507 -0.134895 -0.355809 4
-0.240523 -0.006345 -0.357003 4
-0.157812 -0.260908 -0.348160 0
-0.310303 0.270551 -0.296613 4
-0.001765 0.433903 -0.491579 5
-0.106879 0.280568 -0.422805 5
-0.451798 0.500183 -0.178940 4
-0.286011 0.121777 -0.341556 4
-0.109864 0.217731 -0.362828 5
-0.215264 -0.425551 -0.344617 2
-0.168200 -0.436699 -0.332881 0
-0.136433 -0.527283 -0.318514 0
-0.169391 -0.162643 -0.367687 5
-0.219982 -0.414271 -0.367008 2
-0.194348 -0.053741 -0.389840 5
-0.322570 0.247259 -0.305560 4
-0.431254 0.459567 -0.199655 4
0.362288 0.090066 -0.396890 3
-0.024814 0.368643 -0.445181 5
-0.150857 -0.591817 -0.310622 0
-0.275276 0.200591 -0.293014 4
-0.399318 0.406993 -0.232279 4
-0.288712 0.112584 -0.370017 4
-0.142077 -0.577747 -0.327172 0
-0.181409 -0.102016 -0.383911 5
-0.170943 -0.188885 -0.334618 4
-0.074101 0.307416 -0.410769 5
-0.608792 0.684951 0.199925 4
-0.193212 -0.106702 -0.327420 4
0.284866 0.085797 -0.384457 3
0.084838 -0.005435 -0.364020 3
-0.207189 -0.082882 -0.333792 4
-0.129382 0.190409 -0.401479 5
-0.037822 -0.116393 -0.332169 3
-0.193692 -0.122647 -0.373151 5
-0.165783 0.107296 -0.418366 5
-0.170076 -0.000082 -0.396590 5
-0.012777 -0.077181 -0.335353 3
-0.110040 -0.234508 -0.354395 3
-0.100320 0.252991 -0.393813 5
-0.265344 0.051159 -0.375155 4
-0.307532 0.167193 -0.340158 4
-0.138085 -0.617814 -0.304389 0
-0.138122 -0.486538 -0.322323 0
-0.127662 -0.648772 -0.306336 0
0.015904 -0.067182 -0.366783 3
0.054949 -0.026316 -0.347131 3
-0.164750 -0.113421 -0.358684 5
-0.117917 0.249809 -0.422160 5
0.279930 0.092833 -0.369683 3
0.011291 -0.060185 -0.349360 3
-0.161088 0.091252 -0.352825 5
-0.291370 -0.333698 -0.418062 2
-0.139625 -0.456417 -0.326192 0
-0.167535 -0.381958 -0.330518 0
0.142538 0.037464 -0.359023 3
-0.170168 -0.097853 -0.347786 5
-0.198609 -0.455029 -0.343923 2
-0.339070 0.237910 -0.324111 4
0.577574 0.068840 -0.319014 3
0.022230 -0.054962 -0.372444 3
-0.184614 -0.022338 -0.396461 5
0.303578 0.089273 -0.384636 3
-0.585275 0.633456 0.011663 4
-0.242687 -0.395060 -0.356921 2
0.108206 0.009286 -0.373567 3
-0.182965 -0.228763 -0.338294 4
-0.387468 -0.316733 -0.461123 2
-0.401049 -0.304260 -0.486292 2
-0.142788 -0.304760 -0.350486 3
0.447979 0.083403 -0.380546 3
-0.119265 -0.684539 -0.295766 1
-0.194015 -0.158979 -0.339802 4
-0.135060 -0.554949 -0.326192 0
-0.196426 -0.140338 -0.378628 4
-0.255266 0.028729 -0.343318 4
-0.041905 -0.597629 -0.280719 1
-0.150481 0.098224 -0.396028 5
-0.180533 -0.145363 -0.330056 4
-0.175379 -0.296647 -0.336195 0
-0.464912 -0.348304 -0.531242 2
-0.044980 -0.121822 -0.343423 3
-0.006628 -0.081339 -0.353804 3
0.047457 -0.037438 -0.370361 3
-0.381341 0.358753 -0.262668 4
-0.387963 0.395155 -0.240243 4
-0.405313 -0.332047 -0.449321 2
0.028086 0.485418 -0.537488 5
-0.156320 -0.520298 -0.333369 0
-0.177162 -0.175780 -0.332257 4
0.173595 0.059398 -0.406680 3
-0.585102 0.610382 -0.007244 4
-0.142781 -0.416577 -0.335451 0
-0.118177 0.211766 -0.390843 5
-0.171728 -0.128175 -0.374520 5
-0.111095 0.231493 -0.395182 5
-0.185904 -0.201012 -0.369705 4
-0.617299 0.664505 0.101534 4
-0.244790 -0.029211 -0.379300 4
-0.165851 -0.399617 -0.329123 0
-0.348504 -0.337992 -0.386509 2
-0.166143 -0.056043 -0.356293 5
-0.394479 0.306541 -0.310759 4
-0.272929 0.075429 -0.370165 4
-0.532774 0.574522 -0.064585 4
0.243572 0.084036 -0.364006 3
-0.446528 0.473167 -0.191411 4
-0.362620 -0.326420 -0.429281 2
-0.423182 0.421027 -0.226573 4
-0.394985 0.320938 -0.297750 4
-0.434083 0.374425 -0.280391 4
-0.302540 0.202690 -0.313726 4
-0.171282 -0.494986 -0.316458 2
-0.218179 -0.033314 -0.331004 4
-0.616897 0.661500 0.081358 4
-0.504727 0.545495 -0.114655 4
0.157127 0.043464 -0.360876 3
-0.189295 -0.172478 -0.337217 4
-0.245090 0.034464 -0.336223 4
-0.156665 -0.348366 -0.332618 0
-0.194806 -0.245024 -0.342543 4
-0.179259 0.075830 -0.419822 5
-0.171051 -0.210853 -0.363134 5
-0.518457 0.512846 -0.152722 4
-0.481364 0.540976 -0.128551 4
-0.173162 -0.029189 -0.347667 5
-0.107121 -0.219205 -0.342237 3
-0.133158 0.170281 -0.386137 5
-0.251951 -0.380849 -0.386577 2
-0.354470 0.258963 -0.327936 4
-0.237291 0.087844 -0.326681 4
-0.225050 -0.061474 -0.356877 4
-0.124882 -0.669701 -0.304699 0
-0.324377 0.287649 -0.292427 4
-0.198730 -0.179619 -0.354271 4
0.234427 0.074460 -0.383105 3
-0.198722 -0.043604 -0.339259 5
-0.159825 -0.215533 -0.354894 5
-0.054795 -0.130373 -0.386734 3
0.339060 0.104582 -0.371563 3
-0.099824 -0.651394 -0.296153 1
0.422191 0.091360 -0.378982 3
-0.292553 0.216202 -0.301085 4
-0.156829 -0.226977 -0.338118 0
-0.179775 -0.180093 -0.382406 4
0.127883 0.024805 -0.389915 3
0.148204 0.037780 -0.384167 3
-0.343591 0.251633 -0.315120 4
0.028935 -0.046510 -0.352408 3
-0.616687 0.678756 0.168937 4
-0.114065 -0.226933 -0.364850 3
-0.162758 -0.019315 -0.382412 5
-0.507990 0.478524 -0.195008 4
0.219341 0.071039 -0.363360 3
-0.332810 0.312274 -0.285961 4
0.105734 0.012007 -0.402562 3
-0.570089 0.554372 -0.093748 4
-0.168723 -0.129514 -0.350821 5
-0.089696 -0.646065 -0.318604 1
0.252601 0.084362 -0.402514 3
-0.153383 -0.405889 -0.343514 0
-0.375019 -0.316498 -0.450505 2
0.377213 0.112817 -0.357970 3
-0.155525 -0.304310 -0.350902 0
-0.266170 0.153711 -0.314832 4
-0.457395 0.423701 -0.255918 4
-0.140016 -0.538233 -0.328918 0
-0.132936 0.208255 -0.420416 5
-0.411006 -0.327498 -0.472375 2
0.059826 -0.018458 -0.386017 3
0.089863 0.004327 -0.340494 3
-0.437822 0.410918 -0.242498 4
-0.148594 -0.673885 -0.305547 0
-0.106276 0.292733 -0.433246 5
0.229551 0.078396 -0.358522 3
-0.157967 0.123153 -0.413441 5
-0.138705 0.197098 -0.422380 5
-0.598107 0.565756 -0.065810 4
-0.142376 0.121883 -0.383223 5
-0.117757 0.232054 -0.410455 5
-0.250150 -0.014464 -0.378464 4
-0.340136 -0.334854 -0.408180 2
-0.093620 0.286056 -0.414697 5
-0.157636 -0.269657 -0.357400 0
-0.155149 -0.327228 -0.363109 0
-0.210568 -0.109084 -0.371605 4
-0.120547 -0.249860 -0.372411 3
-0.314652 0.139468 -0.371878 4
-0.059118 0.314690 -0.405240 5
-0.232258 0.059255 -0.325684 4
-0.181602 -0.258147 -0.337998 0
-0.287711 -0.359794 -0.385160 2
-0.141753 -0.299785 -0.336583 3
-0.354343 -0.318051 -0.436612 2
-0.138185 0.148194 -0.383211 5
-0.145235 -0.389649 -0.332874 0
-0.021296 -0.090865 -0.377014 3
-0.543524 0.602890 -0.027737 4
-0.162073 -0.006637 -0.363301 5
-0.180023 -0.313089 -0.345461 0
-0.162978 0.045237 -0.357161 5
-0.189939 -0.199879 -0.339123 4
-0.173253 0.004220 -0.348375 5
0.306408 0.097297 -0.371258 3
-0.378723 -0.300494 -0.472643 2
-0.128735 0.237119 -0.434249 5
-0.548016 0.529418 -0.140487 4
-0.243380 -0.388573 -0.381681 2
-0.421167 0.355025 -0.284469 4
-0.486217 0.477010 -0.187640 4
0.444725 0.097244 -0.367687 3
-0.159887 -0.054260 -0.368665 5
0.112245 0.021424 -0.353570 3
-0.144780 -0.470671 -0.321395 0
-0.414307 0.398269 -0.240743 4
-0.411993 0.372171 -0.262344 4
-0.157349 0.027005 -0.383136 5
-0.558137 0.570569 -0.069667 4
-0.305389 -0.347324 -0.397619 2
-0.566957 0.606334 -0.024723 4
-0.240039 0.008182 -0.338291 4
-0.168287 -0.261959 -0.361040 0
-0.334152 -0.306318 -0.430270 2
-0.109191 -0.214409 -0.365792 3
-0.165449 -0.197278 -0.346904 5
-0.589820 0.582199 -0.038298 4
0.365241 0.102664 -0.374313 3
-0.143478 -0.696530 -0.313875 0
-0.328944 0.177542 -0.358662 4
-0.567116 0.547771 -0.106745 4
-0.345189 0.258625 -0.304243 4
-0.518365 0.557495 -0.095273 4
0.475849 0.098561 -0.357735 3
-0.265553 0.066746 -0.342965 4
-0.562202 0.538442 -0.127444 4
-0.347535 0.238967 -0.344230 4
-0.152597 0.121285 -0.355333 5
-0.186501 -0.046631 -0.341286 5
-0.152897 -0.621802 -0.317697 0
-0.210867 -0.034290 -0.321116 4
0.542459 0.080054 -0.335967 3
-0.541322 0.519489 -0.161231 4
0.351387 0.088598 -0.410348 3
-0.483173 0.525605 -0.147943 4
-0.151213 -0.343183 -0.346320 0
-0.310103 -0.327124 -0.415836 2
-0.100930 -0.665340 -0.318036 1
-0.248499 0.015111 -0.349134 4
0.528220 0.096945 -0.346746 3
-0.069815 -0.625830 -0.301650 1
-0.184441 -0.270020 -0.339732 0
-0.331918 -0.308135 -0.444212 2
-0.210970 -0.111280 -0.341969 4
-0.049485 -0.600949 -0.305176 1
-0.182575 -0.057072 -0.390265 5
-0.342135 0.333663 -0.280463 4
-0.115245 -0.734893 -0.299086 0
0.035994 -0.039622 -0.342024 3
-0.106599 -0.662472 -0.296646 1
-0.325080 -0.343967 -0.381206 2
-0.159068 -0.020676 -0.370472 5
-0.394660 0.372367 -0.256113 4
-0.097793 0.240969 -0.374959 5
0.006346 0.452461 -0.503175 5
-0.068360 0.341894 -0.427704 5
-0.466532 0.448500 -0.215001 4
-0.049516 -0.141914 -0.360083 3
-0.166036 -0.252067 -0.335689 0
-0.130478 -0.816878 -0.286095 0
-0.149179 -0.482775 -0.335858 0
-0.289743 0.127545 -0.328083 4
-0.482126 0.498656 -0.165403 4
-0.624792 0.645096 0.110251 4
-0.572460 0.589407 -0.036911 4
-0.206740 -0.062407 -0.322486 4
-0.126537 -0.747677 -0.289950 0
0.022247 -0.048791 -0.385386 3
-0.109305 -0.682749 -0.304859 1
-0.244993 -0.394018 -0.371002 2
-0.625595 0.635686 0.085767 4
-0.093477 -0.185511 -0.339109 3
-0.201301 -0.164706 -0.354616 4
-0.220811 -0.081193 -0.376090 4
-0.155280 -0.494023 -0.320488 0
-0.430641 0.483378 -0.186503 4
-0.142537 -0.722517 -0.307294 0
-0.014092 0.391922 -0.458455 5
-0.205343 -0.132091 -0.341394 4
-0.130634 -0.269363 -0.358368 3
-0.585596 0.568118 -0.065532 4
-0.292475 0.158260 -0.324163 4
0.392958 0.106026 -0.367384 3
-0.117187 0.208549 -0.374746 5
-0.601362 0.612716 0.016199 4
-0.128882 -0.630137 -0.316742 0
0.074721 -0.009145 -0.350094 3
-0.201763 -0.435016 -0.371312 2
-0.625855 0.659696 0.138284 4
0.372237 0.085588 -0.401904 3
0.074653 -0.015414 -0.372945 3
-0.406329 0.387293 -0.246905 4
-0.309843 0.184714 -0.317917 4
-0.191345 -0.223176 -0.352279 4
-0.440498 0.439308 -0.214334 4
0.471326 0.074085 -0.380707 3
-0.530910 0.552363 -0.099751 4
-0.056264 -0.616467 -0.306374 1
-0.156111 -0.536576 -0.331393 0
-0.405437 0.421877 -0.220890 4
-0.226820 -0.074701 -0.387227 4
-0.412069 0.310992 -0.312789 4
-0.227117 -0.404530 -0.371292 2
-0.184016 -0.465026 -0.348795 2
-0.137511 -0.791563 -0.298663 0
-0.134506 -0.819708 -0.297207 0
0.169605 0.054938 -0.395836 3
-0.041451 -0.109632 -0.384653 3
-0.160736 -0.244337 -0.353607 0
-0.116463 -0.760449 -0.305157 0
0.302058 0.087545 -0.413389 3
-0.304321 0.242756 -0.299908 4
-0.052761 0.342521 -0.425007 5
-0.280069 0.107660 -0.339264 4
-0.368431 0.294290 -0.302536 4
-0.118845 -0.241679 -0.357749 3
-0.184463 -0.170046 -0.371442 5
-0.273831 -0.371509 -0.352971 2
0.163624 0.043827 -0.380676 3
-0.148634 0.112173 -0.397600 5
-0.612095 0.617713 0.031986 4
-0.081506 0.265273 -0.381147 5
-0.093388 -0.191997 -0.365197 3
-0.266805 0.065568 -0.354755 4
-0.162337 -0.032117 -0.365674 5
-0.119279 -0.813390 -0.284408 0
-0.147805 0.164507 -0.417532 5
-0.151652 -0.809938 -0.291402 0
-0.019634 0.430791 -0.490525 5
-0.158854 -0.212236 -0.336206 4
-0.261362 -0.372247 -0.403958 2
-0.314255 0.207855 -0.317241 4
-0.149270 -0.447035 -0.323385 0
-0.164681 0.018631 -0.356243 5
-0.424395 0.440717 -0.211765 4
-0.245644 0.069154 -0.329441 4
-0.191219 -0.202466 -0.359317 4
-0.143853 -0.673782 -0.316298 0
-0.353399 0.321303 -0.280747 4
-0.491586 0.487202 -0.174509 4
-0.148473 0.099920 -0.381031 5
0.314360 0.090472 -0.400646 3
-0.157628 0.037183 -0.367882 5
-0.168396 -0.234073 -0.360266 5
-0.115920 -0.776300 -0.291025 0
-0.130067 -0.700708 -0.313650 0
-0.386399 -0.331245 -0.423464 2
-0.105245 0.263011 -0.413476 5
-0.128253 0.182106 -0.379647 5
-0.448757 0.415838 -0.256232 4
-0.154275 -0.557039 -0.327349 0
0.503561 0.064658 -0.356176 3
0.271486 0.085272 -0.397191 3
-0.155595 -0.315876 -0.349440 0
-0.397899 -0.326438 -0.456349 2
-0.167370 -0.090196 -0.374795 5
-0.159242 0.073798 -0.403034 5
-0.230714 -0.046025 -0.361344 4
-0.334623 -0.321617 -0.426700 2
-0.535026 0.586493 -0.043128 4
-0.475015 0.475200 -0.184151 4
-0.135185 0.175529 -0.404939 5
-0.222380 -0.041503 -0.339386 4
-0.056645 -0.611564 -0.288184 1
-0.602145 0.573132 -0.047741 4
-0.147402 0.174498 -0.424512 5
-0.232847 0.026186 -0.331291 4
-0.273106 0.087860 -0.344730 4
-0.188207 -0.291334 -0.341424 0
-0.195087 -0.094426 -0.324170 4
-0.145444 -0.651624 -0.317632 0
-0.129066 -0.769951 -0.307442 0
-0.320295 0.193588 -0.336876 4
-0.367848 0.374892 -0.256024 4
0.173002 0.050205 -0.350317 3
0.019826 -0.050432 -0.345077 3
-0.149624 -0.788440 -0.291791 0
-0.246679 0.113545 -0.325831 4
-0.150869 -0.362816 -0.344960 0
0.131179 0.038383 -0.350327 3
-0.078547 -0.169896 -0.364756 3
-0.202531 -0.149852 -0.340693 4
-0.575330 0.622309 -0.004279 4
0.559921 0.070989 -0.327634 3
-0.107171 0.230934 -0.380414 5
-0.372203 0.393999 -0.234282 4
-0.145192 -0.334747 -0.341199 0
-0.604340 0.598115 -0.002074 4
0.487919 0.079917 -0.363440 3
-0.035668 0.394005 -0.463565 5
-0.532029 0.507852 -0.175419 4
-0.526290 0.521774 -0.142469 4
-0.041728 -0.602429 -0.324404 1
0.498256 0.081822 -0.355626 3
-0.622681 0.669965 0.121465 4
-0.054613 0.387542 -0.453468 5
-0.112431 -0.233117 -0.329925 3
-0.130695 -0.274955 -0.340542 3
-0.160954 -0.431149 -0.340693 0
-0.434493 0.384247 -0.274222 4
-0.168498 -0.332862 -0.349540 0
0.150612 0.036280 -0.404968 3
-0.406972 0.362348 -0.269092 4
-0.121099 -0.789470 -0.304309 0
-0.167543 -0.325576 -0.332538 0
0.416362 0.099536 -0.371544 3
-0.022454 -0.090968 -0.333715 3
-0.124948 0.191779 -0.389768 5
-0.013210 -0.582057 -0.308383 1
-0.603466 0.644852 0.039256 4
-0.133611 -0.610981 -0.322326 0
0.001048 -0.060865 -0.337852 3
-0.259039 -0.381067 -0.355462 2
-0.422542 0.471131 -0.190836 4
0.053187 -0.024754 -0.398462 3
0.210797 0.067441 -0.356784 3
0.401825 0.110518 -0.361334 3
-0.290187 -0.359703 -0.374080 2
-0.176685 -0.199637 -0.334347 4
-0.152031 -0.649768 -0.308598 0
-0.163723 -0.397184 -0.344749 0
-0.104144 -0.206161 -0.329661 3
-0.156784 -0.496983 -0.333244 0
-0.097232 0.304016 -0.424823 5
-0.307933 -0.348991 -0.378720 2
-0.135881 -0.498030 -0.324144 0
-0.186283 0.014989 -0.339734 5
-0.155064 -0.296063 -0.342243 0
-0.165664 -0.494445 -0.341237 0
-0.185424 -0.249846 -0.352901 0
-0.162894 -0.005306 -0.386269 5
0.036035 0.504307 -0.548702 5
-0.189274 -0.086651 -0.343587 5
-0.086334 0.327123 -0.426863 5
-0.270900 0.117073 -0.328045 4
-0.065973 -0.160873 -0.360280 3
-0.064830 0.361205 -0.435585 5
-0.041198 0.374590 -0.447312 5
-0.255091 0.130257 -0.321175 4
-0.382809 0.409195 -0.221235 4
-0.414018 -0.314741 -0.491946 2
-0.207030 -0.433364 -0.358388 2
-0.628981 0.650903 0.122877 4
-0.186252 -0.182557 -0.373267 4
0.413025 0.107599 -0.363918 3
-0.217987 -0.094860 -0.391157 4
0.253953 0.088952 -0.363862 3
-0.172516 -0.212754 -0.333978 4
-0.066460 -0.150114 -0.342515 3
-0.527338 0.578403 -0.051807 4
-0.091887 0.273777 -0.401879 5
-0.429749 0.397794 -0.251496 4
-0.174104 -0.379350 -0.339575 0
-0.296864 0.126426 -0.367349 4
-0.313617 0.227144 -0.309740 4
-0.132326 -0.608889 -0.309270 0
-0.420874 0.452023 -0.202726 4
-0.226191 -0.080776 -0.346806 4
-0.161504 0.097504 -0.410471 5
-0.161500 -0.418093 -0.340929 0
-0.426696 0.337194 -0.299585 4
-0.217932 0.016327 -0.322389 4
-0.593916 0.689537 0.214357 4
-0.023337 0.405451 -0.470769 5
-0.066905 0.289710 -0.395568 5
-0.170971 0.054784 -0.410054 5
-0.512152 0.503619 -0.162720 4
0.109304 0.024099 -0.343208 3
-0.627590 0.666312 0.176733 4
-0.386162 -0.307347 -0.468087 2
0.023693 0.477667 -0.530476 5
-0.296513 0.133132 -0.358369 4
-0.562575 0.591779 -0.042614 4
-0.165509 -0.077675 -0.373223 5
-0.238801 -0.008255 -0.341196 4
-0.222757 -0.010646 -0.330226 4
-0.160205 -0.185943 -0.357043 5
-0.069207 0.331767 -0.422988 5
-0.497044 0.540975 -0.121167 4
-0.343380 0.222192 -0.348814 4
-0.358899 0.298845 -0.288489 4
0.382691 0.089125 -0.391019 3
0.210512 0.066577 -0.384349 3
-0.167729 -0.066894 -0.355262 5
-0.194069 -0.082154 -0.311968 4
-0.601766 0.655212 0.045365 4
-0.328621 0.186545 -0.352355 4
-0.052510 -0.604619 -0.280729 1
-0.031138 -0.588138 -0.324481 1
-0.464592 0.513319 -0.168326 4
-0.415488 0.333890 -0.294178 4
-0.147638 -0.315806 -0.335016 0
-0.212399 -0.114151 -0.355599 4
-0.228725 -0.059853 -0.378226 4
-0.540532 0.538454 -0.117837 4
-0.209646 -0.000210 -0.313421 4
-0.126703 -0.775382 -0.288814 0
-0.388828 0.404173 -0.230224 4
0.176394 0.048184 -0.373962 3
-0.233796 0.107002 -0.324642 4
-0.176892 -0.475023 -0.346815 2
-0.154519 -0.602034 -0.316226 0
-0.392539 0.348540 -0.262988 4
-0.210920 -0.095005 -0.340084 4
-0.126123 0.182186 -0.359707 5
-0.337989 0.272161 -0.298281 4
-0.364752 0.327145 -0.277153 4
-0.240712 -0.390930 -0.346985 2
-0.232127 -0.061331 -0.343868 4
-0.142582 0.148183 -0.359241 5
-0.494642 0.502034 -0.158586 4
-0.111392 0.238250 -0.403763 5
-0.154934 -0.376562 -0.345968 0
-0.077719 -0.162833 -0.330384 3
-0.177377 -0.140827 -0.376151 5
-0.169504 0.065890 -0.345541 5
-0.140557 -0.549009 -0.313552 0
-0.175066 0.027650 -0.343844 5
-0.462838 0.500583 -0.175704 4
-0.618663 0.649680 0.083085 4
-0.485354 0.452208 -0.224854 4
-0.114389 0.269538 -0.430200 5
-0.615598 0.680295 0.189785 4
-0.122442 -0.252758 -0.340379 3
-0.201911 -0.131767 -0.373091 4
-0.174755 -0.485614 -0.327709 2
0.127901 0.024576 -0.367551 3
0.522990 0.074570 -0.346313 3
-0.175674 -0.196759 -0.367415 5
-0.029411 0.416371 -0.476393 5
-0.134855 -0.653454 -0.319310 0
-0.223225 -0.072060 -0.355201 4
-0.162425 0.131144 -0.420762 5
-0.080111 -0.634526 -0.298965 1
-0.609866 0.665464 0.061258 4
-0.167595 -0.035174 -0.354828 5
-0.416936 0.319689 -0.308106 4
-0.140826 -0.810091 -0.289023 0
-0.478079 0.516888 -0.156745 4
-0.457024 -0.347822 -0.489430 2
-0.127874 -0.792843 -0.285627 0
-0.168444 -0.240499 -0.335287 0
-0.196948 -0.178616 -0.341816 4
-0.610757 0.641261 0.060362 4
-0.142438 -0.691680 -0.300804 0
-0.361397 -0.336354 -0.395497 2
0.040876 0.521786 -0.560361 5
-0.443901 -0.342341 -0.468892 2
0.433737 0.083915 -0.383940 3
-0.468448 0.466761 -0.191601 4
0.059260 -0.032259 -0.369722 3
-0.080386 -0.188344 -0.355663 3
-0.185169 -0.121876 -0.328262 4
-0.159333 0.038084 -0.393126 5
0.066679 -0.016320 -0.349621 3
-0.120947 0.198341 -0.366937 5
-0.123036 -0.641504 -0.312827 0
-0.080706 -0.635522 -0.319319 1
-0.061818 0.380709 -0.442044 5
-0.602549 0.691636 0.194241 4
-0.029974 0.378506 -0.446782 5
-0.157082 -0.320742 -0.337717 0
-0.179865 -0.214044 -0.369342 5
-0.536317 0.568525 -0.079950 4
-0.278812 -0.352748 -0.407131 2
-0.475850 0.461596 -0.201674 4
-0.253672 0.054421 -0.336154 4
-0.200050 -0.111237 -0.335274 4
-0.366430 0.386511 -0.241649 4
-0.166798 -0.088230 -0.355024 5
-0.170535 -0.222196 -0.362119 5
-0.352789 0.283503 -0.294659 4
-0.353153 0.252357 -0.337016 4
-0.397685 -0.312552 -0.475883 2
-0.197546 -0.065841 -0.341239 5
0.412401 0.083768 -0.390217 3
-0.143849 -0.713376 -0.301856 0
-0.029320 -0.595558 -0.308287 1
-0.619654 0.610291 0.029672 4
-0.573781 0.598292 -0.027204 4
-0.032440 -0.107831 -0.372159 3
-0.215440 -0.075861 -0.339890 4
0.344454 0.094301 -0.383982 3
-0.188074 -0.133737 -0.331795 4
-0.129093 0.223666 -0.422172 5
-0.453057 0.402365 -0.275977 4
-0.154368 0.155467 -0.423018 5
0.004281 0.469196 -0.511225 5
-0.173286 -0.486417 -0.339553 2
-0.447180 0.406143 -0.267743 4
-0.123508 -0.690446 -0.303556 0
-0.342058 0.353219 -0.273685 4
-0.339466 0.200723 -0.355706 4
0.047343 -0.032464 -0.357714 3
-0.179122 -0.350431 -0.339600 0
-0.034928 -0.124101 -0.360461 3
-0.515837 0.564685 -0.072273 4
-0.314113 0.190228 -0.328050 4
-0.053045 -0.612133 -0.322699 1
-0.150892 -0.359160 -0.334232 0
-0.138611 -0.465914 -0.333627 0
-0.326310 -0.334244 -0.409769 2
-0.003911 -0.082139 -0.367454 3
-0.005276 0.411894 -0.474830 5
0.203542 0.062039 -0.374185 3
-0.169874 -0.116856 -0.373846 5
-0.165804 0.083028 -0.410554 5
-0.357085 -0.333016 -0.410810 2
-0.439517 -0.332040 -0.513101 2
-0.325997 0.215987 -0.321983 4
-0.162826 -0.490438 -0.327567 0
-0.116677 -0.807566 -0.302177 0
-0.139908 -0.309546 -0.341034 3
-0.307296 0.145366 -0.359857 4
0.029848 -0.052227 -0.362495 3
0.380538 0.097835 -0.377511 3
-0.402682 0.437978 -0.204925 4
0.295233 0.088043 -0.390946 3
-0.233166 -0.404133 -0.353455 2
-0.162993 -0.042183 -0.375921 5
-0.537817 0.523809 -0.147981 4
-0.430302 -0.324480 -0.507275 2
0.532069 0.078267 -0.340353 3
-0.503627 0.526507 -0.135357 4
-0.045546 0.333644 -0.415815 5
0.354996 0.093497 -0.388012 3
-0.163983 -0.272833 -0.337892 0
-0.198777 -0.121476 -0.349698 4
0.324610 0.098251 -0.377379 3
-0.445192 0.430263 -0.216833 4
-0.193454 -0.454415 -0.364466 2
0.003952 -0.061516 -0.385347 3
-0.448157 -0.334463 -0.523605 2
-0.225069 -0.420519 -0.360312 2
-0.622267 0.625471 0.056259 4
-0.009377 0.429877 -0.485625 5
-0.546621 0.549274 -0.102313 4
-0.145043 -0.383349 -0.341226 0
-0.502097 0.489467 -0.178259 4
-0.276564 -0.369722 -0.363133 2
-0.178842 -0.086935 -0.342976 5
-0.062557 0.321444 -0.412437 5
-0.278057 0.161820 -0.316302 4
0.333539 0.092412 -0.390243 3
-0.374557 -0.323711 -0.442235 2
-0.119817 -0.800844 -0.286191 0
-0.184327 -0.023298 -0.343381 5
-0.498937 0.555887 -0.094770 4
-0.134794 -0.566022 -0.324979 0
-0.265465 0.094033 -0.333835 4
-0.623881 0.645682 0.097253 4
-0.478399 0.437378 -0.252868 4
-0.425210 0.369173 -0.278947 4
-0.144697 -0.594238 -0.326295 0
0.189486 0.057374 -0.363409 3
-0.160827 -0.459206 -0.338573 0
-0.179099 0.003483 -0.400311 5
-0.250822 -0.388430 -0.364467 2
-0.085867 -0.178954 -0.379082 3
-0.353318 0.271942 -0.308095 4
-0.171876 -0.166581 -0.332176 4
-0.166229 -0.149268 -0.354234 5
-0.590063 0.686401 0.265119 4
-0.355145 0.372658 -0.255341 4
-0.140674 -0.637427 -0.304705 0
-0.098051 0.315213 -0.429885 5
-0.158092 -0.278925 -0.348545 0
-0.151069 0.073304 -0.383205 5
0.085934 0.005020 -0.395494 3
-0.245469 0.005910 -0.352784 4
-0.144345 -0.661388 -0.304014 0
0.225431 0.070247 -0.380202 3
-0.410142 0.434684 -0.211652 4
0.509151 0.070035 -0.363818 3
-0.166135 -0.292979 -0.356143 0
-0.306821 0.130736 -0.375050 4
-0.246971 0.045485 -0.335009 4
-0.180600 -0.320835 -0.337068 0
0.508385 0.077413 -0.352723 3
-0.265143 0.128917 -0.325795 4
-0.112930 -0.675089 -0.297959 1
-0.071375 -0.622803 -0.291902 1
-0.369782 0.262944 -0.344223 4
-0.145372 0.125614 -0.396049 5
-0.151712 -0.507354 -0.317774 0
-0.442170 0.482131 -0.188777 4
0.211390 0.073921 -0.396832 3
-0.115993 -0.762049 -0.293886 0
-0.073712 0.363294 -0.440364 5
-0.383401 0.324322 -0.287002 4
-0.282164 0.142394 -0.325093 4
0.251586 0.079339 -0.385141 3
-0.346775 0.342223 -0.276360 4
-0.199066 -0.101411 -0.346952 4
-0.587937 0.686959 0.244383 4
-0.171173 -0.359245 -0.343604 0
-0.482821 0.443823 -0.240622 4
-0.135115 -0.798843 -0.290935 0
-0.203811 -0.441650 -0.339862 2
-0.279466 0.176588 -0.309183 4
-0.295374 0.145229 -0.337924 4
-0.195521 -0.234829 -0.343500 4
0.339045 0.091514 -0.400833 3
-0.016605 -0.078777 -0.386085 3
0.292520 0.086727 -0.401998 3
-0.115240 -0.796249 -0.299319 0
-0.194438 -0.455504 -0.333471 2
-0.333390 0.239841 -0.304867 4
0.498960 0.095708 -0.350659 3
-0.204822 -0.155187 -0.352762 4
-0.125721 -0.722896 -0.311717 0
-0.367378 -0.300088 -0.458885 2
-0.359175 0.270732 -0.319062 4
-0.498106 0.464120 -0.210441 4
0.467995 0.082387 -0.373604 3
-0.282733 0.102899 -0.366724 4
-0.197493 -0.446971 -0.352810 2
-0.185686 -0.067262 -0.341656 5
-0.324447 -0.315279 -0.428298 2
-0.127652 -0.595580 -0.313652 0
-0.295820 0.148624 -0.324350 4
-0.131262 -0.658887 -0.301997 0
-0.157279 0.074275 -0.362092 5
0.317303 0.091162 -0.390926 3
-0.369235 0.268936 -0.336014 4
-0.594540 0.648867 0.030948 4
-0.091325 0.249177 -0.373475 5
-0.141113 0.154695 -0.402573 5
0.324802 0.091052 -0.407750 3
-0.542716 0.578748 -0.065001 4
-0.146765 -0.409962 -0.328849 0
0.073653 -0.014150 -0.339673 3
0.235095 0.084435 -0.406945 3
-0.194196 -0.179218 -0.363655 4
-0.365308 -0.311378 -0.449921 2
-0.234246 -0.042954 -0.347815 4
-0.441477 0.367688 -0.287902 4
-0.002685 -0.571331 -0.290971 1
-0.160229 -0.339507 -0.349201 0
-0.143532 0.135667 -0.370708 5
-0.087641 -0.635603 -0.290452 1
0.169298 0.048726 -0.360173 3
-0.408548 0.348115 -0.283436 4
-0.381911 0.289745 -0.321732 4
-0.283538 0.115841 -0.349372 4
-0.283871 0.096183 -0.385235 4
-0.449697 0.391601 -0.279666 4
-0.142375 -0.635017 -0.320819 0
-0.133127 -0.740988 -0.293691 0
0.137930 0.031662 -0.386043 3
-0.295551 -0.347431 -0.399880 2
-0.092048 0.261352 -0.389546 5
-0.190570 0.033014 -0.410465 5
-0.176767 -0.278474 -0.354710 0
-0.556017 0.602831 -0.033455 4
-0.065669 -0.621182 -0.325578 1
-0.101686 -0.194303 -0.375258 3
-0.458124 -0.344365 -0.522448 2
-0.357538 0.254521 -0.345823 4
-0.115584 0.241466 -0.413309 5
-0.180558 -0.239836 -0.361383 5
-0.134064 -0.743397 -0.308385 0
-0.219501 -0.090009 -0.353151 4
-0.374700 0.317972 -0.278009 4
-0.133786 -0.763148 -0.291613 0
-0.340096 0.295269 -0.288818 4
-0.358553 0.359687 -0.266887 4
-0.140213 -0.778085 -0.296511 0
-0.453827 0.429320 -0.236249 4
-0.015457 -0.096598 -0.358056 3
-0.431644 -0.334314 -0.494210 2
-0.187945 -0.082205 -0.385238 5
-0.403768 0.365788 -0.260231 4
-0.158180 -0.419025 -0.326640 0
-0.620410 0.670902 0.162379 4
-0.065292 -0.149751 -0.377537 3
-0.174928 -0.342342 -0.334078 0
-0.420928 -0.309572 -0.502860 2
0.392544 0.078820 -0.402497 3
-0.178400 -0.048090 -0.391534 5
-0.139229 -0.678874 -0.301535 0
-0.071276 -0.618695 -0.281042 1
-0.260109 -0.375133 -0.386222 2
0.239046 0.078481 -0.372388 3
-0.301442 0.177974 -0.320407 4
-0.457232 -0.345424 -0.509213 2
-0.215817 -0.007233 -0.323264 4
-0.272865 0.077992 -0.360554 4
-0.496362 0.549069 -0.110637 4
-0.285468 0.193357 -0.304335 4
-0.184011 -0.190753 -0.366957 5
0.430353 0.076648 -0.391887 3
-0.044012 0.384179 -0.451537 5
-0.166812 -0.059796 -0.379301 5
0.040949 -0.042585 -0.363155 3
-0.207390 -0.122117 -0.341292 4
0.122142 0.025858 -0.358812 3
-0.478136 0.491801 -0.171367 4
-0.199812 -0.214934 -0.343506 4
-0.167623 -0.302570 -0.334412 0
-0.163969 0.097607 -0.344090 5
-0.028966 -0.583953 -0.276696 1
0.013690 -0.054721 -0.385388 3
-0.626130 0.666615 0.152184 4
-0.592949 0.576723 -0.046837 4
-0.262909 0.046397 -0.361673 4
-0.180131 -0.287957 -0.336475 0
-0.122766 -0.706477 -0.303105 0
-0.185800 -0.463183 -0.360117 2
-0.118577 -0.258705 -0.351459 3
-0.439069 0.421217 -0.223100 4
-0.565392 0.559083 -0.086429 4
-0.145591 -0.527414 -0.314787 0
-0.191539 -0.000339 -0.403792 5
-0.564707 0.617616 -0.014637 4
0.451718 0.104043 -0.361846 3
-0.236839 -0.028083 -0.349580 4
-0.130666 -0.562026 -0.316659 0
-0.146613 -0.394702 -0.341338 0
-0.483414 0.506731 -0.159878 4
-0.387434 0.334202 -0.280305 4
-0.132757 -0.703729 -0.298332 0
-0.277254 0.094006 -0.353551 4
-0.115225 -0.690718 -0.310183 1
-0.047809 -0.122191 -0.377260 3
-0.162066 0.050815 -0.401485 5
-0.213060 -0.059930 -0.333026 4
-0.529975 0.531670 -0.125040 4
-0.313960 0.174210 -0.342682 4
-0.224747 -0.025356 -0.336151 4
-0.153422 -0.612083 -0.319154 0
-0.014168 -0.576200 -0.285990 1
-0.294393 0.253459 -0.290190 4
-0.469390 0.432792 -0.253989 4
-0.141562 -0.755160 -0.302026 0
-0.612217 0.673092 0.083776 4
-0.146344 0.112797 -0.376804 5
-0.269103 0.061108 -0.376176 4
-0.159324 -0.477194 -0.323680 0
-0.384013 0.279852 -0.334552 4
-0.497030 0.476701 -0.193122 4
-0.425152 0.408469 -0.233174 4
0.067254 -0.020507 -0.364594 3
-0.397164 0.292488 -0.323929 4
-0.376174 0.299286 -0.305890 4
-0.590452 0.612827 0.005837 4
-0.373620 -0.330307 -0.422086 2
-0.375721 0.379412 -0.252325 4
-0.593435 0.686871 0.255933 4
-0.223468 -0.097883 -0.345572 4
-0.291258 -0.359252 -0.360864 2
-0.199383 -0.065514 -0.381437 5
-0.611935 0.679997 0.221282 4
-0.123298 -0.691355 -0.290020 0
-0.603997 0.603932 0.006901 4
-0.072167 -0.628927 -0.316323 1
-0.152801 -0.379635 -0.329913 0
-0.315328 0.291422 -0.290354 4
-0.466953 0.480507 -0.182634 4
-0.220555 -0.417679 -0.346954 2
-0.178616 -0.079386 -0.385892 5
-0.380830 0.346635 -0.267765 4
-0.248947 0.141401 -0.313943 4
-0.440727 0.452687 -0.205390 4
-0.145006 -0.429755 -0.337987 0
-0.174079 -0.052720 -0.349012 5
-0.168334 -0.107385 -0.351922 5
0.400911 0.088811 -0.386373 3
-0.191830 -0.005339 -0.339701 5
-0.525413 0.494081 -0.186478 4
0.044876 -0.031649 -0.388435 3
-0.178128 -0.299619 -0.349323 0
-0.106930 -0.646352 -0.285803 1
-0.454446 0.468488 -0.194571 4
-0.336943 0.241596 -0.315367 4
-0.225088 0.051563 -0.322789 4
-0.249628 0.013887 -0.339254 4
-0.263492 0.054881 -0.356920 4
-0.185964 -0.219588 -0.340217 4
-0.162600 -0.501036 -0.326606 0
0.260094 0.085757 -0.372633 3
-0.224662 0.066863 -0.323335 4
-0.147818 -0.566512 -0.311941 0
-0.623660 0.669376 0.134814 4
-0.610419 0.629114 0.047459 4
-0.123918 0.198784 -0.396403 5
-0.417436 0.379877 -0.260089 4
-0.133317 0.226759 -0.434104 5
-0.588044 0.602223 -0.011579 4
-0.211424 -0.019453 -0.319293 4
-0.360561 0.345043 -0.272401 4
-0.369505 0.340473 -0.271850 4
-0.028960 -0.109484 -0.354663 3
-0.200992 -0.197153 -0.342712 4
-0.145182 -0.442284 -0.337630 0
-0.339087 0.304909 -0.286275 4
-0.370630 0.283597 -0.319285 4
-0.150188 -0.549707 -0.314149 0
-0.188883 -0.142905 -0.373144 5
-0.619005 0.679621 0.145559 4
-0.323450 -0.338781 -0.400490 2
0.190416 0.074741 -0.406780 3
-0.136536 -0.730396 -0.296100 0
0.141229 0.032546 -0.367222 3
0.315747 0.099700 -0.370915 3
-0.037798 -0.118293 -0.352600 3
0.152666 0.044333 -0.352379 3
-0.112031 0.254093 -0.415854 5
-0.004757 -0.569957 -0.308827 1
-0.133725 0.170914 -0.395720 5
-0.508479 0.557010 -0.094390 4
-0.079038 -0.630952 -0.337772 1
-0.625001 0.670028 0.188027 4
-0.628348 0.613847 0.049803 4
-0.172337 -0.140183 -0.326801 4
-0.092369 0.333332 -0.435559 5
-0.153500 0.079794 -0.395714 5
-0.347612 0.310185 -0.284376 4
-0.033785 -0.592631 -0.281661 1
-0.158510 -0.263651 -0.339009 0
-0.347947 -0.323689 -0.426249 2
-0.515815 0.561095 -0.084069 4
-0.137842 -0.681178 -0.317197 0
0.288669 0.096012 -0.367412 3
-0.043119 -0.128469 -0.363364 3
-0.081159 0.277609 -0.394596 5
-0.118258 0.260791 -0.429942 5
-0.320149 0.158290 -0.362550 4
0.276162 0.085885 -0.410178 3
-0.422087 0.394918 -0.245163 4
-0.254687 0.034992 -0.350508 4
0.399649 0.094828 -0.379068 3
-0.277862 -0.366556 -0.384632 2
-0.134487 -0.719153 -0.311165 0
-0.343683 0.237862 -0.332466 4
-0.152800 0.049176 -0.377862 5
-0.490225 0.536168 -0.130407 4
-0.148000 0.137084 -0.406567 5
-0.161960 -0.192030 -0.335199 4
0.067270 -0.010418 -0.392668 3
-0.099536 -0.185860 -0.331755 3
-0.555111 0.528389 -0.147207 4
-0.139568 -0.293630 -0.353411 3
-0.382685 -0.327062 -0.438010 2
-0.454869 0.450854 -0.204248 4
-0.126928 -0.267810 -0.327349 3
-0.465754 -0.350648 -0.507606 2
-0.261112 0.029023 -0.378899 4
-0.229721 -0.409784 -0.363808 2
-0.178417 -0.123191 -0.320723 4
-0.115027 -0.783108 -0.299546 0
-0.202873 -0.070998 -0.321255 4
-0.176913 -0.156094 -0.373760 5
-0.162149 -0.428624 -0.326199 0
-0.092925 -0.648432 -0.334534 1
-0.094423 -0.207233 -0.355918 3
-0.208369 -0.042995 -0.318299 4
-0.049066 -0.611489 -0.302727 1
-0.230575 0.007671 -0.333014 4
-0.095836 -0.655246 -0.315406 1
-0.623248 0.680278 0.135981 4
0.216829 0.080027 -0.401763 3
-0.144688 -0.798485 -0.295189 0
-0.231465 -0.049319 -0.340718 4
-0.150353 0.090984 -0.373538 5
-0.240169 -0.041839 -0.381363 4
0.012953 0.466887 -0.514163 5
-0.019191 -0.581914 -0.322118 1
-0.178175 -0.257875 -0.359376 0
-0.163285 0.068418 -0.353263 5
-0.234210 -0.398491 -0.372721 2
-0.234456 -0.393138 -0.386573 2
-0.304233 0.233496 -0.304804 4
-0.210114 -0.435917 -0.347019 2
-0.208717 -0.115491 -0.390626 4
0.191588 0.067257 -0.395527 3
0.085857 -0.006771 -0.373264 3
-0.521034 0.480674 -0.202889 4
-0.602964 0.683500 0.239817 4
-0.489810 0.458002 -0.216718 4
-0.126607 -0.621586 -0.310350 0
-0.246950 0.125947 -0.322930 4
-0.333521 0.218772 -0.335866 4
-0.619179 0.682917 0.118090 4
0.102627 0.007103 -0.366332 3
0.268536 0.083580 -0.387537 3
-0.262681 0.052397 -0.337607 4
-0.078460 0.286827 -0.398731 5
-0.545886 0.585197 -0.056372 4
-0.151999 -0.401361 -0.328104 0
0.053927 -0.029036 -0.338269 3
0.183573 0.055882 -0.386085 3
0.092008 0.004396 -0.386658 3
-0.243274 -0.022808 -0.372228 4
-0.174194 0.097627 -0.421071 5
-0.200245 -0.143301 -0.368339 4
-0.159006 -0.359307 -0.329664 0
0.114733 0.014395 -0.402483 3
-0.559961 0.574515 -0.061434 4
-0.299927 0.140321 -0.353547 4
-0.271142 -0.372572 -0.370138 2
-0.256396 0.076481 -0.334471 4
-0.124769 -0.723020 -0.295360 0
-0.448885 -0.341893 -0.503974 2
-0.029808 -0.100959 -0.342060 3
-0.207665 -0.144226 -0.352026 4
0.136837 0.024400 -0.404389 3
-0.205478 -0.178473 -0.345489 4
-0.369844 0.308534 -0.282324 4
-0.131275 0.175136 -0.362858 5
-0.168740 0.009086 -0.397172 5
-0.076542 0.272122 -0.384968 5
-0.470026 0.531416 -0.151609 4
0.013365 0.448682 -0.507919 5
-0.075093 0.346004 -0.432580 5
-0.610559 0.580636 -0.019983 4
-0.108510 -0.680209 -0.316197 1
0.433133 0.107248 -0.362069 3
-0.147040 -0.617766 -0.308052 0
-0.117938 -0.713949 -0.305660 0
-0.227353 -0.405441 -0.346373 2
-0.196921 -0.033727 -0.390956 5
-0.141981 0.184366 -0.421486 5
-0.122695 -0.751645 -0.308102 0
-0.140378 -0.608200 -0.304775 0
-0.581568 0.588188 -0.035877 4
-0.314080 -0.315832 -0.428864 2
-0.329455 0.208294 -0.338414 4
-0.094398 -0.193567 -0.343518 3
-0.440143 -0.340716 -0.487838 2
0.031146 0.493029 -0.541707 5
-0.163830 -0.211131 -0.347847 5
0.425367 0.097538 -0.371617 3
-0.161258 -0.451871 -0.325127 0
-0.410283 0.339846 -0.289345 4
-0.191669 -0.090734 -0.314439 4
-0.164508 -0.311254 -0.353696 0
-0.177722 0.049833 -0.338428 5
-0.206195 -0.128966 -0.364354 4
-0.314339 0.278356 -0.293880 4
-0.118057 -0.702623 -0.296111 0
-0.153157 0.027468 -0.374978 5
-0.155286 -0.525948 -0.317473 0
-0.152718 -0.579123 -0.312885 0
-0.238051 -0.026730 -0.364159 4
-0.209287 -0.107997 -0.380625 4
0.160770 0.049427 -0.397797 3
-0.458407 0.441739 -0.218968 4
-0.205913 -0.119957 -0.373130 4
-0.136518 -0.515588 -0.329154 0
-0.272739 0.088648 -0.332387 4
-0.230614 0.035883 -0.328432 4
-0.441758 0.466532 -0.195550 4
-0.323680 0.228935 -0.309792 4
-0.194346 -0.461292 -0.326157 2
-0.157871 -0.510445 -0.332911 0
0.085636 0.000147 -0.348411 3
-0.496005 0.509938 -0.151381 4
-0.349037 -0.302433 -0.451311 2
-0.574503 0.609209 -0.020201 4
-0.184533 -0.472212 -0.334375 2
-0.086000 -0.175885 -0.340778 3
-0.349061 0.255225 -0.321593 4
-0.124382 0.242251 -0.428076 5
-0.167554 0.080542 -0.344766 5
-0.184519 0.020807 -0.405040 5
-0.102348 -0.205740 -0.339327 3
-0.392773 -0.327940 -0.444032 2
