-0.031959 -0.188611 -0.063436 2
-0.274730 0.782913 0.558185 3
0.140401 -0.911207 -0.178171 0
0.085845 0.498107 0.030390 3
-0.499431 -0.082734 0.356914 2
0.253706 -0.455782 -0.243939 1
-0.034397 0.746077 0.278499 3
0.064703 0.160381 -0.108797 3
-0.251170 0.019466 0.125162 2
0.096307 -0.648154 -0.140992 0
0.060132 -0.409737 -0.105741 0
0.056133 -0.030945 -0.136651 3
0.008554 0.653569 0.114635 3
0.020307 0.339099 -0.056354 3
-0.091922 -0.060376 0.060286 2
-0.148198 0.770802 0.422845 3
-0.351341 -0.029700 0.268115 2
0.173128 -0.526575 -0.153555 1
0.063940 -0.271847 -0.122365 3
0.124348 -0.779780 -0.154190 0
-0.049001 0.048618 -0.123836 4
0.051121 -0.151930 -0.139565 3
0.035823 0.691052 0.214263 3
0.071408 -0.508348 -0.135741 0
0.080619 0.262731 -0.085429 3
0.021354 0.574674 0.046408 3
0.088456 0.412844 -0.023358 3
-0.154886 -0.008445 0.119632 2
-0.020104 -0.087951 -0.105209 4
-0.034734 -0.124684 0.012202 2
0.049203 0.061714 -0.103776 3
-0.277145 0.009787 0.219914 2
-0.072707 0.746134 0.369240 3
-0.441838 -0.047823 0.288766 2
-0.210671 0.775760 0.490053 3
0.181220 -0.510817 -0.237977 1
0.023202 -0.252305 -0.048603 2
0.107202 -0.573745 -0.180892 1
0.021964 0.464575 -0.011095 3
0.075605 0.605014 0.100234 3
0.020371 -0.338996 -0.102041 2
0.022545 0.211739 -0.071558 3
0.020393 -0.213836 -0.110121 4
-0.146813 -0.015262 0.046590 2
-0.349966 0.006024 0.205967 2
-0.089168 -0.083562 -0.008435 2
-0.035996 -0.020128 -0.113179 4
0.120595 -0.710690 -0.157959 0
0.129107 -0.847405 -0.160235 0
0.058823 0.650174 0.158856 3
-0.019793 0.728120 0.213315 3
0.047789 -0.092227 -0.111099 3
0.219357 -0.486645 -0.190647 1
0.083616 0.355423 -0.056215 3
0.024815 0.407172 -0.042096 3
0.020424 0.275804 -0.064473 3
-0.002759 0.695498 0.161348 3
0.138150 -0.600629 -0.133078 1
0.020750 0.117415 -0.096442 3
0.083177 0.556941 0.061107 3
0.022337 0.519764 0.017263 3
-0.004164 -0.148340 -0.100828 4
-0.201097 0.002367 0.158364 2
0.026710 0.003980 -0.097050 3
-0.297966 0.018173 0.165325 2
-0.405972 -0.020658 0.248270 2
-0.199296 0.009591 0.086265 2
-0.054105 -0.135087 -0.040940 2
0.013860 0.714036 0.261723 3
0.084437 -0.563438 -0.128861 0
-0.075398 0.762910 0.314934 3
0.069688 -0.351991 -0.126603 0
-0.010913 -0.168478 -0.014228 2
0.002392 -0.283378 -0.090343 2
0.145673 -0.541588 -0.204897 1
-0.120241 0.774216 0.373129 3
0.080287 -0.454668 -0.134847 0
0.071448 0.211602 -0.096927 3
0.023471 0.614375 0.080949 3
-0.453012 -0.071184 0.335699 2
0.071743 0.458360 0.001085 3
0.063270 0.110584 -0.124349 3
-0.034499 0.734051 0.327746 3
-0.118717 -0.047099 0.019717 2
-0.015752 -0.236874 -0.076265 2
0.059798 0.309580 -0.064498 3
-0.247222 0.010813 0.179942 2
-0.118264 -0.029017 0.088725 2
-0.384394 -0.050485 0.298343 2
0.058885 0.018986 -0.130565 3
-0.061732 -0.092047 0.036035 2
0.041373 -0.306813 -0.072611 2
0.023794 0.164693 -0.083968 3
-0.315199 -0.009850 0.243881 2
0.003020 -0.209456 -0.038444 2
-0.172166 0.767149 0.463196 3
0.034833 -0.042220 -0.096374 3
-0.244251 0.781315 0.522308 3
0.214397 -0.479565 -0.245284 1
0.047469 -0.179121 -0.101965 3
0.145085 -0.559693 -0.160682 1
0.186682 -0.516502 -0.193967 1
0.059902 -0.228361 -0.122132 3
0.052362 -0.313222 -0.116074 4
0.094592 -0.605465 -0.146907 0
0.058235 -0.354848 -0.085288 2
0.048380 0.631363 0.120325 3
0.043780 -0.134017 -0.102082 3
0.059262 0.531665 0.037568 3
0.027653 -0.255111 -0.110415 4
0.058910 0.384929 -0.036562 3
0.030861 0.676776 0.175686 3
0.047403 0.432024 -0.018696 3
0.032617 -0.376380 -0.112212 2
0.047420 0.488250 0.010463 3
0.052704 0.579976 0.071308 3
0.048944 0.240483 -0.077758 3
0.048254 -0.191214 -0.139335 3
-0.164980 -0.008499 0.080953 2
0.124546 -0.674736 -0.141943 1
-0.214076 0.007233 0.122650 2
-0.372868 -0.010146 0.233525 2
-0.309047 0.007972 0.200733 2
0.054250 -0.068024 -0.139242 3
-0.063540 -0.110437 -0.007968 2
-0.011010 0.726277 0.299065 3
0.109838 -0.746710 -0.157306 0
-0.118456 0.758463 0.405685 3
0.002729 -0.185042 -0.098017 4
0.007115 0.707197 0.200042 3
-0.094549 0.768945 0.348835 3
0.129520 -0.635699 -0.141536 1
0.133742 -0.876480 -0.180914 0
-0.021204 0.728884 0.250493 3
0.119878 -0.814595 -0.169154 0
0.053143 -0.116791 -0.139553 3
0.049833 -0.439904 -0.125420 0
-0.042779 0.014419 -0.118845 4
-0.425075 -0.061017 0.317231 2
0.025156 0.661575 0.144820 3
0.021719 0.373570 -0.050266 3
-0.119829 -0.040676 0.055976 2
0.236825 -0.469802 -0.214981 1
-0.016541 -0.054070 -0.109261 4
-0.089325 -0.073822 0.027184 2
0.065399 -0.386942 -0.130435 0
0.024219 0.084133 -0.101802 3
0.048442 0.187119 -0.087638 3
0.052758 0.345074 -0.048215 3
-0.034156 -0.163363 -0.041677 2
0.129042 -0.894631 -0.151565 0
0.053487 0.275973 -0.071726 3
0.050160 0.131687 -0.101258 3
0.087432 -0.485946 -0.117825 0
-0.411561 -0.041579 0.278219 2
0.076414 -0.438068 -0.106540 0
0.030250 -0.291503 -0.106207 4
-0.033567 -0.144443 -0.013590 2
0.026091 0.039116 -0.100574 3
0.107109 -0.663940 -0.166764 1
0.051822 -0.012544 -0.110777 3
-0.004372 -0.115848 -0.105331 4
-0.267877 0.017928 0.154590 2
0.091775 -0.533436 -0.136830 0
0.123661 -0.592315 -0.159801 1
0.209740 -0.498467 -0.218101 1
-0.234984 0.010777 0.151067 2
0.076659 -0.419907 -0.131727 0
-0.382296 -0.029564 0.267883 2
0.104259 -0.629586 -0.164286 1
0.060129 0.080070 -0.125969 3
0.001603 0.715482 0.233639 3
0.089214 0.385524 -0.041271 3
0.024208 -0.275882 -0.068006 2
-0.062407 0.747070 0.337477 3
0.164765 -0.533959 -0.182281 1
0.060803 -0.479287 -0.130383 0
0.061119 0.049040 -0.131115 3
0.025869 0.545637 0.032206 3
-0.177197 -0.000077 0.137963 2
0.047207 0.557236 0.052442 3
-0.049463 0.750145 0.307408 3
-0.182320 -0.004645 0.106259 2
0.081618 0.291537 -0.078189 3
-0.280815 0.010232 0.188129 2
0.029043 0.311319 -0.061351 3
-0.342669 -0.008440 0.233391 2
0.021900 0.241813 -0.066236 3
0.048716 -0.208252 -0.102648 3
0.169800 -0.527975 -0.214748 1
0.080876 0.581680 0.077625 3
-0.101291 0.754305 0.381898 3
0.049140 0.098532 -0.102067 3
-0.465228 -0.059120 0.312845 2
0.082722 0.326478 -0.065964 3
-0.015669 -0.185415 -0.036633 2
0.192253 -0.509846 -0.166847 1
0.063820 -0.381950 -0.091431 0
0.047359 -0.063958 -0.111449 3
0.127978 -0.555660 -0.187153 1
-0.481117 -0.072743 0.334071 2
0.048953 0.603077 0.091303 3
0.085729 0.532256 0.046913 3
0.025186 0.632903 0.104582 3
0.102409 -0.691408 -0.149019 0
0.029605 0.704351 0.237923 3
-0.141681 -0.015574 0.095502 2
0.041704 -0.332164 -0.085812 2
-0.139821 0.777050 0.397288 3
-0.011468 -0.213624 -0.061336 2
0.013489 -0.312953 -0.097141 2
0.002038 -0.257674 -0.076304 2
0.043234 -0.345487 -0.115390 4
0.051545 0.032845 -0.107937 3
0.087412 0.435405 -0.008206 3
0.021346 0.494199 0.006524 3
0.047852 -0.255108 -0.136139 3
0.052542 -0.247330 -0.104257 3
0.048876 -0.289586 -0.135168 3
0.015920 -0.236697 -0.095725 4
0.087384 0.475156 0.017781 3
-0.101312 -0.064133 0.004236 2
0.079796 0.235843 -0.091706 3
-0.074701 -0.092971 0.011230 2
0.020529 0.596507 0.060741 3
-0.140687 -0.024228 0.070953 2
0.146720 -0.576461 -0.137337 1
0.003672 0.674826 0.139064 3
0.056439 -0.290054 -0.105290 3
0.047508 0.457114 -0.007836 3
0.001733 -0.236337 -0.057280 2
0.050054 0.407464 -0.027768 3
0.047423 0.677601 0.195782 3
0.051876 -0.156589 -0.113306 3
-0.302863 0.002654 0.224974 2
0.071000 0.186931 -0.103622 3
-0.224402 0.001069 0.174336 2
0.050551 -0.330476 -0.134557 4
0.013997 -0.162973 -0.110416 4
0.098285 -0.582639 -0.136859 0
-0.330749 0.013037 0.189501 2
0.158341 -0.549527 -0.142176 1
-0.015575 0.730061 0.274851 3
0.048691 0.211703 -0.083681 3
-0.103567 -0.044872 0.075841 2
0.053304 0.510399 0.026191 3
0.067223 -0.462028 -0.113912 0
0.028198 0.142377 -0.093586 3
0.058390 -0.006394 -0.135662 3
0.065746 0.637449 0.138955 3
-0.103127 -0.055660 0.036236 2
0.053556 -0.092641 -0.137411 3
0.070750 0.622073 0.119983 3
0.025717 0.435659 -0.028532 3
0.030917 0.647152 0.124909 3
-0.151175 0.772194 0.446591 3
-0.051536 -0.129281 -0.017688 2
0.048965 0.154010 -0.092046 3
-0.130552 -0.029260 0.036177 2
-0.194658 0.776934 0.472524 3
-0.221849 0.017672 0.102761 2
0.057454 -0.371553 -0.114234 0
0.020090 -0.297153 -0.077628 2
-0.407587 -0.052423 0.302808 2
0.065758 0.137534 -0.118098 3
-0.049055 -0.108074 0.021115 2
-0.033406 0.733085 0.304047 3
0.014074 0.691386 0.183957 3
-0.006722 0.711408 0.181525 3
0.100855 -0.592777 -0.165622 1
-0.038644 0.744136 0.254103 3
0.022194 -0.190638 -0.112571 4
0.121588 -0.616445 -0.155672 1
0.044103 -0.415453 -0.121722 0
0.054719 -0.117263 -0.116326 3
-0.326124 -0.000217 0.219340 2
0.062905 -0.335199 -0.108618 4
0.023741 0.189313 -0.077354 3
0.047521 -0.214264 -0.136957 3
0.030510 -0.018836 -0.097916 3
0.050809 -0.040818 -0.116407 3
-0.228671 0.779293 0.505481 3
-0.258123 0.010224 0.200151 2
0.016853 -0.227733 -0.039761 2
-0.163547 -0.004904 0.058369 2
0.042970 0.365768 -0.046785 3
-0.078424 -0.075697 0.047190 2
0.048914 0.010279 -0.108220 3
0.203977 -0.504115 -0.186006 1
0.037995 -0.357676 -0.097094 2
0.025614 0.061632 -0.101491 3
0.058953 -0.185306 -0.120546 3
-0.366263 -0.021021 0.254012 2
0.065082 0.364577 -0.047420 3
0.108210 -0.725287 -0.146961 0
0.014697 0.702772 0.220276 3
0.069838 0.423816 -0.019145 3
0.037642 0.388061 -0.041185 3
0.103510 -0.669323 -0.138572 0
0.116373 -0.648096 -0.154743 1
0.198207 -0.494195 -0.243696 1
0.232808 -0.461913 -0.245868 1
0.123308 -0.760957 -0.166866 0
0.040839 -0.271795 -0.115207 4
0.190892 -0.512423 -0.214932 1
0.036847 0.291754 -0.066748 3
0.070037 0.488184 0.017309 3
0.039803 0.528274 0.028677 3
-0.054387 0.753490 0.282222 3
0.053399 0.662501 0.175705 3
0.100008 -0.623328 -0.136132 0
0.025423 -0.271191 -0.096278 4
0.079321 -0.523776 -0.122219 0
0.036726 -0.312441 -0.101593 4
0.042917 0.326969 -0.057302 3
0.042144 -0.395375 -0.115472 0
0.014185 0.683084 0.163280 3
-0.079742 0.758993 0.336682 3
-0.002034 -0.193249 -0.022684 2
-0.423067 -0.031285 0.264004 2
-0.343136 -0.017164 0.253440 2
0.036080 0.598416 0.075431 3
0.054319 0.617121 0.106228 3
-0.194280 0.001397 0.125935 2
0.146488 -0.547604 -0.181806 1
0.225130 -0.483181 -0.225771 1
0.065321 -0.296460 -0.124522 3
0.068381 -0.323364 -0.124765 3
-0.031157 0.736979 0.234225 3
0.037064 0.263442 -0.073172 3
-0.067891 -0.116407 -0.027293 2
0.129317 -0.796341 -0.165402 0
0.083108 -0.475817 -0.135187 0
-0.257505 0.781027 0.538016 3
0.001740 0.719954 0.278820 3
0.041430 -0.111151 -0.102063 3
0.128332 -0.912380 -0.161559 0
0.127520 -0.568067 -0.170997 1
0.050701 -0.133880 -0.127328 3
-0.182421 0.000390 0.075523 2
-0.367140 -0.036913 0.279219 2
-0.216442 0.006902 0.142803 2
0.030404 -0.231161 -0.113300 4
-0.079514 -0.099175 -0.017009 2
-0.056285 0.739968 0.355434 3
0.036094 0.576888 0.060171 3
0.129289 -0.831161 -0.175689 0
-0.365924 -0.000116 0.216526 2
0.064866 0.592624 0.084922 3
0.128123 -0.895082 -0.175940 0
0.156936 -0.543546 -0.161473 1
0.042573 0.651691 0.145265 3
0.064839 0.548006 0.050187 3
-0.065854 0.758182 0.297985 3
0.127586 -0.857812 -0.177183 0
0.061773 0.227623 -0.089593 3
0.059343 -0.208345 -0.122115 3
0.070375 0.400306 -0.031431 3
0.039026 -0.082002 -0.096512 3
-0.087082 0.759113 0.365088 3
0.036741 0.506250 0.015904 3
0.121348 -0.696348 -0.144370 0
0.058946 0.257172 -0.080010 3
-0.021729 -0.035275 -0.111060 4
0.054890 -0.365060 -0.132525 4
0.025722 -0.315470 -0.082068 2
-0.016614 -0.196955 -0.052416 2
0.077161 0.517866 0.036808 3
-0.446974 -0.066499 0.317700 2
0.065209 0.331291 -0.058834 3
0.122382 -0.732421 -0.161543 0
-0.231113 0.013080 0.129906 2
0.050471 -0.228120 -0.102347 3
0.062479 -0.249233 -0.120819 3
0.060258 0.473271 0.005736 3
-0.204965 0.008486 0.105244 2
0.031547 0.478580 0.001414 3
0.036225 0.665286 0.160219 3
0.007693 -0.203622 -0.096213 4
0.060085 -0.428822 -0.110974 0
0.007063 -0.134103 -0.107221 4
0.029221 0.689123 0.196316 3
-0.003720 0.720981 0.258417 3
0.059723 -0.409607 -0.131036 0
0.042890 0.080151 -0.102446 3
0.046873 -0.375578 -0.097484 2
0.043875 0.543183 0.039869 3
-0.026258 -0.161337 -0.022985 2
0.129809 -0.872078 -0.162813 0
0.069899 -0.437613 -0.132490 0
0.049904 -0.310560 -0.134622 3
0.116404 -0.681043 -0.157755 0
0.085688 -0.496067 -0.136489 0
0.064789 0.563351 0.061072 3
-0.011940 0.728483 0.232873 3
-0.268006 0.011751 0.174470 2
-0.042934 -0.148636 -0.034093 2
0.068209 -0.392580 -0.112832 0
-0.251862 0.016803 0.145009 2
0.036552 0.420530 -0.029961 3
0.036701 0.226548 -0.079807 3
-0.383856 -0.019670 0.248054 2
-0.393770 -0.037142 0.281324 2
0.038083 -0.290942 -0.063511 2
-0.302928 0.013709 0.184148 2
0.047500 -0.232831 -0.137223 3
0.180466 -0.520659 -0.176262 1
0.053479 -0.049629 -0.137109 3
0.124047 -0.829220 -0.158061 0
-0.267462 0.021324 0.136247 2
0.049787 -0.173013 -0.136704 3
0.131700 -0.653776 -0.138586 1
-0.004764 0.718527 0.208860 3
0.135778 -0.576827 -0.157196 1
0.038012 -0.329204 -0.108880 4
-0.164960 -0.008169 0.101704 2
-0.050252 -0.116804 0.002852 2
-0.050634 0.741724 0.323982 3
0.099823 -0.610903 -0.163856 1
0.031788 0.450501 -0.016988 3
-0.167676 0.779387 0.448626 3
-0.291381 0.008090 0.208855 2
0.054004 0.171509 -0.099357 3
-0.435495 -0.058540 0.302688 2
0.244138 -0.456386 -0.224585 1
-0.137606 0.763983 0.409960 3
0.031983 0.103986 -0.100484 3
0.014266 0.630394 0.090593 3
0.038009 -0.064119 -0.096002 3
0.077426 0.310294 -0.071482 3
-0.073622 0.752402 0.352518 3
0.094113 -0.553629 -0.140247 0
0.087636 0.459049 0.010040 3
0.083733 -0.468742 -0.113044 0
0.131186 -0.617305 -0.140663 1
0.197049 -0.506277 -0.230673 1
0.020907 -0.254234 -0.093388 4
-0.002889 -0.165883 -0.098263 4
0.224557 -0.482945 -0.207234 1
0.071411 -0.370610 -0.126836 0
0.013737 0.661976 0.131218 3
0.066146 0.444140 -0.007969 3
0.024304 0.355836 -0.052169 3
-0.116255 0.769000 0.389545 3
-0.235709 0.019141 0.113629 2
0.054913 -0.456743 -0.127141 0
0.055002 0.061764 -0.120605 3
0.054864 -0.265364 -0.106821 3
-0.429244 -0.041910 0.278057 2
0.020295 0.295990 -0.063036 3
0.073998 -0.421518 -0.101583 0
-0.482927 -0.076463 0.350949 2
-0.034438 -0.000510 -0.115774 4
-0.106617 0.765199 0.367285 3
0.013821 -0.261065 -0.064040 2
0.069710 0.276673 -0.077772 3
0.037079 0.615071 0.095117 3
-0.124301 -0.029741 0.071277 2
-0.046281 0.737174 0.340059 3
-0.284680 0.020263 0.151517 2
-0.073716 -0.082635 0.028031 2
-0.016844 -0.153557 -0.008045 2
0.081870 -0.543250 -0.126820 0
0.073694 -0.500092 -0.120878 0
-0.021670 -0.070062 -0.105820 4
0.035590 0.199436 -0.084438 3
-0.036454 -0.173117 -0.057812 2
-0.027147 -0.138113 0.000900 2
-0.062022 -0.103926 0.008144 2
0.025415 -0.360131 -0.108283 2
0.074894 -0.404411 -0.124957 0
0.052566 -0.394187 -0.102140 0
0.021429 0.258942 -0.065618 3
0.107134 -0.635858 -0.145248 0
-0.135104 -0.025953 0.052378 2
-0.252784 0.011941 0.164078 2
-0.003323 -0.099055 -0.106164 4
0.088562 -0.512266 -0.132940 0
0.041974 -0.029169 -0.108089 3
-0.331853 0.006283 0.204855 2
0.013780 0.711768 0.244581 3
0.070653 0.505520 0.027614 3
0.050775 -0.074373 -0.124194 3
-0.453465 -0.053167 0.299464 2
-0.114482 -0.044033 0.039939 2
-0.044851 0.032666 -0.121460 4
0.064583 -0.351998 -0.110763 4
0.037546 -0.005221 -0.105696 3
0.036502 0.026401 -0.104942 3
0.065938 0.292467 -0.072707 3
0.059028 0.197408 -0.095256 3
-0.043554 0.740300 0.293059 3
-0.402416 -0.029551 0.261835 2
0.105007 -0.709629 -0.151328 0
0.050387 -0.105192 -0.126784 3
-0.151513 -0.018003 0.081772 2
-0.089408 -0.078432 0.007231 2
-0.026311 -0.203709 -0.066821 2
-0.171076 -0.003245 0.118157 2
0.071954 -0.479423 -0.117145 0
0.087882 0.369896 -0.049820 3
0.039775 -0.302875 -0.114709 4
0.043199 0.117227 -0.098230 3
0.116780 -0.759112 -0.149272 0
-0.217199 0.004340 0.159492 2
-0.150395 -0.012182 0.066041 2
-0.026383 0.731436 0.286878 3
0.151705 -0.535585 -0.218664 1
0.054612 0.116760 -0.112165 3
0.122568 -0.806890 -0.155188 0
0.035483 0.177490 -0.088069 3
-0.350261 -0.000954 0.220484 2
0.036142 0.341205 -0.054392 3
0.163877 -0.532495 -0.200553 1
0.054195 0.146737 -0.105338 3
0.051018 -0.024817 -0.121041 3
0.008612 -0.272019 -0.079019 2
0.031089 0.561981 0.046144 3
-0.103059 -0.049431 0.056849 2
0.238395 -0.469481 -0.231713 1
0.123149 -0.779997 -0.170102 0
-0.025383 0.739024 0.262058 3
-0.274076 0.012092 0.204495 2
0.080326 0.594063 0.088277 3
0.046940 0.642091 0.131947 3
0.054613 -0.345671 -0.132769 4
0.112090 -0.697092 -0.160121 0
-0.026228 -0.178378 -0.047001 2
0.049233 -0.273811 -0.134826 3
0.051627 0.000053 -0.120269 3
0.136606 -0.587115 -0.145305 1
0.165359 -0.524691 -0.229484 1
0.055838 0.033197 -0.124591 3
0.090344 -0.600673 -0.132611 0
0.012667 0.642293 0.104595 3
-0.199698 0.003662 0.140425 2
0.049652 -0.358237 -0.107480 4
0.001689 -0.222242 -0.050614 2
0.061388 -0.444296 -0.112329 0
0.054249 0.090622 -0.116120 3
-0.388266 -0.011896 0.235091 2
0.002321 0.697947 0.175845 3
0.106110 -0.646125 -0.166260 1
-0.354738 -0.013439 0.241751 2
0.077685 0.340290 -0.061093 3
-0.007444 -0.198175 -0.039190 2
0.115854 -0.662916 -0.146558 0
-0.021530 0.730052 0.313315 3
-0.331544 -0.010371 0.243808 2
-0.008293 -0.133578 -0.101769 4
0.115149 -0.789878 -0.161202 0
0.074601 -0.430233 -0.119615 0
0.180137 -0.518796 -0.223816 1
0.012372 -0.296746 -0.090808 2
-0.006244 -0.081535 -0.105613 4
0.076297 -0.450495 -0.120704 0
0.051280 0.049050 -0.113009 3
-0.090010 -0.065511 0.039969 2
0.068354 -0.400948 -0.096355 0
-0.044693 0.748425 0.267443 3
0.086988 0.399881 -0.031242 3
0.047088 -0.320637 -0.075519 2
0.197875 -0.508869 -0.200921 1
0.053118 -0.197478 -0.112397 3
-0.073489 -0.099011 -0.003091 2
-0.039370 -0.129564 -0.001831 2
-0.060331 0.753344 0.323169 3
0.051488 -0.140302 -0.113510 3
-0.187544 0.002089 0.093764 2
0.023822 0.672848 0.156107 3
0.025930 -0.325414 -0.093397 2
-0.022860 -0.172674 -0.032306 2
0.011973 -0.222225 -0.095966 4
0.018415 0.699267 0.205816 3
0.070682 0.573182 0.070684 3
-0.003139 -0.244272 -0.072140 2
0.174107 -0.525824 -0.190628 1
0.051708 0.073948 -0.112752 3
0.087374 -0.574019 -0.142067 0
0.054577 -0.166782 -0.123742 3
0.210728 -0.493963 -0.235789 1
0.210615 -0.499100 -0.198239 1
0.038788 -0.096742 -0.097554 3
0.012380 -0.177480 -0.108167 4
0.010832 -0.148666 -0.108690 4
0.042882 0.306724 -0.063553 3
0.037126 0.625683 0.109320 3
0.025634 0.018903 -0.098409 3
-0.043926 -0.152844 -0.048164 2
0.112525 -0.583933 -0.167070 1
0.035814 -0.345279 -0.088912 2
0.113250 -0.773194 -0.161196 0
0.124243 -0.749358 -0.157298 0
0.059263 0.497938 0.019068 3
-0.400056 -0.044511 0.292262 2
0.152836 -0.562589 -0.138688 1
0.066198 0.245646 -0.085257 3
0.063737 -0.495957 -0.135024 0
0.076586 0.470972 0.008912 3
-0.465191 -0.071349 0.327710 2
0.047987 0.592252 0.081098 3
0.047526 -0.382225 -0.112336 0
-0.288774 0.003885 0.228371 2
0.027463 0.697584 0.224872 3
-0.279567 0.016716 0.164631 2
0.099683 -0.658295 -0.150811 0
0.053779 -0.403652 -0.117984 0
0.069859 0.351263 -0.054422 3
0.081965 0.448442 -0.001374 3
0.036629 0.048306 -0.104176 3
0.045897 -0.149551 -0.102211 3
0.110299 -0.722310 -0.160917 0
0.021352 0.532997 0.022907 3
0.013588 -0.247250 -0.058080 2
0.002414 0.683503 0.150490 3
0.029384 -0.271790 -0.055240 2
0.037014 0.277584 -0.070689 3
-0.313133 0.017226 0.174689 2
-0.108699 -0.054571 0.011875 2
0.052937 0.296568 -0.063746 3
0.041302 -0.049671 -0.106713 3
0.061912 -0.425857 -0.130994 0
-0.062638 -0.094498 0.021992 2
-0.009632 -0.209254 -0.047906 2
-0.005654 -0.227253 -0.065386 2
0.144648 -0.567869 -0.149086 1
0.071478 0.381022 -0.041870 3
-0.379036 -0.040318 0.286165 2
-0.008874 0.719842 0.243699 3
0.050477 0.021896 -0.116850 3
0.053685 -0.341619 -0.083115 2
0.227402 -0.477536 -0.240077 1
-0.160886 0.765100 0.454917 3
0.116623 -0.629659 -0.155005 1
0.050718 -0.055715 -0.122399 3
0.069945 -0.415711 -0.113918 0
-0.021239 -0.218145 -0.070440 2
-0.465627 -0.073458 0.341636 2
-0.435870 -0.065861 0.326332 2
-0.142671 -0.013740 0.109381 2
-0.155010 0.779636 0.431344 3
0.114698 -0.738731 -0.146855 0
0.106113 -0.670919 -0.154674 0
0.036978 0.247626 -0.076496 3
0.051838 -0.148378 -0.126060 3
0.069923 0.173357 -0.106681 3
0.036930 0.402703 -0.036804 3
0.047459 0.378149 -0.041301 3
0.061055 -0.320740 -0.108230 4
0.025252 0.326162 -0.057606 3
0.048993 0.395028 -0.033856 3
-0.230594 0.008320 0.164006 2
-0.060351 -0.127688 -0.030159 2
-0.286618 0.015019 0.176489 2
0.089916 -0.592718 -0.144133 0
0.048292 0.567215 0.061991 3
0.078005 -0.524458 -0.135976 0
-0.008827 -0.180201 -0.021212 2
0.132241 -0.821023 -0.165557 0
0.053017 0.419489 -0.021701 3
0.047617 -0.291071 -0.115826 3
0.042898 0.166419 -0.091575 3
0.138287 -0.888730 -0.169209 0
-0.183509 0.774865 0.463849 3
-0.043788 0.737765 0.311697 3
-0.010210 0.718149 0.196277 3
0.139518 -0.547394 -0.194114 1
0.028217 -0.277833 -0.107923 4
0.059576 -0.284090 -0.126666 3
0.026274 0.623323 0.093599 3
0.128767 -0.600960 -0.150524 1
-0.129996 -0.022842 0.085441 2
0.043014 0.141632 -0.095216 3
-0.131023 0.764996 0.398048 3
-0.235588 0.004381 0.182976 2
0.054485 -0.380282 -0.124254 0
-0.113492 0.755899 0.391986 3
0.018728 -0.228488 -0.106840 4
0.021060 -0.242592 -0.106860 4
0.191926 -0.513712 -0.181725 1
0.054676 -0.240732 -0.128008 3
0.020838 0.130998 -0.092671 3
0.066380 -0.450707 -0.131208 0
0.022947 0.228405 -0.068079 3
0.102380 -0.619616 -0.153771 1
0.002849 0.707415 0.212917 3
0.088135 -0.498549 -0.122755 0
0.048913 -0.329224 -0.116924 4
-0.176206 -0.002776 0.088294 2
-0.325697 -0.004155 0.233360 2
0.067109 -0.339434 -0.120706 0
-0.044918 -0.140016 -0.022419 2
0.014937 -0.283870 -0.078089 2
0.108784 -0.681194 -0.142044 0
0.031541 0.636903 0.115723 3
-0.292654 0.008888 0.194321 2
0.093994 -0.629507 -0.146421 0
0.047927 -0.339068 -0.104606 4
-0.002804 -0.271639 -0.086542 2
0.063517 0.123572 -0.121145 3
0.034700 -0.243812 -0.113889 4
0.023803 0.506096 0.012683 3
0.055343 -0.237155 -0.112394 3
-0.190353 0.002582 0.149849 2
0.070604 0.319368 -0.064559 3
-0.265429 0.780117 0.548646 3
0.035889 0.009321 -0.105036 3
-0.315186 0.012202 0.189047 2
0.048238 0.443528 -0.012112 3
0.126292 -0.882656 -0.171674 0
0.041878 0.670850 0.179970 3
-0.113153 -0.037127 0.071071 2
0.057605 -0.277884 -0.112469 3
0.087214 0.424298 -0.016928 3
0.080954 -0.454574 -0.109056 0
-0.084685 0.759128 0.348907 3
0.004340 0.702163 0.188170 3
0.117056 -0.562978 -0.186238 1
-0.263346 0.013858 0.188615 2
0.080082 -0.463625 -0.125193 0
0.019494 0.646360 0.115923 3
-0.095541 -0.069284 0.014858 2
-0.309462 0.003490 0.213677 2
0.022165 0.557375 0.036678 3
0.156919 -0.541507 -0.175047 1
0.059123 0.434028 -0.013282 3
0.168364 -0.530219 -0.165145 1
0.052093 -0.173043 -0.112521 3
0.065102 0.630953 0.127685 3
0.025560 0.390511 -0.045374 3
0.049111 0.657183 0.164624 3
0.053937 -0.365692 -0.092855 2
-0.082841 0.747975 0.377160 3
0.059397 0.211581 -0.092074 3
0.046990 -0.162486 -0.101727 3
0.180615 -0.519397 -0.161353 1
0.049080 -0.105096 -0.112143 3
0.082750 -0.542927 -0.139748 0
0.050678 -0.138584 -0.139405 3
0.042607 0.468055 -0.002920 3
0.051335 -0.203153 -0.130876 3
0.055475 0.103516 -0.115914 3
0.069920 -0.470103 -0.130934 0
0.059036 0.183438 -0.099168 3
0.059289 -0.306262 -0.107635 4
-0.244512 0.006862 0.192002 2
0.053601 0.645047 0.144200 3
-0.096775 -0.063274 0.027324 2
0.110716 -0.605340 -0.159721 1
0.025428 0.419236 -0.037605 3
-0.146127 0.776799 0.411631 3
0.025095 0.654532 0.134033 3
0.077423 0.541558 0.050114 3
0.059108 0.458342 -0.002412 3
0.036681 0.517816 0.021870 3
-0.014800 0.726319 0.262175 3
-0.014508 -0.105021 -0.104014 4
-0.222846 0.013803 0.115928 2
0.071141 0.532720 0.042352 3
0.065251 0.518249 0.032045 3
0.049244 -0.427518 -0.122127 0
0.024044 0.603954 0.070578 3
0.030216 -0.283834 -0.095928 4
0.060882 -0.311054 -0.128032 3
0.139452 -0.907174 -0.157920 0
-0.193504 -0.000124 0.110486 2
0.121760 -0.839487 -0.169596 0
0.081996 0.567556 0.068109 3
-0.150808 0.764997 0.436078 3
-0.131989 0.775005 0.387447 3
0.096325 -0.565498 -0.136179 0
-0.009239 0.723916 0.286679 3
-0.008754 0.718300 0.225929 3
0.037161 0.439304 -0.020722 3
0.134384 -0.548584 -0.205696 1
0.180970 -0.520073 -0.204739 1
0.042597 -0.369164 -0.109095 2
-0.304252 -0.005891 0.238856 2
0.137237 -0.908986 -0.190242 0
0.036363 0.153371 -0.093234 3
0.046626 -0.123479 -0.108519 3
0.133877 -0.857643 -0.165935 0
0.164675 -0.535867 -0.152182 1
-0.360936 -0.007691 0.230198 2
0.135075 -0.558799 -0.175046 1
0.071770 -0.485491 -0.131107 0
-0.131008 -0.019652 0.100822 2
-0.070408 -0.083800 0.041821 2
0.148821 -0.550590 -0.169835 1
0.059010 0.005889 -0.133169 3
-0.424809 -0.054041 0.297935 2
0.153301 -0.539538 -0.195171 1
0.057685 0.320818 -0.059448 3
0.053544 -0.358244 -0.119358 4
-0.113535 0.763014 0.377460 3
-0.389910 -0.025353 0.257386 2
0.013718 -0.197757 -0.106795 4
-0.026892 0.735318 0.274511 3
-0.068348 0.757964 0.331691 3
0.093460 -0.612721 -0.133492 0
-0.354596 -0.020749 0.258408 2
-0.315289 0.000266 0.225472 2
0.029915 0.236527 -0.074424 3
0.048200 -0.191526 -0.102235 3
0.041795 0.587432 0.071475 3
0.106328 -0.686983 -0.164446 0
0.061462 0.098405 -0.125777 3
0.055285 -0.261350 -0.128453 3
0.055364 -0.017908 -0.132288 3
-0.182040 -0.000294 0.126552 2
-0.061730 0.749286 0.311580 3
0.036561 -0.321314 -0.082781 2
-0.165788 -0.004110 0.129267 2
0.021910 0.177264 -0.079235 3
0.138958 -0.899054 -0.180242 0
0.029881 -0.346699 -0.100836 2
0.130661 -0.808858 -0.165956 0
-0.022349 0.733583 0.298777 3
-0.417813 -0.056530 0.308169 2
0.048053 -0.350405 -0.090448 2
0.117150 -0.802072 -0.165059 0
0.030605 0.125224 -0.097279 3
0.054776 -0.222129 -0.112941 3
-0.072002 -0.108806 -0.017579 2
0.065718 0.612730 0.105843 3
0.052001 0.263307 -0.072055 3
-0.411700 -0.034655 0.268166 2
-0.008905 -0.254842 -0.080909 2
-0.125329 -0.034630 0.026550 2
0.042982 0.351868 -0.050835 3
-0.021580 0.729203 0.225498 3
0.077979 0.247676 -0.089620 3
0.050436 -0.088507 -0.126418 3
0.053765 -0.104660 -0.139505 3
0.059471 0.606522 0.096302 3
-0.447108 -0.061271 0.306746 2
0.081265 0.486877 0.021702 3
-0.151664 -0.011847 0.101290 2
0.036351 0.211435 -0.082885 3
0.056124 -0.394198 -0.125179 0
0.013650 0.670793 0.144610 3
0.019653 0.686313 0.174493 3
-0.052853 0.747732 0.295139 3
0.036703 0.493805 0.010986 3
-0.211094 0.013339 0.096049 2
0.035744 -0.300980 -0.098019 4
0.036013 0.608474 0.085096 3
0.068196 -0.380766 -0.115152 0
0.041078 0.683409 0.204203 3
-0.036154 -0.155722 -0.026881 2
0.019805 -0.241025 -0.046199 2
0.112454 -0.759281 -0.162000 0
0.067295 -0.364906 -0.116009 0
-0.239974 0.013835 0.140585 2
-0.158893 -0.012623 0.090431 2
0.126051 -0.767294 -0.157058 0
0.064598 0.148501 -0.113386 3
0.021183 0.098796 -0.100507 3
-0.139345 -0.021237 0.037517 2
0.022334 0.710253 0.252828 3
0.037283 0.063467 -0.103467 3
0.125878 -0.870400 -0.174262 0
0.129242 -0.911026 -0.173879 0
-0.377208 -0.024676 0.258235 2
0.121061 -0.721397 -0.152667 0
0.087762 -0.582059 -0.131261 0
-0.366626 -0.029011 0.270294 2
0.077741 0.430637 -0.013292 3
0.064909 0.414219 -0.024217 3
0.036349 0.376379 -0.045227 3
0.110416 -0.658221 -0.156734 0
0.048706 0.252382 -0.076307 3
0.036418 0.090101 -0.101692 3
0.059128 0.487192 0.012194 3
-0.010043 -0.069781 -0.108228 4
0.093401 -0.617282 -0.146363 0
0.030004 0.073813 -0.102612 3
0.032005 -0.030752 -0.096816 3
-0.041458 0.750295 0.286939 3
-0.395401 -0.017782 0.243946 2
0.002413 -0.202614 -0.028247 2
0.028301 0.585339 0.057688 3
-0.459145 -0.067829 0.317874 2
0.048389 0.227189 -0.080817 3
0.107282 -0.652083 -0.142267 0
0.031879 0.551826 0.040115 3
0.013235 0.696177 0.194588 3
0.099754 -0.635847 -0.136188 0
0.116293 -0.710457 -0.147099 0
0.132752 -0.847568 -0.174985 0
0.103269 -0.610878 -0.141317 0
-0.337772 -0.000124 0.219182 2
-0.325875 -0.017582 0.250980 2
0.030628 0.592519 0.067005 3
0.077068 0.365645 -0.050076 3
0.021271 0.153579 -0.086246 3
-0.040484 -0.116669 0.018343 2
0.043299 -0.074045 -0.107354 3
0.056308 0.131308 -0.111102 3
0.080913 0.275837 -0.080700 3
-0.032983 -0.031196 -0.111432 4
0.073637 -0.392703 -0.124659 0
0.108195 -0.732758 -0.156360 0
0.054642 0.360915 -0.043973 3
0.061787 0.060599 -0.130671 3
0.082054 -0.555303 -0.136754 0
-0.130529 -0.033895 0.062446 2
0.035464 0.649926 0.136290 3
0.035939 0.538226 0.033052 3
-0.093939 0.759411 0.374360 3
-0.096018 -0.058029 0.046367 2
0.060701 -0.434052 -0.121234 0
0.019058 0.706736 0.233920 3
0.126710 -0.577720 -0.164744 1
-0.338792 -0.024746 0.260960 2
0.063303 0.643822 0.150295 3
-0.143243 -0.019407 0.060634 2
0.051719 -0.331182 -0.078668 2
0.051470 0.670365 0.186319 3
0.030286 -0.302415 -0.077101 2
-0.245523 0.013078 0.155009 2
0.054866 -0.129701 -0.116338 3
-0.206501 0.003937 0.130619 2
0.036241 0.458889 -0.008980 3
0.053872 0.160236 -0.101418 3
-0.372241 -0.015553 0.243599 2
0.052477 0.331791 -0.053272 3
0.050588 -0.118104 -0.126958 3
-0.084096 -0.070291 0.055521 2
0.212790 -0.492270 -0.183166 1
0.021393 0.483805 0.001559 3
0.077470 0.393212 -0.036886 3
0.019174 -0.305561 -0.088371 2
-0.320510 0.007222 0.205452 2
0.028220 -0.286175 -0.070808 2
0.053351 -0.347919 -0.110558 4
0.143915 -0.586987 -0.134029 1
-0.079637 -0.090388 0.001324 2
-0.082469 0.765697 0.327928 3
0.060261 0.622770 0.115701 3
-0.026854 -0.049365 -0.108785 4
0.231545 -0.474268 -0.205148 1
0.037817 0.636926 0.125155 3
-0.234822 0.778420 0.514950 3
0.007499 0.710889 0.223518 3
-0.054604 -0.123119 -0.005468 2
-0.022556 0.730420 0.237509 3
0.075869 0.221889 -0.095466 3
0.001955 0.716366 0.249816 3
0.054300 -0.084258 -0.115708 3
0.046712 -0.325689 -0.102637 4
0.058314 0.236855 -0.084139 3
0.042657 0.666287 0.169705 3
0.117497 -0.572368 -0.173774 1
0.070698 0.257589 -0.084245 3
0.029635 -0.335839 -0.095347 2
0.058314 -0.385781 -0.113439 0
-0.034358 0.740149 0.244490 3
0.081971 -0.511878 -0.123881 0
0.134240 -0.898695 -0.163043 0
0.058918 -0.261371 -0.116454 3
0.037794 0.677595 0.187861 3
0.029482 0.365602 -0.049469 3
-0.080617 -0.084679 0.015762 2
-0.274078 0.019728 0.145077 2
-0.101941 0.769751 0.358257 3
0.058768 -0.419739 -0.122239 0
0.137579 -0.869011 -0.170172 0
0.152572 -0.552936 -0.151052 1
0.203110 -0.504184 -0.211259 1
-0.101846 0.753524 0.392965 3
-0.171186 -0.003618 0.073149 2
0.173572 -0.517959 -0.234275 1
0.107452 -0.703503 -0.142407 0
-0.078461 -0.075272 0.036123 2
0.048816 0.285475 -0.068491 3
0.047220 0.502847 0.016979 3
0.030612 0.571783 0.052024 3
0.053198 0.543369 0.045830 3
-0.199800 0.773583 0.481712 3
0.121483 -0.684785 -0.145367 0
0.071779 0.197689 -0.101226 3
0.123823 -0.795991 -0.153971 0
0.026159 -0.265773 -0.107979 4
0.052791 0.524189 0.032662 3
0.122179 -0.651648 -0.146059 1
0.014065 -0.271564 -0.068137 2
0.049544 0.478530 0.005758 3
-0.066037 0.745921 0.357133 3
0.107052 -0.674850 -0.165452 0
0.080644 -0.444499 -0.130726 0
-0.108011 -0.053106 0.022728 2
0.051812 0.176772 -0.088996 3
0.022939 -0.259937 -0.058062 2
0.128643 -0.664298 -0.138743 1
0.011249 -0.215750 -0.034906 2
0.059604 0.572609 0.067078 3
0.137927 -0.612286 -0.133654 1
-0.062803 -0.117271 -0.016482 2
0.035478 -0.283995 -0.113299 4
0.137362 -0.624937 -0.135859 1
0.054453 -0.339130 -0.116953 4
-0.034107 0.731250 0.317197 3
0.015833 0.622032 0.082445 3
0.050585 -0.404621 -0.107063 0
0.003749 -0.246929 -0.062758 2
0.042971 0.039098 -0.105551 3
0.070231 -0.439927 -0.116909 0
-0.108083 -0.050095 0.046300 2
0.064630 0.580772 0.075560 3
-0.014613 0.723441 0.205021 3
0.042801 0.656762 0.154827 3
0.100996 -0.592396 -0.140681 0
0.059266 0.555837 0.055140 3
0.055558 -0.419371 -0.108359 0
0.025631 0.696107 0.213194 3
0.059171 -0.327154 -0.128901 4
-0.221753 0.779869 0.497229 3
-0.436373 -0.062478 0.312686 2
0.101828 -0.680876 -0.151181 0
-0.411407 -0.045998 0.288023 2
0.051729 -0.041435 -0.127087 3
0.092972 -0.543474 -0.133221 0
0.059473 -0.197624 -0.121630 3
0.050985 -0.185024 -0.131010 3
0.024698 0.673119 0.167705 3
-0.342474 0.008996 0.198890 2
0.024387 0.286155 -0.064282 3
0.033582 -0.281968 -0.059742 2
0.060969 -0.290196 -0.116994 3
0.077644 0.407334 -0.027879 3
-0.221551 0.008294 0.130407 2
0.050347 0.108630 -0.106670 3
-0.111291 0.773550 0.361809 3
0.199298 -0.504705 -0.173041 1
0.082720 -0.488661 -0.127036 0
0.032301 0.166029 -0.090278 3
0.063442 -0.314304 -0.118203 4
0.048892 0.314618 -0.059677 3
0.074135 -0.495781 -0.132756 0
0.075903 0.551066 0.056038 3
-0.159190 -0.008718 0.070911 2
-0.214078 0.011500 0.110376 2
-0.123604 -0.035915 0.040692 2
-0.222761 0.008190 0.151246 2
0.221529 -0.485495 -0.235492 1
-0.257611 0.017923 0.134198 2
0.059007 0.401818 -0.026890 3
0.117173 -0.746864 -0.164976 0
0.116989 -0.666675 -0.156407 0
0.036729 0.318237 -0.059022 3
0.007750 0.691377 0.169547 3
0.052313 -0.074087 -0.113579 3
0.013107 -0.207998 -0.104218 4
0.052094 -0.030709 -0.112330 3
0.038142 -0.261596 -0.114618 4
0.051729 0.038990 -0.116524 3
0.048787 -0.000253 -0.108861 3
0.031070 0.301663 -0.065085 3
-0.187542 0.001754 0.138888 2
0.054559 -0.082334 -0.139406 3
0.158793 -0.534480 -0.210938 1
0.050701 -0.162462 -0.139765 3
-0.257666 0.013188 0.175916 2
0.121513 -0.824820 -0.171082 0
-0.031812 0.741707 0.287725 3
0.136025 -0.888958 -0.180641 0
0.112015 -0.691495 -0.144539 0
0.080655 -0.475189 -0.124989 0
0.023487 -0.204021 -0.112237 4
0.051472 -0.012532 -0.121273 3
-0.079114 0.752282 0.361468 3
0.037175 -0.385746 -0.113506 2
-0.102415 0.764881 0.377252 3
0.124550 -0.623294 -0.148299 1
0.088037 -0.553611 -0.128195 0
0.036504 0.189179 -0.086380 3
0.001575 -0.156477 -0.104073 4
-0.044475 -0.134779 -0.012272 2
-0.055323 -0.098523 0.030933 2
-0.239129 0.010054 0.169762 2
-0.017451 -0.204877 -0.061439 2
0.118988 -0.691082 -0.153289 0
0.037860 -0.312958 -0.112897 4
0.099331 -0.646151 -0.150749 0
0.204047 -0.485791 -0.245592 1
-0.292761 0.006238 0.219051 2
-0.256583 0.015887 0.155244 2
0.051334 0.197119 -0.088276 3
0.042627 -0.018804 -0.108351 3
0.060506 -0.469096 -0.126660 0
0.110621 -0.594420 -0.162487 1
-0.061695 -0.112347 0.002067 2
-0.069309 0.758514 0.307768 3
0.139023 -0.904849 -0.170094 0
0.001574 0.718910 0.268515 3
0.243121 -0.461082 -0.245391 1
-0.000304 0.713474 0.196488 3
-0.173369 0.773949 0.455492 3
0.110756 -0.710158 -0.161085 0
-0.021576 -0.187907 -0.051806 2
0.036710 0.133539 -0.096485 3
-0.022607 -0.195932 -0.060767 2
-0.088834 0.765609 0.356762 3
-0.379866 -0.034177 0.277908 2
0.222391 -0.470046 -0.245062 1
0.053070 -0.381566 -0.103122 0
0.053741 -0.207751 -0.112660 3
0.087789 -0.524684 -0.127998 0
0.124267 -0.863580 -0.166728 0
0.061243 -0.372275 -0.089066 2
-0.060827 0.745386 0.347500 3
0.031059 -0.330730 -0.086246 2
-0.263860 0.015128 0.163623 2
0.054215 -0.301774 -0.131514 3
0.002688 -0.173826 -0.101595 4
-0.009118 0.726115 0.219300 3
0.193125 -0.502294 -0.239996 1
-0.052952 -0.136792 -0.030897 2
-0.343628 -0.012424 0.244367 2
-0.158565 -0.008066 0.110076 2
0.104488 -0.634696 -0.155423 1
-0.032473 0.744330 0.268607 3
0.121183 -0.819131 -0.160082 0
0.069594 -0.405502 -0.113486 0
0.133470 -0.839359 -0.164787 0
-0.053521 -0.108932 0.010807 2
0.220067 -0.488480 -0.218668 1
0.073896 0.587478 0.083873 3
0.036366 -0.358522 -0.107119 2
0.032768 0.657695 0.150349 3
-0.228765 0.009506 0.139133 2
0.077046 0.439987 -0.009366 3
-0.262885 0.018819 0.144969 2
-0.007269 -0.217879 -0.052731 2
-0.436164 -0.055039 0.293104 2
0.214507 -0.494410 -0.206351 1
-0.111851 -0.036373 0.081104 2
-0.039368 -0.161091 -0.051913 2
0.042440 -0.405802 -0.119122 0
-0.401201 -0.037634 0.274456 2
0.025652 0.049232 -0.100857 3
0.065462 -0.401285 -0.130511 0
0.040851 0.483444 0.004116 3
0.051346 -0.221775 -0.131357 3
0.012671 -0.237146 -0.052231 2
0.121555 -0.722548 -0.163531 0
-0.446732 -0.068894 0.328124 2
0.019889 0.653931 0.125408 3
-0.162111 0.770934 0.446779 3
0.063272 -0.444884 -0.122271 0
-0.475901 -0.075498 0.342252 2
0.071934 0.598813 0.093186 3
-0.026191 -0.151306 -0.013555 2
0.098264 -0.658438 -0.140838 0
0.063875 -0.326615 -0.116362 4
0.249387 -0.459371 -0.235581 1
0.070587 -0.410257 -0.099450 0
-0.371359 -0.004677 0.223654 2
-0.297379 -0.000573 0.232758 2
-0.012501 -0.120515 -0.101707 4
-0.032132 -0.165910 -0.029728 2
0.051702 -0.187246 -0.110610 3
-0.250770 0.781475 0.529927 3
0.024709 0.444061 -0.023168 3
0.124154 -0.790170 -0.171372 0
-0.197921 0.006572 0.095712 2
0.047223 0.532612 0.033810 3
0.050088 0.084211 -0.108086 3
-0.321101 0.015612 0.180513 2
0.214327 -0.494196 -0.225887 1
-0.054802 0.740473 0.336036 3
-0.395270 -0.050012 0.299080 2
0.023699 0.684323 0.183398 3
-0.045017 0.746265 0.278554 3
-0.119210 0.765014 0.398221 3
0.078237 0.374661 -0.046012 3
-0.024569 -0.059240 -0.106461 4
0.051991 0.009996 -0.120357 3
-0.096576 -0.053926 0.066261 2
-0.102276 -0.060937 0.016015 2
0.029991 -0.006401 -0.099348 3
0.021846 -0.350404 -0.105357 2
-0.142710 0.762555 0.422171 3
-0.015053 -0.172857 -0.023604 2
0.059811 0.270326 -0.076868 3
0.054025 0.221677 -0.086811 3
-0.141788 -0.020248 0.079949 2
0.185954 -0.513230 -0.229626 1
-0.389250 -0.044483 0.292157 2
0.158816 -0.530016 -0.224325 1
0.083161 0.506698 0.034478 3
-0.264354 0.010692 0.207809 2
0.140653 -0.578208 -0.146663 1
0.064725 -0.364169 -0.130206 0
0.081030 -0.464511 -0.135164 0
-0.084331 -0.092119 -0.009364 2
0.050767 -0.128066 -0.135304 3
0.006014 -0.124301 -0.107198 4
0.233030 -0.474661 -0.225275 1
0.197212 -0.510098 -0.189936 1
0.058800 0.285697 -0.072292 3
-0.389336 -0.034874 0.272833 2
-0.090725 0.752539 0.380869 3
0.070403 0.236835 -0.088963 3
0.042694 -0.321151 -0.115384 4
0.042972 -0.366075 -0.095998 2
0.079950 -0.434706 -0.130720 0
-0.093896 -0.076692 -0.003259 2
-0.016268 -0.226535 -0.071517 2
0.132893 -0.606962 -0.140174 1
0.087694 -0.524813 -0.139060 0
-0.068787 0.754463 0.340824 3
0.117613 -0.672483 -0.148477 0
0.098156 -0.573891 -0.141251 0
0.051613 -0.063924 -0.130801 3
-0.049698 -0.143395 -0.043490 2
0.126453 -0.611039 -0.149199 1
0.032969 0.413004 -0.034991 3
0.030401 0.528460 0.026189 3
0.035396 -0.296313 -0.071161 2
0.020708 0.316287 -0.060707 3
-0.007956 -0.190961 -0.032699 2
-0.412360 -0.024854 0.254254 2
0.076957 0.418316 -0.022756 3
-0.292211 0.012452 0.185325 2
0.121600 -0.732645 -0.151896 0
0.026261 -0.222501 -0.112281 4
-0.123935 0.770967 0.381435 3
-0.095021 0.765723 0.367138 3
0.052928 -0.320998 -0.132932 4
0.052931 0.370245 -0.042117 3
-0.469298 -0.063928 0.320152 2
0.086154 0.517868 0.040292 3
0.043669 -0.100029 -0.105980 3
-0.016023 0.730730 0.287354 3
0.052691 -0.049669 -0.113100 3
0.051360 -0.392001 -0.117102 0
0.069430 -0.469113 -0.120040 0
0.117330 -0.773739 -0.151604 0
0.006505 -0.255266 -0.066664 2
0.227898 -0.479552 -0.215578 1
0.072252 0.285886 -0.076870 3
0.011274 0.704712 0.209178 3
0.032575 -0.300624 -0.108036 4
-0.127167 0.769650 0.405488 3
0.050748 -0.413350 -0.114053 0
0.138594 -0.551549 -0.185505 1
0.031753 0.113465 -0.099209 3
0.041630 0.409462 -0.031819 3
0.139082 -0.565854 -0.164834 1
0.084771 -0.572368 -0.132222 0
0.219935 -0.488106 -0.200673 1
-0.119872 -0.035236 0.064578 2
0.059451 0.350826 -0.051810 3
-0.493505 -0.081875 0.349519 2
-0.296096 0.015775 0.176148 2
-0.014675 0.730929 0.243883 3
-0.004089 0.723100 0.233412 3
0.094312 -0.574039 -0.132514 0
0.050179 -0.368424 -0.119463 4
0.009719 -0.223188 -0.044054 2
0.124361 -0.854292 -0.164841 0
0.061222 -0.302319 -0.116016 3
0.120984 -0.642167 -0.148989 1
-0.487095 -0.079079 0.342875 2
0.075529 -0.446588 -0.110503 0
0.083462 -0.485626 -0.135942 0
0.050699 -0.237526 -0.102912 3
-0.108423 0.764968 0.385123 3
0.079851 0.526819 0.041973 3
0.065116 0.301425 -0.069962 3
0.128714 -0.551667 -0.198870 1
0.076449 0.498276 0.026173 3
0.127949 -0.783957 -0.161788 0
-0.434884 -0.051813 0.283895 2
0.004461 0.685835 0.159341 3
0.224772 -0.480940 -0.195749 1
-0.187275 0.771213 0.472052 3
0.049255 0.110042 -0.097491 3
-0.131388 -0.025185 0.075320 2
0.009444 0.678340 0.153839 3
-0.152527 -0.012368 0.056947 2
0.058748 -0.396715 -0.113875 0
-0.206147 0.005837 0.114112 2
0.094766 -0.592458 -0.132721 0
0.071868 -0.491009 -0.119826 0
0.022166 -0.267248 -0.065138 2
0.112146 -0.738826 -0.162219 0
0.124373 -0.770017 -0.168712 0
0.029067 0.273293 -0.068441 3
0.049788 0.651778 0.151143 3
-0.119485 -0.041956 0.027429 2
0.030891 0.217538 -0.078484 3
0.018397 0.664451 0.139125 3
0.052515 -0.098902 -0.120294 3
0.024795 0.474019 -0.003008 3
0.030586 0.256913 -0.072021 3
0.020329 0.587422 0.053450 3
-0.004254 0.704346 0.174588 3
-0.107988 -0.042436 0.065525 2
-0.188819 0.003504 0.081436 2
-0.286144 0.010104 0.200780 2
0.042721 0.425288 -0.024983 3
0.065173 -0.376411 -0.130411 0
0.178879 -0.522163 -0.215308 1
-0.239123 0.016185 0.126532 2
0.058795 0.587562 0.077770 3
-0.350341 -0.005811 0.229007 2
-0.246305 0.016672 0.134528 2
0.048722 0.049296 -0.104166 3
-0.002874 0.713170 0.217266 3
0.090102 -0.582497 -0.144405 0
0.186123 -0.515905 -0.170069 1
0.058072 0.247710 -0.081473 3
-0.382212 -0.008234 0.229214 2
0.031119 0.349666 -0.052414 3
0.130573 -0.586655 -0.157628 1
-0.361099 -0.024734 0.264324 2
0.042200 0.450430 -0.011650 3
0.110540 -0.619178 -0.157944 1
-0.042065 0.747303 0.298794 3
0.006074 0.664281 0.126743 3
-0.034937 0.740538 0.298933 3
-0.269286 0.011741 0.196688 2
0.088451 -0.536986 -0.128025 0
0.042277 -0.346268 -0.104599 2
0.064986 0.374769 -0.043421 3
0.081515 0.318399 -0.070072 3
0.115706 -0.750177 -0.147665 0
-0.027379 0.734329 0.245463 3
0.104782 -0.582458 -0.171691 1
0.085928 0.543087 0.053063 3
-0.205137 0.001028 0.122091 2
0.052010 0.123416 -0.106516 3
0.133249 -0.884370 -0.163002 0
-0.210496 0.005168 0.149474 2
-0.051060 0.738436 0.348149 3
-0.129460 -0.029768 0.046365 2
0.065885 -0.420062 -0.107052 0
0.050314 -0.156554 -0.131788 3
0.059380 0.598424 0.089253 3
-0.003062 -0.228246 -0.056738 2
0.174210 -0.524746 -0.169426 1
-0.129926 0.760330 0.405751 3
0.059853 0.068277 -0.126247 3
-0.038486 -0.156153 -0.038288 2
0.039777 -0.060025 -0.103885 3
0.022706 -0.313625 -0.090492 2
0.048340 0.518260 0.027469 3
0.071147 0.450296 -0.003612 3
0.054029 -0.214479 -0.126734 3
0.205159 -0.501571 -0.225254 1
-0.400635 -0.025043 0.254107 2
0.054882 -0.148247 -0.116147 3
0.053100 0.450548 -0.005164 3
0.031765 0.625010 0.100562 3
0.099840 -0.600492 -0.136874 0
0.035760 -0.024689 -0.103328 3
0.021254 0.567020 0.041639 3
0.078921 -0.537074 -0.132674 0
-0.474343 -0.069812 0.328913 2
0.043061 0.598770 0.084882 3
0.075288 -0.413377 -0.124328 0
0.076135 -0.518511 -0.128766 0
0.038318 -0.294025 -0.114277 4
-0.028461 -0.015340 -0.112218 4
0.053913 -0.335675 -0.128070 4
-0.418668 -0.047071 0.282896 2
0.025310 0.220723 -0.072260 3
0.123345 -0.740384 -0.157591 0
-0.358657 -0.032187 0.272816 2
-0.008842 0.724444 0.268570 3
0.058917 0.337478 -0.055730 3
0.042707 0.270334 -0.072622 3
-0.303005 0.010171 0.194549 2
0.056714 -0.253433 -0.113039 3
0.100371 -0.610974 -0.152899 1
-0.061954 0.746067 0.328049 3
-0.394922 -0.031852 0.266059 2
0.051109 0.162642 -0.092105 3
0.100226 -0.674844 -0.144717 0
0.043409 0.608837 0.095416 3
-0.086978 -0.076380 0.015529 2
-0.439788 -0.041899 0.282468 2
0.053932 -0.156780 -0.123681 3
0.022725 -0.259330 -0.102928 4
0.007019 -0.166724 -0.106413 4
0.123203 -0.802538 -0.171532 0
0.025050 0.707833 0.244746 3
-0.042855 0.734334 0.324818 3
0.204432 -0.504646 -0.194830 1
-0.401029 -0.041857 0.283149 2
0.042708 0.205507 -0.085667 3
0.008332 -0.281277 -0.084144 2
0.036000 0.585794 0.065006 3
0.043327 -0.335867 -0.115301 4
-0.122811 -0.029276 0.081169 2
-0.343937 0.002179 0.213310 2
0.010838 0.695900 0.176875 3
0.035458 -0.014629 -0.103881 3
-0.171512 -0.008299 0.095820 2
0.043134 -0.041291 -0.108697 3
0.105744 -0.623972 -0.146903 0
0.066965 -0.462936 -0.126771 0
0.042237 0.619948 0.105035 3
0.018751 -0.325345 -0.098475 2
0.029817 0.183005 -0.084230 3
0.042155 0.553802 0.046126 3
0.107008 -0.651327 -0.152491 0
0.110226 -0.715989 -0.143994 0
0.007234 -0.191540 -0.101826 4
0.236619 -0.467855 -0.240152 1
-0.060706 -0.123628 -0.022148 2
0.014676 -0.290074 -0.084281 2
0.048962 0.024482 -0.107441 3
-0.418027 -0.038870 0.272957 2
-0.045000 0.739993 0.303308 3
-0.251429 0.010353 0.187908 2
0.128347 -0.814646 -0.157770 0
0.048398 0.613601 0.100811 3
0.009277 -0.305295 -0.096680 2
0.053128 0.468998 0.003000 3
0.042746 0.104626 -0.099678 3
-0.088864 -0.063711 0.052295 2
0.042773 0.016380 -0.106994 3
0.118763 -0.703660 -0.152003 0
0.110763 -0.642048 -0.157618 1
-0.050054 0.751931 0.274220 3
-0.125082 -0.034161 0.052502 2
0.082025 -0.508062 -0.136891 0
-0.073993 0.758666 0.322417 3
0.048936 0.073883 -0.102585 3
0.133571 -0.645287 -0.139075 1
0.057125 0.409994 -0.023365 3
0.179269 -0.521222 -0.185345 1
-0.331981 0.003210 0.212995 2
0.023620 0.457318 -0.015600 3
-0.112835 -0.047606 0.027435 2
0.036369 -0.055605 -0.096704 3
0.059320 -0.401416 -0.103360 0
0.075332 -0.458966 -0.114572 0
0.053445 0.205502 -0.090300 3
0.058000 0.637490 0.135015 3
0.157941 -0.544960 -0.152960 1
-0.460042 -0.055983 0.306621 2
-0.036761 -0.011565 -0.114424 4
0.128486 -0.821543 -0.175085 0
0.054882 -0.041066 -0.137116 3
0.058808 -0.388756 -0.099544 0
0.065335 0.538809 0.044440 3
0.077697 0.477103 0.014935 3
-0.325699 0.008760 0.198684 2
-0.210932 0.001095 0.164515 2
0.127174 -0.839164 -0.158429 0
0.089176 -0.565583 -0.142712 0
0.053935 -0.059383 -0.139386 3
0.059404 0.141856 -0.111485 3
-0.360987 -0.017466 0.248168 2
0.030319 0.690724 0.204731 3
0.068526 -0.434183 -0.110690 0
-0.027034 0.733961 0.254326 3
0.054878 0.561753 0.059620 3
0.031843 0.055405 -0.103197 3
-0.142071 0.770552 0.406626 3
0.128275 -0.905558 -0.156304 0
0.072378 0.298144 -0.073346 3
0.079719 0.460469 0.007009 3
0.008046 0.711869 0.238179 3
0.075806 0.357431 -0.052255 3
0.001444 -0.140248 -0.105110 4
-0.330511 -0.003590 0.225907 2
-0.354793 0.000260 0.213295 2
0.036627 0.332790 -0.056835 3
0.030796 0.488912 0.007135 3
0.106491 -0.703613 -0.157540 0
-0.171443 -0.005181 0.106461 2
0.046482 -0.113122 -0.108705 3
0.100898 -0.602515 -0.162454 1
0.053197 0.551247 0.051147 3
-0.055742 -0.103592 0.017129 2
0.036342 -0.320818 -0.108366 4
0.020864 0.142269 -0.089163 3
0.162383 -0.536339 -0.165136 1
-0.038497 0.738559 0.283418 3
0.053753 -0.006222 -0.126576 3
0.042889 0.055533 -0.104152 3
0.137901 -0.882441 -0.175457 0
-0.020375 -0.078494 -0.105695 4
0.001260 0.717989 0.225497 3
0.130573 -0.909112 -0.182079 0
-0.124436 0.765359 0.387835 3
0.122955 -0.562700 -0.180096 1
0.060467 0.032655 -0.131718 3
-0.089007 0.766940 0.342693 3
-0.020911 0.734587 0.268500 3
0.060334 -0.236622 -0.120132 3
0.060808 -0.407852 -0.115664 0
-0.320996 0.002832 0.212725 2
0.092189 -0.623501 -0.140675 0
0.026422 0.538022 0.028465 3
-0.315202 -0.002719 0.233432 2
-0.187691 -0.000211 0.120205 2
0.043250 0.574675 0.064185 3
0.058590 -0.173291 -0.120038 3
0.021019 0.109194 -0.098510 3
0.170915 -0.528141 -0.182640 1
0.052897 -0.365864 -0.109214 0
0.065350 0.205733 -0.096658 3
-0.286408 0.017793 0.159422 2
0.043043 -0.353401 -0.112411 4
0.078544 -0.530801 -0.126865 0
0.050346 0.141757 -0.099694 3
0.060993 -0.456622 -0.121292 0
-0.008922 0.721352 0.278650 3
0.051377 0.061619 -0.112995 3
-0.032564 -0.179705 -0.061350 2
0.050276 -0.245010 -0.133775 3
-0.021385 -0.157560 -0.016490 2
0.030562 0.501086 0.012582 3
0.052008 -0.074493 -0.132514 3
0.020173 0.304329 -0.061974 3
0.007969 0.712119 0.253871 3
-0.028834 0.734787 0.311691 3
0.041879 0.567995 0.056620 3
0.047265 -0.306548 -0.116249 4
0.042930 0.512259 0.021106 3
0.059149 0.425076 -0.020434 3
0.081634 -0.479884 -0.118006 0
-0.031766 -0.132542 0.005145 2
0.051357 -0.063676 -0.119838 3
0.088107 -0.600386 -0.141262 0
0.123789 -0.605374 -0.155624 1
-0.027484 -0.024885 -0.111822 4
-0.007377 -0.262587 -0.083717 2
-0.010060 -0.094074 -0.106167 4
-0.043767 -0.119498 0.007420 2
0.055590 0.024845 -0.125156 3
0.050285 -0.350553 -0.119909 4
-0.117671 -0.041230 0.047153 2
0.023592 -0.263578 -0.093321 4
0.048801 -0.359101 -0.093104 2
0.108530 -0.660342 -0.142592 0
0.158346 -0.538064 -0.185716 1
-0.043392 0.024639 -0.119655 4
0.066367 0.263705 -0.080561 3
0.037800 0.562263 0.051100 3
0.019525 0.690841 0.193333 3
0.023278 0.621211 0.086104 3
0.059037 0.166771 -0.104012 3
0.066248 0.477340 0.009858 3
-0.199629 0.003781 0.150289 2
-0.055715 0.743697 0.317686 3
0.134735 -0.864037 -0.176207 0
0.104451 -0.629539 -0.140547 0
0.209506 -0.499064 -0.189997 1
0.098814 -0.666606 -0.144872 0
-0.136567 -0.025313 0.060534 2
-0.269847 0.011584 0.183984 2
0.133318 -0.831086 -0.165396 0
-0.135119 -0.029787 0.068325 2
-0.096900 -0.063397 0.035865 2
-0.028091 -0.040541 -0.110316 4
-0.066294 -0.089621 0.027613 2
-0.015165 -0.192162 -0.041420 2
-0.009160 0.726171 0.249033 3
0.060397 0.090193 -0.125853 3
-0.125056 -0.023328 0.096391 2
-0.350638 -0.016348 0.250032 2
-0.010679 -0.232806 -0.071145 2
-0.055904 0.755329 0.307545 3
-0.066876 0.752501 0.318192 3
0.048981 0.090272 -0.102126 3
0.088225 0.487774 0.026059 3
-0.081128 0.758820 0.356348 3
0.059448 0.505336 0.022719 3
0.013161 0.637206 0.098117 3
0.059330 0.154212 -0.107766 3
0.102746 -0.619242 -0.161999 1
-0.109391 -0.049503 0.036458 2
0.047374 -0.055722 -0.111352 3
0.058168 -0.214980 -0.117396 3
0.065372 0.389976 -0.037110 3
0.090237 -0.610796 -0.140800 0
0.133782 -0.572089 -0.163603 1
0.047637 -0.082265 -0.111345 3
0.117036 -0.703859 -0.160795 0
-0.049892 0.748280 0.287505 3
-0.181516 -0.002902 0.114235 2
0.122303 -0.847671 -0.169684 0
0.116331 -0.783897 -0.155720 0
-0.304209 0.015870 0.175022 2
-0.041407 0.006457 -0.117529 4
0.001106 0.713704 0.204547 3
-0.016133 0.728237 0.307439 3
0.030852 0.205745 -0.080833 3
-0.033960 0.735069 0.292941 3
0.064576 0.463250 0.001154 3
-0.148663 -0.011056 0.115032 2
0.008722 0.667196 0.134981 3
0.104821 -0.637588 -0.165751 1
0.019773 0.679325 0.169612 3
0.065380 -0.450948 -0.114787 0
0.029851 0.614592 0.085996 3
0.040378 -0.376827 -0.107495 2
-0.022552 -0.143780 -0.002701 2
0.054534 0.049327 -0.120457 3
0.030839 0.032914 -0.102832 3
0.051471 -0.172893 -0.128114 3
0.175295 -0.524055 -0.200496 1
-0.037721 -0.136872 -0.008267 2
-0.119568 0.756931 0.397515 3
0.048425 0.123424 -0.097979 3
-0.008192 0.714984 0.189090 3
0.050638 -0.421041 -0.117461 0
0.078564 0.385847 -0.040082 3
0.116229 -0.779857 -0.165904 0
0.191078 -0.512319 -0.223427 1
0.042104 0.629988 0.115411 3
0.077475 0.561898 0.063989 3
0.191101 -0.513240 -0.200310 1
0.116717 -0.765519 -0.165818 0
0.052155 -0.030669 -0.126493 3
-0.003103 -0.197412 -0.032408 2
-0.427580 -0.057627 0.304612 2
-0.446550 -0.053285 0.295317 2
-0.287222 0.016569 0.168601 2
-0.142136 -0.018744 0.052679 2
0.030070 0.401163 -0.040997 3
0.053695 0.304325 -0.065791 3
-0.148077 -0.015792 0.088713 2
0.147932 -0.543635 -0.190792 1
0.056683 -0.372847 -0.131597 4
-0.007487 -0.187028 -0.025700 2
0.028444 0.606397 0.076831 3
0.244266 -0.464022 -0.231334 1
0.025112 0.666400 0.151220 3
0.049173 -0.166792 -0.108122 3
0.055213 0.072189 -0.119738 3
0.018726 -0.246529 -0.093534 4
0.071146 -0.456939 -0.132817 0
0.070936 -0.427818 -0.106471 0
0.037893 -0.034970 -0.104373 3
0.030226 0.683381 0.187931 3
0.035638 -0.251752 -0.114067 4
-0.044914 -0.123908 -0.000745 2
0.051585 -0.214348 -0.106948 3
0.065934 0.430135 -0.014803 3
-0.005047 -0.123767 -0.104528 4
0.009767 -0.265343 -0.070706 2
0.140496 -0.544105 -0.210432 1
-0.156500 0.766260 0.443561 3
0.094610 -0.629487 -0.135991 0
0.150786 -0.559375 -0.145695 1
0.026396 -0.247134 -0.110669 4
0.112649 -0.765416 -0.156915 0
0.052915 -0.191416 -0.126667 3
0.071111 0.557184 0.057754 3
0.135571 -0.876365 -0.166239 0
0.058250 -0.376769 -0.094910 0
0.030050 0.245827 -0.073023 3
-0.228735 0.017276 0.110291 2
0.012615 -0.185403 -0.107554 4
0.000879 -0.212892 -0.045278 2
0.023037 -0.306486 -0.081493 2
0.051836 -0.098933 -0.132883 3
0.043014 0.178642 -0.090290 3
0.067004 -0.393680 -0.093483 0
0.082219 -0.493764 -0.120524 0
0.021774 0.068428 -0.100120 3
-0.079294 0.762667 0.344306 3
0.117233 -0.809031 -0.161278 0
0.163124 -0.533659 -0.190243 1
-0.296900 0.006439 0.200541 2
-0.037476 0.742497 0.262751 3
-0.118660 -0.033257 0.075578 2
0.254139 -0.453080 -0.236266 1
-0.083919 -0.080976 0.021923 2
0.054329 -0.092449 -0.116108 3
-0.280218 0.012353 0.180543 2
0.149623 -0.553240 -0.161007 1
-0.283784 0.010180 0.208413 2
0.006909 0.659046 0.120070 3
0.082957 -0.531115 -0.139106 0
-0.097011 -0.054485 0.056669 2
0.024868 0.704511 0.229080 3
-0.015339 0.724389 0.225546 3
0.058963 0.395818 -0.032001 3
0.133043 -0.598218 -0.144505 1
0.036319 0.356053 -0.050522 3
-0.089733 0.752919 0.372896 3
-0.054832 -0.123575 -0.013324 2
0.137229 -0.899943 -0.155742 0
0.051367 -0.049440 -0.127108 3
0.054908 -0.232077 -0.126949 3
0.105419 -0.641991 -0.140623 0
0.021219 0.266806 -0.065422 3
-0.378827 -0.012915 0.237847 2
-0.083510 -0.069786 0.046166 2
-0.002380 -0.237357 -0.068476 2
-0.366480 -0.013121 0.238838 2
0.025683 0.429005 -0.032714 3
0.047150 -0.386344 -0.101151 2
0.108286 -0.652570 -0.162334 1
0.041369 -0.300181 -0.067838 2
-0.101517 0.758428 0.372572 3
0.056853 -0.162967 -0.117276 3
0.050399 -0.006813 -0.115935 3
0.044282 0.580186 0.069664 3
0.037042 0.098010 -0.100865 3
0.128531 -0.802774 -0.158176 0
0.087434 -0.592591 -0.136702 0
0.196328 -0.508381 -0.219154 1
0.051326 -0.111205 -0.131712 3
-0.228801 0.013809 0.122460 2
0.053151 0.437987 -0.009572 3
0.076212 0.610411 0.105868 3
0.057842 -0.357987 -0.130946 4
-0.108729 0.757727 0.382173 3
0.042432 -0.123576 -0.101914 3
0.081300 0.303961 -0.073951 3
0.059543 -0.255205 -0.124929 3
0.169982 -0.524431 -0.223182 1
0.139878 -0.910992 -0.165335 0
-0.372808 -0.031759 0.274208 2
0.174178 -0.524988 -0.161135 1
0.047607 -0.395096 -0.108109 0
-0.022043 0.727749 0.293598 3
0.059433 0.296083 -0.069872 3
0.161930 -0.541566 -0.147181 1
0.019419 0.631677 0.096303 3
0.048850 0.626003 0.114682 3
-0.044903 0.736549 0.332412 3
-0.055520 0.747482 0.303294 3
-0.171574 -0.004364 0.081275 2
0.071033 0.617191 0.113924 3
-0.205661 0.009567 0.091947 2
0.049063 0.495550 0.015002 3
0.024746 0.638615 0.109845 3
0.130072 -0.900786 -0.180857 0
-0.015084 0.724554 0.253804 3
0.076368 -0.409598 -0.131034 0
-0.034684 -0.167912 -0.052325 2
0.050788 -0.082194 -0.130929 3
0.071643 -0.380479 -0.129036 0
-0.062205 -0.098995 0.015679 2
0.026629 -0.264847 -0.053126 2
0.168510 -0.529397 -0.195150 1
0.021964 0.384114 -0.047903 3
0.055767 0.079916 -0.119292 3
0.036745 -0.310243 -0.077800 2
-0.372759 -0.026983 0.266008 2
0.120943 -0.831793 -0.164678 0
0.050601 -0.018559 -0.116482 3
0.168006 -0.530062 -0.207507 1
0.073900 -0.508066 -0.128414 0
0.055028 -0.140161 -0.120391 3
-0.245057 0.011670 0.163740 2
-0.136658 -0.016346 0.104947 2
0.030888 0.384959 -0.044566 3
0.052688 0.182984 -0.094770 3
0.024317 0.196996 -0.076785 3
0.065167 0.178933 -0.104239 3
0.043261 -0.088525 -0.106058 3
0.083601 0.345250 -0.061165 3
0.123392 -0.555769 -0.195069 1
-0.273785 0.017523 0.159542 2
-0.061953 0.741714 0.362151 3
0.204408 -0.498389 -0.235950 1
0.055956 -0.442684 -0.121210 0
0.067304 -0.427893 -0.114976 0
0.054428 0.230415 -0.085812 3
0.141646 -0.566234 -0.157582 1
-0.195277 0.003848 0.102411 2
-0.071146 -0.098677 0.007479 2
-0.027537 0.734063 0.225889 3
-0.021642 0.729086 0.258169 3
-0.026856 -0.185344 -0.056772 2
0.078048 0.534877 0.046362 3
-0.050803 -0.103395 0.026959 2
0.184895 -0.517402 -0.214886 1
0.019775 -0.282578 -0.072264 2
-0.157987 0.775229 0.436882 3
0.102087 -0.685034 -0.144735 0
0.045335 -0.142075 -0.103819 3
-0.084504 -0.070598 0.036768 2
0.030456 -0.365876 -0.108793 2
0.047619 0.584649 0.075599 3
-0.037933 0.745725 0.292542 3
-0.008865 -0.247981 -0.077510 2
0.018856 -0.179192 -0.111868 4
0.107159 -0.715961 -0.157636 0
-0.058359 -0.117604 -0.009202 2
0.088265 0.454448 0.003968 3
0.053796 -0.353439 -0.126054 4
0.047362 -0.374471 -0.111838 0
0.024944 0.345357 -0.053715 3
0.035253 0.080099 -0.102313 3
0.031225 0.464293 -0.006998 3
-0.177126 -0.007608 0.101512 2
0.064902 0.407523 -0.027883 3
0.151817 -0.537591 -0.211300 1
-0.273700 0.015576 0.169366 2
0.042619 0.256894 -0.075459 3
0.130304 -0.592804 -0.153142 1
-0.075758 0.745295 0.376361 3
0.028417 0.318904 -0.061102 3
0.065806 -0.345683 -0.128370 0
0.059032 0.612275 0.102228 3
0.024637 0.252776 -0.068724 3
-0.095181 -0.073505 0.006687 2
0.055395 -0.178953 -0.115988 3
-0.337501 -0.005103 0.228919 2
0.068754 0.220322 -0.093284 3
0.012835 -0.230879 -0.047929 2
0.109167 -0.645768 -0.147775 0
-0.014997 -0.064014 -0.108259 4
0.119537 -0.697516 -0.157439 0
-0.023236 0.727083 0.302612 3
0.042752 -0.339489 -0.087541 2
0.013124 0.707857 0.229311 3
-0.194025 0.002316 0.134971 2
0.030739 0.694620 0.218633 3
0.030833 -0.271665 -0.111494 4
0.129167 -0.899103 -0.169587 0
0.214590 -0.493943 -0.194349 1
0.070204 0.370150 -0.046403 3
0.036914 0.671182 0.170373 3
-0.027403 -0.171168 -0.038174 2
0.040516 -0.067987 -0.103768 3
-0.321383 -0.006157 0.239244 2
-0.015223 0.723978 0.237981 3
0.053357 -0.284018 -0.130959 3
-0.060708 0.755306 0.293262 3
0.066209 0.603073 0.095660 3
0.020087 -0.248169 -0.101865 4
0.065329 0.281979 -0.074666 3
-0.154149 -0.013053 0.074487 2
0.087936 -0.549368 -0.141060 0
-0.027452 -0.145602 -0.008784 2
0.070499 0.309972 -0.068516 3
0.029122 0.092005 -0.101820 3
0.050287 -0.166798 -0.132393 3
0.249186 -0.451627 -0.248305 1
0.064992 0.345518 -0.054655 3
0.025163 0.205498 -0.075913 3
0.069584 -0.479783 -0.124275 0
-0.235011 0.006051 0.175666 2
0.042645 -0.284162 -0.115569 4
-0.223845 0.003529 0.167255 2
-0.084638 0.764666 0.336098 3
-0.470939 -0.073576 0.336322 2
0.070833 -0.376551 -0.122272 0
0.014326 0.653624 0.120370 3
-0.373045 -0.019439 0.249975 2
-0.429370 -0.036138 0.273254 2
0.126399 -0.629608 -0.144613 1
0.125126 -0.755441 -0.161601 0
0.010680 0.699789 0.184936 3
0.119689 -0.579114 -0.166989 1
0.077072 0.349795 -0.055866 3
-0.210204 0.005604 0.138850 2
0.027015 -0.321178 -0.087308 2
-0.068065 -0.104182 -0.003154 2
0.042440 0.197226 -0.086516 3
0.042777 0.236519 -0.079298 3
-0.416515 -0.028763 0.259108 2
-0.063130 0.753987 0.303556 3
0.058260 0.043684 -0.126735 3
-0.303138 0.005507 0.204611 2
0.049958 0.067723 -0.108175 3
0.068195 -0.356092 -0.120523 0
-0.453007 -0.065410 0.313407 2
0.122178 -0.740731 -0.164974 0
0.030257 0.668721 0.163117 3
0.051176 0.097666 -0.109201 3
-0.004392 0.720303 0.249768 3
0.127074 -0.773378 -0.161266 0
0.037073 0.642236 0.130353 3
-0.079927 0.755104 0.344792 3
-0.101775 -0.057791 0.028150 2
0.054219 0.191996 -0.093436 3
0.054400 0.006046 -0.126214 3
-0.020222 -0.165704 -0.022540 2
0.071395 0.436039 -0.012225 3
-0.021825 -0.181244 -0.037266 2
0.073501 0.464655 0.006408 3
0.018608 0.678404 0.159519 3
0.059541 -0.409614 -0.123581 0
0.186721 -0.515797 -0.206789 1
-0.049798 -0.128312 -0.007810 2
0.030905 0.632369 0.109326 3
-0.093894 -0.069090 0.030980 2
0.116637 -0.610994 -0.156789 1
0.062993 -0.438277 -0.126921 0
-0.004387 -0.186108 -0.018994 2
0.103084 -0.605690 -0.146653 0
-0.165229 -0.008892 0.089276 2
0.048044 -0.024671 -0.110737 3
0.052696 0.597779 0.086053 3
-0.158654 -0.007901 0.053636 2
0.093790 -0.559527 -0.132540 0
0.036338 0.428771 -0.026540 3
-0.339135 0.005037 0.205701 2
-0.257411 0.013488 0.184157 2
0.053670 -0.111313 -0.120647 3
-0.336672 0.010780 0.193370 2
-0.229062 0.009502 0.155361 2
0.087284 -0.502393 -0.132947 0
0.054885 -0.428032 -0.116213 0
0.095171 -0.641807 -0.146404 0
0.054417 0.290742 -0.068706 3
0.007919 -0.158287 -0.107461 4
0.117014 -0.715797 -0.161961 0
0.124335 -0.657966 -0.142847 0
-0.021243 0.732996 0.278701 3
0.035963 0.681207 0.194058 3
0.140229 -0.559767 -0.169824 1
-0.124208 0.760443 0.410442 3
0.002790 0.715147 0.212943 3
0.049090 0.666652 0.180040 3
-0.036764 0.740262 0.273034 3
-0.067817 0.747491 0.348624 3
0.066171 -0.335448 -0.126852 0
0.019963 0.700838 0.213192 3
0.025418 0.513056 0.017197 3
-0.058468 -0.130348 -0.037338 2
-0.015996 -0.163642 -0.016510 2
0.033580 -0.293999 -0.097041 4
0.070552 -0.493873 -0.126601 0
0.242050 -0.461543 -0.219751 1
0.053026 0.633483 0.125639 3
0.059220 -0.271737 -0.116192 3
0.053354 0.429665 -0.014667 3
0.042424 0.476775 0.001424 3
0.197459 -0.509054 -0.180355 1
0.006549 -0.208601 -0.032049 2
0.083027 0.379882 -0.044045 3
-0.005014 -0.108537 -0.105736 4
0.152415 -0.543289 -0.182321 1
-0.038460 0.740539 0.307463 3
0.017602 0.706239 0.241611 3
0.105117 -0.685952 -0.155353 0
0.043481 0.401457 -0.033719 3
0.099935 -0.629815 -0.150730 0
-0.135264 -0.019862 0.089601 2
0.049627 0.117019 -0.101774 3
-0.027732 0.733337 0.266085 3
0.094118 -0.635756 -0.140893 0
0.127194 -0.789859 -0.157488 0
0.068567 -0.430400 -0.132227 0
0.054057 0.481992 0.011139 3
0.122465 -0.755077 -0.151567 0
0.046596 -0.358094 -0.117002 4
0.053020 0.388772 -0.034469 3
0.036333 0.677414 0.180677 3
0.058228 -0.380518 -0.130548 0
0.042885 0.006164 -0.107607 3
0.214911 -0.489154 -0.239397 1
0.048278 0.356082 -0.048044 3
0.099869 -0.637439 -0.150451 0
-0.293524 0.019490 0.159199 2
0.042621 0.215782 -0.083394 3
-0.033686 0.735840 0.278632 3
0.042822 0.295964 -0.066609 3
0.050101 0.055249 -0.108175 3
-0.112902 -0.041320 0.060235 2
0.059128 0.447393 -0.007825 3
0.077010 -0.502131 -0.134932 0
0.081676 -0.501875 -0.122051 0
-0.452508 -0.069314 0.323683 2
0.227909 -0.479401 -0.231359 1
0.054438 -0.368636 -0.125380 4
0.098493 -0.582737 -0.144142 0
0.070467 0.269728 -0.080499 3
-0.095416 0.757854 0.367397 3
0.119405 -0.790042 -0.153304 0
-0.067080 -0.087105 0.036027 2
0.109669 -0.681139 -0.160497 0
0.231794 -0.474093 -0.235420 1
0.087396 0.443765 -0.002580 3
0.065647 -0.419677 -0.131737 0
-0.015127 0.725306 0.282615 3
-0.148374 -0.017116 0.070962 2
0.006787 0.715554 0.262244 3
0.127848 -0.838256 -0.176017 0
0.073477 0.524386 0.039530 3
-0.084504 0.752728 0.367338 3
-0.417778 -0.052424 0.298579 2
0.104507 -0.697355 -0.144849 0
-0.137182 0.761101 0.416580 3
0.051620 -0.123722 -0.113742 3
0.019368 0.670454 0.149538 3
-0.165573 -0.005865 0.114272 2
-0.177976 -0.000267 0.081183 2
0.056716 -0.347491 -0.116939 4
0.008314 0.675629 0.145164 3
0.023605 -0.232698 -0.110091 4
0.031422 0.471180 -0.003322 3
0.117191 -0.587718 -0.163075 1
0.077541 0.333433 -0.063316 3
-0.216519 0.005536 0.134767 2
0.064627 0.380986 -0.039649 3
0.047839 -0.266819 -0.135837 3
0.064786 0.314759 -0.064147 3
-0.017859 -0.047030 -0.109970 4
0.082287 0.492151 0.026482 3
0.054104 -0.255547 -0.106682 3
0.003313 -0.267245 -0.079915 2
0.058645 0.537605 0.042112 3
0.115860 -0.600330 -0.159903 1
0.042586 0.498691 0.013399 3
0.071885 -0.422136 -0.116471 0
0.064579 -0.283855 -0.121522 3
-0.063150 0.753079 0.330881 3
0.042387 -0.316720 -0.100522 4
0.006903 0.717453 0.273094 3
0.116351 -0.622447 -0.155299 1
-0.009385 -0.202583 -0.045298 2
-0.309128 -0.000167 0.229103 2
0.059417 -0.276935 -0.126551 3
0.130555 -0.882822 -0.179997 0
0.030064 0.457884 -0.012542 3
0.007419 -0.226675 -0.049962 2
-0.007905 -0.174851 -0.015376 2
-0.100496 -0.049657 0.070430 2
0.040274 -0.088760 -0.099588 3
0.082826 0.362362 -0.052701 3
0.221447 -0.479358 -0.243545 1
0.036742 0.592458 0.071466 3
0.018861 0.637180 0.102394 3
0.059231 0.368135 -0.045448 3
0.077481 -0.485649 -0.118549 0
0.037992 -0.363653 -0.100967 2
-0.121812 -0.036518 0.033828 2
-0.041475 0.734925 0.317859 3
0.134082 -0.847656 -0.165321 0
-0.072973 -0.089910 0.017419 2
0.034717 -0.347891 -0.095753 2
0.064757 0.493609 0.017757 3
-0.039359 -0.149446 -0.027871 2
0.087762 0.468883 0.014443 3
0.072077 0.344796 -0.056635 3
0.058982 -0.385215 -0.120489 0
0.111997 -0.655712 -0.146714 0
0.034524 0.698017 0.225502 3
0.042801 0.281694 -0.070443 3
0.019628 0.611973 0.075483 3
