0.001071 0.033815 -0.201513 5
0.027245 -0.994140 0.104609 0
0.229570 -0.353815 0.249607 1
-0.273706 0.312751 0.243115 3
-0.175011 -0.430416 -0.061746 2
0.325127 0.402378 -0.064128 4
0.029113 -0.652341 0.099687 0
0.044618 -0.198199 0.024232 0
0.075424 0.245311 0.006381 4
-0.209726 0.147354 0.002268 3
0.157655 0.296033 -0.228793 4
0.020165 -0.424625 0.070240 0
-0.096025 -0.033294 0.032493 0
-0.365156 0.211893 0.103845 3
0.070370 0.056865 -0.025142 0
-0.141974 0.286374 0.108802 3
-0.003542 -0.444474 -0.126653 2
0.194594 0.369761 0.050961 4
0.030156 -0.822800 0.121718 0
0.186430 -0.384228 0.084831 1
-0.113179 -0.043716 -0.270383 5
-0.113474 0.040895 -0.106938 5
0.057365 0.230933 -0.140529 4
0.173588 0.309584 -0.081562 4
0.095076 -0.394448 0.193174 1
0.263491 0.379093 -0.189418 4
-0.122237 -0.431481 -0.185117 2
0.044451 -0.073787 -0.019143 0
-0.259567 0.266113 0.133018 3
0.002613 -0.311764 0.035111 0
-0.064435 -0.432790 -0.018347 2
-0.054303 -0.141643 0.048904 0
0.008146 -0.540050 0.066625 0
-0.009978 -0.001731 -0.088128 5
-0.138623 0.069385 0.034276 0
-0.315493 0.173442 0.012594 3
-0.182314 0.263488 0.213443 3
0.089630 0.159485 -0.057353 4
0.263311 -0.353269 0.151509 1
-0.341224 0.324006 0.165383 3
0.101236 -0.462851 0.119139 1
-0.143673 0.206113 0.049764 3
0.235140 0.372794 -0.037705 4
-0.089196 0.007308 -0.192830 5
0.146046 0.304352 0.006577 4
-0.233513 0.208831 0.066029 3
-0.087841 -0.430708 -0.103138 2
0.177058 -0.368557 0.175636 1
0.015930 -0.908445 0.116264 0
0.124567 0.238206 -0.068758 4
0.023857 -0.738684 0.102067 0
0.197864 0.330298 -0.162406 4
0.132474 0.278919 -0.148676 4
-0.015719 -0.142090 -0.025813 0
-0.182728 -0.403732 -0.139154 2
-0.033444 -0.218028 0.034920 0
-0.013603 -0.483610 0.014305 0
0.263766 0.379171 -0.110892 4
-0.026577 -0.069720 -0.055631 0
-0.038818 -0.010541 -0.249789 5
0.094329 0.258728 -0.209046 4
-0.134616 -0.437061 -0.001022 2
-0.299202 0.230160 0.087431 3
0.160381 -0.363985 0.244637 1
-0.059918 -0.453966 -0.168859 2
-0.153485 0.139058 0.042581 3
0.049491 -0.504001 0.105202 0
0.067043 -0.011024 -0.016223 0
-0.328388 0.260263 0.139306 3
-0.246708 0.268781 0.198060 3
0.129320 -0.404535 0.137427 1
-0.030215 0.005292 -0.150573 5
-0.199291 0.253487 0.099828 3
-0.010900 -0.433670 -0.063230 2
0.033602 -0.581434 0.108980 0
0.320438 0.397746 -0.134485 4
0.043992 -0.137725 0.004810 0
0.034075 -0.365488 0.055696 0
0.031886 -0.256729 0.041375 0
-0.063120 0.030435 -0.072129 5
0.182863 0.341996 -0.025597 4
0.242802 0.394654 0.017641 4
0.220382 0.346005 -0.215542 4
0.215909 0.344585 -0.103658 4
-0.176739 0.266123 0.152485 3
0.288299 0.403871 -0.018666 4
-0.074790 -0.086485 0.044180 0
-0.288615 0.299615 0.171223 3
0.109622 0.281528 0.045923 4
-0.255914 0.178277 0.018570 3
0.083893 0.206528 -0.095961 4
0.269583 -0.353707 0.208894 1
-0.131610 0.034602 -0.167777 5
0.020836 -0.482595 0.058427 0
0.067278 0.103566 -0.055852 0
0.156745 0.329039 0.055710 4
-0.337410 0.193552 0.059271 3
-0.119271 0.017647 0.033819 0
0.018892 0.028419 -0.140397 5
-0.141309 -0.415202 -0.104958 2
0.087347 0.208574 -0.032337 4
-0.223837 0.277650 0.246858 3
-0.136850 -0.008199 -0.214409 5
-0.115356 -0.430745 -0.056104 2
-0.189911 0.177961 0.057625 3
0.141380 0.284438 -0.047432 4
0.232254 -0.366364 0.110479 1
-0.082298 0.020584 -0.142091 5
0.002446 -0.184908 -0.000997 0
-0.154986 0.249523 0.073384 3
0.220156 -0.352218 0.196292 1
0.239785 0.358118 -0.148208 4
-0.288991 0.197464 0.052551 3
0.115986 0.244883 -0.117885 4
0.272909 0.389327 -0.064356 4
0.113460 0.251740 -0.022983 4
-0.085404 -0.015200 -0.238187 5
0.161996 0.313133 -0.132319 4
-0.054141 0.001448 -0.109298 5
0.163138 0.303534 -0.182509 4
0.139092 0.281312 -0.099408 4
-0.305452 0.335175 0.196665 3
-0.039639 0.011092 -0.200498 5
-0.252630 0.239920 0.095270 3
-0.017525 -0.447392 -0.014414 2
0.186844 -0.375233 0.130815 1
0.135835 -0.376924 0.206570 1
0.009747 -0.228702 0.011766 0
-0.013722 -0.262583 0.039866 0
-0.042633 -0.435837 -0.096754 2
0.093585 0.250347 -0.160057 4
0.210189 0.366644 0.002960 4
-0.175437 0.107403 0.018797 3
0.035047 -0.867892 0.121484 0
-0.113548 -0.421672 -0.142551 2
0.142564 -0.395187 0.095956 1
-0.220887 0.263226 0.155672 3
0.035835 -0.780453 0.110485 0
-0.002662 -0.099975 -0.023380 0
-0.187905 0.220566 0.069004 3
-0.006720 -0.366203 0.039295 0
0.026434 -0.949618 0.106161 0
0.036951 -0.701343 0.120401 0
0.017260 -0.609202 0.080433 0
-0.067010 -0.431354 -0.061949 2
-0.039149 -0.032596 -0.083946 5
-0.159611 -0.413059 -0.176169 2
0.177806 0.337235 0.019754 4
0.128636 0.277176 -0.192505 4
0.220402 -0.359467 0.154656 1
0.194884 0.312616 -0.214101 4
0.283622 0.385401 -0.148375 4
0.301101 0.388915 -0.094408 4
0.206580 0.346749 -0.058492 4
0.117362 0.199163 -0.059271 4
-0.183432 -0.416850 -0.100587 2
0.238126 0.368463 -0.079241 4
-0.093915 -0.427834 0.008861 2
-0.041010 -0.178449 0.034534 0
-0.284365 0.163006 -0.009790 3
-0.293467 0.246833 0.126390 3
-0.367255 0.242432 0.128770 3
0.183663 -0.356774 0.212182 1
-0.221402 0.170914 0.034941 3
0.048716 0.018522 -0.033653 0
-0.066296 -0.442096 -0.132628 2
0.118319 0.278287 0.008888 4
-0.275694 0.295172 0.209560 3
-0.329122 0.230445 0.116025 3
0.094295 -0.401964 0.151344 1
-0.016541 0.014834 -0.233167 5
-0.357617 0.282849 0.146162 3
0.067300 -0.472535 0.096088 0
-0.190069 0.146762 0.033896 3
0.164281 0.313240 -0.041971 4
0.144024 -0.383061 0.166841 1
-0.000710 -0.511920 0.044363 0
0.041087 -0.537235 0.091578 0
-0.154547 -0.438305 -0.031424 2
0.118365 -0.424790 0.109411 1
0.092461 0.129256 -0.037830 0
0.012125 -0.394948 0.051750 0
-0.211107 0.261683 0.190104 3
-0.158692 0.174488 0.040541 3
0.234432 0.348342 -0.182166 4
-0.320918 0.289841 0.157836 3
-0.061905 0.007082 -0.167715 5
-0.082555 0.024066 -0.103001 5
0.193366 -0.352672 0.250671 1
-0.142490 0.103039 0.043172 3
-0.031277 -0.452865 -0.148764 2
-0.146046 -0.407577 -0.144412 2
-0.009196 0.008481 -0.121556 5
-0.291298 0.278161 0.143823 3
-0.004011 0.024226 -0.168562 5
-0.228492 0.260688 0.117106 3
-0.163363 0.268079 0.184823 3
0.134877 0.304832 0.041782 4
-0.220786 0.226738 0.093952 3
0.256673 0.389495 -0.016649 4
0.332640 0.401133 -0.098926 4
0.020108 -0.503070 0.085690 0
0.062925 -0.044774 -0.013666 0
0.193119 0.334573 -0.126808 4
-0.235027 0.168192 -0.006590 3
0.053984 -0.100657 -0.000733 0
-0.332249 0.213502 0.086831 3
-0.107297 -0.433066 -0.023266 2
-0.171962 0.270246 0.119285 3
-0.095358 -0.439379 -0.166405 2
0.012734 -0.339519 0.057682 0
-0.257283 0.277822 0.164484 3
0.072348 0.244252 -0.185252 4
-0.265962 0.212402 0.072975 3
0.011585 -0.274992 0.022159 0
0.021407 -0.686818 0.094856 0
0.156078 -0.388104 0.126764 1
-0.078084 -0.033550 -0.264730 5
-0.117911 -0.021717 -0.237859 5
-0.125891 0.009611 -0.188841 5
0.017491 -0.576317 0.080613 0
0.081607 0.231442 -0.118698 4
-0.115330 0.032128 -0.139661 5
0.036604 -0.457864 0.072582 0
-0.257079 0.285837 0.234594 3
-0.149339 0.288400 0.140420 3
0.249563 -0.353301 0.182446 1
0.221806 0.376906 0.034850 4
0.035861 -0.168638 0.010006 0
-0.048386 -0.104649 0.045499 0
-0.146911 -0.423186 -0.074518 2
0.146777 0.261800 -0.068855 4
-0.047099 -0.000207 -0.078718 5
-0.040606 -0.436522 -0.045795 2
0.020450 -0.286179 0.050074 0
-0.200432 0.262201 0.130975 3
0.038050 -0.227642 0.032246 0
-0.008683 -0.439985 -0.096316 2
-0.251818 0.190419 0.046794 3
0.012437 -0.451541 0.054277 0
0.109273 0.223916 -0.093405 4
0.091978 0.187536 -0.071884 4
0.000831 -0.154382 -0.002996 0
0.241378 -0.348887 0.221790 1
-0.059628 -0.000151 -0.220560 5
0.132990 0.284386 -0.018237 4
-0.287758 0.175367 0.024695 3
0.111763 0.229075 -0.043016 4
-0.116911 -0.422973 -0.089278 2
0.205143 0.336071 -0.190899 4
0.080791 0.083143 -0.038602 0
-0.217960 0.268687 0.218404 3
-0.018059 -0.038543 -0.063679 0
0.090183 0.259866 0.027826 4
0.162978 0.326508 -0.009790 4
-0.043301 -0.434589 0.002299 2
-0.056655 -0.004755 -0.141105 5
-0.135794 0.272323 0.083555 3
-0.072476 -0.049651 0.039517 0
-0.107794 -0.003193 -0.214835 5
0.207494 0.358468 -0.031485 4
0.182056 0.330458 -0.058919 4
0.132965 0.279345 -0.221546 4
-0.284508 0.326332 0.215206 3
-0.141837 0.235377 0.050523 3
0.128167 0.254489 -0.093039 4
0.214264 -0.384844 0.093913 1
0.102411 -0.429177 0.133506 1
0.239016 0.365164 -0.117125 4
-0.312522 0.316139 0.172435 3
0.302519 0.400049 -0.043698 4
-0.315952 0.180860 0.040570 3
-0.007807 -0.486486 0.057352 0
0.118257 -0.392797 0.175956 1
0.181209 0.346031 0.060665 4
-0.102647 0.019122 -0.162584 5
0.198052 0.334198 -0.083657 4
0.154419 0.289144 -0.075317 4
-0.134443 0.039325 0.023055 0
0.062216 0.064722 -0.051213 0
0.198070 0.355821 0.026630 4
0.159585 0.304370 -0.105659 4
0.109125 0.259732 -0.182238 4
-0.357629 0.200800 0.079293 3
0.091004 0.235098 -0.022960 4
0.026720 -0.313354 0.051805 0
0.214525 0.346465 -0.145810 4
0.126812 0.260677 -0.046087 4
-0.002054 -0.236681 0.035715 0
-0.308244 0.210072 0.070369 3
0.029500 -0.972663 0.087062 0
0.078527 0.135045 -0.064545 0
0.210117 -0.351449 0.222083 1
0.296862 0.389284 -0.122769 4
0.075057 0.015350 -0.017907 0
0.020759 -0.557417 0.100393 0
0.184022 0.322298 -0.104010 4
0.152589 0.296890 -0.153581 4
-0.030548 -0.444679 -0.122233 2
0.141956 0.291151 -0.126139 4
-0.105819 -0.007859 0.034633 0
-0.025438 -0.108957 -0.035523 0
0.109841 -0.384405 0.213769 1
-0.270520 0.251577 0.112503 3
0.231697 0.384583 -0.005034 4
0.169526 0.317718 -0.160225 4
-0.174276 0.204010 0.052357 3
0.009630 -0.882077 0.116255 0
0.187243 0.316977 -0.184124 4
0.258502 0.375633 -0.156768 4
-0.031518 -0.011165 -0.101626 5
-0.177308 0.125892 0.045235 3
0.042030 -0.902373 0.119144 0
-0.084277 -0.431184 -0.041553 2
0.043048 -0.479621 0.087385 0
-0.205159 0.200431 0.072034 3
0.241150 0.360821 -0.207770 4
0.036139 -0.405269 0.061499 0
0.079173 -0.452046 0.109033 0
0.023184 -0.199865 0.008811 0
0.152656 0.290850 -0.203159 4
0.016197 -0.711332 0.103162 0
-0.089689 -0.430262 -0.075333 2
-0.163220 -0.408662 -0.118021 2
-0.025978 -0.461572 0.006935 2
0.159401 -0.365263 0.205867 1
-0.163605 0.258422 0.097330 3
0.297965 0.395975 -0.069241 4
0.116437 0.259197 -0.139861 4
0.249850 -0.365907 0.132920 1
0.202525 -0.360072 0.173791 1
-0.028172 0.016156 -0.174630 5
-0.189991 0.261670 0.174764 3
-0.162055 0.222747 0.066527 3
0.097937 0.256082 -0.001080 4
-0.070155 -0.111525 0.033006 0
0.023785 -0.332794 0.034763 0
-0.270211 0.286605 0.185688 3
0.138614 -0.368928 0.230982 1
0.014262 0.018219 -0.117004 5
0.017756 -0.798733 0.112423 0
0.014131 0.042240 -0.171290 5
0.169996 -0.376033 0.150103 1
0.036754 -0.603474 0.096632 0
-0.063632 0.005887 -0.193841 5
-0.116107 -0.421047 -0.114593 2
0.154506 0.317686 0.026466 4
0.128052 0.267894 -0.119168 4
0.210887 -0.372808 0.122251 1
-0.132400 -0.418025 -0.166432 2
0.083172 0.180241 -0.044701 4
-0.274326 0.227392 0.093139 3
0.069707 0.037852 -0.041499 0
0.189648 0.349337 0.001258 4
0.016032 -0.629129 0.095592 0
-0.025969 -0.240480 0.043160 0
0.168171 -0.388220 0.101512 1
-0.064379 -0.017062 -0.251644 5
-0.259398 0.162752 -0.008833 3
-0.014537 -0.080854 -0.034111 0
-0.290221 0.316748 0.189249 3
-0.094032 -0.432153 -0.127215 2
-0.235745 0.267897 0.175721 3
-0.224765 0.189095 0.051535 3
0.217485 0.354094 -0.079481 4
0.253487 0.374836 -0.059314 4
0.277521 0.383768 -0.089415 4
0.025346 -0.511193 0.063022 0
0.014686 -0.769729 0.103950 0
0.147825 0.304811 -0.025902 4
-0.066144 -0.432614 -0.090751 2
0.286570 0.385616 -0.172672 4
-0.036663 -0.001342 -0.126115 5
-0.177466 0.245104 0.081386 3
0.270696 0.391899 -0.036305 4
-0.154390 0.090503 0.026173 0
0.096089 0.245487 -0.131862 4
0.137344 -0.410441 0.113849 1
0.140877 0.286623 -0.171939 4
0.073914 0.236784 -0.162125 4
-0.130926 -0.435875 -0.034755 2
-0.083407 -0.455290 -0.179735 2
0.102154 0.209909 -0.075437 4
-0.034520 -0.434427 -0.068764 2
-0.002031 -0.285623 0.042215 0
-0.083906 -0.002142 -0.218357 5
0.069762 0.122478 -0.039381 0
-0.352689 0.260259 0.140994 3
-0.173790 0.159562 0.051054 3
-0.058875 -0.175150 0.049703 0
-0.244349 0.226867 0.077360 3
-0.031579 -0.465611 -0.019592 2
0.026009 -0.848624 0.111341 0
0.254834 0.373398 -0.132499 4
-0.037783 -0.155745 0.039666 0
0.033746 -0.094054 -0.014224 0
-0.346469 0.299114 0.158764 3
0.035866 -0.932419 0.118842 0
-0.186534 0.127842 0.017093 3
0.262975 0.401589 0.002222 4
0.305148 0.392572 -0.153511 4
-0.043355 -0.442506 -0.023514 2
0.171394 0.303173 -0.209057 4
-0.038370 0.001557 -0.229553 5
0.013288 -0.372723 0.062653 0
-0.070131 0.011916 -0.122145 5
-0.070644 0.003443 -0.093452 5
-0.007987 0.012594 -0.144118 5
-0.350744 0.223218 0.118471 3
0.025425 -0.887980 0.131791 0
0.024166 -0.553195 0.076373 0
0.231547 0.362868 -0.058023 4
0.028558 -0.756834 0.116773 0
-0.341612 0.243268 0.130088 3
-0.104174 -0.031096 -0.253744 5
0.065963 0.221990 -0.105187 4
0.216008 0.345805 -0.169144 4
-0.086348 -0.430316 -0.013142 2
-0.074587 -0.446021 -0.153545 2
0.049119 -0.010344 -0.030023 0
0.116067 0.266115 -0.214382 4
-0.237827 0.273541 0.229558 3
-0.027582 -0.193903 0.044081 0
-0.247530 0.246473 0.116273 3
-0.242943 0.269074 0.147960 3
0.009067 -0.482972 0.039212 0
-0.020878 -0.436748 -0.034910 2
-0.094108 0.022830 -0.123044 5
0.146973 -0.373057 0.187402 1
0.196526 -0.366837 0.149303 1
0.192182 -0.382136 0.106443 1
-0.315513 0.220982 0.099830 3
0.249230 0.365157 -0.174321 4
0.315041 0.397591 -0.112592 4
-0.152435 0.276312 0.158983 3
0.106310 -0.443441 0.106972 1
0.015208 -0.354018 0.040878 0
-0.019314 0.018773 -0.205576 5
0.224265 0.347765 -0.124078 4
0.060230 -0.075772 -0.003625 0
-0.204384 0.157890 0.021098 3
0.037580 -0.114529 -0.006700 0
-0.306202 0.262456 0.139267 3
0.011240 -0.740509 0.120141 0
0.082367 -0.473673 0.112234 0
-0.170134 -0.408969 -0.156507 2
0.017752 -0.445393 0.077279 0
0.015914 -0.248962 0.017636 0
-0.310323 0.241982 0.113154 3
-0.269608 0.183664 0.034834 3
-0.013728 -0.020260 -0.077122 5
-0.060613 -0.437958 -0.111924 2
0.259426 0.373203 -0.080516 4
-0.145481 -0.434555 -0.050979 2
-0.169727 -0.420163 -0.083920 2
-0.095334 0.038187 -0.092384 5
0.181250 0.325641 -0.143681 4
0.023379 -0.524391 0.082906 0
0.116795 0.264690 -0.162588 4
-0.061674 -0.435069 -0.039710 2
-0.251123 0.296462 0.252498 3
-0.081812 -0.071529 0.030194 0
-0.134002 -0.413735 -0.127532 2
-0.033664 -0.051206 -0.071599 0
0.179182 0.347871 0.038424 4
0.003123 -0.207654 0.008140 0
-0.228562 0.167503 0.013919 3
0.225434 0.368669 -0.018966 4
0.177344 -0.356852 0.232734 1
0.100209 0.197706 -0.045707 4
-0.277562 0.285710 0.159130 3
-0.102005 -0.443067 -0.186495 2
-0.204356 0.234012 0.082235 3
-0.052835 -0.449484 -0.149133 2
-0.082649 0.010469 -0.171860 5
0.270682 -0.354542 0.185645 1
-0.281690 0.264806 0.130192 3
0.023807 -0.143297 0.008819 0
-0.226119 0.241065 0.109310 3
0.022492 -0.477037 0.078827 0
-0.271898 0.172929 0.005742 3
-0.074119 -0.421855 0.004498 2
-0.010403 -0.121886 -0.022969 0
-0.287322 0.208679 0.072184 3
0.120067 0.288629 0.027105 4
0.244612 -0.356094 0.160572 1
0.003128 -0.503002 0.064158 0
0.044388 -0.051292 -0.020886 0
0.093695 0.248390 -0.190545 4
0.142304 0.313728 0.059114 4
0.121364 -0.400323 0.156767 1
0.222084 0.381626 0.014592 4
-0.311412 0.195046 0.055066 3
0.273737 0.382324 -0.130355 4
-0.336651 0.182208 0.041755 3
-0.159468 0.120334 0.035877 3
0.204123 0.331075 -0.211856 4
0.036084 -0.633388 0.104314 0
0.164228 0.305114 -0.061015 4
-0.011444 -0.218278 0.034951 0
0.086256 -0.466000 0.091162 0
-0.141344 -0.423678 -0.184855 2
-0.323181 0.331992 0.180066 3
-0.198494 0.261235 0.156058 3
-0.120206 -0.430611 0.012102 2
0.019828 -0.969028 0.106863 0
0.008340 -0.267993 0.041230 0
0.068408 -0.489809 0.106868 0
0.017230 -0.929430 0.111190 0
0.022163 -0.214865 0.022544 0
-0.118122 0.042872 0.034702 0
-0.333784 0.283575 0.143355 3
-0.283986 0.236368 0.111343 3
0.058274 -0.028480 -0.024929 0
0.078809 0.143121 -0.043760 0
-0.137544 0.258600 0.068181 3
0.227711 -0.354065 0.172844 1
0.313613 0.400561 -0.081374 4
-0.000634 0.017070 -0.103234 5
0.247878 0.371276 -0.097115 4
-0.215104 0.218098 0.073218 3
-0.007485 -0.493377 0.033722 0
0.118432 0.267514 -0.008298 4
-0.258687 0.281406 0.208478 3
0.225170 -0.363268 0.135347 1
-0.089909 -0.058218 0.045230 0
0.081503 0.106474 -0.035480 0
0.195989 -0.358133 0.196290 1
0.056407 -0.122188 0.001583 0
0.193278 0.345407 -0.043448 4
-0.264667 0.204992 0.054430 3
0.014033 -0.292970 0.030520 0
-0.280126 0.300300 0.228872 3
0.083358 0.170490 -0.077508 4
0.153043 -0.385994 0.146991 1
0.121539 -0.385633 0.194223 1
0.045663 -0.515742 0.089632 0
0.062175 0.032129 -0.024139 0
-0.295068 0.169057 0.005691 3
0.121400 0.301071 0.055673 4
0.229678 0.358327 -0.094361 4
-0.241814 0.181621 0.031898 3
-0.198607 0.169268 0.042251 3
0.014144 -0.986396 0.092143 0
-0.046201 0.009742 -0.179199 5
-0.080828 0.036549 -0.079293 5
0.079263 0.238616 -0.143391 4
0.074572 0.234608 -0.012345 4
-0.013593 -0.055261 -0.053354 0
0.253394 0.383643 -0.039930 4
0.091345 0.225488 -0.100866 4
0.027086 -0.433898 0.054589 0
0.120442 -0.374821 0.227458 1
0.025542 -0.374231 0.040597 0
-0.155312 0.280122 0.123903 3
0.022395 -0.668717 0.107569 0
-0.146030 -0.444211 -0.014943 2
0.177389 0.324196 -0.122451 4
-0.181280 0.260742 0.104833 3
-0.186562 -0.412918 -0.119235 2
-0.132395 0.086179 0.041499 0
0.165865 0.328938 0.038744 4
0.038084 -0.838463 0.129566 0
-0.058711 -0.126037 0.038592 0
-0.328204 0.307361 0.160667 3
-0.022400 -0.222571 0.050097 0
0.018890 -0.603133 0.103355 0
-0.126104 -0.427441 -0.071461 2
0.117675 0.222454 -0.060709 4
0.013890 -0.413204 0.047015 0
-0.163232 -0.404670 -0.136511 2
0.035997 -0.700119 0.101572 0
-0.007717 -0.465365 0.009702 0
0.010228 -0.520999 0.056713 0
0.096099 -0.401253 0.170072 1
-0.316322 0.248803 0.130539 3
-0.172127 0.182973 0.054433 3
-0.327557 0.173418 0.027877 3
-0.165924 -0.437970 -0.047204 2
-0.020961 -0.435019 -0.081658 2
-0.006226 -0.472689 0.027591 0
-0.051702 -0.432893 -0.075974 2
-0.146302 0.060018 0.020035 0
0.132062 0.274407 -0.033995 4
-0.191415 0.198347 0.057050 3
-0.149487 0.272300 0.099149 3
0.067264 0.019422 -0.036787 0
0.174383 -0.363475 0.194950 1
-0.343443 0.213796 0.104179 3
0.131630 0.290819 0.012325 4
-0.006363 -0.133730 -0.009230 0
0.032530 -0.584796 0.087406 0
0.272642 0.373377 -0.173302 4
-0.120540 0.065504 0.032970 0
0.156107 -0.364626 0.226632 1
0.241439 -0.350728 0.198838 1
-0.095052 -0.040886 -0.266465 5
0.032189 -0.722351 0.104119 0
0.117351 0.238729 -0.086021 4
0.077110 0.163150 -0.041561 0
-0.190411 0.261425 0.197095 3
-0.314350 0.278869 0.140364 3
-0.028344 -0.091836 -0.041460 0
-0.200668 0.269002 0.212272 3
-0.090273 -0.050225 0.028446 0
-0.136822 0.020657 -0.178477 5
0.150683 0.301867 -0.046518 4
0.105258 0.271377 0.019656 4
-0.257853 0.273328 0.183712 3
-0.045641 -0.022478 -0.099328 5
0.062659 0.001814 -0.028890 0
0.197377 0.334125 -0.107749 4
0.030009 -0.337068 0.051318 0
-0.049045 -0.444010 -0.127242 2
0.019712 -0.464074 0.066423 0
0.173653 0.327832 -0.036625 4
-0.097423 -0.430384 -0.058773 2
0.063804 0.086911 -0.043676 0
-0.210554 0.270503 0.234844 3
0.264178 -0.358420 0.168857 1
0.231445 0.356194 -0.166133 4
0.256027 0.362991 -0.197695 4
-0.281956 0.300895 0.193578 3
-0.148142 0.160683 0.045535 3
-0.296823 0.290167 0.158199 3
-0.103678 0.011841 -0.183040 5
-0.274758 0.269704 0.146130 3
0.222594 0.346020 -0.197621 4
0.287199 0.384898 -0.105201 4
-0.112229 -0.434389 -0.003627 2
-0.221387 0.263352 0.133468 3
-0.209888 0.263151 0.172221 3
0.058839 0.051934 -0.038908 0
-0.148878 0.191665 0.040478 3
0.210946 -0.351593 0.254091 1
0.033885 -0.156099 -0.002651 0
0.026358 -0.384814 0.064679 0
0.257106 -0.349837 0.230279 1
0.051232 0.095976 -0.053574 0
0.009385 -0.317388 0.053580 0
0.074893 -0.025730 -0.009777 0
0.031311 -0.495088 0.074294 0
-0.325121 0.204550 0.071923 3
-0.107910 -0.425883 -0.074171 2
0.208009 0.341607 -0.120039 4
0.100886 0.235927 -0.111656 4
0.269048 0.402197 -0.016757 4
0.032982 -0.796892 0.121322 0
-0.006352 0.027884 -0.185744 5
-0.234515 0.270379 0.210811 3
-0.245284 0.280662 0.247023 3
0.194810 -0.353209 0.230817 1
-0.007048 -0.169818 -0.006583 0
-0.099079 -0.431343 -0.145739 2
0.097362 0.269939 0.040638 4
0.171496 -0.383657 0.118236 1
0.137683 -0.392619 0.152597 1
0.015953 -0.863067 0.112523 0
0.197661 0.332319 -0.144885 4
-0.118083 0.019572 -0.171064 5
0.112722 -0.411325 0.146075 1
0.033485 -0.184891 0.016314 0
-0.120573 -0.001180 -0.202951 5
-0.165862 -0.412454 -0.101074 2
-0.015724 -0.443639 -0.112898 2
0.179183 0.336702 -0.004939 4
0.140481 0.301632 0.022973 4
-0.102109 0.009269 0.034843 0
0.287321 0.393689 -0.049549 4
0.055812 -0.491849 0.094345 0
0.122751 -0.415941 0.125936 1
0.159466 0.319239 -0.025284 4
-0.018772 -0.450463 -0.136806 2
0.133245 0.249354 -0.057709 4
0.084396 0.047980 -0.030463 0
0.089831 -0.447126 0.121852 0
0.243137 0.380090 -0.022137 4
-0.017556 -0.235795 0.027930 0
-0.053250 -0.009058 -0.240240 5
-0.213479 0.257428 0.109063 3
0.035025 -0.676805 0.098587 0
-0.365957 0.229587 0.113240 3
0.170584 -0.391140 0.084499 1
0.080902 0.195946 -0.082619 4
-0.207681 0.191055 0.053278 3
-0.061621 0.015734 -0.085372 5
0.101083 0.170963 -0.051476 4
-0.114595 -0.430474 -0.169705 2
0.012336 0.033319 -0.156663 5
0.023948 -0.273102 0.033966 0
0.152359 0.306221 -0.009269 4
0.142706 -0.398747 0.125706 1
-0.030775 0.012798 -0.216794 5
-0.107651 0.033261 -0.122365 5
-0.028692 -0.018281 -0.085164 5
0.147860 0.278282 -0.063851 4
-0.070365 -0.006959 -0.231979 5
-0.101694 -0.014144 -0.233172 5
-0.243766 0.262438 0.127695 3
-0.023729 0.001258 -0.240618 5
-0.003316 0.025195 -0.215580 5
-0.170415 0.143519 0.046338 3
-0.071011 0.010257 -0.149626 5
0.216263 0.355984 -0.045894 4
-0.116983 0.004453 0.023270 0
-0.129517 0.029704 0.040016 0
0.009603 -0.298977 0.052774 0
0.032978 -0.522834 0.098416 0
0.009475 -0.373837 0.046073 0
0.246948 0.396225 0.000657 4
0.224358 -0.349991 0.231201 1
-0.246261 0.208874 0.054857 3
0.157267 0.316835 0.004236 4
-0.022902 -0.000510 -0.111595 5
0.189162 0.321736 -0.076401 4
0.019520 -0.311139 0.034349 0
0.151239 -0.397012 0.110377 1
0.002991 0.015226 -0.131173 5
-0.160352 0.274292 0.144210 3
-0.058144 -0.426803 -0.003873 2
-0.315633 0.210721 0.085920 3
-0.295427 0.186412 0.041571 3
-0.182601 0.266986 0.131924 3
-0.172754 0.262907 0.197791 3
0.026137 -0.895428 0.113267 0
-0.237330 0.229570 0.094663 3
0.155032 0.294205 -0.093109 4
0.007898 -0.498184 0.048690 0
-0.003602 -0.434893 -0.078273 2
-0.048759 -0.006203 -0.094280 5
0.166239 0.325858 0.015570 4
0.208109 0.369112 0.040529 4
-0.219963 0.161986 -0.002833 3
-0.030688 -0.445436 0.003873 2
0.065411 0.228659 -0.126067 4
0.079163 0.121826 -0.054358 0
-0.309791 0.301487 0.162161 3
0.021952 -0.355323 0.060971 0
0.137640 0.264530 -0.082508 4
0.126304 0.273656 -0.172890 4
-0.172028 0.263546 0.168236 3
-0.117464 0.027614 -0.155529 5
-0.281525 0.317782 0.229325 3
0.032527 -0.560872 0.089165 0
0.160430 -0.371669 0.177734 1
0.202769 0.352417 -0.016737 4
0.297368 0.387728 -0.139302 4
0.048013 -0.157387 0.005964 0
0.147596 0.287074 -0.187812 4
0.116355 0.265457 -0.197819 4
0.031230 -0.811739 0.109428 0
-0.197972 0.213104 0.079861 3
0.009643 -0.471550 0.051142 0
0.153092 0.302157 -0.120877 4
0.102642 0.216253 -0.048018 4
-0.043217 -0.132898 0.040363 0
0.035639 -0.834044 0.110966 0
0.006341 -0.256712 0.029392 0
0.329744 0.403525 -0.082851 4
-0.152272 -0.416814 -0.092792 2
0.136465 0.292743 -0.004505 4
-0.088606 -0.019328 0.036990 0
-0.099670 0.021575 -0.146637 5
-0.217375 0.243690 0.095685 3
-0.151054 0.222149 0.053476 3
-0.158633 -0.429813 -0.061924 2
0.151453 0.301622 -0.137284 4
-0.024736 -0.478367 0.003503 2
0.194484 0.323407 -0.201072 4
0.132677 -0.382710 0.182642 1
-0.045799 -0.012337 -0.112127 5
-0.045652 0.006889 -0.155641 5
0.175872 -0.360741 0.248636 1
-0.197142 0.262173 0.113474 3
0.177433 0.312670 -0.196430 4
0.114392 0.222215 -0.078014 4
0.018315 -0.594866 0.089344 0
0.016739 -0.232383 0.025987 0
0.193610 0.355850 0.042602 4
0.229304 0.358252 -0.135782 4
-0.258997 0.269575 0.150460 3
-0.130203 -0.020428 -0.227304 5
0.064287 -0.062706 -0.012389 0
0.005769 -0.192547 0.013444 0
-0.044772 -0.447952 -0.006779 2
-0.231127 0.267785 0.193669 3
-0.031230 -0.031161 -0.069595 5
0.311215 0.397742 -0.057225 4
-0.020381 0.015277 -0.158684 5
0.228412 0.392231 0.025051 4
-0.041742 -0.459154 -0.159377 2
-0.118356 -0.038790 -0.254281 5
-0.220158 0.200706 0.062002 3
-0.100233 -0.433325 -0.040476 2
-0.080566 -0.439068 -0.139447 2
-0.148508 0.235254 0.065176 3
0.004275 0.022577 -0.147792 5
0.012013 -0.438204 0.063272 0
0.183081 0.323487 -0.166680 4
-0.248480 0.168605 0.002180 3
0.105570 -0.444613 0.123804 1
0.026622 -0.618590 0.089810 0
0.209642 0.372888 0.025046 4
0.139551 0.281989 -0.205583 4
0.023944 -0.541826 0.098830 0
-0.197585 0.140684 0.010239 3
0.146853 0.291846 -0.110415 4
0.038894 -0.743914 0.103054 0
0.004303 -0.118423 -0.017857 0
-0.304357 0.167313 0.022184 3
-0.124050 -0.437047 -0.013945 2
0.171159 -0.379711 0.133648 1
-0.354514 0.209867 0.092232 3
0.162701 0.308646 -0.149125 4
-0.127638 -0.414893 -0.145292 2
-0.163070 0.157855 0.039475 3
-0.160166 0.193247 0.051500 3
-0.132303 -0.420473 -0.092126 2
-0.133377 0.051514 0.033130 0
-0.257697 0.259088 0.117969 3
0.226317 -0.348670 0.215548 1
-0.021574 -0.067939 -0.039939 0
0.102303 0.195469 -0.062899 4
-0.285852 0.314526 0.204769 3
0.132567 0.277063 -0.131235 4
-0.021459 0.008170 -0.137143 5
0.023163 -0.852544 0.126350 0
0.257595 -0.351518 0.198890 1
0.009246 -0.340585 0.035183 0
0.146463 0.277525 -0.083735 4
0.146283 0.315552 0.040183 4
0.196179 0.336869 -0.068283 4
-0.115933 -0.433070 -0.039837 2
0.170507 0.315508 -0.108218 4
-0.115007 -0.012726 -0.224999 5
0.045775 -0.085715 -0.008609 0
-0.062431 -0.095606 0.041051 0
0.117381 0.249142 -0.041233 4
-0.329821 0.227571 0.100637 3
-0.154898 -0.407926 -0.162139 2
-0.265065 0.227015 0.078503 3
0.286295 0.386852 -0.074223 4
0.132249 0.265833 -0.104259 4
0.118799 0.237541 -0.054093 4
0.160039 0.300817 -0.166729 4
0.025668 -0.245829 0.029403 0
-0.210779 0.179756 0.042988 3
-0.074609 0.002207 -0.206625 5
0.007967 0.036989 -0.187905 5
0.120921 0.292636 0.042595 4
0.204344 -0.367764 0.135871 1
-0.108278 -0.020010 0.025234 0
0.201575 -0.378918 0.087152 1
0.206367 0.331453 -0.175375 4
0.287436 0.397581 -0.034500 4
0.094031 -0.452473 0.103955 0
0.240814 -0.350197 0.237249 1
0.188080 -0.365949 0.165031 1
-0.129862 -0.432212 -0.050804 2
0.079350 0.222544 -0.020846 4
0.329606 0.400329 -0.117152 4
0.073822 0.070753 -0.032457 0
0.092466 0.182982 -0.057090 4
0.027059 -0.181265 0.002704 0
-0.230158 0.221334 0.074576 3
0.122174 0.262684 -0.029479 4
0.107567 0.239402 -0.032358 4
0.174676 0.317179 -0.061540 4
-0.247963 0.212348 0.070028 3
-0.165443 0.235902 0.078605 3
-0.239855 0.246697 0.102933 3
-0.193500 0.243285 0.087970 3
0.021219 -0.834508 0.116293 0
0.210813 -0.353456 0.237603 1
-0.019870 -0.436441 -0.050242 2
0.092245 0.245359 -0.011610 4
0.140895 0.286945 -0.032301 4
0.025941 -0.774182 0.120396 0
-0.053057 0.005887 -0.205751 5
0.102953 0.253746 -0.144676 4
-0.073969 0.025300 -0.087100 5
-0.283623 0.226627 0.081023 3
-0.150640 0.074378 0.022888 0
0.004275 -0.492177 0.024058 0
0.108786 0.267089 0.003522 4
-0.148134 -0.408034 -0.127965 2
0.314903 0.399294 -0.097453 4
0.234472 -0.358606 0.148891 1
0.206953 -0.379099 0.108462 1
-0.157739 0.104255 0.031750 3
-0.012485 -0.246123 0.047325 0
-0.296534 0.230230 0.105384 3
-0.089170 -0.025668 -0.248516 5
0.213184 0.339978 -0.089470 4
-0.328920 0.318387 0.176635 3
0.014735 -0.786764 0.103644 0
0.243536 0.351231 -0.193897 4
-0.023310 0.019701 -0.188496 5
-0.263898 0.299303 0.244962 3
0.221616 0.367199 -0.033495 4
-0.105996 -0.426144 -0.104640 2
0.275297 0.382557 -0.160606 4
-0.341632 0.270445 0.140080 3
-0.048420 -0.434002 -0.061324 2
0.134470 0.272252 -0.052940 4
0.148422 0.292716 -0.059626 4
-0.071165 -0.065838 0.039177 0
0.200309 0.363655 0.013908 4
-0.080888 -0.436613 -0.121418 2
0.015182 -0.657184 0.096779 0
0.175700 0.309140 -0.176451 4
0.023770 -0.578224 0.098113 0
-0.101624 0.025971 -0.110452 5
0.127857 0.250269 -0.077038 4
0.072650 0.058753 -0.042247 0
-0.003219 -0.264796 0.050290 0
-0.082693 -0.432711 -0.059967 2
0.263766 0.380764 -0.094455 4
0.168059 0.339022 0.049566 4
-0.010089 0.005205 -0.101374 5
-0.271198 0.241976 0.101061 3
0.085607 0.254823 0.011779 4
0.037735 -0.500377 0.086703 0
0.084608 0.246195 -0.176957 4
-0.278473 0.248593 0.124766 3
-0.350966 0.193949 0.065480 3
-0.300021 0.310204 0.177936 3
-0.264903 0.282415 0.221965 3
-0.029534 -0.439220 -0.102940 2
-0.180270 0.134706 0.028705 3
-0.183272 0.170591 0.046559 3
-0.046027 -0.440790 -0.111773 2
0.098389 0.253822 -0.173681 4
-0.083965 0.012783 -0.156383 5
0.170125 0.329981 -0.022302 4
0.095679 0.197309 -0.082352 4
0.010803 -0.328165 0.043060 0
-0.341182 0.238992 0.115566 3
0.223959 0.371832 -0.004599 4
0.255509 -0.350496 0.213491 1
0.211381 0.364411 -0.016016 4
0.035271 -0.983362 0.098453 0
-0.324326 0.244184 0.118611 3
0.188929 -0.362896 0.182332 1
-0.134519 0.002286 -0.199721 5
-0.119934 -0.417694 -0.129261 2
0.228574 0.356894 -0.110881 4
0.243087 0.361741 -0.130835 4
0.021643 -0.407372 0.062778 0
0.177893 0.308056 -0.221301 4
0.114799 0.237572 -0.100442 4
-0.159536 0.207132 0.056256 3
0.186781 0.351086 0.015549 4
-0.082154 -0.430296 -0.089621 2
-0.081782 -0.087154 0.031306 0
-0.177577 0.230278 0.072639 3
-0.305372 0.324826 0.181793 3
0.108032 -0.389106 0.200030 1
0.031287 -0.921349 0.110464 0
-0.123523 0.029673 0.022367 0
0.082483 0.152681 -0.068069 4
-0.070395 0.014443 -0.107804 5
0.009764 -0.552561 0.073884 0
0.128788 -0.391393 0.166009 1
0.144644 0.287548 -0.218029 4
0.253984 0.368407 -0.118875 4
0.143177 0.290630 -0.141903 4
0.298471 0.393402 -0.108952 4
-0.364608 0.255691 0.134017 3
0.033829 -0.966087 0.104599 0
0.015766 -0.963899 0.093941 0
-0.240711 0.173801 0.019761 3
-0.024083 -0.002581 -0.091268 5
-0.172110 0.120467 0.028850 3
0.224338 -0.376959 0.104630 1
0.022971 -0.878550 0.112007 0
0.025145 -0.943055 0.118954 0
-0.154194 0.261600 0.086862 3
-0.268286 0.193736 0.045075 3
0.246561 0.359445 -0.160859 4
-0.343552 0.203851 0.078997 3
-0.181104 0.259969 0.186240 3
-0.209056 0.220004 0.086113 3
-0.192580 0.263875 0.142892 3
-0.055444 0.003024 -0.123518 5
0.237757 0.375231 -0.051619 4
-0.079185 -0.431069 -0.028143 2
-0.040608 0.003037 -0.140948 5
0.093493 0.221465 -0.033646 4
-0.076251 -0.449757 -0.168616 2
0.211334 0.334621 -0.160121 4
-0.082986 0.015602 -0.128691 5
0.024846 -0.708938 0.120796 0
0.106094 0.254774 -0.201985 4
0.217514 0.360146 -0.059495 4
-0.332995 0.295614 0.150984 3
-0.018289 -0.206330 0.038690 0
-0.270648 0.171303 -0.010696 3
-0.014629 -0.106419 -0.019099 0
-0.353471 0.241275 0.122397 3
-0.162211 0.270682 0.105316 3
-0.141736 0.249652 0.078464 3
0.265548 0.390537 -0.049450 4
-0.025133 -0.458538 -0.006891 2
0.052898 -0.525499 0.096937 0
0.023333 -0.447740 0.064467 0
0.169505 0.300361 -0.195299 4
-0.269250 0.286345 0.171562 3
0.045537 -0.101079 -0.017680 0
-0.179438 0.198960 0.064559 3
-0.318304 0.267757 0.132569 3
-0.197409 0.210619 0.065772 3
-0.038092 -0.192514 0.034748 0
-0.275274 0.202215 0.063330 3
-0.238246 0.193248 0.050928 3
0.019724 -0.364668 0.049238 0
0.063313 -0.087561 -0.010717 0
-0.198416 0.154924 0.005943 3
-0.018955 -0.484564 0.027305 0
0.215118 0.342483 -0.182807 4
0.269101 0.373850 -0.140602 4
0.019299 -0.537347 0.079283 0
0.025555 -0.638690 0.091666 0
-0.296913 0.327523 0.204772 3
0.039938 -0.122791 0.004405 0
0.032067 -0.470511 0.068524 0
0.243711 -0.366392 0.118577 1
0.024157 -0.730131 0.113184 0
0.106685 -0.406266 0.157684 1
-0.167699 0.254785 0.084007 3
0.277152 0.378785 -0.114970 4
0.165504 -0.374044 0.164912 1
0.120856 0.252731 -0.104839 4
-0.083864 0.016052 -0.114393 5
0.070701 0.210701 -0.093961 4
0.032001 -0.767337 0.107536 0
-0.308601 0.178978 0.028605 3
-0.236368 0.266954 0.160108 3
-0.103924 0.005921 -0.195696 5
0.111356 -0.429475 0.120554 1
-0.214879 0.159574 0.012070 3
-0.075315 0.005849 -0.186233 5
0.187260 0.327146 -0.089108 4
0.075238 0.092102 -0.049687 0
0.167398 -0.361302 0.216549 1
0.209295 -0.356314 0.185357 1
0.022629 -0.867004 0.127703 0
-0.010641 -0.148849 -0.008577 0
0.308353 0.395821 -0.127045 4
-0.252792 0.275947 0.219923 3
-0.030426 -0.447373 -0.024357 2
-0.184913 0.252828 0.094076 3
0.127321 0.273611 -0.210286 4
0.206944 0.343692 -0.073674 4
0.309572 0.400166 -0.142829 4
0.224843 -0.371375 0.121010 1
-0.137424 0.280301 0.097283 3
-0.119573 -0.422444 -0.159657 2
-0.295829 0.199366 0.064374 3
0.013469 -0.945372 0.104210 0
0.222385 0.341922 -0.156352 4
0.220685 -0.372090 0.092280 1
-0.189569 0.234030 0.078572 3
0.017950 -0.497229 0.071786 0
-0.129146 -0.416780 -0.113626 2
0.018970 -0.421341 0.056944 0
-0.014235 0.018043 -0.219847 5
0.070689 0.074829 -0.047400 0
0.235615 0.386763 0.009052 4
0.093556 0.213575 -0.089349 4
0.176369 0.322327 -0.048832 4
-0.275461 0.178807 0.019844 3
-0.292746 0.264623 0.140049 3
-0.075598 -0.435001 -0.107381 2
0.195722 0.344463 -0.029419 4
-0.285464 0.310740 0.218369 3
-0.093841 -0.431812 -0.024820 2
0.118629 0.257130 -0.123177 4
0.032259 -0.203445 0.022128 0
0.018732 -0.263868 0.025256 0
0.020076 -0.563533 0.084459 0
0.272428 0.381079 -0.077138 4
-0.095581 -0.429679 -0.091390 2
0.205029 -0.351738 0.209539 1
-0.005926 -0.272587 0.035131 0
-0.139942 0.247260 0.056716 3
-0.182339 -0.423605 -0.080441 2
-0.074811 -0.430735 -0.072983 2
0.137604 0.283235 -0.116071 4
-0.224471 0.263973 0.182013 3
0.140040 0.297631 -0.017559 4
-0.071961 -0.432214 -0.003854 2
0.069519 0.116749 -0.062289 0
-0.002417 -0.442656 -0.111015 2
-0.147127 0.086544 0.036799 0
-0.016532 -0.096629 -0.045779 0
-0.147488 0.115246 0.039261 3
-0.223718 0.271973 0.232553 3
-0.146971 -0.415977 -0.172661 2
0.126915 0.280044 -0.007068 4
0.048772 -0.172281 0.009296 0
0.034700 -0.512101 0.080890 0
-0.108224 -0.423607 -0.126376 2
0.195084 0.328102 -0.186944 4
0.190487 0.346312 -0.015422 4
0.236218 0.348344 -0.207358 4
-0.282427 0.189622 0.041933 3
-0.089528 -0.045366 0.041486 0
0.080442 0.215185 -0.105576 4
0.035818 -0.854869 0.118476 0
0.021239 -0.922323 0.121790 0
0.045958 -0.124839 -0.008136 0
0.006728 -0.241240 0.023512 0
0.021435 -0.513291 0.075727 0
-0.039280 -0.433188 -0.084104 2
0.107226 0.210133 -0.063097 4
0.213308 0.338581 -0.203654 4
0.143435 -0.372510 0.216599 1
0.060708 0.233525 -0.153173 4
0.168045 0.295402 -0.220480 4
0.034772 -0.408138 0.074425 0
0.160469 -0.368357 0.190617 1
-0.088618 -0.438839 -0.150032 2
0.048936 -0.037836 -0.023462 0
0.091265 0.149296 -0.048981 4
-0.126413 0.035452 -0.146167 5
-0.140346 0.011996 -0.187887 5
0.051154 -0.064293 -0.025537 0
-0.165395 0.097179 0.022971 0
0.147289 -0.393095 0.137383 1
-0.013504 -0.093712 -0.031054 0
-0.297771 0.217350 0.084372 3
-0.342374 0.312187 0.159511 3
-0.310040 0.232911 0.098088 3
0.258287 0.375261 -0.170000 4
-0.211340 0.265379 0.141841 3
-0.144023 0.215435 0.040379 3
0.259381 -0.360703 0.141307 1
0.183894 0.355818 0.052237 4
0.229350 0.360743 -0.045192 4
-0.156890 0.265547 0.173619 3
0.128972 0.299925 0.031073 4
0.184355 0.331682 -0.044149 4
-0.253654 0.225032 0.086477 3
0.154624 -0.391722 0.092007 1
-0.101616 0.031284 -0.133885 5
-0.267273 0.254695 0.127937 3
0.158587 0.294001 -0.191686 4
-0.077506 -0.022442 -0.253613 5
-0.004070 -0.298580 0.042623 0
0.026325 -0.990939 0.090400 0
-0.269683 0.287296 0.200966 3
0.068906 0.103753 -0.042851 0
-0.256395 0.239923 0.107819 3
-0.148033 -0.410287 -0.115051 2
0.074346 -0.036215 -0.017570 0
-0.034948 0.014152 -0.185619 5
-0.055055 0.020158 -0.074980 5
-0.216619 0.265147 0.201425 3
0.168106 0.306661 -0.093047 4
-0.027546 -0.057857 -0.060991 0
0.026082 -0.753970 0.104313 0
-0.341881 0.206641 0.092263 3
0.092155 0.246575 -0.145794 4
-0.068012 0.007263 -0.137333 5
-0.050402 -0.438549 -0.034244 2
-0.198281 0.158334 0.035228 3
-0.088143 0.027426 -0.091203 5
-0.233646 0.246814 0.118208 3
-0.120305 0.033760 -0.119480 5
0.032533 -0.226752 0.020522 0
0.105504 0.258081 -0.163690 4
0.082982 0.120967 -0.041985 0
-0.229633 0.262534 0.146111 3
0.061780 0.067154 -0.038476 0
-0.163890 0.237662 0.065862 3
-0.324323 0.272127 0.145157 3
0.015368 -0.209812 0.011754 0
-0.012900 -0.230232 0.045782 0
0.125617 0.268370 -0.137814 4
0.030724 -0.544801 0.088243 0
0.214795 -0.356884 0.171313 1
0.236730 -0.365316 0.129382 1
0.106188 -0.399712 0.177949 1
-0.107399 -0.428676 -0.155213 2
-0.049008 -0.153321 0.045514 0
0.233668 -0.352461 0.188722 1
0.062272 0.016350 -0.018871 0
0.004346 -0.349468 0.046040 0
0.288410 0.390435 -0.087979 4
0.293784 0.393762 -0.159362 4
0.025412 -0.691094 0.106273 0
-0.038042 -0.447058 -0.133074 2
-0.164302 0.271130 0.155989 3
-0.310464 0.224356 0.085567 3
-0.019937 -0.078428 -0.048995 0
0.164684 0.313546 -0.119448 4
-0.014596 -0.457675 0.000324 0
-0.010443 -0.068502 -0.046230 0
-0.095572 0.014856 -0.172353 5
0.079814 0.145273 -0.057001 0
-0.000959 -0.255720 0.041590 0
0.026696 -0.436753 0.070035 0
-0.310849 0.290872 0.150065 3
-0.109561 -0.433372 -0.189921 2
0.018441 -0.490138 0.082379 0
-0.042373 -0.166527 0.044688 0
0.017719 -0.528069 0.070687 0
-0.341845 0.226833 0.104744 3
-0.045276 -0.179596 0.046466 0
-0.070821 -0.432754 -0.048241 2
0.246846 0.368040 -0.144553 4
0.022706 -0.785678 0.113487 0
0.077577 0.234634 -0.131441 4
0.242022 0.360478 -0.183676 4
0.287059 0.389462 -0.061507 4
0.026004 -0.289978 0.033462 0
-0.329775 0.247787 0.130420 3
0.145868 -0.370976 0.201612 1
0.237466 0.371117 -0.065541 4
0.209659 0.340716 -0.135682 4
0.099218 0.262588 0.010392 4
-0.138575 0.220616 0.052559 3
-0.195932 0.223466 0.086725 3
0.022167 -0.299587 0.053381 0
-0.111346 0.027375 0.034813 0
-0.307043 0.253211 0.123272 3
-0.120367 -0.006596 -0.214306 5
0.073849 -0.464446 0.112491 0
0.074367 0.026318 -0.029062 0
0.269070 0.373221 -0.123073 4
-0.177217 -0.409964 -0.111386 2
0.250435 0.371411 -0.071002 4
0.138616 0.250797 -0.070587 4
0.020069 -0.325398 0.051065 0
-0.027246 0.009974 -0.228505 5
0.022220 -0.259114 0.013799 0
0.177722 0.318348 -0.093898 4
0.110978 0.278997 0.027818 4
-0.056016 0.005764 -0.148671 5
-0.344564 0.284750 0.149651 3
0.086030 0.192110 -0.041842 4
-0.022498 0.002353 -0.123794 5
0.087991 0.169921 -0.064090 4
0.172252 0.318216 -0.137393 4
-0.223329 0.217022 0.084129 3
0.211953 -0.363237 0.146245 1
0.183078 0.339600 0.006581 4
-0.221631 0.265195 0.167991 3
-0.257274 0.276842 0.196955 3
0.011797 -0.477283 0.065184 0
0.020174 -0.814280 0.114593 0
0.006341 0.033084 -0.174573 5
-0.151749 0.279206 0.111674 3
-0.047232 -0.007902 -0.125696 5
-0.106226 -0.428883 0.010289 2
-0.024474 -0.030889 -0.080030 5
-0.213936 0.165656 0.026510 3
-0.032854 -0.181774 0.043301 0
-0.038230 0.011499 -0.169088 5
-0.054088 -0.436024 -0.101476 2
0.207140 0.348993 -0.041312 4
-0.275553 0.220102 0.071629 3
-0.179877 0.191886 0.050757 3
-0.302042 0.272363 0.145799 3
0.024129 -0.392412 0.050245 0
0.268945 -0.347544 0.196037 1
-0.049989 -0.437506 -0.010829 2
0.244282 0.362287 -0.104796 4
-0.345605 0.259168 0.130935 3
0.054779 0.008058 -0.036077 0
-0.360744 0.269484 0.142454 3
0.203435 0.361883 -0.006182 4
-0.223129 0.207210 0.072451 3
0.021892 -0.375876 0.054439 0
0.091922 -0.465343 0.111500 0
-0.231935 0.181141 0.039209 3
-0.133984 -0.437508 -0.021182 2
0.182830 0.314565 -0.207318 4
-0.057880 0.002002 -0.093591 5
-0.250253 0.262099 0.139942 3
0.166711 0.330220 0.001304 4
0.180491 0.312380 -0.071826 4
0.107661 0.260032 -0.007412 4
-0.211306 0.263244 0.119627 3
0.185746 -0.356654 0.241647 1
0.071322 0.241119 -0.173284 4
0.059005 0.032455 -0.039016 0
-0.270163 0.293329 0.230156 3
0.303678 0.393510 -0.080337 4
-0.232471 0.174170 0.028769 3
0.147113 0.288393 -0.161589 4
-0.314697 0.332647 0.189097 3
-0.197496 0.259255 0.184081 3
-0.307909 0.166918 0.005606 3
0.195374 0.335172 -0.056241 4
-0.044457 0.004525 -0.219421 5
-0.187824 0.155799 0.041734 3
-0.247043 0.272106 0.177379 3
0.121275 0.269459 -0.183144 4
-0.014824 0.016351 -0.169454 5
-0.325682 0.196707 0.059931 3
0.135663 0.281327 -0.162318 4
-0.293875 0.243239 0.109843 3
-0.219844 0.228433 0.081929 3
-0.088736 -0.433105 -0.000754 2
0.083491 0.245333 -0.003223 4
-0.135334 -0.428297 -0.063664 2
-0.061146 -0.131717 0.049999 0
0.027803 -0.807703 0.122990 0
-0.059393 -0.023252 -0.260765 5
-0.102236 -0.023492 -0.244541 5
-0.009453 0.020425 -0.158095 5
-0.122026 -0.419441 -0.099648 2
0.056114 -0.055840 -0.018042 0
-0.178243 0.222132 0.061934 3
0.022678 -0.937638 0.103187 0
-0.357366 0.221095 0.104258 3
-0.297361 0.215341 0.071612 3
-0.042528 -0.015267 -0.089332 5
-0.054880 -0.446131 -0.137581 2
0.018712 -0.957491 0.111030 0
-0.158259 0.202091 0.043546 3
0.222359 0.347429 -0.091780 4
-0.103279 0.030735 -0.097503 5
-0.033130 -0.451749 -0.012788 2
-0.280684 0.293137 0.177536 3
-0.182334 0.264885 0.116422 3
-0.026412 -0.209624 0.046914 0
-0.328559 0.186928 0.049279 3
0.052173 -0.502829 0.091142 0
0.201283 0.332081 -0.096593 4
-0.142579 -0.437850 -0.036773 2
0.153185 0.325256 0.041577 4
0.259973 0.363188 -0.179260 4
-0.070566 -0.091200 0.030151 0
-0.016839 -0.011877 -0.089123 5
-0.055947 -0.115109 0.042628 0
0.309859 0.394665 -0.069078 4
0.243363 0.383007 -0.010540 4
0.263676 0.381576 -0.069016 4
0.024530 -0.669732 0.095869 0
-0.262740 0.234360 0.087615 3
0.176591 -0.370871 0.161952 1
-0.159684 0.229573 0.056959 3
0.033055 -0.416720 0.060506 0
0.141938 -0.405773 0.101337 1
0.125227 -0.380942 0.210122 1
-0.186122 0.189063 0.062251 3
-0.012323 -0.247086 0.035486 0
0.082261 -0.464261 0.102203 0
0.018864 -0.339626 0.043123 0
0.032670 -0.785047 0.121755 0
0.004031 -0.230171 0.027895 0
0.008457 -0.516030 0.067321 0
0.154635 0.296182 -0.178772 4
0.156326 0.316395 -0.013837 4
-0.288814 0.233860 0.091670 3
-0.164530 0.128879 0.042267 3
-0.094002 -0.008830 0.036660 0
0.229055 0.355258 -0.077512 4
-0.061321 0.005362 -0.182296 5
0.105795 0.247705 -0.123087 4
-0.167091 0.271892 0.134872 3
0.024656 -0.899255 0.128527 0
-0.113964 -0.028258 -0.246803 5
-0.164135 -0.424880 -0.074717 2
0.020781 -0.976231 0.097655 0
-0.360337 0.227229 0.123893 3
-0.286183 0.305154 0.181264 3
-0.099222 0.001817 -0.205618 5
0.033699 -0.214574 0.018772 0
0.201025 -0.363399 0.159556 1
-0.051687 -0.134150 0.032377 0
-0.088540 -0.445011 -0.181985 2
0.241858 0.361460 -0.087846 4
0.165455 0.303400 -0.072529 4
0.197323 0.324544 -0.172662 4
0.035362 -0.688318 0.100784 0
0.130524 0.307880 0.053010 4
0.011508 -0.486967 0.052898 0
0.157400 -0.381264 0.156750 1
0.034148 -0.662233 0.096040 0
0.283530 0.388149 -0.132914 4
0.125008 0.268750 -0.149469 4
-0.014089 -0.108382 -0.032910 0
0.002551 -0.174184 0.003577 0
0.229256 0.355210 -0.152268 4
-0.222466 0.251269 0.102921 3
0.067746 -0.478213 0.107747 0
0.017148 -0.552188 0.090650 0
-0.258753 0.185352 0.031016 3
0.029390 -0.905597 0.117863 0
-0.127415 -0.424438 -0.174740 2
-0.198462 0.193134 0.065971 3
-0.021048 -0.224165 0.037768 0
0.027692 -0.711981 0.106723 0
-0.317874 0.322275 0.183512 3
-0.334041 0.258508 0.129293 3
0.275871 0.379513 -0.182591 4
-0.201542 0.270641 0.223711 3
0.025301 -0.588718 0.102783 0
-0.111397 -0.005650 0.024253 0
-0.211772 0.208141 0.078111 3
-0.053420 -0.014735 -0.254554 5
0.158974 -0.390307 0.115769 1
-0.350333 0.307676 0.152027 3
0.033830 -0.151390 0.007905 0
0.024259 -0.824337 0.110637 0
-0.067034 -0.119175 0.042718 0
-0.298930 0.192140 0.054997 3
0.140650 0.311245 0.031082 4
-0.030246 -0.207024 0.036254 0
0.228108 0.375791 0.005411 4
0.256483 0.394381 -0.006203 4
0.102408 0.228717 -0.036286 4
-0.021826 -0.436739 -0.093006 2
-0.323644 0.288065 0.146436 3
0.193125 -0.384721 0.095278 1
-0.148560 0.177318 0.045168 3
-0.069099 0.017661 -0.094163 5
0.229431 0.379120 -0.016373 4
-0.018137 -0.129176 -0.018662 0
0.075023 0.226925 -0.110471 4
-0.294612 0.166135 -0.005728 3
0.026374 -0.454326 0.076315 0
0.016248 -0.281003 0.037029 0
0.019770 -0.911986 0.126479 0
0.050484 -0.071363 -0.007684 0
-0.179768 -0.408928 -0.127518 2
0.014608 -0.383896 0.064672 0
-0.052979 0.007478 -0.189811 5
0.251620 0.367513 -0.188177 4
-0.186443 0.262510 0.157280 3
-0.094778 -0.009339 -0.225485 5
-0.120304 0.036707 -0.130470 5
0.221157 0.360226 -0.070274 4
0.173165 0.333407 0.031263 4
-0.339972 0.199217 0.068783 3
0.038763 -0.792022 0.112842 0
0.021740 -0.915553 0.108411 0
0.025009 -0.233125 0.033724 0
-0.118081 0.013498 -0.181595 5
-0.000736 0.014706 -0.117282 5
-0.008117 -0.158495 -0.013975 0
0.001639 -0.276652 0.048069 0
0.232092 0.352202 -0.197550 4
-0.233968 0.240654 0.095394 3
-0.015924 -0.446361 -0.123877 2
-0.259115 0.220808 0.069761 3
0.153374 0.270363 -0.072167 4
-0.179716 0.210933 0.059446 3
0.103943 -0.418374 0.145077 1
-0.056831 0.005741 -0.136890 5
-0.341990 0.186948 0.050501 3
0.009618 -0.328333 0.056331 0
0.286321 0.389284 -0.118749 4
0.201685 0.360987 0.036063 4
0.294577 0.403880 -0.028027 4
-0.085959 -0.445122 -0.164065 2
-0.181131 0.142823 0.039485 3
0.194911 -0.354326 0.213729 1
0.241838 -0.361961 0.141086 1
-0.101861 -0.432760 -0.007625 2
0.015309 -0.309522 0.048184 0
0.005635 -0.298992 0.034902 0
-0.188406 0.209978 0.074893 3
-0.028447 0.000004 -0.133639 5
-0.118096 -0.435077 -0.025559 2
0.261183 0.386590 -0.032413 4
0.242393 -0.353413 0.173821 1
0.059572 -0.013595 -0.027579 0
0.318764 0.394597 -0.123065 4
-0.148514 0.287688 0.129261 3
0.150139 0.312983 0.017274 4
-0.322835 0.219361 0.088475 3
-0.205431 0.264507 0.201515 3
0.323163 0.404495 -0.109006 4
-0.297063 0.263462 0.129791 3
-0.145300 0.268280 0.088068 3
0.201105 -0.355560 0.242743 1
0.186688 0.349437 0.030285 4
0.162028 0.297262 -0.207521 4
0.171555 0.316078 -0.148336 4
-0.090512 -0.030684 -0.258396 5
0.083279 0.132927 -0.044528 0
0.107587 -0.433693 0.101698 1
0.223993 0.346219 -0.139914 4
0.211549 0.373458 0.014069 4
0.125509 0.269630 -0.021416 4
-0.354334 0.246558 0.132180 3
-0.207421 0.165171 0.035545 3
0.011512 -0.317975 0.038016 0
0.158707 0.291898 -0.063835 4
-0.037177 -0.003153 -0.241619 5
0.014217 -0.385025 0.047149 0
-0.163250 0.162944 0.049841 3
-0.300015 0.280956 0.152579 3
-0.026108 -0.043137 -0.070293 0
-0.300631 0.235583 0.114272 3
0.018394 -0.697482 0.095883 0
0.114017 -0.422118 0.128982 1
0.211164 0.353364 -0.070163 4
0.192804 -0.378777 0.117025 1
-0.195958 0.145925 0.019906 3
0.009916 -0.291213 0.044829 0
0.202547 0.339369 -0.151945 4
0.027175 -0.610522 0.103063 0
-0.178907 0.117936 0.019353 3
0.228515 0.345862 -0.168952 4
-0.262204 0.248435 0.119148 3
0.004977 -0.286560 0.030480 0
-0.133026 -0.424412 -0.079580 2
0.025529 -0.745816 0.111809 0
0.007091 -0.219738 0.005811 0
-0.138193 0.234879 0.061137 3
0.052990 -0.140708 0.010546 0
0.024567 -0.882455 0.122242 0
0.064030 -0.025895 -0.015839 0
-0.123864 0.013079 0.022447 0
0.188866 0.328019 -0.151339 4
0.180108 -0.373307 0.146563 1
-0.242004 0.235867 0.102491 3
0.096172 0.207633 -0.043017 4
0.086912 0.237589 -0.126325 4
0.027091 -0.400920 0.071124 0
-0.256066 0.212021 0.058844 3
0.138573 -0.376074 0.193897 1
-0.261062 0.249891 0.107003 3
0.006592 -0.506248 0.038351 0
-0.268197 0.212329 0.061868 3
0.015270 -0.432826 0.054212 0
0.075380 0.112816 -0.049249 0
-0.123799 -0.436118 -0.002963 2
0.165197 0.324907 0.026502 4
-0.309945 0.200243 0.064675 3
-0.174682 0.152671 0.041940 3
0.182396 0.315801 -0.083806 4
-0.093404 -0.035523 0.044539 0
0.101419 0.251345 -0.012676 4
-0.155079 -0.420145 -0.081214 2
-0.201486 0.182256 0.051059 3
0.183199 0.328798 -0.133342 4
0.167282 0.336847 0.060303 4
0.258482 0.384846 -0.055638 4
0.007463 -0.511308 0.052371 0
0.014254 -0.536521 0.058220 0
0.070530 0.232882 -0.140061 4
-0.234394 0.205358 0.055671 3
-0.167796 0.219659 0.057718 3
0.124539 0.250280 -0.051124 4
-0.284202 0.247711 0.112368 3
0.321251 0.407259 -0.077033 4
-0.048941 -0.001168 -0.228787 5
0.245054 0.377692 -0.043773 4
0.028721 -0.486597 0.080691 0
-0.275279 0.258770 0.121691 3
0.200234 0.321899 -0.216365 4
-0.116513 0.004291 -0.194394 5
0.023307 -0.727949 0.100062 0
0.207488 0.338125 -0.106276 4
0.222285 0.374406 0.024221 4
0.122926 0.227405 -0.069070 4
-0.087932 0.026698 -0.112143 5
-0.007016 0.026485 -0.201044 5
0.105823 -0.397388 0.163984 1
-0.250046 0.271659 0.159111 3
0.209009 0.329169 -0.198424 4
0.134919 -0.406359 0.123673 1
-0.174656 0.256193 0.092514 3
0.077487 0.093528 -0.038874 0
0.201818 0.355657 0.006673 4
0.249072 0.373502 -0.083860 4
-0.005330 -0.161509 0.002449 0
0.110019 0.224621 -0.053291 4
0.070508 0.047662 -0.030932 0
-0.293259 0.181192 0.032300 3
0.151520 -0.376694 0.171436 1
-0.172283 0.167047 0.043350 3
-0.037984 -0.005727 -0.093138 5
0.177607 0.331865 -0.014681 4
0.064503 -0.485665 0.097639 0
-0.287937 0.171569 0.014543 3
0.185283 0.316299 -0.217734 4
-0.306831 0.186577 0.041846 3
-0.167608 0.190157 0.044261 3
-0.350122 0.231680 0.126142 3
-0.112838 0.007839 0.034962 0
-0.051740 -0.450710 -0.162564 2
0.028938 -0.801581 0.106486 0
0.133987 0.274278 -0.111212 4
0.234350 0.374772 -0.025510 4
-0.015395 -0.470034 0.022518 0
-0.003814 -0.502829 0.037468 0
0.047052 -0.109078 -0.010577 0
-0.173010 0.266399 0.108865 3
0.008405 -0.216724 0.016268 0
-0.037299 -0.006509 -0.115322 5
0.222385 -0.351050 0.242049 1
0.143624 0.302276 -0.004328 4
-0.000439 -0.437158 -0.088327 2
0.022348 -0.226081 0.017060 0
0.159344 0.310484 -0.051147 4
0.014596 -0.508066 0.063441 0
0.169218 -0.361729 0.238896 1
0.147335 0.285697 -0.090701 4
0.233831 -0.355639 0.164121 1
0.255188 0.371990 -0.104990 4
0.021061 -0.412709 0.072108 0
-0.038478 -0.434572 -0.057293 2
0.277445 0.380380 -0.099604 4
-0.192277 0.187485 0.053282 3
-0.354239 0.296000 0.152063 3
0.223326 0.349379 -0.183018 4
0.142566 0.284893 -0.152537 4
0.020324 -0.520566 0.060283 0
-0.281442 0.303375 0.203962 3
-0.137704 0.062878 0.025849 0
-0.061328 -0.431650 -0.071522 2
-0.168010 0.173480 0.051814 3
-0.198102 0.227560 0.076477 3
0.277536 0.389437 -0.049600 4
0.009493 -0.362352 0.047309 0
-0.324747 0.171507 0.017526 3
-0.306029 0.220706 0.094547 3
0.033039 -0.574697 0.084034 0
0.249056 0.387876 -0.026334 4
0.111602 0.260010 -0.149306 4
-0.205698 0.202704 0.061652 3
0.024839 -0.568061 0.092824 0
0.125266 -0.401988 0.147012 1
-0.140341 -0.410860 -0.152766 2
0.081512 0.241516 -0.156383 4
-0.240317 0.217047 0.076832 3
0.105882 0.251848 -0.134641 4
0.016605 -0.325531 0.031863 0
0.211024 0.377804 0.034341 4
-0.156406 0.183880 0.048252 3
0.249055 0.369725 -0.164755 4
-0.149938 0.280988 0.147974 3
-0.286179 0.277010 0.153027 3
-0.286309 0.239156 0.100495 3
0.199066 0.354279 -0.026480 4
0.011206 -0.258726 0.019895 0
-0.313694 0.232047 0.111862 3
0.062729 -0.001627 -0.018905 0
-0.329472 0.269620 0.134530 3
0.177720 -0.386766 0.097244 1
0.063628 0.094574 -0.051691 0
-0.276327 0.280066 0.147416 3
0.025399 -0.394741 0.060465 0
0.279750 0.396598 -0.027336 4
-0.005691 0.008663 -0.134598 5
-0.273074 0.238955 0.110987 3
0.135366 0.263863 -0.059264 4
0.108285 0.263526 -0.207757 4
0.103164 -0.407081 0.147394 1
-0.053163 -0.461397 -0.165671 2
-0.109718 0.001414 -0.204806 5
-0.068892 -0.012275 -0.240953 5
-0.258050 0.198895 0.047221 3
0.125112 -0.420607 0.116326 1
0.038190 -0.521280 0.084653 0
0.069003 0.079761 -0.034932 0
0.232215 0.354271 -0.121861 4
0.022179 -0.651865 0.091019 0
-0.257787 0.289643 0.248083 3
-0.210290 0.209877 0.067804 3
0.023124 -0.605366 0.088246 0
-0.019188 -0.063742 -0.050733 0
0.253976 0.365924 -0.151950 4
0.169867 -0.367222 0.183146 1
0.090231 0.235353 -0.114201 4
0.113637 0.245446 -0.107260 4
0.014109 -0.314556 0.026054 0
0.014891 -0.585200 0.087226 0
0.107645 0.216970 -0.084062 4
-0.017048 -0.215833 0.044137 0
-0.037911 -0.024728 -0.090722 5
-0.274681 0.262265 0.137523 3
-0.255367 0.171921 0.009313 3
-0.102532 -0.426733 -0.114482 2
-0.098985 -0.035455 0.022710 0
0.256575 -0.357582 0.161750 1
0.132533 0.279798 -0.178585 4
0.107067 0.199542 -0.053353 4
0.197895 0.345728 -0.052799 4
0.042715 -0.186417 0.011700 0
0.003242 -0.245493 0.033980 0
0.003165 -0.273396 0.028084 0
0.307934 0.398045 -0.089735 4
-0.054856 0.005182 -0.160195 5
-0.083541 -0.064619 0.037764 0
0.176260 0.314920 -0.185071 4
-0.167222 -0.439043 -0.036955 2
-0.136042 0.080245 0.033801 0
0.015011 0.019931 -0.127204 5
0.131458 0.287132 0.002619 4
0.185814 0.323224 -0.066713 4
0.220211 -0.353065 0.185975 1
0.022990 -0.678599 0.104544 0
-0.224073 0.268312 0.210059 3
-0.299716 0.252544 0.132345 3
-0.167721 0.111374 0.026592 3
-0.221006 0.235608 0.102188 3
0.023297 -0.776672 0.108476 0
0.016114 -0.253508 0.028520 0
-0.018874 -0.086190 -0.042289 0
0.004583 0.027562 -0.160280 5
0.023694 -0.830166 0.125311 0
-0.182358 0.264993 0.143556 3
0.320202 0.396198 -0.089189 4
-0.069317 0.008457 -0.159616 5
-0.124308 0.056078 0.034813 0
-0.012960 0.021751 -0.178014 5
-0.338098 0.221108 0.097058 3
-0.304900 0.210415 0.080090 3
-0.263806 0.169589 0.000348 3
-0.006806 -0.482955 0.027582 0
-0.022230 -0.045181 -0.057028 0
-0.232122 0.273919 0.238145 3
0.220642 0.336904 -0.210657 4
-0.017468 -0.473229 0.008640 0
0.215398 0.366176 -0.005877 4
-0.149823 0.124600 0.042790 3
-0.034600 -0.457544 0.003088 2
0.110758 0.261126 -0.171964 4
0.267400 -0.350940 0.176614 1
0.017185 -0.543773 0.069744 0
-0.063873 0.005234 -0.101267 5
0.171057 -0.361989 0.206994 1
0.307730 0.396771 -0.105451 4
-0.028868 0.015240 -0.204420 5
0.038048 -0.876326 0.126478 0
-0.252768 0.218800 0.078391 3
0.239495 0.358345 -0.172090 4
0.084615 0.165595 -0.048088 4
-0.161661 -0.405439 -0.151963 2
0.128003 -0.376515 0.220770 1
0.167953 0.306723 -0.164080 4
0.020553 -0.467002 0.078860 0
-0.331672 0.327919 0.174194 3
-0.090220 -0.432400 -0.051826 2
-0.335847 0.315916 0.169559 3
0.020891 -0.761675 0.112096 0
0.029047 -0.978563 0.104952 0
-0.033599 -0.439459 -0.038992 2
-0.141108 -0.409368 -0.135234 2
0.027532 -0.535128 0.087938 0
0.092601 -0.456511 0.119015 0
0.021560 -0.741718 0.120242 0
0.030892 -0.845927 0.125987 0
-0.290401 0.223816 0.092090 3
0.238215 0.354489 -0.157809 4
-0.280625 0.184654 0.033239 3
0.127836 0.257298 -0.118853 4
0.205404 -0.388463 0.090484 1
-0.159532 0.216457 0.052208 3
-0.323179 0.299812 0.156077 3
-0.288798 0.254821 0.122198 3
0.023478 -0.333904 0.058419 0
-0.060107 -0.105923 0.043807 0
0.020389 -0.642783 0.099387 0
0.141926 0.285178 -0.196247 4
0.035586 -0.913440 0.116121 0
-0.229178 0.196827 0.057384 3
0.210247 -0.374926 0.090583 1
-0.181576 0.260146 0.167838 3
0.134888 -0.401822 0.107463 1
0.037017 -0.547202 0.095820 0
0.085932 0.204572 -0.084362 4
-0.048984 0.012143 -0.076236 5
-0.226991 0.232776 0.087641 3
-0.251439 0.273897 0.205406 3
-0.046638 -0.161666 0.036898 0
-0.031820 -0.435412 -0.092092 2
0.220907 0.364629 -0.049195 4
-0.320200 0.311524 0.167731 3
0.101015 0.256327 -0.187238 4
-0.067606 -0.444098 -0.142453 2
-0.145803 -0.412240 -0.163024 2
-0.154104 0.168622 0.047401 3
0.239349 0.365270 -0.051136 4
-0.052377 0.006875 -0.171742 5
0.057022 -0.085266 -0.002415 0
0.210874 0.343915 -0.155375 4
-0.263763 0.271847 0.141869 3
0.094604 0.177991 -0.048269 4
-0.144102 0.225304 0.042430 3
0.187862 -0.371908 0.140276 1
-0.235060 0.167551 0.006218 3
0.124984 0.230380 -0.059666 4
0.186439 0.325976 -0.118400 4
0.029774 -0.936336 0.111841 0
0.218591 0.350356 -0.131987 4
0.182126 0.340512 0.029301 4
-0.045526 -0.002237 -0.105606 5
-0.156470 0.238015 0.074552 3
0.117647 0.282549 0.019456 4
0.020449 -0.482900 0.070906 0
0.203992 0.322423 -0.204192 4
0.264301 0.369897 -0.193380 4
0.120687 0.232109 -0.079243 4
0.229531 0.369736 -0.049843 4
-0.001694 -0.373691 0.043713 0
-0.276996 0.293917 0.219436 3
-0.022745 -0.468963 0.000605 2
0.128663 0.266710 -0.217451 4
0.018869 -0.624387 0.087166 0
0.216971 0.345776 -0.117480 4
0.212357 -0.352335 0.202715 1
0.075161 -0.474214 0.102080 0
-0.246751 0.270071 0.214493 3
0.017743 -0.887945 0.116669 0
-0.155860 -0.410520 -0.108801 2
0.020253 -0.613427 0.096429 0
-0.291517 0.240180 0.119083 3
-0.284528 0.288643 0.165698 3
0.012062 -0.271753 0.049731 0
0.034879 -0.731577 0.106927 0
0.273017 0.405275 -0.008097 4
0.036620 -0.143654 0.001538 0
0.216791 -0.376224 0.111160 1
-0.089827 -0.434733 -0.135920 2
-0.240299 0.186722 0.043628 3
0.111722 0.218573 -0.067741 4
0.269528 0.380155 -0.148347 4
-0.068278 -0.079068 0.042630 0
-0.320973 0.231957 0.102129 3
0.012943 -0.874280 0.110970 0
-0.069351 -0.022569 -0.260619 5
-0.154008 -0.435401 -0.045859 2
-0.143580 0.259319 0.076810 3
-0.007753 -0.139435 -0.017294 0
-0.337455 0.223842 0.113186 3
0.212617 0.339882 -0.216831 4
0.138876 0.281267 -0.137713 4
0.249889 -0.359133 0.152680 1
-0.158456 0.271922 0.166123 3
0.176900 0.318838 -0.174543 4
-0.024751 -0.434159 -0.066883 2
0.015016 -0.241137 0.011553 0
0.014711 -0.283643 0.027117 0
0.085467 0.156381 -0.044427 0
0.034206 -0.641309 0.095808 0
0.305792 0.392484 -0.115614 4
-0.095629 0.030713 -0.104097 5
0.187299 -0.362225 0.193738 1
-0.083207 -0.006245 -0.227379 5
-0.208376 0.260302 0.156460 3
0.121964 0.246923 -0.091323 4
-0.273810 0.230551 0.083739 3
0.099392 0.227536 -0.106561 4
-0.137258 0.097363 0.036927 0
0.049664 -0.115236 -0.000599 0
-0.286403 0.309617 0.195216 3
-0.308964 0.271114 0.135287 3
0.029846 -0.171043 0.002497 0
0.099700 0.270202 0.027784 4
0.028557 -0.866621 0.114095 0
0.048320 -0.487875 0.089210 0
-0.022879 -0.479684 0.013865 2
-0.077728 0.015639 -0.098601 5
-0.098765 -0.000247 0.035366 0
0.152686 -0.366766 0.212976 1
0.163101 0.295961 -0.078610 4
-0.194211 0.260412 0.165906 3
0.116350 -0.377899 0.217392 1
-0.213439 0.192555 0.061163 3
0.053358 -0.511690 0.100360 0
0.025201 -0.623146 0.098454 0
0.192169 0.334531 -0.136992 4
0.112089 -0.418352 0.137888 1
0.065010 -0.056977 -0.004400 0
-0.169054 0.244364 0.075075 3
-0.302515 0.299697 0.168558 3
0.025759 -0.502628 0.069165 0
0.032872 -0.552630 0.082677 0
0.101746 -0.393160 0.186052 1
-0.237348 0.262936 0.135137 3
0.088060 0.242451 -0.137855 4
0.237888 -0.374336 0.111707 1
0.189760 0.331359 -0.073306 4
0.252014 -0.354441 0.172054 1
-0.302251 0.179170 0.036111 3
0.061346 0.224688 -0.113434 4
-0.140392 -0.422335 -0.085746 2
0.036503 -0.193626 0.021108 0
-0.208824 0.248281 0.097181 3
-0.330799 0.218170 0.103297 3
-0.188847 0.141431 0.024969 3
-0.037680 -0.453537 -0.021955 2
0.101759 -0.440666 0.115214 1
-0.360518 0.221519 0.114509 3
0.018418 -0.547073 0.082373 0
0.170415 0.333854 0.009625 4
-0.179249 0.173520 0.055006 3
0.186236 0.337424 -0.033582 4
0.224213 0.349589 -0.106017 4
-0.086607 -0.033773 0.037702 0
-0.243149 0.281132 0.232726 3
0.175275 -0.360098 0.223725 1
0.320905 0.398028 -0.073771 4
-0.042830 -0.009024 -0.078636 5
0.229387 -0.349671 0.206300 1
-0.261680 0.242685 0.098895 3
-0.067203 -0.435108 -0.102353 2
0.278335 0.399379 -0.018067 4
0.030502 -0.247019 0.037816 0
-0.207187 0.223997 0.075909 3
0.292019 0.385901 -0.096403 4
-0.136236 -0.435542 -0.043840 2
-0.130652 -0.012289 -0.220752 5
0.188966 0.317098 -0.196061 4
-0.029542 0.010234 -0.164817 5
0.038505 -0.511016 0.094286 0
-0.356321 0.230701 0.112191 3
-0.103334 -0.438912 -0.177773 2
0.017208 -0.403016 0.053787 0
-0.019333 0.012318 -0.145702 5
0.022806 -0.188009 0.008308 0
-0.013645 0.002171 -0.110221 5
-0.278404 0.271722 0.137333 3
-0.064723 0.007035 -0.115691 5
-0.150553 -0.443219 -0.024034 2
-0.036688 -0.440454 -0.115979 2
0.157718 0.312790 -0.034805 4
0.121759 -0.410536 0.136226 1
-0.045001 -0.142459 0.040487 0
-0.055646 -0.144407 0.039679 0
0.073474 0.127245 -0.061695 0
0.034168 -0.757215 0.108848 0
0.266456 0.396349 -0.028794 4
0.138855 0.285407 -0.226304 4
-0.071773 -0.099419 0.035157 0
0.147856 0.319627 0.053781 4
-0.016535 0.022564 -0.194812 5
0.138968 0.296800 0.014404 4
-0.056007 -0.434738 -0.047564 2
-0.145437 0.286986 0.117828 3
0.083127 0.072693 -0.034315 0
-0.248507 0.249213 0.107036 3
0.048028 -0.147713 0.005586 0
-0.019210 -0.429516 -0.043511 2
-0.006751 -0.258929 0.034236 0
0.238055 0.363997 -0.138782 4
0.021706 -0.986499 0.102490 0
0.008390 0.019552 -0.137932 5
-0.279488 0.196040 0.048540 3
0.297337 0.398170 -0.051639 4
0.265097 0.377829 -0.132755 4
0.107703 0.231137 -0.101733 4
-0.106106 -0.431466 -0.053396 2
-0.320432 0.191806 0.051135 3
-0.244533 0.267332 0.165753 3
0.056391 -0.043826 -0.022169 0
-0.299147 0.172468 0.013743 3
0.011244 -0.201385 0.009503 0
0.261622 0.381885 -0.047010 4
0.076674 0.130897 -0.052260 0
0.239723 0.358234 -0.096672 4
0.249126 -0.351671 0.193117 1
0.132901 0.295037 0.023767 4
0.175560 0.322013 -0.113199 4
0.276985 0.385780 -0.171811 4
0.161668 -0.384490 0.133716 1
-0.048447 0.002212 -0.130052 5
0.044925 -0.100418 -0.003920 0
0.018013 -0.347573 0.048452 0
-0.202866 0.241220 0.088443 3
0.177001 0.338802 0.040695 4
0.092479 0.260456 0.016888 4
-0.175618 -0.414913 -0.095366 2
-0.337818 0.304307 0.156476 3
-0.016063 -0.434388 -0.071282 2
0.071893 0.035309 -0.026835 0
-0.105410 0.035557 -0.105508 5
0.153844 0.309028 -0.000228 4
-0.096899 -0.429171 -0.081540 2
-0.076547 -0.430672 -0.018949 2
-0.244091 0.164315 -0.005166 3
0.265254 0.372849 -0.163900 4
0.228981 0.349110 -0.159969 4
-0.237494 0.284269 0.251229 3
-0.255428 0.253241 0.125183 3
-0.308625 0.307543 0.173906 3
0.129303 0.266798 -0.039062 4
0.311503 0.392846 -0.137024 4
-0.365421 0.237027 0.119182 3
0.229160 0.343473 -0.212813 4
-0.082187 0.003030 -0.200904 5
0.068096 0.010755 -0.032912 0
0.026024 -0.926601 0.104503 0
0.319526 0.403172 -0.118978 4
-0.105624 -0.007477 -0.223066 5
-0.279309 0.309277 0.232998 3
0.058172 -0.502186 0.101728 0
0.203126 -0.375883 0.117674 1
-0.060944 -0.006473 -0.233260 5
0.152324 -0.362000 0.239972 1
0.024364 -0.960879 0.096689 0
0.039229 -0.905014 0.127844 0
0.176943 0.344438 0.052317 4
0.015822 -0.459202 0.058772 0
-0.058120 -0.436749 -0.024243 2
-0.063118 -0.117822 0.034062 0
0.091425 0.188901 -0.048972 4
0.022705 -0.278017 0.043323 0
-0.072185 -0.455500 -0.174993 2
-0.175927 -0.405021 -0.145654 2
-0.178973 -0.427701 -0.069936 2
-0.090766 -0.000241 -0.212075 5
-0.195597 0.264756 0.204315 3
-0.237599 0.266994 0.184986 3
-0.157806 0.265701 0.095500 3
0.226580 0.384456 0.031662 4
0.164317 0.307026 -0.173774 4
0.246395 0.391791 -0.012416 4
-0.129452 0.071646 0.033494 0
0.217959 0.338679 -0.193819 4
0.239931 0.380587 0.003309 4
-0.229356 0.222876 0.088500 3
0.134354 0.266036 -0.091261 4
-0.338348 0.235964 0.124079 3
-0.318542 0.296569 0.164059 3
-0.339288 0.276512 0.146955 3
0.202597 0.339681 -0.129468 4
0.084169 0.183110 -0.074861 4
-0.177305 0.261347 0.176187 3
-0.331814 0.207220 0.079779 3
-0.155804 0.164625 0.039006 3
-0.163953 0.275223 0.119887 3
0.002430 -0.496210 0.032398 0
0.023386 -0.703482 0.101200 0
-0.285825 0.257101 0.133750 3
-0.237416 0.259410 0.119905 3
-0.096932 -0.021856 0.033333 0
0.194128 0.313686 -0.204754 4
-0.179495 0.263702 0.204441 3
0.178229 -0.383424 0.111632 1
-0.167891 0.265933 0.176830 3
0.062345 0.055310 -0.050603 0
-0.068277 0.001578 -0.213582 5
0.192374 -0.363695 0.173115 1
0.053142 -0.069383 -0.017857 0
-0.249480 0.287643 0.242282 3
-0.282112 0.301941 0.218084 3
-0.038162 -0.439770 -0.106651 2
