0.606726 0.345242 -0.120941 1
-1.008196 0.158141 0.083834 2
-0.309851 0.229005 -0.895157 3
-0.044127 -0.499714 -0.150639 0
-0.265525 0.333427 -0.111676 2
0.122158 0.370627 -0.470887 5
-0.042553 -0.054144 -0.155109 0
-0.700001 0.360143 -0.151094 2
0.176355 0.346502 -0.042884 1
-0.283731 0.317075 -0.509300 3
0.917072 0.139835 -0.040991 1
-0.722019 0.266685 0.140962 2
-0.061657 0.209657 -0.283068 0
-0.046893 0.290910 -0.688351 3
-0.483105 0.386508 0.059427 2
0.427126 0.318528 0.084085 1
0.379063 0.448369 -0.155869 1
0.690550 0.210522 0.072947 1
-0.058774 0.401415 -0.007078 6
-0.465709 0.436509 -0.194506 2
-0.104817 -0.276378 -0.178434 0
-0.876303 0.256068 -0.060495 2
-0.077734 0.309722 -0.465162 3
-0.223007 0.339743 -0.315051 4
-0.248607 0.295682 -0.708595 3
0.783098 0.250745 -0.123702 1
0.045600 0.243888 -0.132600 0
-0.637586 0.344325 0.008264 2
-0.106288 0.099959 -0.164980 0
-0.105194 0.305800 -0.133636 6
-0.869136 0.191296 0.153606 2
0.567318 0.295135 0.022364 1
0.330102 0.369083 -0.034024 1
-0.400340 0.382133 -0.063359 2
0.238827 0.393450 -0.167884 1
0.471031 0.365002 -0.070630 1
0.023257 0.344228 -0.367621 5
-0.154698 0.314344 -0.586667 3
-0.540097 0.380846 -0.085364 2
-0.184447 0.209942 -0.192611 0
-0.770555 0.302707 0.011708 2
0.807382 0.206217 0.002934 1
-0.304451 0.401898 -0.406313 4
-0.197228 0.243319 -0.817256 3
0.682241 0.277603 -0.041657 1
-0.042726 -0.373707 -0.128572 0
-0.348978 0.387695 -0.184353 2
-0.103803 -0.159246 -0.147667 0
-0.192701 0.311930 -0.428504 3
0.123996 0.334218 -0.150383 0
-0.921213 0.238130 0.049472 2
-0.605574 0.317988 0.119757 2
-0.005032 0.153405 -0.194135 0
-0.032478 0.299681 -0.572112 3
-0.323430 0.305218 -0.622534 3
-0.004557 0.342050 -0.088378 6
0.522236 0.407625 -0.164546 1
-0.589106 0.429769 -0.175376 2
-0.108566 0.298533 -0.335273 0
-0.329018 0.271225 -0.784471 3
-0.789295 0.301345 -0.115626 2
-0.141868 0.257649 -0.721043 3
0.263520 0.343160 0.042905 1
0.693732 0.296485 -0.144542 1
-0.818884 0.264675 0.093404 2
-0.079816 0.221949 -0.182157 0
0.023747 0.368070 -0.461891 5
-0.708021 0.335873 -0.057283 2
0.861217 0.198068 -0.091929 1
-0.387873 0.378004 0.030910 2
-0.094094 -0.427826 -0.181368 0
-0.207456 0.296176 -0.173119 0
-0.632185 0.370991 -0.092969 2
0.411869 0.347912 0.000494 1
-0.101899 0.013181 -0.184893 0
0.253723 0.375435 -0.082916 1
-0.052853 -0.224481 -0.117563 0
0.507852 0.283557 0.086907 1
-0.681821 0.311002 0.076359 2
0.610936 0.244235 0.084477 1
-0.244507 0.322840 -0.586101 3
-0.554562 0.366575 0.012283 2
-0.854328 0.285215 0.017437 2
0.018558 0.406816 0.029115 6
-0.104657 0.356545 -0.063491 6
0.548796 0.332380 -0.058299 1
0.387702 0.389195 -0.093280 1
-0.320628 0.357224 -0.047867 2
-0.460141 0.383759 -0.128531 2
0.345553 0.339998 0.063188 1
-0.020413 0.290671 -0.153953 6
-0.215281 0.383821 -0.392129 4
-0.944072 0.155851 0.137422 2
-0.198728 0.325848 -0.510715 3
-0.099356 0.151647 -0.229682 0
-0.340341 0.297116 -0.706690 3
0.490590 0.325871 0.009082 1
-0.474845 0.380132 -0.029684 2
-0.307367 0.392133 -0.488237 4
0.311864 0.404371 -0.130779 1
0.734139 0.238804 0.008182 1
-0.185721 0.296424 -0.660770 3
-0.055439 0.339886 -0.396339 5
-0.037937 0.064707 -0.173436 0
-0.970398 0.184748 0.023278 2
0.452652 0.413894 -0.136716 1
0.189556 0.354788 -0.120576 1
-0.098222 0.287336 -0.626810 3
-0.040912 -0.294071 -0.140029 0
0.005947 0.401489 -0.045467 6
-0.545748 0.360241 0.087831 2
-0.097615 -0.349568 -0.181438 0
0.860317 0.156568 0.010426 1
-0.288724 0.345338 -0.179724 2
0.651912 0.267161 0.023669 1
-0.271691 0.243374 -0.834917 3
0.764653 0.191239 0.059433 1
-0.117851 0.289776 -0.406465 3
-0.344581 0.365181 -0.115460 2
-0.128230 0.313159 -0.519025 3
0.613016 0.304516 -0.041916 1
-0.129645 0.171883 -0.167099 0
-0.820495 0.297761 -0.045477 2
0.772464 0.239996 -0.054426 1
0.022356 0.218711 -0.195191 0
-0.927117 0.222582 -0.018439 2
-0.167036 0.329485 -0.356592 4
-0.525951 0.421991 -0.148365 2
0.080737 0.367828 -0.415622 5
-0.102366 -0.091281 -0.158749 0
-0.039057 -0.138009 -0.143273 0
-0.757713 0.291984 0.080865 2
0.128151 0.309174 -0.087162 0
-0.803494 0.229207 0.149149 2
-0.269669 0.369902 -0.354201 4
-0.705596 0.321252 0.013935 2
-0.261250 0.273699 -0.771198 3
-0.247886 0.392058 -0.456375 4
0.089161 0.281822 -0.174339 0
0.241225 0.359842 -0.017834 1
-0.648823 0.411697 -0.154179 2
0.725672 0.270162 -0.093424 1
-0.909432 0.221188 0.111641 2
0.532068 0.365063 -0.111992 1
-0.579676 0.345884 -0.047786 2
-0.409923 0.402130 -0.164796 2
-0.032187 -0.438323 -0.168689 0
-0.201073 0.262799 -0.755495 3
-0.117158 0.245971 -0.301515 0
-0.030613 0.315367 -0.344650 5
-0.195819 0.243890 -0.141298 0
-0.253658 0.312352 -0.648880 3
-0.657879 0.286272 0.129267 2
-0.048296 0.383296 -0.068198 6
-0.140443 0.306651 -0.083800 6
0.648413 0.305751 -0.100228 1
-0.339091 0.250596 -0.840888 3
-0.110190 0.211159 -0.235179 0
-0.958674 0.194324 0.088570 2
-0.107118 -0.219475 -0.158215 0
-0.052307 0.118558 -0.207024 0
-0.051460 0.340666 -0.125822 6
-0.740484 0.338120 -0.107691 2
-0.312213 0.321719 -0.566224 3
-0.267073 0.294281 -0.156629 2
-0.598492 0.346672 0.064256 2
-0.138613 0.254359 -0.361017 4
0.576283 0.383293 -0.154720 1
-0.763607 0.312105 -0.047847 2
-0.043245 0.007455 -0.162156 0
-0.074753 -0.483017 -0.197551 0
-0.142925 0.305690 -0.457829 3
-0.442782 0.390906 0.017760 2
-0.027860 0.295421 -0.633971 3
-0.046227 0.303928 -0.513182 3
-0.096076 0.301183 -0.565296 3
-0.588003 0.401933 -0.125198 2
-0.027609 0.200589 -0.170655 0
0.650781 0.336828 -0.156563 1
-0.161427 0.300962 -0.307529 4
0.288683 0.417565 -0.180768 1
-0.654265 0.347677 -0.046753 2
0.872922 0.185721 -0.038903 1
0.418427 0.355553 -0.055045 1
-0.056752 0.343660 -0.031029 6
0.828206 0.231774 -0.063728 1
-0.076828 0.166083 -0.180529 0
-0.869921 0.250170 0.064432 2
0.560379 0.270168 0.079593 1
-0.111890 0.267103 -0.171679 6
-0.095974 -0.041491 -0.180166 0
-0.349940 0.381170 -0.007941 2
0.356422 0.349753 0.011634 1
0.087779 0.286581 -0.121004 0
-0.008181 0.354314 -0.416790 5
0.334580 0.383379 -0.085115 1
-0.858735 0.234333 0.124292 2
-0.227543 0.312822 -0.468110 3
-0.134286 0.293955 -0.669106 3
0.446824 0.330264 0.037312 1
-0.402646 0.380998 -0.115228 2
0.741598 0.275014 -0.143107 1
0.291364 0.357865 -0.001728 1
-0.503709 0.378412 0.013263 2
-0.533331 0.371303 -0.033778 2
-0.889016 0.261168 -0.011050 2
-0.049656 0.243672 -0.147465 6
-0.481358 0.377333 -0.083008 2
-0.139395 0.221533 -0.165523 0
-0.086497 0.311813 -0.086999 6
-0.334335 0.390787 -0.445423 4
-0.797634 0.283060 0.051355 2
-0.085421 0.044573 -0.149152 0
-0.073047 0.296544 -0.370745 5
-0.774088 0.261207 0.124109 2
-0.083093 -0.262442 -0.129436 0
-0.301681 0.288522 -0.746319 3
-0.290733 0.308548 -0.681717 3
0.542399 0.330517 -0.001844 1
-0.158043 0.243617 -0.770829 3
-0.197941 0.312542 -0.615805 3
-0.690455 0.356343 -0.102898 2
0.331464 0.435912 -0.163159 1
0.073948 0.367404 -0.479787 5
-0.084863 0.252683 -0.337890 0
-0.084324 -0.315843 -0.146673 0
-0.187920 0.258679 -0.197667 0
0.483246 0.381278 -0.115047 1
-0.061396 -0.183205 -0.147187 0
0.017279 0.191531 -0.154786 0
-0.082311 -0.014153 -0.142641 0
-0.089068 0.271979 -0.671746 3
-0.031787 0.396893 0.032782 6
0.728495 0.264709 -0.036228 1
-0.084207 -0.386679 -0.149694 0
-0.191362 0.277309 -0.710747 3
0.399487 0.337222 0.045543 1
0.602353 0.271388 0.046264 1
0.503022 0.338846 -0.047155 1
0.456022 0.347659 -0.027064 1
-0.231043 0.329357 -0.148615 0
-0.194779 0.324210 -0.563192 3
0.436321 0.382470 -0.105484 1
-0.133420 0.134903 -0.196027 0
-0.401705 0.387442 -0.016655 2
-0.307313 0.325944 -0.131677 2
0.169386 0.312584 -0.123097 0
0.616820 0.291244 0.004101 1
0.030134 0.262811 -0.172527 0
0.490627 0.312242 0.053728 1
0.224666 0.385337 -0.118476 1
-0.257337 0.396154 -0.407889 4
-0.508305 0.385869 -0.124996 2
-0.059224 -0.095801 -0.142540 0
-0.230114 0.285505 -0.130227 0
-0.647961 0.330482 0.051056 2
0.363846 0.413923 -0.129218 1
-0.240926 0.325626 -0.529211 3
-0.827357 0.278700 -0.086747 2
0.695248 0.263184 0.006204 1
-0.211251 0.372104 -0.437319 4
-0.587252 0.375641 -0.085205 2
0.201779 0.343780 -0.001316 1
0.215445 0.362023 -0.060666 1
0.427797 0.443270 -0.161289 1
-0.301036 0.351241 -0.089274 2
-0.038621 0.188599 -0.213084 0
-0.184899 0.350976 -0.399999 4
-0.094108 0.057335 -0.192021 0
-0.722983 0.308846 0.057031 2
0.371931 0.371053 -0.051376 1
-0.070423 0.181661 -0.248559 0
-0.162883 0.290493 -0.402053 3
-0.024290 0.107361 -0.168049 0
-0.079565 0.297785 -0.300887 0
-0.043421 -0.023716 -0.194340 0
-0.066240 0.284193 -0.137933 6
0.293518 0.370660 -0.063061 1
0.408521 0.414966 -0.132444 1
-0.153790 0.303714 -0.629695 3
-0.717843 0.294275 0.100017 2
0.268279 0.393666 -0.134846 1
0.592413 0.324606 -0.075538 1
0.150649 0.346412 -0.101257 1
0.131598 0.290248 -0.127203 0
0.573184 0.361513 -0.096561 1
0.648236 0.220671 0.066172 1
0.308520 0.352631 0.038490 1
0.821161 0.236563 -0.106895 1
-0.481688 0.411496 -0.154940 2
-0.356160 0.375555 -0.065961 2
-0.070198 -0.441967 -0.147238 0
-0.814319 0.294206 0.002153 2
-0.643193 0.312451 0.097664 2
-0.597401 0.354212 -0.005275 2
-0.220920 0.363340 -0.351580 4
0.803896 0.178807 0.036578 1
0.531188 0.296856 0.051607 1
-0.372112 0.375213 -0.149787 2
-0.443436 0.378672 -0.060438 2
-0.909704 0.176466 0.156158 2
-0.661169 0.380818 -0.123465 2
-0.238028 0.251638 -0.799936 3
-0.039226 -0.341401 -0.156709 0
0.770189 0.228519 -0.012833 1
-0.331812 0.300423 -0.664721 3
-0.010416 0.417678 -0.000677 6
0.031916 0.366578 -0.408106 5
-0.288661 0.403671 -0.451007 4
0.732667 0.214338 0.043229 1
0.580315 0.312550 -0.016107 1
-0.537757 0.443031 -0.183139 2
-0.386348 0.415424 -0.197291 2
-0.947843 0.220276 0.020508 2
0.612698 0.352963 -0.164299 1
-0.735934 0.317770 -0.014804 2
-0.159484 0.174930 -0.196390 0
-0.319236 0.362195 -0.156530 2
-0.026825 0.376186 -0.103312 6
-0.233047 0.263459 -0.169975 0
-0.041182 0.236385 -0.187871 0
-0.187154 0.322870 -0.469086 3
0.010571 0.310169 -0.134276 6
-0.989165 0.193511 0.060483 2
-0.078791 0.356580 -0.095835 6
0.682508 0.238875 0.043994 1
-0.305016 0.372300 -0.375237 4
-0.983488 0.152326 0.116238 2
-0.853461 0.280341 -0.023415 2
0.835503 0.202057 -0.036075 1
-0.297991 0.261152 -0.808964 3
-0.282595 0.315852 -0.598810 3
0.480807 0.418314 -0.165765 1
-0.528614 0.374265 0.044982 2
0.690633 0.290566 -0.104609 1
-0.020565 0.344213 -0.376234 5
-0.089131 -0.123937 -0.134381 0
-0.428932 0.422513 -0.203964 2
-0.085542 0.312551 -0.516497 3
-0.067017 0.296348 -0.603118 3
-0.082237 0.379268 -0.031061 6
-0.050097 -0.255352 -0.151221 0
0.646887 0.285021 -0.021775 1
-0.571610 0.335440 0.105903 2
-0.166260 0.316813 -0.532404 3
-0.775950 0.338526 -0.089048 2
-0.229684 0.237621 -0.839924 3
-0.080846 -0.053682 -0.136784 0
-0.887264 0.266307 0.029805 2
-0.090844 0.232866 -0.268988 0
-0.174550 0.274244 -0.155957 0
0.775774 0.213455 0.028276 1
-0.067706 0.095230 -0.173655 0
-0.076922 0.313147 -0.416579 5
-0.233926 0.281002 -0.742570 3
0.203433 0.375335 -0.151602 1
-0.199592 0.311325 -0.329841 4
-0.275669 0.325733 -0.548107 3
-0.834977 0.265548 0.054351 2
0.054754 0.225334 -0.165849 0
-0.047000 -0.406559 -0.151526 0
-0.146153 0.296673 -0.355229 4
-0.935247 0.192626 0.128317 2
-0.094973 0.129401 -0.193967 0
-0.673324 0.329136 -0.006284 2
-0.119889 0.300033 -0.596420 3
-0.500472 0.443464 -0.173467 2
-0.984808 0.145530 0.055947 2
0.007534 0.376110 -0.074384 6
0.896554 0.172424 -0.066240 1
0.463360 0.300750 0.078089 1
0.841304 0.188173 0.020833 1
0.809863 0.230341 -0.030153 1
-0.096934 -0.125501 -0.174973 0
-0.086317 0.188851 -0.209675 0
0.017998 0.229841 -0.154925 0
-0.108060 0.304097 -0.440453 3
-0.248324 0.322792 -0.292127 4
-0.550770 0.396807 -0.119654 2
-0.140473 0.298212 -0.121783 6
-0.316916 0.311513 -0.526857 3
-0.061307 0.304620 -0.547957 3
-0.442906 0.385289 0.055229 2
-0.225133 0.305016 -0.672602 3
0.060355 0.277815 -0.150176 0
-0.244179 0.316340 -0.181527 0
0.888212 0.142929 -0.011008 1
-0.054662 0.152613 -0.230451 0
0.766841 0.254999 -0.088458 1
-0.274481 0.233586 -0.871077 3
-0.109549 0.277843 -0.371963 0
-0.169366 0.200900 -0.156980 0
-0.615640 0.360871 -0.061027 2
-0.278572 0.399741 -0.377357 4
0.646868 0.302858 -0.063028 1
-0.023900 -0.475904 -0.171050 0
-0.510350 0.371005 0.083294 2
-0.160914 0.318676 -0.495572 3
0.378986 0.329942 0.076122 1
0.528942 0.359315 -0.075356 1
-0.125683 0.262000 -0.685946 3
-0.096962 -0.312231 -0.182950 0
-0.110832 0.312725 -0.480976 3
0.179544 0.355369 -0.078386 1
0.298788 0.387418 -0.100960 1
-0.958182 0.214103 0.055079 2
0.080653 0.246206 -0.142873 0
-0.063447 0.295104 -0.642501 3
-0.788117 0.305967 -0.074282 2
0.706417 0.288626 -0.068887 1
-0.028072 0.314076 -0.118429 6
-0.932626 0.218686 0.082976 2
0.159000 0.342783 -0.139811 0
-0.756699 0.298544 0.044721 2
-0.035937 0.403451 -0.034862 6
-0.338754 0.240297 -0.876936 3
0.540419 0.387289 -0.141109 1
-0.114500 -0.189460 -0.176571 0
0.092317 0.317366 -0.148848 0
-0.628131 0.394508 -0.126717 2
-0.443683 0.413667 -0.168694 2
-0.759259 0.319768 -0.132109 2
-0.090811 -0.200871 -0.132322 0
-0.086616 0.229452 -0.310162 0
0.380329 0.364306 -0.017257 1
-0.920624 0.243350 0.009912 2
-0.834319 0.211615 0.153280 2
0.452659 0.355388 0.012585 1
-0.513464 0.369000 -0.063338 2
0.238795 0.345551 0.017304 1
-0.271813 0.329440 -0.152677 2
0.671499 0.317757 -0.126698 1
-0.567830 0.358159 0.050574 2
0.632550 0.254336 0.053767 1
-0.564118 0.419626 -0.144250 2
-0.073414 -0.482175 -0.162310 0
-0.288004 0.312217 -0.633402 3
-0.070942 -0.279951 -0.169580 0
-0.071276 -0.350248 -0.145306 0
0.064484 0.251896 -0.186705 0
-0.159030 0.240715 -0.188963 0
-0.060141 -0.452125 -0.184675 0
0.271756 0.364293 -0.036367 1
-0.157211 0.275606 -0.692730 3
-0.108751 0.338671 -0.098275 6
-0.793262 0.303608 -0.023968 2
-0.238219 0.332117 -0.495090 3
0.117733 0.323368 -0.117185 0
-0.078138 0.256593 -0.162729 6
-0.439069 0.387086 -0.016622 2
-0.681525 0.330691 0.042081 2
-0.047415 0.312618 -0.147244 6
-0.623962 0.344491 -0.025431 2
-0.084968 0.331609 -0.122509 6
-0.163410 0.324327 -0.394778 4
-0.434933 0.382195 -0.102930 2
-0.282013 0.295132 -0.717378 3
-0.072912 0.330006 -0.058225 6
-0.068393 -0.152480 -0.132924 0
-0.663439 0.355857 -0.078761 2
-0.038830 0.150914 -0.189017 0
-0.191758 0.344459 -0.333349 4
0.064964 0.371643 -0.447169 5
-0.692998 0.277643 0.126908 2
-0.058921 -0.216956 -0.150775 0
-0.311604 0.232087 -0.848249 3
0.325223 0.356911 -0.001729 1
0.507560 0.395154 -0.134098 1
-0.134638 0.276975 -0.330281 4
-0.062164 0.327519 -0.363323 5
-0.900325 0.241878 -0.041723 2
-0.852142 0.279400 -0.058985 2
0.793413 0.234898 -0.083955 1
-0.786017 0.271495 0.094317 2
0.823230 0.164213 0.005837 1
-0.065066 -0.409569 -0.179503 0
-0.231834 0.319234 -0.616815 3
-0.737483 0.306808 0.016719 2
-0.139571 0.316443 -0.556994 3
-0.337436 0.289616 -0.757963 3
0.562055 0.364677 -0.127798 1
-0.275661 0.383309 -0.473791 4
-0.036039 0.377436 -0.010363 6
-0.368360 0.383373 -0.035427 2
-0.189635 0.325525 -0.301646 4
-0.247554 0.384894 -0.373715 4
-0.189920 0.351174 -0.366416 4
-0.109458 0.100846 -0.201848 0
-0.613584 0.328658 0.089613 2
-0.749881 0.322614 -0.076737 2
-0.126798 0.168493 -0.199716 0
0.535297 0.304948 0.019970 1
-0.329959 0.366630 -0.083720 2
0.570575 0.339762 -0.034805 1
-0.963190 0.178580 0.118429 2
-0.853961 0.249272 0.093046 2
-0.174225 0.264394 -0.736811 3
-0.804551 0.250181 0.119018 2
0.111033 0.375658 -0.440547 5
0.000231 0.195467 -0.189263 0
-0.884119 0.215706 0.132806 2
0.487203 0.345272 -0.017863 1
-0.613496 0.413186 -0.149013 2
-0.099280 -0.285939 -0.145121 0
-0.056817 0.195021 -0.183897 0
-0.610052 0.348062 0.025104 2
-0.035326 0.355768 -0.079610 6
-0.036627 0.338029 -0.422664 5
-0.545537 0.358155 -0.060720 2
-0.891350 0.234366 0.088391 2
-0.020832 0.116994 -0.200194 0
-0.044506 -0.464043 -0.149334 0
-0.131086 0.203046 -0.190525 0
-0.054814 0.039538 -0.162635 0
-0.726872 0.347129 -0.139134 2
0.201062 0.362302 -0.029698 1
-0.107782 0.148737 -0.171144 0
0.854929 0.179763 -0.011090 1
-0.254452 0.344425 -0.319317 4
-0.051775 -0.326543 -0.131229 0
-0.426695 0.392601 -0.132841 2
0.418714 0.378416 -0.079116 1
0.019407 0.407471 -0.005624 6
0.757491 0.253385 -0.029387 1
-0.701609 0.330890 -0.026476 2
0.531799 0.340958 -0.032770 1
-0.077530 0.016185 -0.161220 0
0.674886 0.285492 -0.071888 1
-0.156905 0.306217 -0.429260 3
0.741086 0.253305 -0.063093 1
-0.292726 0.276006 -0.774756 3
-0.670103 0.388124 -0.153748 2
0.208894 0.374612 -0.088994 1
-0.680234 0.296018 0.104211 2
0.616257 0.320897 -0.096024 1
0.725701 0.191907 0.064348 1
-0.046578 -0.018403 -0.144343 0
-0.186394 0.251899 -0.788868 3
-0.185443 0.235942 -0.170035 0
-0.752235 0.279804 0.111176 2
-0.116019 0.250458 -0.334151 0
-0.380941 0.377256 -0.087615 2
0.458663 0.440273 -0.152508 1
0.497900 0.360557 -0.086075 1
-0.109174 -0.252835 -0.158304 0
-0.082005 0.376475 -0.071715 6
0.572238 0.281472 0.049944 1
-0.214545 0.296305 -0.702360 3
0.343411 0.398127 -0.111029 1
0.105536 0.276562 -0.144442 0
-0.984137 0.177351 0.093780 2
-0.563732 0.363325 -0.017112 2
-0.204231 0.273656 -0.142637 0
-0.476511 0.388397 0.029278 2
0.898491 0.163486 -0.033866 1
-0.075098 0.212134 -0.250697 0
0.369557 0.343393 0.041184 1
-0.073898 -0.292046 -0.128967 0
-0.088313 -0.457541 -0.173847 0
0.057006 0.356828 -0.393423 5
-0.311503 0.305831 -0.592392 3
0.071335 0.257988 -0.116499 0
0.670039 0.313745 -0.160405 1
-0.028193 0.295979 -0.664198 3
-0.044814 0.276384 -0.164522 6
-0.317468 0.352504 -0.118915 2
-0.088176 -0.186016 -0.162362 0
0.838458 0.217671 -0.090026 1
-0.071845 -0.325155 -0.172567 0
-0.259535 0.301870 -0.128552 2
0.514957 0.323728 -0.011965 1
-0.268837 0.287453 -0.745635 3
-0.232266 0.391925 -0.423778 4
-0.377405 0.398542 -0.167847 2
-0.322075 0.377055 -0.399406 4
0.634150 0.334038 -0.125300 1
0.712695 0.241538 0.028864 1
0.719202 0.286452 -0.126943 1
-0.071948 0.309014 -0.341979 5
-0.159524 0.243696 -0.157315 0
0.267469 0.406601 -0.162805 1
-0.079918 -0.232887 -0.126801 0
-0.224731 0.265322 -0.773388 3
-0.012987 0.134514 -0.172382 0
-0.803901 0.304091 0.031385 2
0.591300 0.369594 -0.128787 1
-0.069798 -0.380617 -0.175255 0
-0.334706 0.392493 -0.476814 4
-0.085867 0.318880 -0.389105 5
-0.311117 0.297790 -0.709816 3
-0.773199 0.245067 0.148661 2
-0.209586 0.309420 -0.642541 3
-0.089916 0.075854 -0.161739 0
0.595166 0.268503 0.079845 1
-0.506218 0.374987 -0.023313 2
-0.609239 0.386733 -0.105736 2
-0.063302 0.397258 -0.047318 6
0.752749 0.263807 -0.112511 1
-0.266168 0.261031 -0.812312 3
0.556454 0.323478 0.027830 1
0.664218 0.267606 -0.006003 1
0.252823 0.379507 -0.113841 1
-0.823966 0.282963 0.027210 2
-0.118180 0.282569 -0.647419 3
-0.253372 0.306067 -0.681913 3
0.009454 0.168193 -0.173896 0
-0.030885 0.290984 -0.599671 3
0.303450 0.418343 -0.154647 1
-0.108518 0.306371 -0.539034 3
-0.078119 0.160868 -0.208905 0
-0.016003 0.395062 -0.062965 6
0.410738 0.392211 -0.114391 1
-0.420369 0.393436 0.035555 2
-0.204043 0.337770 -0.423222 4
0.851460 0.203907 -0.059859 1
-0.580913 0.357887 0.025038 2
-0.080389 0.087206 -0.198020 0
-0.341482 0.373816 -0.037244 2
-0.238696 0.290274 -0.161847 0
-0.505755 0.384592 -0.096006 2
-0.955725 0.199603 0.002479 2
-0.097337 -0.013776 -0.173708 0
-0.117786 0.282140 -0.143017 6
-0.687940 0.379118 -0.132737 2
0.704368 0.260486 -0.021903 1
-0.832267 0.245093 0.115804 2
-0.403667 0.382164 -0.145633 2
0.549284 0.341358 -0.085157 1
-0.244921 0.321750 -0.556975 3
0.143245 0.310790 -0.111605 0
-0.419654 0.382740 -0.042758 2
0.534095 0.269647 0.069295 1
0.579977 0.314894 -0.044231 1
0.620623 0.270725 0.023051 1
-0.039377 -0.380223 -0.158036 0
-0.689568 0.345634 -0.076449 2
0.342217 0.347994 0.036343 1
-0.209571 0.242436 -0.182938 0
-0.716514 0.356815 -0.114855 2
-0.062118 -0.120854 -0.127355 0
-0.720716 0.338476 -0.087788 2
0.299467 0.367559 -0.033771 1
-0.100759 -0.063389 -0.160187 0
0.009737 0.361562 -0.438584 5
-0.067382 0.308536 -0.491099 3
-0.107640 0.182682 -0.185151 0
-0.082764 -0.414480 -0.151971 0
0.527859 0.301527 0.079478 1
-0.371708 0.371200 -0.117933 2
-0.105157 0.221830 -0.290774 0
0.799233 0.225017 -0.055307 1
-0.117866 0.307428 -0.108469 6
-0.288868 0.344984 -0.121371 2
-0.077053 -0.177335 -0.124147 0
-0.632902 0.297206 0.124152 2
0.599228 0.337068 -0.051743 1
-0.468950 0.385459 -0.003185 2
0.417384 0.357170 -0.024956 1
-0.332810 0.264700 -0.811048 3
0.707521 0.221430 0.054080 1
-0.526780 0.373286 -0.000951 2
0.106758 0.309141 -0.170832 0
0.150576 0.333835 -0.076748 1
-0.034813 -0.425348 -0.135498 0
0.006673 0.359975 -0.394330 5
0.505862 0.314406 0.028872 1
-0.910295 0.203338 0.132651 2
-0.895569 0.246261 0.055149 2
-0.090368 0.275848 -0.351609 0
-0.573524 0.388331 -0.106275 2
-0.484464 0.390752 -0.112349 2
0.276608 0.356111 0.022580 1
-0.811053 0.286940 -0.107202 2
0.445159 0.358310 -0.060214 1
-0.159653 0.303840 -0.664532 3
-0.761954 0.311701 -0.020520 2
-0.017766 0.355577 -0.118769 6
0.392822 0.375943 -0.070001 1
0.467041 0.336938 -0.001376 1
-0.346612 0.370005 -0.157802 2
-0.196946 0.266966 -0.169588 0
-0.695121 0.345942 0.009383 2
-0.086752 -0.080190 -0.136228 0
0.345300 0.370242 -0.056629 1
-0.293703 0.345452 -0.151302 2
-0.096684 0.246553 -0.180779 6
0.708610 0.311396 -0.126080 1
-0.735719 0.323746 -0.041217 2
-0.015946 0.176983 -0.177198 0
0.041521 0.370015 -0.433174 5
-0.148470 0.309439 -0.331480 4
-0.006769 0.389797 0.025377 6
-0.139459 0.147311 -0.172661 0
0.039669 0.241168 -0.186938 0
-0.192723 0.287266 -0.685655 3
-0.488999 0.375807 -0.052291 2
-0.111370 -0.188017 -0.148743 0
-0.857730 0.272117 0.041460 2
0.875548 0.189272 -0.065527 1
-0.139975 0.289691 -0.380493 3
-0.126224 0.224748 -0.218357 0
-0.622396 0.338139 0.054449 2
0.450201 0.322826 0.062930 1
-0.750498 0.257096 0.140745 2
0.354915 0.439327 -0.148352 1
-0.983526 0.169135 0.040719 2
-0.128229 0.116484 -0.177225 0
-0.055889 -0.301467 -0.164124 0
0.071864 0.300691 -0.158081 0
0.240590 0.363748 -0.051723 1
0.318984 0.337829 0.061239 1
0.419163 0.340344 0.025058 1
0.477185 0.344962 -0.050126 1
-0.092884 -0.393960 -0.176365 0
-0.202627 0.322072 -0.537789 3
-0.063114 0.307467 -0.125352 6
-0.129387 0.296938 -0.621432 3
0.459219 0.373621 -0.095173 1
-0.046850 0.357029 -0.105337 6
-0.911522 0.247648 -0.015325 2
0.833865 0.198932 -0.002288 1
0.475701 0.403190 -0.128003 1
-0.248088 0.354115 -0.343199 4
-0.222404 0.326458 -0.571882 3
0.620912 0.306021 -0.074564 1
-0.648794 0.338603 -0.018227 2
-0.565011 0.436909 -0.166980 2
0.749925 0.221372 0.020340 1
-0.147887 0.193032 -0.172700 0
0.243067 0.389439 -0.142100 1
-0.095784 0.253243 -0.287872 0
-0.213369 0.285726 -0.726742 3
-0.202006 0.372258 -0.411760 4
-0.091600 0.288649 -0.404380 3
0.586520 0.291591 0.004659 1
0.385766 0.425014 -0.145684 1
0.088525 0.374010 -0.458711 5
-0.308900 0.308402 -0.648975 3
-0.041353 0.124797 -0.183939 0
-0.654661 0.321507 0.075817 2
0.560075 0.305782 -0.000547 1
-0.313727 0.401952 -0.430894 4
-0.207234 0.326747 -0.485882 3
0.360283 0.383008 -0.079758 1
-0.004325 0.329223 -0.362092 5
-0.039745 -0.164209 -0.142035 0
-0.813425 0.299822 -0.071122 2
-0.212422 0.324381 -0.597412 3
-0.049872 -0.201731 -0.130276 0
0.605233 0.345139 -0.094758 1
-0.038739 0.097335 -0.199772 0
-0.460843 0.383780 -0.099536 2
-0.159694 0.168296 -0.171067 0
-0.268478 0.326053 -0.181099 2
-0.934891 0.209858 0.108633 2
0.674313 0.315749 -0.100768 1
-0.066028 0.245491 -0.183084 0
-0.569257 0.352605 0.079311 2
-0.378474 0.386350 -0.004729 2
-0.452687 0.405388 -0.145617 2
-0.415134 0.377868 -0.086532 2
0.232188 0.364171 -0.094259 1
0.330828 0.418941 -0.143417 1
-0.094023 -0.364563 -0.160456 0
0.495256 0.361489 -0.036972 1
0.640067 0.273684 0.001444 1
-0.066450 0.134029 -0.191674 0
-0.470760 0.429659 -0.169885 2
-0.402717 0.388646 0.012551 2
0.880810 0.167683 -0.012343 1
-0.527054 0.402955 -0.130026 2
-0.066766 0.205700 -0.208864 0
-0.092253 0.292051 -0.600209 3
-0.263562 0.400094 -0.432553 4
-0.112578 0.147461 -0.204384 0
-0.260038 0.318015 -0.624608 3
0.583236 0.339798 -0.106980 1
-0.135752 0.306884 -0.483149 3
-0.021031 0.171788 -0.204901 0
-0.994624 0.139094 0.094368 2
0.381986 0.348984 0.013555 1
-0.772639 0.317540 -0.103410 2
0.500614 0.415139 -0.148530 1
-0.063751 -0.506000 -0.165842 0
-0.503784 0.410931 -0.142157 2
-0.003160 0.219600 -0.181644 0
-0.072561 0.291379 -0.673477 3
0.556130 0.399543 -0.157064 1
-0.119886 -0.142092 -0.157592 0
0.637424 0.239984 0.078836 1
-0.096376 0.176596 -0.233981 0
-0.201159 0.308111 -0.453757 3
-0.010340 0.297340 -0.127433 6
0.310298 0.432281 -0.176844 1
-0.652830 0.335473 0.026611 2
-0.181814 0.307921 -0.638442 3
-0.546328 0.365971 0.063106 2
-0.247484 0.325722 -0.127772 2
-0.068228 0.364392 -0.016020 6
-0.107148 -0.160322 -0.172789 0
0.131356 0.310328 -0.142686 0
-0.103774 0.224469 -0.191010 0
-0.420923 0.420966 -0.177701 2
-0.708090 0.319973 0.039819 2
0.287421 0.343583 0.051293 1
-0.215113 0.251548 -0.155818 0
-0.005681 0.323885 -0.111839 6
0.318691 0.369210 -0.065199 1
0.431540 0.404246 -0.122313 1
0.435004 0.347152 -0.009837 1
-0.062495 -0.070746 -0.143436 0
0.002112 0.413425 -0.023032 6
-0.067279 -0.030960 -0.154001 0
0.355844 0.358159 -0.017490 1
-0.865716 0.272827 -0.001357 2
-0.094166 0.276950 -0.156680 6
0.403267 0.319516 0.076031 1
-0.200621 0.364446 -0.385529 4
-0.060985 -0.279153 -0.146473 0
-0.099708 0.039379 -0.175334 0
-0.216513 0.304099 -0.140290 0
-0.154389 0.211613 -0.194458 0
-0.101918 0.330915 -0.075365 6
0.167767 0.364596 -0.103596 1
-0.074261 -0.353906 -0.171639 0
0.667458 0.224897 0.081702 1
0.111688 0.302178 -0.105244 0
-0.046375 0.268453 -0.140807 6
-0.329778 0.290816 -0.728498 3
0.259276 0.357057 -0.000716 1
-0.251578 0.314857 -0.150699 2
-0.780751 0.285860 0.069604 2
0.507838 0.376989 -0.114127 1
-0.058314 -0.260409 -0.127380 0
0.604825 0.311568 -0.003967 1
-0.066954 0.069036 -0.168469 0
-0.028904 0.339236 -0.097055 6
0.137639 0.345031 -0.127277 0
-0.588342 0.417647 -0.149437 2
0.403654 0.439096 -0.157133 1
0.655021 0.251634 0.042803 1
-0.082640 0.201082 -0.169037 0
-0.073531 0.300920 -0.575641 3
0.383217 0.402618 -0.118643 1
-0.501862 0.381688 0.037771 2
-0.038390 0.298625 -0.540679 3
-0.247261 0.243137 -0.821275 3
0.732468 0.250708 -0.016208 1
-0.311301 0.243299 -0.875011 3
0.719705 0.265535 -0.060887 1
-0.728844 0.278799 0.118929 2
-0.284045 0.307164 -0.144221 2
0.277317 0.377457 -0.094132 1
-0.878439 0.262836 -0.036923 2
0.805293 0.205660 0.027455 1
-0.094509 0.287405 -0.652124 3
-0.322627 0.304475 -0.689178 3
0.036259 0.209615 -0.169559 0
-0.268204 0.321558 -0.571123 3
-0.043180 0.384873 0.011920 6
0.394693 0.362199 -0.048931 1
-0.684780 0.338927 -0.042400 2
0.422354 0.332068 0.052718 1
-0.108675 0.210831 -0.259629 0
-0.355717 0.374009 -0.090401 2
-0.271405 0.310414 -0.665604 3
0.266200 0.369201 -0.059673 1
-0.596726 0.349959 -0.030740 2
-0.179733 0.232429 -0.200955 0
-0.040318 0.178406 -0.176301 0
-0.969558 0.206921 0.033423 2
0.783447 0.211116 -0.002069 1
-0.911825 0.230427 0.070609 2
-0.096347 -0.334062 -0.157524 0
-0.085303 0.354636 -0.048804 6
-0.678391 0.329693 0.017506 2
-0.186957 0.317204 -0.594613 3
-0.288674 0.405830 -0.424379 4
0.589406 0.279927 0.027580 1
-0.733691 0.295300 0.079815 2
-0.797185 0.303537 -0.048893 2
-0.164547 0.318031 -0.556563 3
-0.047327 0.299090 -0.616986 3
-0.829877 0.232618 0.136426 2
-0.107313 -0.252314 -0.182444 0
-0.166019 0.315099 -0.608005 3
0.526924 0.344432 -0.056437 1
0.614103 0.291900 -0.019866 1
0.598876 0.375847 -0.158756 1
0.209864 0.363875 -0.110580 1
-0.221030 0.254393 -0.824908 3
-0.568063 0.366632 -0.061729 2
-0.196225 0.296910 -0.151825 0
-0.175859 0.321393 -0.320965 4
0.367231 0.400779 -0.100739 1
0.551579 0.324991 -0.034411 1
-0.248487 0.239188 -0.854846 3
-0.313281 0.255672 -0.826668 3
-0.037022 -0.277437 -0.123150 0
0.476404 0.324434 0.028373 1
-0.151256 0.254740 -0.742888 3
-0.364416 0.405882 -0.196558 2
0.633552 0.292390 -0.043797 1
0.659280 0.284154 -0.042979 1
-0.333589 0.392066 -0.421556 4
0.491922 0.300398 0.081052 1
0.745640 0.283093 -0.095638 1
0.794755 0.247359 -0.062470 1
-0.150320 0.291544 -0.099440 6
-0.019323 0.368720 -0.067524 6
-0.817445 0.297304 -0.021839 2
0.615290 0.262390 0.068099 1
0.786456 0.185117 0.052048 1
-0.287899 0.332275 -0.083353 2
0.677344 0.261780 0.021820 1
0.605409 0.323079 -0.029144 1
0.185983 0.358271 -0.143821 1
0.048843 0.257743 -0.155474 0
0.081604 0.273936 -0.140374 0
-0.084687 -0.104079 -0.149475 0
-0.267146 0.328016 -0.522244 3
-0.058828 0.225389 -0.300580 0
-0.038905 0.414176 -0.004961 6
0.101933 0.305488 -0.130745 0
-0.219275 0.327294 -0.295275 4
0.456017 0.392903 -0.119890 1
-0.334112 0.365515 -0.015871 2
-0.209564 0.265549 -0.191124 0
-0.035598 0.336568 -0.359693 5
-0.299127 0.325794 -0.546328 3
-0.168877 0.316257 -0.446827 3
-0.088888 -0.147475 -0.161480 0
0.569533 0.331195 -0.078959 1
0.785657 0.226114 -0.030336 1
-0.044567 0.365069 -0.028393 6
0.666251 0.237493 0.060861 1
-0.819259 0.273221 0.069989 2
-0.067805 0.229831 -0.272070 0
-0.279898 0.262605 -0.789012 3
-0.308185 0.351308 -0.067005 2
-0.072568 0.177437 -0.224738 0
0.192547 0.359626 -0.056966 1
-0.173020 0.319557 -0.418608 3
0.221382 0.355527 -0.006404 1
-0.127642 0.294199 -0.432629 3
-0.161967 0.222383 -0.174907 0
-0.529905 0.388609 -0.104809 2
0.229079 0.371380 -0.146614 1
0.052401 0.363140 -0.472068 5
-0.701515 0.303117 0.085984 2
-0.120535 0.313458 -0.570047 3
-0.057452 0.226348 -0.173050 0
-0.048594 -0.360669 -0.147754 0
-0.518330 0.429172 -0.169474 2
-0.334415 0.230829 -0.897687 3
-0.635885 0.360107 -0.072816 2
-0.024104 0.088941 -0.182111 0
-0.185749 0.221961 -0.151558 0
-0.592633 0.362347 -0.058954 2
-0.911862 0.248236 0.030880 2
-0.103268 -0.230293 -0.138173 0
-0.144163 0.303730 -0.399244 3
-0.997152 0.166226 0.065252 2
-0.053310 0.329667 -0.105618 6
0.442223 0.381104 -0.081478 1
0.055173 0.369865 -0.414574 5
0.650880 0.319800 -0.136824 1
-0.312176 0.404435 -0.453755 4
0.587300 0.246871 0.080872 1
-0.153090 0.322306 -0.373460 4
0.432145 0.423159 -0.141480 1
-0.098990 0.263742 -0.323496 0
-0.044574 -0.116258 -0.148291 0
-0.178867 0.254162 -0.767303 3
-0.164326 0.267850 -0.713111 3
0.551031 0.296463 0.038407 1
-0.169137 0.197678 -0.180805 0
-0.231676 0.270775 -0.147643 0
-0.731674 0.327960 -0.063987 2
-0.324442 0.369495 -0.177529 2
-0.862565 0.217479 0.140117 2
-0.391099 0.384097 -0.042578 2
-0.093471 0.197817 -0.248652 0
-0.892035 0.188866 0.148838 2
-0.039707 0.311632 -0.644738 3
-0.169917 0.285468 -0.673261 3
0.194665 0.352864 -0.097690 1
-0.664414 0.368898 -0.104341 2
-0.051257 0.373067 -0.089824 6
-0.426103 0.390170 0.002320 2
-0.221588 0.370566 -0.373126 4
0.013449 0.207183 -0.170809 0
-0.068143 -0.133558 -0.145483 0
0.799569 0.252431 -0.108165 1
-0.064076 0.004339 -0.147325 0
0.616475 0.344860 -0.143473 1
-0.176046 0.259560 -0.178390 0
-0.088746 -0.036928 -0.158092 0
-0.041175 -0.316815 -0.148719 0
-0.074469 -0.438636 -0.169212 0
0.017572 0.239784 -0.182252 0
-0.106737 0.312248 -0.503220 3
-0.282816 0.405685 -0.400931 4
-0.009100 0.372825 -0.089691 6
-0.792446 0.297101 0.011132 2
-0.018888 0.202924 -0.198743 0
-0.067635 0.140493 -0.216478 0
-0.300868 0.327760 -0.519409 3
0.162555 0.348341 -0.064266 1
-0.781643 0.306965 0.033766 2
0.436803 0.354108 -0.036981 1
0.026828 0.186508 -0.174597 0
0.900541 0.129929 -0.052707 1
-0.488923 0.434214 -0.190463 2
-0.029403 0.343114 -0.401934 5
-0.446810 0.381617 -0.038363 2
0.819173 0.211334 -0.022511 1
0.056908 0.269183 -0.174480 0
-0.045174 0.094217 -0.176370 0
-0.028440 0.383396 -0.082157 6
-0.020439 0.408344 0.017236 6
0.445298 0.431218 -0.168356 1
0.426751 0.376202 -0.052718 1
-0.369271 0.378293 0.014014 2
-0.473571 0.402825 -0.135973 2
-0.098897 0.319679 -0.104780 6
-0.407736 0.422430 -0.195697 2
-0.222907 0.312690 -0.175697 0
-0.062151 -0.383171 -0.150126 0
-0.611518 0.369510 -0.081195 2
-0.939419 0.225799 0.058054 2
-0.849769 0.258138 0.069674 2
-0.546735 0.405762 -0.142698 2
0.688030 0.275277 -0.018667 1
-0.081254 0.307700 -0.437727 3
-0.792447 0.244854 0.136925 2
-0.764369 0.330120 -0.061635 2
-0.835028 0.286359 0.000220 2
0.547286 0.361340 -0.094659 1
-0.097903 0.090615 -0.183307 0
-0.935857 0.225908 0.001678 2
0.538237 0.277158 0.089741 1
-0.595843 0.349361 0.042052 2
0.822323 0.176527 0.024504 1
0.701835 0.269878 -0.048506 1
-0.016519 0.347563 -0.436147 5
-0.353226 0.365442 -0.137187 2
-0.290862 0.241831 -0.845845 3
0.715186 0.288306 -0.148616 1
0.356097 0.437169 -0.170327 1
-0.140347 0.290451 -0.641163 3
-0.076304 0.202938 -0.228586 0
-0.126662 0.273052 -0.666859 3
-0.539501 0.435498 -0.159357 2
-0.212452 0.247456 -0.801852 3
-0.466680 0.379341 -0.050148 2
-0.266231 0.347513 -0.163959 2
-0.523996 0.373627 0.023461 2
-0.098309 -0.205574 -0.172834 0
-0.563880 0.380417 -0.088163 2
-0.443901 0.375136 -0.084140 2
0.172835 0.343496 -0.111864 1
-0.455979 0.391512 0.036455 2
-0.053729 0.166617 -0.192758 0
-0.870430 0.239311 0.106376 2
-0.118760 0.267382 -0.347882 0
-0.510160 0.378171 0.062537 2
-0.088173 0.109512 -0.172887 0
-0.067599 0.283829 -0.693485 3
0.750834 0.186442 0.043081 1
0.642749 0.318766 -0.077564 1
-0.901807 0.255692 0.012872 2
-0.317503 0.279919 -0.767967 3
-0.219248 0.286956 -0.189133 0
0.038365 0.227304 -0.147243 0
0.745610 0.205421 0.058493 1
0.316442 0.395830 -0.110799 1
-0.082835 -0.081401 -0.158329 0
-0.139297 0.295530 -0.317306 4
0.757489 0.206765 0.038243 1
-0.929863 0.177741 0.143363 2
-0.049209 0.298889 -0.590736 3
0.475286 0.427013 -0.146510 1
-0.177045 0.323310 -0.510260 3
-0.050036 -0.241389 -0.134444 0
-0.058704 0.386780 -0.023264 6
-0.631481 0.352532 -0.044270 2
0.039730 0.348689 -0.381169 5
-0.051410 -0.437616 -0.157362 0
0.456989 0.333025 0.017543 1
-0.283636 0.359999 -0.367658 4
-0.303061 0.364849 -0.170849 2
-0.031043 0.299415 -0.134226 6
-0.304052 0.313994 -0.618082 3
0.662360 0.297153 -0.085274 1
0.092430 0.291792 -0.155328 0
-0.160368 0.317675 -0.466753 3
-0.085697 -0.219567 -0.162046 0
0.306325 0.355994 0.013872 1
-0.136194 0.223869 -0.187280 0
-0.104269 -0.293968 -0.164636 0
-0.066929 0.306429 -0.389043 5
0.506125 0.351442 -0.068213 1
-0.328896 0.273977 -0.742077 3
-0.187176 0.286223 -0.171142 0
-0.442196 0.429187 -0.183701 2
-0.631782 0.341832 0.028954 2
-0.589408 0.341134 0.095030 2
0.224181 0.336223 0.002872 1
-0.636402 0.382027 -0.111041 2
0.287853 0.402767 -0.135113 1
-0.059541 0.113562 -0.186908 0
-0.236568 0.323516 -0.310773 4
-0.082255 0.301272 -0.133141 6
-0.664169 0.310730 0.092943 2
-0.488299 0.379384 -0.010457 2
-0.204809 0.231980 -0.156794 0
-0.166883 0.338237 -0.378791 4
-0.028023 0.130090 -0.215615 0
-0.070557 -0.213600 -0.127893 0
-0.069025 0.321856 -0.140116 6
-0.578113 0.359213 0.002523 2
0.680702 0.298512 -0.125312 1
-0.608567 0.424117 -0.168596 2
0.111411 0.285255 -0.122307 0
-0.196659 0.270831 -0.736198 3
0.313363 0.381670 -0.083424 1
-0.646796 0.366703 -0.052876 2
-0.088949 -0.255235 -0.152007 0
-0.290719 0.323914 -0.565807 3
-0.629884 0.410659 -0.163854 2
-0.042275 -0.082986 -0.141265 0
-0.357976 0.387289 -0.165077 2
-0.050045 -0.431579 -0.178079 0
-0.082623 -0.162852 -0.144861 0
-0.209012 0.252882 -0.780497 3
0.709183 0.247131 0.006931 1
-0.967328 0.206034 0.072489 2
-0.081287 0.319623 -0.368368 5
0.799599 0.217060 -0.016580 1
-0.563112 0.361798 -0.038281 2
-0.964246 0.146477 0.122953 2
-0.049127 0.297363 -0.667122 3
-0.245447 0.264809 -0.782140 3
-0.093919 0.336232 -0.054765 6
-0.654968 0.302057 0.111778 2
0.385227 0.321715 0.057704 1
0.470899 0.320110 0.066030 1
-0.007223 0.155381 -0.172214 0
-0.939139 0.231324 0.036214 2
-0.173280 0.299880 -0.324924 4
-0.269700 0.323179 -0.132665 2
-0.060401 -0.417812 -0.139801 0
0.611124 0.288777 0.028301 1
-0.326725 0.353037 -0.137827 2
-0.236825 0.308834 -0.134422 0
-0.090418 0.296338 -0.356307 5
-0.173852 0.315353 -0.575218 3
0.817068 0.222418 -0.078883 1
-0.991045 0.134628 0.074193 2
-0.069776 -0.315812 -0.130698 0
-0.108815 0.243202 -0.274885 0
-0.012095 0.135883 -0.203203 0
0.749287 0.239265 -0.011282 1
-0.225797 0.327689 -0.514903 3
-0.065076 0.301670 -0.149700 6
-0.888968 0.271807 0.009363 2
-0.099651 -0.138920 -0.145138 0
-0.234626 0.294843 -0.726926 3
-0.695852 0.314489 0.061282 2
-0.052723 -0.479587 -0.161078 0
-0.142896 0.293244 -0.418393 3
-0.254957 0.324048 -0.505757 3
0.033804 0.244164 -0.163885 0
-0.069112 0.192619 -0.266237 0
-0.052786 0.302004 -0.568121 3
0.732670 0.272712 -0.118981 1
0.532966 0.320099 -0.021736 1
-0.091021 0.152254 -0.186856 0
-0.116215 0.307859 -0.459210 3
-0.656258 0.337070 0.002730 2
-0.104830 -0.232476 -0.176804 0
-0.230649 0.353701 -0.328376 4
0.551053 0.283840 0.067073 1
0.703414 0.279558 -0.092535 1
-0.203980 0.333004 -0.319784 4
-0.071322 0.329900 -0.405140 5
0.096093 0.371515 -0.477840 5
0.855963 0.199395 -0.040153 1
-0.106528 0.112187 -0.182065 0
0.605213 0.362166 -0.142293 1
-0.631407 0.323833 0.080311 2
-0.432219 0.400573 -0.157551 2
-0.143330 0.186303 -0.202393 0
-0.035662 0.392505 -0.054713 6
-0.062622 0.101074 -0.203347 0
-0.683964 0.372866 -0.154093 2
0.512147 0.336974 -0.027504 1
0.434926 0.341068 0.011804 1
-0.327931 0.300234 -0.642016 3
-0.060856 -0.300284 -0.142622 0
0.639401 0.315473 -0.118141 1
0.335512 0.352017 0.017316 1
-0.800575 0.279237 0.076134 2
-0.550707 0.344305 0.099848 2
-0.141868 0.160966 -0.187918 0
0.358747 0.365510 -0.036599 1
-0.997019 0.182279 0.078101 2
-0.174949 0.240746 -0.801804 3
-0.049318 -0.025363 -0.163488 0
-0.294710 0.392682 -0.390391 4
-0.256550 0.321331 -0.602663 3
0.905612 0.141897 -0.024080 1
-0.083229 0.056821 -0.171180 0
0.783215 0.195175 0.033866 1
-0.182475 0.322508 -0.546880 3
-0.716910 0.318795 -0.002975 2
-0.002545 0.298081 -0.147225 6
-0.034981 -0.458892 -0.173488 0
-0.101961 -0.119195 -0.149970 0
0.597468 0.300007 -0.029462 1
-0.268266 0.302457 -0.695411 3
0.508179 0.301451 0.068740 1
-0.081247 0.114289 -0.194410 0
-0.160996 0.327952 -0.337147 4
0.112500 0.319968 -0.141375 0
0.281526 0.389852 -0.119809 1
-0.221854 0.281226 -0.168938 0
-0.148373 0.316128 -0.517942 3
-0.032544 0.188590 -0.193631 0
-0.181564 0.325449 -0.488476 3
-0.241269 0.386242 -0.400317 4
-0.016792 0.314040 -0.137038 6
-0.070723 -0.232950 -0.144878 0
0.224381 0.361934 -0.039673 1
-0.001403 0.176833 -0.205553 0
-0.042053 0.339952 -0.378612 5
0.190397 0.347905 -0.020238 1
0.633651 0.312575 -0.045492 1
0.742950 0.248857 -0.042734 1
0.633108 0.332603 -0.145470 1
-0.059168 0.230665 -0.195194 0
0.200582 0.379087 -0.131919 1
-0.088475 0.299121 -0.383584 5
-0.228814 0.314711 -0.639121 3
-0.239781 0.370134 -0.354248 4
-0.547519 0.364995 0.042941 2
-0.860869 0.265047 -0.070213 2
-0.012791 0.411284 -0.036455 6
-0.070337 0.176650 -0.199052 0
0.606429 0.308883 -0.060455 1
-0.064810 0.347226 -0.106884 6
-0.499031 0.424547 -0.166162 2
-0.066429 0.307383 -0.520016 3
-0.214940 0.323621 -0.456789 3
-0.056955 -0.390279 -0.132068 0
-0.529881 0.356127 0.099440 2
-0.082683 -0.003222 -0.160699 0
-0.997812 0.157592 0.101496 2
-0.510686 0.373881 -0.042857 2
-0.259149 0.291975 -0.728652 3
-0.200385 0.353912 -0.348806 4
-0.735825 0.308548 0.041630 2
-0.102764 0.299256 -0.584104 3
-0.492079 0.393478 -0.133944 2
-0.043293 -0.196338 -0.148409 0
0.517925 0.315966 0.006257 1
-0.572781 0.401713 -0.141982 2
-0.144998 0.309239 -0.603412 3
-0.818065 0.274675 0.048771 2
-0.331925 0.243899 -0.858477 3
0.763775 0.261579 -0.129042 1
-0.232105 0.388157 -0.443409 4
0.221898 0.388627 -0.139572 1
-0.699948 0.289306 0.112299 2
-0.089232 0.307479 -0.543931 3
-0.209022 0.298466 -0.683368 3
-0.108924 0.282028 -0.666334 3
-0.948880 0.175640 0.131914 2
-0.073400 -0.498512 -0.185177 0
0.092021 0.378256 -0.428228 5
0.158531 0.355848 -0.118847 1
-0.081951 0.179726 -0.167067 0
-0.913831 0.232204 -0.029566 2
-0.867952 0.267716 0.025076 2
0.040993 0.374245 -0.452504 5
-0.741967 0.304130 0.060026 2
-0.380966 0.380947 -0.132442 2
-0.588508 0.326292 0.110581 2
-0.461091 0.374855 -0.068576 2
-0.090385 0.249562 -0.312736 0
0.021259 0.212341 -0.146341 0
-0.215626 0.326583 -0.551974 3
0.339311 0.408400 -0.127404 1
0.815738 0.219420 -0.046002 1
0.701854 0.241599 0.046904 1
0.756766 0.226442 0.001722 1
-0.072048 0.294160 -0.622057 3
0.516928 0.361139 -0.091131 1
-0.692649 0.325512 -0.005257 2
-0.623611 0.315467 0.112304 2
0.627311 0.339795 -0.162840 1
-0.337605 0.369686 -0.063162 2
0.204698 0.358677 -0.078291 1
0.797379 0.237340 -0.122334 1
-0.618518 0.347812 0.005145 2
-0.048521 -0.037262 -0.139249 0
-0.875151 0.244633 0.082525 2
0.398204 0.356684 -0.019967 1
0.528738 0.379499 -0.124833 1
-0.554874 0.420755 -0.161492 2
0.005765 0.411619 0.015078 6
-0.056627 -0.333564 -0.148854 0
-0.001041 0.194224 -0.168626 0
0.075866 0.293128 -0.140496 0
-0.069820 0.364909 -0.035714 6
-0.122480 0.119753 -0.201735 0
-0.091833 0.345324 -0.086617 6
0.555121 0.395251 -0.131002 1
0.068527 0.242994 -0.157837 0
-0.085804 0.234927 -0.195457 0
0.308435 0.360443 -0.017957 1
-0.117907 0.160309 -0.184392 0
-0.291463 0.229772 -0.879876 3
-0.092593 0.301480 -0.419005 3
-0.737496 0.286800 0.100538 2
-0.240720 0.276537 -0.760255 3
-0.195299 0.357923 -0.423090 4
-0.281959 0.345589 -0.096220 2
-0.770419 0.312566 -0.078880 2
-0.801113 0.299033 -0.086959 2
-0.778396 0.307223 -0.035942 2
-0.765464 0.282402 0.095873 2
-0.873958 0.263798 0.048135 2
-0.057597 -0.158429 -0.147926 0
-0.152119 0.286005 -0.663230 3
-0.075653 -0.457339 -0.159149 0
0.844074 0.166923 0.012611 1
0.257605 0.353497 0.025321 1
-0.780483 0.290382 0.046102 2
0.694177 0.242163 0.023292 1
-0.044460 -0.344092 -0.138113 0
-0.318494 0.379376 -0.478879 4
0.537185 0.325457 0.016080 1
0.272905 0.359284 -0.014221 1
-0.755327 0.299684 0.023199 2
0.355184 0.327519 0.074341 1
-0.256923 0.379759 -0.470892 4
-0.045406 0.286915 -0.146259 6
-0.834644 0.290562 -0.034544 2
0.560810 0.353824 -0.111928 1
-0.144469 0.277557 -0.356942 4
-0.258799 0.393604 -0.386698 4
0.710215 0.203354 0.064433 1
-0.153135 0.181966 -0.157840 0
0.167791 0.334888 -0.095412 1
-0.669564 0.339894 -0.030668 2
0.622017 0.267577 0.044630 1
-0.013751 0.355815 -0.389954 5
-0.096215 -0.272753 -0.158752 0
-0.944484 0.210361 -0.008783 2
0.230198 0.364895 -0.072625 1
-0.061530 -0.052958 -0.152429 0
0.523121 0.308090 0.034480 1
0.056634 0.263422 -0.138026 0
-0.374819 0.379981 -0.065342 2
-0.098065 -0.374632 -0.176267 0
0.562196 0.378222 -0.142751 1
0.033895 0.202701 -0.187278 0
-0.348280 0.259102 -0.820864 3
-0.897656 0.254151 -0.027258 2
0.584348 0.269535 0.064070 1
-0.073091 -0.301866 -0.172516 0
0.687474 0.228581 0.059334 1
-0.649631 0.364124 -0.089096 2
-0.137538 0.305059 -0.103833 6
-0.952487 0.194411 0.106649 2
-0.108740 -0.212159 -0.135763 0
-0.069790 -0.401417 -0.142563 0
-0.041312 -0.419425 -0.166228 0
-0.749921 0.310996 -0.003719 2
-0.842149 0.276474 0.029228 2
-0.138213 0.308809 -0.501963 3
-0.075669 0.280797 -0.159275 6
0.480578 0.296330 0.066307 1
-0.158980 0.311057 -0.408967 3
-0.090388 -0.109303 -0.166867 0
-0.165890 0.312564 -0.347963 4
0.458410 0.342497 -0.048288 1
0.011918 0.387155 0.027766 6
-0.664296 0.326363 0.059876 2
-0.081441 0.210889 -0.197948 0
-0.095695 0.215421 -0.274760 0
-0.266115 0.396757 -0.464352 4
-0.199121 0.324981 -0.582260 3
0.493191 0.371196 -0.102391 1
0.485444 0.328230 -0.009670 1
-0.024087 0.332591 -0.119628 6
0.674665 0.328640 -0.141903 1
0.140752 0.330826 -0.097041 0
0.632314 0.287141 -0.009871 1
0.013167 0.203127 -0.200774 0
0.741217 0.260088 -0.089517 1
-0.178123 0.215455 -0.167919 0
-0.062103 -0.012682 -0.157700 0
-0.094175 -0.236353 -0.160137 0
-0.783627 0.303045 -0.004489 2
0.774211 0.242171 -0.076704 1
0.706561 0.284295 -0.113092 1
-0.579491 0.359039 -0.026549 2
0.670965 0.279376 -0.026642 1
-0.189452 0.258028 -0.152017 0
0.445075 0.312787 0.084305 1
0.569427 0.252535 0.078993 1
-0.882758 0.226971 0.117763 2
-0.025434 0.387387 0.017730 6
-0.048234 0.319426 -0.129697 6
-0.097625 -0.331245 -0.176101 0
0.147520 0.333769 -0.115870 0
-0.137681 0.258745 -0.702720 3
-0.095292 0.146133 -0.211709 0
-0.095281 0.225077 -0.252449 0
-0.124059 0.295159 -0.130977 6
0.643586 0.302884 -0.026562 1
-0.312658 0.307602 -0.667358 3
-0.099925 0.078704 -0.197678 0
-0.435915 0.379343 -0.121455 2
-0.023064 0.121460 -0.181402 0
-0.094662 -0.314952 -0.162304 0
-0.179458 0.239627 -0.152123 0
-0.060591 0.263701 -0.152089 6
0.141643 0.328986 -0.146785 0
0.884778 0.184480 -0.081129 1
-0.080118 0.263019 -0.180229 0
-0.078545 0.383115 -0.054536 6
-0.043141 0.039329 -0.177286 0
0.631093 0.310019 -0.092547 1
0.489788 0.355159 -0.059897 1
-0.244125 0.308118 -0.665794 3
0.371923 0.338853 0.061282 1
-0.531701 0.371689 -0.066458 2
-0.135322 0.309750 -0.587426 3
-0.121403 0.133819 -0.176085 0
0.758286 0.244717 -0.065604 1
-0.069951 -0.194134 -0.128088 0
-0.091508 -0.178063 -0.138713 0
-0.637448 0.400872 -0.141576 2
-0.232431 0.381468 -0.384596 4
-0.302485 0.397710 -0.468203 4
-0.097038 0.303542 -0.113942 6
-0.289190 0.382149 -0.374742 4
-0.529161 0.372931 0.065186 2
0.463104 0.324586 0.044393 1
-0.078235 0.038530 -0.165247 0
-0.050511 0.302429 -0.486082 3
-0.087363 0.309386 -0.481106 3
-0.202540 0.303795 -0.666737 3
-0.181646 0.326254 -0.391564 4
0.004494 0.388607 -0.058823 6
-0.662686 0.358332 -0.034044 2
-0.671698 0.347944 -0.064096 2
0.823997 0.193863 0.017149 1
0.539255 0.394988 -0.163370 1
-0.294682 0.243033 -0.811326 3
0.641734 0.279998 0.032408 1
-0.738640 0.332909 -0.141107 2
0.836543 0.212259 -0.052630 1
0.021701 0.361703 -0.424401 5
-0.204118 0.224742 -0.182094 0
0.056678 0.288707 -0.164702 0
-0.144652 0.272764 -0.679435 3
0.285280 0.414966 -0.155370 1
-0.115563 0.321861 -0.094686 6
0.691725 0.277370 -0.062034 1
0.568639 0.333267 -0.051992 1
-0.700941 0.365652 -0.133485 2
-0.394410 0.408480 -0.172536 2
0.885096 0.177815 -0.052808 1
0.709238 0.270132 -0.075378 1
0.413896 0.429028 -0.145548 1
0.222190 0.385485 -0.168135 1
-0.718875 0.326664 -0.031376 2
0.433456 0.327822 0.068802 1
-0.501192 0.374637 -0.075883 2
0.406720 0.383086 -0.098897 1
-0.087083 -0.214412 -0.144239 0
0.769034 0.239472 -0.032845 1
0.647875 0.244747 0.058299 1
0.569556 0.342431 -0.094966 1
-0.224991 0.288085 -0.149775 0
-0.611844 0.405034 -0.132608 2
0.299600 0.393523 -0.118292 1
-0.659211 0.391706 -0.138129 2
0.383950 0.436105 -0.168638 1
-0.405614 0.382603 0.034254 2
0.427526 0.364140 -0.068458 1
-0.798612 0.263256 0.104800 2
-0.076674 -0.367373 -0.141566 0
-0.289584 0.322223 -0.128982 2
-0.036105 0.310248 -0.672516 3
-0.237689 0.316715 -0.485203 3
0.873173 0.144499 -0.000737 1
-0.946568 0.215077 0.071770 2
-0.079258 -0.035573 -0.135319 0
-0.521898 0.381689 -0.085128 2
-0.976936 0.187354 0.040073 2
-0.039847 0.136555 -0.200157 0
-0.073370 -0.252075 -0.143142 0
-0.107047 0.293955 -0.610628 3
-0.850439 0.245468 0.112541 2
-0.138812 0.311476 -0.370360 4
0.807217 0.188227 0.021383 1
-0.230703 0.300629 -0.695236 3
-0.103658 -0.258472 -0.141846 0
0.480335 0.289099 0.089305 1
-0.542599 0.368083 -0.018501 2
0.396722 0.345203 0.023396 1
0.466779 0.384368 -0.108073 1
-0.098244 0.255418 -0.165067 6
-0.918077 0.224194 0.092230 2
0.769234 0.252658 -0.106244 1
0.770226 0.270051 -0.097900 1
-0.282977 0.292460 -0.735569 3
-0.102517 -0.102770 -0.142469 0
-0.400006 0.376480 -0.096291 2
0.410988 0.371210 -0.064477 1
-0.945952 0.206783 0.091538 2
-0.548270 0.387894 -0.104171 2
-0.097575 0.237298 -0.298174 0
-0.093493 0.168748 -0.218002 0
-0.481981 0.383426 0.012829 2
-0.426170 0.379230 -0.072355 2
-0.748066 0.335525 -0.123811 2
0.785610 0.204257 0.016345 1
-0.075064 0.315914 -0.114899 6
0.065088 0.373903 -0.465254 5
-0.086336 0.359355 -0.066120 6
-0.117669 0.262963 -0.365990 0
-0.095442 0.005840 -0.169814 0
-0.096219 -0.198428 -0.152157 0
-0.391147 0.367489 -0.112382 2
-0.058108 0.176759 -0.178033 0
-0.753310 0.268102 0.126851 2
-0.773339 0.273015 0.108975 2
-0.340091 0.297876 -0.680420 3
-0.125777 0.281320 -0.387510 3
-0.050887 -0.467105 -0.181395 0
-0.037450 -0.487127 -0.167699 0
-0.141368 0.293576 -0.335744 4
0.581739 0.323656 -0.059722 1
-0.064372 -0.113469 -0.143487 0
-0.338780 0.378953 -0.171151 2
0.020805 0.355266 -0.384457 5
-0.022291 0.148702 -0.195413 0
-0.203094 0.316240 -0.308838 4
-0.079554 -0.404081 -0.166132 0
0.289472 0.353825 0.036826 1
-0.077939 -0.284513 -0.144984 0
0.804758 0.233715 -0.097668 1
-0.054090 0.204154 -0.267889 0
-0.889117 0.240428 0.071778 2
0.882050 0.158623 -0.029003 1
-0.085207 0.237770 -0.170353 0
-0.823725 0.296129 -0.086006 2
-0.417663 0.392082 -0.151778 2
0.664201 0.305186 -0.110938 1
-0.104710 -0.140947 -0.170719 0
-0.170913 0.340015 -0.401120 4
0.003336 0.349408 -0.380420 5
-0.586634 0.358821 0.053954 2
-0.662342 0.329718 0.040479 2
0.541344 0.312861 -0.003497 1
-0.459411 0.383456 0.061523 2
-0.282601 0.328331 -0.531965 3
0.833841 0.215511 -0.069875 1
-0.089330 0.340586 -0.107828 6
-0.090338 -0.298698 -0.153591 0
-0.280898 0.337685 -0.165574 2
-0.122756 0.185914 -0.176482 0
-0.264935 0.382205 -0.371589 4
-0.070404 0.205972 -0.180881 0
-0.591637 0.388133 -0.107011 2
-0.838617 0.275306 -0.073517 2
0.075039 0.374567 -0.431583 5
-0.055724 0.327940 -0.413266 5
-0.096739 0.127591 -0.176457 0
-0.112024 0.173143 -0.167967 0
-0.100263 0.262815 -0.302031 0
-0.102183 0.161413 -0.201346 0
-0.061772 0.236513 -0.159270 6
-0.111057 0.309540 -0.521859 3
0.718438 0.226320 0.035694 1
-0.282814 0.310816 -0.652161 3
0.907127 0.159409 -0.048688 1
-0.078108 -0.332339 -0.146926 0
-0.056911 0.329730 -0.380002 5
-0.549317 0.429739 -0.182578 2
-0.095353 0.310111 -0.465160 3
-0.076910 0.303990 -0.558625 3
-0.112223 0.132259 -0.191823 0
-0.689062 0.340143 -0.059722 2
-0.246293 0.396755 -0.433471 4
-0.280631 0.253364 -0.805826 3
-0.097508 -0.408022 -0.166839 0
-0.251761 0.327542 -0.162903 0
-0.310184 0.352222 -0.143703 2
0.766373 0.216303 0.013710 1
-0.079623 0.060581 -0.153416 0
-0.027673 0.279179 -0.142853 6
-0.016571 0.358458 -0.081466 6
-0.282771 0.337564 -0.140099 2
-0.298351 0.295862 -0.723682 3
0.658569 0.283723 -0.002118 1
-0.834295 0.259468 0.086929 2
-0.218552 0.275179 -0.748580 3
0.427493 0.341848 -0.049021 1
-0.084107 -0.479936 -0.183085 0
-0.982911 0.193097 0.076817 2
-0.085450 0.289272 -0.147506 6
-0.134847 0.315859 -0.540163 3
-0.090696 0.191555 -0.226392 0
-0.085547 -0.440431 -0.155458 0
-0.144958 0.150324 -0.201434 0
-0.829097 0.293650 -0.066466 2
0.279970 0.369771 -0.078663 1
-0.359350 0.367067 -0.012174 2
-0.048284 -0.218744 -0.133889 0
0.310162 0.373104 -0.050464 1
-0.670759 0.274483 0.128886 2
-0.091279 0.071718 -0.182558 0
-0.172161 0.180766 -0.185921 0
0.072877 0.273809 -0.179585 0
-0.076082 0.340505 -0.044653 6
-0.227287 0.310369 -0.655871 3
-0.024976 0.411029 -0.023724 6
-0.054974 0.307350 -0.345221 5
-0.164588 0.254866 -0.757465 3
-0.770992 0.312544 -0.119946 2
-0.389667 0.391181 -0.150508 2
-0.111023 0.306324 -0.556181 3
-0.749868 0.320654 -0.059522 2
-0.062679 -0.171133 -0.131570 0
-0.418252 0.386706 -0.021735 2
-0.747166 0.316775 -0.030263 2
0.118911 0.301091 -0.122643 0
-0.259770 0.326821 -0.537835 3
0.188196 0.367751 -0.103638 1
0.697589 0.295146 -0.126805 1
-0.250452 0.309957 -0.116290 2
-0.268914 0.315108 -0.639121 3
-0.526904 0.386967 -0.123555 2
-0.041649 0.221428 -0.177841 0
-0.608532 0.354050 -0.042598 2
0.422347 0.353619 0.012906 1
-0.736252 0.331435 -0.092405 2
-0.700344 0.363082 -0.116478 2
-0.164969 0.222672 -0.202285 0
-0.293059 0.248083 -0.829984 3
-0.142915 0.304626 -0.440672 3
-0.570305 0.397850 -0.120221 2
-0.233474 0.296644 -0.176930 0
0.599079 0.284160 0.013731 1
-0.070075 -0.426463 -0.154628 0
-0.257934 0.335832 -0.304877 4
-0.253953 0.293375 -0.142375 2
0.396957 0.333344 0.068071 1
-0.443510 0.395919 -0.132053 2
-0.070021 0.362978 -0.082561 6
-0.239918 0.307135 -0.164666 0
0.530842 0.399359 -0.148605 1
0.257014 0.403670 -0.149552 1
0.896663 0.155883 -0.018622 1
-0.282188 0.284654 -0.755999 3
-0.028937 -0.464034 -0.156467 0
0.578464 0.366542 -0.139702 1
-0.138804 0.264616 -0.341371 4
-0.186379 0.271561 -0.184881 0
-0.052295 0.404159 -0.022680 6
0.594395 0.349498 -0.131978 1
-0.070877 0.154947 -0.225653 0
-0.515651 0.440087 -0.182314 2
0.353974 0.390592 -0.097325 1
0.521249 0.278589 0.076074 1
-0.185205 0.317010 -0.451671 3
-0.224317 0.323345 -0.532271 3
-0.185709 0.318122 -0.523983 3
0.236339 0.373919 -0.113613 1
-0.109856 0.248066 -0.316757 0
-0.093295 -0.151033 -0.134999 0
0.325275 0.351381 0.030906 1
-0.543628 0.421654 -0.148742 2
-0.549164 0.374579 -0.072394 2
0.127959 0.320891 -0.102239 0
0.563712 0.316116 -0.015107 1
0.331509 0.347921 0.049560 1
-0.048957 -0.445996 -0.142764 0
0.104436 0.305720 -0.151458 0
0.475841 0.332981 0.013655 1
-0.015742 0.321882 -0.349678 5
-0.031658 0.166315 -0.189473 0
-0.644150 0.388882 -0.127296 2
-0.054276 0.385474 -0.003307 6
-0.015536 0.196642 -0.181933 0
0.092344 0.260786 -0.140877 0
-0.210449 0.256981 -0.174223 0
-0.756440 0.295373 0.061466 2
-0.145291 0.163296 -0.163602 0
0.470447 0.347956 -0.018076 1
-0.162866 0.247739 -0.174010 0
-0.813056 0.242426 0.131473 2
-0.213543 0.380582 -0.420989 4
-0.284003 0.313740 -0.616999 3
0.684221 0.312911 -0.151159 1
-0.168892 0.227031 -0.148005 0
0.003960 0.397651 0.038431 6
0.494443 0.342069 -0.032843 1
-0.319894 0.363071 -0.096876 2
0.466068 0.426425 -0.163830 1
-0.970505 0.185611 0.099475 2
0.317451 0.337542 0.044391 1
0.161487 0.322039 -0.111519 0
0.552628 0.305790 0.014624 1
-0.846953 0.223936 0.139953 2
-0.683296 0.365947 -0.114804 2
0.684749 0.294911 -0.061937 1
-0.337916 0.398355 -0.461312 4
0.388377 0.353159 -0.006706 1
-0.125600 0.277825 -0.364974 4
0.643365 0.302026 -0.084206 1
-0.216444 0.352753 -0.339279 4
0.426630 0.307394 0.071481 1
-0.722495 0.314117 0.018943 2
-0.097760 0.276919 -0.336542 0
-0.455345 0.385185 -0.020282 2
-0.179077 0.313551 -0.618442 3
-0.073155 0.149279 -0.193699 0
0.586278 0.297629 -0.011286 1
0.096134 0.296190 -0.107154 0
0.358062 0.424268 -0.141091 1
-0.069633 -0.199612 -0.143934 0
0.835607 0.200454 -0.018896 1
0.718272 0.250199 -0.007301 1
0.622274 0.304849 -0.026695 1
-0.303138 0.267284 -0.794235 3
0.448658 0.426854 -0.151716 1
-0.679261 0.318908 0.060983 2
0.257016 0.365739 -0.046097 1
-0.048320 -0.281853 -0.157097 0
-0.454496 0.389565 0.004206 2
-0.483937 0.441208 -0.174836 2
-0.050132 0.301171 -0.133826 6
-0.289958 0.382651 -0.482448 4
0.337215 0.374738 -0.070565 1
-0.302763 0.352911 -0.110957 2
0.728669 0.208000 0.060911 1
-0.966760 0.163890 0.125574 2
0.856894 0.150188 -0.004645 1
-0.783454 0.310073 -0.089797 2
-0.053249 -0.232630 -0.151686 0
-0.257729 0.261895 -0.793062 3
-0.723010 0.343079 -0.103662 2
0.617406 0.327125 -0.111460 1
-0.965411 0.209449 0.017464 2
0.475145 0.373359 -0.090238 1
0.017316 0.221160 -0.179038 0
-0.064664 0.381095 -0.065911 6
-0.067137 -0.332869 -0.132592 0
0.681189 0.288169 -0.087077 1
0.341729 0.359119 -0.001991 1
0.655102 0.320916 -0.162089 1
-0.610647 0.335628 0.074779 2
0.250684 0.367711 -0.065510 1
-0.206479 0.280035 -0.162681 0
0.679201 0.263572 -0.000017 1
-0.175114 0.241282 -0.184774 0
-0.272031 0.402399 -0.449875 4
0.547448 0.365552 -0.119915 1
-0.333851 0.381440 -0.187239 2
-0.765824 0.306239 -0.004258 2
-0.124760 0.251032 -0.348250 0
-0.037695 0.398991 0.005135 6
-0.314752 0.320267 -0.545529 3
-0.043410 -0.179867 -0.146425 0
0.166215 0.346812 -0.083988 1
-0.067747 0.337380 -0.119891 6
-0.459265 0.415269 -0.157185 2
-0.013293 0.398946 0.037541 6
0.753929 0.224483 0.036103 1
0.240070 0.355774 0.004352 1
0.851171 0.189710 -0.027621 1
-0.068289 0.122678 -0.208217 0
0.063397 0.249614 -0.131966 0
0.443534 0.306678 0.069032 1
0.734551 0.226973 0.022586 1
-0.090716 -0.446928 -0.186269 0
-0.060018 0.356253 -0.093846 6
0.291401 0.360571 -0.018015 1
-0.866368 0.272411 -0.030994 2
-0.838968 0.287018 -0.019011 2
-0.041516 -0.390095 -0.137907 0
0.079558 0.271223 -0.121933 0
-0.068535 -0.274932 -0.132421 0
0.711542 0.281940 -0.054197 1
-0.431935 0.384636 -0.031907 2
0.099990 0.321464 -0.127137 0
0.361106 0.403614 -0.115761 1
-0.039229 0.332156 -0.134979 6
-0.321599 0.285876 -0.750804 3
-0.201632 0.362655 -0.365005 4
0.015549 0.362817 -0.409176 5
-0.808193 0.283069 0.031900 2
-0.099422 -0.048530 -0.153325 0
0.700672 0.252129 -0.006182 1
0.069050 0.361403 -0.403586 5
-0.014232 0.332013 -0.098406 6
-0.521059 0.372880 -0.016638 2
-0.035335 0.344313 -0.121931 6
0.829102 0.217122 -0.034941 1
-0.566119 0.362044 0.030771 2
-0.096556 -0.245166 -0.135404 0
-0.141772 0.299813 -0.655749 3
0.361847 0.368670 -0.064064 1
0.172729 0.358040 -0.126717 1
-0.180255 0.281682 -0.694680 3
0.488337 0.317803 0.037411 1
-0.891981 0.254054 0.039581 2
-0.616837 0.376564 -0.094976 2
0.572223 0.316994 -0.029625 1
-0.423463 0.391187 0.018439 2
0.514523 0.304913 0.048037 1
-0.153203 0.187394 -0.187862 0
-0.053298 0.322845 -0.350155 5
-0.240987 0.297724 -0.123187 0
0.269535 0.409798 -0.178694 1
0.898786 0.139187 -0.039365 1
-0.080501 0.192940 -0.194987 0
-0.955791 0.216180 0.034153 2
-0.328671 0.385098 -0.463508 4
0.880593 0.161121 0.002587 1
-0.106427 0.285061 -0.386248 5
0.363934 0.357474 -0.003350 1
0.329626 0.390502 -0.098919 1
-0.041695 0.023678 -0.161772 0
-0.173292 0.244465 -0.782657 3
0.079723 0.281975 -0.161079 0
0.686813 0.210741 0.057108 1
-0.548281 0.367313 -0.003271 2
-0.363686 0.384030 -0.016166 2
0.593884 0.335517 -0.088176 1
-0.713603 0.357018 -0.138920 2
-0.021936 0.146497 -0.178763 0
-0.111950 -0.172968 -0.163769 0
-0.009023 0.284099 -0.142046 6
-0.166207 0.183284 -0.167409 0
-0.582551 0.432225 -0.160709 2
0.304855 0.343184 0.055258 1
-0.607489 0.327197 0.106517 2
0.541579 0.342079 -0.069146 1
0.709588 0.303476 -0.147189 1
-0.223027 0.329949 -0.483926 3
-0.132605 0.292758 -0.363263 4
0.022576 0.370844 -0.445944 5
-0.083960 -0.019064 -0.163962 0
0.193327 0.368235 -0.071769 1
-0.313569 0.293995 -0.728980 3
-0.685146 0.304506 0.091289 2
-0.059087 0.024066 -0.164964 0
0.246967 0.362035 -0.032837 1
-0.208722 0.237952 -0.827333 3
-0.088960 0.304586 -0.403190 5
-0.482630 0.373891 -0.067235 2
0.478281 0.411813 -0.141797 1
-0.603465 0.350804 0.010574 2
0.228138 0.392044 -0.154587 1
-0.384547 0.386264 -0.027939 2
-0.676551 0.357781 -0.094741 2
-0.038076 0.080803 -0.182782 0
0.214703 0.357818 -0.090981 1
-0.230758 0.303677 -0.151784 0
-0.091583 0.020809 -0.175055 0
-0.030070 0.272511 -0.157379 6
-0.735385 0.265532 0.131970 2
-0.418410 0.384316 -0.114454 2
-0.352463 0.375096 -0.050274 2
0.864805 0.198010 -0.073779 1
-0.449167 0.428833 -0.198230 2
-0.000741 0.136830 -0.182602 0
-0.041304 0.321801 -0.113434 6
-0.872219 0.270257 -0.015871 2
-0.112309 0.281338 -0.341860 0
0.626946 0.250247 0.068299 1
-0.172028 0.253734 -0.158800 0
-0.472089 0.388997 0.047961 2
-0.134370 0.292121 -0.404542 3
-0.325883 0.225375 -0.851377 3
0.628052 0.288426 -0.027056 1
-0.035958 -0.246394 -0.140355 0
-0.238302 0.339394 -0.309087 4
0.796763 0.217349 -0.037935 1
-0.856775 0.200175 0.158696 2
-0.181583 0.344726 -0.354320 4
-0.193275 0.235777 -0.193054 0
-0.337932 0.367767 -0.101111 2
-0.074480 -0.092914 -0.138580 0
-0.085145 -0.287197 -0.163467 0
-0.286853 0.397158 -0.471591 4
-0.075587 -0.045350 -0.153083 0
0.654374 0.232713 0.076850 1
-0.894473 0.204813 0.138268 2
0.721632 0.249321 0.016713 1
0.857687 0.181737 -0.041609 1
-0.278882 0.310836 -0.125661 2
-0.271851 0.401918 -0.411918 4
-0.308187 0.380213 -0.388735 4
-0.273298 0.236323 -0.855394 3
-0.334022 0.354312 -0.110448 2
-0.089516 -0.164366 -0.159175 0
0.542352 0.340891 -0.046441 1
-0.950777 0.220893 0.004839 2
-0.304805 0.317009 -0.583189 3
-0.163048 0.293146 -0.653198 3
-0.379726 0.408269 -0.180270 2
-0.134284 0.199058 -0.166958 0
0.307290 0.357547 -0.002243 1
0.386665 0.414332 -0.128880 1
-0.010956 0.174942 -0.192185 0
-0.060479 -0.335377 -0.168102 0
-0.218504 0.319892 -0.139791 0
-0.788822 0.229666 0.142976 2
-0.857112 0.277480 -0.043981 2
-0.608450 0.349163 -0.020006 2
-0.920334 0.192134 0.137837 2
-0.090050 0.101090 -0.195619 0
0.682049 0.226406 0.074132 1
0.190174 0.354114 -0.040852 1
-0.977401 0.170338 0.115666 2
0.416142 0.328337 0.073020 1
-0.010869 0.352989 -0.098011 6
-0.268518 0.309772 -0.146322 2
-0.105210 0.235112 -0.259709 0
0.123946 0.338050 -0.123324 0
0.048237 0.252177 -0.179444 0
0.040466 0.362992 -0.395273 5
-0.101292 -0.262854 -0.170996 0
-0.088586 -0.294746 -0.137474 0
-0.449873 0.389400 -0.117895 2
-0.086529 0.295910 -0.585973 3
-0.149495 0.250346 -0.758870 3
0.095638 0.376973 -0.443921 5
-0.895803 0.229188 0.102643 2
0.660215 0.290924 -0.069704 1
0.538193 0.285469 0.076083 1
-0.824594 0.222850 0.147957 2
-0.055850 0.053069 -0.170693 0
0.373845 0.435274 -0.146908 1
0.852551 0.206352 -0.081678 1
0.581103 0.302743 0.023249 1
-0.052707 -0.132418 -0.132457 0
-0.531616 0.369745 -0.049362 2
0.240604 0.382175 -0.128347 1
-0.082185 0.321817 -0.067956 6
-0.556675 0.396188 -0.134224 2
0.403958 0.382853 -0.083417 1
-0.786515 0.293704 0.026872 2
-0.838402 0.282075 0.014944 2
0.717716 0.268582 -0.020239 1
-0.077190 -0.147188 -0.144781 0
-0.188502 0.335905 -0.320632 4
-0.783412 0.307172 -0.055408 2
-0.052248 -0.084677 -0.153219 0
-0.091386 -0.274576 -0.134824 0
-0.749834 0.327991 -0.099381 2
-0.840898 0.285923 -0.048120 2
-0.995751 0.149487 0.066399 2
-0.136290 0.253175 -0.734950 3
-0.892361 0.255543 -0.041905 2
-0.932648 0.232795 0.022066 2
-0.803760 0.270496 0.091933 2
-0.034607 -0.415328 -0.147811 0
-0.199935 0.252723 -0.162319 0
0.104037 0.375778 -0.458194 5
-0.354556 0.380751 -0.028610 2
-0.526647 0.442383 -0.169595 2
0.298256 0.379773 -0.086847 1
0.255641 0.387608 -0.128002 1
-0.056456 0.305512 -0.678212 3
-0.321518 0.313811 -0.637844 3
0.335573 0.331362 0.054904 1
-0.593664 0.343852 -0.054337 2
0.492286 0.405836 -0.138511 1
-0.706169 0.270977 0.131869 2
0.784669 0.235562 -0.063632 1
0.745898 0.271513 -0.127084 1
-0.101042 -0.073265 -0.172200 0
-0.200783 0.276862 -0.180957 0
-0.189422 0.280811 -0.156738 0
-0.047579 -0.272374 -0.142462 0
-0.974573 0.205349 0.058750 2
-0.080444 0.278131 -0.686834 3
0.844962 0.151431 0.011663 1
0.595175 0.315806 -0.041104 1
0.791870 0.221964 0.005206 1
-0.083554 0.138128 -0.199876 0
-0.086476 0.084407 -0.174803 0
-0.004311 0.365214 -0.074729 6
-0.323426 0.382029 -0.415507 4
-0.253518 0.375799 -0.358675 4
0.784333 0.222629 -0.015186 1
-0.487365 0.376472 0.070444 2
0.654329 0.276864 0.011835 1
-0.074192 -0.249075 -0.127972 0
-0.113626 0.296711 -0.426569 3
0.574741 0.301074 0.007930 1
-0.296624 0.325172 -0.142830 2
0.675688 0.282550 -0.054760 1
-0.702565 0.348669 -0.097113 2
0.475784 0.437218 -0.158104 1
-0.148370 0.165522 -0.201561 0
-0.107053 -0.125290 -0.163222 0
0.667059 0.253052 0.029348 1
-0.258285 0.279070 -0.753163 3
-0.849492 0.281029 -0.000586 2
-0.041500 -0.211458 -0.145874 0
-0.163390 0.313173 -0.515938 3
-0.079780 0.221682 -0.261880 0
-0.605567 0.392141 -0.119703 2
0.503692 0.322844 -0.001472 1
0.451233 0.370409 -0.074983 1
-0.095040 0.179391 -0.176897 0
-0.334290 0.365672 -0.142347 2
-0.872912 0.278512 0.011018 2
-0.151403 0.226260 -0.187642 0
-0.260156 0.321118 -0.554842 3
0.355265 0.328189 0.058960 1
-0.084135 -0.326476 -0.163013 0
-0.242677 0.276586 -0.167631 0
0.579755 0.371777 -0.164311 1
0.488548 0.394736 -0.127820 1
-0.930866 0.162407 0.142948 2
-0.770274 0.312341 -0.061696 2
-0.795213 0.295995 0.043423 2
-0.329168 0.364538 -0.037397 2
-0.198544 0.310190 -0.630973 3
-0.811503 0.288672 -0.091569 2
0.394820 0.394450 -0.112761 1
-0.100092 0.286264 -0.362684 0
-0.057288 0.280689 -0.156681 6
0.789975 0.172432 0.035658 1
