0.032187 -0.082572 0.743448 4
-0.037851 -0.031316 -0.796770 3
0.956306 -0.107539 -0.070556 1
0.122648 -0.823791 0.054310 0
-0.748463 -0.280366 0.285347 2
0.134602 -0.015047 -0.032263 0
-0.484499 0.116285 -0.156036 5
-0.273526 -0.077832 0.268450 2
0.172662 0.231547 0.392000 4
-0.082073 0.229227 -0.401264 3
0.561456 0.050099 0.078107 1
-0.223681 -0.332167 -0.556940 3
0.080307 -0.414426 0.043032 0
-0.149591 0.184805 0.563598 4
-0.329259 0.022405 -0.595141 3
-0.083219 0.152363 0.143770 8
0.314357 0.093353 -0.273947 6
0.299340 0.093652 0.647316 4
-0.517095 -0.163007 0.111778 2
-0.220374 0.239944 -0.143376 5
0.296583 0.162301 0.143997 7
-0.095316 -0.197384 0.085785 0
-0.547034 -0.109759 0.384695 2
0.682212 -0.067779 -0.141044 1
0.367513 -0.127441 0.025015 1
-0.117100 0.178619 -0.657528 3
0.053856 0.164341 -0.194788 6
0.055829 0.164066 0.705747 4
0.800720 0.035389 0.044530 1
-0.225121 -0.164321 -0.723924 3
-0.051092 0.221995 0.363403 4
0.080594 0.008577 0.186530 0
-0.304116 0.170011 -0.324153 5
0.137980 -0.612596 0.079667 0
0.136722 -0.211620 0.037412 0
-0.323363 -0.144065 0.077023 2
0.487486 -0.056206 -0.109023 1
-0.230120 0.160517 -0.506922 3
-0.050622 -0.002563 -0.054292 0
0.175975 0.229536 0.578962 4
-0.197339 0.022006 -0.724033 3
0.173247 0.038716 0.758044 4
0.045952 0.183938 -0.596530 3
0.148080 0.162204 0.238192 7
0.213244 0.149607 -0.137891 6
-0.002053 0.257726 0.520451 4
-0.438259 -0.089916 0.243874 2
-0.082188 0.116334 -0.278893 0
-0.616534 -0.184031 0.243041 2
-0.380538 0.238967 -0.198649 5
-0.335537 -0.139236 -0.608564 3
-0.678675 -0.193306 0.391627 2
0.033680 -0.135979 -0.039300 0
-0.015089 0.087285 -0.714380 3
0.825654 -0.045393 -0.082245 1
0.176606 0.136484 -0.283152 6
0.023879 -0.286391 0.083104 0
0.668548 0.003994 -0.018598 1
-0.198502 -0.139049 0.164730 2
0.933916 -0.009080 0.027611 1
-0.157940 0.234716 -0.268912 5
0.408933 0.106924 0.205393 7
-0.078018 0.246124 -0.541920 3
-0.158030 -0.277065 -0.666661 3
-0.005991 0.039940 -0.179183 0
0.083926 -0.118086 0.123827 0
-0.013557 0.041042 0.703512 4
-0.244548 0.119107 -0.637030 3
0.442125 -0.020122 0.058122 1
0.267738 -0.216482 0.025324 0
0.184507 0.151623 0.693940 4
-0.419798 0.139802 -0.271513 5
-0.295666 -0.057329 -0.698464 3
0.008969 0.072842 0.103603 8
0.264404 0.195799 0.269778 7
0.047073 0.219374 0.285925 4
-0.283943 -0.249752 -0.634884 3
-0.143178 0.226100 0.445895 4
-0.411375 0.180592 -0.091989 5
0.054719 0.241642 0.404592 4
0.553479 -0.015523 -0.024590 1
0.152443 -0.322858 0.058314 0
0.010811 0.183767 0.604212 4
0.268140 0.159113 0.561452 4
-0.344639 -0.097490 0.176339 2
0.105414 0.105925 -0.115546 6
0.035965 -0.036924 -0.113367 0
-0.371325 -0.056735 0.323899 2
0.148913 -0.719058 0.055007 0
0.080127 0.082330 0.264992 0
0.108458 0.251069 0.497164 4
-0.156881 -0.082100 -0.733553 3
0.188671 0.153695 0.139514 7
0.090993 -0.520466 0.037537 0
0.143661 -0.120886 -0.029685 0
0.133351 -0.056980 0.779855 4
-0.263634 0.231192 -0.248502 5
0.692657 0.059626 0.067082 1
-0.158480 0.229378 -0.474342 3
-0.121457 0.092490 -0.720085 3
-0.311088 0.196093 -0.112848 5
0.207649 0.196597 0.482915 4
-0.540498 -0.121177 0.282443 2
-0.687809 -0.250787 0.208871 2
0.074626 0.062045 0.764507 4
-0.423865 -0.140098 0.082590 2
0.015868 0.119818 0.191185 8
0.587419 -0.042904 -0.128866 1
0.423489 -0.060276 -0.035298 1
-0.596056 -0.203245 0.152564 2
-0.691438 -0.202588 0.297926 2
-0.469718 -0.086249 0.336421 2
0.095405 0.218275 0.626833 4
-0.210549 0.184612 -0.328359 5
-0.162302 0.206090 -0.565131 3
0.254731 0.144663 -0.222922 6
-0.018965 0.220648 -0.475473 3
-0.116075 0.010211 -0.765376 3
-0.276881 0.035117 -0.680485 3
-0.038707 0.208110 -0.620339 3
0.734342 -0.032033 -0.075885 1
0.342977 0.159538 0.243478 7
-0.287790 0.101827 -0.559886 3
-0.610754 -0.150837 0.336885 2
-0.064788 0.229922 0.577535 4
0.980214 -0.083826 0.013972 1
0.082752 0.135538 -0.272494 6
0.113418 -0.088812 0.046647 0
-0.052220 0.253205 0.444392 4
-0.498560 -0.131348 0.190139 2
-0.104689 0.189240 -0.328141 0
0.068366 -0.032792 0.112890 0
0.854659 -0.002570 -0.009563 1
-0.097075 0.211106 -0.214064 5
-0.018275 0.117461 -0.211983 0
-0.301052 -0.162771 -0.686041 3
0.001360 0.111234 0.659382 4
-0.740046 -0.241216 0.360009 2
0.108967 0.189953 0.356807 4
0.057868 -0.201509 0.012476 0
-0.328390 -0.057288 -0.621269 3
0.105219 -0.257419 0.099171 0
0.135437 0.158271 -0.181865 6
0.916956 -0.036357 -0.056959 1
0.773335 -0.079916 -0.135315 1
-0.106936 0.157956 0.627508 4
0.235013 0.183903 0.630982 4
-0.436206 0.168365 -0.194692 5
-0.423999 -0.114673 0.164000 2
0.887419 -0.091231 -0.109382 1
0.202649 -0.259794 0.044177 0
-0.265610 -0.097277 0.190272 2
-0.221669 -0.240032 -0.698834 3
0.124151 0.120478 0.742450 4
-0.358017 0.195480 -0.261407 5
0.028971 -0.002915 0.760662 4
0.748000 0.009489 -0.007570 1
-0.348531 -0.101462 0.263769 2
-0.485800 0.069045 -0.093578 5
-0.041892 -0.253931 0.106782 0
-0.034724 0.044687 -0.775466 3
-0.033670 0.141818 -0.659187 3
0.089094 0.145760 0.191685 0
-0.165592 -0.162401 0.099441 0
-0.306084 0.242706 -0.181547 5
-0.264342 -0.139143 0.125406 2
0.612875 0.027065 0.027385 1
-0.104902 0.235964 0.510369 4
-0.197105 -0.332208 -0.627599 3
0.061198 -0.351787 0.080290 0
0.509076 0.004827 0.032639 1
-0.183703 0.114672 -0.684346 3
-0.227888 0.168984 -0.581522 3
0.213464 0.184600 0.208797 7
0.089363 0.153655 0.284691 0
0.041086 0.103626 -0.153746 6
0.121975 -0.467962 0.078830 0
-0.089570 -0.080081 -0.777876 3
0.299654 -0.152480 0.010409 0
0.082825 -0.283018 0.035014 0
0.633574 -0.026567 -0.076039 1
0.361148 0.150782 0.173623 7
0.077238 -0.191840 0.081018 0
0.065725 0.230237 0.550835 4
-0.223573 -0.056393 -0.728386 3
-0.171835 0.243935 -0.195482 5
-0.012301 0.217886 -0.555414 3
0.150335 -0.544148 0.067964 0
0.028477 0.100519 0.722758 4
0.067830 0.064031 0.139442 0
-0.280493 -0.304197 -0.591921 3
-0.019854 -0.088080 -0.761059 3
0.120614 0.178653 0.686016 4
0.026929 -0.063840 -0.050344 0
-0.557739 -0.154583 0.217130 2
0.103827 -0.667271 0.057238 0
-0.480880 0.139135 -0.091904 5
0.107931 0.008366 0.789500 4
0.236191 0.113284 0.672378 4
0.090510 -0.079053 -0.016342 0
0.014563 0.223787 0.348658 4
-0.085105 0.246904 -0.475218 3
0.491809 -0.040209 -0.015926 1
0.048823 0.228676 0.476987 4
-0.370998 0.213867 -0.137482 5
-0.048820 0.175646 -0.243627 0
-0.041010 0.100901 0.139463 8
-0.146518 0.212604 -0.405592 3
-0.297505 0.074927 -0.621208 3
-0.104054 0.217728 -0.605331 3
0.298502 0.198770 0.212824 7
-0.178164 0.163377 -0.636563 3
0.110718 -0.150322 0.019648 0
-0.165818 -0.205313 -0.705164 3
0.121870 0.246881 0.431350 4
0.313009 0.116997 -0.210338 6
0.188504 0.156860 -0.222032 6
0.201366 0.179952 0.277684 7
0.089225 -0.108858 0.761571 4
-0.372432 -0.118604 0.121562 2
0.174619 0.244867 0.510169 4
0.156560 0.200072 0.633479 4
-0.264244 -0.111119 -0.713582 3
0.106081 -0.763344 0.071977 0
-0.084835 0.141078 -0.700549 3
0.417620 -0.069890 0.026917 1
0.092983 -0.583527 0.035194 0
0.010104 -0.003546 -0.766899 3
-0.364454 0.147094 -0.300341 5
-0.324888 -0.110041 -0.662570 3
-0.318608 -0.003518 -0.655658 3
0.118218 -0.030209 0.149685 0
-0.104440 0.185893 -0.442207 3
0.235125 0.118097 -0.275322 6
-0.599011 -0.142835 0.397045 2
-0.156176 0.201397 0.504492 4
-0.304665 -0.205345 -0.597337 3
0.239200 0.208698 0.538891 4
-0.461600 0.117508 -0.217761 5
-0.001011 0.006680 -0.091452 0
-0.325795 -0.044807 0.266598 2
-0.092303 0.183753 0.386964 4
0.154856 0.144057 -0.122412 6
-0.005092 0.250226 0.404305 4
-0.166608 -0.149678 -0.728539 3
0.074321 -0.044752 0.778055 4
0.087875 0.074980 0.205690 0
0.880710 0.014951 0.041890 1
-0.170165 -0.024686 -0.749384 3
-0.230168 0.077461 -0.685187 3
0.793637 -0.016113 -0.035939 1
-0.199617 0.210828 -0.515599 3
0.043222 0.190595 0.653244 4
-0.109530 0.217549 0.613897 4
-0.224701 -0.284507 -0.648542 3
0.045392 0.118050 -0.230165 6
-0.465249 -0.136275 0.124240 2
0.967462 -0.036216 -0.018009 1
0.009321 0.178583 -0.641854 3
0.172742 0.091346 0.727904 4
0.241849 0.134537 0.124475 7
0.282783 0.141346 0.615216 4
0.131703 0.134313 0.153400 7
-0.132230 0.120642 0.143656 8
0.108400 -0.363322 0.044283 0
0.072961 -0.064864 0.161756 0
0.536031 -0.030216 -0.078099 1
-0.385092 -0.090735 0.217356 2
-0.244635 0.246183 -0.195810 5
-0.419391 -0.054659 0.291568 2
-0.100815 0.182999 -0.265973 5
-0.260247 0.200009 -0.303537 5
0.633842 0.060929 0.068059 1
0.120194 0.243576 0.560447 4
-0.531713 -0.084885 0.336327 2
-0.640688 -0.219943 0.204886 2
-0.548664 -0.167465 0.163137 2
0.747172 0.050358 0.056808 1
-0.063901 0.099895 -0.738983 3
-0.279685 0.238404 -0.131928 5
-0.490529 -0.105074 0.257129 2
0.094823 -0.138075 0.072666 0
0.614248 -0.003889 -0.028531 1
-0.760651 -0.291410 0.347621 2
0.379841 -0.089844 -0.017733 1
-0.664751 -0.173851 0.337192 2
-0.211722 -0.111179 -0.730249 3
0.137191 0.149831 -0.240450 6
0.017807 0.049400 0.748259 4
0.187426 0.234062 0.444570 4
0.509377 0.032630 0.079685 1
-0.211337 0.222398 -0.288936 5
-0.434449 0.181548 -0.141764 5
-0.027414 0.224124 0.313899 4
-0.037770 0.066860 -0.216276 0
-0.215376 -0.138683 0.102190 2
-0.305301 -0.074003 0.218475 2
0.258568 0.174663 0.180898 7
-0.585567 -0.150218 0.271395 2
-0.261251 -0.007552 -0.709444 3
-0.051733 0.254409 0.497766 4
0.007748 0.235806 0.593108 4
-0.003255 -0.002451 -0.143712 0
-0.304169 0.208982 -0.274559 5
-0.133918 0.230318 -0.527487 3
-0.278127 -0.216200 -0.675396 3
0.699333 0.027385 0.026005 1
-0.709541 -0.231558 0.257884 2
-0.162197 0.201820 -0.316704 5
0.824304 -0.089138 -0.126868 1
-0.164376 0.062852 -0.717374 3
0.083202 0.134386 -0.155282 6
0.109907 0.127103 0.243820 7
0.014799 0.262804 0.457065 4
0.108858 -0.309111 0.094236 0
0.073089 -0.163706 -0.019313 0
0.067440 0.220093 0.351220 4
-0.628205 -0.171564 0.293178 2
0.015645 0.187588 0.310811 4
0.681561 -0.037608 -0.089673 1
0.022623 0.212386 0.530389 4
-0.179183 -0.323576 -0.580756 3
-0.329579 0.214033 -0.223535 5
-0.101650 0.224420 0.416612 4
-0.040630 0.245443 -0.436806 3
-0.424683 -0.064276 0.344321 2
0.975952 -0.119446 -0.021818 1
0.169348 -0.113943 0.013387 0
0.007913 0.217932 -0.603361 3
-0.305236 -0.112577 0.138512 2
0.132080 -0.057358 0.002304 0
-0.066235 0.167793 -0.303593 0
-0.113830 -0.039624 -0.758274 3
0.170677 0.164433 0.191867 7
0.140446 -0.802324 0.095986 0
-0.097534 0.187264 -0.378590 3
-0.261903 0.132667 -0.592173 3
0.867174 -0.028960 -0.049960 1
-0.372989 -0.142826 0.075330 2
-0.083491 0.047687 -0.766304 3
0.121956 0.076685 0.766492 4
0.458262 -0.050727 -0.069279 1
0.266348 0.209126 0.580236 4
-0.068934 -0.221843 0.132832 0
-0.547582 -0.131293 0.331084 2
0.075578 0.112932 0.746213 4
-0.132759 0.130083 -0.690293 3
0.029657 0.079399 0.166637 8
-0.391461 0.196740 -0.221444 5
-0.259982 0.150323 -0.544682 3
0.637146 -0.048308 -0.138001 1
-0.101694 0.131344 0.184211 8
0.533615 -0.047300 -0.124068 1
0.135745 -0.278637 0.045284 0
0.080847 -0.231261 0.043844 0
0.280825 0.127792 -0.260847 6
-0.227141 -0.118758 0.211398 2
0.102902 -0.174425 0.118752 0
-0.739515 -0.232523 0.311976 2
0.120970 -0.418253 0.069250 0
0.003130 0.038183 -0.743304 3
-0.372490 -0.056601 0.271717 2
-0.051605 0.236152 -0.581246 3
-0.119832 0.230225 -0.369302 3
0.052091 0.213621 0.605815 4
0.092016 0.009385 0.139608 0
-0.304639 0.058638 -0.573019 3
0.187988 0.209496 0.242069 7
-0.466811 -0.076178 0.287429 2
0.011430 -0.053360 -0.772394 3
0.554291 0.010876 0.017549 1
-0.445899 -0.127380 0.204808 2
-0.661149 -0.205105 0.245691 2
0.107844 0.230571 0.388515 4
-0.156384 -0.300282 -0.624982 3
-0.315278 -0.176449 -0.633728 3
-0.584441 -0.112713 0.355394 2
0.062239 0.040142 0.225429 0
0.234029 0.153069 -0.180452 6
-0.024707 -0.283319 0.073689 0
-0.212944 0.239997 -0.230606 5
0.210776 0.120424 0.718072 4
0.139857 0.225440 0.351392 4
-0.142745 0.193690 -0.620852 3
0.735223 -0.058544 -0.114900 1
-0.136478 -0.178871 0.132626 0
0.089626 -0.072455 0.099218 0
0.013146 0.155824 0.644041 4
0.104029 -0.550303 0.071568 0
0.119009 -0.450818 0.035337 0
-0.067567 0.181139 -0.645482 3
-0.643256 -0.152660 0.372974 2
0.094646 0.145147 -0.221598 6
-0.064139 0.008722 -0.782818 3
-0.040862 0.241077 -0.514388 3
0.014714 0.089092 -0.189204 6
0.076801 0.181350 0.324366 4
-0.027611 0.140147 0.160438 8
-0.715275 -0.203113 0.350546 2
0.588884 -0.026461 -0.063539 1
-0.499488 -0.087040 0.371791 2
-0.201570 0.138506 -0.604189 3
0.379972 0.140990 0.216850 7
0.713984 -0.003663 -0.035694 1
0.906934 -0.007443 -0.022597 1
-0.101539 0.238709 0.460796 4
-0.050459 0.127217 -0.247551 0
-0.148724 0.166933 0.610840 4
-0.243686 0.210156 -0.117721 5
0.774472 -0.048160 -0.090470 1
0.300993 0.172607 0.255603 7
-0.198828 0.210888 -0.464157 3
-0.282887 -0.259488 -0.584108 3
0.921326 -0.070373 -0.087486 1
0.181782 -0.304944 0.028702 0
-0.083192 -0.240963 0.087101 0
0.187443 0.176288 0.656005 4
-0.112154 0.229942 -0.438148 3
-0.402979 0.207092 -0.168206 5
0.017300 0.143297 0.696530 4
-0.314435 -0.101443 -0.619770 3
0.215276 0.212457 0.591655 4
-0.267635 0.079828 -0.660957 3
0.812648 0.003623 0.004321 1
0.074871 0.245728 0.444069 4
-0.149668 0.022328 -0.738857 3
0.049910 -0.022792 -0.073627 0
0.236096 -0.231967 0.053070 0
0.177606 0.147080 -0.164265 6
0.965936 -0.070170 -0.048637 1
0.036683 0.125284 0.152516 8
0.135816 0.226878 0.605053 4
0.123433 0.118572 -0.276196 6
-0.603067 -0.197679 0.195852 2
0.155197 0.249695 0.470857 4
0.098077 -0.191685 0.030268 0
-0.514208 -0.133967 0.231149 2
-0.237271 -0.309240 -0.596155 3
0.472809 0.008735 0.069797 1
-0.242090 -0.203164 -0.710373 3
-0.238760 0.036387 -0.701462 3
-0.326795 -0.059616 0.307479 2
0.073852 -0.114213 0.002990 0
0.053063 -0.096912 -0.060701 0
0.339294 -0.160887 0.025900 0
-0.118948 0.215497 0.564517 4
-0.131448 0.230118 -0.232380 5
0.110358 -0.709514 0.072306 0
0.023454 -0.321919 0.058341 0
-0.241739 -0.121134 0.163220 2
-0.225673 0.186239 -0.541357 3
-0.312618 0.037205 -0.635713 3
-0.019389 0.201619 -0.516094 3
0.001330 -0.027553 -0.065406 0
0.119969 -0.110458 0.006278 0
0.090091 -0.324390 0.058638 0
0.454987 -0.031553 0.018751 1
-0.003729 0.090048 0.696454 4
0.144495 -0.776156 0.057940 0
-0.001340 0.110817 0.126689 8
0.314472 0.165785 0.190754 7
-0.091137 0.122534 0.114222 8
0.234081 0.155250 0.664843 4
0.333543 0.066100 -0.247289 6
0.104643 0.043688 0.182067 0
-0.506969 -0.102126 0.300601 2
0.141251 -0.654872 0.076949 0
0.051786 0.028118 0.162202 8
-0.037371 0.245087 0.548997 4
-0.163833 -0.161691 0.173651 0
-0.331262 0.182917 -0.294373 5
0.652995 0.037645 0.035256 1
-0.499378 -0.144427 0.150135 2
0.107938 0.151843 0.719579 4
0.110431 -0.219202 0.082427 0
-0.137113 -0.198484 0.088524 0
0.009164 0.009159 0.725787 4
-0.387573 0.165937 -0.262442 5
0.840430 0.020560 0.032709 1
0.060855 0.022391 0.769595 4
-0.338494 -0.017346 -0.603579 3
0.126595 -0.509930 0.066855 0
-0.262169 -0.093816 0.231706 2
-0.463644 0.155141 -0.128380 5
0.255120 0.187047 0.230300 7
-0.464792 -0.126855 0.164601 2
0.018957 -0.078839 -0.088067 0
0.032051 -0.044145 0.759556 4
-0.344153 0.234240 -0.167867 5
-0.210680 -0.017155 -0.729543 3
-0.093487 0.208280 0.353737 4
-0.293364 0.241584 -0.221775 5
-0.053658 0.079362 -0.252248 0
-0.384114 -0.104205 0.165425 2
-0.120295 0.051050 -0.742286 3
0.853177 -0.067825 -0.103171 1
-0.294596 -0.017983 -0.686333 3
-0.172530 -0.252664 -0.696453 3
0.271326 -0.174301 0.030743 0
-0.496865 0.081044 -0.138831 5
0.120448 0.088807 0.254321 7
-0.301862 -0.110282 -0.697165 3
0.068291 0.241254 0.510641 4
-0.050663 0.240360 0.405661 4
-0.424112 -0.125651 0.124699 2
-0.331252 0.227750 -0.128786 5
0.142946 -0.017414 0.781308 4
-0.129442 0.200957 -0.288709 5
0.057391 0.123825 -0.185085 6
-0.343998 -0.073424 0.230919 2
0.081378 0.191078 0.667174 4
-0.202226 0.134228 -0.651315 3
-0.084137 -0.030023 -0.784170 3
0.102893 -0.616812 0.055996 0
-0.207349 0.181658 -0.613916 3
0.206025 0.231576 0.536705 4
0.381048 -0.085891 0.031985 1
0.070770 0.120475 0.237384 0
0.067000 -0.156816 0.122066 0
-0.257433 -0.284997 -0.620957 3
0.720544 -0.078036 -0.146670 1
0.220428 0.151160 -0.245227 6
-0.726623 -0.266426 0.248904 2
0.077321 -0.026505 0.151993 0
0.106402 -0.043036 -0.029933 0
-0.106832 0.231401 -0.568060 3
0.135310 0.034621 0.777552 4
-0.264597 -0.150602 -0.709003 3
-0.463288 0.142113 -0.182247 5
-0.026705 0.114444 -0.687839 3
0.215160 0.169899 0.164249 7
0.494065 -0.034944 -0.062963 1
0.119810 0.145714 -0.140763 6
-0.585254 -0.136870 0.310024 2
0.758522 0.027803 0.025795 1
0.130764 0.151565 0.204367 7
0.095596 -0.376677 0.079089 0
-0.052869 -0.068410 -0.786168 3
0.070345 -0.302227 0.098588 0
0.064618 0.094266 -0.123660 6
-0.420434 -0.092610 0.281533 2
0.121490 0.203220 0.652027 4
-0.186237 -0.161082 0.132740 0
-0.323200 -0.070587 -0.657738 3
-0.417334 0.156269 -0.236118 5
-0.569503 -0.184319 0.130962 2
0.130924 -0.576689 0.058543 0
0.679674 -0.015893 -0.050254 1
0.127170 -0.187691 0.004645 0
0.105459 -0.083117 0.786896 4
0.059898 -0.080062 0.770474 4
0.087084 0.206489 0.296715 4
-0.456630 -0.054341 0.318751 2
-0.074564 0.153065 -0.263195 0
-0.198642 -0.272476 -0.676066 3
0.342642 0.101556 -0.235340 6
-0.179001 0.215590 -0.426003 3
0.342034 -0.131868 -0.003451 0
0.574637 0.033714 0.045983 1
0.108035 -0.030956 0.792278 4
0.136167 0.249822 0.523675 4
-0.250680 -0.243827 -0.674099 3
-0.024780 -0.240057 0.075516 0
0.268856 0.116368 0.643326 4
0.119527 -0.245543 0.033866 0
0.366811 0.175486 0.207188 7
0.200532 0.199960 0.433581 4
0.094908 -0.483502 0.046100 0
0.451295 -0.064898 -0.009601 1
0.034573 0.157949 -0.622139 3
0.012702 0.032115 -0.145281 0
-0.025633 0.261490 0.470952 4
0.160616 0.189322 0.261730 7
-0.026475 0.008324 -0.787247 3
-0.482390 -0.114406 0.219931 2
-0.151170 0.154210 -0.661456 3
0.094979 0.228885 0.590536 4
-0.197884 -0.190352 -0.721859 3
-0.118684 0.236686 -0.488923 3
0.028892 0.207582 0.576774 4
0.229572 0.218635 0.209107 7
0.120675 -0.547875 0.036814 0
-0.307392 -0.088800 0.184233 2
0.059647 0.061160 0.179354 0
0.043843 -0.102217 -0.024935 0
-0.197644 0.069492 -0.701924 3
-0.210580 0.250765 -0.181479 5
-0.249882 0.173348 -0.327367 5
-0.264239 -0.070861 -0.713117 3
-0.439740 0.157354 -0.098117 5
-0.023816 0.063769 -0.742575 3
0.829188 -0.028069 -0.049601 1
-0.144315 0.201630 -0.252378 5
-0.467283 0.099333 -0.184165 5
0.099110 -0.800152 0.070485 0
-0.038664 0.252028 -0.474437 3
-0.376576 0.184792 -0.115239 5
0.132189 -0.737203 0.083611 0
-0.310327 -0.241069 -0.604907 3
0.097443 -0.056412 0.134079 0
0.188411 0.210132 0.616835 4
0.761455 -0.025669 -0.051757 1
-0.184310 -0.057714 -0.736403 3
-0.199681 0.189506 -0.570200 3
-0.301176 -0.215973 -0.646888 3
0.154496 0.142973 0.713121 4
0.520016 -0.014792 -0.009855 1
-0.062915 0.133767 0.167743 8
0.235904 -0.249349 0.021085 0
-0.293290 -0.142677 0.097431 2
0.891811 -0.049939 -0.083082 1
-0.591098 -0.169308 0.221985 2
0.113958 -0.403517 0.035899 0
0.088359 -0.270314 0.070021 0
-0.389156 -0.078314 0.295184 2
0.289546 0.133377 -0.188411 6
-0.025573 0.171574 -0.636548 3
-0.146110 0.209959 0.538136 4
0.587229 0.010217 0.003144 1
0.041597 0.214217 0.326930 4
-0.343488 -0.084956 -0.603995 3
-0.043283 0.151618 -0.281232 0
0.002358 -0.035795 -0.125845 0
0.088367 -0.102994 0.068008 0
-0.000282 0.233823 0.493897 4
-0.120720 -0.169042 0.100104 0
-0.324986 -0.123278 0.110868 2
-0.631457 -0.164527 0.404377 2
-0.100096 -0.203173 0.120540 0
0.077847 -0.048801 0.075432 0
-0.183911 -0.297748 -0.647308 3
0.041777 0.075477 0.750749 4
-0.276672 0.103508 -0.623983 3
-0.404052 -0.079295 0.245053 2
-0.134944 -0.014023 -0.745888 3
0.185436 0.175868 0.228612 7
-0.224669 0.103846 -0.662213 3
-0.406187 0.199503 -0.127799 5
0.076687 -0.378848 0.046218 0
0.262380 0.183153 0.603807 4
0.119960 -0.309995 0.041852 0
-0.662205 -0.180488 0.290998 2
0.961393 -0.039224 0.016503 1
-0.164726 0.220204 -0.514031 3
0.376941 0.119568 0.176078 7
0.329781 0.142069 0.160635 7
-0.422935 -0.100983 0.206424 2
0.025571 -0.003569 -0.115834 0
0.983809 -0.083294 -0.021558 1
0.136486 -0.683421 0.057282 0
-0.028778 0.074050 -0.183233 0
0.096354 -0.443047 0.068002 0
-0.054301 -0.221781 0.082703 0
0.105623 -0.178356 0.065773 0
-0.079508 0.216997 0.390687 4
-0.036778 0.021600 -0.075218 0
-0.081859 0.242926 0.535528 4
0.039251 0.081364 0.129775 8
0.935702 -0.025457 -0.009109 1
-0.690294 -0.180181 0.361697 2
-0.144145 0.223136 -0.193790 5
0.613570 -0.038124 -0.101840 1
0.026883 0.256689 0.418561 4
0.131919 -0.640976 0.046705 0
0.096587 -0.124225 0.037367 0
0.648665 -0.042416 -0.102775 1
0.084208 0.151176 0.250620 0
0.576110 -0.039940 -0.092669 1
-0.305457 -0.138030 -0.625496 3
0.308298 -0.166691 0.040639 0
0.054265 0.129959 0.725111 4
-0.125136 0.211169 0.471172 4
-0.530252 -0.144765 0.191646 2
0.190136 0.147315 -0.112468 6
-0.295853 -0.053828 0.252210 2
-0.623142 -0.219049 0.166716 2
-0.488479 0.115521 -0.115683 5
0.244054 0.164190 0.141631 7
0.398660 -0.104837 0.009441 1
0.135326 -0.343808 0.036093 0
0.534884 0.029636 0.057033 1
0.161715 0.241748 0.550326 4
0.047994 -0.296177 0.060872 0
-0.173877 -0.111753 -0.735198 3
0.104327 -0.114807 0.095762 0
0.155226 0.076395 0.753028 4
-0.037977 0.199451 0.341516 4
0.105539 -0.011338 0.116293 0
0.265719 0.145793 0.164429 7
-0.097997 0.156226 -0.300248 0
0.417930 -0.081184 -0.005426 1
0.028619 0.235755 0.377114 4
-0.652506 -0.238241 0.178885 2
-0.007924 0.111102 -0.176826 0
0.893271 -0.004403 0.017039 1
0.236635 -0.204766 0.032002 0
0.155112 0.240508 0.429998 4
-0.078182 0.170881 -0.338488 0
0.291491 0.138663 -0.230701 6
0.601697 0.049840 0.058160 1
0.350452 -0.100015 0.034862 0
-0.436637 -0.086105 0.310410 2
-0.324899 -0.139456 -0.680969 3
-0.179703 0.240829 -0.236261 5
0.053433 -0.136538 -0.011857 0
-0.171945 0.193295 -0.453995 3
-0.264193 0.247687 -0.168470 5
0.264985 0.153396 0.641046 4
-0.302056 -0.065935 0.282890 2
-0.060989 0.128448 -0.680697 3
-0.131056 0.194831 0.589637 4
-0.344279 -0.110503 0.137788 2
-0.544502 -0.136860 0.245061 2
-0.048454 0.103379 -0.224167 0
-0.253630 0.117595 -0.542287 3
-0.567446 -0.173517 0.191405 2
0.054582 -0.017881 0.777292 4
0.222329 0.209169 0.510079 4
0.262392 0.100577 -0.267693 6
-0.737947 -0.249181 0.275029 2
0.171030 -0.285121 0.053158 0
0.087870 0.034720 0.786714 4
0.290808 -0.187514 0.007316 0
-0.289843 0.100629 -0.593675 3
0.154807 0.155091 -0.208603 6
0.016865 0.060697 -0.161563 6
0.200595 0.228961 0.483904 4
0.471191 -0.012533 0.040453 1
-0.275662 -0.188494 -0.693204 3
0.634124 0.016479 0.004451 1
0.453929 -0.045169 -0.035900 1
-0.135840 0.218381 -0.580279 3
0.055406 0.188479 0.293157 4
-0.005204 0.232481 0.376752 4
-0.310429 -0.044019 -0.672028 3
0.417290 -0.049466 0.052500 1
-0.542088 -0.103399 0.309872 2
0.096399 0.242114 0.538048 4
0.011195 0.067577 0.714572 4
-0.482201 -0.152748 0.101953 2
0.118900 -0.077797 -0.032077 0
-0.212976 0.195619 -0.489042 3
-0.244346 0.228288 -0.274405 5
-0.143721 0.255490 -0.216381 5
0.041200 0.164070 0.671754 4
0.075733 0.088466 0.232539 0
-0.087547 0.202514 -0.628631 3
0.000478 0.124799 0.155962 8
-0.505136 -0.103221 0.336043 2
-0.531692 -0.112197 0.353507 2
0.139118 0.132312 0.230070 7
-0.103718 0.200961 -0.407088 3
-0.100362 0.238476 -0.515303 3
0.105808 0.145830 -0.181256 6
0.078208 0.117563 0.268469 0
-0.091555 0.166179 -0.672437 3
0.214457 0.191985 0.246625 7
-0.262956 -0.286973 -0.571349 3
0.093405 0.089357 0.758521 4
-0.436404 0.130586 -0.235067 5
-0.236959 0.151658 -0.606849 3
-0.337461 -0.030380 -0.635976 3
0.018362 0.199004 -0.579847 3
-0.179817 0.217781 -0.295474 5
-0.020150 0.006105 -0.050852 0
0.209895 0.138856 0.158070 7
0.060055 -0.169730 0.012527 0
0.016499 -0.043615 -0.089154 0
-0.580896 -0.146999 0.347067 2
-0.146313 0.227286 -0.433745 3
-0.164930 0.193933 -0.594333 3
0.154487 0.152709 0.165644 7
-0.291435 0.194688 -0.301095 5
-0.752884 -0.261286 0.312806 2
-0.000684 0.142885 0.669480 4
-0.316822 -0.086405 0.245256 2
-0.358208 0.216619 -0.210218 5
0.258035 0.092547 0.661136 4
-0.611497 -0.131851 0.362180 2
-0.065105 0.119242 -0.712101 3
0.795094 -0.062967 -0.109306 1
-0.148920 -0.057699 -0.751972 3
0.216903 0.156411 0.125795 7
0.698916 0.015933 -0.003263 1
-0.277404 -0.121739 0.149857 2
-0.028330 0.254465 -0.570813 3
-0.069589 0.241587 -0.448168 3
-0.084098 0.078910 -0.750495 3
0.714059 0.046567 0.045855 1
0.313039 -0.124484 0.014262 0
0.134323 0.236280 0.404710 4
-0.240400 -0.031008 -0.721636 3
-0.304281 0.226818 -0.248973 5
-0.238897 -0.084352 -0.725163 3
-0.008152 0.197981 0.332751 4
0.122667 -0.735307 0.051244 0
0.094599 0.245937 0.469818 4
-0.308333 0.050005 -0.606199 3
-0.024470 0.254315 0.430525 4
-0.091776 0.185021 0.626513 4
-0.678066 -0.230565 0.230306 2
-0.079501 0.209906 0.612302 4
0.522871 -0.021258 -0.040041 1
0.216000 0.131796 0.686873 4
0.103321 0.178961 0.273503 0
0.118854 0.212421 0.332697 4
-0.148594 0.101947 -0.708572 3
-0.339924 -0.072153 0.282417 2
0.201077 0.157749 -0.181263 6
0.149452 0.136673 -0.268544 6
-0.024897 0.228136 -0.594395 3
0.134305 -0.237743 0.076371 0
-0.340791 0.197706 -0.105021 5
0.138294 0.154408 0.266290 7
-0.099788 0.208455 -0.248751 5
0.089039 -0.164817 0.043718 0
0.121665 0.154217 -0.209038 6
0.510522 -0.038437 -0.093135 1
0.649006 -0.014439 -0.051424 1
0.132843 -0.083476 0.018437 0
-0.500290 -0.075094 0.313524 2
0.016628 -0.030811 0.736656 4
0.458782 -0.059419 -0.098767 1
-0.451060 -0.139269 0.097266 2
-0.200513 0.227619 -0.164156 5
0.117574 -0.336429 0.064663 0
-0.158034 -0.149291 0.131499 0
-0.128207 0.203859 -0.356281 3
-0.178554 -0.003384 -0.729157 3
-0.225837 -0.126187 0.137662 2
0.060948 -0.269571 0.053404 0
-0.050572 0.064259 -0.757246 3
-0.051590 0.112510 0.113299 8
0.090973 -0.139825 -0.013008 0
0.045032 -0.070511 -0.074666 0
0.204836 0.121001 -0.277005 6
-0.066431 0.250554 -0.500804 3
0.825672 -0.003139 -0.022350 1
-0.486426 0.102680 -0.088164 5
0.107262 0.143268 -0.249227 6
-0.312285 -0.175991 -0.599602 3
-0.063631 0.218813 -0.606605 3
0.280952 0.175401 0.204455 7
0.221019 0.162985 -0.206048 6
0.778221 0.003202 -0.018317 1
0.045360 0.238649 0.444075 4
0.150081 0.171602 0.684298 4
0.252511 0.138595 -0.259422 6
0.314315 0.111194 -0.249412 6
0.432717 -0.066999 -0.070993 1
0.082044 -0.162874 0.088580 0
-0.357888 -0.085643 0.204983 2
-0.277274 -0.067759 0.228484 2
0.071283 0.132779 -0.244601 6
-0.332239 0.008924 -0.622068 3
-0.272563 -0.035529 -0.708396 3
0.153516 0.113249 0.735799 4
0.694689 -0.055918 -0.116239 1
0.041178 0.224680 0.509996 4
0.055357 -0.323305 0.071870 0
-0.659148 -0.186447 0.364027 2
0.030644 0.113915 -0.195534 6
-0.237884 -0.137061 -0.724955 3
-0.320342 -0.150651 -0.648422 3
0.098798 0.137467 -0.120864 6
-0.677051 -0.207724 0.271101 2
-0.197919 0.226283 -0.262304 5
-0.277610 0.245137 -0.195262 5
0.041858 0.142290 -0.211295 6
-0.717724 -0.217756 0.297494 2
0.278843 0.157093 0.589935 4
-0.022326 -0.276615 0.104569 0
0.793457 -0.034629 -0.071560 1
-0.301725 -0.189144 -0.671731 3
0.043611 0.048495 0.763758 4
0.059976 0.091026 0.176776 8
0.090594 0.112725 0.216289 0
0.056426 -0.101309 0.749638 4
-0.206140 0.214236 -0.328295 5
-0.195000 -0.085481 -0.733117 3
-0.113251 0.217343 0.443416 4
-0.017465 0.014125 -0.164135 0
-0.131805 0.225186 -0.461551 3
0.103107 0.174152 0.312247 4
0.095790 0.215480 0.364747 4
0.494355 -0.017454 0.005060 1
0.586869 -0.016652 -0.035485 1
0.136818 -0.142719 -0.010662 0
-0.198793 -0.150856 -0.726959 3
-0.688487 -0.186271 0.324307 2
-0.370166 -0.072666 0.244922 2
-0.209431 -0.305285 -0.625858 3
0.083197 -0.224830 0.092646 0
0.124457 -0.482192 0.044482 0
0.013917 0.261125 0.495741 4
0.098510 -0.256851 0.016353 0
0.234823 0.195501 0.270036 7
-0.329077 -0.122633 -0.634445 3
-0.287210 0.057767 -0.658763 3
0.856147 -0.090154 -0.122323 1
-0.614964 -0.159331 0.378477 2
0.120081 -0.789647 0.048406 0
0.217635 0.217219 0.562662 4
-0.084636 0.245793 0.483852 4
0.055380 0.222091 0.577811 4
0.117417 -0.107260 0.769899 4
0.083535 0.040626 0.202339 0
-0.402828 0.193539 -0.194310 5
0.082214 -0.016977 0.791049 4
0.095559 0.167644 0.696721 4
-0.024404 -0.057053 -0.792276 3
-0.077412 0.235368 0.429074 4
-0.185017 0.210153 -0.541071 3
-0.623644 -0.197898 0.218199 2
-0.465736 -0.089720 0.259987 2
0.931929 -0.097223 -0.092459 1
-0.290208 -0.136903 -0.700639 3
0.102860 -0.521677 0.079177 0
-0.104389 0.158583 -0.342064 0
-0.019422 0.089199 -0.219945 0
-0.028264 0.159311 -0.257504 0
0.114174 -0.588782 0.079058 0
-0.024382 0.223084 0.351681 4
0.092026 -0.550014 0.032256 0
0.187894 0.145415 -0.248760 6
-0.050209 -0.255546 0.078963 0
-0.393376 -0.120668 0.187523 2
0.059462 -0.124416 -0.046095 0
-0.223072 0.139538 -0.631781 3
0.094239 -0.217754 0.018033 0
-0.452579 0.132144 -0.091543 5
-0.518146 -0.120921 0.256794 2
-0.358566 -0.127451 0.097638 2
-0.306996 -0.083141 -0.688244 3
-0.449395 -0.101537 0.219729 2
-0.351279 -0.057626 -0.598188 3
-0.291172 0.008968 -0.676224 3
0.854535 -0.047730 -0.081768 1
0.087820 -0.205505 0.057764 0
-0.388051 0.134195 -0.289583 5
-0.116148 0.178863 0.608564 4
0.171476 0.217163 0.366957 4
-0.562457 -0.100679 0.341007 2
-0.066176 0.199057 0.352188 4
0.365584 -0.101842 0.004299 1
0.112602 0.142584 0.175298 7
0.130759 -0.775988 0.089471 0
0.553343 -0.027137 -0.050942 1
-0.221363 0.201274 -0.307601 5
0.026699 0.198555 -0.613145 3
-0.169407 -0.177344 -0.721419 3
-0.208471 -0.128834 0.192097 2
-0.226060 -0.258499 -0.674576 3
0.106850 -0.269979 0.043565 0
-0.003559 -0.030357 -0.780490 3
-0.210919 -0.217056 -0.712080 3
0.187441 0.228413 0.416526 4
0.108647 -0.642725 0.071019 0
0.235813 0.198347 0.605540 4
-0.223661 0.011307 -0.721664 3
-0.117788 0.196058 -0.634985 3
-0.403472 -0.069091 0.271645 2
-0.265051 0.244623 -0.222100 5
-0.610748 -0.163419 0.270038 2
0.161809 0.213715 0.607382 4
0.143892 -0.005589 -0.057405 0
-0.277720 0.219274 -0.275532 5
-0.052471 0.245977 -0.554622 3
0.214207 0.208745 0.456831 4
-0.087638 0.205794 -0.359542 0
-0.303134 0.224015 -0.125113 5
0.070229 -0.219825 -0.005265 0
0.152575 -0.814024 0.073244 0
0.075772 -0.097130 0.099394 0
0.333969 0.166132 0.217482 7
-0.170860 0.035453 -0.720102 3
-0.133772 0.218387 0.497122 4
-0.211786 -0.321264 -0.593895 3
0.982783 -0.057392 0.004338 1
0.037771 0.078402 -0.168414 6
-0.038282 0.087576 -0.737957 3
-0.278460 0.174373 -0.335108 5
0.097307 0.240810 0.418819 4
0.027917 0.194373 0.629823 4
-0.404562 -0.065812 0.324581 2
0.976004 -0.110420 0.005582 1
-0.117214 0.227234 0.534160 4
-0.333615 -0.110480 -0.597386 3
-0.250780 -0.176629 -0.713911 3
0.124152 -0.263677 0.066099 0
-0.449921 0.140823 -0.207236 5
0.119896 -0.519776 0.036219 0
-0.456692 0.154541 -0.155614 5
0.934908 -0.056685 -0.064344 1
0.096247 -0.403161 0.069779 0
0.250922 0.183271 0.536892 4
-0.252208 0.158809 -0.570261 3
-0.106550 0.131504 0.135848 8
-0.359047 0.176303 -0.281812 5
0.113216 0.136817 -0.294787 6
-0.085417 0.183715 -0.419347 3
0.668171 0.024112 0.016044 1
0.734561 -0.016307 -0.049800 1
0.043872 0.058966 0.152888 8
-0.581627 -0.154771 0.244120 2
0.108936 0.139854 0.217203 7
-0.223005 0.214083 -0.262769 5
-0.644812 -0.188393 0.270679 2
0.259658 0.133638 -0.197829 6
-0.384846 -0.043063 0.292678 2
0.666634 -0.050638 -0.122383 1
-0.422081 0.186857 -0.168155 5
-0.323462 -0.117824 0.158866 2
-0.070524 0.247437 -0.420991 3
0.878620 -0.014233 -0.017457 1
-0.405119 -0.129183 0.099939 2
0.009659 0.118056 0.687908 4
0.118999 -0.682349 0.078795 0
-0.522265 -0.119697 0.320388 2
0.091207 0.023209 0.163625 0
-0.641781 -0.165792 0.323956 2
0.082083 -0.135521 0.097096 0
-0.126408 0.154828 -0.679701 3
0.057576 -0.186499 -0.017278 0
0.214435 0.181244 0.649251 4
0.667478 0.057699 0.055851 1
-0.115355 0.123558 -0.710733 3
0.336403 -0.124775 0.028972 0
-0.562484 -0.125965 0.365547 2
-0.370611 -0.084069 0.270060 2
-0.295535 0.242540 -0.156097 5
-0.147956 0.173531 -0.638884 3
-0.563220 -0.125849 0.297754 2
-0.721373 -0.206847 0.323999 2
0.057875 -0.080360 -0.039350 0
0.431320 -0.049661 0.014430 1
0.197458 -0.292273 0.047289 0
0.107103 0.051431 0.776634 4
-0.613066 -0.154431 0.309830 2
-0.167672 0.203619 -0.626244 3
-0.052598 0.251446 0.524923 4
0.948187 -0.042085 -0.036460 1
-0.370113 0.206807 -0.235200 5
0.204959 -0.233936 0.035691 0
0.772520 0.043448 0.049370 1
-0.198185 0.248220 -0.209172 5
0.073862 -0.348999 0.056282 0
0.352525 0.146184 0.218735 7
-0.535735 -0.166505 0.139156 2
0.123609 -0.032308 -0.011724 0
-0.196446 -0.333094 -0.556755 3
0.118686 -0.084309 -0.005625 0
-0.214133 -0.117040 0.161186 2
-0.036241 0.228778 0.385137 4
-0.115615 -0.215094 0.082326 0
0.092738 -0.076133 0.072503 0
-0.081201 0.180428 -0.284543 0
0.095008 0.129956 0.737990 4
0.265520 0.181291 0.576789 4
0.074933 0.149278 0.718000 4
-0.036850 0.103411 -0.714304 3
-0.130304 0.228417 -0.554925 3
0.124941 -0.602851 0.048901 0
0.107251 -0.242544 0.057770 0
-0.063248 -0.092086 -0.778246 3
0.253450 0.131796 0.662900 4
0.699926 -0.026398 -0.073327 1
0.007552 0.035872 0.722545 4
-0.050055 0.184121 -0.624984 3
0.800871 0.020242 0.022255 1
0.135020 0.246563 0.496969 4
0.714061 -0.041935 -0.090507 1
0.026696 0.022251 0.751475 4
-0.403235 -0.117471 0.147209 2
-0.464785 -0.096486 0.312107 2
0.092357 -0.453069 0.037529 0
-0.263531 -0.261851 -0.647368 3
0.087354 -0.192286 0.005705 0
-0.353202 -0.062066 0.303616 2
-0.338444 0.211051 -0.248642 5
-0.158493 0.122794 -0.688192 3
-0.004281 0.132158 0.643689 4
-0.002609 0.018558 -0.774977 3
-0.056600 0.150892 0.145832 8
-0.241796 -0.308315 -0.569830 3
0.041931 0.226794 0.355527 4
-0.101675 0.216562 0.584865 4
-0.467298 -0.116007 0.193575 2
0.296249 0.176882 0.229674 7
0.002913 0.200431 -0.625057 3
-0.180083 -0.230309 -0.708822 3
-0.437016 -0.074132 0.271906 2
0.006992 -0.301380 0.062358 0
0.098071 -0.125442 0.008432 0
0.154765 0.143339 0.194993 7
0.154431 0.155628 -0.154397 6
-0.245562 -0.114599 0.191980 2
0.090354 -0.297848 0.058582 0
-0.186648 0.218895 -0.486323 3
-0.295783 -0.135359 0.122802 2
0.530587 -0.000313 0.013512 1
-0.010430 0.221643 -0.501196 3
-0.199595 -0.139714 0.124513 2
-0.292378 -0.100148 0.165568 2
-0.178936 -0.322810 -0.610780 3
0.067325 0.208047 0.326072 4
0.240188 0.206174 0.577630 4
0.184627 0.124412 0.718475 4
0.001354 0.008731 -0.117714 0
0.062074 0.203486 0.639909 4
0.053405 0.081734 -0.144054 6
-0.005061 -0.295899 0.086049 0
-0.027483 0.233800 -0.540834 3
-0.701943 -0.252410 0.231088 2
-0.130025 0.199587 -0.330321 5
0.075681 0.138604 -0.197022 6
0.277834 0.149756 -0.211083 6
-0.065589 -0.216315 0.105856 0
0.014284 0.103374 0.149476 8
0.095169 -0.057027 0.788356 4
0.029466 -0.109397 -0.045714 0
0.101043 -0.335326 0.037415 0
0.067996 0.175810 0.683818 4
0.068950 0.230330 0.375336 4
0.118146 -0.138238 0.042588 0
0.495504 0.015017 0.058291 1
-0.025651 0.251886 0.498132 4
0.854140 0.006076 0.015714 1
-0.102601 0.235383 -0.542524 3
-0.021012 0.237873 -0.455872 3
-0.105816 0.181100 -0.302534 5
-0.011663 0.240619 0.547068 4
0.130895 -0.133164 0.013293 0
0.378936 0.141410 0.190353 7
0.083541 -0.257258 0.044061 0
-0.578552 -0.188438 0.165108 2
0.109620 -0.283628 0.088493 0
0.019683 -0.012669 -0.076563 0
-0.085615 0.227039 -0.582618 3
0.120584 0.248218 0.470289 4
-0.022899 0.101907 0.683336 4
-0.267922 0.013645 -0.692265 3
-0.309435 0.021915 -0.656588 3
-0.144577 0.049690 -0.728043 3
-0.173770 0.174800 -0.613563 3
-0.062316 0.101863 -0.262092 0
0.131737 0.162978 0.703575 4
0.613365 -0.018704 -0.059310 1
-0.315281 0.241139 -0.207757 5
-0.000249 0.159122 0.621987 4
-0.091462 0.023286 -0.770435 3
-0.369360 0.228028 -0.169284 5
-0.267062 -0.147975 0.101121 2
-0.038985 0.230647 0.574697 4
-0.289928 -0.093373 0.226319 2
0.008192 0.089898 0.672437 4
0.968876 -0.119281 -0.046751 1
0.921474 -0.003367 0.005628 1
0.827391 -0.067753 -0.105336 1
-0.304375 -0.204530 -0.623164 3
-0.105393 0.236791 -0.462847 3
-0.098396 -0.006237 -0.774522 3
-0.027929 0.127445 -0.234946 0
0.021056 0.175314 0.582080 4
-0.439406 0.176929 -0.114934 5
0.156077 0.186977 0.655704 4
0.169413 0.165919 0.268069 7
0.097169 -0.470571 0.068281 0
0.136266 0.009239 0.781879 4
0.098110 -0.496995 0.067807 0
-0.077583 0.247518 0.457506 4
0.117529 -0.380651 0.066228 0
0.266133 0.121713 -0.281886 6
0.108891 -0.058570 -0.009597 0
0.028905 0.206629 0.299805 4
-0.242640 0.166104 -0.528621 3
-0.282528 0.080905 -0.573778 3
0.824506 0.033123 0.053857 1
-0.753148 -0.243521 0.338094 2
-0.272768 0.131920 -0.568977 3
0.734345 0.033966 0.031605 1
-0.034654 0.103902 -0.245731 0
0.029368 0.103626 0.174873 8
-0.595092 -0.127514 0.337478 2
-0.050277 0.254732 0.470498 4
0.124311 -0.764153 0.047863 0
0.098607 -0.641309 0.047574 0
0.088669 -0.097208 0.014967 0
-0.281145 -0.259140 -0.609557 3
0.235420 0.172005 0.191266 7
-0.122609 0.216584 -0.414079 3
-0.101860 -0.056322 -0.773337 3
0.068641 -0.097202 -0.021967 0
0.216816 -0.266435 0.024087 0
-0.239311 -0.220481 -0.691928 3
0.096651 -0.350122 0.069394 0
0.202536 0.153448 0.676098 4
0.040095 -0.045718 -0.078542 0
0.115853 -0.303746 0.066132 0
-0.244783 -0.135625 0.109583 2
-0.062410 0.142049 -0.294909 0
-0.323699 -0.059551 0.246069 2
0.188782 0.155481 -0.141049 6
0.093818 0.102091 0.243911 0
0.001583 0.253891 0.428449 4
0.121593 -0.444713 0.068864 0
-0.643599 -0.164236 0.350514 2
-0.000202 -0.272115 0.093218 0
0.233802 0.174158 0.226108 7
0.280089 -0.200153 0.040121 0
0.055867 0.095134 0.743475 4
-0.475783 -0.121162 0.243349 2
0.533731 0.041001 0.079543 1
-0.199138 -0.250576 -0.694991 3
-0.105444 0.140859 0.159182 8
0.045459 0.229473 0.534321 4
-0.098988 0.230046 0.559806 4
0.013143 0.214419 0.325388 4
0.082042 -0.082060 0.121156 0
0.205713 0.232501 0.511625 4
0.024661 0.236468 0.493002 4
-0.309804 0.036728 -0.584101 3
-0.484353 0.091918 -0.167349 5
0.024113 -0.056984 0.739532 4
0.101409 -0.577202 0.057932 0
-0.480684 -0.060975 0.320961 2
0.122206 0.216085 0.630551 4
0.082854 0.006823 0.783319 4
-0.405850 0.179151 -0.231886 5
-0.131445 0.210615 -0.380135 3
0.177027 0.163359 0.167711 7
0.062072 0.203448 0.273865 4
0.027802 0.208315 0.603558 4
0.760021 -0.061017 -0.115503 1
0.561856 -0.036131 -0.112759 1
0.469201 -0.034627 -0.007054 1
-0.228437 -0.103900 0.177436 2
-0.245069 0.241070 -0.140561 5
-0.296706 -0.228340 -0.621363 3
-0.274879 -0.242319 -0.657753 3
-0.024801 0.050933 -0.191463 0
-0.343392 0.003829 -0.586603 3
0.090254 -0.044554 0.112612 0
-0.077971 0.246630 0.511288 4
0.109419 -0.430438 0.045771 0
-0.307617 -0.149918 -0.603824 3
0.029743 0.200494 0.553015 4
-0.117113 0.226682 -0.212464 5
0.016731 0.166328 0.668726 4
0.072553 -0.139961 -0.031985 0
0.297850 0.111623 -0.271756 6
-0.450341 -0.073140 0.344404 2
-0.003103 0.061539 -0.729281 3
-0.324658 -0.081499 0.205083 2
0.614040 -0.046872 -0.129401 1
0.175326 0.157116 -0.195020 6
-0.050546 0.123504 0.136687 8
0.073805 0.036818 0.174631 0
0.995146 -0.098251 -0.005544 1
0.119219 0.099757 0.758226 4
-0.024446 0.248100 0.524179 4
0.096616 0.204209 0.652938 4
0.268358 0.178245 0.627187 4
0.774485 0.016443 0.010880 1
-0.026081 0.120470 0.138850 8
0.031021 -0.095025 -0.071491 0
0.313904 0.165175 0.166155 7
-0.168254 -0.137188 -0.749679 3
-0.354519 -0.042053 0.280135 2
0.202495 0.197987 0.632943 4
-0.166876 -0.174820 0.120641 0
-0.184374 -0.142648 0.184536 2
-0.057067 0.150742 -0.671085 3
-0.132099 -0.191161 0.111446 0
-0.470753 0.134757 -0.147433 5
-0.012222 0.088462 -0.196467 0
0.667591 -0.025880 -0.073221 1
0.035986 0.094148 -0.131700 6
-0.283011 0.080865 -0.640069 3
-0.411602 0.130502 -0.250363 5
-0.103281 0.088290 -0.738500 3
0.155518 -0.292658 0.035774 0
-0.211405 0.050978 -0.710111 3
-0.121394 0.200812 -0.432800 3
0.092536 0.241384 0.513805 4
-0.341889 -0.072953 0.255337 2
-0.496553 0.089325 -0.115872 5
-0.051381 0.129744 -0.274040 0
-0.200092 0.156409 -0.620706 3
0.071272 0.142695 0.296829 4
0.096232 -0.018169 0.137757 0
-0.118817 0.232558 0.484104 4
-0.168145 0.085736 -0.709924 3
-0.202496 0.161469 -0.596119 3
-0.491393 -0.147504 0.123846 2
-0.373199 -0.107642 0.191272 2
-0.158374 0.236963 -0.222053 5
0.694265 -0.002064 -0.021618 1
-0.165366 -0.043467 -0.731203 3
0.125271 -0.177781 0.026709 0
0.174598 0.058809 0.744521 4
0.089182 -0.003489 0.159960 0
-0.420607 -0.122131 0.194792 2
0.109022 -0.736493 0.071250 0
-0.180850 0.149474 -0.656227 3
0.087230 0.197287 0.349017 4
0.010372 0.089803 0.123865 8
0.092863 0.106395 -0.136256 6
0.536266 0.017566 0.036111 1
-0.358369 0.196390 -0.126529 5
0.075117 0.220746 0.604127 4
-0.141059 -0.037085 -0.761806 3
-0.518019 -0.150218 0.164284 2
0.226243 -0.227278 0.021446 0
-0.039586 -0.085160 -0.775073 3
0.135368 0.230397 0.374503 4
0.281704 0.169611 0.176718 7
0.089011 -0.230742 0.068060 0
-0.145102 -0.166215 0.111416 0
0.634268 0.047496 0.046647 1
-0.144874 0.224966 -0.501356 3
-0.434801 -0.049906 0.309747 2
0.473333 -0.038763 -0.048519 1
0.586252 0.056274 0.075379 1
-0.491592 -0.095315 0.283490 2
0.075084 -0.241288 0.022836 0
0.009488 -0.015829 -0.102949 0
-0.637862 -0.196961 0.237471 2
0.174890 0.246872 0.484214 4
0.427336 -0.059282 -0.007835 1
0.634093 0.006460 -0.020001 1
0.749458 -0.079899 -0.137164 1
-0.260303 -0.079988 0.212245 2
-0.301040 0.076069 -0.597554 3
-0.327535 -0.085512 -0.631910 3
-0.105234 0.152808 -0.690660 3
0.082013 -0.321364 0.090248 0
-0.438862 0.169866 -0.168829 5
-0.106951 0.208254 -0.285486 5
-0.563103 -0.145593 0.264822 2
-0.762408 -0.283106 0.325324 2
0.267355 0.166285 0.152340 7
-0.180295 0.226674 -0.181377 5
-0.004950 0.103884 0.104175 8
0.026515 -0.315388 0.081051 0
-0.011856 -0.259801 0.072358 0
-0.250190 -0.158185 0.127379 2
0.893710 -0.037411 -0.061936 1
0.041251 0.142125 0.709347 4
0.025614 0.118533 0.705531 4
0.953495 -0.017757 0.004651 1
-0.597201 -0.152155 0.364399 2
0.087905 0.060026 0.177901 0
0.095000 0.238737 0.561515 4
-0.259334 -0.205706 -0.692175 3
0.061217 0.111742 -0.144119 6
0.022153 0.003424 -0.138248 0
-0.325439 0.198609 -0.276025 5
0.142512 -0.749500 0.066174 0
-0.257235 0.102226 -0.647787 3
0.588475 -0.001186 -0.017593 1
0.104711 -0.217025 0.045785 0
-0.140959 0.206832 0.562532 4
-0.066068 -0.044520 -0.789013 3
0.120544 -0.709771 0.050949 0
0.401896 -0.073170 -0.020859 1
0.170088 0.171403 0.671693 4
0.154734 0.227691 0.589699 4
0.138013 0.132125 0.727286 4
-0.186037 0.093141 -0.693735 3
0.132494 -0.710702 0.080407 0
0.110657 -0.019867 -0.028699 0
-0.145182 0.075830 -0.721757 3
0.747816 -0.045149 -0.090114 1
0.059752 -0.136573 0.112389 0
0.059111 0.115171 -0.206931 6
0.076217 0.245634 0.484539 4
-0.374292 0.217407 -0.191546 5
-0.184674 -0.151241 0.110452 0
0.195561 0.134134 -0.133915 6
-0.242468 -0.104903 0.225291 2
-0.433314 0.152332 -0.219163 5
0.437184 -0.078797 0.017540 1
-0.379766 0.184831 -0.250954 5
0.859728 -0.009074 -0.031498 1
0.126088 -0.079599 0.776409 4
0.139111 -0.803239 0.049342 0
0.160249 0.148546 -0.236737 6
-0.266253 -0.284750 -0.594387 3
-0.137003 0.172746 0.579174 4
-0.684699 -0.217732 0.248671 2
-0.136863 0.241494 0.429502 4
0.097921 -0.099299 -0.007401 0
0.256479 -0.192293 0.030029 0
-0.048248 0.159452 -0.651320 3
-0.025243 0.243048 -0.497214 3
0.290356 0.119470 0.617769 4
-0.061177 -0.013837 -0.787717 3
0.087668 0.157262 0.308117 4
-0.357611 0.219238 -0.119265 5
-0.702103 -0.196176 0.373714 2
0.888452 -0.025708 -0.041238 1
-0.007440 -0.067916 -0.780728 3
0.098742 0.241762 0.441946 4
-0.264851 -0.101651 0.167510 2
-0.004819 0.063000 -0.181104 0
0.090732 -0.162031 0.019377 0
0.072212 0.009938 0.151594 0
0.335120 0.111932 -0.214962 6
-0.324545 0.232799 -0.155645 5
-0.274472 0.216619 -0.126238 5
0.902915 0.008569 0.041381 1
0.136060 0.237572 0.576107 4
0.079078 -0.245594 0.082657 0
-0.108225 0.206586 -0.451677 3
-0.164201 0.224207 -0.447951 3
0.346402 0.155451 0.190697 7
0.907457 -0.084475 -0.100294 1
0.614777 0.009794 -0.007963 1
-0.367241 -0.119396 0.168911 2
0.254332 0.175032 0.203929 7
-0.118364 0.196939 -0.261048 5
-0.257386 -0.092314 0.254096 2
-0.482075 0.098338 -0.131216 5
0.054396 -0.057834 0.769843 4
0.493964 -0.028505 -0.035488 1
0.278626 0.132960 0.594325 4
0.077385 0.184225 0.297932 4
0.682349 0.038986 0.036046 1
0.078393 -0.205080 0.028593 0
-0.228236 0.181706 -0.515315 3
-0.549909 -0.158192 0.238860 2
-0.289267 0.122670 -0.550613 3
0.122043 -0.536388 0.069502 0
-0.311501 -0.124790 -0.607877 3
0.331861 0.087680 -0.260411 6
0.096115 0.131515 0.270873 0
-0.245227 0.243923 -0.233294 5
-0.130616 0.206778 -0.234925 5
0.713398 -0.024153 -0.052735 1
-0.320025 -0.004798 -0.607863 3
0.122603 -0.562475 0.076420 0
-0.119307 -0.017160 -0.762078 3
0.532108 -0.035175 -0.099907 1
-0.244279 -0.110246 -0.724360 3
0.153847 0.053656 0.752149 4
0.188300 0.233222 0.550792 4
-0.085097 -0.218409 0.088665 0
-0.384185 0.205827 -0.118924 5
-0.057675 -0.236183 0.119363 0
-0.738837 -0.221866 0.348269 2
0.107963 0.193517 0.669371 4
-0.475802 0.140870 -0.115709 5
-0.548388 -0.161450 0.189662 2
0.874764 -0.002354 0.004215 1
-0.210272 0.100717 -0.679356 3
0.134261 0.132662 -0.129301 6
-0.486208 -0.106814 0.308172 2
0.507317 -0.048426 -0.116540 1
0.473533 -0.047978 -0.085689 1
-0.292271 -0.093088 0.200427 2
-0.438642 -0.069827 0.293995 2
-0.004855 0.263088 0.483389 4
-0.668510 -0.168535 0.374016 2
0.196530 0.131835 0.698233 4
-0.263566 0.121618 -0.621218 3
-0.184881 0.130618 -0.668491 3
0.313692 -0.175803 0.020769 0
-0.186147 -0.136090 0.142191 2
0.394537 0.129077 0.204562 7
-0.404116 -0.101536 0.192231 2
0.077833 0.115664 -0.180736 6
0.037004 0.260250 0.455127 4
0.075091 0.243815 0.418886 4
0.139658 -0.340254 0.064821 0
0.007894 0.222512 -0.581428 3
-0.064494 0.241448 0.549597 4
0.098060 -0.309061 0.037258 0
-0.490854 -0.087915 0.351149 2
0.177651 -0.271461 0.036698 0
-0.222610 -0.146898 0.129866 2
0.189424 0.207312 0.409388 4
-0.131223 0.208549 -0.608750 3
0.930223 -0.022757 -0.030619 1
-0.321214 -0.030257 -0.658110 3
0.709180 -0.067356 -0.128830 1
0.035035 -0.086321 -0.037929 0
0.016979 0.179956 0.642903 4
-0.265232 0.062499 -0.674801 3
-0.223152 -0.186323 -0.720800 3
0.047233 -0.150555 -0.028053 0
0.151556 0.131788 0.172780 7
0.412254 -0.080063 -0.039360 1
0.118078 -0.495441 0.081501 0
0.214402 0.144814 -0.168939 6
-0.054459 0.164118 -0.261831 0
0.773081 -0.007958 -0.038510 1
0.203350 0.174455 0.191800 7
-0.084794 0.103148 -0.732269 3
0.113149 0.150830 0.236009 7
0.079743 -0.090905 0.770465 4
-0.240347 -0.003061 -0.715258 3
0.170500 0.163730 0.217700 7
-0.184994 -0.031050 -0.734282 3
0.009530 0.240532 0.475283 4
-0.597252 -0.173327 0.243973 2
0.520220 -0.028621 -0.062780 1
0.552600 0.002978 -0.002987 1
0.150527 -0.325735 0.036527 0
0.973772 -0.056899 -0.022301 1
0.018901 0.070806 0.734968 4
0.968826 -0.097721 -0.051329 1
0.279865 0.084389 0.651864 4
0.201002 0.221800 0.577716 4
0.125658 -0.212847 0.018402 0
-0.651667 -0.214662 0.228272 2
-0.279418 -0.086454 0.244378 2
-0.401594 0.194063 -0.106976 5
0.171254 0.146244 0.150706 7
0.348404 0.131474 0.165633 7
0.017449 0.096268 -0.168593 6
0.041549 0.114405 0.734062 4
0.720009 0.054968 0.065280 1
-0.067199 0.036895 -0.776317 3
-0.389393 0.217840 -0.154737 5
0.099499 -0.536698 0.054960 0
-0.244466 0.088287 -0.672580 3
-0.460631 0.151502 -0.101087 5
-0.224897 0.235026 -0.248267 5
0.071627 0.062642 0.160951 0
0.140435 0.101799 0.749088 4
0.023439 -0.007359 0.727115 4
0.095655 -0.093786 0.108693 0
-0.420050 0.177822 -0.205968 5
0.110520 -0.007395 0.150274 0
0.002697 0.197548 0.296318 4
-0.011050 0.037181 -0.767313 3
0.120596 -0.111777 0.028058 0
0.161086 0.241622 0.450943 4
0.334527 -0.148647 0.008262 0
-0.237375 -0.270083 -0.659991 3
-0.346713 0.230417 -0.197878 5
-0.182104 -0.134301 -0.733115 3
0.036548 0.147169 0.687102 4
-0.456734 -0.104190 0.246425 2
-0.226490 0.221645 -0.124530 5
0.170563 -0.318671 0.047053 0
-0.643096 -0.177041 0.375248 2
0.456069 -0.005103 0.069879 1
0.026738 0.181307 -0.626326 3
-0.291839 -0.239944 -0.587106 3
0.281127 0.182764 0.244058 7
-0.294577 0.032843 -0.668169 3
0.174650 0.188016 0.643031 4
0.080594 -0.023699 0.173228 0
0.009744 -0.275914 0.070487 0
0.269438 -0.187602 0.013332 0
-0.055233 0.169302 -0.284839 0
0.632839 -0.015969 -0.037113 1
-0.530818 -0.136142 0.217476 2
0.283635 0.104711 0.632068 4
0.060473 0.131404 -0.222332 6
0.951959 -0.086388 -0.071264 1
-0.242644 0.170713 -0.554985 3
-0.338298 -0.050793 -0.642968 3
0.394487 0.115282 0.187950 7
0.351105 -0.114029 0.017372 0
0.095110 -0.390025 0.047013 0
-0.383655 -0.128380 0.098328 2
0.394315 -0.084413 0.004163 1
-0.548015 -0.176427 0.124536 2
-0.164967 0.199650 -0.434661 3
-0.184146 0.205613 -0.312676 5
-0.144897 0.210878 -0.277525 5
-0.244970 0.211939 -0.288355 5
-0.225273 -0.126784 0.176777 2
0.153305 0.036642 0.765797 4
-0.130809 0.215794 -0.261267 5
0.874532 -0.070228 -0.102882 1
-0.279071 -0.096581 -0.708064 3
0.781403 -0.020837 -0.058094 1
0.828210 0.011316 0.016967 1
-0.085085 0.132059 0.135604 8
0.234841 0.152713 -0.222142 6
-0.244398 -0.136926 0.136932 2
-0.099665 0.188559 -0.355238 0
-0.302078 0.089224 -0.580262 3
0.085814 0.064551 0.224307 0
-0.425048 -0.105021 0.227354 2
0.108493 0.016509 0.151292 0
-0.721438 -0.237183 0.281496 2
-0.039455 0.128623 0.174035 8
0.176901 0.133056 -0.123526 6
0.107509 -0.240251 0.080067 0
-0.082880 0.144747 -0.289424 0
-0.084450 0.172275 -0.313806 0
-0.128554 0.021419 -0.752158 3
-0.758511 -0.270218 0.348908 2
-0.250789 -0.055946 -0.720322 3
-0.145677 0.228259 -0.248157 5
-0.259212 -0.116407 0.140089 2
-0.323718 -0.029991 -0.612318 3
-0.245603 0.145004 -0.529275 3
0.096122 -0.301646 0.078749 0
-0.620968 -0.208516 0.191806 2
-0.410878 -0.082449 0.297624 2
0.104959 -0.163392 0.080906 0
0.106793 -0.237402 0.106255 0
-0.106583 0.204595 -0.369172 3
0.015126 0.245086 0.390676 4
-0.438358 -0.110902 0.191394 2
-0.317308 0.171398 -0.305564 5
0.086079 0.107663 -0.106850 6
0.099850 0.149284 -0.201377 6
0.190975 0.176057 0.259573 7
-0.318011 -0.105351 0.175168 2
-0.493328 0.067074 -0.113335 5
-0.200826 0.199559 -0.550419 3
0.072749 -0.122342 -0.020208 0
0.113212 -0.662048 0.080671 0
-0.278163 -0.164266 -0.700161 3
0.133172 0.192068 0.665737 4
0.001169 0.025438 -0.165502 0
0.218213 0.200536 0.618998 4
0.570718 -0.026810 -0.074368 1
-0.183569 -0.172277 0.107913 0
-0.422610 0.189586 -0.112930 5
-0.037133 0.089170 -0.208450 0
0.141925 -0.633278 0.078284 0
0.130653 0.152900 0.178877 7
-0.169426 -0.079661 -0.750334 3
0.055005 0.102743 -0.169569 6
-0.498014 -0.134175 0.217639 2
0.314067 -0.150415 0.028551 0
-0.025946 0.247224 0.404703 4
0.761548 -0.037562 -0.076052 1
-0.600818 -0.187137 0.216372 2
0.115356 0.121901 -0.125014 6
-0.358058 -0.105494 0.152908 2
0.271787 0.135221 -0.237291 6
0.127155 -0.361953 0.053763 0
-0.011145 0.212738 -0.610618 3
0.109993 0.139208 0.195903 7
-0.276535 -0.122217 0.122726 2
0.100098 -0.232885 0.032768 0
0.121115 0.234656 0.590611 4
-0.100449 -0.217942 0.105585 0
-0.312263 -0.164300 -0.662207 3
-0.671568 -0.245893 0.196487 2
0.634221 -0.048871 -0.116587 1
0.112829 0.151069 -0.230247 6
0.746837 -0.001894 -0.025113 1
0.052887 0.226866 0.388310 4
0.489270 -0.005234 0.032882 1
0.092922 -0.088306 0.050767 0
-0.504683 -0.115883 0.235505 2
-0.164285 0.212603 -0.541606 3
-0.005104 0.218140 0.337230 4
0.314021 0.172242 0.218005 7
0.439235 -0.053688 -0.048026 1
0.014798 -0.017002 -0.127614 0
0.060323 0.073444 0.122419 0
0.164228 0.173211 0.245460 7
-0.169457 0.216848 -0.277413 5
-0.105819 0.196814 0.606289 4
0.076756 0.114980 -0.126228 6
-0.527157 -0.090538 0.316603 2
-0.161190 -0.235351 -0.694179 3
-0.100997 -0.030534 -0.771884 3
0.081326 -0.043941 0.138231 0
-0.005250 0.045643 -0.159216 0
-0.111732 0.125089 0.116776 8
0.554417 0.036666 0.057837 1
-0.302027 -0.079931 0.258297 2
0.133446 0.149377 -0.155974 6
-0.025440 -0.255743 0.094261 0
-0.517721 -0.104923 0.283076 2
0.070325 -0.292754 0.057022 0
-0.627177 -0.150613 0.360059 2
0.104709 0.197842 0.328595 4
0.109541 0.134276 -0.274557 6
-0.147010 0.207542 -0.297858 5
0.073693 -0.056814 0.114705 0
0.332632 0.163692 0.177608 7
-0.344449 -0.044245 -0.621319 3
0.874449 -0.035882 -0.069313 1
0.251109 0.195375 0.591479 4
-0.483766 -0.081892 0.297785 2
0.200120 0.162789 -0.205997 6
-0.164739 0.141177 -0.669992 3
-0.135218 0.220918 0.524482 4
0.908787 -0.027127 -0.038148 1
-0.321573 0.217528 -0.258512 5
0.108378 -0.562493 0.045354 0
-0.052499 0.248593 -0.529580 3
0.090339 0.173999 0.674293 4
0.793471 -0.083898 -0.134277 1
-0.085228 0.225801 0.576739 4
-0.518370 -0.094890 0.373610 2
-0.398832 0.143002 -0.274504 5
-0.356106 -0.058561 0.258701 2
0.088369 0.076635 0.247130 0
0.214815 0.133893 -0.264612 6
-0.438983 -0.124981 0.138759 2
-0.666030 -0.183941 0.319428 2
-0.602185 -0.157505 0.292772 2
0.796447 -0.052935 -0.091522 1
-0.481233 -0.129050 0.176579 2
0.121652 -0.669653 0.047482 0
-0.183577 0.188096 -0.582716 3
-0.431299 0.178030 -0.088209 5
0.396865 -0.072992 0.031036 1
-0.342539 -0.119021 0.166067 2
-0.436583 -0.131751 0.109745 2
0.074017 0.090172 0.752273 4
0.030181 0.166455 0.688861 4
-0.246069 0.065339 -0.681089 3
-0.005098 -0.003227 -0.060898 0
0.030669 0.116561 -0.216182 6
0.154673 0.236329 0.404461 4
0.188635 0.167801 0.204161 7
-0.071065 0.218574 0.355142 4
-0.024869 0.234729 -0.567350 3
0.044801 0.009989 0.770971 4
-0.114490 0.170265 -0.287687 5
-0.071322 -0.201857 0.092774 0
-0.288223 -0.225740 -0.659126 3
-0.229887 -0.296149 -0.632716 3
-0.251532 0.009369 -0.703473 3
-0.244489 0.196095 -0.315734 5
-0.646955 -0.175148 0.396675 2
0.283253 0.146821 0.154240 7
0.155118 0.157413 0.698865 4
0.067987 0.128261 -0.167230 6
0.633000 0.028757 0.025589 1
-0.105163 0.034876 -0.761011 3
0.039416 0.086558 0.150378 8
-0.331224 -0.097501 -0.647830 3
0.097389 -0.142278 0.053009 0
0.088641 0.046469 0.162865 0
-0.008781 0.059952 0.698043 4
-0.222892 0.121249 -0.640480 3
0.254888 0.153055 -0.194698 6
0.008913 0.102592 0.706064 4
0.307228 0.126554 -0.234593 6
-0.064892 0.246739 -0.474661 3
-0.180357 0.199985 -0.557916 3
-0.214440 0.198425 -0.529779 3
0.036260 -0.020715 -0.101295 0
0.216022 -0.246466 0.051387 0
0.014728 -0.040810 -0.110699 0
0.079924 -0.165049 0.002595 0
-0.197046 -0.288794 -0.659745 3
0.841452 -0.018750 -0.036587 1
0.234518 0.191511 0.244656 7
-0.019665 0.065342 -0.204584 0
-0.009375 0.123816 0.173491 8
0.438220 -0.052329 -0.023236 1
-0.724200 -0.216169 0.362947 2
-0.039013 0.139868 -0.258165 0
0.155386 0.229290 0.375736 4
0.176943 0.114828 0.734363 4
0.131130 0.153078 0.244655 7
-0.148724 0.205507 -0.591890 3
-0.244211 0.249353 -0.168945 5
0.056862 -0.152878 -0.000743 0
0.614783 0.040047 0.042540 1
-0.594586 -0.197014 0.173543 2
-0.113662 -0.179696 0.115545 0
-0.264448 0.240058 -0.145577 5
-0.702573 -0.195751 0.313122 2
0.553660 -0.030327 -0.087616 1
-0.361846 0.240856 -0.205818 5
-0.381396 0.152710 -0.285927 5
0.573764 0.015470 0.017856 1
0.061448 0.190744 0.665474 4
0.351124 -0.114326 -0.006485 0
-0.471597 0.129930 -0.168753 5
0.119924 -0.619178 0.074192 0
0.113332 0.243322 0.407149 4
-0.186897 -0.315032 -0.627578 3
-0.405203 0.156341 -0.251984 5
0.073864 0.099949 0.257996 0
-0.077978 -0.239656 0.106320 0
0.778541 0.031720 0.034396 1
0.054741 -0.337054 0.057446 0
0.002728 -0.017111 0.732612 4
0.139978 -0.036954 -0.001351 0
-0.036236 0.130828 -0.675602 3
-0.106019 0.206869 -0.621914 3
-0.257954 0.232438 -0.128065 5
0.109082 -0.283273 0.058222 0
-0.184148 -0.204393 -0.718764 3
-0.025786 0.256087 0.450283 4
0.075561 -0.070050 0.777489 4
0.653940 0.016217 0.003055 1
0.533739 -0.028235 -0.024945 1
-0.714159 -0.246524 0.245666 2
-0.325118 -0.075883 0.269722 2
-0.328210 -0.174680 -0.618783 3
-0.404810 -0.121142 0.124300 2
0.248354 -0.216510 0.021162 0
0.168952 0.131704 -0.265517 6
0.078983 0.126379 -0.227284 6
-0.449917 -0.095317 0.298968 2
-0.020364 0.100477 -0.700360 3
0.251569 -0.231405 0.040732 0
0.023120 -0.057900 -0.077160 0
-0.304601 -0.161519 -0.619565 3
0.043774 0.218806 0.562147 4
-0.064559 0.249773 0.483460 4
-0.230259 0.244668 -0.209275 5
0.148609 -0.790509 0.070873 0
0.106723 -0.285712 0.031636 0
0.077408 0.145654 0.268303 0
0.131967 -0.580256 0.079399 0
-0.224115 0.061249 -0.699050 3
-0.020660 0.233699 -0.513965 3
0.059728 0.239862 0.430628 4
0.103672 -0.134398 0.093785 0
0.135120 0.249305 0.457036 4
-0.117530 -0.189305 0.098319 0
-0.164583 0.233265 -0.250429 5
-0.031209 0.228800 -0.441480 3
-0.309713 -0.188723 -0.648078 3
-0.294363 -0.206148 -0.662496 3
-0.198540 -0.322310 -0.577575 3
-0.210837 -0.133276 0.148201 2
-0.586793 -0.188419 0.189903 2
-0.008240 0.125425 0.674339 4
-0.451593 -0.086031 0.323131 2
-0.161548 -0.015468 -0.734342 3
0.667445 -0.004003 -0.036495 1
-0.308665 -0.017589 -0.666314 3
-0.246545 -0.297873 -0.610917 3
-0.165837 -0.292979 -0.658252 3
-0.278246 -0.058347 -0.707457 3
0.203846 0.223419 0.443198 4
-0.564150 -0.124074 0.323458 2
-0.410212 -0.092186 0.218479 2
-0.083643 0.248709 -0.514821 3
0.836838 0.003449 -0.004031 1
-0.084086 0.239134 -0.435198 3
-0.290827 0.181792 -0.315857 5
-0.296381 0.057779 -0.592317 3
-0.011235 -0.003822 -0.785293 3
0.909538 -0.048500 -0.070417 1
-0.657409 -0.230135 0.204823 2
-0.703155 -0.191599 0.336122 2
-0.007589 0.126960 -0.225341 0
-0.624996 -0.176792 0.270966 2
0.121297 -0.017068 0.788545 4
-0.548270 -0.098397 0.327748 2
0.893528 -0.002901 -0.009110 1
0.219678 0.224278 0.524798 4
0.365790 -0.121305 0.006564 1
0.128240 -0.549057 0.056007 0
-0.004695 0.262445 0.457781 4
-0.344472 -0.122544 0.111500 2
0.287325 0.114693 -0.247940 6
0.109874 0.027100 0.784435 4
-0.141433 0.007146 -0.748872 3
0.644878 -0.065939 -0.134898 1
0.211660 0.220292 0.497416 4
0.795125 -0.001869 -0.010060 1
-0.091372 0.185860 0.367622 4
-0.466304 -0.075900 0.355219 2
-0.131072 0.218011 0.549487 4
0.060720 -0.018190 0.123239 0
-0.064652 0.078889 -0.751174 3
0.130934 -0.461666 0.046212 0
0.234581 0.169010 0.163880 7
0.075105 0.164406 0.697869 4
-0.370907 -0.071767 0.296636 2
0.074347 -0.218216 0.070437 0
0.075038 0.132291 0.727434 4
0.614177 -0.027205 -0.076989 1
-0.130609 0.109286 -0.708356 3
-0.338182 0.193791 -0.123857 5
-0.281400 0.112399 -0.580749 3
0.728216 -0.063333 -0.136589 1
-0.211436 0.078682 -0.690082 3
0.679737 0.013852 -0.006193 1
0.249786 0.197025 0.550507 4
0.422946 -0.047807 0.034034 1
-0.478127 -0.138973 0.138463 2
0.107023 0.145108 -0.155306 6
0.027283 0.208225 -0.594358 3
0.013475 0.242361 0.507673 4
-0.324410 -0.149354 -0.620725 3
-0.083201 -0.217101 0.120693 0
-0.547229 -0.124059 0.348990 2
-0.276713 -0.018374 -0.700554 3
0.214588 0.154128 -0.221941 6
-0.080008 0.174104 -0.659162 3
0.587512 0.027652 0.032952 1
0.380645 -0.109675 0.014354 1
0.720636 0.002718 -0.018750 1
-0.051340 0.023149 -0.783015 3
0.081211 0.229014 0.577031 4
0.154291 0.247240 0.497044 4
0.133059 0.060983 0.765142 4
0.030976 0.065218 0.136279 8
0.022410 -0.035828 -0.072544 0
-0.301820 0.048228 -0.647256 3
-0.064334 0.235561 -0.405322 3
-0.019289 0.112034 0.119796 8
0.023280 0.146307 0.673166 4
0.735350 0.015677 0.005570 1
-0.404051 -0.109764 0.164841 2
-0.338944 -0.095688 -0.620197 3
0.104274 -0.601665 0.067805 0
-0.244494 -0.283797 -0.635167 3
0.135312 -0.656044 0.058195 0
0.168522 0.147663 0.182260 7
-0.005406 0.230213 -0.569860 3
-0.064305 -0.244507 0.086270 0
0.378522 0.120680 0.198009 7
-0.344845 0.225205 -0.142149 5
0.139601 0.205110 0.641003 4
-0.452300 -0.119543 0.225756 2
-0.215344 -0.279300 -0.669479 3
-0.084572 0.116515 -0.718484 3
-0.224893 -0.096713 -0.729609 3
0.122029 0.249772 0.536660 4
-0.021500 0.059717 -0.172203 0
-0.135145 0.180164 0.601297 4
0.120407 0.139738 0.727684 4
-0.306209 -0.065482 0.235623 2
0.938955 -0.070495 -0.076991 1
-0.184508 -0.163600 -0.727673 3
0.115593 -0.094028 0.064926 0
-0.225155 0.250935 -0.168766 5
0.107747 -0.497604 0.044771 0
-0.570888 -0.136875 0.284180 2
-0.318891 0.230544 -0.223218 5
-0.066925 0.225153 0.402494 4
-0.084979 0.217740 -0.605178 3
0.010514 0.049437 -0.180166 6
-0.229156 0.217931 -0.297162 5
-0.037759 0.090192 -0.232836 0
-0.325261 -0.111719 0.137332 2
0.452968 -0.024930 0.036503 1
0.025591 0.088686 0.112469 8
0.090892 -0.120839 -0.011526 0
0.891341 -0.065931 -0.093400 1
0.813363 -0.017493 -0.049303 1
0.926509 -0.038803 -0.040163 1
0.105536 -0.173817 0.021428 0
-0.322944 0.035465 -0.607441 3
0.093137 0.063031 0.768734 4
-0.159679 -0.122916 -0.729294 3
-0.197886 -0.325208 -0.609952 3
0.041502 -0.016933 0.763370 4
0.134318 -0.697891 0.045182 0
-0.168257 -0.270982 -0.681443 3
-0.304730 -0.137324 -0.688443 3
-0.070240 0.115935 0.113673 8
-0.260180 -0.220759 -0.679479 3
-0.036431 -0.267682 0.083684 0
-0.133991 0.186319 -0.638109 3
-0.184234 0.047874 -0.715033 3
0.281624 0.102263 -0.268941 6
-0.197787 -0.003286 -0.729499 3
-0.344511 -0.098394 0.200869 2
0.574313 0.045555 0.060744 1
-0.418195 0.196760 -0.142161 5
0.294589 0.170519 0.190540 7
-0.390231 -0.071004 0.258271 2
-0.463764 0.128247 -0.195106 5
0.508320 -0.007524 0.013072 1
-0.349249 0.217803 -0.234663 5
0.009812 0.011454 -0.150119 0
0.154244 0.160192 -0.182382 6
-0.106562 0.063804 -0.744764 3
-0.424621 -0.086119 0.256401 2
0.090048 -0.352415 0.047139 0
-0.391189 0.209853 -0.182716 5
0.185778 0.217973 0.391286 4
-0.165377 0.101688 -0.699910 3
0.025087 0.262254 0.480553 4
-0.673581 -0.168349 0.352941 2
0.007434 0.049954 0.708970 4
-0.343101 0.192304 -0.272518 5
0.105519 0.157398 0.293686 4
0.201383 0.153138 -0.235374 6
0.241437 0.171188 0.643336 4
-0.658937 -0.183443 0.383218 2
-0.145074 0.143407 -0.675649 3
-0.195138 0.240753 -0.177410 5
-0.026463 0.196592 -0.628807 3
0.031424 -0.301502 0.068034 0
-0.627217 -0.169336 0.361937 2
-0.211369 -0.070505 -0.730827 3
-0.102558 0.219515 -0.409987 3
0.299581 0.177697 0.207248 7
-0.324797 0.208910 -0.114147 5
-0.025726 -0.017359 -0.793300 3
-0.744056 -0.257410 0.296669 2
-0.315634 -0.096957 -0.678885 3
0.175110 0.154524 -0.128200 6
-0.689767 -0.214389 0.283201 2
0.084866 0.214722 0.279987 4
0.134976 0.154904 -0.222239 6
-0.330795 -0.095832 0.261398 2
0.292989 0.138837 -0.209484 6
0.124786 -0.094064 0.032702 0
0.108238 0.237363 0.577274 4
0.234745 0.154222 0.120526 7
-0.564568 -0.147035 0.244161 2
0.152591 0.159313 0.204526 7
-0.084222 0.143145 0.160040 8
-0.051260 0.246108 -0.487473 3
0.040588 0.102861 -0.181495 6
0.916883 0.002679 0.030416 1
-0.126904 0.229986 0.510046 4
0.225002 -0.221966 0.041864 0
0.093752 0.184529 0.337046 4
-0.289552 -0.031770 -0.698480 3
0.102761 0.116695 0.230071 7
-0.383379 -0.079280 0.231991 2
-0.038747 0.219123 0.340446 4
0.507295 -0.021399 -0.021799 1
-0.149991 0.198557 0.523886 4
0.387704 -0.101569 -0.005536 1
-0.005041 0.025187 0.713876 4
-0.018886 0.025597 -0.780749 3
0.695043 -0.014048 -0.039856 1
0.108675 -0.470969 0.045042 0
0.982028 -0.104071 -0.030444 1
0.192016 -0.273358 0.051290 0
0.107821 0.249246 0.524598 4
-0.086689 0.237105 -0.555734 3
-0.199936 0.144339 -0.635841 3
-0.290371 0.207959 -0.288086 5
-0.340609 -0.017482 -0.622070 3
0.152211 0.131559 0.154210 7
0.121764 -0.042455 0.779906 4
-0.069322 0.185654 -0.307667 0
-0.003102 0.024038 -0.753606 3
0.175187 0.238320 0.431267 4
-0.088032 0.222641 -0.384958 3
-0.210009 -0.295681 -0.646572 3
0.121747 0.252505 0.510045 4
-0.051559 0.241111 -0.422446 3
0.038624 0.256737 0.432933 4
0.137854 0.150805 -0.130801 6
0.073120 -0.178570 -0.008130 0
