-0.591310 -0.097629 0.387006 4
0.876416 0.378649 -0.249912 3
-0.146995 -0.721064 -0.334697 0
0.193444 -0.032056 -0.070358 3
-0.452188 0.097940 -0.262753 1
-0.039590 -0.263246 0.393745 2
0.685118 0.039388 0.079139 3
0.409175 0.299019 -0.352998 3
-0.119307 -0.351602 -0.081409 0
-0.319861 -0.045586 0.090873 4
-0.684250 0.033967 0.049136 4
-0.154663 -0.072405 -0.287774 1
-0.909129 0.011735 0.330586 4
0.617134 0.264361 -0.127459 3
0.050693 -0.205335 0.119441 2
0.407994 0.019807 0.105116 3
-0.324108 -0.119416 0.350959 4
0.849395 0.139113 -0.119044 3
0.382520 0.148037 -0.123285 3
0.647243 0.374046 -0.352440 3
-0.183567 -0.228122 0.182194 2
0.009511 -0.160817 -0.133927 0
-0.506986 0.017737 0.203888 4
-0.328115 -0.052015 -0.144142 1
-0.108308 -0.545417 -0.195896 0
-0.799181 -0.166084 0.378294 4
-0.710432 0.032791 0.255555 4
-0.188381 -0.166507 -0.021426 0
-0.478255 0.110666 0.023586 4
0.534687 0.138736 -0.000087 3
-0.259176 0.085663 -0.313932 1
0.729466 0.473403 -0.203652 3
0.291929 0.232730 -0.243319 3
-0.491889 -0.022964 -0.148928 1
-0.160891 -0.201593 -0.181368 1
0.701174 0.151593 -0.042284 3
0.779954 0.287065 -0.154176 3
-0.458603 -0.173073 0.444971 4
0.074436 -0.254557 0.272279 2
0.473387 0.260819 -0.201528 3
-0.044348 -0.017009 -0.190544 5
0.316093 0.058286 -0.016559 3
-0.459097 -0.044962 0.333612 4
-0.841660 0.024205 0.181720 4
-0.178798 -0.259680 0.337386 2
0.240653 0.124370 -0.149435 3
-0.049207 -0.196861 0.010597 2
0.548457 0.020309 0.120346 3
-0.360897 -0.047071 0.232361 4
-0.396664 -0.099530 -0.033490 1
-0.050064 -0.224621 0.220034 2
-0.734148 -0.046057 0.365886 4
0.640935 0.364084 -0.216471 3
-0.662926 -0.207433 0.420375 4
0.536499 0.314617 -0.320421 3
0.882755 0.237101 -0.214017 3
-0.622928 0.050228 0.160004 4
-0.134810 -0.086487 -0.133005 5
-0.422064 0.033314 0.110622 4
-0.595355 -0.008331 0.296747 4
-0.114955 -0.417354 -0.186687 0
-0.253979 -0.013202 -0.235683 1
-0.903755 -0.102590 0.387826 4
0.503469 0.194906 -0.103017 3
0.109235 -0.119040 -0.079951 3
-0.057015 -0.267422 -0.140370 0
-0.228933 -0.221213 0.072967 2
-0.359662 0.040351 -0.222974 1
-0.118989 -0.648549 -0.246855 0
0.786758 0.082719 -0.006576 3
0.419806 0.109468 -0.021482 3
-0.586771 0.079049 0.016934 4
-0.251898 -0.121401 -0.100743 1
-0.140728 -0.267579 -0.012101 2
-0.090178 -0.213085 0.118966 2
-0.738713 0.037231 0.152252 4
-0.810662 0.024591 0.289752 4
-0.251837 -0.112981 0.047065 0
0.796011 0.393480 -0.184914 3
-0.560968 -0.188509 0.430892 4
-0.534898 0.057518 0.104031 4
0.626713 0.108539 0.030103 3
0.053689 -0.152396 0.033171 2
-0.355667 0.112219 -0.303763 1
-0.215807 -0.097456 -0.191496 1
0.473044 0.080524 0.057962 3
0.603713 0.189878 -0.050757 3
-0.112283 -0.177872 -0.098539 0
0.558358 0.309938 -0.215804 3
0.261192 0.033220 -0.099960 3
0.771140 0.195219 -0.098773 3
0.381630 0.269649 -0.263726 3
-0.276164 -0.077641 0.270609 4
0.693180 0.426798 -0.280974 3
-0.834920 -0.037678 0.369543 4
-0.376134 -0.125128 0.430894 4
-0.085435 -0.243072 0.306376 2
-0.197824 0.013995 -0.315050 1
-0.682737 -0.118857 0.398300 4
0.385722 0.218753 -0.184045 3
0.704852 0.346118 -0.151107 3
-0.235633 -0.247616 0.255719 2
-0.287729 -0.058663 0.179216 4
-0.307862 -0.134506 -0.030052 1
-0.492019 -0.104827 0.393682 4
-0.413227 -0.055471 -0.115257 1
-0.048526 -0.105552 -0.178025 5
-0.499420 0.045265 -0.205076 1
0.691971 0.234120 -0.091489 3
-0.274327 -0.219879 0.148586 2
0.096213 -0.233693 0.189753 2
0.307073 0.177376 -0.170555 3
-0.381222 -0.035407 0.150428 4
-0.136313 -0.259423 -0.100625 0
-0.143787 -0.144826 -0.244577 1
-0.351590 0.042586 0.064015 4
0.024037 -0.261483 0.338847 2
-0.146100 -0.221087 0.057200 2
-0.379606 -0.068574 0.315152 4
-0.450461 -0.016728 0.254525 4
0.840259 0.307971 -0.208322 3
0.327071 0.082563 -0.101881 3
-0.416434 0.006061 -0.174359 1
-0.652972 -0.040203 0.356788 4
0.707825 0.083471 0.015235 3
0.604601 0.344617 -0.288758 3
0.817417 0.212434 -0.162570 3
-0.102207 -0.336255 -0.158640 0
0.539924 0.262404 -0.149810 3
0.385929 0.064557 0.035808 3
-0.005776 -0.228060 -0.093301 0
-0.540946 -0.047242 0.351751 4
0.468614 0.294443 -0.284578 3
0.562219 0.080664 0.066758 3
-0.125700 -0.032362 -0.190071 5
0.140477 -0.060167 -0.122572 3
0.806186 0.465845 -0.220340 3
-0.133408 -0.230710 0.242969 2
-0.205859 -0.182854 -0.119934 1
-0.627467 0.034606 0.241147 4
0.019956 -0.228510 0.188044 2
0.781125 0.125142 -0.069760 3
-0.115501 -0.265833 0.386777 2
-0.139142 -0.485577 -0.161020 0
-0.013333 -0.194665 0.080661 2
-0.412995 0.071915 0.031497 4
-0.608784 0.052645 0.083714 4
-0.163633 -0.650807 -0.306033 0
0.512636 0.312262 -0.390419 3
-0.733249 -0.197171 0.389905 4
-0.293311 0.050035 -0.259041 1
-0.875714 0.024349 0.255147 4
0.696732 0.407810 -0.198621 3
-0.443682 -0.004602 0.172267 4
0.439165 0.201252 -0.136523 3
-0.527421 -0.012168 0.271778 4
-0.342359 -0.088578 -0.080190 1
0.614084 0.038832 0.094262 3
0.477527 0.153729 -0.049854 3
0.596608 0.324549 -0.362373 3
0.072993 -0.109182 -0.140760 3
-0.771713 0.029283 0.219658 4
-0.420365 -0.091341 0.371020 4
0.067741 -0.174237 -0.092446 0
0.478969 0.027076 0.115140 3
-0.751993 -0.112041 0.379123 4
-0.702992 -0.002955 0.314827 4
-0.066548 -0.222244 -0.060566 0
0.001964 -0.243877 0.261470 2
0.633635 0.322858 -0.162378 3
-0.272634 -0.051680 -0.183238 1
-0.087660 0.019305 -0.227630 5
0.201222 0.016410 -0.125102 3
-0.822405 -0.103675 0.370138 4
-0.275236 -0.087615 0.120216 4
-0.056979 -0.157101 -0.133340 5
0.697043 0.280936 -0.138467 3
-0.680626 0.044995 0.197428 4
-0.323438 -0.008232 -0.195726 1
-0.105668 -0.218626 0.183934 2
-0.472922 0.070183 0.084766 4
-0.899705 -0.032211 0.380381 4
-0.624131 -0.149899 0.409877 4
-0.131660 -0.584135 -0.244821 0
-0.160501 -0.216107 -0.053811 0
-0.422487 0.057538 -0.216801 1
-0.670500 0.041942 0.116067 4
-0.129616 -0.411266 -0.123568 0
0.363769 0.088551 -0.048437 3
0.563309 0.224776 -0.102466 3
-0.201026 -0.061084 -0.243903 1
0.333216 0.030027 0.049935 3
0.006570 -0.176357 -0.014546 2
-0.176031 -0.221168 0.118521 2
0.263746 0.025988 -0.035718 3
-0.771328 -0.006000 0.332171 4
-0.566937 0.040693 0.204362 4
0.899901 0.332766 -0.212081 3
-0.028354 -0.219318 0.147978 2
0.540548 0.176623 -0.050621 3
-0.799232 0.034251 0.134787 4
-0.532098 0.090575 0.050571 4
-0.244152 -0.152691 -0.047371 1
-0.113177 -0.483088 -0.217606 0
-0.544618 -0.132048 0.410650 4
0.658253 0.374452 -0.291428 3
0.760473 0.343852 -0.178822 3
-0.389664 0.082501 -0.262360 1
-0.737010 0.031269 0.079574 4
-0.845993 0.013056 0.337861 4
-0.490943 0.035419 0.139510 4
-0.223339 -0.166160 0.028131 0
0.255618 0.193498 -0.198247 3
0.594420 0.146448 -0.006670 3
0.470134 0.307338 -0.347643 3
-0.097644 -0.232424 0.022839 2
0.472015 0.121317 0.005453 3
-0.192374 -0.234420 0.021626 2
-0.179456 -0.137273 -0.166593 1
0.522713 0.302677 -0.263129 3
0.422134 0.132187 -0.075333 3
0.865431 0.180756 -0.173108 3
0.302293 0.128816 -0.138659 3
-0.082172 -0.056237 -0.159592 5
0.748258 0.245170 -0.117418 3
0.847286 0.427013 -0.232174 3
-0.105388 -0.299765 -0.044518 2
-0.037543 -0.247019 0.338202 2
0.635212 0.226409 -0.085934 3
-0.324895 -0.083485 0.306008 4
0.673467 0.127013 0.001467 3
0.745446 0.117772 -0.024415 3
0.489982 0.235859 -0.143074 3
-0.242471 -0.234131 0.193377 2
-0.362817 -0.000727 0.098951 4
0.355929 0.258586 -0.312943 3
0.333047 0.217549 -0.204543 3
-0.083039 -0.217301 -0.125885 5
0.081562 -0.171353 0.087111 2
-0.249076 0.026845 -0.284609 1
0.661291 0.190732 -0.047259 3
0.751167 0.423347 -0.169639 3
-0.638542 0.058148 0.020203 4
-0.363196 -0.096763 0.384577 4
-0.290334 -0.084187 -0.118820 1
0.432062 0.268721 -0.237900 3
-0.598088 -0.036673 0.344316 4
0.835300 0.363344 -0.216028 3
0.842427 0.259032 -0.182539 3
0.514754 0.059339 0.088370 3
-0.402154 -0.025530 0.202877 4
-0.656364 0.006264 0.287370 4
-0.373948 -0.024027 -0.158187 1
-0.437667 -0.133085 0.414463 4
-0.148711 -0.692225 -0.259835 0
-0.861323 -0.136303 0.389240 4
0.887111 0.285883 -0.237255 3
-0.570275 0.050897 0.147826 4
0.242063 0.072851 -0.133229 3
-0.024925 -0.202178 -0.138246 0
-0.185096 -0.250609 0.284940 2
0.521789 0.104120 0.040533 3
-0.105518 -0.299753 -0.117302 0
-0.088674 -0.114402 -0.130128 5
0.593182 0.345131 -0.234928 3
-0.394926 -0.040030 0.273118 4
-0.067237 -0.205728 0.059683 2
-0.508773 -0.196089 0.426957 4
-0.826449 0.024724 0.235994 4
0.415146 0.287415 -0.301956 3
-0.094407 -0.460652 -0.148986 0
-0.210172 -0.017812 -0.275087 1
0.575670 0.298345 -0.163125 3
-0.189484 -0.228099 -0.146589 1
0.358178 0.180355 -0.156293 3
0.722578 0.195060 -0.075309 3
-0.434863 -0.070158 -0.070091 1
-0.310907 0.086051 -0.298477 1
0.227145 0.007602 -0.068376 3
0.050787 -0.243729 0.227208 2
-0.612135 -0.202740 0.429433 4
-0.184757 -0.239450 0.232613 2
0.722309 0.037985 0.043312 3
-0.691346 -0.071016 0.380842 4
-0.287647 -0.083863 0.070184 4
-0.313572 0.001167 0.070175 4
-0.340221 -0.049911 0.185338 4
0.826100 0.103136 -0.058203 3
-0.310881 -0.057885 0.227686 4
-0.746472 0.018347 0.294360 4
0.098398 -0.211944 0.143434 2
0.009371 -0.177533 0.037934 2
-0.128339 -0.252649 0.333035 2
0.323454 0.261636 -0.271171 3
-0.323391 -0.062857 0.138768 4
0.661045 0.406400 -0.247024 3
-0.227806 -0.117526 -0.145469 1
0.819952 0.180479 -0.122347 3
-0.291585 -0.121885 0.305552 4
-0.149557 -0.210283 -0.110398 0
-0.788850 -0.057147 0.361142 4
-0.084216 -0.228563 0.257909 2
-0.574417 0.010152 0.254614 4
-0.463537 -0.050863 -0.114149 1
0.428330 0.053441 0.073399 3
-0.181706 -0.105703 -0.230971 1
-0.138939 -0.369298 -0.167878 0
0.160342 -0.069378 -0.076066 3
0.577142 0.116142 0.029964 3
-0.294566 -0.109174 -0.075685 1
-0.032527 -0.072123 -0.211387 5
-0.224700 -0.222372 0.128901 2
-0.485476 -0.021438 0.298620 4
0.434086 0.229761 -0.180935 3
-0.145059 -0.134850 -0.128441 5
0.701364 0.448512 -0.237105 3
-0.643731 -0.090964 0.385587 4
0.300996 0.060018 -0.063768 3
-0.229034 0.050096 -0.330544 1
0.450539 0.165536 -0.098125 3
0.809834 0.341721 -0.179833 3
-0.093285 -0.257809 -0.020399 2
0.431006 0.085499 0.033134 3
0.515299 0.283540 -0.211783 3
0.367303 0.108634 -0.093923 3
-0.690676 -0.166255 0.404063 4
0.732900 0.306492 -0.158218 3
0.370607 0.241597 -0.223739 3
0.746899 0.056839 0.005888 3
0.746545 0.156543 -0.057888 3
0.661074 0.070191 0.051132 3
-0.343181 0.070577 -0.261869 1
-0.463453 0.012839 -0.181091 1
-0.350772 -0.114478 -0.037634 1
0.772264 0.463783 -0.184636 3
-0.366820 -0.066317 -0.118085 1
-0.540956 -0.091466 0.385893 4
-0.471791 -0.013416 0.210811 4
-0.884540 0.039743 0.299118 4
-0.040832 -0.238718 0.291728 2
0.021794 -0.184296 -0.090128 0
0.369254 0.019369 0.078364 3
-0.297165 0.012051 -0.231598 1
-0.872416 -0.072071 0.370903 4
0.562597 0.328976 -0.265808 3
-0.498141 -0.151554 0.419945 4
0.174368 -0.029213 -0.116803 3
-0.132891 -0.242984 0.288183 2
0.614448 0.073646 0.064049 3
-0.165925 -0.030411 -0.303059 1
0.793006 0.244409 -0.140268 3
-0.402685 0.050049 0.072420 4
0.666239 0.360901 -0.178310 3
-0.232435 -0.124884 0.007233 0
0.728695 0.376884 -0.179553 3
-0.116726 -0.367063 -0.124457 0
-0.490182 -0.065066 0.360415 4
-0.035578 -0.095277 -0.135455 5
-0.391930 -0.084898 -0.076290 1
-0.124954 -0.667465 -0.289405 0
0.819265 0.431318 -0.193134 3
-0.133123 -0.584022 -0.199765 0
-0.344696 -0.060754 0.272107 4
0.599554 0.326329 -0.191629 3
0.355493 0.068651 0.002415 3
0.064235 -0.261914 0.318835 2
0.285833 0.071517 -0.115498 3
-0.527442 -0.022317 0.315420 4
-0.153121 -0.050534 -0.159702 5
0.553893 0.307675 -0.361058 3
-0.212742 -0.165669 -0.079213 1
0.300528 0.028268 0.019611 3
-0.236179 -0.055325 -0.208697 1
-0.573209 0.071132 0.058680 4
0.038032 -0.186697 0.080968 2
-0.724446 0.037384 0.195920 4
-0.175139 -0.209752 -0.012285 0
-0.412595 -0.005757 0.139785 4
-0.046354 -0.205629 0.108272 2
-0.091302 -0.254922 -0.103872 0
0.482941 0.280224 -0.241940 3
-0.781882 0.030836 0.176512 4
-0.735391 -0.152872 0.390227 4
-0.194427 -0.179463 -0.162651 1
-0.133570 -0.217262 0.130514 2
-0.143871 -0.624279 -0.274184 0
-0.167087 -0.179252 -0.077273 0
-0.260147 -0.082873 -0.150923 1
0.576657 0.331976 -0.323671 3
-0.263214 -0.150792 0.066090 4
-0.154287 -0.156859 -0.203795 1
-0.141284 -0.622124 -0.220056 0
-0.105856 -0.242090 -0.064673 0
-0.440604 -0.019518 -0.148514 1
0.793286 0.153304 -0.101086 3
0.003433 -0.263757 0.377092 2
0.646172 0.155263 -0.017147 3
-0.692558 0.041813 0.153400 4
0.017822 -0.217755 0.144730 2
0.656545 0.281583 -0.122756 3
-0.526877 0.041132 0.173426 4
-0.774709 0.029567 0.262613 4
0.616884 0.354211 -0.328888 3
-0.452113 0.080771 0.047056 4
-0.247873 -0.117891 0.089564 4
-0.261348 -0.216778 0.107220 2
0.341729 0.145185 -0.135917 3
-0.043467 -0.246113 -0.102310 0
-0.644985 0.043737 0.063302 4
-0.155176 -0.110265 -0.266468 1
-0.471289 0.070304 -0.224361 1
0.126989 -0.107630 -0.116597 3
-0.186849 -0.225046 0.071569 2
0.264045 0.159790 -0.174443 3
0.055237 -0.146817 -0.121788 0
-0.032650 -0.188370 -0.027078 2
-0.419337 -0.056277 0.326118 4
-0.431566 -0.030682 0.291324 4
0.680721 0.401147 -0.314705 3
-0.631645 0.048290 0.200890 4
-0.382414 0.015787 -0.197874 1
-0.812059 -0.008342 0.350432 4
-0.078025 -0.213659 -0.021365 2
-0.085982 -0.254626 0.359565 2
-0.761956 0.031753 0.112698 4
-0.138422 -0.239729 0.021003 2
0.506024 0.264822 -0.176013 3
-0.109726 -0.212525 0.082468 2
0.803591 0.301115 -0.184980 3
-0.499808 -0.014077 0.241122 4
0.677253 0.315660 -0.152285 3
0.635224 0.372443 -0.256288 3
-0.103952 -0.499128 -0.180935 0
-0.503901 0.008893 -0.175135 1
-0.138969 -0.444790 -0.165447 0
-0.699060 -0.029669 0.345689 4
-0.630396 -0.017615 0.328269 4
-0.404606 -0.110705 0.405607 4
0.575136 0.257659 -0.130029 3
-0.584205 -0.140252 0.406477 4
-0.164081 -0.711056 -0.299485 0
-0.575099 0.053606 0.105952 4
0.562027 0.048872 0.095278 3
-0.352076 -0.033044 0.122623 4
-0.066312 -0.222363 0.176056 2
-0.411310 0.108658 -0.284010 1
0.013724 -0.208161 -0.122312 0
0.788345 0.428749 -0.218566 3
-0.667287 0.037803 0.242205 4
-0.867149 -0.018125 0.356321 4
0.852544 0.218090 -0.196285 3
-0.448018 0.014516 0.137580 4
-0.138857 -0.520843 -0.202768 0
0.212390 -0.022327 -0.107422 3
0.065643 -0.226455 0.160684 2
-0.613575 -0.066295 0.377000 4
-0.002008 -0.248146 0.300687 2
0.035780 -0.252375 0.280741 2
-0.793363 -0.127134 0.383390 4
-0.144934 -0.295898 -0.118178 0
-0.152021 -0.231309 0.208065 2
-0.217479 -0.139422 -0.114186 1
-0.011177 -0.229901 0.224971 2
-0.279482 -0.017251 -0.205849 1
-0.312997 -0.088849 0.109554 4
0.269983 0.102656 -0.135017 3
0.408073 0.175517 -0.134455 3
0.397442 0.087345 0.001752 3
-0.165737 -0.657904 -0.267712 0
-0.410796 -0.150774 0.436529 4
0.597212 0.218085 -0.083424 3
0.291861 0.204989 -0.206832 3
-0.479123 0.022768 0.174428 4
0.565415 0.196798 -0.072832 3
0.397612 0.110534 -0.054220 3
-0.539985 0.019240 0.224233 4
-0.546723 0.103462 0.017075 4
-0.198522 -0.195182 -0.045443 0
0.500913 0.141224 -0.018894 3
-0.572737 -0.063273 0.366984 4
-0.128355 -0.285165 -0.072062 0
-0.078213 -0.266982 0.396941 2
-0.151339 -0.253189 -0.048070 0
0.824560 0.120662 -0.095960 3
0.529554 0.233169 -0.126861 3
-0.092604 -0.006427 -0.199383 5
0.492631 0.305917 -0.316542 3
0.767859 0.475522 -0.220932 3
0.660277 0.245286 -0.111290 3
0.443501 0.134160 -0.038451 3
0.611185 0.299502 -0.142176 3
0.667975 0.094989 0.021504 3
0.095483 -0.132095 -0.112923 3
0.465739 0.055911 0.085944 3
-0.151065 -0.261882 0.363223 2
-0.390139 -0.082266 0.349922 4
0.538871 0.285543 -0.179865 3
-0.134425 -0.332785 -0.139033 0
-0.705645 0.035009 0.103915 4
-0.629108 0.047199 0.115127 4
0.390423 0.273813 -0.327000 3
-0.099700 -0.220724 0.224427 2
-0.108780 -0.396156 -0.151024 0
0.763825 0.379139 -0.166183 3
-0.666942 -0.011960 0.321382 4
0.406595 0.248102 -0.214995 3
0.873429 0.371767 -0.213071 3
-0.111908 -0.137766 -0.111015 5
-0.140884 -0.743983 -0.305590 0
0.332546 0.240018 -0.234547 3
0.650619 0.030633 0.095636 3
-0.620720 0.012208 0.277492 4
-0.756175 -0.074870 0.377109 4
-0.311209 -0.040067 -0.175341 1
0.561961 0.159653 -0.019737 3
0.860227 0.274030 -0.211770 3
-0.325780 -0.071800 -0.112546 1
-0.126987 -0.525300 -0.167549 0
-0.846326 0.027651 0.300362 4
-0.348207 -0.089255 0.334519 4
0.712998 0.256680 -0.114164 3
-0.564946 -0.021804 0.313384 4
-0.072646 -0.180613 -0.109232 5
0.720164 0.435621 -0.191118 3
-0.140418 -0.219707 0.171300 2
-0.033561 -0.191036 0.043519 2
0.800847 0.262791 -0.172236 3
-0.489285 0.094565 0.054628 4
-0.919838 -0.069742 0.386050 4
0.472599 0.208584 -0.123517 3
0.442694 0.031416 0.105899 3
-0.280995 0.061772 -0.291430 1
0.494623 0.169950 -0.077841 3
-0.120643 -0.515008 -0.233823 0
0.510833 0.310022 -0.347841 3
0.796374 0.086974 -0.044772 3
-0.448374 -0.069514 0.357965 4
-0.514085 0.076280 0.081130 4
-0.593643 0.036950 0.228470 4
0.785583 0.203799 -0.130800 3
0.230237 0.040047 -0.124210 3
-0.067508 -0.088453 -0.150659 5
0.727955 0.214880 -0.104854 3
0.883813 0.336300 -0.244044 3
-0.735748 -0.022627 0.338720 4
-0.100306 -0.265128 -0.137093 0
-0.134972 -0.691893 -0.313611 0
-0.457899 0.046456 0.106962 4
-0.115788 -0.464523 -0.184249 0
0.011983 -0.204331 0.112121 2
0.665682 0.389141 -0.210361 3
-0.453724 0.043417 -0.206720 1
0.086289 -0.243471 0.223192 2
0.826640 0.397828 -0.212758 3
-0.692448 0.015326 0.286044 4
-0.192417 -0.048592 -0.278430 1
-0.086835 -0.329786 -0.127088 0
-0.102281 -0.383298 -0.183637 0
-0.222333 -0.243067 0.222964 2
-0.015467 -0.225740 0.189634 2
-0.223733 -0.134125 0.052213 0
0.466457 0.243117 -0.171496 3
-0.697195 -0.209594 0.411544 4
0.450651 0.298773 -0.314822 3
-0.610677 0.059190 0.042018 4
-0.593406 -0.171048 0.421256 4
-0.420610 -0.017762 0.235578 4
-0.037500 -0.128818 -0.146384 5
-0.416741 -0.026986 0.167706 4
0.418055 0.150822 -0.105035 3
-0.439588 0.060907 0.077991 4
0.735897 0.273115 -0.147359 3
-0.385375 0.025613 0.092851 4
-0.015031 -0.235173 -0.131120 0
-0.531556 0.044115 0.138691 4
-0.278045 -0.132439 -0.055162 1
-0.492995 -0.035976 0.332063 4
0.705583 0.129363 -0.012323 3
-0.112400 -0.302794 -0.010358 2
-0.660168 0.047658 0.165276 4
-0.329448 0.042117 -0.240525 1
-0.745824 0.032694 0.243129 4
-0.049998 -0.227362 -0.131140 0
-0.405427 -0.028463 -0.143849 1
-0.115503 -0.231075 -0.111296 0
0.091392 -0.199860 0.104431 2
-0.769990 -0.184927 0.377820 4
0.898101 0.269059 -0.208956 3
0.329463 0.079854 -0.063770 3
-0.196655 -0.190197 0.006630 0
-0.290874 -0.063338 -0.156214 1
0.584402 0.034323 0.117330 3
0.056757 -0.238355 0.193539 2
-0.051163 -0.064689 -0.172111 5
0.023146 -0.160389 0.011368 2
0.228671 0.009360 -0.105475 3
-0.915737 -0.013054 0.356680 4
0.414346 0.204120 -0.160199 3
-0.105488 -0.317126 -0.087627 0
-0.346207 -0.112406 0.409966 4
-0.427857 0.081438 -0.240826 1
0.045017 -0.175813 -0.137018 0
-0.174969 -0.129595 -0.201577 1
0.670411 0.207439 -0.075759 3
-0.862863 -0.105469 0.374434 4
0.507841 0.124501 0.015677 3
-0.110114 -0.383950 -0.075160 0
-0.117656 -0.551018 -0.228311 0
0.737855 0.089981 -0.006123 3
-0.334922 0.020535 0.088437 4
0.738547 0.340906 -0.150695 3
-0.807008 0.027039 0.199246 4
-0.278511 -0.060695 0.237931 4
-0.113448 -0.615939 -0.254986 0
-0.155544 -0.250825 0.312627 2
-0.805090 0.008891 0.319449 4
-0.678867 0.033077 0.082609 4
-0.601353 0.051949 0.186138 4
-0.822508 -0.142075 0.373129 4
-0.240364 -0.076733 -0.180862 1
-0.184011 -0.083804 -0.262312 1
0.693785 0.066139 0.043664 3
-0.830704 -0.072130 0.378937 4
-0.709862 -0.101541 0.388022 4
-0.213491 -0.150871 -0.002912 0
-0.614313 -0.119689 0.398745 4
-0.285840 -0.068817 0.147209 4
0.525581 0.187253 -0.078739 3
-0.232866 -0.039025 -0.239406 1
-0.137467 -0.411955 -0.158738 0
0.847270 0.154792 -0.148600 3
-0.643045 -0.180763 0.416298 4
-0.659151 -0.142292 0.402496 4
-0.321123 -0.111576 -0.055471 1
0.615786 0.167784 -0.028752 3
-0.858954 0.028381 0.226524 4
-0.459368 -0.111247 0.395946 4
-0.121121 -0.447328 -0.134114 0
0.690710 0.179003 -0.058088 3
-0.220543 -0.249276 0.285381 2
-0.844447 0.026689 0.266334 4
-0.351590 -0.007354 -0.178018 1
-0.137579 -0.233728 -0.079537 0
-0.202672 -0.223218 0.153798 2
-0.111200 -0.061446 -0.144301 5
-0.495451 0.058313 0.106076 4
0.281428 0.020861 -0.006481 3
0.862988 0.332101 -0.209443 3
-0.244677 -0.004032 -0.266169 1
-0.076218 -0.294421 -0.140857 0
-0.308445 -0.070501 0.268504 4
-0.201897 -0.259525 0.313739 2
-0.063395 0.007381 -0.206242 5
0.592155 0.241540 -0.106885 3
0.599194 0.095667 0.043280 3
-0.345170 0.013833 -0.206753 1
-0.207711 -0.148102 -0.144331 1
0.357530 0.048074 0.036277 3
0.588705 0.059900 0.079697 3
-0.384189 -0.001499 0.124001 4
-0.151964 -0.216066 0.096869 2
-0.225063 0.008721 -0.297569 1
0.623396 0.131060 0.006551 3
0.442228 0.284565 -0.267900 3
-0.436898 -0.025448 0.196522 4
-0.131556 -0.317292 -0.036122 2
0.320111 0.108906 -0.119730 3
-0.161054 -0.105585 -0.135547 5
0.397905 0.042461 0.076405 3
-0.028797 -0.233590 0.251988 2
-0.560497 -0.008455 0.277282 4
-0.165767 -0.223162 0.149227 2
0.134901 -0.081977 -0.091649 3
-0.108192 -0.209415 0.149029 2
-0.020968 -0.182984 0.002505 2
-0.165499 -0.189752 -0.035895 0
0.440952 0.107333 0.002781 3
0.470748 0.101564 0.033633 3
-0.377275 -0.034408 0.182402 4
0.745219 0.175740 -0.087672 3
-0.583674 -0.207469 0.443695 4
0.669269 0.405385 -0.278941 3
0.354969 0.255594 -0.252506 3
0.533857 0.209401 -0.105783 3
-0.204812 -0.219484 0.097493 2
0.103468 -0.094344 -0.133775 3
0.272238 0.037613 -0.070317 3
0.183889 -0.062841 -0.096548 3
0.615661 0.344137 -0.257357 3
-0.112050 -0.598516 -0.224379 0
0.775717 0.417476 -0.189375 3
-0.165492 -0.251002 -0.001356 2
-0.888748 0.004785 0.359103 4
-0.786474 -0.099310 0.370112 4
0.553150 0.101013 0.043774 3
0.499303 0.301537 -0.284265 3
-0.272649 0.014711 -0.251095 1
-0.769927 0.028497 0.144524 4
-0.416754 0.031898 -0.199632 1
-0.239877 -0.143890 -0.077166 1
-0.085996 -0.030287 -0.180140 5
-0.055218 -0.252929 0.368602 2
0.519114 0.030785 0.116910 3
0.537694 0.329975 -0.375974 3
0.553803 0.314460 -0.294302 3
0.630505 0.345634 -0.193602 3
0.441810 0.294305 -0.347443 3
-0.763645 -0.030729 0.350034 4
-0.270000 -0.145040 -0.027831 1
0.450725 0.144516 -0.074813 3
-0.334934 -0.110937 0.381044 4
-0.057650 -0.137370 -0.168430 5
0.855361 0.394293 -0.224498 3
-0.243771 -0.222230 0.153488 2
0.764607 0.092834 -0.025810 3
-0.057888 -0.216975 0.138900 2
-0.390158 0.039633 -0.216069 1
-0.164122 -0.237862 0.038401 2
-0.387909 -0.032036 0.234318 4
-0.160619 -0.238131 0.255725 2
-0.205834 -0.087554 -0.224279 1
-0.021045 -0.165467 -0.134633 0
0.264347 0.211609 -0.221695 3
-0.255618 0.046101 -0.307802 1
0.821923 0.243286 -0.161180 3
0.628833 0.204925 -0.064912 3
-0.526891 -0.171304 0.426824 4
-0.209502 -0.226569 0.049938 2
-0.602458 0.049499 0.129948 4
0.679023 0.418800 -0.220965 3
-0.551021 0.069289 0.079581 4
0.532506 0.157987 -0.027550 3
0.022361 -0.238831 0.237131 2
0.288502 0.043003 -0.030423 3
-0.510204 -0.085253 0.379037 4
0.761629 0.314765 -0.169979 3
0.837947 0.182876 -0.160257 3
0.491879 0.300074 -0.369445 3
-0.117252 -0.254702 0.005127 2
0.019278 -0.212965 -0.080436 0
0.529199 0.084891 0.062830 3
0.456213 0.223622 -0.150602 3
-0.390834 0.065439 -0.237326 1
-0.301116 -0.093047 0.289818 4
-0.702694 0.040975 0.217674 4
-0.336752 -0.013157 0.090058 4
0.356059 0.127306 -0.116231 3
0.789928 0.363881 -0.174844 3
0.323067 0.047843 0.015028 3
0.295634 0.052564 -0.094130 3
0.666937 0.378153 -0.329950 3
0.634289 0.052922 0.076873 3
-0.515828 0.017970 0.242110 4
-0.563864 -0.160071 0.416367 4
-0.003891 -0.256669 0.348793 2
-0.348804 -0.052972 0.151252 4
0.062908 -0.166202 0.058127 2
0.883087 0.303838 -0.213604 3
-0.880303 0.019866 0.331311 4
-0.446907 0.079483 0.017591 4
0.268979 0.133562 -0.152593 3
-0.371344 -0.097500 -0.051225 1
0.727597 0.137627 -0.043721 3
0.620983 0.248172 -0.102400 3
-0.170486 -0.172468 -0.184087 1
-0.811887 0.027465 0.169756 4
-0.079003 -0.231449 -0.090130 0
0.587215 0.169057 -0.037184 3
-0.271115 -0.098814 0.089927 4
-0.518673 0.109902 0.024703 4
0.617055 0.351581 -0.358527 3
-0.773722 0.016930 0.306116 4
-0.139427 -0.550520 -0.202319 0
-0.257426 -0.102013 -0.122473 1
-0.192454 -0.012461 -0.302818 1
-0.346696 0.088929 -0.284815 1
-0.093893 -0.431300 -0.145488 0
0.675250 0.152159 -0.021443 3
0.768968 0.222624 -0.115237 3
0.216321 -0.015948 -0.054212 3
0.367862 0.276599 -0.292824 3
-0.466327 -0.139994 0.415810 4
-0.774928 -0.149915 0.386551 4
0.294198 0.155109 -0.156183 3
0.403358 0.265636 -0.243770 3
-0.209810 -0.120161 -0.173731 1
0.552316 0.308717 -0.244592 3
0.786812 0.177648 -0.117357 3
-0.434654 -0.041761 -0.130242 1
-0.493558 -0.015654 0.270969 4
-0.562368 -0.111000 0.400395 4
0.281008 0.184279 -0.186756 3
-0.118652 -0.329052 -0.059711 0
0.392809 0.123066 -0.092374 3
0.513184 0.166123 -0.049498 3
-0.072462 -0.245314 0.335302 2
-0.138790 -0.230064 -0.129034 0
-0.357211 -0.049184 -0.139728 1
0.627379 0.362122 -0.294123 3
-0.106095 -0.222871 0.049097 2
0.826341 0.335035 -0.202949 3
0.781896 0.154805 -0.074280 3
-0.451052 0.106554 0.033474 4
-0.116324 -0.102694 -0.117360 5
0.562092 0.137736 0.009610 3
0.068669 -0.145188 -0.091424 0
-0.094407 -0.086145 -0.133709 5
-0.722851 0.036337 0.127941 4
0.475499 0.186162 -0.105338 3
-0.033023 -0.258928 -0.126483 0
0.722990 0.405922 -0.186557 3
-0.209027 -0.236935 0.198035 2
0.764689 0.129130 -0.046358 3
-0.285612 -0.058915 0.210021 4
0.722867 0.172300 -0.053085 3
-0.044350 -0.202796 0.076983 2
0.700300 0.375216 -0.174847 3
0.825168 0.281889 -0.185818 3
-0.088297 -0.150114 -0.122009 5
0.412857 0.066805 0.045803 3
-0.384899 0.111072 -0.295170 1
0.759314 0.256405 -0.146920 3
-0.086265 -0.235576 -0.003546 2
-0.514400 -0.131269 0.407688 4
-0.457296 -0.029261 0.304031 4
-0.381556 0.059919 0.055647 4
-0.073695 -0.207356 0.096166 2
-0.470496 -0.025502 -0.129962 1
0.805671 0.137628 -0.077835 3
-0.314245 -0.057040 0.168366 4
-0.864729 -0.040449 0.374161 4
0.334115 0.073781 -0.032495 3
0.315646 0.198877 -0.191623 3
0.704698 0.308362 -0.135868 3
-0.390197 -0.004679 -0.177897 1
0.640728 0.306671 -0.139937 3
-0.373231 -0.056505 0.281677 4
-0.797302 0.028120 0.245259 4
-0.740704 0.000029 0.315439 4
0.042274 -0.165365 -0.101562 0
0.742858 0.449511 -0.181148 3
-0.155883 -0.080065 -0.150906 5
-0.573977 0.051016 0.178717 4
0.712453 0.444924 -0.262911 3
-0.012928 -0.208307 0.126976 2
0.826615 0.147787 -0.104712 3
0.376418 0.092059 -0.023436 3
-0.124716 -0.693532 -0.274656 0
-0.531749 -0.068631 0.371565 4
-0.127685 -0.162783 -0.116742 5
0.384000 0.191497 -0.158347 3
-0.608994 0.051358 0.015051 4
-0.124772 -0.226028 0.203489 2
0.101223 -0.105655 -0.105231 3
0.037674 -0.225985 0.163608 2
0.633281 0.085788 0.045259 3
-0.337243 -0.035125 -0.165969 1
-0.445474 -0.062006 -0.095786 1
0.033961 -0.175064 0.055759 2
0.787323 0.439530 -0.176504 3
0.575233 0.312761 -0.188328 3
0.614457 0.348055 -0.216913 3
-0.116126 -0.278926 -0.101853 0
-0.672527 -0.093916 0.390690 4
-0.271044 0.038472 -0.271737 1
0.642286 0.360894 -0.319251 3
-0.297613 -0.057244 0.078633 4
-0.412826 -0.073621 -0.094018 1
0.746080 0.458093 -0.220369 3
-0.113764 -0.509113 -0.205946 0
-0.717182 -0.172449 0.398139 4
-0.245932 -0.170130 0.043914 4
-0.063315 -0.264784 -0.108014 0
0.432363 0.246388 -0.204602 3
-0.103753 -0.572692 -0.199090 0
-0.449591 -0.091514 0.374951 4
-0.117622 -0.390250 -0.109116 0
-0.652466 0.040627 0.089909 4
-0.144903 -0.206560 -0.027790 0
0.825013 0.154118 -0.131973 3
-0.806142 -0.078829 0.367821 4
-0.071244 -0.210925 0.019986 2
0.378889 0.168385 -0.142194 3
0.632934 0.182379 -0.049263 3
0.732897 0.062654 0.036551 3
0.543150 0.119146 0.025410 3
-0.200181 -0.246588 0.254447 2
-0.649695 0.024985 0.268153 4
-0.888933 -0.056242 0.388705 4
-0.193236 -0.108762 -0.202598 1
-0.513446 -0.046135 0.350076 4
-0.102962 -0.234635 0.277178 2
0.501053 0.090340 0.052317 3
-0.341530 -0.049296 0.212820 4
0.374023 0.041422 0.062613 3
-0.548955 0.002084 0.248011 4
-0.649793 0.043213 0.220908 4
0.690903 0.428086 -0.253607 3
-0.143191 -0.566676 -0.226994 0
-0.163804 -0.126537 -0.231027 1
-0.062725 -0.113916 -0.141623 5
0.663070 0.339665 -0.161233 3
-0.112582 -0.043242 -0.164770 5
-0.264773 -0.232140 0.171179 2
-0.645538 0.047062 0.142113 4
0.710757 0.103437 -0.005136 3
0.681610 0.257485 -0.123400 3
-0.559918 0.084035 0.038496 4
0.034431 -0.258144 0.307488 2
0.360800 0.225763 -0.203683 3
-0.385067 -0.051459 -0.132030 1
-0.306775 0.067494 -0.278819 1
-0.707130 -0.052297 0.368682 4
0.598729 0.129813 0.018249 3
-0.401922 -0.056615 0.304975 4
-0.429231 -0.111639 0.393902 4
-0.671714 -0.054003 0.370995 4
0.703741 0.209450 -0.088763 3
0.589433 0.283390 -0.144735 3
0.728541 0.477399 -0.230530 3
0.451953 0.263039 -0.220260 3
-0.271012 -0.095306 0.039383 0
-0.606076 0.022018 0.252193 4
-0.808456 -0.034483 0.364367 4
-0.125929 -0.674736 -0.248517 0
-0.313003 -0.094080 -0.088675 1
-0.748247 0.035312 0.177586 4
0.495250 0.071312 0.073791 3
-0.058417 -0.042362 -0.185689 5
0.468051 0.138378 -0.027749 3
0.076727 -0.209173 0.125924 2
-0.326031 -0.060599 0.249980 4
0.035953 -0.151969 -0.146026 0
0.341960 0.202673 -0.183808 3
-0.829042 0.013471 0.211564 4
-0.181129 -0.210978 -0.166122 1
0.498969 0.023849 0.133512 3
-0.115245 -0.369334 -0.151323 0
0.157838 -0.050887 -0.104097 3
-0.097768 -0.310552 -0.142723 0
0.772872 0.068820 0.011912 3
-0.639671 -0.064941 0.370448 4
-0.467407 -0.018709 0.276666 4
-0.650076 -0.117154 0.399125 4
-0.719984 0.009561 0.298110 4
-0.432249 -0.165722 0.442942 4
0.812007 0.371854 -0.205565 3
-0.711365 0.035656 0.072765 4
-0.364877 0.060308 -0.241971 1
0.783768 0.333312 -0.187012 3
-0.037046 -0.045905 -0.207789 5
0.431703 0.180465 -0.121266 3
-0.326246 -0.110810 0.325657 4
-0.126289 -0.216133 0.104577 2
0.573911 0.331432 -0.374856 3
-0.108898 -0.342807 -0.116186 0
0.843692 0.429935 -0.204061 3
-0.637767 -0.007467 0.304591 4
0.516087 0.309290 -0.303624 3
-0.091289 -0.217519 -0.069593 0
0.820771 0.202452 -0.137571 3
-0.726785 0.025980 0.275582 4
-0.082552 -0.221519 0.203937 2
-0.104056 -0.201283 -0.121903 5
-0.000936 -0.186260 -0.126583 0
-0.444160 -0.018165 0.223028 4
-0.443621 -0.004442 -0.170298 1
-0.109288 -0.273920 -0.039282 2
-0.100402 -0.459004 -0.205305 0
-0.055137 -0.230029 0.250947 2
-0.083229 -0.216484 0.154882 2
-0.219660 0.029147 -0.317142 1
0.660854 0.045743 0.070421 3
-0.565066 0.026998 0.228142 4
0.752574 0.298490 -0.142304 3
0.429556 0.016835 0.123754 3
0.054693 -0.250382 0.255116 2
-0.102493 -0.249296 0.337753 2
0.800849 0.106188 -0.065540 3
-0.119745 -0.257095 0.362157 2
0.596722 0.340954 -0.339722 3
0.573494 0.328449 -0.240694 3
-0.124824 -0.640546 -0.282556 0
-0.274691 -0.108261 -0.098539 1
0.535365 0.296866 -0.222572 3
-0.147185 -0.689100 -0.287718 0
0.013432 -0.189190 0.071820 2
-0.730725 -0.081492 0.378920 4
0.412206 0.280827 -0.276631 3
0.829479 0.308287 -0.184330 3
-0.483717 -0.175726 0.437693 4
0.628912 0.029186 0.113661 3
-0.409481 -0.087878 -0.053184 1
0.023916 -0.179040 -0.115727 0
-0.616533 -0.092074 0.382573 4
-0.840066 -0.005872 0.354972 4
0.794215 0.317510 -0.166836 3
-0.354527 -0.070477 0.308038 4
-0.490494 0.029434 -0.184127 1
0.327095 0.169338 -0.155828 3
-0.566207 -0.085615 0.382716 4
0.569724 0.182275 -0.051369 3
-0.435708 0.017616 -0.187625 1
-0.057188 -0.205733 -0.034916 2
-0.749196 0.034509 0.207585 4
0.536665 0.048542 0.101318 3
-0.331358 0.106969 -0.311554 1
-0.012858 -0.213263 -0.117178 0
-0.122491 -0.471317 -0.146967 0
-0.665474 0.044578 0.034567 4
-0.230687 -0.221457 0.099439 2
-0.007357 -0.191111 0.055591 2
-0.381607 -0.072703 -0.096821 1
-0.153597 -0.208623 -0.084768 0
-0.314475 -0.035282 0.067655 4
-0.247966 -0.243014 0.227050 2
-0.468537 0.029501 0.127845 4
0.827776 0.231371 -0.183465 3
-0.159971 -0.227474 -0.025013 0
0.797737 0.445051 -0.200747 3
-0.715274 -0.126853 0.389183 4
0.707428 0.047357 0.062324 3
0.511375 0.249255 -0.148818 3
0.859553 0.248485 -0.207680 3
-0.473760 -0.013435 0.243786 4
0.366404 0.203096 -0.175367 3
-0.569568 0.097526 0.006514 4
-0.097531 -0.526371 -0.182131 0
-0.329267 -0.118411 -0.023842 1
0.643572 0.115749 0.011647 3
-0.134840 -0.385725 -0.147622 0
-0.421469 0.064275 0.054651 4
-0.142532 -0.630521 -0.244431 0
0.073104 -0.167255 -0.116697 0
-0.047290 -0.217037 -0.107666 0
-0.414823 -0.075621 0.346654 4
-0.624752 -0.032983 0.348135 4
-0.663012 -0.167292 0.407201 4
-0.529050 0.033982 0.198024 4
0.515119 0.292449 -0.240810 3
0.708693 0.442931 -0.213117 3
0.122605 -0.082364 -0.114991 3
-0.475007 -0.092478 0.378593 4
-0.412557 -0.025537 0.261354 4
-0.287153 0.081390 -0.307015 1
0.242797 0.018502 -0.086106 3
-0.222913 -0.228532 0.168607 2
-0.884518 -0.128195 0.381935 4
0.647175 0.381822 -0.233878 3
-0.269230 -0.122046 -0.077645 1
0.317351 0.064296 -0.082962 3
0.547123 0.065474 0.082823 3
-0.337252 -0.051617 0.113253 4
-0.472084 0.001233 -0.160041 1
0.491281 0.273163 -0.214904 3
0.857651 0.355214 -0.225286 3
0.424824 0.294272 -0.328395 3
-0.181784 -0.167497 -0.046056 0
-0.132435 -0.492519 -0.184634 0
-0.019796 -0.245480 0.319980 2
-0.639186 -0.210590 0.428978 4
0.694508 0.105142 0.015744 3
0.357499 0.090122 -0.079521 3
0.747831 0.201011 -0.087302 3
0.436071 0.070079 0.055581 3
-0.233437 -0.094356 -0.163952 1
-0.045845 -0.223967 0.195024 2
-0.235485 -0.120185 -0.120028 1
-0.318164 -0.052919 0.203690 4
0.845521 0.209639 -0.173453 3
0.666108 0.294856 -0.143075 3
-0.835201 -0.122886 0.383675 4
-0.829774 0.020239 0.317993 4
-0.374483 0.040362 0.075445 4
-0.261995 -0.041545 -0.203791 1
0.310409 0.244437 -0.255938 3
0.026638 -0.234497 0.211640 2
-0.310821 -0.066633 -0.132989 1
-0.115851 -0.001621 -0.207903 5
0.725561 0.350376 -0.170118 3
0.406637 0.230753 -0.191396 3
-0.111074 -0.442332 -0.173286 0
-0.602687 -0.016777 0.319323 4
-0.055283 -0.241321 0.317355 2
0.302586 0.221292 -0.223604 3
0.053471 -0.122564 -0.128237 0
-0.868942 0.029876 0.282038 4
-0.512805 0.045530 0.119026 4
-0.460463 0.086336 -0.240423 1
-0.517323 -0.104760 0.393198 4
0.527039 0.302034 -0.372565 3
-0.038101 -0.084715 -0.187348 5
0.300213 0.093730 -0.118507 3
-0.553024 0.048976 0.126735 4
0.588124 0.332478 -0.213038 3
0.562756 0.279269 -0.153327 3
0.091038 -0.231953 0.165323 2
0.260686 0.063963 -0.119092 3
0.827613 0.439726 -0.220518 3
0.215570 -0.004667 -0.086822 3
0.672851 0.168147 -0.040505 3
-0.203713 -0.145156 -0.168825 1
-0.129117 -0.722519 -0.300569 0
-0.509601 -0.016101 0.294917 4
-0.138722 -0.258870 -0.075803 0
0.498382 0.107877 0.031665 3
-0.483821 0.012159 0.196480 4
-0.136361 -0.155667 -0.221055 1
-0.817325 0.027455 0.260063 4
-0.560428 -0.038042 0.339264 4
-0.160506 -0.246825 0.284102 2
0.889921 0.312443 -0.247428 3
-0.330563 0.022667 -0.225090 1
0.572999 0.330146 -0.292571 3
0.485893 0.047963 0.098071 3
-0.589843 0.000203 0.274094 4
-0.404710 0.012440 0.124781 4
-0.111112 -0.418274 -0.162030 0
-0.366610 0.087975 -0.269712 1
-0.064142 -0.235926 -0.111450 0
0.769748 0.407077 -0.167527 3
-0.724426 0.035352 0.230908 4
-0.543436 -0.015817 0.293682 4
-0.064320 -0.231467 0.288573 2
-0.394700 -0.091690 0.372354 4
0.747096 0.401435 -0.183517 3
-0.370915 -0.109397 0.412593 4
0.881738 0.350482 -0.222738 3
-0.907423 0.034311 0.306595 4
-0.522875 -0.006810 0.245995 4
-0.109012 -0.243389 0.313596 2
-0.595276 0.050947 0.153485 4
-0.210819 -0.161381 -0.105201 1
-0.149314 -0.670744 -0.308210 0
-0.675390 -0.023998 0.341848 4
0.378907 0.075890 0.013204 3
-0.178678 -0.231968 0.209969 2
0.501170 0.223048 -0.125293 3
0.459474 0.279334 -0.249274 3
-0.897983 -0.080137 0.379635 4
-0.075930 -0.224247 0.229586 2
-0.369797 -0.039160 0.210876 4
-0.735913 0.032452 0.107575 4
-0.357458 -0.078293 -0.098876 1
0.595005 0.312368 -0.168517 3
-0.070516 -0.016787 -0.197790 5
-0.245495 -0.110888 0.022412 0
-0.306046 0.005801 -0.209754 1
0.246501 0.012645 -0.046656 3
-0.470173 0.082284 0.063787 4
0.679507 0.386247 -0.190500 3
-0.594594 -0.054178 0.361196 4
0.197030 -0.006607 -0.118346 3
-0.106798 -0.358992 -0.171674 0
0.421705 0.038740 0.091631 3
0.175834 -0.045719 -0.080102 3
0.805073 0.285138 -0.163612 3
0.481241 0.289666 -0.264367 3
0.472187 0.161778 -0.073392 3
0.001188 -0.223649 0.172079 2
0.888365 0.261805 -0.234517 3
-0.208654 -0.146860 0.028786 0
0.804032 0.219836 -0.135201 3
-0.708134 0.043888 0.179248 4
-0.265649 -0.101227 0.063068 4
-0.081458 -0.215983 0.043034 2
0.804468 0.406720 -0.203280 3
0.772749 0.169604 -0.099427 3
-0.284131 -0.096346 0.306687 4
0.862770 0.195871 -0.191761 3
-0.751510 0.028036 0.269146 4
-0.304189 -0.025762 -0.193482 1
0.145565 -0.085160 -0.121900 3
0.599824 0.334681 -0.310199 3
-0.186299 -0.233910 0.046990 2
-0.225054 -0.022264 -0.256666 1
-0.319767 0.058839 -0.260508 1
0.772546 0.389909 -0.188755 3
-0.138112 -0.065112 -0.143493 5
-0.476740 0.049979 -0.211488 1
-0.137128 -0.221355 -0.051921 0
-0.549774 0.047202 0.169412 4
-0.674754 0.030689 0.263904 4
0.319354 0.148429 -0.144009 3
0.556756 0.244418 -0.122069 3
0.722746 0.284631 -0.130905 3
-0.095054 -0.172629 -0.117163 5
0.656315 0.376021 -0.267156 3
-0.656760 0.047168 0.198156 4
-0.110377 -0.249958 -0.090224 0
0.844187 0.381297 -0.202861 3
0.343680 0.107634 -0.110487 3
-0.021125 -0.202928 0.101735 2
0.597079 0.332514 -0.266951 3
-0.448170 0.069168 -0.218318 1
0.682766 0.353206 -0.161910 3
-0.161222 -0.733096 -0.319717 0
0.419005 0.097890 0.003248 3
0.569155 0.326906 -0.351883 3
0.345090 0.262619 -0.281246 3
-0.094938 -0.207825 0.063901 2
0.633189 0.286799 -0.129143 3
-0.498112 -0.004064 0.219562 4
-0.342947 -0.101029 0.354560 4
-0.176671 -0.066440 -0.278046 1
0.442704 0.121790 -0.016048 3
-0.792132 -0.019146 0.343307 4
0.669244 0.229248 -0.086755 3
-0.299514 -0.076378 0.092519 4
-0.031915 -0.256842 0.370650 2
0.379071 0.109057 -0.068933 3
-0.168975 -0.187202 -0.008300 0
-0.769639 -0.127870 0.378757 4
0.368932 0.282118 -0.321428 3
-0.343557 -0.124951 0.363304 4
-0.365172 -0.085627 -0.074598 1
-0.191313 -0.181290 -0.138544 1
0.424880 0.121829 -0.054233 3
-0.147516 -0.182333 -0.178199 1
-0.530738 -0.196415 0.435729 4
-0.415138 -0.127889 0.419336 4
0.639991 0.262108 -0.122094 3
0.839690 0.186350 -0.133829 3
0.861850 0.294628 -0.200434 3
-0.106820 -0.230408 0.251508 2
0.393127 0.281364 -0.296176 3
-0.044810 -0.084438 -0.155458 5
-0.899378 0.023624 0.348409 4
-0.246261 -0.145429 0.050676 4
-0.141932 -0.651947 -0.271191 0
-0.174420 -0.107143 -0.253379 1
-0.248554 -0.089886 0.049745 0
-0.462655 0.018715 0.155443 4
-0.149156 -0.669795 -0.252972 0
-0.687086 -0.188433 0.410776 4
0.788593 0.116103 -0.048184 3
-0.113015 -0.576282 -0.231717 0
0.743629 0.362075 -0.159363 3
-0.016079 -0.184320 0.029487 2
-0.458101 -0.010900 0.192008 4
0.395667 0.101797 -0.032436 3
-0.102013 -0.475794 -0.169098 0
0.780933 0.224447 -0.140862 3
0.809416 0.322364 -0.192859 3
-0.874814 -0.111826 0.395429 4
0.618998 0.146660 -0.010165 3
-0.674274 0.000443 0.301061 4
-0.194201 -0.167196 0.009053 0
-0.763936 -0.054376 0.369365 4
-0.579223 0.062125 0.079228 4
0.355025 0.083334 -0.025771 3
0.639487 0.352939 -0.346666 3
0.059500 -0.194903 0.100679 2
-0.135973 -0.355305 -0.144350 0
0.761149 0.079589 -0.004950 3
-0.674200 0.043418 0.219613 4
-0.201667 -0.220747 0.127320 2
-0.123646 -0.369119 -0.095874 0
0.722357 0.116649 -0.025051 3
-0.035328 -0.108352 -0.159247 5
0.031840 -0.245476 0.257107 2
0.679226 0.056788 0.058943 3
0.591860 0.199593 -0.068004 3
-0.197223 -0.208251 -0.137753 1
-0.345182 -0.102227 -0.061834 1
-0.428708 0.101609 -0.270649 1
-0.616114 -0.174896 0.421470 4
0.810274 0.168391 -0.104730 3
-0.106900 -0.280771 -0.006588 2
0.704815 0.318432 -0.156527 3
-0.861379 0.003938 0.352267 4
0.299342 0.038277 -0.001018 3
0.453592 0.083732 0.046213 3
-0.639292 0.049835 0.041958 4
0.707132 0.234697 -0.111433 3
-0.118489 -0.529347 -0.215596 0
0.072893 -0.130289 -0.109669 0
-0.362662 -0.089464 0.353315 4
-0.469621 -0.074803 0.365122 4
-0.361522 -0.119508 0.383127 4
-0.500052 0.031788 0.173130 4
-0.919465 -0.041232 0.373379 4
0.760913 0.232967 -0.133914 3
-0.036230 -0.221711 0.169247 2
0.436989 0.289615 -0.295814 3
-0.784333 -0.073513 0.376340 4
0.595229 0.260676 -0.119730 3
-0.176562 -0.219551 0.091119 2
-0.128468 -0.291091 -0.021406 2
0.590657 0.084744 0.061291 3
0.613627 0.324352 -0.173551 3
-0.137394 -0.603859 -0.232953 0
-0.845550 -0.087207 0.370794 4
-0.123512 -0.307298 -0.128807 0
-0.428896 0.047907 0.093144 4
-0.259516 -0.240351 0.207752 2
0.750911 0.467080 -0.200081 3
0.651513 0.364030 -0.195162 3
0.389875 0.023715 0.092201 3
0.747109 0.226782 -0.104080 3
0.075905 -0.185061 0.070107 2
-0.714661 0.039694 0.157331 4
-0.607784 0.046688 0.207081 4
-0.357815 0.027299 0.083132 4
-0.536663 -0.152824 0.418469 4
-0.314585 -0.011319 0.093450 4
-0.300560 -0.120593 -0.054191 1
0.092297 -0.192957 0.126129 2
-0.241922 -0.119617 0.066106 4
-0.601131 0.050032 0.104677 4
-0.233864 -0.168580 -0.059463 1
0.779887 0.301670 -0.173784 3
-0.123931 -0.302383 -0.104743 0
-0.099974 -0.338765 -0.085474 0
0.254229 0.028504 -0.060526 3
-0.214472 -0.046116 -0.253803 1
-0.884093 -0.014226 0.370460 4
-0.223550 -0.077229 -0.197247 1
0.771381 0.332461 -0.160289 3
0.546237 0.299175 -0.200344 3
0.089066 -0.108378 -0.123844 3
0.049815 -0.261865 0.335968 2
0.484705 0.258893 -0.179392 3
0.452292 0.182592 -0.112769 3
0.329883 0.127462 -0.127499 3
-0.308243 0.035291 -0.242493 1
-0.446776 -0.155511 0.429418 4
-0.074096 -0.277470 -0.122878 0
-0.616741 -0.049506 0.360721 4
-0.737487 -0.126780 0.390487 4
-0.160957 -0.049554 -0.292876 1
-0.540729 -0.031362 0.330792 4
0.723021 0.457928 -0.239737 3
0.378350 0.129947 -0.107798 3
-0.140282 -0.108470 -0.128199 5
0.684116 0.132121 -0.017932 3
-0.112548 -0.279439 -0.123744 0
-0.153062 -0.255859 0.334089 2
0.185824 -0.028232 -0.097845 3
-0.318710 -0.062569 0.107994 4
0.536948 0.309150 -0.346845 3
0.728007 0.075261 0.011227 3
-0.674336 0.045778 0.141455 4
0.642339 0.168885 -0.034436 3
0.260628 0.172625 -0.192094 3
-0.276778 -0.080752 -0.136562 1
0.449851 0.097387 0.027904 3
-0.135866 -0.235707 0.264316 2
-0.049155 -0.176056 -0.125247 5
0.660549 0.360381 -0.341399 3
-0.000411 -0.174714 0.017338 2
-0.751292 -0.168058 0.391557 4
-0.709195 -0.193230 0.403001 4
-0.410063 -0.012665 -0.164712 1
0.047867 -0.214619 0.139170 2
-0.795082 0.027842 0.217695 4
-0.388225 -0.019522 0.136989 4
-0.024575 -0.235156 -0.104332 0
0.455419 0.250508 -0.194326 3
-0.124531 -0.223660 0.060937 2
-0.214924 -0.067780 -0.221687 1
0.670925 0.382387 -0.308820 3
0.838536 0.274271 -0.201422 3
-0.581660 -0.192761 0.425110 4
-0.686474 0.046912 0.176419 4
0.385691 0.255612 -0.235609 3
-0.878559 -0.083264 0.389217 4
-0.298366 -0.059967 0.247080 4
-0.379974 -0.043853 0.250926 4
0.526913 0.311668 -0.284772 3
-0.486105 -0.122632 0.404897 4
-0.477035 -0.155525 0.426825 4
0.473912 0.309748 -0.377172 3
0.056983 -0.257599 0.298715 2
0.714826 0.295984 -0.150691 3
0.434626 0.218315 -0.162389 3
-0.040353 -0.057839 -0.189758 5
0.817944 0.390666 -0.194102 3
0.712305 0.067728 0.031733 3
-0.157308 -0.231703 0.235220 2
-0.846634 -0.054851 0.375913 4
0.176017 -0.015883 -0.133894 3
0.874031 0.324182 -0.228885 3
-0.293633 -0.126078 -0.015953 1
-0.276045 0.002951 -0.233168 1
-0.437161 0.001385 0.152498 4
0.000368 -0.251491 0.325103 2
-0.493787 0.007059 -0.156077 1
0.572904 0.096926 0.051626 3
0.745383 0.264721 -0.129811 3
0.731750 0.397263 -0.168767 3
0.005334 -0.230427 0.210998 2
0.309469 0.059865 -0.043863 3
0.100990 -0.139775 -0.093487 3
0.079143 -0.250340 0.251615 2
-0.604435 0.071089 0.007383 4
0.557639 0.317208 -0.316894 3
-0.251695 -0.221204 0.126001 2
-0.327234 -0.074138 0.286713 4
-0.698040 -0.138671 0.394356 4
-0.139016 -0.463466 -0.176147 0
0.450827 0.017847 0.126808 3
-0.172991 -0.209915 -0.037436 0
-0.096527 -0.260403 0.377390 2
-0.157505 -0.226327 -0.072485 0
-0.296818 -0.079235 0.119939 4
0.753954 0.207478 -0.112662 3
-0.503246 0.104536 0.041715 4
-0.110773 -0.017419 -0.193920 5
0.248758 0.102654 -0.138157 3
-0.126527 -0.541791 -0.185168 0
-0.466785 0.008147 0.184132 4
-0.601578 -0.152341 0.414792 4
-0.166052 -0.227970 0.060813 2
-0.182237 -0.002684 -0.318896 1
-0.154407 -0.143416 -0.221815 1
0.749218 0.361959 -0.180641 3
-0.363467 -0.045622 0.164993 4
-0.228160 -0.138175 0.029977 0
0.588806 0.045937 0.095893 3
-0.308331 -0.103079 0.307253 4
0.821671 0.254101 -0.183413 3
0.624596 0.353242 -0.240245 3
-0.630742 -0.106331 0.396112 4
-0.789655 0.015686 0.139081 4
-0.782582 -0.030320 0.359818 4
0.773361 0.438943 -0.192602 3
-0.391040 -0.061903 -0.112588 1
0.725533 0.252102 -0.130764 3
-0.438752 -0.058783 0.342285 4
0.408358 0.078813 0.028799 3
0.762918 0.164127 -0.076797 3
-0.133535 -0.227816 0.041390 2
0.138749 -0.103586 -0.099336 3
-0.103708 -0.349300 -0.135768 0
-0.412573 -0.040228 0.291474 4
-0.063128 -0.242211 -0.080968 0
0.866551 0.207049 -0.209427 3
-0.884737 -0.103509 0.378433 4
0.541238 0.311574 -0.268425 3
-0.254820 0.018256 -0.262027 1
-0.142007 -0.348667 -0.164035 0
0.853913 0.237095 -0.187029 3
-0.115497 -0.437289 -0.151893 0
-0.195845 -0.128962 -0.186995 1
-0.103678 -0.290237 -0.142566 0
-0.423372 -0.025063 0.215913 4
0.686296 0.199618 -0.059831 3
0.191757 -0.052593 -0.065581 3
0.541154 0.314789 -0.390274 3
-0.399862 -0.028065 0.180369 4
0.037115 -0.170213 0.035455 2
0.778986 0.461374 -0.209901 3
0.879806 0.255323 -0.203785 3
-0.139320 -0.253248 0.004821 2
0.684034 0.293730 -0.127873 3
-0.408365 -0.100175 0.385992 4
-0.822860 -0.000350 0.334179 4
-0.707550 -0.014891 0.331581 4
-0.050716 -0.234083 0.272710 2
-0.148556 -0.128037 -0.256329 1
-0.440471 -0.038639 0.312438 4
-0.761888 -0.094892 0.372079 4
-0.582023 0.071096 0.039615 4
-0.250222 -0.099268 -0.142332 1
-0.211706 -0.157881 -0.126186 1
-0.120925 -0.560485 -0.209867 0
-0.117874 -0.428576 -0.125216 0
0.342337 0.056062 0.015987 3
0.787410 0.263298 -0.147456 3
-0.017665 -0.173766 -0.028350 2
0.654356 0.205116 -0.062491 3
0.028768 -0.198766 0.100879 2
-0.793820 0.035451 0.154989 4
-0.174258 -0.251752 0.302824 2
-0.146347 -0.651493 -0.294232 0
-0.578127 -0.045716 0.347404 4
0.733478 0.166795 -0.070631 3
-0.904254 -0.011591 0.375432 4
0.496037 0.132417 -0.000563 3
0.404017 0.118412 -0.072498 3
0.514946 0.276356 -0.190996 3
-0.172577 -0.242889 0.019952 2
0.401639 0.155247 -0.118859 3
-0.409363 0.079293 -0.250328 1
-0.050952 -0.248403 -0.128601 0
0.689669 0.410128 -0.293065 3
0.644308 0.248210 -0.098145 3
-0.079783 -0.308419 -0.125772 0
-0.117826 -0.595629 -0.257010 0
0.744396 0.329155 -0.166873 3
0.783756 0.083570 -0.028571 3
0.018418 -0.261528 0.358880 2
0.401197 0.288731 -0.336661 3
-0.118610 -0.488793 -0.160944 0
0.805374 0.194800 -0.118647 3
0.799493 0.235565 -0.157901 3
0.772836 0.103525 -0.043302 3
0.817260 0.358667 -0.190441 3
-0.792348 0.003463 0.334856 4
0.475947 0.301895 -0.304948 3
-0.781393 0.024013 0.288235 4
-0.773292 0.030170 0.240279 4
0.707105 0.263764 -0.132780 3
-0.563550 -0.141479 0.406848 4
-0.354112 -0.019614 0.107023 4
0.079620 -0.240473 0.200076 2
-0.054626 -0.007966 -0.216973 5
-0.259519 -0.141580 -0.055691 1
0.546860 0.204274 -0.090566 3
-0.229325 -0.001251 -0.279709 1
-0.141074 -0.039866 -0.172654 5
0.878002 0.358615 -0.241354 3
-0.407514 0.037894 0.088377 4
0.690389 0.087586 0.025767 3
-0.256137 0.065494 -0.316988 1
0.806841 0.187348 -0.139046 3
0.362837 0.265893 -0.271314 3
0.686781 0.332909 -0.146400 3
0.828018 0.412847 -0.195383 3
0.830411 0.116455 -0.076712 3
-0.111022 -0.122633 -0.124890 5
0.497413 0.034498 0.109962 3
0.013570 -0.198181 -0.102829 0
0.838303 0.415030 -0.217113 3
-0.553943 0.078149 0.057889 4
-0.441072 0.032177 0.118214 4
-0.370497 -0.027435 0.129636 4
-0.687741 0.037920 0.243237 4
0.666725 0.267008 -0.112629 3
-0.513429 -0.028715 0.328871 4
-0.308608 -0.053836 -0.152573 1
0.656851 0.315384 -0.148991 3
-0.581605 -0.116416 0.396151 4
-0.237903 0.030955 -0.308187 1
-0.843089 -0.104092 0.383593 4
-0.753583 0.031136 0.131266 4
-0.404566 0.094944 -0.270573 1
-0.103164 -0.241569 -0.123585 0
-0.134202 -0.268601 0.372367 2
-0.591609 0.062772 0.060830 4
0.651490 0.099851 0.032346 3
0.143295 -0.066684 -0.103544 3
0.704928 0.192402 -0.063635 3
0.705811 0.355073 -0.170649 3
-0.145845 -0.175890 -0.197363 1
-0.755868 -0.144791 0.381860 4
-0.153357 -0.233602 -0.043191 0
0.800769 0.425609 -0.182576 3
-0.114328 -0.486542 -0.192968 0
0.511249 0.212293 -0.109916 3
-0.391433 -0.137464 0.435802 4
0.625642 0.350649 -0.310975 3
-0.261366 -0.023944 -0.213793 1
0.392746 0.237005 -0.204715 3
0.873693 0.285946 -0.221027 3
0.417441 0.219497 -0.175796 3
0.427859 0.258356 -0.220260 3
0.675612 0.429718 -0.240492 3
0.808754 0.118107 -0.082017 3
0.276333 0.043126 -0.090997 3
0.076007 -0.190568 0.089845 2
-0.173173 -0.145844 -0.189756 1
0.053127 -0.161083 -0.085106 0
-0.201048 -0.175349 -0.094433 1
0.757764 0.289071 -0.159359 3
-0.389402 0.012010 0.109980 4
-0.814562 -0.060542 0.367135 4
-0.063255 -0.204330 -0.001733 2
0.504669 0.294881 -0.257837 3
-0.324147 -0.126323 0.373861 4
-0.365366 -0.052079 0.262036 4
0.858069 0.167953 -0.159304 3
-0.330039 0.079394 -0.278843 1
0.349416 0.027628 0.061560 3
0.851702 0.355090 -0.206110 3
0.283703 0.050801 -0.059449 3
-0.270557 -0.214047 0.124835 2
-0.471130 0.034736 -0.199729 1
-0.627755 0.052923 0.181779 4
0.329257 0.243878 -0.263924 3
0.569118 0.210441 -0.089731 3
-0.887471 -0.041543 0.367567 4
0.702944 0.394747 -0.178338 3
-0.032019 -0.217738 -0.120835 0
-0.328562 0.094704 -0.294774 1
-0.159139 -0.091203 -0.282658 1
-0.030409 -0.194007 0.016743 2
-0.312238 0.101176 -0.311621 1
0.460760 0.143000 -0.048425 3
-0.288990 -0.041502 -0.178042 1
0.350521 0.161553 -0.143152 3
-0.590152 -0.079502 0.378804 4
-0.119743 -0.233503 0.024076 2
0.337106 0.087331 -0.080578 3
0.672814 0.081503 0.039685 3
-0.048933 -0.198941 0.033631 2
-0.072731 -0.258526 0.376161 2
0.287300 0.246122 -0.257257 3
-0.159902 -0.198692 -0.068780 0
-0.371895 0.073693 -0.254835 1
0.678424 0.404243 -0.261387 3
0.551440 0.318077 -0.335702 3
-0.263774 -0.072136 -0.167180 1
-0.133721 -0.228910 -0.103829 0
0.766603 0.371177 -0.186321 3
-0.459632 0.088870 0.029505 4
-0.524132 0.007509 0.225955 4
-0.092041 -0.230112 -0.104950 0
-0.256808 -0.131951 0.070258 4
-0.349305 -0.059976 -0.125187 1
-0.368620 0.027261 -0.206143 1
-0.832929 0.028868 0.199812 4
0.344515 0.070127 -0.015506 3
-0.230427 -0.140192 -0.099291 1
0.831897 0.168923 -0.147682 3
0.643562 0.343493 -0.178977 3
0.865785 0.225421 -0.216498 3
-0.507098 0.089042 0.060967 4
-0.207969 -0.188326 0.022631 0
-0.694617 0.039225 0.119655 4
-0.246994 -0.031073 -0.228260 1
0.736132 0.420495 -0.187449 3
0.607867 0.056077 0.081701 3
0.627486 0.028466 0.084326 3
-0.441836 -0.021357 0.271553 4
0.330358 0.038239 0.032326 3
-0.454198 0.059074 0.090982 4
0.789741 0.358604 -0.193748 3
0.551109 0.167674 -0.033974 3
-0.395112 -0.070769 0.326951 4
-0.149198 -0.629808 -0.292225 0
0.806637 0.421368 -0.216124 3
-0.135225 -0.586120 -0.219135 0
-0.623332 0.044130 0.218731 4
0.499259 0.285215 -0.231861 3
0.427135 0.122600 -0.034030 3
-0.192963 -0.161115 -0.172464 1
0.070885 -0.134639 -0.128656 0
-0.088556 -0.188696 -0.126264 5
-0.865723 0.024079 0.318971 4
-0.332864 -0.092547 0.321394 4
0.404875 0.101092 -0.009988 3
-0.266704 -0.239611 0.189135 2
-0.248334 -0.130171 0.038456 0
0.766687 0.279192 -0.142184 3
0.613647 0.228085 -0.086837 3
0.607582 0.029159 0.109938 3
-0.284247 -0.103344 0.288474 4
0.021266 -0.164635 -0.009334 2
-0.354751 -0.045160 0.197454 4
-0.504510 -0.177680 0.431782 4
-0.350763 -0.051156 0.248504 4
0.010304 -0.247504 0.278705 2
-0.372230 -0.007654 -0.170977 1
0.083388 -0.131788 -0.091126 3
-0.136243 -0.247627 0.315962 2
-0.648150 0.043994 0.112623 4
-0.081549 0.007612 -0.213266 5
-0.152824 -0.665523 -0.282395 0
0.420375 0.190125 -0.138205 3
-0.576510 -0.014400 0.299600 4
-0.125332 -0.429217 -0.171520 0
-0.116226 -0.279237 -0.058058 0
0.347940 0.191030 -0.168921 3
0.456226 0.065183 0.071743 3
-0.128521 -0.387441 -0.129326 0
0.719171 0.329956 -0.162741 3
-0.431268 -0.055855 -0.107493 1
0.325741 0.227222 -0.219699 3
0.166704 -0.071794 -0.097463 3
0.274453 0.085504 -0.127139 3
-0.162782 -0.228067 0.192275 2
-0.033286 -0.228000 0.210953 2
-0.698203 0.027916 0.269768 4
0.237070 0.024964 -0.113274 3
-0.535343 -0.110384 0.397476 4
-0.194212 -0.027974 -0.291390 1
-0.012728 -0.242571 0.285581 2
0.328105 0.057820 -0.000736 3
-0.107185 -0.210160 0.127644 2
0.524113 0.176516 -0.061558 3
-0.620470 -0.005381 0.296263 4
0.607394 0.283423 -0.132187 3
0.787954 0.343325 -0.171048 3
0.288993 0.169096 -0.168420 3
0.753761 0.069630 0.018590 3
-0.485076 -0.050104 0.349374 4
0.842931 0.335717 -0.212739 3
0.492320 0.306505 -0.343803 3
0.531908 0.286487 -0.197810 3
-0.203639 -0.178357 -0.037567 0
-0.032844 -0.150457 -0.137204 5
0.654038 0.140392 -0.007769 3
0.281439 0.117614 -0.138961 3
-0.118487 -0.506242 -0.169037 0
-0.062071 -0.209419 0.080454 2
0.015641 -0.252520 0.313460 2
-0.832961 -0.023314 0.351118 4
-0.390377 -0.098075 -0.053682 1
0.632653 0.070817 0.057257 3
-0.668110 -0.185769 0.411838 4
0.805869 0.373780 -0.187256 3
-0.098421 -0.392894 -0.135202 0
-0.114729 -0.415830 -0.143350 0
0.573973 0.242624 -0.113819 3
0.769739 0.140909 -0.069130 3
0.692714 0.168069 -0.037367 3
0.682253 0.277172 -0.118428 3
0.721189 0.457375 -0.214433 3
0.459465 0.296883 -0.359611 3
-0.065743 -0.217053 -0.114191 0
-0.149879 -0.721411 -0.309693 0
0.700350 0.137222 -0.028951 3
0.716550 0.322975 -0.142154 3
-0.291609 0.031548 -0.251059 1
-0.749470 -0.042921 0.354979 4
-0.578707 -0.026134 0.325826 4
-0.278884 -0.036951 -0.196273 1
-0.081073 -0.131653 -0.127519 5
0.673164 0.112353 0.013593 3
-0.458101 -0.027703 -0.144221 1
-0.476084 -0.033248 0.323809 4
-0.062113 -0.217226 0.157433 2
0.579858 0.025115 0.101333 3
-0.112849 -0.214029 0.166945 2
0.456669 0.208445 -0.133882 3
-0.631434 -0.127625 0.400958 4
0.533481 0.306882 -0.246276 3
-0.144412 -0.714239 -0.292927 0
-0.801046 -0.109998 0.375967 4
0.115029 -0.099834 -0.093563 3
-0.536344 0.077436 0.070718 4
0.297242 0.193496 -0.190195 3
-0.466113 0.094376 0.046464 4
-0.682181 -0.148413 0.397902 4
-0.429249 0.046035 -0.201279 1
-0.225261 -0.142427 0.009286 0
0.668323 0.399319 -0.300508 3
-0.296354 -0.095303 -0.097614 1
-0.411005 0.016582 -0.190129 1
-0.182558 -0.223919 0.157871 2
0.806120 0.252956 -0.154606 3
-0.620404 0.048278 0.135719 4
-0.089571 -0.216640 0.172660 2
0.466321 0.037161 0.105414 3
-0.671253 -0.076906 0.382614 4
-0.137565 -0.258527 0.350469 2
0.630807 0.365988 -0.273443 3
0.787565 0.135435 -0.084179 3
-0.219317 -0.249273 0.246454 2
0.414172 0.136491 -0.091852 3
-0.307118 -0.083127 -0.110356 1
-0.507983 0.025368 -0.189764 1
0.010784 -0.220505 -0.108414 0
0.434102 0.141780 -0.086237 3
-0.416593 0.071126 -0.228408 1
-0.159120 -0.707931 -0.328854 0
-0.132266 -0.607664 -0.257462 0
-0.337497 0.062591 -0.245823 1
-0.403691 -0.020633 0.147613 4
-0.328776 -0.099613 -0.070618 1
0.737288 0.318103 -0.144111 3
-0.562343 -0.205768 0.423591 4
0.088225 -0.182213 0.110050 2
0.023571 -0.194131 -0.130007 0
0.724334 0.242741 -0.108749 3
0.863564 0.265787 -0.195256 3
-0.332186 -0.030635 0.095104 4
-0.081356 -0.214058 0.136381 2
-0.716597 -0.035715 0.348418 4
-0.135089 -0.231083 0.224327 2
0.720500 0.364905 -0.159452 3
-0.405606 0.046020 -0.207644 1
-0.004792 -0.216137 0.141902 2
-0.151750 -0.252559 -0.092577 0
0.253140 0.046956 -0.117106 3
-0.696482 -0.087705 0.387555 4
-0.373121 -0.076829 0.330626 4
-0.620555 0.061932 0.025257 4
-0.027674 -0.197300 0.068966 2
0.080979 -0.221957 0.151000 2
-0.297461 -0.059825 0.158735 4
-0.817644 -0.123077 0.377319 4
-0.114889 -0.352195 -0.101205 0
0.857884 0.405910 -0.238887 3
-0.548735 0.036892 0.202759 4
0.494035 0.162171 -0.051892 3
0.653359 0.379829 -0.314502 3
-0.138858 -0.655958 -0.245915 0
-0.147088 -0.219349 0.143162 2
-0.153045 -0.645604 -0.257652 0
0.275262 0.196691 -0.205253 3
0.049291 -0.232534 0.176583 2
0.277515 0.218129 -0.233104 3
-0.779716 0.028920 0.117449 4
-0.281846 0.053483 -0.273699 1
-0.002117 -0.238280 0.244212 2
0.618632 0.344547 -0.276572 3
-0.405342 -0.023075 0.221018 4
-0.112630 -0.312356 -0.065181 2
-0.303255 -0.053866 0.188204 4
0.720426 0.095735 0.009272 3
-0.381644 0.053614 -0.224821 1
-0.888355 0.030164 0.314547 4
0.617467 0.313607 -0.152462 3
-0.510238 0.038650 0.159232 4
-0.636368 0.044700 0.098247 4
-0.129813 -0.518296 -0.186785 0
-0.060102 -0.139230 -0.129529 5
-0.130356 -0.275979 -0.113358 0
-0.758441 -0.199144 0.380637 4
-0.136357 -0.216050 0.073005 2
-0.116734 -0.401431 -0.177378 0
-0.385385 -0.097433 0.387300 4
-0.715666 -0.071482 0.374905 4
0.566743 0.028750 0.116922 3
0.755221 0.436807 -0.189574 3
-0.639801 0.013779 0.283945 4
0.600617 0.158638 -0.023388 3
0.123263 -0.115165 -0.100110 3
-0.618500 0.053158 0.067972 4
0.564195 0.301282 -0.178945 3
-0.094093 -0.237138 -0.081113 0
0.753069 0.394051 -0.164457 3
0.315137 0.233997 -0.233271 3
-0.754821 0.033282 0.225942 4
0.838563 0.323328 -0.189990 3
0.305030 0.066403 -0.101938 3
0.667192 0.033565 0.088059 3
0.762466 0.450388 -0.216797 3
-0.180226 -0.173730 -0.001076 0
-0.052382 -0.101552 -0.157466 5
-0.030810 -0.241583 -0.120620 0
0.509812 0.153129 -0.029808 3
-0.134355 -0.638775 -0.223869 0
-0.589991 0.028135 0.245592 4
0.027856 -0.161530 -0.119907 0
0.770646 0.302772 -0.151745 3
-0.665741 0.020120 0.279675 4
0.071519 -0.250982 0.234878 2
-0.757349 0.033602 0.161686 4
-0.856165 0.024559 0.252308 4
0.409452 0.052549 0.066252 3
-0.193871 -0.240549 0.215764 2
-0.791275 0.027616 0.270330 4
0.734500 0.454905 -0.196600 3
0.578900 0.336477 -0.256310 3
-0.249082 -0.225047 0.096326 2
0.781083 0.380987 -0.172187 3
0.582040 0.325206 -0.277376 3
-0.022712 -0.237475 0.268865 2
0.202429 -0.020775 -0.092087 3
0.863372 0.371162 -0.232315 3
0.424809 0.277955 -0.263616 3
0.752388 0.327593 -0.150440 3
0.835199 0.246100 -0.193331 3
-0.798475 -0.144714 0.384145 4
-0.590642 0.046608 0.200612 4
-0.066854 -0.211332 0.123953 2
-0.093838 -0.265772 -0.118405 0
-0.500169 -0.025298 0.316717 4
-0.129139 -0.118654 -0.117842 5
-0.087965 -0.288995 -0.126028 0
-0.100391 -0.210250 0.104052 2
0.695437 0.209931 -0.072472 3
-0.430630 -0.076332 0.355826 4
0.741956 0.476401 -0.216669 3
-0.121636 -0.299926 -0.035885 2
0.479571 0.222789 -0.135666 3
0.573829 0.314813 -0.206430 3
0.356199 0.276463 -0.309185 3
-0.191274 -0.086927 -0.235295 1
-0.118181 -0.272622 -0.018420 2
-0.354636 -0.047906 0.134710 4
0.478507 0.113243 0.020479 3
-0.223630 -0.152799 -0.087983 1
-0.741346 -0.068644 0.368499 4
0.805367 0.139651 -0.100477 3
-0.308729 -0.070061 0.214276 4
0.754347 0.347399 -0.157809 3
0.007571 -0.168191 0.002168 2
-0.133140 -0.048476 -0.158679 5
-0.488840 -0.080644 0.377679 4
0.728006 0.155847 -0.043577 3
-0.811935 -0.091960 0.379372 4
-0.084237 -0.221671 0.013074 2
0.775674 0.271043 -0.161723 3
0.744436 0.138899 -0.053870 3
-0.725277 -0.111706 0.390674 4
-0.051266 -0.202045 0.051750 2
-0.216319 -0.049044 -0.235935 1
-0.038089 -0.092089 -0.170541 5
-0.796460 0.021536 0.300714 4
-0.116162 -0.243864 0.295293 2
0.891862 0.285439 -0.213843 3
-0.544396 -0.203802 0.425702 4
0.519343 0.310630 -0.331795 3
0.809886 0.162226 -0.121820 3
-0.147560 -0.217728 0.114416 2
-0.530044 0.069526 0.086565 4
-0.356975 0.000597 -0.193428 1
-0.650226 0.048871 0.180418 4
-0.118329 -0.377666 -0.189986 0
-0.116764 -0.630779 -0.243943 0
-0.514169 0.029470 0.188676 4
-0.125260 -0.288935 -0.089535 0
-0.005375 -0.231075 -0.111165 0
-0.473565 -0.180692 0.451851 4
-0.119405 -0.611877 -0.271601 0
0.434066 0.159050 -0.101936 3
0.581273 0.225066 -0.100218 3
0.723274 0.306431 -0.138583 3
0.075976 -0.230843 0.175241 2
-0.421940 0.088984 -0.259638 1
0.544698 0.149320 -0.010772 3
-0.719915 0.030340 0.093869 4
-0.638476 -0.160808 0.411075 4
0.615954 0.335367 -0.190633 3
-0.187503 -0.066154 -0.260824 1
-0.535715 0.100655 0.031106 4
0.862421 0.313933 -0.219610 3
-0.040381 -0.250757 0.355631 2
0.263521 0.117729 -0.145898 3
-0.374533 0.005736 -0.185145 1
0.594040 0.330545 -0.292667 3
-0.203780 -0.246162 0.236798 2
-0.075095 -0.072487 -0.154094 5
-0.424839 -0.020293 -0.157812 1
0.869657 0.237501 -0.195735 3
0.613219 0.336278 -0.349883 3
-0.057420 -0.192794 -0.022434 2
-0.474290 -0.014571 -0.151772 1
-0.290112 -0.134392 -0.032868 1
-0.352087 -0.096493 0.370456 4
-0.490561 0.039505 0.122018 4
-0.385330 -0.058215 0.294842 4
-0.543854 -0.184542 0.427172 4
-0.054155 -0.138323 -0.150845 5
-0.751688 -0.017644 0.347199 4
0.835612 0.244579 -0.174173 3
-0.680581 -0.043321 0.359622 4
-0.710629 -0.156556 0.392988 4
-0.181368 -0.038669 -0.299162 1
-0.279877 -0.086959 0.052548 4
0.469545 0.166169 -0.090575 3
0.509989 0.296726 -0.374145 3
0.522188 0.272413 -0.174462 3
-0.086087 -0.213326 -0.106967 0
0.604109 0.337482 -0.206706 3
0.682623 0.366729 -0.174053 3
-0.338034 -0.054127 0.168081 4
-0.857263 -0.072446 0.380415 4
-0.043255 -0.213272 0.129292 2
0.668457 0.389003 -0.269175 3
0.668246 0.405380 -0.225820 3
0.852945 0.281004 -0.193043 3
0.550170 0.188868 -0.067913 3
-0.226722 -0.221178 0.146609 2
0.780678 0.205078 -0.110212 3
0.490948 0.247289 -0.156752 3
-0.122832 -0.460228 -0.160942 0
0.690357 0.303958 -0.149166 3
-0.130730 -0.222870 0.185946 2
-0.497306 0.081012 0.073536 4
-0.115770 -0.319109 -0.045183 2
0.773735 0.358642 -0.169502 3
-0.111426 -0.378307 -0.166252 0
0.308267 0.212481 -0.209183 3
-0.728536 0.037110 0.213651 4
-0.127191 -0.637981 -0.258621 0
-0.824819 0.022900 0.301097 4
-0.481373 -0.035239 -0.141469 1
-0.085598 -0.241834 -0.021953 2
0.034811 -0.209815 0.126090 2
-0.347482 0.008214 0.091043 4
0.370759 0.062472 0.026786 3
0.807305 0.277540 -0.179753 3
-0.404329 0.065270 0.050115 4
0.397683 0.202265 -0.166041 3
-0.747127 -0.095288 0.382398 4
-0.701645 -0.117561 0.395729 4
-0.133041 -0.669648 -0.273760 0
-0.219962 -0.106103 -0.169978 1
0.879924 0.266300 -0.219574 3
-0.496695 -0.009552 -0.161543 1
-0.269571 -0.008251 -0.221054 1
0.331157 0.182653 -0.166795 3
-0.351871 -0.031685 -0.156583 1
-0.095836 -0.070081 -0.142608 5
-0.132081 -0.600640 -0.209508 0
-0.115801 -0.320462 -0.137783 0
0.104011 -0.117836 -0.123256 3
0.151132 -0.046047 -0.122890 3
0.713224 0.057003 0.048686 3
-0.443622 0.074694 -0.234477 1
0.583783 0.336575 -0.360587 3
0.437717 0.045176 0.087898 3
0.611751 0.202470 -0.061189 3
-0.485708 0.106526 0.041852 4
0.292841 0.106327 -0.128425 3
0.486516 0.178460 -0.093907 3
-0.447980 0.025943 -0.197186 1
-0.186630 -0.198206 -0.005508 0
0.831392 0.227369 -0.166676 3
-0.756843 -0.001470 0.323192 4
0.369030 0.094165 -0.066813 3
-0.309948 -0.068927 0.129116 4
-0.068081 0.022323 -0.214325 5
-0.049444 -0.153792 -0.117759 5
-0.431758 0.013630 0.130854 4
-0.110512 -0.087828 -0.124785 5
-0.073125 -0.231576 0.273334 2
0.703915 0.164451 -0.053983 3
0.382778 0.085843 -0.008252 3
-0.471991 0.056749 0.104768 4
-0.090516 -0.237540 0.290474 2
0.473196 0.273828 -0.228775 3
0.518641 0.199416 -0.095372 3
-0.184578 -0.239535 0.250489 2
-0.217649 -0.135306 -0.137547 1
-0.643356 -0.021781 0.339368 4
-0.897831 0.040356 0.287657 4
0.832484 0.361430 -0.198731 3
-0.522585 0.022781 0.210159 4
0.579180 0.323094 -0.224853 3
-0.012040 -0.263778 0.385323 2
-0.764443 0.033481 0.199005 4
-0.266918 -0.113081 0.080670 4
0.088328 -0.098306 -0.141638 3
-0.206479 -0.035352 -0.265068 1
-0.275347 -0.076862 0.134035 4
0.758492 0.113218 -0.040704 3
0.456051 0.117905 -0.000843 3
-0.114291 -0.228725 0.229824 2
-0.323437 -0.012904 0.078450 4
-0.298295 0.073449 -0.296134 1
-0.338470 -0.000827 -0.190778 1
-0.306644 -0.116342 0.318499 4
0.794032 0.422176 -0.198325 3
-0.776251 -0.169240 0.382264 4
0.760584 0.452610 -0.194718 3
0.518348 0.260988 -0.159711 3
0.764255 0.434889 -0.170166 3
-0.633745 -0.049241 0.365672 4
-0.127769 -0.269343 -0.089102 0
-0.155297 -0.244665 0.018392 2
-0.299954 -0.009947 -0.199487 1
