0.075955 -0.417678 0.037153 0
-0.930899 -0.067205 0.294468 2
0.879714 0.172485 -0.199341 1
-0.247458 0.205288 0.234191 2
0.211975 0.184714 -0.265878 1
-0.007317 -0.998349 0.026764 0
-0.629889 0.113851 0.017904 2
0.525012 0.306560 -0.035197 1
-0.032320 -0.025089 -0.020270 3
0.559896 0.165391 -0.362052 1
-0.630964 0.125726 0.366993 2
0.220929 0.238084 0.051585 1
-0.323095 0.081995 -0.045848 2
0.073813 -0.712368 0.062766 0
-0.475682 0.177524 0.186060 2
-0.809253 0.032395 0.127120 2
0.671185 0.256037 -0.193956 1
0.096770 0.133235 -0.090083 1
0.422954 0.244615 -0.212927 1
0.046526 -0.206431 0.049958 0
0.761006 0.115274 -0.355093 1
-0.162067 0.096665 0.077405 2
-0.789555 0.024714 0.393102 2
-0.672581 0.121629 0.195974 2
0.280457 0.245001 -0.110865 1
-0.467342 0.139083 0.017884 2
-0.321728 0.151051 0.101326 2
0.373851 0.298104 0.014227 1
0.017859 -0.570969 0.017776 0
-0.115324 0.090339 -0.081641 3
-0.479732 0.183193 0.340600 2
0.026675 -0.856997 0.083680 0
0.409521 0.160973 -0.339153 1
0.917900 0.036669 -0.235127 1
0.098353 0.033669 0.012813 1
-0.789398 0.061065 0.259935 2
0.783157 0.236973 -0.126078 1
0.540119 0.275335 -0.163829 1
-0.372785 0.221391 0.264650 2
0.767550 0.200543 -0.257514 1
0.639457 0.292106 -0.079587 1
-0.575937 0.170299 0.257188 2
0.139451 0.145167 0.036079 1
0.000496 -0.310144 0.010808 0
-0.574913 0.149989 0.124535 2
0.111721 0.157395 -0.206054 1
0.057476 -0.090175 0.028934 0
0.418561 0.282465 -0.101422 1
-0.072607 0.022000 0.079622 0
-0.213204 0.048015 -0.028440 2
0.579736 0.225775 -0.265052 1
0.326773 0.204685 -0.271080 1
-0.871130 -0.017414 0.210654 2
0.183688 0.201074 -0.052660 1
-0.716362 0.089288 0.095530 2
0.675299 0.181547 -0.320523 1
0.856216 0.107618 -0.296491 1
-0.184877 0.131685 0.178249 2
0.051324 -0.797299 -0.003858 0
-0.046125 -0.103372 0.051314 0
-0.861662 0.006262 0.318300 2
-0.733174 0.093766 0.339888 2
0.037618 -0.501977 0.091153 0
0.192924 0.199377 -0.162651 1
0.040223 -0.898760 -0.006809 0
-0.056816 0.015397 -0.110204 3
0.477457 0.208149 -0.288419 1
-0.370737 0.134882 0.018703 2
-0.264199 0.114941 0.022534 2
-0.371570 0.186961 0.174919 2
-0.429921 0.160455 0.103018 2
0.277279 0.268186 -0.018909 1
0.096854 -0.572309 0.073522 0
-0.415276 0.094781 -0.052984 2
-0.116393 0.011674 -0.003596 2
0.059384 0.045113 -0.070002 1
0.337616 0.237132 -0.182376 1
0.006251 -0.649290 0.060670 0
-0.551077 0.092410 -0.016925 2
-0.029425 -0.178775 0.008445 0
0.016298 0.009349 0.040441 0
-0.751107 0.075459 0.171884 2
-0.672569 0.131345 0.280405 2
-0.238284 0.152526 0.115669 2
-0.561604 0.166961 0.343380 2
0.041352 -0.937262 0.069191 0
0.032434 -0.358876 0.072941 0
-0.028422 0.053637 -0.040605 3
0.262954 0.212996 -0.209117 1
0.034551 -0.777150 0.090556 0
-0.544440 0.138890 0.047768 2
-0.452000 0.212568 0.270553 2
0.446933 0.309515 -0.018471 1
0.707169 0.270753 -0.115375 1
0.338877 0.275733 -0.067100 1
0.019025 -0.473326 0.020469 0
-0.643077 0.123869 0.096259 2
-0.895226 -0.068383 0.363573 2
0.096768 -0.640621 0.037782 0
0.505832 0.244877 -0.225647 1
0.100754 0.103978 -0.017997 1
0.638032 0.127247 -0.358982 1
0.695499 0.221151 -0.257828 1
0.061855 -0.025164 -0.015829 0
0.492260 0.293123 -0.107287 1
-0.285698 0.184123 0.173789 2
0.815888 0.210835 -0.199990 1
0.482514 0.161921 -0.353593 1
0.743085 0.239986 -0.198618 1
0.901133 0.107754 -0.236149 1
0.832620 0.167732 -0.261758 1
0.006244 -0.389880 0.012924 0
0.059897 -0.275296 0.032467 0
-0.011950 -0.093860 -0.012594 0
0.566320 0.298621 -0.100785 1
-0.598878 0.146561 0.192055 2
0.397825 0.207516 -0.280122 1
-0.729750 0.097317 0.243806 2
-0.825410 0.034307 0.195978 2
0.002661 -0.006310 -0.078080 0
0.147915 0.174028 -0.113242 1
-0.498822 0.161039 0.123501 2
0.369642 0.293908 -0.160665 1
-0.034793 -0.035947 0.053110 0
0.035773 -0.158199 0.002720 0
-0.798573 0.055618 0.327240 2
0.279102 0.166560 -0.301299 1
0.603323 0.256040 -0.208841 1
0.023442 -0.720889 0.018598 0
0.458959 0.269092 -0.162717 1
-0.514387 0.192975 0.281193 2
0.084617 -0.519169 0.035918 0
0.602944 0.190560 -0.316087 1
-0.007144 -0.240100 0.018817 0
0.781511 0.155092 -0.306804 1
0.625850 0.278845 -0.142480 1
-0.199685 0.091044 0.024099 2
-0.123290 0.054723 0.046065 2
-0.307754 0.204764 0.258483 2
0.137690 0.151493 -0.043000 1
0.039992 -0.964904 -0.002675 0
0.172216 0.212281 0.017211 1
-0.914924 -0.060120 0.231224 2
-0.841333 0.023181 0.259211 2
0.314086 0.283004 0.030739 1
-0.854698 -0.023122 0.379674 2
0.539822 0.193927 -0.309779 1
-0.540168 0.168229 0.196826 2
0.219611 0.237690 -0.017359 1
-0.693045 0.084683 0.386356 2
0.218963 0.212694 -0.102353 1
-0.621336 0.154206 0.305675 2
-0.417633 0.200008 0.221324 2
0.012202 -0.829832 0.030369 0
0.338293 0.165031 -0.316870 1
0.698700 0.120825 -0.356430 1
0.811224 0.086765 -0.331883 1
-0.225231 0.179100 0.174074 2
0.047504 -0.613311 0.086539 0
-0.489702 0.107050 -0.028012 2
0.091212 0.143587 -0.148802 1
0.039776 -0.637130 0.012644 0
0.171282 0.178180 -0.222938 1
-0.262369 0.080851 -0.027785 2
0.040801 -0.995796 0.064513 0
0.044634 -0.444030 0.084892 0
-0.679814 0.094884 0.041850 2
0.884548 0.059414 -0.280104 1
0.005893 -0.137706 0.047823 0
-0.762108 0.054910 0.087084 2
0.249681 0.218672 -0.152121 1
0.637233 0.220027 -0.264217 1
-0.885398 -0.015312 0.270362 2
-0.229441 0.121065 0.068128 2
0.054655 -0.332337 0.026426 0
-0.062711 0.068105 -0.086087 3
-0.626758 0.148114 0.241857 2
-0.381781 0.150787 0.074012 2
-0.851749 -0.005372 0.158500 2
-0.069676 0.000187 0.026537 0
-0.927652 -0.111374 0.329826 2
0.384824 0.299095 -0.043863 1
0.059857 -0.888223 0.044923 0
0.062584 -0.816903 0.051911 0
0.364388 0.223711 -0.234055 1
0.040915 -0.557705 0.086234 0
0.334699 0.250541 -0.128276 1
0.070885 -0.757769 0.030440 0
-0.597951 0.131564 0.061519 2
-0.678001 0.120174 0.337757 2
-0.633298 0.134735 0.149876 2
0.014006 -0.050801 0.031501 0
-0.684974 0.112889 0.134223 2
-0.428203 0.174040 0.158336 2
0.004146 -0.927221 0.023548 0
-0.430826 0.196184 0.318957 2
-0.490116 0.150678 0.070159 2
-0.157952 0.105049 0.138392 2
-0.742753 0.061499 0.388713 2
0.723010 0.190377 -0.293585 1
0.841394 0.200906 -0.152771 1
-0.323992 0.117161 -0.004485 2
-0.370828 0.165424 0.125386 2
-0.333953 0.204025 0.209425 2
-0.158930 0.043952 -0.006069 2
0.014293 -0.050227 -0.028729 0
-0.301048 0.136078 0.054455 2
-0.059801 -0.061022 0.007150 0
0.731984 0.154269 -0.332792 1
0.244237 0.241311 -0.063876 1
0.264910 0.261366 0.034126 1
-0.367872 0.106044 -0.031808 2
0.014357 -0.771540 0.029778 0
0.905899 0.120598 -0.185397 1
0.098457 0.054541 -0.036696 1
0.066999 0.096302 -0.067975 1
0.457159 0.302234 -0.068586 1
0.062098 -0.144995 0.045122 0
-0.422362 0.129302 -0.004911 2
0.145603 0.179917 -0.174813 1
0.059260 -0.685040 0.011485 0
0.061400 -0.591424 0.042079 0
0.325286 0.288910 -0.019817 1
-0.122106 0.064016 0.096063 2
0.003419 -0.901339 0.067235 0
0.409579 0.264722 -0.149368 1
0.525386 0.220866 -0.269587 1
-0.719196 0.106387 0.292322 2
-0.898203 -0.038363 0.319816 2
0.312231 0.217261 -0.221109 1
0.265222 0.201496 -0.258117 1
0.062526 -0.662503 0.066746 0
-0.495500 0.185583 0.230982 2
0.554670 0.248329 -0.219416 1
-0.190369 0.127501 0.103512 2
0.047873 -0.233974 0.008371 0
-0.778500 0.068436 0.212170 2
0.457106 0.233308 -0.246357 1
-0.426867 0.147091 0.054940 2
0.059132 0.023674 -0.025860 1
0.028039 -0.410527 0.053119 0
-0.003564 -0.977162 0.074091 0
-0.071914 0.025494 -0.018296 3
0.735104 0.255069 -0.152204 1
-0.330244 0.176666 0.149830 2
0.289806 0.259008 -0.064687 1
0.578793 0.298976 -0.054276 1
-0.834448 0.017924 0.364915 2
0.129006 0.091402 -0.054569 1
0.029375 -0.732975 0.064545 0
0.023511 -0.516566 0.040510 0
0.008227 -0.311586 0.057871 0
0.447031 0.188844 -0.330784 1
0.061485 -0.482146 0.054566 0
0.871135 0.141852 -0.249960 1
0.298194 0.231433 -0.152743 1
0.384127 0.247778 -0.185890 1
-0.009092 -0.189857 0.049697 0
-0.513779 0.129129 0.005798 2
-0.536277 0.158853 0.151879 2
-0.583270 0.109110 0.011471 2
0.781233 0.234154 -0.173869 1
0.672836 0.270746 -0.150593 1
0.365932 0.274171 -0.105453 1
-0.746889 0.072590 0.126912 2
0.038844 -0.433978 0.010294 0
-0.042328 -0.005960 -0.073101 3
0.146712 0.177083 0.004899 1
0.925778 0.081180 -0.209350 1
0.062022 0.007681 0.018724 0
0.219516 0.201711 -0.211481 1
0.592747 0.135316 -0.356824 1
0.846218 0.066335 -0.310870 1
-0.717484 0.100782 0.186890 2
-0.201369 0.164668 0.208957 2
0.058918 -0.071703 -0.011605 0
0.003922 -0.878241 0.029120 0
-0.757958 0.084939 0.288266 2
0.004232 -0.267135 0.051976 0
0.638953 0.168505 -0.343087 1
-0.537233 0.151145 0.101420 2
-0.274791 0.143636 0.088567 2
-0.582473 0.175595 0.306007 2
0.815673 0.126832 -0.315797 1
-0.823452 0.040831 0.294489 2
-0.076248 -0.048346 0.052207 0
0.779072 0.221650 -0.219995 1
-0.525162 0.186010 0.330120 2
0.011765 -0.459801 0.062067 0
0.014178 -0.349630 0.025810 0
0.000843 -0.097870 0.032479 0
-0.202013 0.150392 0.138570 2
0.664866 0.238000 -0.232980 1
0.500868 0.267583 -0.179063 1
-0.793449 0.050271 0.172424 2
0.583938 0.280751 -0.150166 1
-0.345768 0.140770 0.053473 2
-0.536586 0.178291 0.242834 2
0.036253 -0.107349 -0.005829 0
-0.274472 0.165651 0.137057 2
-0.690967 0.117462 0.233996 2
0.069179 -0.527384 0.077408 0
-0.101389 0.066554 -0.113757 3
-0.034726 0.036306 -0.078443 3
-0.777971 0.058282 0.365940 2
0.374444 0.186493 -0.316002 1
0.056030 -0.549963 0.038492 0
-0.288130 0.209890 0.221775 2
-0.078495 0.101358 -0.064877 3
0.747995 0.245854 -0.105049 1
0.464795 0.246576 -0.207417 1
0.528521 0.140904 -0.349386 1
0.051931 -0.925596 0.028052 0
0.181818 0.180838 0.042915 1
0.026898 -0.685699 0.040700 0
-0.161836 0.075629 0.031866 2
0.063336 -0.370658 0.040048 0
-0.406626 0.211617 0.286664 2
-0.226760 0.084403 -0.006951 2
0.530992 0.301915 -0.079856 1
0.079268 0.068182 -0.002988 1
0.085336 -0.612936 0.067186 0
0.095743 -0.004290 -0.001910 1
-0.377312 0.206062 0.221822 2
-0.477549 0.200484 0.303832 2
0.518081 0.179535 -0.342481 1
0.806439 0.197339 -0.237474 1
0.662438 0.285238 -0.114165 1
0.124349 0.142421 -0.005948 1
0.733615 0.224581 -0.244949 1
0.534783 0.289829 -0.124392 1
0.038689 -0.995823 0.023112 0
-0.101156 0.006461 0.055938 2
0.182828 0.188841 -0.099995 1
0.028012 -0.015695 -0.043701 0
0.014580 -0.614421 0.042977 0
0.011344 -0.203795 0.018318 0
0.045738 -0.858046 0.022867 0
0.241918 0.166966 -0.285407 1
-0.022538 0.008090 -0.040035 3
-0.646611 0.111762 0.055784 2
0.181272 0.156021 -0.254247 1
-0.033079 -0.144024 0.050834 0
-0.465558 0.165916 0.148083 2
-0.681579 0.107301 0.090595 2
0.406136 0.228453 -0.244594 1
0.315234 0.261009 -0.094797 1
-0.850491 0.013732 0.222155 2
0.410818 0.306163 -0.004006 1
0.691609 0.158941 -0.351830 1
0.071868 -0.034441 0.020701 0
-0.883670 -0.015457 0.347769 2
-0.735450 0.072525 0.064916 2
0.002008 -0.135582 0.009301 0
0.849205 0.178676 -0.228533 1
0.028141 -0.169209 0.044508 0
0.880794 0.131402 -0.212780 1
0.047568 -0.295372 0.001819 0
0.062012 -0.960263 0.041863 0
0.099104 0.116821 -0.055311 1
-0.608848 0.139286 0.104892 2
0.433985 0.205076 -0.293119 1
-0.452990 0.103265 -0.038738 2
-0.597696 0.154007 0.341158 2
-0.635168 0.137879 0.205838 2
0.839523 0.175043 -0.181055 1
-0.285534 0.104288 -0.007252 2
-0.764520 0.077138 0.325874 2
-0.573480 0.151319 0.164086 2
-0.070035 -0.022799 -0.003705 0
0.493870 0.279251 -0.142599 1
0.149677 0.165235 -0.076304 1
0.455970 0.281078 -0.126834 1
0.371836 0.252880 -0.150535 1
0.626616 0.240238 -0.234140 1
-0.776615 0.050829 0.135045 2
-0.011275 -0.960846 0.030510 0
0.422472 0.301450 -0.054030 1
0.611742 0.293598 -0.110898 1
-0.570300 0.164780 0.219022 2
0.122173 0.164437 -0.138880 1
-0.190258 0.066386 -0.005374 2
0.120668 0.104016 0.013604 1
0.709680 0.251069 -0.186358 1
0.659050 0.201432 -0.287998 1
-0.716807 0.094204 0.139091 2
0.360813 0.205617 -0.286105 1
-0.453991 0.193189 0.217238 2
-0.032798 -0.075598 0.028175 0
0.885217 0.095371 -0.270768 1
0.032479 -0.243031 0.050724 0
-0.824322 0.019487 0.161169 2
0.242066 0.259686 0.004944 1
0.039892 -0.697828 0.073049 0
-0.351790 0.208571 0.292136 2
0.205428 0.241244 0.018266 1
-0.912425 -0.073091 0.331326 2
0.483585 0.190778 -0.320319 1
0.493372 0.306833 -0.064910 1
-0.908944 -0.049455 0.271133 2
0.482485 0.309994 -0.027142 1
0.075587 -0.715766 0.022795 0
-0.005082 -0.037267 -0.056910 0
0.808254 0.225021 -0.150983 1
0.007888 -0.944660 0.086291 0
-0.407537 0.188792 0.188108 2
0.905225 0.072326 -0.243812 1
-0.465983 0.158775 0.096285 2
-0.930002 -0.081239 0.260875 2
0.028553 -0.818767 0.064294 0
0.061634 -0.770836 0.062954 0
-0.342714 0.218158 0.244683 2
0.564411 0.264191 -0.188526 1
0.213184 0.225025 -0.055488 1
-0.549282 0.126196 0.011094 2
-0.053561 0.082710 -0.046910 3
0.053587 -0.447278 0.040222 0
0.015263 -0.075422 0.001761 0
-0.254875 0.197983 0.199877 2
0.027155 -0.265934 0.021353 0
0.576630 0.204795 -0.293674 1
0.041098 -0.396241 0.016302 0
0.147565 0.151721 -0.223890 1
0.311721 0.186219 -0.306609 1
0.170537 0.191225 -0.136392 1
-0.048675 -0.003557 0.074402 0
0.168015 0.199409 -0.015488 1
-0.548808 0.185228 0.283545 2
-0.644096 0.137796 0.336541 2
0.037911 -0.902781 0.075741 0
0.390084 0.286009 -0.076131 1
0.429269 0.254611 -0.176754 1
0.064571 -0.626449 0.040350 0
-0.166851 0.138381 0.131428 2
-0.659877 0.134995 0.247790 2
0.301802 0.223066 -0.188303 1
0.828330 0.144273 -0.287152 1
0.791814 0.180278 -0.272137 1
0.711357 0.237934 -0.221758 1
0.603241 0.168282 -0.354113 1
0.003360 -0.169200 0.020243 0
-0.893382 -0.026479 0.235644 2
-0.762559 0.078473 0.246654 2
-0.740560 0.090741 0.210587 2
0.791723 0.115523 -0.337942 1
0.039213 -0.795486 0.029676 0
-0.785907 0.066705 0.297076 2
0.027686 -0.335224 -0.002126 0
-0.192684 0.164611 0.173237 2
-0.512127 0.168096 0.174271 2
0.120892 0.154075 -0.102473 1
-0.703061 0.104726 0.355125 2
-0.322126 0.130425 0.028238 2
-0.295965 0.063318 -0.037200 2
-0.394863 0.174528 0.151692 2
-0.102868 0.025561 0.024333 2
0.360572 0.300044 -0.020065 1
0.345035 0.278875 0.017325 1
-0.103964 0.037970 0.083986 2
-0.825571 0.035094 0.328494 2
-0.604519 0.158635 0.271047 2
0.030014 -0.039460 0.003937 0
0.615861 0.266718 -0.179305 1
0.253746 0.226375 -0.101877 1
-0.187472 0.096217 0.055143 2
0.157943 0.178422 -0.041538 1
0.411997 0.190260 -0.322623 1
-0.261742 0.127956 0.053496 2
0.054405 -0.827409 0.010861 0
0.040878 -0.312394 0.050050 0
-0.043314 -0.034852 0.020216 0
0.759171 0.177724 -0.296135 1
0.450796 0.157483 -0.341802 1
-0.811041 0.048656 0.222512 2
-0.857663 0.009635 0.285312 2
-0.670872 0.104581 0.366365 2
0.082762 0.060639 0.029285 1
0.035647 -0.758445 0.007741 0
0.204655 0.209233 -0.133118 1
0.044455 -0.529620 0.014876 0
0.058312 -0.121589 0.018278 0
0.005719 -0.423344 0.032178 0
0.048670 -0.659762 0.035209 0
0.526445 0.253522 -0.201209 1
0.564986 0.178297 -0.332110 1
0.608740 0.291712 -0.067596 1
0.771604 0.141634 -0.338249 1
-0.404611 0.140516 0.031600 2
-0.048920 0.001665 -0.010746 3
-0.405980 0.211275 0.249927 2
0.006651 -0.373523 0.058757 0
-0.562369 0.142814 0.081978 2
0.007758 -0.938244 0.054181 0
-0.135738 0.046300 0.016884 2
-0.078114 0.044931 -0.106110 3
-0.663771 0.124184 0.156353 2
0.687386 0.274725 -0.089742 1
0.011479 -0.853407 0.052874 0
0.065087 -0.565382 0.065738 0
0.242019 0.202529 -0.234818 1
-0.477448 0.196044 0.259171 2
-0.273813 0.195191 0.250053 2
0.288125 0.191990 -0.283562 1
-0.690834 0.121102 0.304967 2
0.666579 0.144048 -0.365716 1
-0.873097 -0.022902 0.175119 2
0.046124 -0.188520 0.005517 0
0.187043 0.196576 -0.201828 1
0.042380 -0.495128 0.017537 0
-0.704884 0.084307 0.066056 2
-0.223561 0.106986 0.038216 2
-0.023529 -0.076452 -0.036689 0
-0.896955 -0.044903 0.209740 2
0.034324 -0.569071 0.051865 0
-0.936538 -0.099162 0.286377 2
0.150582 0.178918 0.037216 1
0.190316 0.222027 -0.016618 1
-0.597891 0.158540 0.233408 2
-0.870328 -0.000828 0.246495 2
-0.250613 0.051960 -0.022036 2
0.207049 0.211346 0.041752 1
-0.440340 0.185564 0.189680 2
-0.358445 0.081521 -0.049399 2
0.074956 0.131555 -0.112852 1
0.111866 0.153827 -0.174685 1
-0.391926 0.158814 0.102864 2
-0.501576 0.139413 0.033009 2
-0.306013 0.195836 0.194775 2
0.027626 -0.010331 0.015586 0
0.448232 0.292206 -0.097870 1
0.051481 -0.060726 0.019924 0
0.014651 -0.970885 0.015988 0
0.038909 -0.635782 0.066443 0
-0.809146 0.041760 0.354201 2
0.269050 0.218312 -0.178962 1
-0.402427 0.119755 -0.026925 2
-0.848549 0.007025 0.186902 2
0.729391 0.130019 -0.352175 1
0.640109 0.258179 -0.196887 1
0.030459 -0.483011 0.052567 0
0.012141 -0.502950 0.014014 0
0.049793 -0.842151 0.069179 0
0.866680 0.188547 -0.174354 1
-0.020153 -0.124609 0.028077 0
0.737402 0.202241 -0.268772 1
0.051712 -0.733578 0.033100 0
-0.147312 0.076254 0.059206 2
0.040209 -0.529829 0.062901 0
0.071943 0.068272 -0.044564 1
-0.656612 0.138080 0.305960 2
0.133271 0.123301 -0.031411 1
-0.058712 -0.075526 0.047876 0
0.031840 -0.928176 -0.004022 0
0.265329 0.252632 -0.042433 1
0.858139 0.111548 -0.266275 1
-0.750175 0.079036 0.360501 2
0.895219 0.045125 -0.253682 1
-0.059864 0.046988 -0.064340 3
-0.245524 0.135282 0.089718 2
0.629431 0.203283 -0.294618 1
-0.227675 0.185747 0.221898 2
-0.070856 -0.013479 0.056150 0
-0.828200 -0.000558 0.388183 2
-0.153518 0.117996 0.111319 2
0.087912 -0.733591 0.043894 0
0.024136 -0.337768 0.052959 0
0.708755 0.173290 -0.314041 1
0.123216 0.139500 -0.066665 1
0.084868 -0.668826 0.047411 0
-0.385922 0.195021 0.270961 2
0.549841 0.307019 -0.054972 1
0.607213 0.216869 -0.273339 1
-0.573542 0.129970 0.030690 2
0.012498 -0.217396 0.044943 0
0.046155 -0.874313 0.069018 0
0.027193 -0.316164 0.022832 0
0.293992 0.282331 0.008630 1
0.219681 0.210345 -0.169948 1
-0.512415 0.175287 0.208740 2
-0.311634 0.102823 -0.027920 2
0.340323 0.293466 -0.155916 1
-0.516919 0.146167 0.058203 2
0.337033 0.216338 -0.245810 1
-0.449973 0.125861 -0.019772 2
0.024683 -0.962934 0.070070 0
-0.356214 0.153477 0.088738 2
0.070003 0.035751 -0.001097 1
0.700418 0.262454 -0.157346 1
0.145220 0.185145 -0.234979 1
0.303813 0.207679 -0.247740 1
0.074941 -0.458917 0.066810 0
0.422718 0.221059 -0.267741 1
-0.657623 0.121164 0.127351 2
-0.131461 0.088151 0.080894 2
-0.226465 0.164961 0.148391 2
0.398640 0.275781 -0.121885 1
-0.598377 0.145976 0.149732 2
0.034436 -0.528890 0.101976 0
-0.296327 0.161022 0.118287 2
-0.700452 0.116542 0.272451 2
0.033082 -0.768936 0.057443 0
-0.043182 -0.104031 0.022340 0
0.062860 -0.696390 0.041025 0
-0.088476 0.009819 0.004435 0
-0.335447 0.165255 0.123602 2
-0.440998 0.142959 0.029410 2
-0.441018 0.203919 0.245155 2
0.593285 0.240860 -0.231389 1
0.038059 -0.360367 0.013404 0
-0.889969 -0.018567 0.300341 2
0.051130 -0.578638 0.018247 0
-0.719847 0.083245 0.375614 2
0.841495 0.093983 -0.317749 1
-0.836538 0.007831 0.137740 2
-0.096437 0.034936 0.055768 2
-0.338825 0.114350 -0.029048 2
-0.814165 0.046996 0.255513 2
0.048366 -0.588578 0.069364 0
0.061674 -0.951269 0.010515 0
-0.345418 0.192577 0.185536 2
0.868393 0.081748 -0.293229 1
0.027075 -0.121900 0.036485 0
0.037679 -0.383635 0.056310 0
0.001938 -0.275017 0.011004 0
-0.455521 0.148665 0.054433 2
0.531746 0.234030 -0.244906 1
-0.019481 0.011837 -0.068267 3
0.302559 0.274914 -0.030571 1
0.356395 0.230887 -0.207539 1
0.698834 0.201737 -0.283373 1
-0.855078 0.003351 0.345967 2
-0.140328 0.074065 0.115637 2
0.428161 0.286856 -0.015834 1
-0.297724 0.121064 0.016857 2
0.385444 0.236320 -0.219580 1
0.205333 0.203269 -0.079208 1
0.110054 0.059249 0.017131 1
0.002650 -0.015806 0.027899 0
-0.842149 0.022798 0.305844 2
0.263888 0.225862 -0.128333 1
-0.550673 0.185862 0.317824 2
0.248933 0.239365 0.041902 1
-0.260886 0.178470 0.161474 2
-0.051691 0.028737 -0.037703 3
-0.685164 0.114012 0.171663 2
0.072237 -0.499416 0.076755 0
0.194625 0.189898 -0.233222 1
0.019928 -0.756135 0.078668 0
0.022499 -0.450005 0.038089 0
-0.379309 0.126098 -0.006480 2
-0.609828 0.117429 0.037117 2
0.022378 -0.080827 0.037964 0
0.564949 0.287729 -0.130823 1
-0.073325 0.017821 0.051979 0
0.770077 0.247659 -0.152073 1
-0.019764 -0.050055 -0.019991 0
-0.032912 -0.074457 0.000261 0
0.450242 0.217400 -0.274073 1
0.091991 0.091347 0.005951 1
-0.168432 0.156470 0.162158 2
0.148776 0.169346 -0.200411 1
0.051397 -0.169426 0.059867 0
0.853591 0.142322 -0.271596 1
-0.573360 0.157724 0.192161 2
-0.607659 0.111566 -0.001703 2
0.830018 0.212237 -0.175479 1
-0.654406 0.103998 0.030268 2
0.038216 -0.275597 0.049829 0
0.842296 0.197969 -0.196450 1
0.877582 0.156811 -0.223277 1
-0.333433 0.206824 0.271510 2
0.063367 -0.302725 0.032491 0
-0.406938 0.162574 0.125714 2
0.282775 0.210634 -0.230200 1
0.139150 0.162536 -0.017550 1
0.010612 -0.903856 0.040774 0
0.050728 -0.349513 0.052369 0
0.053798 -0.518525 0.038254 0
0.086562 0.021563 -0.025697 1
0.062181 -0.860726 0.051299 0
-0.213524 0.141420 0.111489 2
0.228535 0.220875 -0.077976 1
-0.830163 0.033369 0.236350 2
-0.380231 0.141085 0.044107 2
0.362303 0.289303 -0.056027 1
0.307521 0.248344 -0.125944 1
0.028557 -0.132921 -0.011735 0
-0.499119 0.193053 0.318900 2
0.051315 -0.889334 0.016315 0
0.065421 -0.745026 0.054302 0
0.254883 0.190772 -0.282241 1
-0.620824 0.140698 0.173403 2
-0.018820 -0.153360 0.019107 0
0.064146 0.108719 -0.092067 1
0.027050 -0.873765 0.010797 0
0.324541 0.236541 -0.157210 1
0.041486 -0.469698 0.076477 0
-0.489168 0.128305 -0.005697 2
0.052906 -0.421333 0.053914 0
0.336109 0.193207 -0.293807 1
0.025343 -0.541773 0.030755 0
-0.882740 -0.036653 0.364613 2
-0.199659 0.111528 0.073846 2
0.591128 0.299731 -0.090084 1
0.025661 -0.638700 0.038741 0
0.558502 0.233172 -0.248579 1
-0.022148 -0.013350 -0.056450 3
-0.636342 0.147021 0.267056 2
-0.715304 0.103402 0.221847 2
-0.357182 0.177630 0.148993 2
0.102258 0.076334 -0.014443 1
-0.514363 0.108853 -0.017420 2
0.665027 0.164834 -0.348278 1
0.340027 0.271268 -0.094544 1
0.909262 0.117963 -0.211863 1
0.803668 0.155710 -0.291743 1
0.036551 -0.290269 0.027417 0
-0.656087 0.130635 0.220897 2
-0.743066 0.093238 0.267626 2
0.385237 0.220049 -0.259011 1
-0.917767 -0.098842 0.308382 2
-0.018034 -0.055705 0.059671 0
0.055768 -0.918697 0.056564 0
0.088888 0.096427 -0.041549 1
0.235448 0.221829 -0.121180 1
0.384594 0.162335 -0.329913 1
-0.619727 0.129439 0.076572 2
-0.570903 0.136699 0.057589 2
0.386573 0.304645 -0.017333 1
0.041561 0.017244 -0.044680 0
0.050010 -0.002892 -0.007588 0
0.140841 0.115121 -0.055827 1
0.879619 0.165077 -0.173864 1
0.649830 0.187025 -0.315663 1
-0.510848 0.154348 0.100855 2
0.458941 0.310697 -0.042050 1
-0.714937 0.105347 0.318413 2
-0.442887 0.206629 0.294669 2
-0.454997 0.163250 0.124003 2
-0.310521 0.143890 0.078499 2
0.792926 0.223387 -0.194922 1
0.050168 -0.613217 0.016647 0
-0.607607 0.132927 0.353479 2
0.175081 0.188132 -0.073921 1
0.053713 -0.398511 0.039301 0
-0.344952 0.126893 0.008110 2
0.322596 0.290989 0.007162 1
0.034600 -0.420988 0.077154 0
-0.384580 0.103810 -0.051990 2
-0.671044 0.106035 0.066554 2
0.758666 0.226000 -0.235966 1
0.316390 0.272056 -0.054023 1
0.243127 0.248686 -0.028972 1
0.652548 0.264379 -0.174615 1
0.461681 0.180478 -0.350894 1
-0.084497 0.066343 -0.071582 3
0.026101 -0.594258 0.030849 0
0.239086 0.195823 -0.259970 1
0.513652 0.194959 -0.309587 1
0.013385 -0.912883 0.088494 0
-0.549373 0.155073 0.127049 2
0.733047 0.264319 -0.115916 1
-0.501694 0.162782 0.149403 2
-0.322864 0.186715 0.172773 2
0.170873 0.191149 -0.173922 1
-0.763856 0.068147 0.150346 2
0.472666 0.260755 -0.183270 1
0.044784 -0.469292 0.019853 0
-0.270641 0.056201 -0.038132 2
-0.740379 0.093514 0.305403 2
0.050907 -0.796025 0.062074 0
0.494791 0.220017 -0.273144 1
0.015825 -0.288793 0.043002 0
-0.726185 0.090873 0.163057 2
0.025019 -0.229646 0.019841 0
0.126365 0.131262 0.018546 1
-0.624155 0.133875 0.125640 2
0.410120 0.308170 -0.029764 1
0.891556 0.131941 -0.237617 1
-0.741620 0.067567 0.102166 2
-0.456110 0.203527 0.317846 2
-0.008322 -0.075667 0.012073 0
0.097542 0.149005 -0.111972 1
0.217769 0.197873 -0.241964 1
0.363285 0.278066 -0.079122 1
0.026797 -0.673719 0.063436 0
0.011246 -0.876880 0.066550 0
-0.057656 0.035650 -0.093698 3
-0.812089 0.022966 0.376437 2
0.003244 -0.164948 0.048970 0
0.544302 0.212594 -0.284783 1
0.265667 0.269570 0.004125 1
0.612772 0.146249 -0.368407 1
0.566821 0.141499 -0.356311 1
0.111761 0.082161 -0.038178 1
-0.647146 0.132506 0.173828 2
0.039536 -0.504347 0.063285 0
0.040773 -0.759468 0.032692 0
-0.765570 0.049303 0.112135 2
0.014220 -0.109756 0.006726 0
0.047809 -0.972047 0.023405 0
0.062808 -0.627142 0.066818 0
0.016796 -0.807077 0.020051 0
0.051325 -0.709558 0.018539 0
-0.319344 0.216637 0.234866 2
0.508231 0.156704 -0.347539 1
-0.095520 0.085006 -0.055593 3
0.144597 0.177630 -0.149609 1
-0.901307 -0.049844 0.342147 2
0.435476 0.237611 -0.234031 1
0.049032 -0.157927 0.027807 0
0.662319 0.218296 -0.261894 1
0.337452 0.284198 -0.043357 1
-0.044503 0.066993 -0.064847 3
-0.797229 0.040355 0.147781 2
0.881060 0.118199 -0.258208 1
0.541688 0.169475 -0.345139 1
-0.805636 0.049890 0.195604 2
0.015990 -0.191502 0.048322 0
-0.535979 0.146764 0.074595 2
-0.306856 0.170812 0.142740 2
0.758708 0.251984 -0.126935 1
-0.582138 0.114994 -0.012918 2
-0.488523 0.200622 0.281268 2
0.245699 0.213465 -0.186614 1
0.892762 0.145146 -0.195633 1
-0.438795 0.153231 0.076048 2
-0.551125 0.158246 0.172865 2
0.458043 0.196778 -0.309832 1
0.013438 -0.386853 0.038799 0
-0.501809 0.191747 0.256163 2
0.040616 -0.725555 0.085500 0
0.766878 0.233857 -0.194615 1
-0.216864 0.128564 0.088233 2
0.772465 0.096579 -0.343442 1
0.492677 0.235711 -0.244607 1
0.737092 0.106518 -0.349955 1
-0.621463 0.151231 0.330321 2
0.686991 0.247061 -0.210863 1
0.830436 0.194504 -0.224876 1
0.762761 0.146619 -0.360881 1
-0.261630 0.097765 -0.007865 2
0.672033 0.121837 -0.356280 1
0.037995 -0.442792 0.058898 0
-0.249881 0.165165 0.134846 2
-0.909176 -0.046730 0.295663 2
0.361773 0.213135 -0.262084 1
-0.262447 0.151501 0.110986 2
0.470971 0.294724 -0.088745 1
0.264864 0.242449 -0.077193 1
-0.020539 -0.086804 0.046239 0
0.059416 -0.781739 0.031788 0
0.036387 -0.826891 0.027431 0
-0.525227 0.135305 0.028287 2
-0.534783 0.116786 -0.006197 2
-0.523014 0.158126 0.125099 2
-0.009069 -0.102900 0.009885 0
-0.475530 0.144923 0.040981 2
-0.480694 0.183590 0.211700 2
0.231168 0.250723 0.029646 1
0.012065 -0.994924 0.068176 0
0.431357 0.170426 -0.333887 1
0.579530 0.251519 -0.211413 1
0.661062 0.285671 -0.088794 1
0.732385 0.171122 -0.308635 1
0.686568 0.275761 -0.127314 1
0.760653 0.153590 -0.320109 1
0.037481 -0.193005 0.027807 0
-0.770148 0.039377 0.393234 2
0.059113 -0.099103 -0.004934 0
0.520156 0.292755 -0.105202 1
0.587914 0.291309 -0.115086 1
0.688326 0.255717 -0.112318 1
0.649745 0.279057 -0.138289 1
-0.527218 0.192490 0.306840 2
-0.583710 0.140974 0.093275 2
-0.905260 -0.086087 0.350553 2
0.853804 0.158523 -0.252153 1
-0.066782 -0.046662 0.030057 0
0.050921 -0.129240 -0.003437 0
0.051506 -0.229329 0.031755 0
-0.167550 0.069143 0.009360 2
0.433700 0.266218 -0.156101 1
-0.145029 0.102800 0.094379 2
-0.580522 0.173638 0.330138 2
-0.383240 0.196659 0.200525 2
-0.577306 0.173094 0.280997 2
-0.023570 -0.111590 0.050927 0
-0.004167 -0.219148 0.007515 0
-0.658452 0.122163 0.355780 2
-0.534386 0.167719 0.342551 2
0.641443 0.153264 -0.361377 1
0.073911 -0.688043 0.060537 0
0.037219 -0.615353 0.050650 0
0.362603 0.264072 -0.126865 1
0.040245 -0.733320 0.007031 0
0.070529 -0.648649 0.046846 0
0.650155 0.248806 -0.217577 1
0.075893 -0.591311 0.063505 0
0.590785 0.176607 -0.331175 1
0.036985 -0.018850 -0.019658 0
0.524535 0.280540 -0.146517 1
0.348483 0.248081 -0.150359 1
-0.000844 -0.068598 -0.029980 0
-0.794201 0.058551 0.236129 2
0.423265 0.290788 -0.079617 1
-0.381534 0.205416 0.291923 2
-0.693069 0.103503 0.113905 2
0.496076 0.254748 -0.198513 1
0.442602 0.250692 -0.199900 1
-0.043860 0.011344 -0.090671 3
0.429015 0.277157 -0.122103 1
-0.285478 0.092385 -0.027764 2
-0.403892 0.149239 0.065648 2
-0.287713 0.213924 0.245112 2
-0.429413 0.118282 -0.028739 2
-0.183561 0.135341 0.154903 2
-0.697180 0.111860 0.191912 2
0.028637 -0.793627 0.054644 0
-0.706847 0.110789 0.250126 2
0.049214 -0.974028 0.061090 0
-0.333632 0.146342 0.074555 2
-0.807142 0.050267 0.280354 2
0.482505 0.243100 -0.222954 1
0.624374 0.181989 -0.320721 1
0.051313 -0.253580 0.029602 0
0.493336 0.176942 -0.336650 1
0.033391 -0.711146 0.037531 0
-0.639402 0.145633 0.291852 2
0.554442 0.302499 -0.078936 1
0.531871 0.243210 -0.221602 1
-0.028088 -0.034190 -0.047494 3
0.734481 0.234227 -0.222536 1
0.407525 0.246797 -0.186675 1
0.207133 0.202904 -0.188273 1
-0.048155 -0.012745 0.014186 0
0.360034 0.241203 -0.177000 1
0.599461 0.231314 -0.251825 1
0.805869 0.224340 -0.175494 1
-0.106795 0.054571 0.062979 2
0.010166 -0.423832 0.009285 0
0.350965 0.183055 -0.308598 1
-0.207909 0.052325 0.000333 2
-0.704302 0.103730 0.163403 2
0.090523 0.045043 -0.017024 1
0.024756 -0.949729 0.006137 0
0.293033 0.257210 -0.089092 1
0.904567 0.093565 -0.258052 1
0.287688 0.219374 -0.209267 1
0.676580 0.262559 -0.172375 1
0.824494 0.106241 -0.327601 1
0.758342 0.192088 -0.278008 1
-0.776755 0.067505 0.342939 2
-0.008234 -0.191667 0.016880 0
0.591172 0.263310 -0.190625 1
0.823894 0.183342 -0.247185 1
0.639757 0.289312 -0.113166 1
0.526416 0.268766 -0.181174 1
-0.283069 0.129466 0.041642 2
-0.838857 0.020723 0.340661 2
-0.563127 0.109413 0.000404 2
0.027443 -0.409662 0.029004 0
0.165836 0.195672 0.033529 1
0.065753 0.044964 -0.031310 1
0.746297 0.245097 -0.176493 1
0.326398 0.231794 -0.201652 1
0.473569 0.220774 -0.264570 1
0.580178 0.192720 -0.315220 1
-0.839363 0.025605 0.281878 2
0.026046 -0.360500 0.051088 0
0.055701 -0.841964 0.040039 0
0.046699 -0.423165 0.028790 0
-0.297672 0.148998 0.098957 2
-0.812342 0.037578 0.173669 2
0.392931 0.287726 -0.003526 1
0.034456 -0.100079 0.038649 0
-0.210487 0.166812 0.187202 2
0.047592 -0.556216 0.017126 0
0.049108 -0.997859 0.043193 0
0.026669 -0.841609 0.064946 0
-0.221418 0.098080 0.017446 2
0.049848 -0.050989 -0.009685 0
0.004850 -0.960719 0.055252 0
0.501990 0.299171 -0.087717 1
-0.534183 0.185546 0.264171 2
0.202315 0.217952 -0.036927 1
0.719810 0.213304 -0.259795 1
-0.083005 0.085659 -0.083232 3
-0.026140 0.031663 -0.058053 3
-0.431084 0.161794 0.125523 2
-0.351384 0.136085 0.030248 2
-0.871681 -0.006376 0.295225 2
0.032741 -0.384916 0.078283 0
0.748304 0.139054 -0.336044 1
0.069175 -0.012730 0.012377 0
0.038512 -0.808306 0.011163 0
0.071946 -0.524256 0.053824 0
0.386026 0.198795 -0.301140 1
0.050757 -0.720829 0.065991 0
-0.196935 0.149701 0.192540 2
0.544212 0.295515 -0.104817 1
0.543435 0.150590 -0.365831 1
0.084420 0.109312 -0.073251 1
0.053563 -0.494653 0.037796 0
0.041967 -0.944107 0.035692 0
0.794708 0.131952 -0.321630 1
0.115341 0.125934 -0.018064 1
0.164133 0.189270 -0.114903 1
0.056970 -0.314650 0.013044 0
0.068860 -0.076017 0.016003 0
-0.761798 0.079450 0.224431 2
-0.423305 0.215145 0.300949 2
0.386910 0.268695 -0.139361 1
0.192565 0.227905 0.030472 1
-0.597673 0.165719 0.293236 2
-0.022571 -0.097213 0.026680 0
-0.248514 0.103128 0.009111 2
0.024983 -0.496458 0.031088 0
0.100276 0.135461 -0.170763 1
-0.598385 0.166787 0.318505 2
-0.596161 0.144052 0.124200 2
0.071890 -0.795708 0.055297 0
-0.225002 0.180868 0.200559 2
-0.105290 0.073743 -0.093294 3
-0.393986 0.132623 0.008604 2
-0.896561 -0.040300 0.255376 2
0.006597 -0.253657 0.029403 0
0.342079 0.225020 -0.223190 1
0.132742 0.153931 -0.200554 1
0.779776 0.209396 -0.241512 1
-0.276758 0.199983 0.199562 2
-0.394258 0.217499 0.267428 2
0.556335 0.281643 -0.150056 1
0.029559 -0.060989 0.019641 0
0.082719 -0.635523 0.063299 0
-0.287572 0.078781 -0.050203 2
0.506459 0.286615 -0.126306 1
0.859753 0.181060 -0.196987 1
0.063160 -0.676714 0.031306 0
-0.740700 0.079557 0.151321 2
-0.054639 -0.022672 0.044802 0
-0.536666 0.173444 0.221571 2
-0.807190 0.051506 0.304327 2
0.241818 0.208461 -0.211812 1
0.013542 -0.446314 0.018600 0
0.847180 0.128671 -0.287280 1
-0.737206 0.088801 0.181993 2
0.040800 -0.151882 0.048090 0
-0.068813 -0.002116 -0.018675 0
0.181523 0.179570 -0.247161 1
0.502606 0.303693 -0.021890 1
-0.490693 0.170651 0.171811 2
0.081963 0.020037 0.007938 1
0.804161 0.209224 -0.218189 1
0.028702 -0.797034 0.084129 0
-0.731244 0.082177 0.114388 2
0.350089 0.296594 0.005893 1
0.025545 -0.731274 0.039040 0
0.070983 -0.046306 0.002638 0
-0.672843 0.127677 0.315754 2
0.039229 -0.075736 -0.003658 0
0.045296 -0.024170 -0.000449 0
0.822405 0.193551 -0.167828 1
0.713273 0.142481 -0.345068 1
0.191373 0.229592 0.006782 1
0.032422 -0.408598 0.000904 0
0.905990 0.096671 -0.211631 1
-0.119202 0.068757 0.075257 2
0.790983 0.191814 -0.253991 1
-0.605262 0.105885 0.019544 2
-0.017261 -0.161514 0.043438 0
-0.036301 -0.025943 -0.066639 3
0.048479 -0.913548 0.010581 0
-0.790791 0.033850 0.116200 2
-0.430541 0.213067 0.271413 2
-0.238059 0.070483 -0.018746 2
-0.246654 0.117004 0.042907 2
-0.467037 0.130380 -0.007615 2
0.041176 -0.939007 0.014771 0
0.473334 0.277898 -0.148542 1
0.060941 -0.802702 0.027687 0
0.003334 -0.017621 -0.058240 0
-0.624166 0.122422 0.052214 2
0.625942 0.252767 -0.211990 1
0.012511 -0.036072 -0.044795 0
0.286164 0.263186 0.032686 1
-0.689868 0.115568 0.212730 2
-0.260756 0.133806 0.074800 2
-0.113398 0.043012 0.031175 2
-0.899071 -0.032228 0.279036 2
0.697400 0.164882 -0.330064 1
-0.310449 0.207093 0.212375 2
-0.323148 0.219511 0.257613 2
-0.165931 0.086182 0.056174 2
-0.848293 -0.000844 0.365733 2
0.005184 -0.365571 0.014914 0
0.278994 0.227296 -0.160937 1
0.057080 -0.653255 0.016793 0
0.813192 0.175877 -0.264633 1
0.182541 0.208596 0.035857 1
0.114637 0.137329 -0.199720 1
0.195549 0.200151 -0.116214 1
0.035242 -0.590546 0.052797 0
-0.886368 -0.032792 0.195897 2
-0.574812 0.151237 0.348730 2
0.025087 -0.181577 0.014921 0
-0.764921 0.079817 0.268918 2
0.706435 0.266569 -0.094044 1
0.435085 0.309752 -0.039214 1
0.015725 -0.853046 0.032156 0
-0.453732 0.178067 0.175131 2
0.482678 0.284695 -0.125532 1
0.576444 0.304233 -0.074595 1
0.026126 -0.431487 0.028622 0
0.602828 0.200234 -0.297325 1
-0.405285 0.156130 0.086764 2
0.025788 -0.894760 0.009357 0
0.086237 -0.554366 0.076608 0
-0.686216 0.123622 0.253564 2
0.505618 0.308612 -0.043112 1
0.396302 0.254601 -0.162146 1
0.387522 0.283033 -0.159187 1
0.028713 -0.853675 0.004992 0
0.263586 0.206153 -0.237388 1
0.302680 0.202454 -0.268014 1
0.048510 -0.743651 0.066616 0
0.578244 0.269849 -0.173835 1
0.711068 0.264373 -0.139404 1
0.028769 -0.548889 0.050160 0
-0.001885 -0.077695 0.037304 0
-0.491715 0.154736 0.092445 2
0.047020 -0.636861 0.035869 0
-0.017555 -0.056659 -0.039655 0
-0.083284 0.058196 -0.090866 3
0.051902 -0.145782 0.009229 0
0.132555 0.156873 0.006648 1
0.059319 0.015486 -0.004361 1
-0.557535 0.173379 0.247884 2
0.289247 0.265123 -0.043272 1
0.007447 -0.057491 0.008910 0
-0.080887 0.016947 0.032610 0
-0.897530 -0.030898 0.349874 2
0.689472 0.194047 -0.300272 1
0.012393 -0.326459 0.033173 0
-0.045222 -0.060336 0.052192 0
-0.586807 0.155504 0.210546 2
-0.627830 0.141509 0.348840 2
0.227458 0.215228 -0.139128 1
-0.173745 0.110447 0.087533 2
-0.837022 0.023478 0.209815 2
0.875760 0.116645 -0.278154 1
0.509472 0.274572 -0.161604 1
-0.860624 -0.008844 0.195039 2
0.527808 0.308836 -0.055536 1
-0.140662 0.059256 0.032144 2
-0.744899 0.087148 0.233379 2
0.579511 0.168002 -0.356294 1
-0.358735 0.157620 0.110653 2
0.168256 0.190581 -0.195949 1
-0.718441 0.106854 0.270105 2
-0.395618 0.205895 0.233008 2
0.325422 0.262110 -0.112615 1
0.079516 -0.014261 -0.009635 0
-0.082639 -0.038311 0.000981 0
-0.219514 0.062941 -0.014221 2
0.050310 -0.204911 0.017158 0
0.113641 0.125675 0.002328 1
-0.622850 0.152862 0.282275 2
0.029290 -0.925307 0.080544 0
-0.421683 0.193935 0.201907 2
0.055340 -0.187909 0.052136 0
-0.187074 0.139732 0.129047 2
0.122417 0.166541 -0.162724 1
0.054313 -0.225942 0.051669 0
-0.591967 0.148828 0.172287 2
-0.623355 0.145953 0.221884 2
0.564715 0.216581 -0.275295 1
0.044591 0.002306 -0.026514 0
-0.006909 -0.122037 0.043321 0
0.039094 -0.083557 0.023238 0
0.614079 0.295742 -0.090801 1
0.008020 -0.295756 0.025552 0
-0.285027 0.137420 0.066920 2
0.023314 -0.741139 0.016917 0
-0.116221 0.030549 0.009863 2
-0.149506 0.093728 0.111982 2
-0.031323 -0.024911 0.007207 0
-0.694543 0.096927 0.078934 2
-0.924943 -0.062812 0.267590 2
0.028465 -0.990486 0.006471 0
0.030745 -0.375009 0.025286 0
0.522633 0.204322 -0.294083 1
0.180325 0.203101 -0.031087 1
-0.501482 0.198618 0.296643 2
0.231233 0.238465 -0.041697 1
-0.420042 0.138843 0.018687 2
-0.636013 0.145135 0.317722 2
0.685591 0.134536 -0.364152 1
0.782905 0.170570 -0.287410 1
-0.464848 0.203282 0.283022 2
0.219223 0.246995 0.004727 1
-0.064268 0.088039 -0.070011 3
-0.006866 -0.027022 -0.074172 0
0.364332 0.169159 -0.317834 1
-0.634507 0.108892 0.036878 2
0.030716 -0.311596 0.003531 0
0.545594 0.190223 -0.328719 1
0.507051 0.189274 -0.328584 1
0.915398 0.057095 -0.235481 1
-0.478772 0.162608 0.122973 2
0.092142 0.157000 -0.177013 1
0.036157 -0.745134 0.086576 0
-0.207580 0.074458 0.000855 2
-0.013533 -0.022969 -0.039375 0
-0.653988 0.111102 0.375020 2
0.218260 0.166689 -0.272038 1
-0.514974 0.180990 0.232371 2
-0.874241 -0.008176 0.324208 2
0.052023 -0.650135 0.078490 0
0.315217 0.267515 -0.073493 1
-0.284383 0.174107 0.152254 2
-0.391551 0.186468 0.175908 2
-0.150974 0.059081 0.014778 2
-0.876810 -0.015901 0.231990 2
0.037250 -0.659036 0.054775 0
0.650661 0.227304 -0.248408 1
0.317251 0.194444 -0.287390 1
0.611739 0.128693 -0.359001 1
0.615032 0.174818 -0.336815 1
0.083544 0.081836 -0.029051 1
0.618416 0.273212 -0.160685 1
-0.658402 0.116267 0.077984 2
-0.746956 0.087114 0.323036 2
0.505583 0.227337 -0.258163 1
0.061468 -0.543043 0.067935 0
-0.447459 0.169871 0.155966 2
-0.032721 -0.049059 0.029103 0
0.147383 0.172053 -0.220250 1
-0.047306 0.010426 -0.031545 3
0.156270 0.174564 -0.092481 1
-0.034414 -0.045969 0.006466 0
0.394568 0.182165 -0.317915 1
0.044689 -0.577098 0.085408 0
-0.473857 0.197168 0.323789 2
-0.777761 0.060123 0.161808 2
-0.888136 -0.023427 0.327836 2
0.138640 0.151753 -0.065849 1
0.469243 0.178231 -0.332832 1
-0.049381 -0.015400 -0.022139 3
0.059538 -0.895840 -0.000363 0
-0.045059 0.048333 -0.051439 3
-0.342306 0.183710 0.163664 2
0.848252 0.195240 -0.173091 1
-0.084174 0.007787 0.065710 0
-0.458614 0.188576 0.305381 2
-0.166364 0.119623 0.148477 2
-0.380500 0.216075 0.247414 2
-0.871149 -0.016832 0.362802 2
-0.092528 0.025294 -0.006911 0
0.174095 0.214011 -0.002217 1
-0.206335 0.163183 0.159273 2
0.484113 0.270391 -0.169380 1
-0.702092 0.081057 0.046988 2
-0.087033 0.038961 0.072418 2
0.109841 0.154033 -0.149886 1
0.036390 -0.337166 0.015230 0
0.029854 -0.123251 0.005159 0
0.124345 0.163654 -0.119509 1
-0.788486 0.044997 0.375594 2
0.014180 -0.242074 0.044065 0
-0.645499 0.139258 0.234812 2
0.023282 -0.145809 0.042453 0
0.424259 0.194322 -0.308188 1
0.057611 0.079438 -0.066672 1
-0.641421 0.126864 0.118479 2
0.047877 -0.818667 0.064817 0
0.042193 -0.578834 0.035367 0
-0.357816 0.213984 0.233396 2
-0.710588 0.097291 0.119095 2
-0.779341 0.070161 0.232097 2
0.046736 -0.780555 0.017334 0
-0.777679 0.063279 0.193631 2
-0.660048 0.099736 0.049051 2
0.022508 -0.048495 -0.011296 0
0.841439 0.116346 -0.305122 1
0.863047 0.166251 -0.233287 1
0.265246 0.173759 -0.290133 1
0.123015 0.101776 -0.039576 1
0.355434 0.295233 -0.037910 1
0.234336 0.224138 -0.101653 1
-0.476756 0.189324 0.229798 2
0.064102 -0.720823 0.040190 0
0.020856 -0.819701 0.044079 0
0.513885 0.303844 -0.071600 1
0.169936 0.163068 -0.234527 1
0.053527 -0.351071 0.022969 0
-0.562686 0.178912 0.304726 2
0.065244 -0.506547 0.051533 0
0.912137 0.080546 -0.222664 1
-0.611550 0.146895 0.206942 2
0.003714 -0.227380 0.027945 0
0.304548 0.168860 -0.303460 1
0.545597 0.264538 -0.185628 1
-0.465430 0.199452 0.244805 2
0.160954 0.198759 0.002170 1
-0.336278 0.100754 -0.042102 2
0.090511 0.133320 -0.132813 1
-0.190477 0.080881 0.006883 2
0.071803 -0.613501 0.053886 0
-0.755076 0.068107 0.375897 2
-0.465554 0.114006 -0.029451 2
-0.238371 0.187001 0.185224 2
0.316878 0.239288 -0.140091 1
0.399114 0.294548 -0.061822 1
0.724379 0.242885 -0.199320 1
-0.753380 0.081097 0.341952 2
-0.669074 0.115168 0.102437 2
0.246668 0.237216 -0.088071 1
-0.369566 0.204879 0.273315 2
0.057236 -0.904335 0.035352 0
-0.053168 -0.088251 0.025395 0
-0.239867 0.201034 0.217400 2
0.434163 0.160622 -0.350235 1
0.003904 -0.951205 0.024657 0
-0.402794 0.204939 0.303925 2
0.051122 -0.462343 0.061977 0
-0.063411 -0.035697 0.008392 0
0.380296 0.281558 -0.091652 1
0.295605 0.280588 0.033746 1
0.035446 -0.697799 0.052392 0
-0.827836 0.034021 0.269540 2
-0.863113 -0.000261 0.221484 2
0.033526 -0.611366 0.099019 0
-0.868551 0.005360 0.264196 2
-0.261370 0.192651 0.235260 2
-0.011931 -0.143387 0.045860 0
0.131277 0.167866 -0.188043 1
-0.513577 0.150110 0.076261 2
0.025313 -0.648732 0.066306 0
0.189612 0.195809 -0.180782 1
0.052005 -0.950185 0.054139 0
0.051239 -0.614061 0.035899 0
-0.270073 0.205134 0.223082 2
0.326600 0.274785 0.019521 1
-0.700179 0.103306 0.139390 2
0.099118 0.074136 0.007581 1
0.683561 0.226343 -0.244415 1
-0.379735 0.170771 0.140891 2
-0.728865 0.075804 0.082060 2
-0.804123 0.022687 0.142202 2
-0.807832 0.014204 0.392346 2
0.085949 0.115727 -0.090694 1
-0.777927 0.042343 0.100051 2
-0.344855 0.220757 0.266783 2
0.135707 0.165689 -0.101913 1
0.055382 -0.470927 0.041011 0
0.013080 -0.109291 0.040622 0
0.745484 0.211369 -0.254711 1
0.157511 0.187908 -0.161390 1
0.208649 0.239664 0.036503 1
0.155579 0.167491 -0.056382 1
0.075006 0.059304 -0.018740 1
-0.585374 0.130897 0.044977 2
-0.489223 0.136818 0.019392 2
-0.420154 0.180380 0.173806 2
-0.036079 -0.124927 0.047813 0
0.109622 0.154158 -0.125582 1
-0.218930 0.112118 0.055413 2
-0.653296 0.139610 0.268068 2
-0.746682 0.060388 0.073245 2
0.279019 0.276555 0.017834 1
-0.777602 0.069560 0.315232 2
0.636257 0.268882 -0.167143 1
-0.561638 0.175033 0.267894 2
-0.190606 0.155984 0.151957 2
-0.007904 -0.208269 0.049443 0
0.683226 0.211860 -0.267999 1
0.039922 -0.171318 0.018756 0
0.028185 -0.781510 0.040755 0
0.021660 -0.265465 0.046201 0
0.231367 0.206676 -0.195946 1
-0.855073 0.010571 0.239687 2
0.457363 0.206335 -0.294130 1
-0.672799 0.122978 0.220499 2
0.030791 -0.746897 0.047149 0
0.060312 0.057032 -0.053259 1
0.081286 -0.709604 0.046234 0
0.253160 0.221749 -0.170451 1
0.039480 -0.554059 0.064130 0
0.590912 0.153415 -0.354466 1
0.048723 -0.133086 0.028854 0
-0.635391 0.135133 0.187641 2
0.143249 0.166943 0.019764 1
-0.431992 0.099463 -0.047118 2
-0.001314 -0.099037 0.050631 0
0.030018 -0.621795 0.033272 0
0.039542 -0.528908 0.033436 0
0.118908 0.104811 -0.022022 1
-0.004129 -0.078883 -0.005419 0
-0.080136 -0.011299 0.006272 0
0.205763 0.204535 -0.150737 1
-0.546755 0.132754 0.027940 2
0.041415 -0.560626 0.034448 0
0.382130 0.274768 -0.113834 1
0.840232 0.175501 -0.245159 1
-0.907051 -0.053795 0.323767 2
0.434449 0.299663 -0.068313 1
0.048280 -0.673122 0.062779 0
-0.732728 0.099489 0.281235 2
-0.915234 -0.069996 0.303292 2
-0.024352 -0.062071 0.043846 0
-0.659911 0.132329 0.329413 2
0.401700 0.177316 -0.337588 1
-0.046737 -0.023928 -0.002386 0
0.004563 -0.889361 0.053634 0
-0.698029 0.097338 0.096748 2
0.803265 0.102606 -0.343345 1
0.039564 -0.638996 0.085456 0
-0.299686 0.088348 -0.038227 2
-0.103210 0.095879 -0.067849 3
0.254861 0.258643 -0.019451 1
0.832258 0.074149 -0.319319 1
0.009921 -0.922018 0.039885 0
0.290984 0.238391 -0.124004 1
0.272302 0.232821 -0.142748 1
-0.254004 0.186607 0.176080 2
0.436687 0.274955 -0.138322 1
-0.358950 0.196739 0.196747 2
0.025311 -0.096731 -0.015503 0
-0.832630 0.018734 0.177183 2
0.867839 0.096848 -0.275407 1
-0.717362 0.102429 0.339285 2
0.005974 -0.987615 0.020981 0
-0.059401 -0.041915 0.052570 0
0.003399 -0.516531 0.022034 0
0.303853 0.233562 -0.173786 1
-0.166641 0.140173 0.151031 2
0.720773 0.252894 -0.172281 1
0.143862 0.131206 -0.043653 1
-0.132908 0.065218 0.057091 2
-0.019577 -0.004297 -0.076261 3
0.028734 -0.208935 0.048850 0
-0.706231 0.107541 0.206863 2
0.020028 -0.152470 0.009259 0
0.006351 -0.900994 0.023561 0
0.050070 -0.108194 0.026950 0
-0.751041 0.081719 0.199137 2
-0.454160 0.134576 0.004154 2
-0.281509 0.120717 0.024529 2
0.044383 -0.596620 0.034590 0
0.401517 0.283233 -0.089665 1
-0.032627 0.022975 -0.043772 3
0.009662 -0.277446 0.030565 0
-0.918409 -0.099054 0.338996 2
-0.357506 0.116330 -0.021419 2
0.112420 0.144565 -0.089871 1
0.562546 0.190365 -0.317311 1
0.792828 0.236037 -0.160357 1
0.475026 0.233588 -0.246694 1
0.050212 -0.479610 0.088539 0
0.074366 -0.435317 0.039623 0
0.040475 -0.518324 0.076546 0
-0.324139 0.135749 0.045153 2
-0.465263 0.153343 0.079303 2
-0.033022 -0.000371 -0.028337 3
-0.178087 0.082927 0.031162 2
0.039281 -0.457539 0.032077 0
0.407287 0.199597 -0.306801 1
0.649418 0.175301 -0.329085 1
0.037393 -0.242619 0.027674 0
0.857550 0.082381 -0.307358 1
-0.703532 0.114866 0.292852 2
0.412630 0.209676 -0.289779 1
0.013766 -0.888750 0.079569 0
-0.776332 0.073587 0.281055 2
-0.226434 0.138699 0.099574 2
0.061047 -0.566769 0.041309 0
0.027999 -0.839345 0.085106 0
0.637346 0.212965 -0.282013 1
0.832177 0.215842 -0.155449 1
-0.357298 0.146117 0.065862 2
-0.909679 -0.048530 0.246740 2
-0.767856 0.069950 0.173660 2
0.071869 -0.481201 0.040258 0
0.250308 0.263035 0.043881 1
0.374741 0.239210 -0.198095 1
-0.609258 0.143027 0.136202 2
0.299291 0.250697 -0.104207 1
0.871522 0.126295 -0.241727 1
-0.753502 0.061970 0.113996 2
0.627630 0.286269 -0.125514 1
0.029926 -0.398143 0.067095 0
-0.727611 0.090983 0.361909 2
0.062336 -0.601651 0.067638 0
-0.054267 -0.006250 0.038655 0
0.699270 0.141493 -0.355677 1
0.387265 0.228403 -0.235114 1
-0.008141 -0.138810 0.023215 0
0.016790 -0.794207 0.031941 0
0.899503 0.064222 -0.258253 1
0.154139 0.189662 0.021986 1
0.048620 -0.043610 0.017682 0
-0.690303 0.119428 0.325337 2
-0.513093 0.178015 0.339932 2
0.051815 -0.900902 0.065309 0
0.694607 0.251528 -0.195774 1
0.463587 0.243475 -0.224576 1
-0.477126 0.169214 0.160900 2
0.048998 -0.542491 0.089119 0
0.278735 0.198315 -0.268702 1
0.274313 0.257995 -0.056709 1
-0.390550 0.218989 0.285670 2
0.182689 0.198190 -0.148591 1
0.381536 0.291852 -0.059369 1
0.713648 0.204679 -0.274699 1
0.119185 0.128070 -0.040475 1
0.105169 0.104055 0.005664 1
-0.500319 0.146335 0.052944 2
-0.487747 0.193084 0.244649 2
-0.409038 0.105968 -0.041203 2
0.777337 0.112775 -0.349631 1
0.865714 0.129860 -0.271802 1
-0.308902 0.110501 -0.009968 2
0.096915 0.124888 -0.070551 1
0.303858 0.281999 -0.014754 1
-0.499896 0.175127 0.196688 2
0.401386 0.239655 -0.213521 1
0.601402 0.287389 -0.125315 1
0.760127 0.127158 -0.340580 1
0.039290 -0.217479 0.028283 0
0.889918 0.118690 -0.220312 1
-0.823226 0.030046 0.359571 2
0.010358 -0.629436 0.050602 0
0.051416 -0.109984 0.006185 0
0.204904 0.194913 -0.220173 1
0.074119 0.081220 -0.055889 1
0.278260 0.205775 -0.246582 1
-0.020851 -0.036011 -0.030055 3
0.565830 0.239972 -0.234448 1
-0.046677 -0.088926 0.041424 0
-0.035577 -0.074625 0.050900 0
-0.344089 0.072928 -0.045048 2
0.026483 -0.457836 0.053241 0
0.043592 -0.291268 0.044956 0
0.561291 0.255831 -0.203303 1
-0.684680 0.111321 0.358509 2
-0.047013 0.034644 -0.061758 3
-0.552038 0.150028 0.110767 2
0.057056 -0.320018 0.038252 0
0.016962 -0.526954 0.028011 0
0.470457 0.308777 -0.054738 1
0.396065 0.304558 0.004768 1
0.481871 0.301443 -0.077216 1
-0.045631 0.056971 -0.078816 3
-0.904120 -0.065558 0.348622 2
-0.415154 0.220430 0.274567 2
-0.774979 0.070801 0.258228 2
0.624714 0.193941 -0.308298 1
0.500768 0.209646 -0.285528 1
0.664957 0.191077 -0.308496 1
0.327684 0.178584 -0.317111 1
0.046468 -0.374092 0.032229 0
-0.565865 0.123517 0.014846 2
-0.344129 0.210917 0.223456 2
0.567080 0.276843 -0.162809 1
0.555166 0.204423 -0.295268 1
0.840907 0.153783 -0.270044 1
0.207188 0.238336 -0.003917 1
-0.381776 0.119015 -0.021913 2
0.028739 -0.623222 0.072207 0
0.267011 0.238024 -0.102809 1
0.509538 0.236446 -0.241566 1
-0.560298 0.133983 0.040803 2
0.626272 0.153974 -0.353434 1
0.000538 -0.204594 0.031597 0
0.575602 0.234208 -0.248115 1
-0.477606 0.120226 -0.016485 2
0.916195 0.092584 -0.198497 1
-0.235318 0.175525 0.160702 2
-0.691671 0.090724 0.056541 2
0.591176 0.300160 -0.066889 1
0.743180 0.254649 -0.137122 1
0.795368 0.229483 -0.140653 1
-0.598136 0.163665 0.255993 2
0.046488 -0.514788 0.023136 0
0.083430 0.044320 0.005116 1
0.198255 0.176126 -0.247675 1
0.048993 -0.749170 0.021814 0
0.074624 -0.758731 0.058704 0
0.064023 0.033389 -0.043737 1
0.206786 0.200772 -0.102121 1
-0.839235 0.003795 0.172329 2
-0.194420 0.145482 0.175269 2
0.519794 0.167764 -0.354674 1
0.038416 -0.228993 0.043132 0
-0.635268 0.123558 0.072874 2
0.613056 0.247321 -0.221672 1
-0.168915 0.057656 -0.004706 2
0.218793 0.223553 0.040579 1
0.128538 0.140592 -0.033742 1
0.011536 -0.867034 0.042748 0
-0.441422 0.165078 0.138568 2
-0.465425 0.182795 0.198494 2
-0.354862 0.091499 -0.036171 2
-0.244658 0.108114 0.024833 2
0.192831 0.199599 -0.090031 1
0.017655 -0.314093 0.043467 0
0.051556 -0.287475 0.016243 0
0.082516 0.008704 -0.004609 1
0.887483 0.150142 -0.210908 1
-0.114300 0.048123 0.092692 2
-0.062868 0.005220 0.047790 0
0.350781 0.269425 -0.111243 1
0.494217 0.197599 -0.309111 1
-0.857760 -0.004632 0.174251 2
0.028798 -0.300713 0.051577 0
0.161984 0.184987 -0.210618 1
0.027424 -0.096421 0.003500 0
-0.867939 -0.007038 0.349252 2
0.109464 0.116208 -0.030500 1
0.017797 -0.027926 -0.031044 0
-0.913064 -0.059815 0.285813 2
0.021339 -0.422592 0.043493 0
0.061352 -0.780974 0.048478 0
0.553296 0.290651 -0.119053 1
0.300511 0.187820 -0.294179 1
0.039587 -0.181495 0.044846 0
0.042263 -0.685281 0.033942 0
0.169433 0.190542 -0.043143 1
0.044595 -0.595004 0.084383 0
-0.795748 0.057157 0.219514 2
-0.663696 0.125218 0.173061 2
0.675786 0.283216 -0.104270 1
0.189250 0.195190 -0.068495 1
0.466850 0.284642 -0.114632 1
0.001400 -0.292166 0.050768 0
0.009221 -0.916981 0.068405 0
0.529079 0.188889 -0.330931 1
0.141498 0.174717 -0.128661 1
0.110459 0.090325 -0.018483 1
0.760586 0.214061 -0.248086 1
0.181612 0.192395 -0.123940 1
0.049868 -0.818552 0.032693 0
0.005457 -0.064925 0.029079 0
-0.764881 0.072587 0.353497 2
0.084099 -0.532614 0.072090 0
-0.916943 -0.085011 0.317666 2
0.015908 -0.399104 0.053771 0
-0.524348 0.168863 0.185588 2
0.040012 -0.715997 0.008122 0
-0.241254 0.190032 0.231608 2
0.061883 -0.767603 0.020450 0
0.051043 -0.085990 0.002063 0
0.876946 0.140721 -0.198270 1
0.251103 0.244097 -0.043591 1
0.757438 0.234121 -0.208299 1
0.054837 -0.696133 0.065982 0
0.022523 -0.036958 0.028091 0
-0.175098 0.096237 0.066209 2
-0.200052 0.096709 0.039698 2
0.373920 0.300182 -0.031410 1
-0.477439 0.134259 0.005640 2
0.281480 0.222289 -0.194170 1
0.374391 0.301581 -0.006509 1
0.004011 -0.291216 0.008144 0
0.051022 -0.217852 0.006173 0
0.879808 0.081784 -0.281229 1
-0.308732 0.117701 0.004943 2
0.338144 0.295835 -0.005550 1
0.889022 0.107352 -0.248562 1
0.069546 -0.554425 0.048334 0
-0.391180 0.159915 0.119356 2
0.042430 -0.602326 0.062345 0
-0.297589 0.180434 0.162908 2
0.708214 0.224143 -0.247707 1
0.015975 -0.916268 0.019927 0
0.017816 -0.369059 0.039601 0
0.318945 0.218102 -0.236153 1
-0.420343 0.205892 0.243894 2
0.051837 -0.203990 0.033543 0
0.711420 0.156709 -0.332925 1
0.053080 -0.876319 0.035769 0
0.334364 0.243433 -0.143262 1
0.470043 0.308468 -0.016458 1
0.021188 -0.480006 0.039293 0
0.255000 0.207552 -0.223409 1
-0.004068 -0.993056 0.065536 0
-0.092678 0.025351 0.042945 2
-0.167804 0.116687 0.103310 2
-0.597152 0.125015 0.029944 2
0.047443 -0.915658 0.072156 0
-0.501374 0.123613 -0.015612 2
0.062273 -0.650644 0.032806 0
-0.872666 -0.002194 0.279396 2
0.870247 0.168146 -0.212007 1
0.037868 -0.782383 0.075381 0
-0.442685 0.158481 0.092928 2
-0.382572 0.180824 0.160517 2
0.075756 0.015253 0.023453 1
-0.683863 0.111194 0.150476 2
0.615505 0.259240 -0.198371 1
0.516460 0.214458 -0.282802 1
-0.656988 0.126619 0.195995 2
-0.176454 0.123612 0.166767 2
0.027705 -0.627492 0.056457 0
-0.889509 -0.025582 0.256205 2
-0.561935 0.153855 0.137389 2
-0.490467 0.159336 0.109592 2
0.339027 0.294043 -0.026943 1
-0.405055 0.122302 -0.011036 2
0.437962 0.229351 -0.247863 1
-0.537982 0.188822 0.295182 2
0.072828 0.034470 0.014889 1
0.230786 0.176852 -0.278812 1
-0.214323 0.150757 0.127922 2
0.894359 0.122414 -0.205099 1
0.442267 0.242447 -0.213932 1
0.009010 -0.068463 -0.017057 0
0.409287 0.253100 -0.171792 1
0.806424 0.168896 -0.277642 1
0.039050 -0.470710 0.004747 0
0.795510 0.084868 -0.335418 1
0.567488 0.168414 -0.344714 1
0.024371 -0.867898 0.071918 0
0.375568 0.175735 -0.328791 1
-0.068106 0.009762 0.066103 0
0.420964 0.301355 -0.016182 1
0.046267 -0.621378 0.065743 0
0.375515 0.224803 -0.245751 1
0.783478 0.143318 -0.319123 1
-0.000331 -0.183155 0.028133 0
-0.520249 0.160329 0.153427 2
-0.725331 0.097293 0.200587 2
0.563724 0.305575 -0.064715 1
-0.034709 -0.038822 -0.008025 0
0.060302 -0.434706 0.048673 0
-0.029022 0.010767 -0.081259 3
-0.320541 0.162940 0.117824 2
0.015232 -0.975698 0.067186 0
-0.035777 -0.002611 -0.090078 3
0.156096 0.181444 -0.127229 1
-0.248210 0.090765 -0.013452 2
-0.417217 0.160906 0.112951 2
-0.140061 0.082392 0.101824 2
0.038419 -0.724024 0.054642 0
0.238959 0.253984 -0.009813 1
0.773064 0.170683 -0.300274 1
-0.057226 -0.059491 0.028237 0
0.035149 -0.455491 0.091025 0
-0.178345 0.128091 0.114165 2
-0.012028 -0.111089 0.025020 0
0.747550 0.162860 -0.319384 1
-0.359036 0.218502 0.256855 2
-0.082683 0.023723 0.067083 2
-0.524736 0.150537 0.091354 2
-0.729688 0.088011 0.131776 2
-0.794882 0.059800 0.284405 2
0.060936 -0.733636 0.064937 0
0.433348 0.288542 -0.102665 1
-0.515272 0.140865 0.041215 2
0.375445 0.209423 -0.280776 1
-0.608983 0.144517 0.161659 2
0.037052 -0.479036 0.029959 0
-0.069865 0.022844 -0.104645 3
-0.766581 0.059582 0.126146 2
-0.441657 0.130817 -0.005114 2
0.135615 0.166550 -0.209979 1
-0.485605 0.163086 0.137424 2
-0.031565 0.045095 -0.064819 3
-0.244315 0.123797 0.062962 2
-0.004317 -0.954783 0.043601 0
-0.344790 0.153962 0.099853 2
0.026902 -0.566690 0.031845 0
-0.550113 0.147420 0.091071 2
0.309773 0.268728 0.025129 1
-0.600086 0.134655 0.076985 2
-0.274435 0.190718 0.182885 2
0.819575 0.223308 -0.162027 1
0.250643 0.264879 0.017288 1
0.103416 0.149971 -0.187589 1
-0.623416 0.133466 0.102326 2
-0.129815 0.036005 0.003690 2
0.086588 -0.748985 0.040192 0
-0.396140 0.199457 0.209364 2
0.859774 0.181735 -0.161776 1
0.007027 -0.948805 0.066022 0
-0.838769 0.023591 0.226354 2
0.038733 -0.758010 0.067487 0
0.079660 0.069929 0.016792 1
0.279265 0.249316 -0.089221 1
0.647887 0.155540 -0.347068 1
-0.251263 0.171517 0.149308 2
0.439361 0.196299 -0.312593 1
0.745826 0.185430 -0.292419 1
0.189649 0.194616 0.043244 1
0.018252 -0.833901 0.050624 0
0.053412 -0.982631 0.042296 0
0.033613 -0.001616 0.027385 0
0.547229 0.228654 -0.258751 1
0.349251 0.160751 -0.306261 1
0.017314 -0.323136 0.063762 0
-0.027916 -0.060906 0.019771 0
0.053799 -0.010647 0.015483 0
0.146860 0.164342 -0.041898 1
0.448949 0.307153 -0.053794 1
0.091165 0.035109 -0.032446 1
-0.273226 0.210083 0.237770 2
0.480270 0.249834 -0.207398 1
0.038576 -0.325828 0.028027 0
0.775544 0.190834 -0.267079 1
0.106299 0.067165 -0.042057 1
0.051242 -0.338152 0.040711 0
-0.366020 0.202840 0.211260 2
0.652026 0.143479 -0.371814 1
-0.014617 -0.088850 0.005296 0
-0.408746 0.177552 0.163282 2
0.123932 0.153651 -0.184841 1
0.403577 0.214885 -0.267421 1
-0.789142 0.055766 0.355112 2
0.825732 0.088035 -0.325869 1
0.481283 0.311431 -0.042772 1
0.082019 -0.570260 0.068674 0
0.034669 -0.374757 0.008014 0
0.046310 -0.244991 0.043482 0
-0.584184 0.166069 0.244474 2
0.041231 -0.402595 0.057099 0
0.436739 0.294282 -0.087328 1
0.058956 -0.024582 0.010316 0
0.113115 0.126990 -0.054945 1
0.064554 0.036034 -0.017807 1
0.030166 -0.854905 0.026242 0
-0.559057 0.178833 0.329103 2
0.592010 0.275052 -0.162378 1
-0.863056 -0.036138 0.377045 2
-0.322377 0.200780 0.199346 2
-0.393620 0.145308 0.054462 2
0.012156 -0.888308 0.016390 0
-0.041807 -0.062072 0.029292 0
0.337685 0.241500 -0.164130 1
0.029600 -0.352135 0.024796 0
-0.852872 0.013355 0.254935 2
0.820675 0.164474 -0.272911 1
-0.619075 0.108655 0.028039 2
-0.892621 -0.047842 0.359921 2
0.169155 0.186807 -0.092666 1
-0.417117 0.143654 0.040459 2
0.249018 0.218929 -0.128403 1
-0.358675 0.214512 0.279085 2
0.444538 0.257810 -0.175715 1
0.890040 0.140331 -0.222803 1
-0.455453 0.200795 0.256749 2
0.052953 -0.861228 0.074172 0
0.035852 -0.807663 0.075197 0
0.042703 -0.456035 0.011870 0
-0.275759 0.151610 0.102836 2
0.649791 0.196636 -0.303375 1
0.541524 0.279505 -0.145660 1
0.731988 0.245735 -0.186008 1
0.217432 0.216551 -0.067924 1
0.064199 -0.745378 0.038768 0
-0.766991 0.051395 0.383826 2
0.689847 0.184893 -0.312880 1
0.123670 0.143906 -0.210583 1
-0.430896 0.201229 0.233423 2
0.098423 0.048338 0.018043 1
0.854980 0.089598 -0.292291 1
0.348428 0.292119 0.024771 1
-0.283234 0.071378 -0.033321 2
0.049794 -0.516021 0.062672 0
-0.160731 0.112814 0.125207 2
0.794248 0.146170 -0.306738 1
0.421588 0.273458 -0.144761 1
0.071637 -0.577985 0.056736 0
-0.371745 0.153895 0.088844 2
0.026588 -0.206702 0.018800 0
0.071504 -0.484024 0.066276 0
0.624227 0.294225 -0.077526 1
0.231493 0.202712 -0.223430 1
-0.010635 -0.038584 -0.041434 0
0.366982 0.195946 -0.296530 1
-0.840779 -0.002696 0.379159 2
-0.034712 0.013005 -0.065666 3
0.635867 0.231547 -0.243025 1
-0.892618 -0.018260 0.285084 2
-0.065653 0.039440 -0.080990 3
0.829669 0.199776 -0.210338 1
0.875497 0.095352 -0.291190 1
0.014958 -0.400736 0.027028 0
0.780962 0.244401 -0.141578 1
0.040229 -0.264984 0.029555 0
-0.844609 0.011984 0.353353 2
-0.551060 0.169098 0.218063 2
0.058781 -0.062499 0.006442 0
0.094290 0.058014 -0.009558 1
0.313734 0.209077 -0.259536 1
-0.416702 0.169440 0.149170 2
-0.884053 -0.015760 0.315065 2
-0.069283 -0.013901 0.016861 0
0.358916 0.259065 -0.144928 1
-0.812569 0.046860 0.317958 2
0.090194 0.128282 -0.147797 1
0.592811 0.166722 -0.342768 1
0.818214 0.214580 -0.185030 1
0.422328 0.230050 -0.236455 1
0.058960 -0.384201 0.045823 0
-0.528333 0.170919 0.206239 2
0.042646 -0.960536 0.014656 0
-0.324845 0.141863 0.062790 2
-0.105460 0.033809 0.042076 2
0.831031 0.114529 -0.316462 1
-0.886263 -0.024524 0.222196 2
-0.572491 0.178086 0.317387 2
0.040267 -0.878725 0.017139 0
0.215418 0.207434 -0.122345 1
0.061647 -0.645874 0.067347 0
0.031634 -0.466808 0.065097 0
0.052390 -0.704435 0.033276 0
0.059298 -0.096907 0.015310 0
0.578412 0.153898 -0.363282 1
-0.687680 0.124960 0.271991 2
0.542324 0.239091 -0.235073 1
0.912961 0.107508 -0.199467 1
0.031202 -0.348382 0.004846 0
-0.310407 0.190944 0.180968 2
-0.740435 0.072042 0.377882 2
0.540559 0.221343 -0.271381 1
-0.022023 -0.014109 -0.030262 3
-0.359958 0.129386 0.006632 2
-0.549484 0.173124 0.234897 2
0.901029 0.083011 -0.268516 1
0.629023 0.140025 -0.359012 1
0.023348 -0.756663 0.063793 0
-0.031727 -0.096528 0.049902 0
-0.783521 0.066057 0.328856 2
0.027510 -0.058569 0.004717 0
0.048762 -0.303644 0.036801 0
0.057984 -0.902089 0.051410 0
0.028424 -0.375552 0.065325 0
0.085349 -0.650801 0.044029 0
0.003923 -0.047615 -0.039799 0
0.150435 0.179079 -0.009728 1
-0.608098 0.148436 0.350764 2
-0.003742 -0.124801 0.019242 0
-0.678104 0.124789 0.237495 2
-0.084697 -0.017784 0.051541 0
0.157813 0.166730 0.031701 1
0.350503 0.205969 -0.269328 1
-0.213638 0.089808 0.007357 2
0.539360 0.302466 -0.038038 1
0.050161 -0.037189 -0.016013 0
0.903598 0.125653 -0.223668 1
0.271104 0.260054 0.047918 1
0.315626 0.277002 -0.039700 1
-0.309558 0.132923 0.042124 2
0.414595 0.275381 -0.126413 1
0.041128 -0.493626 0.079013 0
0.022104 -0.229480 0.046887 0
0.278753 0.275805 0.036579 1
-0.670178 0.118668 0.135435 2
0.049215 -0.865511 0.010166 0
-0.584127 0.138304 0.078394 2
0.230069 0.228723 -0.053205 1
-0.537447 0.157386 0.136039 2
-0.594657 0.118487 0.016552 2
0.675952 0.140771 -0.354339 1
-0.213234 0.118096 0.074380 2
0.808738 0.185076 -0.253533 1
-0.489393 0.188478 0.329485 2
0.044097 -0.475687 0.061771 0
0.877745 0.144183 -0.236620 1
-0.078509 0.000979 -0.007565 0
0.087809 0.144977 -0.123662 1
0.020280 -0.992000 0.019022 0
0.351543 0.283690 -0.065375 1
0.073644 -0.025459 0.005699 0
0.805117 0.115762 -0.331086 1
0.030397 -0.145256 -0.003314 0
-0.755343 0.084648 0.258325 2
0.912207 0.094134 -0.229122 1
-0.443105 0.162162 0.114858 2
-0.491308 0.194118 0.266666 2
-0.047067 -0.000283 -0.099736 3
-0.344662 0.120070 -0.005284 2
0.202052 0.206380 -0.064871 1
0.038369 -0.830309 0.064972 0
0.036214 -0.913933 -0.006013 0
0.131747 0.169832 -0.149586 1
-0.333372 0.150047 0.089118 2
-0.883710 -0.015873 0.246310 2
0.624812 0.295970 -0.101311 1
0.420299 0.264810 -0.162730 1
0.035509 -0.517222 0.056235 0
-0.006482 -0.160143 0.013422 0
0.051294 -0.289218 0.031152 0
-0.793586 0.060197 0.308213 2
-0.252283 0.156709 0.120727 2
-0.610872 0.158581 0.317134 2
0.039463 -0.135307 0.004110 0
0.696477 0.239320 -0.222994 1
0.064363 -0.875262 0.054241 0
-0.333920 0.156985 0.111194 2
0.048692 -0.565871 0.064515 0
-0.019663 -0.145796 0.033269 0
0.042031 -0.887200 0.002526 0
0.026969 -0.322838 0.051265 0
0.678103 0.195745 -0.290691 1
-0.728576 0.096738 0.220023 2
-0.393657 0.108323 -0.040994 2
0.075231 -0.001043 0.004085 1
0.083664 0.034261 -0.006991 1
0.651063 0.142447 -0.356929 1
0.723075 0.268038 -0.126396 1
0.470022 0.165221 -0.340128 1
-0.707485 0.091265 0.373177 2
-0.753714 0.050941 0.390633 2
-0.514138 0.184674 0.246809 2
0.159304 0.187948 -0.019404 1
0.462365 0.253045 -0.190809 1
-0.435341 0.113275 -0.042609 2
-0.681780 0.127405 0.294945 2
0.399076 0.245443 -0.199988 1
0.003054 -0.193110 0.040746 0
0.014274 -0.239877 0.021065 0
0.053371 -0.806259 0.007833 0
-0.296644 0.214475 0.233243 2
0.084453 0.138116 -0.103491 1
-0.805989 0.048024 0.341101 2
-0.473699 0.150300 0.067460 2
0.043266 -0.537574 0.076327 0
-0.274827 0.158029 0.124312 2
-0.706542 0.107960 0.232930 2
0.317803 0.289107 -0.007003 1
0.160159 0.176742 -0.067041 1
-0.372001 0.096270 -0.042158 2
-0.560458 0.163170 0.196996 2
0.555950 0.153711 -0.353844 1
0.024541 -0.165474 -0.003620 0
-0.439176 0.212415 0.259404 2
-0.794237 0.034204 0.134688 2
0.852554 0.188636 -0.185578 1
-0.261664 0.122340 0.039840 2
-0.586580 0.163686 0.340297 2
-0.025167 0.024685 -0.072774 3
-0.477476 0.154901 0.087435 2
0.300516 0.264208 -0.052751 1
0.195635 0.199708 -0.139838 1
-0.516021 0.160999 0.139327 2
-0.221851 0.169997 0.162982 2
