0.046577 -0.537345 -0.005321 0
0.823653 0.493302 -0.241223 3
-0.972446 0.136728 0.163594 4
-0.300072 0.002046 0.280098 4
0.255279 0.111675 -0.128253 3
-0.235524 -0.131737 -0.293966 1
0.073213 -0.319115 0.493783 2
0.689519 0.158772 0.097376 3
-0.657835 -0.040214 -0.131105 4
0.526961 0.239466 -0.442841 3
0.151721 -0.180331 0.102947 5
-0.676408 -0.050194 0.323145 4
0.074290 -0.909624 -0.084156 0
-0.161736 -0.316620 0.204065 2
0.073292 -0.252450 -0.211951 1
-0.352860 0.057090 -0.044737 4
0.517836 0.300043 -0.133216 3
0.398957 0.151648 0.110854 3
-0.161345 -0.242563 -0.059377 1
-0.589133 0.077420 0.101760 4
0.851854 0.255478 -0.093992 3
-0.882410 -0.032320 -0.005212 4
0.298383 0.257293 -0.330214 3
0.743173 0.346160 -0.424062 3
-0.154963 -0.312329 0.437245 2
0.186952 -0.317884 0.293727 2
-0.244124 -0.095111 0.081239 4
0.048138 -0.367879 0.129245 2
0.188119 -0.089654 -0.089369 0
-0.766223 0.095031 0.203537 4
-0.043807 -0.113649 -0.354216 1
0.648501 0.400048 -0.254751 3
-0.496154 0.008295 0.262915 4
0.113805 -0.716886 -0.042213 0
-0.011249 -0.363906 -0.065401 1
-0.000284 -0.301146 0.321761 2
0.676440 0.298088 -0.047725 3
0.150928 -0.291079 -0.054228 0
0.406403 0.182040 -0.063423 3
-0.398293 0.010255 0.116806 4
-0.484673 -0.006851 -0.137575 4
-0.736161 0.051609 0.005399 4
0.535557 0.223435 0.043406 3
-0.088727 -0.191002 -0.211646 1
0.466040 0.289783 -0.292681 3
-0.907262 0.031629 0.264210 4
0.550329 0.126448 0.168189 3
-0.065333 -0.279676 0.062035 0
0.769371 0.372015 -0.150627 3
0.749070 0.490338 -0.376887 3
0.245822 -0.071712 0.063891 5
0.353604 0.238790 -0.196492 3
-0.247257 -0.196562 -0.166163 1
-0.571349 0.051595 -0.038398 4
-0.850832 0.081228 0.084526 4
0.314693 0.093782 -0.001082 3
-0.630249 0.061449 0.235624 4
0.610611 0.322927 -0.370707 3
0.306464 -0.023905 -0.118027 3
-0.980559 0.036970 0.061066 4
-0.058001 -0.309439 0.530158 2
0.766954 0.203150 -0.000922 3
-0.780005 -0.067062 -0.079092 4
0.171621 -0.334234 0.156072 2
0.064374 -0.257660 0.044919 5
0.101414 -0.422708 -0.031366 0
-0.160965 -0.192804 0.075057 0
-0.797855 -0.020072 0.302378 4
0.401409 0.252320 -0.398991 3
-0.035733 -0.311855 0.205490 2
0.146467 -0.836775 -0.018966 0
-0.289250 -0.017486 0.161685 4
-0.268779 -0.022964 -0.012997 4
-0.410259 -0.035059 0.334140 4
-0.129985 -0.304746 0.320637 2
0.637307 0.359960 -0.141528 3
-0.458484 0.044264 0.019969 4
0.044525 -0.161961 -0.282622 1
0.893982 0.348457 -0.153578 3
-0.053744 -0.262518 -0.124744 1
0.105788 -0.306852 0.377997 2
0.164475 -0.182709 -0.012539 0
0.562327 0.325752 -0.240728 3
0.075618 -0.312581 0.231368 2
0.023033 -0.646744 -0.021706 0
-0.550222 -0.047961 0.343599 4
0.250460 0.008966 -0.029273 3
-0.703752 0.093902 0.114545 4
0.251782 0.202962 -0.192628 3
-0.041067 -0.298883 0.421580 2
-0.501160 0.046016 0.162368 4
-0.871189 0.116925 0.201953 4
0.042827 -0.451841 0.058682 0
0.061694 -0.308023 -0.119156 1
0.571397 0.273479 -0.042173 3
0.720339 0.477514 -0.254092 3
-0.127092 -0.137772 -0.294526 1
-0.396171 0.019661 0.220573 4
0.694111 0.402378 -0.352890 3
0.671332 0.274638 -0.437738 3
-0.338256 -0.055307 0.054668 4
0.634405 0.237226 0.029244 3
-0.001376 -0.351350 0.040175 0
0.442530 0.196303 0.028720 3
-0.719400 0.017859 0.259242 4
0.474772 0.249845 -0.053338 3
0.128823 -0.587067 -0.012401 0
-0.070515 -0.291889 -0.032864 1
0.768156 0.300491 -0.073336 3
-0.663306 0.018956 -0.058181 4
0.426362 0.238778 -0.135681 3
0.339390 0.121813 -0.088526 3
-0.574703 0.005970 -0.120611 4
0.838242 0.405174 -0.202127 3
-0.649082 0.069018 0.028745 4
0.153793 -0.198400 -0.101324 0
-0.401798 0.026269 -0.121100 4
-0.113579 -0.330782 0.128760 2
0.591296 0.184970 0.103257 3
-0.154790 -0.207781 -0.152712 1
0.486771 0.170075 0.116886 3
0.021144 -0.276411 -0.031615 0
-0.822250 0.032145 0.014151 4
0.083680 -0.349061 0.014515 0
0.695376 0.416400 -0.182105 3
0.530531 0.288984 -0.368926 3
-0.012989 -0.230321 -0.195586 1
0.382656 0.270483 -0.278090 3
-0.597488 -0.007915 0.283086 4
-0.821274 0.062759 0.261197 4
0.445527 0.284374 -0.205627 3
-0.175581 -0.169892 -0.226375 1
-0.042913 -0.150860 -0.271286 1
0.241076 -0.130980 -0.037267 0
-0.125776 -0.092670 -0.366362 1
-0.484031 0.043413 -0.069369 4
0.081932 -0.782160 0.001216 0
-0.370444 0.018263 0.029587 4
0.317876 0.173607 -0.150720 3
0.210324 -0.010771 -0.102677 0
0.026473 -0.468441 -0.043471 0
-0.929213 0.091449 0.102788 4
0.291723 0.051264 -0.088583 3
-0.543934 0.053724 0.039001 4
0.186670 -0.127260 0.053422 5
-0.031138 -0.342832 0.131269 2
0.370700 0.148942 0.014348 3
0.292860 0.240138 -0.250207 3
-0.101254 -0.216964 0.028605 0
-0.231581 -0.225478 -0.092222 1
0.090002 -0.824597 -0.073015 0
0.706320 0.344188 -0.104200 3
-0.733260 0.000098 -0.088725 4
0.766737 0.446885 -0.194549 3
-0.940248 0.081938 0.214945 4
-0.554025 0.058197 0.221267 4
-0.774006 0.088787 0.078565 4
-0.101818 -0.306440 0.249614 2
0.075215 -0.302993 0.306673 2
0.111917 -0.195461 0.040492 5
-0.690526 0.069307 0.190711 4
-0.189535 -0.312209 0.274195 2
0.827313 0.320326 -0.132659 3
-0.486742 0.036292 0.088978 4
-0.891627 0.030810 0.046981 4
0.044885 -0.302609 0.426457 2
-0.809801 0.112286 0.146297 4
0.705862 0.212003 0.039316 3
0.594194 0.278744 -0.427146 3
0.150208 -0.318147 0.230110 2
0.065003 -0.700143 0.010052 0
-0.262277 -0.160592 -0.228317 1
-0.200744 -0.144396 0.037426 0
0.103900 -0.248843 -0.015270 0
0.606635 0.323012 -0.081760 3
0.734313 0.520467 -0.312807 3
0.677168 0.335831 -0.397175 3
-0.786694 -0.008460 -0.038125 4
0.003613 -0.304419 0.485393 2
0.605831 0.341849 -0.294775 3
-0.483680 -0.025712 0.332700 4
0.117068 -0.346911 0.112586 2
0.034069 -0.409762 -0.005298 0
0.745735 0.416310 -0.419923 3
-0.619390 0.061373 0.162524 4
0.474383 0.262403 -0.399942 3
0.253290 -0.071538 -0.070728 0
0.202378 -0.240262 -0.015199 0
0.812022 0.240320 -0.037478 3
-0.102261 -0.302273 0.383663 2
0.144750 -0.893507 -0.057871 0
0.023548 -0.285537 -0.171795 1
-0.932885 0.150755 0.217905 4
0.576203 0.330764 -0.149503 3
-0.368865 -0.000553 0.279405 4
0.607143 0.371153 -0.209281 3
0.062901 -0.627223 0.029555 0
0.116371 -0.520740 -0.008608 0
-0.198952 -0.104826 -0.343829 1
0.681978 0.444596 -0.298462 3
-0.117705 -0.313924 0.499986 2
-0.321958 0.005891 0.216917 4
0.736251 0.254998 -0.029761 3
0.081475 -0.623705 -0.043216 0
0.126961 -0.309203 0.440823 2
-0.059755 -0.347146 0.070948 0
-0.877571 0.117382 0.134360 4
-0.002942 -0.305786 -0.107223 1
0.202112 -0.110492 0.114729 5
-0.898637 0.112761 0.261091 4
-0.337831 -0.023058 0.111434 4
-0.426926 0.001987 0.058727 4
0.376152 0.189099 -0.125874 3
-0.654760 0.023193 0.282397 4
0.470402 0.132505 0.167339 3
-0.412926 0.036359 -0.031913 4
0.324829 0.130927 0.056376 3
0.166221 -0.309990 0.355577 2
-0.734741 -0.033166 0.299343 4
0.100944 -0.326844 0.173941 2
-0.171802 -0.309629 0.375195 2
0.511025 0.304964 -0.196952 3
-0.455893 0.041550 0.212134 4
0.029609 -0.211301 -0.239611 1
0.532756 0.308567 -0.294921 3
0.410938 0.274376 -0.339735 3
-0.125846 -0.289282 0.080048 0
-0.111877 -0.243156 -0.107175 1
0.013879 -0.309898 0.246412 2
-0.858036 -0.006885 0.271327 4
0.034929 -0.330881 0.187052 2
0.092586 -0.321426 -0.041206 0
-0.833323 -0.050560 -0.039627 4
-0.014515 -0.291596 0.026861 0
0.651965 0.358900 -0.337349 3
-0.277016 -0.049555 0.109448 4
0.103221 -0.226196 0.093993 5
-0.264713 -0.148828 0.058449 4
-0.438556 0.002552 0.294000 4
0.106663 -0.188435 -0.033435 0
0.774446 0.521309 -0.265923 3
-0.264480 -0.054058 0.040200 4
-0.102346 -0.315070 0.186958 2
0.627744 0.154945 0.142012 3
0.343116 0.272021 -0.368927 3
-0.152994 -0.174870 0.014903 0
-0.058923 -0.300334 0.305357 2
0.132358 -0.779846 -0.034885 0
-0.292995 0.027503 -0.036409 4
-0.780235 0.018450 0.255773 4
-0.648008 0.069147 0.089270 4
-0.612576 -0.043757 0.329326 4
0.649682 0.199624 0.073993 3
0.000184 -0.133698 -0.312215 1
-0.517997 0.037024 -0.015224 4
0.235611 0.048020 -0.108985 3
-0.557502 0.067159 0.162491 4
-0.132335 -0.258158 -0.001113 1
0.191782 -0.161572 -0.060803 0
0.042170 -0.301392 0.367193 2
-0.825228 0.075114 0.203701 4
0.030437 -0.331605 -0.013228 0
-0.703155 0.078158 0.058054 4
0.529574 0.243790 -0.013865 3
-0.310672 -0.011723 0.027100 4
-0.606963 0.021826 -0.073057 4
0.034916 -0.587436 -0.031906 0
0.021327 -0.407979 0.097436 2
-0.073843 -0.221326 -0.164997 1
-0.430024 0.033289 0.158683 4
-0.252095 -0.063878 0.159001 4
-0.543043 -0.002003 0.299650 4
0.518883 0.280202 -0.073323 3
-0.353573 -0.000681 0.161569 4
0.748552 0.181154 0.061316 3
-0.722215 -0.050121 -0.113338 4
0.057527 -0.483650 0.009548 0
-0.223399 -0.090974 0.027027 0
-0.984023 0.116072 0.112272 4
0.839311 0.371650 -0.152386 3
0.131052 -0.308922 0.310034 2
-0.752032 0.088320 0.142768 4
0.637119 0.270192 -0.018884 3
-0.000678 -0.307339 0.541311 2
0.474487 0.268073 -0.118492 3
-0.044846 -0.297148 0.358937 2
0.138810 -0.231203 -0.059282 0
-0.030697 -0.186205 -0.223601 1
0.254772 0.159864 -0.158303 3
0.485893 0.197099 0.068787 3
0.289907 0.050484 -0.024614 3
0.399845 0.166228 0.057807 3
0.590999 0.215230 0.057429 3
0.694494 0.370121 -0.150995 3
-0.085793 -0.306697 0.452244 2
-0.546459 0.043351 0.103368 4
0.076580 -0.749711 -0.065012 0
0.094030 -0.877793 -0.044720 0
0.201212 -0.089555 -0.036887 0
-0.926090 -0.007295 0.030143 4
0.441660 0.214432 -0.029486 3
0.396072 0.257353 -0.224195 3
-0.180338 -0.144060 -0.273538 1
0.499995 0.302882 -0.252534 3
-0.752194 0.064344 0.245421 4
-0.340375 -0.022269 0.319442 4
-0.042734 -0.318494 -0.073470 1
-0.072662 -0.129159 -0.310316 1
-0.884117 0.062502 0.227315 4
0.690065 0.243295 -0.000906 3
0.762434 0.325555 -0.119968 3
-0.340544 0.005013 -0.013660 4
0.016806 -0.420383 -0.064128 1
0.267027 0.004505 -0.091449 3
0.363050 0.144251 -0.037654 3
0.546652 0.163869 0.131200 3
0.559401 0.304522 -0.096482 3
0.235199 -0.126309 0.033252 5
-0.914378 0.111403 0.172890 4
0.717974 0.464145 -0.344063 3
-0.452049 0.022579 -0.107512 4
0.032727 -0.348520 -0.088865 1
-0.588475 0.060662 0.010024 4
-0.275800 -0.010366 0.234819 4
-0.663496 0.089609 0.147319 4
-0.690822 0.062261 0.242293 4
-0.100048 -0.160682 -0.252343 1
-0.527159 0.023043 -0.090032 4
0.573453 0.243792 0.013834 3
0.305485 0.124760 -0.128632 3
-0.015885 -0.369110 0.087826 0
0.075533 -0.289310 0.000469 0
0.796482 0.412305 -0.169968 3
-0.370464 -0.013076 0.072521 4
-0.176633 -0.229612 -0.107083 1
0.348698 0.262192 -0.318464 3
0.489495 0.223158 0.011080 3
-0.778379 0.054576 0.034686 4
0.465967 0.276367 -0.351233 3
0.689495 0.427912 -0.241654 3
-0.604528 -0.024223 -0.149214 4
-0.688587 0.045638 -0.012229 4
0.717798 0.380204 -0.392221 3
0.072711 -0.583579 0.005219 0
-0.060451 -0.258369 0.016084 0
0.880758 0.400481 -0.174566 3
0.073552 -0.282412 -0.163096 1
0.034424 -0.402959 0.044956 0
-0.838821 -0.006299 -0.014349 4
0.149774 -0.157937 0.029108 5
0.187349 -0.215893 -0.067743 0
0.544071 0.195589 0.088542 3
0.315894 0.086992 -0.060500 3
0.203357 -0.170181 0.033195 5
0.097933 -0.662899 -0.016354 0
0.769431 0.477795 -0.241383 3
-0.185870 -0.301761 0.323028 2
0.442087 0.238155 -0.429390 3
0.298436 0.220707 -0.194760 3
0.339996 0.255847 -0.255298 3
0.364522 0.123349 0.085556 3
0.145084 -0.800017 0.014596 0
0.869983 0.319424 -0.107207 3
-0.556618 0.030928 0.262696 4
0.063965 -0.500821 -0.040426 0
0.650325 0.388115 -0.191830 3
-0.084822 -0.268134 -0.074074 1
0.546284 0.274082 -0.413192 3
-0.634803 0.052051 -0.015094 4
0.653612 0.335168 -0.089274 3
0.071439 -0.549843 -0.045752 0
0.189973 -0.327269 0.201016 2
0.562899 0.313302 -0.341327 3
0.100700 -0.308993 -0.089586 0
0.032734 -0.377231 -0.047552 0
0.399385 0.243912 -0.176126 3
-0.395551 0.049206 -0.078398 4
0.077231 -0.486471 0.057460 0
0.633771 0.303168 -0.412452 3
0.709619 0.312127 -0.432719 3
0.092599 -0.374973 -0.030043 0
0.826264 0.296918 -0.090131 3
-0.662328 -0.001252 -0.102300 4
-0.720362 0.016948 -0.045092 4
0.151135 -0.258734 -0.013394 0
-0.005502 -0.297081 0.386907 2
-0.190158 -0.194439 -0.187504 1
0.444900 0.175605 0.093653 3
0.415031 0.180434 -0.007512 3
-0.202035 -0.209600 -0.142507 1
0.069487 -0.404265 0.106526 2
-0.136119 -0.193248 -0.194326 1
-0.203493 -0.130937 0.083084 0
0.000858 -0.168482 -0.264566 1
0.430420 0.220354 -0.077771 3
-0.823694 0.020849 0.288548 4
0.129422 -0.850275 -0.078629 0
0.723217 0.297681 -0.058935 3
0.336077 0.035099 -0.090011 3
-0.510850 0.044235 0.234173 4
-0.043495 -0.299221 0.471415 2
0.470965 0.284481 -0.166315 3
0.740156 0.405630 -0.165042 3
0.826998 0.447154 -0.219445 3
-0.928172 0.049824 0.069076 4
-0.057687 -0.322535 0.163823 2
0.063702 -0.687788 -0.035801 0
0.118646 -0.307096 0.265280 2
-0.204485 -0.244284 -0.042270 1
0.072769 -0.208977 0.061445 5
-0.585856 0.067861 0.055799 4
-0.864414 0.046018 0.274219 4
0.158421 -0.127125 0.090090 5
-0.980815 0.076814 0.087968 4
0.572520 0.333200 -0.196220 3
-0.781492 0.026113 -0.006838 4
-0.755753 0.011355 0.294263 4
-0.044593 -0.306809 0.250485 2
0.575337 0.293598 -0.383241 3
0.426968 0.274004 -0.266193 3
-0.441601 0.020265 0.098316 4
0.721452 0.445402 -0.206293 3
-0.528690 0.005875 -0.137513 4
-0.148120 -0.116053 -0.328952 1
-0.012652 -0.272221 -0.147215 1
-0.604580 0.023003 0.250375 4
-0.413118 0.033345 0.013437 4
-0.842371 0.053679 0.049409 4
-0.594441 0.053403 0.201153 4
0.370893 0.163320 -0.088904 3
0.721494 0.474375 -0.299344 3
-0.008835 -0.330816 0.168884 2
-0.146228 -0.320093 0.158358 2
0.663769 0.404531 -0.309282 3
-0.293252 -0.083633 0.058323 4
0.242579 -0.031248 -0.053635 0
-0.499075 0.050106 0.040641 4
-0.644297 -0.013525 0.306240 4
-0.693477 -0.011392 0.308140 4
0.191442 -0.154051 0.117294 5
0.083918 -0.393975 0.013974 0
-0.810702 0.101039 0.102820 4
0.088023 -0.790994 -0.043313 0
-0.454968 0.051951 -0.033820 4
-0.224376 -0.152263 -0.250845 1
0.366520 0.210482 -0.164194 3
0.724486 0.430240 -0.372569 3
0.223481 -0.114343 -0.078054 0
0.028464 -0.248025 -0.195369 1
0.500643 0.298547 -0.324153 3
-0.720683 0.098608 0.176147 4
-0.144663 -0.309411 0.261162 2
-0.090175 -0.298026 0.339132 2
-0.442991 0.019460 0.248405 4
-0.117691 -0.261534 -0.045128 1
-0.644925 0.080614 0.193149 4
0.440712 0.155064 0.132610 3
0.754718 0.459320 -0.414986 3
-0.037306 -0.328915 -0.031327 1
0.071340 -0.451815 -0.017015 0
-0.470965 0.038447 0.131777 4
0.038365 -0.310926 0.522210 2
0.631120 0.278928 -0.453648 3
0.339061 0.153274 -0.118743 3
0.483006 0.244655 -0.442331 3
-0.851082 0.093863 0.171169 4
0.613969 0.362047 -0.251091 3
-0.794379 0.054431 0.225893 4
0.154246 -0.190547 -0.056254 0
0.045471 -0.367346 0.006098 0
0.147843 -0.816963 -0.057261 0
-0.087654 -0.323227 0.093380 0
0.051772 -0.317596 0.022539 0
0.648307 0.168962 0.104395 3
0.116556 -0.289639 -0.020102 0
0.636929 0.371405 -0.296443 3
-0.073231 -0.230349 0.058089 0
0.193682 -0.318557 0.251452 2
-0.943594 0.125733 0.134052 4
0.069143 -0.203375 -0.253568 1
0.128597 -0.215477 -0.006074 5
0.150763 -0.308025 0.395097 2
-0.861458 0.014624 0.014852 4
-0.437827 0.042740 -0.072962 4
-0.352106 0.039465 -0.083347 4
0.044391 -0.307812 0.275792 2
-0.001239 -0.297673 0.436029 2
-0.948039 0.010102 0.065122 4
0.617732 0.297614 -0.044694 3
-0.113069 -0.220585 -0.149179 1
0.812351 0.256284 -0.078893 3
0.087070 -0.309591 0.427529 2
0.795560 0.353576 -0.123471 3
0.256946 0.228336 -0.232008 3
0.280961 0.247973 -0.289511 3
0.735225 0.355653 -0.131983 3
-0.122520 -0.193498 0.055563 0
-0.311123 -0.046014 0.084749 4
0.210812 -0.100906 0.074613 5
0.869515 0.431867 -0.207241 3
0.778741 0.263920 -0.044393 3
-0.457360 0.030252 0.058855 4
-0.264694 -0.011353 0.195026 4
0.607066 0.332209 -0.122011 3
-0.736281 0.066686 0.201953 4
-0.617302 0.000362 -0.118705 4
0.146647 -0.324751 0.187410 2
0.605612 0.360202 -0.167657 3
-0.407598 0.006501 0.264615 4
0.736446 0.226417 0.013498 3
0.115174 -0.275441 -0.071035 0
-0.102567 -0.120777 -0.337044 1
0.339364 0.121999 0.014857 3
-0.577027 -0.037128 0.310596 4
0.300666 0.091492 -0.097917 3
0.776459 0.200618 0.039092 3
-0.218805 -0.178089 -0.211201 1
0.571894 0.320567 -0.288888 3
-0.170395 -0.246505 -0.020149 1
-0.735170 0.093537 0.088673 4
0.266180 -0.035574 -0.088996 3
0.086079 -0.342282 0.139995 2
0.052593 -0.305282 -0.033860 0
0.099489 -0.733419 -0.008608 0
0.796757 0.472290 -0.211856 3
0.130820 -0.169769 0.070663 5
-0.379344 0.023529 -0.008816 4
-0.070364 -0.337299 0.127818 2
0.707393 0.180850 0.069699 3
-0.889256 0.084531 0.093731 4
-0.077006 -0.309758 0.038998 0
-0.623466 0.086124 0.063338 4
-0.147639 -0.156037 -0.254997 1
0.204416 -0.196802 -0.037842 0
0.601799 0.253770 -0.013479 3
-0.101604 -0.303733 0.293466 2
-0.173962 -0.155157 0.073930 0
0.543429 0.314398 -0.163623 3
-0.359391 0.014688 0.233343 4
-0.529965 0.034107 -0.052524 4
0.223502 -0.051873 -0.086731 0
0.093540 -0.622088 -0.006043 0
-0.624260 0.079503 0.128318 4
0.499640 0.149428 0.147892 3
-0.849918 0.047091 0.237837 4
0.133611 -0.332686 0.147677 2
0.119071 -0.892062 -0.087107 0
0.089321 -0.232538 0.028758 5
-0.850668 0.093544 0.226657 4
-0.044368 -0.304321 0.005402 0
0.083906 -0.512085 0.011909 0
-0.913502 0.080458 0.245243 4
0.458076 0.241257 -0.095161 3
-0.695958 -0.019347 -0.095992 4
0.327219 0.201914 -0.177126 3
0.076189 -0.300193 0.348969 2
0.676002 0.360884 -0.367489 3
0.044402 -0.310610 0.469749 2
-0.118056 -0.308669 0.427065 2
-0.753252 -0.039772 -0.083378 4
-0.513520 0.040512 0.123001 4
-0.532289 0.050424 0.186182 4
-0.099671 -0.270265 0.015077 0
-0.898378 0.089829 0.200964 4
-0.528221 0.062275 0.072876 4
0.646737 0.335581 -0.369741 3
-0.546079 0.058604 0.001121 4
-0.017033 -0.401334 -0.060238 1
0.129501 -0.868525 -0.033300 0
-0.916526 0.115215 0.227421 4
0.797245 0.424391 -0.206144 3
0.130960 -0.681029 -0.022339 0
-0.238570 -0.212388 -0.131891 1
-0.811478 0.106748 0.187425 4
0.405812 0.203599 -0.101591 3
0.265048 0.076689 -0.116728 3
0.411337 0.279051 -0.301657 3
-0.044336 -0.245349 -0.165864 1
0.099576 -0.315286 0.466428 2
0.773535 0.225782 -0.030703 3
0.859840 0.329593 -0.149827 3
0.748097 0.497501 -0.279024 3
-0.084475 -0.242309 -0.133636 1
-0.661689 0.038552 0.237948 4
-0.193249 -0.127870 -0.314453 1
0.465301 0.291093 -0.243446 3
-0.737277 0.068144 0.045396 4
0.590604 0.156271 0.135905 3
0.304156 0.007264 -0.085797 3
-0.009368 -0.305876 0.275752 2
-0.384239 0.015330 0.176418 4
0.696844 0.267348 -0.029056 3
0.663907 0.218256 0.042833 3
-0.472102 -0.013974 0.298905 4
-0.392857 -0.013863 0.308520 4
0.687517 0.322524 -0.073934 3
0.054150 -0.439419 0.013905 0
0.381595 0.261570 -0.368589 3
-0.086848 -0.102000 -0.365280 1
0.437691 0.262274 -0.162445 3
-0.069653 -0.308030 0.220705 2
0.072725 -0.244498 0.082778 5
-0.448976 -0.031708 0.344769 4
0.203792 -0.125870 -0.044577 0
0.185499 -0.137847 0.017785 5
0.739509 0.326305 -0.090799 3
-0.662155 0.087225 0.058271 4
0.794517 0.312149 -0.101678 3
-0.776398 0.108783 0.161927 4
-0.247607 -0.112781 0.044620 4
0.014048 -0.350891 0.147808 2
-0.293691 0.003068 -0.004587 4
-0.574208 0.029822 -0.088260 4
0.059313 -0.640674 -0.017883 0
0.174509 -0.203900 0.016015 5
0.325341 0.242495 -0.224122 3
-0.051359 -0.283189 -0.094336 1
-0.807980 0.077057 0.070467 4
-0.323346 0.035516 -0.055669 4
-0.246653 -0.034375 0.014771 4
-0.956801 0.113476 0.187380 4
0.028802 -0.318171 -0.131639 1
0.584396 0.302571 -0.061093 3
-0.135442 -0.174997 -0.226012 1
0.071755 -0.302646 0.395139 2
0.163872 -0.229369 -0.030804 0
0.560190 0.253674 -0.447283 3
-0.053711 -0.215181 -0.194625 1
0.105599 -0.757322 -0.044424 0
-0.140853 -0.226128 -0.120739 1
0.325741 0.108080 -0.032753 3
-0.529058 -0.024780 0.324081 4
0.694485 0.430651 -0.330289 3
-0.573309 0.054444 0.132519 4
0.532795 0.262199 -0.044854 3
0.752311 0.508836 -0.341833 3
-0.485987 0.048598 -0.003304 4
-0.336643 0.006379 0.264846 4
-0.749454 0.022483 -0.022810 4
-0.692580 0.017819 0.287152 4
-0.487474 0.027010 -0.101136 4
-0.134397 -0.310702 0.468424 2
-0.323506 0.000136 0.181603 4
-0.781189 -0.035999 -0.060337 4
-0.691599 0.073430 0.024509 4
-0.467117 0.040383 0.171457 4
0.833667 0.231490 -0.064644 3
-0.705413 0.079836 0.147245 4
-0.750117 -0.009050 -0.058728 4
0.281524 0.182315 -0.165168 3
-0.262501 -0.029241 0.141513 4
-0.583196 -0.063112 0.333971 4
-0.174222 -0.174197 0.043997 0
0.663823 0.412973 -0.213218 3
0.799904 0.375544 -0.168307 3
-0.296421 -0.041822 0.052759 4
-0.026168 -0.332705 0.057314 0
-0.069227 -0.302905 0.495460 2
-0.341004 -0.016437 0.053215 4
-0.631235 0.034067 -0.045324 4
-0.058007 -0.170648 -0.239789 1
0.611295 0.337639 -0.329382 3
-0.024140 -0.309024 0.515093 2
-0.115946 -0.227405 0.062280 0
-0.557449 -0.012510 -0.145985 4
0.167689 -0.153150 0.068358 5
0.011501 -0.324560 0.021497 0
-0.131612 -0.246124 -0.078295 1
0.357527 0.134749 0.043600 3
0.032007 -0.302586 0.308315 2
-0.142025 -0.308935 0.393511 2
-0.729451 0.043367 0.229223 4
0.663155 0.346169 -0.122549 3
0.866489 0.358617 -0.172507 3
0.270757 0.017143 -0.059152 3
-0.827164 0.025643 0.253252 4
0.130889 -0.309011 0.353902 2
-0.423884 0.033933 0.200677 4
-0.530940 0.007561 0.263452 4
-0.560722 0.074751 0.081978 4
0.118578 -0.315792 0.216010 2
0.708702 0.341107 -0.413681 3
0.514316 0.262272 -0.419530 3
0.181826 -0.327816 0.330281 2
0.283761 0.151389 -0.141332 3
-0.034341 -0.133454 -0.309613 1
-0.821265 -0.011934 0.277684 4
-0.147272 -0.306049 0.351027 2
-0.481732 0.021028 0.234164 4
0.313441 0.255899 -0.280674 3
0.800552 0.215937 -0.011497 3
-0.161566 -0.098090 -0.355182 1
-0.000847 -0.321010 0.200999 2
0.230668 -0.089956 0.100622 5
-0.499601 0.038849 0.202011 4
0.441200 0.265436 -0.372610 3
-0.674024 0.091228 0.093608 4
-0.796436 0.091608 0.219520 4
-0.983234 0.109329 0.145937 4
-0.177183 -0.314845 0.234615 2
-0.278545 -0.026150 0.024256 4
-0.304110 -0.023703 0.131433 4
0.486465 0.240115 -0.018513 3
-0.100959 -0.205656 -0.183250 1
-0.009503 -0.333728 -0.088645 1
0.389447 0.164499 -0.029775 3
0.116411 -0.804859 -0.064103 0
-0.792617 0.078343 0.188136 4
0.182772 -0.029377 -0.095216 0
-0.246246 -0.078330 0.110754 4
0.077194 -0.727005 -0.039747 0
0.624788 0.215181 0.054247 3
0.017969 -0.378100 0.117787 2
0.082748 -0.650474 0.011183 0
0.148525 -0.311495 0.280471 2
0.131552 -0.316521 -0.043384 0
0.534115 0.315593 -0.225229 3
0.413082 0.179232 0.026160 3
-0.399502 0.019371 0.046685 4
0.061290 -0.338052 0.162233 2
0.711795 0.305919 -0.090083 3
0.720606 0.394262 -0.189724 3
0.769870 0.409651 -0.190072 3
0.102985 -0.551341 -0.007736 0
-0.162949 -0.310551 0.294355 2
-0.621969 0.014724 0.284903 4
0.004187 -0.189942 -0.236387 1
0.739320 0.467723 -0.223459 3
0.588997 0.348197 -0.225269 3
-0.660011 0.034742 -0.028501 4
-0.842797 0.115104 0.142634 4
-0.719255 0.075069 0.229572 4
-0.896011 0.058009 0.071789 4
-0.942877 0.149782 0.171561 4
-0.367184 -0.001499 0.118208 4
-0.088295 -0.143880 -0.278558 1
0.381049 0.154899 0.082992 3
0.635093 0.390445 -0.225846 3
-0.574323 0.033280 0.234649 4
0.798339 0.286588 -0.073638 3
-0.779782 0.107367 0.128920 4
0.044289 -0.527421 -0.037570 0
-0.691909 0.009939 -0.072429 4
0.090891 -0.657386 -0.048321 0
0.218245 -0.081142 -0.064060 0
0.134147 -0.214686 0.091420 5
-0.325868 0.033561 -0.021299 4
0.501877 0.296953 -0.166296 3
0.864210 0.287485 -0.112988 3
-0.713669 -0.050324 0.317876 4
-0.885458 0.094964 0.236024 4
0.225816 -0.097190 0.045607 5
-0.855708 0.104765 0.113329 4
0.505292 0.274714 -0.384295 3
0.058250 -0.428863 0.076296 0
0.509346 0.276675 -0.104508 3
-0.722634 0.002047 0.301434 4
-0.190004 -0.235831 -0.073830 1
0.387681 0.222450 -0.142254 3
0.029666 -0.185556 -0.265454 1
0.110005 -0.335869 -0.017562 0
0.121496 -0.834120 -0.048212 0
0.074849 -0.372046 0.108087 2
-0.816186 0.011235 -0.030125 4
0.120865 -0.309718 0.408091 2
-0.533554 0.049532 0.149037 4
0.659562 0.249393 0.008951 3
0.076950 -0.405286 -0.015803 0
-0.636914 0.011303 -0.080490 4
0.694354 0.457152 -0.271056 3
-0.765369 -0.023521 0.304890 4
-0.861347 -0.032926 -0.030061 4
-0.380663 0.040118 -0.045184 4
0.724292 0.372689 -0.165611 3
0.811565 0.346509 -0.150863 3
-0.363892 0.010732 0.201421 4
0.650382 0.313089 -0.059982 3
-0.400063 -0.000786 0.077431 4
0.518516 0.206035 0.064783 3
-0.654748 0.055393 0.210966 4
-0.672501 -0.011484 0.283444 4
-0.747451 0.035569 0.274466 4
0.423356 0.262202 -0.191418 3
0.378398 0.271111 -0.327587 3
0.487315 0.266192 -0.078239 3
-0.164453 -0.133037 -0.299383 1
0.751680 0.182769 0.028648 3
0.129752 -0.807966 -0.012660 0
-0.511656 0.001045 0.293048 4
0.043772 -0.315229 0.235451 2
0.739005 0.422010 -0.192743 3
-0.337953 0.005197 0.024722 4
-0.071204 -0.301954 0.410703 2
-0.222591 -0.105602 -0.322026 1
0.443346 0.281716 -0.313991 3
0.529487 0.302242 -0.339650 3
0.013309 -0.299786 0.353238 2
-0.132299 -0.315407 0.216751 2
-0.603319 0.048197 -0.019580 4
-0.815791 -0.024114 -0.035275 4
0.605763 0.301027 -0.397079 3
0.563042 0.326115 -0.119825 3
-0.690343 -0.052027 -0.115104 4
-0.431383 -0.015948 0.319721 4
0.752271 0.270721 -0.060897 3
-0.026296 -0.327007 0.541369 2
-0.915744 0.107798 0.126633 4
-0.040666 -0.302609 0.041403 0
-0.879800 0.126045 0.172671 4
-0.035568 -0.296879 0.328468 2
-0.910507 0.132124 0.196763 4
0.498738 0.288538 -0.354317 3
0.825102 0.432258 -0.191406 3
-0.617886 0.075177 0.029326 4
-0.044284 -0.350292 0.098531 2
0.129732 -0.255398 -0.040788 0
-0.095352 -0.314936 0.522533 2
0.692321 0.433641 -0.210446 3
-0.646053 -0.041212 0.323919 4
-0.898260 -0.017255 0.017612 4
0.010367 -0.215536 -0.214920 1
0.663929 0.367081 -0.158311 3
0.574258 0.203710 0.084266 3
0.019208 -0.301526 0.408207 2
0.663092 0.156306 0.129153 3
-0.000098 -0.376620 0.058895 0
0.521768 0.233163 0.014711 3
0.501325 0.214264 0.039766 3
-0.717303 0.034079 -0.018965 4
0.560667 0.255177 -0.019046 3
0.058674 -0.321667 0.205387 2
-0.337625 -0.032582 0.026530 4
0.082694 -0.705096 -0.017823 0
-0.782676 -0.006556 0.278515 4
-0.775294 0.047944 0.265144 4
0.006666 -0.311194 -0.013875 0
0.663908 0.415141 -0.279841 3
0.619543 0.198597 0.082257 3
0.739719 0.461158 -0.383031 3
0.235804 0.007183 -0.100430 3
-0.066934 -0.310745 0.073655 0
0.296452 0.062554 -0.059884 3
0.137092 -0.190042 0.009827 5
-0.955946 0.063078 0.074007 4
0.678605 0.189835 0.080144 3
0.588435 0.339374 -0.269079 3
-0.630563 0.043194 0.260831 4
-0.433088 0.011758 -0.129660 4
0.723916 0.156070 0.060760 3
0.019713 -0.416036 -0.033484 0
0.076514 -0.261923 0.015140 5
-0.379948 0.007057 0.146775 4
-0.677693 0.041448 0.264407 4
0.103093 -0.201323 0.069669 5
-0.885359 0.073679 0.258575 4
0.517345 0.170631 0.121657 3
0.454909 0.210444 -0.001803 3
-0.807743 0.059439 0.043083 4
0.046363 -0.294057 -0.152743 1
0.504255 0.307748 -0.283002 3
-0.589206 0.021425 0.278136 4
0.073577 -0.308257 0.265741 2
0.444148 0.257019 -0.402920 3
0.351263 0.183084 -0.143028 3
0.504959 0.130989 0.171976 3
0.069980 -0.524033 -0.020142 0
-0.586342 0.072906 0.171343 4
0.264590 0.036426 -0.034832 3
0.722337 0.490649 -0.329194 3
-0.072231 -0.117111 -0.339903 1
0.103053 -0.303445 0.293851 2
-0.087226 -0.242305 0.014418 0
-0.517852 0.053827 0.016768 4
-0.676358 0.079349 0.215858 4
0.037121 -0.454801 -0.006262 0
-0.218333 -0.114871 0.053081 0
-0.664412 0.054757 0.006511 4
-0.968579 0.009443 0.042546 4
0.056362 -0.232273 -0.227318 1
0.054176 -0.395207 -0.033399 0
0.074927 -0.584539 -0.025178 0
-0.541210 0.051259 -0.029964 4
0.237301 -0.024700 -0.087574 3
-0.512662 0.036225 0.069941 4
0.262749 0.044274 -0.095626 3
-0.027288 -0.175015 -0.254928 1
0.061858 -0.275389 -0.195564 1
-0.686773 0.024236 -0.038391 4
0.023664 -0.381831 0.021544 0
0.428056 0.273013 -0.235834 3
-0.265401 -0.071524 0.088186 4
-0.153998 -0.201714 0.046870 0
0.045368 -0.480508 -0.022984 0
-0.133185 -0.306745 0.289974 2
0.753537 0.387031 -0.419647 3
0.181659 -0.115675 -0.075270 0
0.427695 0.226665 -0.107958 3
-0.250455 -0.153810 -0.266150 1
-0.169444 -0.310490 0.406087 2
-0.247039 -0.182224 -0.201323 1
-0.734999 0.098032 0.118528 4
0.722070 0.186342 0.043923 3
-0.614611 0.061436 0.099456 4
-0.308059 0.007648 0.251572 4
0.798357 0.503738 -0.260596 3
0.045617 -0.556644 -0.028381 0
0.325069 0.069595 -0.083256 3
0.102719 -0.303335 0.335161 2
0.769938 0.400648 -0.161386 3
0.472558 0.296736 -0.210077 3
-0.603458 -0.020363 0.312836 4
-0.263259 -0.082550 0.058262 4
0.004774 -0.258447 -0.180183 1
0.175779 -0.167546 -0.036145 0
-0.907361 0.046978 0.238481 4
-0.326672 -0.004830 0.299302 4
0.411259 0.266067 -0.371980 3
-0.680217 0.091266 0.173141 4
0.416367 0.168817 0.087622 3
-0.015091 -0.317997 0.009498 0
0.211399 -0.074703 -0.101763 0
-0.807066 -0.050888 -0.059216 4
0.662816 0.303320 -0.419445 3
-0.749215 0.082086 0.171838 4
0.677530 0.384979 -0.177942 3
0.532605 0.314414 -0.265717 3
-0.012261 -0.310202 0.232172 2
-0.793983 0.019378 0.289194 4
0.358345 0.267535 -0.394075 3
-0.468962 0.004324 0.275684 4
0.336613 0.114935 -0.059554 3
-0.881925 0.033134 0.248759 4
-0.573382 0.002049 0.297311 4
-0.105810 -0.273332 -0.013823 1
0.074322 -0.366093 -0.008417 0
0.699328 0.457747 -0.319224 3
0.325345 0.105624 -0.109037 3
-0.379613 -0.008575 0.044666 4
0.305228 0.081870 -0.033308 3
-0.870821 0.079107 0.203144 4
0.530740 0.297018 -0.095397 3
0.042664 -0.619826 -0.030681 0
0.071992 -0.320571 -0.017591 0
0.422721 0.193992 -0.039376 3
0.447711 0.191399 0.057395 3
-0.601818 0.054689 0.239977 4
-0.357046 0.040227 -0.018647 4
-0.031060 -0.302902 0.295520 2
-0.825473 0.095198 0.128086 4
0.499449 0.186915 0.092903 3
-0.260408 -0.032619 0.170676 4
0.470079 0.288478 -0.324241 3
-0.635064 -0.021941 -0.127537 4
0.052804 -0.331715 -0.104170 1
0.354185 0.267849 -0.284824 3
-0.909983 0.127310 0.147773 4
0.447531 0.253884 -0.122130 3
0.013412 -0.154935 -0.296933 1
-0.926350 0.021789 0.049237 4
-0.095021 -0.326391 0.150976 2
-0.766955 0.069169 0.057337 4
-0.059573 -0.302901 0.276212 2
-0.062674 -0.298387 0.382100 2
0.094889 -0.849454 -0.051928 0
0.623807 0.252449 0.005661 3
-0.602143 0.058943 0.131730 4
-0.012599 -0.362434 0.116018 2
0.453581 0.229931 -0.062933 3
0.606120 0.231346 0.025570 3
0.398886 0.269368 -0.253939 3
-0.025899 -0.279866 -0.122443 1
0.045957 -0.302017 0.333858 2
0.322896 0.257446 -0.353905 3
0.700117 0.454992 -0.242451 3
-0.340300 -0.030377 0.083382 4
-0.924991 0.101458 0.199732 4
-0.072913 -0.316533 0.187837 2
0.680502 0.233949 0.024921 3
0.607507 0.258985 -0.443701 3
0.120158 -0.878062 -0.059058 0
0.259673 0.249933 -0.251179 3
-0.207095 -0.138250 -0.283100 1
-0.057547 -0.197095 -0.224447 1
0.384184 0.158675 -0.063576 3
-0.438601 0.023761 0.024798 4
0.006969 -0.389409 -0.071199 1
0.071861 -0.297045 0.028093 5
0.093976 -0.320135 0.201488 2
0.369427 0.256807 -0.235314 3
-0.384754 0.009352 0.247187 4
-0.614926 0.074796 0.187686 4
-0.346184 0.021055 -0.045610 4
-0.439851 0.048394 -0.001643 4
0.564157 0.226788 0.044499 3
0.561290 0.179678 0.112078 3
0.505050 0.310425 -0.224582 3
-0.218567 -0.192475 -0.183302 1
-0.757140 0.030940 0.243986 4
0.710822 0.340811 -0.135444 3
0.130275 -0.545713 -0.000597 0
0.661879 0.282485 -0.028472 3
-0.134498 -0.195881 0.021325 0
-0.324918 -0.011556 0.146974 4
-0.066749 -0.287305 -0.060887 1
0.119875 -0.907630 -0.057008 0
-0.218963 -0.109905 0.094787 0
0.109822 -0.778410 -0.003950 0
-0.148169 -0.173691 0.058056 0
-0.704163 0.056647 0.212422 4
-0.176855 -0.313767 0.347381 2
0.203459 -0.138596 -0.073007 0
0.188490 -0.123397 0.093301 5
-0.780836 0.074299 0.241159 4
-0.820580 0.047336 0.236039 4
0.541193 0.320046 -0.191425 3
-0.717971 0.046222 0.261025 4
-0.599818 0.044289 -0.047541 4
0.177855 -0.174318 0.021388 5
0.103307 -0.734999 -0.061778 0
0.109446 -0.400403 -0.046945 0
0.279411 0.103417 -0.112424 3
0.074503 -0.558093 -0.007075 0
-0.662691 0.068984 0.172762 4
0.105382 -0.217026 0.010089 5
-0.031262 -0.305702 -0.107433 1
0.632496 0.317372 -0.387991 3
-0.763396 0.097260 0.103402 4
0.066326 -0.614668 0.004441 0
-0.353692 0.024134 0.004355 4
0.633361 0.343192 -0.107295 3
-0.425963 0.033303 -0.106615 4
0.028584 -0.314472 0.496013 2
0.051147 -0.279535 0.010663 5
0.698013 0.283944 -0.059015 3
0.635644 0.372297 -0.166771 3
-0.354460 0.065335 -0.071600 4
-0.502076 0.047751 -0.048222 4
0.838694 0.296250 -0.120820 3
-0.434925 0.026559 0.131892 4
0.505458 0.255939 -0.044559 3
-0.119841 -0.300610 0.348968 2
-0.822711 0.088339 0.228741 4
0.056888 -0.479922 0.039335 0
-0.090137 -0.276290 -0.045385 1
-0.648110 0.084893 0.114634 4
-0.615684 0.055971 0.005330 4
-0.157060 -0.240239 -0.088400 1
-0.592794 0.011479 -0.099962 4
0.086186 -0.271139 -0.017968 0
-0.764889 0.048975 0.010810 4
-0.852202 0.070893 0.252384 4
0.223442 -0.152611 -0.038640 0
0.045351 -0.391604 0.112674 2
0.841999 0.403392 -0.174500 3
0.618605 0.166246 0.118164 3
0.075445 -0.675398 -0.005501 0
-0.100403 -0.132119 -0.309168 1
-0.290784 -0.005965 0.203365 4
-0.457757 0.000519 -0.137031 4
-0.016441 -0.207637 -0.212807 1
-0.719860 0.089091 0.204670 4
-0.743853 0.007866 0.268219 4
0.470436 0.157852 0.135908 3
-0.162235 -0.183343 -0.205923 1
0.233546 -0.057271 -0.049494 0
-0.043256 -0.274891 0.042300 0
0.174419 -0.239176 -0.059742 0
0.738926 0.432518 -0.396217 3
-0.573098 0.051279 0.103352 4
0.712783 0.401903 -0.162235 3
-0.032416 -0.297702 0.393694 2
0.686907 0.321160 -0.418635 3
0.070131 -0.455721 0.061810 0
-0.144812 -0.251020 -0.029918 1
0.090850 -0.685126 -0.047566 0
0.681818 0.331692 -0.100634 3
-0.200987 -0.159088 -0.237601 1
-0.836623 0.105102 0.205743 4
0.025635 -0.347316 0.014388 0
-0.488065 0.030668 0.024249 4
0.148186 -0.316652 0.333668 2
0.185835 -0.188591 -0.063598 0
0.737742 0.228748 -0.014011 3
0.278908 0.203952 -0.182160 3
-0.869412 0.064354 0.067862 4
0.295114 0.231407 -0.219994 3
-0.216116 -0.233032 -0.065368 1
0.351024 0.112556 0.058643 3
-0.060758 -0.286283 -0.007678 1
-0.218718 -0.121041 0.026201 0
0.853876 0.286456 -0.087447 3
-0.867973 -0.009576 0.000631 4
-0.176945 -0.216373 -0.133398 1
-0.501959 0.009282 -0.123462 4
0.608112 0.353231 -0.141142 3
-0.678713 0.076586 0.128446 4
0.583180 0.139457 0.156380 3
0.002701 -0.314973 0.514164 2
-0.825719 0.093371 0.158269 4
0.058465 -0.389977 -0.002462 0
0.065171 -0.497729 -0.013170 0
-0.201309 -0.171318 0.047409 0
-0.074260 -0.257410 0.048726 0
0.207890 -0.128060 0.031663 5
0.474337 0.209588 0.029441 3
0.708932 0.229276 0.013124 3
0.829812 0.375610 -0.177751 3
0.579373 0.326045 -0.314637 3
-0.496953 -0.021331 0.307679 4
-0.723131 -0.005790 -0.061759 4
-0.555010 0.033275 -0.063431 4
0.837488 0.344223 -0.142555 3
0.107845 -0.774196 -0.065789 0
-0.850042 0.008427 0.292462 4
-0.559929 0.005230 0.271251 4
-0.755101 0.055574 0.218256 4
0.076624 -0.310071 0.452703 2
-0.616522 0.048066 0.216187 4
-0.959594 0.112576 0.159034 4
0.113154 -0.804951 -0.034016 0
-0.795636 0.089667 0.159687 4
0.712606 0.402296 -0.372820 3
0.545902 0.283136 -0.072941 3
0.633427 0.374718 -0.265214 3
0.751115 0.506912 -0.253726 3
0.267737 0.219782 -0.208613 3
-0.359976 -0.004134 0.002903 4
-0.203296 -0.224794 -0.107280 1
0.768856 0.354410 -0.118981 3
0.017448 -0.333339 -0.105287 1
-0.278930 -0.126790 0.051744 4
-0.692347 0.017583 0.258481 4
-0.070591 -0.343594 0.098348 2
-0.748781 0.085085 0.221588 4
-0.879616 0.099729 0.178650 4
-0.890875 0.016108 0.024396 4
0.351641 0.135729 -0.004828 3
-0.017529 -0.251112 -0.163251 1
-0.164219 -0.195988 -0.180366 1
-0.776437 0.067151 0.206573 4
0.424471 0.177785 0.057886 3
-0.707195 0.092821 0.087867 4
-0.073333 -0.258879 -0.106688 1
0.734346 0.490468 -0.354407 3
0.582406 0.323271 -0.093360 3
0.747828 0.441106 -0.212731 3
0.455507 0.285697 -0.268312 3
0.373968 0.235318 -0.177365 3
0.081946 -0.295447 -0.103206 1
0.162884 -0.317728 0.305614 2
0.017569 -0.307074 0.275456 2
-0.547520 0.033466 0.229392 4
0.625853 0.338154 -0.353099 3
-0.118694 -0.150481 -0.268703 1
-0.103429 -0.177014 -0.229178 1
-0.027844 -0.335804 -0.059448 1
-0.366580 -0.011656 0.303666 4
0.000473 -0.290642 -0.132885 1
0.026652 -0.432115 0.087148 0
-0.383803 0.044165 -0.101914 4
0.256662 -0.012077 -0.065832 3
0.058639 -0.340175 0.010076 0
-0.413162 0.022207 0.176127 4
-0.795883 0.045128 0.016936 4
-0.955911 0.083938 0.094175 4
0.176114 -0.169996 0.100585 5
-0.013549 -0.154316 -0.281826 1
0.330828 0.098369 0.023432 3
0.291844 0.225426 -0.280705 3
-0.072135 -0.305149 0.246950 2
-0.130231 -0.317464 0.190421 2
0.416848 0.143825 0.130308 3
0.104271 -0.688156 -0.021070 0
0.175049 -0.156277 0.040528 5
-0.254786 -0.056784 0.123500 4
-0.806663 0.018103 -0.006186 4
0.129709 -0.252139 -0.072567 0
-0.913573 0.075866 0.088148 4
-0.866413 0.043625 0.045266 4
-0.698737 -0.010134 0.281279 4
0.682336 0.430448 -0.266879 3
-0.101227 -0.310813 0.223667 2
0.309011 0.150691 -0.126009 3
0.770911 0.327093 -0.095128 3
0.782236 0.502643 -0.239868 3
0.547997 0.232538 0.013434 3
-0.954580 0.108398 0.117703 4
0.738963 0.387652 -0.145984 3
0.313700 0.263197 -0.309787 3
0.630756 0.348128 -0.315339 3
-0.646679 0.069691 0.144859 4
-0.413479 0.038409 -0.057989 4
0.073124 -0.903423 -0.058794 0
0.308646 0.034845 -0.077396 3
0.162961 -0.202069 -0.034524 0
-0.408742 0.024416 0.146481 4
0.389922 0.161240 0.026985 3
-0.718298 0.073421 0.182480 4
-0.398963 0.042585 -0.006402 4
0.859242 0.385095 -0.181322 3
0.069881 -0.300765 -0.142779 1
0.280771 0.125779 -0.136617 3
0.543817 0.303667 -0.117249 3
-0.385102 -0.034597 0.327818 4
0.150277 -0.160603 0.086085 5
-0.483103 0.033127 0.057451 4
-0.575108 0.069343 0.194785 4
-0.242546 -0.073780 0.028562 4
-0.176911 -0.155194 -0.247500 1
-0.574175 0.057102 -0.013383 4
0.118109 -0.747834 -0.019005 0
0.601390 0.320645 -0.346785 3
-0.952804 0.135473 0.200045 4
0.141049 -0.849477 -0.055754 0
0.415402 0.252944 -0.153985 3
-0.012005 -0.300679 0.349622 2
0.052069 -0.521026 0.013570 0
-0.855587 0.016134 0.260511 4
0.387006 0.162190 -0.000189 3
-0.444449 0.043539 0.188960 4
-0.627296 0.014736 0.258616 4
0.030323 -0.304715 -0.020991 0
-0.810915 0.007959 0.261901 4
-0.543731 0.057360 0.127012 4
0.151099 -0.208277 -0.077989 0
-0.013732 -0.295433 0.410955 2
0.090940 -0.816269 -0.044295 0
0.753088 0.516679 -0.294964 3
0.420204 0.243463 -0.417590 3
-0.616812 0.084698 0.087820 4
-0.031862 -0.274169 0.019647 0
-0.735602 0.075859 0.069501 4
-0.112338 -0.312110 0.455985 2
0.104377 -0.310078 0.236197 2
0.633489 0.319813 -0.088325 3
0.448912 0.137212 0.148594 3
0.618519 0.283928 -0.431854 3
-0.558559 -0.025982 0.323827 4
0.053677 -0.177757 -0.263755 1
0.092720 -0.213632 0.045221 5
0.032408 -0.443172 0.026268 0
-0.282360 -0.061549 0.063951 4
-0.556811 0.052056 0.192007 4
-0.174780 -0.155481 0.027052 0
0.739766 0.201608 0.016821 3
0.034384 -0.381540 -0.011545 0
0.563565 0.150942 0.144692 3
-0.074819 -0.160163 -0.255352 1
-0.571439 0.060998 0.028580 4
0.838740 0.473479 -0.237514 3
-0.473209 0.039429 -0.045827 4
0.018009 -0.302730 -0.148335 1
-0.045435 -0.124698 -0.330421 1
-0.125937 -0.136895 -0.319637 1
-0.766972 0.005861 -0.032040 4
-0.543055 0.020239 -0.122762 4
0.676643 0.388848 -0.341011 3
0.723286 0.250191 -0.008836 3
-0.431118 0.027614 0.048422 4
0.132078 -0.188771 0.086915 5
0.457276 0.166912 0.116664 3
-0.837471 0.062966 0.221808 4
-0.033347 -0.223019 -0.182438 1
0.163919 -0.316860 0.261532 2
0.648762 0.285043 -0.435188 3
-0.692845 0.075775 0.099166 4
-0.321854 -0.005965 -0.001250 4
-0.174729 -0.109297 -0.337176 1
-0.670776 -0.010844 -0.123731 4
-0.105246 -0.301957 0.319167 2
-0.645875 0.001722 0.273376 4
-0.869513 0.102523 0.156043 4
-0.915794 0.079560 0.218867 4
-0.472459 0.016839 -0.120529 4
-0.632330 0.036675 0.236286 4
-0.751665 -0.011204 0.282134 4
0.176220 -0.321722 0.220929 2
-0.012984 -0.302931 0.466992 2
0.016981 -0.315845 0.217472 2
0.799012 0.265951 -0.058543 3
0.698217 0.148610 0.076512 3
-0.512208 0.030214 -0.071629 4
0.499739 0.283830 -0.138001 3
0.193529 -0.218241 -0.031919 0
0.327795 0.135360 -0.105889 3
0.798462 0.219622 -0.038101 3
-0.926536 0.062126 0.234590 4
0.355843 0.135560 -0.059665 3
0.734772 0.402556 -0.402536 3
0.599714 0.269273 -0.032630 3
-0.483061 0.043239 0.219842 4
0.559075 0.326405 -0.268589 3
0.408109 0.218035 -0.129169 3
0.343294 0.221762 -0.181945 3
-0.429013 0.026878 0.229546 4
0.693295 0.366279 -0.384153 3
0.745742 0.307348 -0.065894 3
0.544132 0.212094 0.070332 3
-0.483058 0.052673 0.190228 4
0.556967 0.316578 -0.311292 3
0.370442 0.149985 -0.013581 3
-0.055778 -0.137176 -0.294405 1
0.222109 -0.109571 -0.044169 0
-0.116283 -0.322158 0.162427 2
-0.459452 -0.024203 0.317241 4
-0.706502 0.038464 0.236292 4
0.606932 0.145409 0.156077 3
-0.519398 0.058186 0.205490 4
-0.050406 -0.304314 -0.026627 1
-0.160068 -0.309741 0.318600 2
0.724128 0.273357 -0.056865 3
0.866723 0.304417 -0.130376 3
0.458252 0.272703 -0.136032 3
-0.469329 0.021164 0.258110 4
0.671406 0.206826 0.064292 3
0.470718 0.184701 0.083197 3
-0.102604 -0.310192 0.481289 2
0.824263 0.317060 -0.103566 3
-0.694633 -0.040719 0.306262 4
0.052177 -0.315013 -0.004708 0
-0.617900 -0.025016 0.293892 4
0.848138 0.440120 -0.199262 3
0.780075 0.340842 -0.137112 3
0.092143 -0.493628 -0.001478 0
0.695240 0.197064 0.055138 3
-0.676349 0.075060 0.073661 4
0.766923 0.251181 -0.027561 3
0.046180 -0.426553 -0.017776 0
-0.724496 -0.033672 -0.095794 4
-0.853466 0.117549 0.175103 4
0.322447 0.120878 0.032005 3
0.567369 0.337523 -0.220303 3
0.096637 -0.761235 -0.014541 0
-0.605894 0.069083 0.069124 4
-0.663386 0.067626 0.232431 4
0.727151 0.505448 -0.287877 3
0.738934 0.485545 -0.241105 3
0.708457 0.369596 -0.131411 3
-0.191483 -0.204311 -0.165608 1
-0.396615 0.014924 0.023226 4
-0.054512 -0.301868 0.441287 2
0.094177 -0.897065 -0.089136 0
0.023949 -0.338161 0.165613 2
0.532072 0.138386 0.158145 3
0.767387 0.460474 -0.224885 3
-0.544867 0.069443 0.057122 4
-0.040403 -0.361135 0.073125 0
-0.587244 -0.010585 -0.139717 4
0.868805 0.417686 -0.187922 3
-0.632018 0.082379 0.158959 4
-0.773834 0.028906 0.280374 4
0.796586 0.447616 -0.200269 3
0.866063 0.359149 -0.148553 3
0.043981 -0.351344 -0.012224 0
0.593030 0.356889 -0.196198 3
-0.470308 0.020020 0.082843 4
0.723504 0.450505 -0.240181 3
-0.101724 -0.302987 0.410542 2
0.384250 0.245476 -0.207144 3
-0.414784 0.000476 0.292574 4
-0.045468 -0.300345 0.495259 2
0.639986 0.293358 -0.037123 3
-0.587886 0.061697 0.083831 4
-0.840405 0.035999 0.029095 4
0.085271 -0.469251 -0.008679 0
0.199958 -0.159488 -0.038527 0
-0.135855 -0.207090 -0.167144 1
0.096127 -0.895904 -0.060030 0
-0.123090 -0.216783 0.038070 0
0.375602 0.147423 0.112320 3
0.619796 0.358234 -0.284708 3
-0.635350 0.058992 0.190810 4
-0.661735 0.017133 0.260506 4
0.250424 0.139059 -0.147732 3
-0.438837 0.020147 0.069730 4
-0.528454 0.037810 0.248730 4
-0.322599 -0.039682 0.046090 4
0.029031 -0.303163 0.453313 2
0.180846 -0.140676 -0.063164 0
-0.292732 -0.065772 0.042752 4
0.666608 0.421845 -0.241230 3
0.088503 -0.304199 -0.022072 0
-0.458330 0.019887 0.230371 4
0.111770 -0.287691 -0.043190 0
0.039340 -0.488011 -0.046696 0
-0.883716 0.105139 0.115093 4
0.282152 0.032071 -0.073488 3
0.616059 0.181655 0.100440 3
-0.506511 0.033504 0.101547 4
0.179757 -0.325830 0.176548 2
0.048360 -0.301423 0.397821 2
0.534343 0.264685 -0.431726 3
0.339600 0.270348 -0.343433 3
0.778967 0.282524 -0.060858 3
-0.088993 -0.336827 0.113423 2
-0.471461 0.023551 0.039352 4
-0.957449 0.032861 0.059267 4
0.075106 -0.599892 -0.042984 0
0.414418 0.198040 -0.078638 3
0.142100 -0.238992 -0.022311 0
0.432987 0.194055 -0.001002 3
-0.425119 0.009428 0.085624 4
-0.929682 0.135249 0.157697 4
-0.140680 -0.108676 -0.356287 1
0.088328 -0.349622 -0.017465 0
-0.471642 0.038383 -0.018764 4
-0.189546 -0.141259 0.057751 0
0.134955 -0.163911 0.046204 5
0.088139 -0.353701 0.113911 2
0.855820 0.327813 -0.123815 3
-0.824715 0.066138 0.058391 4
-0.576348 0.042741 -0.063647 4
0.828054 0.276263 -0.100857 3
0.771670 0.187712 0.017677 3
0.380177 0.153745 0.059025 3
0.312066 0.252560 -0.254744 3
-0.074524 -0.204783 -0.196165 1
0.566797 0.277488 -0.423703 3
0.047738 -0.464026 0.024992 0
0.632617 0.373304 -0.194785 3
0.839575 0.255418 -0.074224 3
-0.590249 0.073861 0.033765 4
0.040997 -0.420918 0.058176 0
0.653011 0.322685 -0.397523 3
-0.527909 0.038331 0.217952 4
-0.665199 0.005325 -0.080253 4
0.646652 0.386497 -0.281775 3
-0.678573 0.074748 0.156757 4
0.017252 -0.435282 -0.046384 0
0.730411 0.172685 0.075543 3
-0.559439 0.021187 -0.103882 4
0.545187 0.313833 -0.138020 3
0.567604 0.338747 -0.174281 3
-0.497050 0.041502 0.139228 4
-0.615220 0.008348 -0.095198 4
0.681098 0.358668 -0.136010 3
0.294457 0.243628 -0.307773 3
-0.029536 -0.297808 0.441588 2
0.503521 0.233959 -0.004188 3
-0.159973 -0.320047 0.181286 2
0.722709 0.328145 -0.106825 3
-0.518460 0.053201 0.091721 4
-0.668456 0.071999 0.105091 4
-0.099342 -0.256760 -0.087939 1
-0.117505 -0.187127 -0.206509 1
0.825828 0.342528 -0.122722 3
0.792152 0.387342 -0.150066 3
0.811877 0.369820 -0.149451 3
0.044186 -0.391724 0.027370 0
0.046099 -0.246695 -0.210112 1
-0.777279 0.002787 0.298854 4
-0.073185 -0.298926 0.323639 2
-0.718321 0.019660 0.287281 4
0.062209 -0.423955 -0.001486 0
0.710220 0.166366 0.087290 3
0.251789 -0.052681 -0.083758 3
0.353209 0.251408 -0.368438 3
0.628866 0.306410 -0.070274 3
-0.943557 0.004152 0.039663 4
0.710221 0.427901 -0.354767 3
-0.357287 -0.005974 0.029903 4
-0.007368 -0.343331 0.144721 2
0.797909 0.476589 -0.234339 3
0.483881 0.297561 -0.280515 3
0.120462 -0.217665 0.109553 2
-0.968135 0.120756 0.133062 4
0.687973 0.379711 -0.362341 3
0.840370 0.428609 -0.220556 3
0.147326 -0.332436 0.129357 2
0.465632 0.232790 -0.024495 3
0.710690 0.476627 -0.279321 3
0.385002 0.267992 -0.401731 3
-0.811254 0.075121 0.244819 4
-0.125102 -0.122413 -0.340334 1
-0.731611 -0.021529 -0.077821 4
0.245350 -0.091796 -0.063826 0
-0.707220 -0.007510 -0.078029 4
0.238055 -0.069159 0.094850 5
-0.031737 -0.268767 -0.160668 1
-0.587963 -0.037241 0.330611 4
0.151181 -0.328132 0.164125 2
0.342841 0.194854 -0.162097 3
0.091555 -0.257022 0.085664 5
0.580791 0.265856 -0.018497 3
0.162843 -0.199824 0.099034 5
0.518165 0.311981 -0.176521 3
-0.030283 -0.323728 0.171573 2
0.129594 -0.822539 -0.069634 0
-0.902586 0.021242 0.244575 4
0.106422 -0.587829 -0.015985 0
-0.704419 0.033787 0.274299 4
-0.142478 -0.318126 0.136076 2
0.154273 -0.172741 -0.070273 0
0.046641 -0.200767 -0.253672 1
-0.678041 -0.025416 0.316974 4
0.049374 -0.351328 0.144644 2
0.690913 0.299412 -0.432404 3
0.090116 -0.575072 -0.006432 0
-0.454922 0.036088 0.147506 4
0.119186 -0.324391 0.187011 2
-0.750151 0.105768 0.156947 4
0.176196 -0.145257 0.103189 5
0.706631 0.247336 -0.025540 3
0.485946 0.275159 -0.372714 3
0.032700 -0.225795 -0.222614 1
-0.350933 -0.037673 0.044000 4
-0.894525 0.109179 0.162449 4
0.351919 0.253119 -0.221604 3
-0.875490 0.005392 0.264086 4
-0.307754 0.017847 -0.014139 4
-0.721912 -0.006573 0.280659 4
0.590689 0.288084 -0.045066 3
0.094316 -0.524320 -0.005999 0
-0.894752 0.114004 0.221912 4
0.076448 -0.231016 0.058918 5
0.164021 -0.324112 0.201669 2
0.001467 -0.378425 0.098645 2
-0.905689 0.130282 0.240076 4
0.253511 0.019258 -0.107142 3
0.677404 0.399415 -0.201568 3
0.104940 -0.313429 0.441768 2
-0.026915 -0.297116 -0.006717 0
0.385467 0.180281 -0.090645 3
-0.691091 0.094045 0.137454 4
-0.455388 0.047145 -0.059741 4
0.736339 0.304121 -0.091157 3
0.842091 0.462436 -0.213059 3
0.662745 0.386438 -0.323605 3
0.785831 0.198501 -0.012052 3
-0.084936 -0.188414 -0.234611 1
-0.046323 -0.310597 -0.052841 1
0.523332 0.191005 0.095585 3
-0.822074 0.091201 0.086249 4
0.427211 0.161281 0.115889 3
-0.747933 0.098800 0.191239 4
-0.215594 -0.127583 -0.313795 1
0.449656 0.276825 -0.334857 3
0.133560 -0.313019 0.249748 2
0.203435 -0.097856 -0.064257 0
0.164287 -0.216027 -0.051890 0
0.132312 -0.309977 0.382727 2
-0.305868 -0.034820 0.032175 4
0.740095 0.369662 -0.415804 3
0.354716 0.169140 -0.118937 3
0.328968 0.104701 -0.078772 3
0.003847 -0.397436 -0.050649 1
-0.055471 -0.228914 -0.177175 1
-0.711697 0.068838 0.039724 4
-0.545936 -0.025020 0.305549 4
0.588443 0.344424 -0.162050 3
0.689975 0.390913 -0.160528 3
0.149698 -0.249131 -0.048208 0
0.765711 0.429002 -0.180047 3
-0.584379 0.082390 0.072486 4
-0.515540 0.023508 0.263896 4
0.480819 0.258316 -0.099618 3
-0.046673 -0.296852 -0.076184 1
0.769096 0.429963 -0.208660 3
-0.587414 -0.022336 0.296553 4
-0.859529 0.067363 0.218156 4
-0.460108 0.030473 0.104951 4
0.134730 -0.287495 -0.032583 0
0.070202 -0.376825 0.016854 0
-0.838636 0.051356 0.268868 4
-0.703500 0.096393 0.162359 4
-0.604157 0.007039 0.268195 4
0.734178 0.480329 -0.278205 3
-0.017475 -0.317784 0.043494 0
0.177505 -0.127824 0.073534 5
-0.025696 -0.318680 -0.088824 1
-0.410802 0.016685 0.245267 4
-0.793625 0.090250 0.111761 4
-0.146161 -0.242158 0.005269 0
0.079167 -0.660011 -0.029791 0
-0.982342 0.059100 0.074881 4
-0.277296 -0.000161 -0.019014 4
0.621429 0.275460 -0.033490 3
0.777161 0.261280 -0.066549 3
-0.409611 0.037461 -0.092402 4
0.827585 0.357532 -0.164616 3
-0.656580 -0.037956 0.304829 4
0.007486 -0.313639 -0.128441 1
0.753287 0.341016 -0.107243 3
0.089319 -0.436569 -0.019291 0
0.372132 0.206901 -0.141575 3
-0.089341 -0.302684 0.275247 2
0.660106 0.265255 -0.014947 3
0.025784 -0.264514 -0.177782 1
-0.740331 -0.050510 -0.097518 4
0.060461 -0.329278 0.182337 2
-0.749184 0.063559 0.027569 4
0.103031 -0.643460 -0.007598 0
-0.382165 0.031789 0.011283 4
0.016992 -0.360164 -0.079020 1
-0.629778 -0.047996 0.310926 4
-0.040334 -0.329939 0.152725 2
-0.371915 0.052867 -0.075839 4
0.431203 0.270213 -0.353762 3
0.561217 0.285050 -0.397564 3
-0.841229 -0.025941 -0.025171 4
0.798670 0.332767 -0.117608 3
-0.106817 -0.100963 -0.356530 1
-0.242910 -0.094048 0.059482 4
-0.912016 0.036270 0.057031 4
-0.633241 -0.034128 -0.145535 4
-0.705768 -0.026157 0.294297 4
-0.379979 0.043055 -0.018470 4
-0.676371 0.077772 0.039448 4
0.295763 -0.034369 -0.102229 3
0.003056 -0.303177 0.293392 2
0.592536 0.310896 -0.369819 3
-0.826307 0.112742 0.172728 4
0.061335 -0.650806 0.014785 0
-0.545088 0.020404 0.247605 4
-0.796646 0.046745 0.268895 4
0.731727 0.494225 -0.309949 3
0.065894 -0.257783 0.067025 5
-0.955543 0.137935 0.147452 4
0.819630 0.281832 -0.076011 3
-0.601787 0.073774 0.147568 4
-0.794680 0.031319 0.245950 4
-0.089956 -0.228187 -0.149168 1
-0.089795 -0.311091 0.204196 2
0.367544 0.139245 0.071127 3
0.014852 -0.198269 -0.253326 1
0.576318 0.339535 -0.251113 3
0.504419 0.245549 -0.439124 3
0.755191 0.227951 -0.001188 3
0.660152 0.350403 -0.357077 3
-0.722394 0.061345 0.246156 4
0.073447 -0.612087 -0.015854 0
0.321151 0.231501 -0.205936 3
0.279768 0.073551 -0.101157 3
0.545510 0.299897 -0.354020 3
-0.071190 -0.296788 0.349453 2
0.069329 -0.521706 -0.042283 0
0.739973 0.288158 -0.074069 3
0.588506 0.254348 -0.452919 3
0.780612 0.297163 -0.090690 3
-0.080957 -0.261785 0.021975 0
-0.794312 0.091751 0.085323 4
-0.914173 0.135071 0.175676 4
0.557153 0.295825 -0.371809 3
0.664106 0.179332 0.093997 3
-0.192299 -0.181278 -0.204456 1
0.700456 0.470190 -0.301589 3
-0.723505 0.083234 0.129196 4
-0.321294 -0.035415 0.100482 4
0.090801 -0.243462 0.010275 5
-0.618724 -0.006930 0.279788 4
-0.231994 -0.168736 -0.225389 1
-0.576280 0.044924 0.216692 4
-0.187931 -0.235008 -0.032187 1
-0.183306 -0.313236 0.305045 2
-0.088980 -0.318719 0.170537 2
-0.689963 0.087995 0.201717 4
0.692535 0.356488 -0.118013 3
-0.752007 0.038347 -0.002614 4
-0.015933 -0.144083 -0.300494 1
0.285135 0.045337 -0.054045 3
-0.610310 0.070350 0.208102 4
0.276533 0.228476 -0.240615 3
-0.270293 -0.012868 0.170449 4
0.319529 0.254362 -0.328904 3
0.125375 -0.868384 -0.089235 0
-0.528002 0.046900 0.058033 4
-0.132412 -0.236140 -0.103874 1
0.012540 -0.279344 -0.154584 1
-0.490367 0.050555 -0.030602 4
-0.163777 -0.312219 0.251004 2
0.440089 0.277442 -0.177252 3
-0.167812 -0.294683 0.344398 2
-0.713721 0.078348 0.102674 4
-0.650026 0.086011 0.170674 4
-0.574792 0.055575 0.175913 4
-0.230277 -0.130176 0.044272 0
0.560337 0.297376 -0.066388 3
-0.444934 0.012116 0.276059 4
-0.842180 0.082509 0.193140 4
0.124483 -0.185151 0.026766 5
-0.898748 0.054374 0.256470 4
-0.703494 0.082176 0.217053 4
0.750761 0.370142 -0.132616 3
0.077589 -0.538063 -0.000694 0
0.338044 0.123671 -0.015818 3
-0.653260 0.088802 0.083179 4
-0.869124 0.089360 0.098452 4
-0.793344 0.067593 0.058347 4
-0.025152 -0.354099 -0.049025 1
0.206418 -0.072447 -0.081259 0
-0.064518 -0.246232 0.032997 0
-0.771970 -0.047317 -0.076853 4
-0.309056 -0.069535 0.057200 4
-0.147758 -0.314086 0.231197 2
-0.188649 -0.170151 0.070986 0
-0.644898 0.071880 0.219928 4
0.821815 0.252407 -0.060331 3
0.372328 0.177840 -0.108336 3
-0.678095 -0.023053 -0.106767 4
0.399779 0.253762 -0.195377 3
-0.385444 0.000833 0.102883 4
-0.023549 -0.349869 -0.075338 1
-0.159440 -0.162212 -0.237975 1
-0.163499 -0.173028 0.081955 0
-0.719963 -0.025608 0.312339 4
-0.151052 -0.313003 0.416078 2
-0.900364 -0.036632 0.004929 4
0.441944 0.281453 -0.249224 3
-0.071042 -0.302541 0.466678 2
0.381977 0.251951 -0.388440 3
0.071086 -0.218567 -0.239127 1
-0.693168 -0.039162 0.329508 4
0.179433 -0.242914 -0.026646 0
-0.803029 -0.022465 0.282127 4
-0.811781 0.035368 0.279081 4
0.457717 0.264224 -0.385567 3
-0.101816 -0.264845 -0.058601 1
-0.940107 0.117794 0.175373 4
0.194472 -0.115462 0.072666 5
-0.925398 0.113277 0.145148 4
0.226207 -0.087614 0.069351 5
0.298169 0.198437 -0.175840 3
0.350486 0.139015 -0.093228 3
0.470958 0.199199 0.054178 3
-0.336247 0.009753 0.231806 4
0.269496 0.010922 -0.039140 3
0.071859 -0.307740 0.009826 0
0.648809 0.373647 -0.314528 3
-0.545928 0.063947 0.099408 4
0.389037 0.209566 -0.125765 3
0.724394 0.354999 -0.413455 3
0.014937 -0.298489 0.382562 2
0.607834 0.310895 -0.064771 3
0.369706 0.270020 -0.298626 3
0.517989 0.308585 -0.309684 3
-0.155783 -0.320102 0.456606 2
-0.594176 0.056568 0.112581 4
0.122142 -0.231439 -0.017868 0
-0.221612 -0.204479 -0.147597 1
-0.749571 0.081704 0.102266 4
-0.764481 0.078108 0.185452 4
0.737018 0.166780 0.048612 3
-0.058086 -0.168953 -0.264100 1
-0.117716 -0.209287 0.018420 0
-0.383620 0.017352 0.201891 4
0.369050 0.269366 -0.353955 3
-0.629400 0.070129 0.075216 4
-0.294300 -0.038103 0.110899 4
0.343204 0.110493 0.039497 3
-0.648664 0.007008 0.293922 4
0.116017 -0.185053 0.070000 5
-0.062172 -0.248970 -0.138048 1
-0.088263 -0.273354 -0.001986 1
-0.763392 -0.024609 -0.062200 4
0.357638 0.264817 -0.261469 3
-0.645135 0.055095 0.248555 4
-0.790244 0.106500 0.177162 4
-0.517125 0.018782 -0.107628 4
-0.679504 0.045237 0.229812 4
0.853038 0.346449 -0.162599 3
0.279803 0.020717 -0.092389 3
-0.428495 0.049664 -0.029210 4
0.755582 0.487675 -0.259766 3
0.090547 -0.217279 0.073469 5
-0.236711 -0.100656 0.099862 4
0.162520 -0.215468 0.003832 5
-0.087482 -0.299810 0.369473 2
-0.619188 0.035051 -0.062985 4
-0.024280 -0.310145 0.553066 2
-0.146808 -0.127651 -0.308594 1
0.116964 -0.200257 0.013221 5
0.150690 -0.203537 -0.018022 0
-0.366660 -0.009017 0.099022 4
-0.524494 0.061089 0.043511 4
0.218439 -0.144630 0.025444 5
-0.517395 -0.020302 0.305398 4
-0.055920 -0.296660 0.334631 2
-0.489964 0.028235 0.251609 4
0.039557 -0.604232 -0.017629 0
0.118106 -0.788694 -0.022437 0
-0.398572 -0.004938 0.279123 4
-0.717423 0.047359 -0.003274 4
-0.542636 0.045560 0.205567 4
0.675917 0.163471 0.112042 3
-0.500370 -0.037093 0.336452 4
-0.336085 0.006020 0.202002 4
0.484125 0.291994 -0.152449 3
-0.514031 -0.007067 -0.143799 4
0.283445 0.004170 -0.079125 3
0.078031 -0.747151 -0.043607 0
-0.689713 0.089993 0.069226 4
0.647864 0.400354 -0.210522 3
-0.425805 0.004647 0.275776 4
0.751853 0.388785 -0.165490 3
-0.627792 0.082926 0.105052 4
-0.292476 -0.053863 0.088074 4
0.824739 0.415417 -0.179725 3
0.487775 0.250970 -0.423423 3
-0.587468 0.058701 0.146703 4
-0.442484 0.039586 -0.044355 4
0.753207 0.247427 -0.042303 3
-0.070851 -0.269224 -0.089011 1
0.828748 0.389771 -0.163000 3
-0.795998 0.092839 0.139465 4
-0.334898 0.023956 -0.003759 4
0.781303 0.387928 -0.172700 3
0.001915 -0.169260 -0.284991 1
0.707578 0.310582 -0.061743 3
0.591083 0.342432 -0.137646 3
0.740810 0.319512 -0.110890 3
-0.087970 -0.308932 0.501022 2
-0.095214 -0.209237 -0.205017 1
0.045355 -0.505531 -0.033371 0
0.681057 0.431302 -0.313969 3
0.007315 -0.289565 -0.024307 0
0.464919 0.292960 -0.191512 3
0.524498 0.288867 -0.113056 3
0.807232 0.389596 -0.181188 3
-0.558695 0.056419 0.073227 4
0.388735 0.277441 -0.296287 3
-0.387853 0.001964 0.061313 4
-0.453395 0.033653 -0.090425 4
0.676661 0.418940 -0.295307 3
-0.173667 -0.124649 -0.323792 1
0.146062 -0.312655 0.367932 2
0.031896 -0.361188 0.141168 2
0.427287 0.274377 -0.324135 3
-0.116033 -0.305050 0.264126 2
-0.083173 -0.283369 -0.019393 1
0.066000 -0.625221 -0.029502 0
0.707921 0.428983 -0.192023 3
-0.130923 -0.309731 0.246163 2
0.809557 0.304821 -0.113252 3
-0.131423 -0.308287 0.411747 2
0.456370 0.288376 -0.225391 3
0.090763 -0.675601 0.007854 0
0.807348 0.426731 -0.183208 3
-0.871092 0.026613 0.035202 4
-0.767533 0.004515 0.270799 4
-0.825587 0.007511 -0.007611 4
-0.252040 -0.129685 0.054904 4
-0.203984 -0.145868 -0.264575 1
0.043157 -0.437660 0.042541 0
-0.794414 0.008764 -0.019355 4
0.623589 0.382892 -0.210599 3
-0.294632 0.007662 -0.032775 4
0.701487 0.450953 -0.288946 3
-0.116068 -0.314357 0.204718 2
0.041548 -0.408482 0.097457 2
-0.499256 0.031171 0.220934 4
0.059165 -0.596686 -0.028785 0
0.045763 -0.422634 0.021424 0
0.248388 -0.008738 -0.093108 3
0.485346 0.288299 -0.337475 3
-0.337346 0.049609 -0.059329 4
0.084934 -0.257447 -0.003040 5
0.753794 0.459547 -0.207180 3
-0.280602 -0.040663 0.040317 4
-0.131059 -0.304898 0.365159 2
0.036130 -0.395612 0.008910 0
-0.446125 0.014362 0.046137 4
-0.307821 -0.010566 0.158139 4
0.468871 0.245619 -0.072113 3
-0.632160 0.065414 0.116309 4
0.170697 -0.151437 0.018863 5
0.709610 0.432176 -0.220631 3
-0.143643 -0.141435 -0.283695 1
0.074952 -0.630861 -0.003789 0
0.088148 -0.786352 -0.017437 0
-0.535379 0.044499 0.078947 4
0.316840 0.087932 -0.082960 3
0.274362 -0.014118 -0.093241 3
0.190450 -0.174161 -0.024111 0
-0.557224 -0.011042 0.288652 4
-0.350916 -0.001830 0.288346 4
0.619179 0.374423 -0.236144 3
-0.557542 0.046505 -0.019280 4
-0.575485 0.013401 0.261531 4
0.058269 -0.305049 0.290031 2
-0.408614 -0.006158 0.059708 4
0.104382 -0.730145 -0.030467 0
0.044655 -0.322867 -0.120208 1
0.795318 0.239295 -0.048514 3
0.577071 0.311278 -0.357078 3
0.731366 0.351934 -0.112676 3
-0.559980 0.044234 0.248098 4
0.761725 0.203869 0.024119 3
-0.681259 -0.025362 0.294934 4
-0.254343 -0.043871 0.152500 4
-0.557181 0.053448 0.144357 4
0.405305 0.175854 -0.034339 3
-0.038984 -0.212975 -0.208019 1
0.495391 0.273112 -0.121656 3
0.134160 -0.321413 0.204761 2
-0.855794 0.098646 0.141984 4
-0.736271 0.024817 0.251046 4
-0.457295 0.011171 0.064861 4
0.198595 -0.106683 -0.088978 0
0.470955 0.213435 0.010126 3
0.047579 -0.278428 -0.181923 1
0.710510 0.287383 -0.043821 3
-0.752655 -0.041488 0.302154 4
-0.411434 -0.020417 0.305415 4
0.412631 0.267855 -0.220576 3
-0.573242 0.067907 0.117812 4
-0.838070 0.092140 0.098114 4
0.823602 0.475573 -0.224713 3
-0.500094 0.035085 0.000629 4
0.090238 -0.308345 0.250111 2
-0.350468 -0.007314 0.143063 4
0.427672 0.183619 0.038959 3
-0.466284 0.048699 -0.000540 4
0.104121 -0.672972 -0.033908 0
-0.588400 0.064890 0.216216 4
-0.720434 0.080926 0.160206 4
-0.706961 -0.038460 -0.108318 4
0.736446 0.463706 -0.247329 3
-0.701922 0.062586 0.011537 4
-0.602095 0.036299 0.232628 4
-0.027416 -0.360083 0.101941 2
0.042310 -0.603119 -0.041464 0
0.708874 0.328127 -0.092663 3
0.103666 -0.344282 0.131140 2
-0.696859 0.049821 0.256445 4
0.442031 0.229920 -0.092830 3
0.090600 -0.301896 0.007392 0
0.031300 -0.312698 0.261791 2
-0.812359 0.006422 0.295894 4
-0.057447 -0.339470 0.113029 2
0.029225 -0.363367 -0.005783 0
0.710908 0.485936 -0.311341 3
-0.132295 -0.217452 -0.146036 1
0.622426 0.342753 -0.132543 3
0.660960 0.314257 -0.076573 3
0.753901 0.359839 -0.149928 3
0.120429 -0.329843 0.162035 2
0.152731 -0.172163 0.044549 5
-0.516145 0.058109 0.158437 4
0.089068 -0.300421 0.363811 2
-0.323661 -0.018195 0.044143 4
0.561768 0.242707 -0.003900 3
0.524467 0.275294 -0.388538 3
0.050746 -0.478729 0.057959 0
0.048100 -0.656752 -0.016661 0
0.722734 0.200169 0.026458 3
-0.867268 0.121894 0.158133 4
-0.677096 0.090792 0.115026 4
0.162350 -0.189811 0.009845 5
0.793042 0.409599 -0.193985 3
-0.057766 -0.237733 -0.153491 1
0.678932 0.269027 -0.018872 3
-0.427638 0.033183 0.000139 4
0.072463 -0.382735 -0.018579 0
-0.143299 -0.196886 0.067652 0
0.168778 -0.134964 0.055365 5
-0.751250 -0.009994 0.305841 4
-0.885444 0.046680 0.056632 4
0.619439 0.226394 0.039128 3
-0.056262 -0.135928 -0.318565 1
0.265455 0.183680 -0.176247 3
0.443326 0.284584 -0.283556 3
-0.174313 -0.208470 -0.153228 1
-0.070999 -0.330357 0.146074 2
-0.849617 -0.050844 -0.028843 4
0.325180 0.191353 -0.154505 3
-0.514508 0.049365 -0.029964 4
0.574471 0.266592 -0.437973 3
0.575321 0.231575 0.028950 3
0.552118 0.322699 -0.222720 3
0.635297 0.187989 0.086730 3
-0.675674 0.000420 0.298566 4
0.033309 -0.439445 0.070334 0
0.090822 -0.306343 0.274625 2
0.603189 0.362320 -0.226194 3
0.871878 0.343096 -0.158924 3
0.490615 0.138097 0.160903 3
-0.294304 -0.011101 0.016587 4
0.075249 -0.294370 -0.122100 1
-0.765844 -0.007450 -0.047378 4
0.868917 0.399994 -0.196023 3
0.752004 0.469099 -0.395853 3
-0.118811 -0.305671 0.304748 2
-0.411623 0.019918 0.206268 4
0.684446 0.171550 0.077092 3
-0.280801 -0.098539 0.057831 4
-0.560148 0.002666 -0.133037 4
-0.339290 -0.014105 0.128605 4
-0.702609 0.079522 0.127537 4
-0.630530 0.074436 0.204612 4
0.518473 0.150934 0.143448 3
0.770221 0.312349 -0.108069 3
0.807628 0.398564 -0.162025 3
-0.203320 -0.117567 0.041110 0
0.293717 0.166556 -0.148173 3
0.148240 -0.153359 0.055585 5
-0.649598 0.037079 0.269919 4
0.813317 0.288892 -0.102087 3
-0.023659 -0.286650 -0.140435 1
-0.646144 0.077124 0.054254 4
0.472798 0.276693 -0.148142 3
0.545802 0.316096 -0.282786 3
0.513880 0.304991 -0.265826 3
0.429949 0.261022 -0.387704 3
-0.646937 0.045538 0.227235 4
-0.869637 0.099136 0.225723 4
0.381175 0.262022 -0.256403 3
0.708745 0.355888 -0.401277 3
-0.132363 -0.251253 -0.059714 1
0.015782 -0.313661 0.528277 2
-0.601246 0.034250 0.265685 4
0.394386 0.167521 -0.049806 3
-0.330411 -0.031529 0.066866 4
0.516717 0.222464 0.031581 3
-0.724606 0.033830 0.274196 4
-0.014050 -0.176962 -0.241071 1
0.723334 0.314785 -0.077462 3
0.298839 0.251117 -0.269065 3
0.853228 0.416759 -0.205558 3
0.545313 0.266967 -0.031053 3
-0.607556 0.080100 0.044774 4
0.485857 0.248970 -0.037657 3
0.461068 0.240389 -0.431317 3
0.490351 0.302331 -0.235932 3
0.597149 0.353688 -0.255095 3
-0.500892 0.033660 -0.089113 4
0.032576 -0.320915 0.207478 2
0.543006 0.182573 0.106984 3
-0.146621 -0.308359 0.304979 2
0.777256 0.218701 -0.005424 3
-0.001348 -0.349680 -0.073635 1
0.593058 0.228196 0.039268 3
-0.941855 0.120275 0.156429 4
0.016691 -0.301423 0.334429 2
0.748279 0.434248 -0.413642 3
-0.777073 0.092374 0.142477 4
0.117091 -0.199966 0.082807 5
-0.117179 -0.228280 -0.132131 1
0.621065 0.374381 -0.179012 3
0.601408 0.202429 0.077445 3
-0.291016 0.001222 0.233970 4
-0.633246 -0.025544 0.316231 4
0.723774 0.228068 -0.000749 3
-0.985158 0.089638 0.101483 4
-0.072714 -0.308599 0.513382 2
-0.472485 0.034488 -0.089649 4
-0.482283 0.036518 0.116484 4
-0.085142 -0.301109 0.397644 2
0.171416 -0.163749 -0.017923 0
