0.199777 0.409749 -0.628156 6
-0.807330 0.251392 -0.129769 2
0.409355 0.341943 0.478267 3
1.057310 0.335845 -0.376982 1
0.193410 -0.390608 -0.554217 0
-0.126033 0.418480 0.009305 4
0.494417 0.451521 -0.107684 5
-0.394991 0.279661 -0.348735 2
0.643421 0.412269 -0.537601 1
0.184799 0.025252 -0.414883 0
0.218231 0.449842 0.167901 3
0.168435 0.356792 -0.253699 0
-0.090516 0.224740 -0.381345 0
0.395346 0.480134 -0.379127 7
-0.525995 0.273213 -0.102079 2
0.795507 0.376654 -0.315373 1
0.464596 0.363363 0.144087 3
0.302963 0.251085 -0.446407 0
0.104678 0.449631 -0.042862 4
0.210160 -0.166962 -0.536355 0
-0.220182 0.304670 -0.214229 2
0.023754 0.375364 -0.494339 6
0.013089 0.492531 -0.231642 4
0.584163 0.399087 -0.340061 1
0.862225 0.365319 -0.509783 1
-0.642608 0.260160 -0.269892 2
0.309340 0.426108 -0.034732 5
0.358594 0.417915 0.302623 3
0.135857 0.207465 -0.371974 0
0.597263 0.394334 0.028633 5
0.476474 0.385687 -0.500202 1
0.237443 0.436360 -0.381718 7
-0.377285 0.288498 -0.170901 2
-0.238112 0.296218 -0.370882 2
-0.108954 0.458695 -0.138769 4
0.361352 0.450822 -0.179063 5
0.159455 0.327199 -0.453563 6
-0.501460 0.274658 -0.248123 2
-0.672775 0.267008 -0.086528 2
0.340340 0.416918 0.103265 3
0.923523 0.380065 -0.373898 1
0.216164 0.422323 -0.140384 0
0.700805 0.393051 -0.414083 1
0.134136 0.431220 -0.745519 6
0.228540 0.452241 0.302317 3
0.440612 0.418527 0.010166 5
0.233898 0.144310 -0.427626 0
0.073974 0.393849 -0.619662 6
0.453885 0.356916 0.360009 3
-0.003206 0.435511 0.035206 4
0.200769 0.453599 0.038865 3
0.020646 0.157731 -0.380894 0
0.386277 0.347171 -0.425468 1
0.273655 0.420020 -0.264192 7
0.069543 0.407815 -0.302336 8
0.164462 -0.061905 -0.500229 0
0.011371 0.462673 -0.116059 4
0.116340 0.448839 -0.199145 4
0.188392 -0.276328 -0.567519 0
0.752000 0.385740 -0.520293 1
0.103634 0.313350 -0.354055 0
0.336954 0.392393 0.409398 3
0.230585 0.386871 -0.516015 6
-0.309111 0.289242 -0.277293 2
0.579527 0.392776 -0.450469 1
0.479387 0.387251 -0.384974 1
0.320428 0.450483 0.204749 3
0.108578 0.101252 -0.407004 0
0.440089 0.375090 0.247393 3
-0.713641 0.258460 -0.184455 2
-0.154229 0.278086 -0.308434 0
0.976093 0.359943 -0.462234 1
0.809753 0.384363 -0.421445 1
-0.600483 0.269640 -0.174743 2
0.129257 0.461575 0.116489 3
0.133273 0.375951 -0.539588 6
0.394916 0.451201 -0.085189 5
0.044621 0.380668 -0.398726 6
0.170450 0.268781 -0.298797 0
0.682111 0.386779 -0.319299 1
-0.054903 0.448482 -0.050886 4
0.197227 0.442014 -0.051635 3
0.315862 0.456162 -0.339733 7
0.558714 0.427573 -0.046623 5
-0.412131 0.284294 -0.254791 2
0.554588 0.412556 -0.533491 1
0.388911 0.402601 0.181344 3
-0.462639 0.283002 -0.163130 2
0.171604 0.460086 0.239806 3
0.303194 0.444050 -0.118548 5
0.264156 0.450382 0.096202 3
0.517412 0.405474 0.047430 5
0.142403 0.454869 -0.120909 4
-0.299526 0.298098 -0.193113 2
0.203430 0.407862 -0.313751 7
-0.565860 0.263686 -0.296274 2
0.128327 0.433511 -0.664770 6
0.181357 0.372326 -0.390959 6
-0.040378 0.453463 -0.179395 4
0.994264 0.359584 -0.334783 1
0.409490 0.384452 0.086860 3
0.082047 0.327928 -0.462719 6
-0.233140 0.292487 -0.293588 2
0.073055 0.444548 0.029215 4
-0.313790 0.291056 -0.358982 2
0.158289 -0.136833 -0.485096 0
-0.464877 0.273829 -0.315026 2
0.129191 0.259519 -0.427227 6
0.028548 0.454246 -0.031745 4
0.877089 0.374436 -0.314244 1
0.299133 0.414403 0.348668 3
-0.016489 0.223187 -0.373901 0
0.299039 0.417567 0.039914 3
0.246843 0.215294 -0.414751 0
-0.600103 0.270731 -0.094416 2
0.171023 -0.239176 -0.506918 0
0.292480 0.433608 0.270182 3
0.906656 0.373890 -0.446137 1
0.394395 0.399559 0.366141 3
0.207769 0.369900 -0.188915 0
-0.074253 0.424497 0.058650 4
0.435960 0.450413 -0.148637 5
0.370593 0.430685 0.003705 5
0.046409 0.452039 -0.177198 4
0.168504 0.141382 -0.400023 0
0.636885 0.395989 -0.387340 1
0.655977 0.396337 -0.466699 1
-0.736351 0.263379 -0.112526 2
0.757326 0.388129 -0.375270 1
0.223939 -0.327423 -0.539047 0
0.131387 0.360311 -0.312888 8
-0.121970 0.438313 -0.056691 4
0.185866 0.431572 -0.702103 6
0.491957 0.426143 -0.037419 5
0.148989 0.010118 -0.469875 0
-0.533592 0.275518 -0.169683 2
0.069592 0.362660 -0.553710 6
0.139710 0.409757 -0.599460 6
0.077857 0.457632 -0.103109 4
0.248891 0.433913 -0.008375 3
1.004799 0.370769 -0.399369 1
0.240110 0.444853 0.230084 3
0.198841 0.088272 -0.427956 0
0.414594 0.358472 0.413440 3
0.344185 0.305363 -0.453983 0
0.197184 0.452644 0.105634 3
0.199122 -0.032736 -0.440433 0
-0.564936 0.268330 -0.231659 2
0.158553 0.308774 -0.391457 6
0.447075 0.382879 -0.442688 1
0.420471 0.386498 0.308710 3
0.752695 0.386192 -0.456342 1
0.256442 0.430530 -0.072789 3
0.512429 0.391842 -0.439159 1
0.153718 0.461931 -0.002524 3
0.389698 0.412925 0.245142 3
0.856004 0.384475 -0.378734 1
-0.656262 0.266885 -0.147417 2
-0.143040 0.252700 -0.363924 0
0.333393 0.452286 -0.280751 7
-0.350280 0.292497 -0.227541 2
0.161275 0.416944 -0.172517 4
0.220727 -0.230484 -0.544289 0
0.211141 0.384821 -0.573489 6
0.552493 0.397506 -0.391387 1
0.142015 0.263920 -0.351849 0
-0.050367 0.455198 -0.110349 4
0.373642 0.466711 -0.325203 7
0.301177 0.446030 0.142736 3
0.158174 0.454504 0.182117 3
0.087010 0.153945 -0.390499 0
0.072747 0.467996 -0.234331 4
0.180168 0.371365 -0.489136 6
-0.414780 0.281537 -0.126084 2
-0.694783 0.257041 -0.240087 2
0.187015 0.218944 -0.346073 0
0.217007 0.389151 -0.250618 7
0.435467 0.437845 -0.044410 5
0.809524 0.378496 -0.489180 1
0.941850 0.375590 -0.315891 1
0.141276 0.459438 0.053711 3
0.265931 0.430369 -0.320269 7
0.354355 0.399876 0.050165 3
-0.649344 0.262962 -0.204053 2
-0.056318 0.439501 0.006661 4
-0.367526 0.289402 -0.289867 2
0.224455 0.469579 -0.109786 3
0.116590 0.388369 -0.265797 8
-0.185238 0.289946 -0.262374 2
0.365964 0.366539 0.451194 3
0.195218 -0.090085 -0.461781 0
0.040721 0.490134 -0.073757 4
0.083999 0.371010 -0.499322 6
-0.768729 0.258460 -0.172253 2
0.101762 0.332563 -0.406974 6
0.691914 0.396173 -0.514466 1
0.143177 0.057040 -0.441038 0
0.341251 0.464522 -0.387975 7
-0.077221 0.244276 -0.332193 0
-0.189029 0.282096 -0.349948 2
0.267012 0.430176 -0.157484 5
-0.143975 0.419409 0.060395 4
0.607218 0.401011 -0.499007 1
0.121063 0.450883 -0.252914 4
-0.270042 0.296718 -0.240818 2
-0.457480 0.281200 -0.216711 2
0.350122 0.434383 0.162079 3
0.742295 0.381841 -0.318972 1
0.173046 -0.186602 -0.498668 0
-0.467738 0.279139 -0.110434 2
0.541336 0.406573 0.000286 5
0.337468 0.446018 -0.078551 5
0.185596 0.321023 -0.288129 0
0.853642 0.379713 -0.449772 1
0.358127 0.439964 -0.128373 5
0.538985 0.391195 -0.483407 1
0.194384 -0.335227 -0.580418 0
-0.515705 0.272317 -0.302703 2
0.385296 0.393526 0.131133 3
0.952317 0.374548 -0.419643 1
0.156144 0.424995 -0.222511 4
0.257102 0.445889 0.045127 3
0.271281 0.450524 0.183634 3
0.125868 0.342330 -0.497589 6
0.095492 0.449776 -0.150037 4
0.346612 0.437896 0.253489 3
0.348669 0.411830 0.351468 3
0.147036 0.467346 -0.061415 4
-0.271244 0.290531 -0.333784 2
-0.009119 0.458638 -0.066459 4
0.175688 -0.210571 -0.547298 0
0.410959 0.357774 -0.466587 1
0.456888 0.383999 0.100265 3
0.313408 0.444922 -0.170657 5
0.445677 0.447781 -0.091286 5
0.312426 0.289495 -0.417595 0
0.684943 0.392961 -0.367847 1
0.704698 0.390063 -0.462687 1
-0.570912 0.272902 -0.133150 2
0.182310 -0.309766 -0.521580 0
0.631115 0.395536 -0.329258 1
0.427796 0.379071 0.197300 3
0.805560 0.385759 -0.361467 1
0.184635 -0.112832 -0.517001 0
0.374954 0.434130 -0.043768 5
0.291992 0.445629 -0.379687 7
-0.418940 0.283797 -0.307290 2
0.522389 0.399088 -0.354543 1
-0.017883 0.446267 -0.021402 4
0.196550 0.425710 -0.098051 0
0.598266 0.406425 -0.547689 1
0.004298 0.466907 -0.165691 4
0.527575 0.436358 -0.079514 5
0.182045 0.400413 -0.541414 6
-0.334310 0.285972 -0.154615 2
0.100747 0.386230 -0.578036 6
0.166220 0.375943 -0.211921 0
0.232034 0.162728 -0.385594 0
0.131357 0.139068 -0.426884 0
-0.058882 0.206954 -0.353287 0
0.211191 0.122833 -0.394372 0
-0.092674 0.448050 -0.096001 4
-0.610000 0.265464 -0.231012 2
0.197518 0.369591 -0.290553 7
0.932628 0.361687 -0.480892 1
-0.408636 0.287130 -0.203113 2
0.087676 0.373733 -0.418229 6
-0.460366 0.277142 -0.265706 2
0.498624 0.417911 0.006711 5
0.174655 0.433906 -0.655948 6
0.201200 0.444459 -0.004643 3
0.188333 0.463893 0.280528 3
0.143811 0.310989 -0.297721 8
0.597514 0.396803 -0.407002 1
0.090416 0.411302 -0.667222 6
0.245320 0.389159 -0.284274 7
0.218261 0.187416 -0.432934 0
0.474204 0.410501 0.042604 5
0.312638 0.425035 0.308043 3
0.162735 0.189919 -0.401648 0
-0.699560 0.268515 -0.141749 2
0.453852 0.356804 0.316319 3
0.512428 0.405578 -0.514844 1
0.422992 0.383117 0.150313 3
0.393239 0.458740 -0.148318 5
-0.350118 0.293192 -0.329542 2
-0.093032 0.434908 -0.024482 4
0.125655 0.301425 -0.444686 6
0.200072 0.453304 0.207832 3
0.379230 0.382771 0.407302 3
0.891342 0.380908 -0.406213 1
-0.067244 0.470489 -0.150064 4
0.150635 0.096086 -0.415597 0
0.582032 0.418578 -0.007957 5
0.224952 -0.370469 -0.575805 0
0.289874 0.236055 -0.408163 0
0.208779 -0.275276 -0.529595 0
0.360730 0.420200 0.214265 3
0.165891 -0.149659 -0.528386 0
-0.117126 0.273652 -0.328688 0
0.175997 0.450273 0.142326 3
0.162620 -0.038903 -0.461127 0
0.010068 0.195842 -0.355430 0
0.035354 0.442510 0.010020 4
0.842376 0.381625 -0.338789 1
0.144953 0.449935 -0.700008 6
0.063946 0.123465 -0.408502 0
0.175953 0.434773 -0.136901 4
-0.499465 0.278469 -0.194278 2
0.629334 0.391457 -0.433951 1
0.277474 0.215609 -0.443503 0
0.065288 0.459436 -0.053668 4
0.285574 0.443119 0.226998 3
0.965032 0.375868 -0.369131 1
1.013161 0.352771 -0.436331 1
0.252603 0.416244 -0.111949 5
0.167060 0.405899 -0.741220 6
0.198046 -0.148438 -0.499887 0
0.306442 0.427734 0.081807 3
0.227625 0.425348 -0.342512 7
0.250887 0.448418 0.135306 3
-0.615242 0.269695 -0.132745 2
-0.258341 0.301553 -0.199037 2
1.029866 0.363927 -0.364741 1
0.395747 0.411076 0.286426 3
0.478772 0.358646 -0.451820 1
0.750113 0.390425 -0.415474 1
0.433165 0.339346 0.445210 3
0.111153 0.425617 -0.700937 6
-0.011541 0.189037 -0.395531 0
0.548914 0.429083 0.037574 5
0.251877 0.443684 0.268888 3
0.355902 0.313409 -0.416250 0
0.290359 0.431817 0.003343 3
0.139760 0.241696 -0.392658 0
0.223781 -0.299532 -0.567923 0
0.187721 0.076795 -0.391142 0
0.167670 0.339992 -0.416461 6
0.160114 0.455526 0.090675 3
-0.600594 0.266683 -0.269948 2
0.399688 0.417379 0.027813 5
0.388229 0.405846 0.326697 3
0.051413 0.357258 -0.518645 6
-0.192116 0.290447 -0.307805 2
-0.496718 0.279339 -0.142855 2
0.895094 0.373832 -0.486195 1
0.405521 0.422302 -0.013425 5
0.093285 0.340208 -0.326583 0
0.046549 0.459520 -0.138172 4
0.298596 0.438777 -0.294345 7
0.377528 0.336430 -0.465054 0
0.202854 -0.206471 -0.515713 0
0.791973 0.375291 -0.524566 1
0.198067 0.406635 -0.487259 6
0.371687 0.395361 0.089941 3
0.052116 0.181532 -0.381573 0
0.106439 0.415126 -0.631389 6
0.221392 0.452470 0.074575 3
0.097818 0.380115 -0.307903 8
-0.035335 0.428173 0.056862 4
-0.542095 0.270216 -0.263336 2
0.419762 0.371755 0.376675 3
-0.228815 0.276036 -0.338871 2
0.191073 0.397490 -0.156608 0
-0.770161 0.267252 -0.131253 2
0.187369 -0.355458 -0.538879 0
-0.728814 0.259013 -0.221592 2
0.418472 0.371621 -0.419100 1
0.132080 0.353578 -0.272563 8
0.120034 0.452578 -0.089472 4
0.087291 0.446327 -0.006603 4
-0.311514 0.291679 -0.320535 2
0.120906 0.297308 -0.406730 6
0.080898 0.402633 -0.264866 8
0.886247 0.380531 -0.351032 1
-0.099186 0.258654 -0.360181 0
0.151594 -0.095264 -0.486924 0
0.445423 0.373860 -0.481503 1
0.791935 0.383589 -0.455104 1
0.476055 0.448395 -0.068530 5
0.154104 0.395392 -0.566583 6
-0.030948 0.462983 -0.142039 4
0.097820 0.387365 -0.532580 6
0.047745 0.479700 -0.208428 4
0.174538 0.453638 -0.085461 4
0.252702 0.178159 -0.417382 0
0.040090 0.456893 -0.092390 4
-0.313989 0.294236 -0.240310 2
-0.232938 0.299736 -0.249281 2
0.302079 0.433593 -0.075946 5
-0.734993 0.264373 -0.153489 2
0.318342 0.403250 0.378741 3
0.336811 0.439640 -0.009539 5
0.212333 0.451682 0.254135 3
0.222518 -0.375384 -0.536507 0
0.723142 0.399897 -0.539041 1
0.211989 -0.195103 -0.560408 0
0.153877 0.294762 -0.335067 0
0.178464 0.411739 -0.597946 6
0.129731 0.436287 -0.153697 4
0.171800 0.253316 -0.332666 0
0.711541 0.390038 -0.342369 1
0.171555 -0.258652 -0.539808 0
-0.275026 0.295587 -0.370406 2
1.039866 0.347381 -0.407359 1
0.114956 0.282424 -0.370647 0
0.190906 0.126337 -0.425115 0
0.155647 0.284103 -0.418581 6
-0.644541 0.267568 -0.110694 2
-0.109988 0.414885 0.047376 4
0.447401 0.353457 0.395925 3
0.446523 0.371343 0.283475 3
0.122973 0.352020 -0.462355 6
0.190034 0.349155 -0.461765 6
0.124489 0.333000 -0.376767 6
-0.263636 0.284779 -0.274962 2
0.410774 0.387447 0.229736 3
0.181183 -0.001186 -0.442121 0
0.162010 0.335464 -0.317421 8
0.426022 0.370027 0.340523 3
0.147901 0.162270 -0.378828 0
0.072143 0.358662 -0.389246 6
0.158397 0.322645 -0.264382 0
0.363376 0.479840 -0.362287 7
0.077148 0.461839 -0.197529 4
0.049835 0.351447 -0.483077 6
0.144495 -0.032345 -0.491518 0
-0.421279 0.286225 -0.169464 2
-0.541442 0.271988 -0.204588 2
0.204233 0.156282 -0.410358 0
-0.380096 0.288336 -0.132627 2
0.143420 0.118725 -0.387865 0
-0.056055 0.244568 -0.361163 0
0.665059 0.392598 -0.416493 1
0.245574 0.409383 -0.243016 7
0.215834 -0.255048 -0.576307 0
0.648501 0.401034 -0.503989 1
0.193412 -0.039115 -0.479278 0
0.774103 0.382524 -0.490930 1
0.570885 0.400651 -0.496142 1
0.434076 0.347883 -0.441374 1
0.188214 0.349100 -0.225148 0
0.562840 0.396628 0.041753 5
0.721657 0.389625 -0.496151 1
-0.376894 0.287317 -0.251379 2
0.545234 0.394912 -0.425988 1
0.472238 0.461272 -0.133522 5
-0.338850 0.291441 -0.194037 2
-0.678441 0.261599 -0.182570 2
0.167017 0.341573 -0.381029 6
0.512572 0.395483 -0.393872 1
0.271081 0.428658 -0.035174 3
-0.142437 0.428151 -0.020115 4
0.214337 0.377977 -0.475494 6
0.193231 0.329643 -0.255113 0
0.146023 0.227622 -0.345294 0
0.604066 0.399933 -0.372822 1
0.028597 0.386827 -0.429147 6
0.339566 0.461550 -0.153961 5
0.400745 0.355021 0.447105 3
0.129287 0.370249 -0.590108 6
0.156090 0.426262 -0.625420 6
0.177542 0.058488 -0.422382 0
0.057536 0.141315 -0.376966 0
0.775155 0.384639 -0.344656 1
-0.702344 0.265951 -0.105798 2
0.410646 0.455625 -0.115790 5
0.109485 0.357204 -0.556279 6
0.415513 0.385428 0.269396 3
-0.660820 0.262304 -0.236621 2
0.180800 0.406510 -0.198992 4
0.325363 0.416819 0.013617 3
0.481028 0.387768 -0.425739 1
-0.086407 0.456995 -0.061716 4
-0.176896 0.258290 -0.328390 2
0.676824 0.396226 -0.545195 1
0.138411 0.212101 -0.411033 0
0.067963 0.379515 -0.585097 6
0.239494 0.448056 0.196109 3
0.354316 0.407084 0.135537 3
0.257169 0.439055 -0.354043 7
-0.041983 0.206536 -0.389202 0
0.170775 0.453136 -0.033267 3
0.180131 -0.310286 -0.562165 0
0.363071 0.397940 0.381563 3
0.449963 0.380004 -0.409015 1
-0.575129 0.271316 -0.197192 2
0.229065 0.433301 -0.043888 3
0.847366 0.383078 -0.416655 1
-0.093484 0.427417 0.012069 4
0.226849 0.451037 0.017845 3
0.198829 0.375453 -0.526467 6
0.525115 0.421842 -0.034225 5
0.082708 0.314953 -0.428277 6
0.491593 0.388386 -0.465237 1
0.724050 0.391198 -0.378295 1
0.110048 0.265156 -0.341748 0
0.464721 0.422615 -0.012798 5
0.823330 0.365853 -0.517401 1
0.311719 0.427923 0.116548 3
0.189071 -0.240403 -0.562741 0
0.314857 0.436592 0.241366 3
0.785760 0.390054 -0.392413 1
0.166565 0.440668 -0.727482 6
0.155271 0.017773 -0.433991 0
0.186677 0.442987 0.066892 3
0.343830 0.463368 -0.105900 5
0.070240 0.350406 -0.433629 6
-0.345871 0.288782 -0.262241 2
0.220160 0.398178 -0.177549 0
0.821392 0.389233 -0.391061 1
0.131706 0.074544 -0.399485 0
0.185889 -0.085987 -0.494013 0
0.165924 0.457199 0.032194 3
0.945148 0.369947 -0.451264 1
0.342527 0.435389 -0.045247 5
0.649946 0.396123 -0.357603 1
0.329875 0.267926 -0.439993 0
0.149438 0.364603 -0.513938 6
-0.746560 0.251812 -0.194841 2
0.222548 0.426633 -0.078855 3
-0.152508 0.415025 0.027499 4
-0.336568 0.291169 -0.298927 2
-0.538737 0.275137 -0.133011 2
-0.388327 0.287432 -0.316730 2
0.997130 0.374053 -0.367290 1
-0.032504 0.190918 -0.362434 0
0.281410 0.440900 0.065561 3
-0.375508 0.289178 -0.207899 2
0.281434 0.428911 0.301714 3
0.317286 0.440905 0.169929 3
0.423234 0.384585 0.115778 3
0.374596 0.305334 -0.440950 0
0.278566 0.435297 -0.097576 5
0.104712 0.448922 -0.118085 4
0.624143 0.395238 -0.465964 1
0.043207 0.491459 -0.241870 4
0.004855 0.444463 0.001172 4
0.848289 0.374279 -0.482630 1
0.150498 0.349595 -0.477913 6
-0.569218 0.272031 -0.101468 2
0.252745 0.454681 -0.092959 3
0.553017 0.400302 -0.345550 1
-0.016667 0.459196 -0.101969 4
0.322816 0.431864 0.279019 3
0.107687 0.130209 -0.389339 0
-0.346471 0.295810 -0.360714 2
0.337853 0.458417 -0.317328 7
-0.529568 0.269854 -0.233627 2
0.175175 -0.181834 -0.534790 0
0.442731 0.466014 -0.122340 5
-0.487227 0.273907 -0.289867 2
0.256061 0.418117 -0.289978 7
0.145444 0.455652 0.145993 3
0.189505 -0.368568 -0.575990 0
0.405190 0.438436 -0.051955 5
0.227954 0.451339 0.110648 3
0.368600 0.416985 0.267722 3
0.096869 0.344298 -0.486622 6
-0.279004 0.288923 -0.301638 2
0.225162 -0.339254 -0.580671 0
0.332838 0.414014 0.073275 3
0.192332 -0.123512 -0.482544 0
0.039998 0.157826 -0.404943 0
0.016192 0.460078 -0.193334 4
0.017872 0.365521 -0.522967 6
0.112224 0.364904 -0.513497 6
0.311003 0.258030 -0.417535 0
-0.674800 0.266370 -0.119467 2
0.420016 0.398944 0.349063 3
0.912515 0.373976 -0.324725 1
-0.437148 0.273567 -0.329759 2
0.148316 0.286613 -0.372920 0
0.441530 0.421005 0.040683 5
-0.217405 0.271446 -0.309322 2
0.153633 -0.125284 -0.513017 0
-0.211893 0.280546 -0.370474 2
0.141515 0.435244 -0.188602 4
0.962085 0.369122 -0.337662 1
0.274780 0.245653 -0.432722 0
0.090548 0.459041 -0.075586 4
-0.681726 0.261105 -0.213034 2
0.233760 0.414480 -0.314910 7
0.978741 0.365871 -0.431591 1
-0.570251 0.272943 -0.167399 2
0.449703 0.389921 0.162565 3
0.727228 0.387300 -0.434870 1
0.681117 0.393591 -0.483110 1
0.340555 0.432015 0.192042 3
0.187149 -0.056433 -0.455445 0
0.823891 0.381800 -0.453782 1
0.198950 0.376084 -0.217329 0
0.169535 0.458555 0.209658 3
0.056441 0.452610 -0.020726 4
0.283938 0.451393 0.118654 3
0.146055 0.271546 -0.318033 0
0.286580 0.274127 -0.423338 0
0.110389 0.326607 -0.449190 6
0.274805 0.432637 -0.128839 5
0.027447 0.460884 -0.065723 4
0.188726 0.451781 0.170964 3
0.015874 0.193176 -0.384966 0
0.156581 0.341143 -0.287490 8
0.104627 0.465239 -0.220857 4
0.205363 0.449277 0.139051 3
0.289953 0.445919 -0.349529 7
0.135917 0.318506 -0.420743 6
0.052745 0.400615 -0.273365 8
-0.441835 0.284961 -0.137204 2
0.337127 0.420660 0.325862 3
0.169378 0.396329 -0.515177 6
-0.060280 0.452967 -0.082762 4
0.125359 0.301706 -0.336183 0
0.335166 0.420845 0.042765 3
0.216290 0.416591 -0.260996 7
0.975216 0.375070 -0.396622 1
0.134929 0.447996 -0.227262 4
0.319481 0.454571 -0.371086 7
0.405317 0.408777 0.204751 3
-0.793930 0.258362 -0.154802 2
0.111626 0.361223 -0.335115 8
0.202168 -0.177182 -0.502539 0
0.392962 0.486895 -0.350867 7
-0.431015 0.282520 -0.276903 2
-0.634593 0.267561 -0.166855 2
-0.115223 0.451388 -0.015501 4
0.404587 0.411454 0.118873 3
-0.205497 0.307456 -0.239137 2
0.370821 0.414165 0.159833 3
-0.497268 0.277163 -0.101458 2
-0.058231 0.433707 0.035009 4
0.378777 0.455161 -0.114886 5
0.139261 0.164132 -0.406336 0
-0.150288 0.273438 -0.345160 0
0.350051 0.383009 0.433312 3
0.919906 0.378881 -0.403940 1
0.215895 0.391537 -0.292860 7
0.160486 0.232775 -0.369543 0
0.178540 0.296085 -0.302155 0
0.781120 0.385581 -0.422252 1
-0.619191 0.265109 -0.195965 2
0.059282 0.380406 -0.423277 6
-0.422503 0.282960 -0.227694 2
-0.488966 0.278043 -0.220714 2
0.534642 0.382022 -0.453924 1
-0.021773 0.435617 0.013775 4
0.173317 0.383182 -0.285198 7
0.098162 0.388536 -0.636198 6
-0.108111 0.234006 -0.349641 0
0.684273 0.390458 -0.443215 1
0.264681 0.430099 0.023030 3
-0.081260 0.450459 -0.004172 4
0.120116 0.374318 -0.291216 8
0.347734 0.468993 -0.341590 7
0.135855 0.320882 -0.467477 6
0.365422 0.448917 -0.078851 5
0.224565 0.417550 -0.112402 0
0.099085 0.320161 -0.381949 6
-0.255378 0.305115 -0.305108 2
0.148668 0.409652 -0.197475 4
0.317564 0.296931 -0.451879 0
0.186926 0.404879 -0.568568 6
0.462700 0.431573 -0.039194 5
0.153350 0.447811 0.119621 3
-0.393591 0.286278 -0.280381 2
0.422111 0.446062 -0.076428 5
0.331070 0.433552 -0.128768 5
0.112086 0.408021 -0.602011 6
0.409142 0.384169 0.176771 3
-0.076824 0.454609 -0.118629 4
0.740659 0.386272 -0.346240 1
0.159900 0.440870 -0.678584 6
0.502351 0.447635 -0.078826 5
0.077595 0.456019 -0.170540 4
0.506719 0.395964 -0.487001 1
0.179036 0.375690 -0.187546 0
0.883528 0.384440 -0.379573 1
0.335127 0.426771 0.136502 3
0.124086 0.401678 -0.578114 6
-0.467198 0.283814 -0.191150 2
0.571636 0.396033 -0.418566 1
-0.004050 0.178309 -0.371069 0
0.217696 -0.299097 -0.539798 0
0.215884 -0.352655 -0.550213 0
0.263883 0.440276 0.243425 3
-0.576264 0.269433 -0.256529 2
0.317723 0.460224 -0.098516 5
0.873216 0.381146 -0.426595 1
0.567196 0.416732 0.021570 5
0.267928 0.199088 -0.408868 0
0.147343 0.453261 -0.085777 4
-0.029733 0.215501 -0.351204 0
0.536322 0.418650 -0.514336 1
0.828323 0.373866 -0.316891 1
0.127162 0.245293 -0.364808 0
0.264490 0.447974 0.210748 3
0.471991 0.420648 0.013177 5
0.345766 0.285145 -0.426490 0
-0.133917 0.242784 -0.340579 0
0.590750 0.408900 -0.518812 1
0.241715 0.413990 -0.138539 5
0.747459 0.385607 -0.482720 1
-0.291344 0.295289 -0.257176 2
0.275844 0.454541 0.145014 3
0.082952 0.361170 -0.524213 6
0.083552 0.111256 -0.394956 0
-0.210156 0.294843 -0.270832 2
0.297389 0.449192 0.191212 3
0.223400 -0.261652 -0.551534 0
-0.434244 0.283973 -0.196128 2
0.178365 0.105648 -0.413763 0
0.162762 0.262236 -0.368579 0
0.224827 0.173688 -0.408838 0
0.282423 0.424736 -0.059006 5
-0.286557 0.272211 -0.282258 2
-0.081193 0.221265 -0.355850 0
0.099850 0.394699 -0.285716 8
0.196911 0.419471 -0.658181 6
0.169451 -0.006455 -0.465405 0
0.166096 0.227796 -0.327801 0
0.382773 0.370695 0.430712 3
0.434484 0.431776 -0.018571 5
-0.625948 0.268178 -0.088911 2
0.159386 0.419799 -0.581338 6
0.520544 0.415276 0.021421 5
0.768547 0.378289 -0.318212 1
0.291435 0.443343 -0.155952 5
0.254533 0.202925 -0.439710 0
0.405627 0.384824 0.330558 3
0.368289 0.418131 0.187163 3
0.123361 0.439760 -0.722947 6
0.403993 0.340014 -0.443689 1
0.298194 0.441357 -0.324884 7
0.571529 0.400280 -0.373358 1
0.441883 0.347251 0.421621 3
-0.282344 0.299364 -0.213034 2
0.446870 0.377859 0.125197 3
0.207928 -0.249672 -0.523602 0
0.184377 0.350353 -0.273610 0
0.265927 0.446970 -0.382965 7
0.595244 0.397348 -0.475877 1
0.227461 0.450581 0.275739 3
-0.117631 0.426543 -0.033625 4
0.146096 0.035908 -0.417451 0
0.181989 0.336110 -0.438059 6
0.368423 0.408453 0.112384 3
-0.442361 0.280814 -0.244594 2
0.679510 0.393391 -0.394698 1
0.469671 0.363498 0.118474 3
0.395953 0.381553 0.387286 3
0.174871 -0.210666 -0.521206 0
0.373774 0.403309 0.348258 3
0.366781 0.455500 -0.154002 5
-0.635430 0.263670 -0.242355 2
0.384869 0.352329 0.467583 3
0.178763 0.444803 -0.113023 4
0.160688 0.317690 -0.428650 6
0.183123 0.429227 -0.076118 3
0.368954 0.329412 -0.433038 0
0.169868 0.378691 -0.534220 6
0.358201 0.429901 -0.020325 5
0.126021 0.083462 -0.423068 0
0.297125 0.430733 0.328746 3
-0.470011 0.282283 -0.135964 2
-0.397374 0.285991 -0.233689 2
0.266426 0.421414 -0.233736 7
0.933357 0.374241 -0.340186 1
0.139446 0.185888 -0.385552 0
0.878560 0.373647 -0.466461 1
0.465104 0.451674 -0.107689 5
0.462368 0.381034 -0.463537 1
0.562518 0.409365 -0.028931 5
0.618556 0.410008 -0.531716 1
0.196649 0.359115 -0.247200 0
0.066436 0.435868 -0.110366 4
0.433862 0.377760 0.222159 3
0.006094 0.455890 -0.043949 4
0.197473 0.460553 0.235262 3
0.179189 0.156029 -0.418091 0
0.287619 0.437510 0.097522 3
0.205541 -0.140957 -0.523140 0
0.228821 0.453095 0.043227 3
0.027675 0.178268 -0.367438 0
0.164699 0.370213 -0.410147 6
0.187221 -0.286703 -0.536947 0
0.943867 0.377271 -0.388977 1
-0.445968 0.279919 -0.297278 2
-0.492044 0.269556 -0.314428 2
0.160489 0.076079 -0.429040 0
0.209936 0.149935 -0.434269 0
-0.322606 0.293200 -0.213468 2
0.173172 0.034423 -0.440787 0
-0.539832 0.271351 -0.288570 2
0.220555 0.369347 -0.279958 7
0.359930 0.420806 0.239590 3
0.109586 0.445287 -0.174981 4
0.322378 0.436243 -0.060507 5
0.145395 0.415456 -0.729316 6
0.187004 -0.332799 -0.553130 0
-0.043025 0.447863 -0.021190 4
0.170583 0.173848 -0.383910 0
0.558948 0.395114 -0.464780 1
0.117613 0.451306 -0.064449 4
-0.016748 0.455959 -0.187569 4
0.219215 -0.198771 -0.536630 0
0.233429 0.168805 -0.440320 0
0.361269 0.414886 0.329717 3
0.243266 0.448118 0.167886 3
-0.249379 0.281114 -0.354320 2
0.062257 0.161913 -0.393436 0
0.111960 0.382135 -0.555509 6
0.236644 0.388537 -0.491783 6
-0.053420 0.221987 -0.372471 0
0.603848 0.390497 -0.445308 1
0.193953 -0.062746 -0.489802 0
0.008988 0.460379 -0.091335 4
0.178320 0.296071 -0.277215 0
0.190937 0.388493 -0.503719 6
0.397114 0.389587 0.152737 3
0.502178 0.395355 -0.368620 1
0.655930 0.393629 -0.328213 1
0.508823 0.433080 -0.059711 5
-0.370824 0.279466 -0.354639 2
-0.313805 0.293751 -0.166358 2
0.171392 -0.156815 -0.505217 0
0.110115 0.443267 -0.015971 4
0.198118 -0.217304 -0.563745 0
0.500950 0.459057 -0.130378 5
0.179683 -0.234868 -0.529729 0
0.075827 0.453744 -0.135562 4
0.157923 0.326220 -0.481036 6
-0.402718 0.286761 -0.147020 2
0.131950 0.461501 0.091916 3
0.333201 0.434503 0.218608 3
0.219628 0.381929 -0.550467 6
-0.515029 0.274003 -0.214131 2
0.142720 0.119441 -0.415712 0
0.097896 0.308383 -0.404255 6
0.324114 0.412804 0.353146 3
-0.202586 0.283085 -0.329409 2
0.485012 0.406206 -0.481515 1
0.539429 0.402353 0.036832 5
-0.594255 0.271504 -0.151078 2
0.165105 -0.111451 -0.474393 0
0.141473 0.238031 -0.416813 6
0.179065 0.386012 -0.230180 0
0.373174 0.475755 -0.388515 7
0.102122 0.386107 -0.506706 6
0.197811 0.416542 -0.120672 0
-0.705768 0.256764 -0.213744 2
0.187385 0.449427 0.014896 3
0.151897 0.437866 -0.143533 4
0.017112 0.463204 -0.139799 4
0.132749 0.314766 -0.390766 6
-0.107756 0.424573 -0.007543 4
-0.018905 0.473462 -0.169534 4
0.448466 0.443128 -0.067482 5
0.312632 0.430885 0.055177 3
0.218082 0.125897 -0.429780 0
0.510400 0.403804 -0.418028 1
0.701045 0.390259 -0.542526 1
0.195176 -0.379113 -0.532822 0
0.818035 0.382158 -0.338809 1
0.679140 0.393342 -0.344209 1
0.063961 0.463216 -0.083924 4
0.158215 0.466357 -0.106407 4
-0.507250 0.273655 -0.271716 2
-0.505978 0.278536 -0.170864 2
0.422283 0.372827 -0.443059 1
0.150329 0.266836 -0.402354 0
0.452929 0.368374 0.338620 3
0.252371 0.446449 0.068934 3
0.145032 0.456983 0.019842 3
0.192159 0.387265 -0.306276 7
0.396297 0.390792 0.106154 3
0.159971 -0.093822 -0.509573 0
0.507310 0.419163 -0.018093 5
-0.248737 0.303451 -0.221115 2
0.181052 0.375327 -0.262630 0
0.049932 0.442407 0.035763 4
-0.292760 0.291408 -0.344587 2
-0.413191 0.275458 -0.330602 2
-0.244196 0.289264 -0.325994 2
0.127071 0.425904 -0.637336 6
0.089317 0.393689 -0.601181 6
0.203951 -0.313450 -0.577367 0
-0.038455 0.455879 -0.073266 4
0.064208 0.444010 0.006964 4
0.195179 0.444649 -0.027923 3
-0.182009 0.289315 -0.286148 2
-0.515756 0.277371 -0.126785 2
0.448858 0.379358 0.305884 3
0.545473 0.424385 -0.021486 5
0.201450 0.095384 -0.397259 0
0.362369 0.316920 -0.464307 0
0.494451 0.421075 0.049582 5
0.726445 0.392968 -0.401988 1
0.770021 0.371900 -0.533314 1
0.155274 0.357163 -0.427739 6
-0.787534 0.258809 -0.117330 2
0.388335 0.399221 0.218433 3
1.016197 0.353182 -0.341478 1
-0.010131 0.462627 -0.126267 4
0.159981 -0.174939 -0.515593 0
0.927663 0.373484 -0.435003 1
0.730077 0.388243 -0.463323 1
0.296463 0.228972 -0.438472 0
0.020250 0.481103 -0.203612 4
0.223073 0.450812 0.214661 3
0.346258 0.428351 0.277968 3
0.625444 0.396355 -0.408082 1
0.083090 0.407378 -0.645042 6
0.092771 0.334624 -0.364315 0
0.198088 -0.186238 -0.542829 0
0.407492 0.380642 0.357243 3
0.397132 0.392153 0.300499 3
0.091324 0.339911 -0.431999 6
0.912085 0.370955 -0.468886 1
0.606657 0.397241 -0.333266 1
-0.175987 0.287188 -0.324654 2
-0.100016 0.440021 -0.048359 4
-0.588644 0.267500 -0.221318 2
0.054441 0.459319 -0.110890 4
-0.470378 0.278351 -0.244463 2
0.081165 0.397039 -0.570787 6
0.219069 0.439351 -0.023509 3
0.655362 0.390925 -0.443875 1
-0.655230 0.263904 -0.180208 2
-0.326372 0.296220 -0.339889 2
0.576075 0.413137 -0.544258 1
0.084132 0.347982 -0.406663 6
-0.064022 0.441425 -0.029261 4
0.302147 0.416133 0.016355 3
0.089213 0.377758 -0.558727 6
0.073061 0.353652 -0.484504 6
0.485523 0.401145 -0.446622 1
0.028599 0.461301 -0.165265 4
0.711202 0.383722 -0.319889 1
0.208698 0.461693 0.291734 3
0.340451 0.401006 0.386325 3
-0.078820 0.247206 -0.365394 0
-0.398106 0.287967 -0.181322 2
0.397443 0.365535 -0.434422 1
0.389489 0.443762 -0.028358 5
0.253768 0.420615 -0.340279 7
0.130035 0.262555 -0.389338 0
0.173241 0.450827 -0.056270 3
0.146102 0.430300 -0.650196 6
0.861639 0.382336 -0.351714 1
0.185300 0.430702 -0.676320 6
0.256694 0.225851 -0.442642 0
0.255228 0.406018 -0.265273 7
0.176030 0.372597 -0.511889 6
0.111641 0.420440 -0.655491 6
0.150204 0.029451 -0.453253 0
0.199692 0.397959 -0.188211 0
0.187310 0.459802 0.256703 3
0.271018 0.427479 -0.009246 3
0.198668 0.400740 -0.599524 6
0.299266 0.273762 -0.448303 0
0.178747 0.422020 -0.625440 6
-0.630200 0.265156 -0.219921 2
0.869376 0.383424 -0.399746 1
0.444509 0.359753 -0.463323 1
-0.354939 0.288991 -0.176439 2
0.955879 0.361940 -0.473048 1
0.182973 -0.025496 -0.455113 0
0.023289 0.385649 -0.405710 6
-0.056666 0.457589 -0.134251 4
0.201378 0.387812 -0.275435 7
0.097662 0.120968 -0.411375 0
0.129586 0.283197 -0.351801 0
0.140799 0.348978 -0.330453 8
0.082569 0.451320 -0.037092 4
1.025344 0.364553 -0.391437 1
0.229983 0.199885 -0.414716 0
0.248538 0.432764 -0.031173 3
0.173165 0.452466 -0.010583 3
-0.103794 0.250147 -0.334106 0
-0.012251 0.200793 -0.374923 0
-0.108712 0.453744 -0.116509 4
0.059918 0.145826 -0.410445 0
0.135059 0.189805 -0.407927 0
0.778877 0.386250 -0.368216 1
0.313078 0.443248 -0.139022 5
0.283977 0.213773 -0.415483 0
0.136544 0.294837 -0.424502 6
0.234149 0.445503 0.253277 3
0.113287 0.322972 -0.423993 6
0.293642 0.420029 -0.019531 3
0.623071 0.397686 -0.350349 1
0.573769 0.429425 -0.029770 5
-0.713175 0.263727 -0.159612 2
0.178845 0.397963 -0.178095 4
0.149428 0.458438 -0.027825 3
0.360394 0.455996 -0.310288 7
0.332584 0.308150 -0.434742 0
0.427054 0.401031 0.281051 3
0.538875 0.429326 -0.057383 5
-0.356268 0.286096 -0.149121 2
0.085935 0.397872 -0.315353 8
0.069628 0.476202 -0.213475 4
0.215612 0.450989 0.191587 3
0.854594 0.376553 -0.314183 1
0.727624 0.390351 -0.519088 1
-0.759976 0.264444 -0.151156 2
0.203718 -0.220383 -0.533514 0
0.289095 0.440984 0.249135 3
0.172727 0.448568 0.108250 3
0.279378 0.427841 -0.290338 7
0.431805 0.368998 0.317030 3
0.836797 0.384768 -0.367160 1
0.426808 0.396760 0.212570 3
-0.085219 0.425238 0.032786 4
0.009337 0.170877 -0.395053 0
0.184606 -0.161824 -0.531374 0
0.295639 0.450975 0.163852 3
0.436665 0.374426 0.100019 3
-0.028001 0.455300 -0.053508 4
-0.720026 0.266877 -0.132905 2
-0.128188 0.413776 0.031049 4
-0.589799 0.271226 -0.121355 2
0.172659 0.013979 -0.457061 0
0.392783 0.399955 0.263019 3
0.248874 0.452116 0.289297 3
0.113464 0.440577 -0.139091 4
0.109121 0.326761 -0.334578 0
0.168641 0.458796 0.161518 3
0.703290 0.392574 -0.391984 1
0.389961 0.363320 -0.461799 0
0.520750 0.393890 -0.469874 1
-0.047748 0.464600 -0.158989 4
0.436348 0.357092 0.373677 3
-0.741305 0.263046 -0.176391 2
1.043969 0.353527 -0.386388 1
0.398473 0.373713 0.414641 3
0.356093 0.397612 0.074303 3
0.527328 0.399832 -0.376162 1
0.270907 0.436669 0.277862 3
0.167192 -0.046813 -0.484210 0
0.275742 0.433349 0.041958 3
0.214925 0.394038 -0.502123 6
0.945366 0.377017 -0.359093 1
-0.091321 0.457161 -0.152015 4
1.046898 0.350249 -0.361401 1
0.134497 0.386780 -0.558804 6
-0.587151 0.264263 -0.287304 2
0.213106 -0.280348 -0.570203 0
0.144448 0.292779 -0.401657 6
0.181846 0.458817 0.191364 3
-0.215842 0.294424 -0.315921 2
0.262508 0.229800 -0.409240 0
0.324731 0.447504 -0.303369 7
0.413448 0.401629 0.254590 3
1.020027 0.356439 -0.415707 1
0.190637 -0.390235 -0.579804 0
0.179682 0.423042 -0.729052 6
0.357054 0.389143 0.401008 3
0.080213 0.138883 -0.405459 0
-0.482209 0.275981 -0.263154 2
0.352845 0.447467 0.234664 3
0.492037 0.392329 -0.407239 1
0.306033 0.437828 -0.273673 7
0.772161 0.384729 -0.466464 1
0.769969 0.386469 -0.442775 1
0.161186 0.457253 0.068816 3
0.105823 0.350403 -0.419099 6
0.173033 0.353629 -0.474844 6
0.408791 0.388335 0.134261 3
0.220368 0.142106 -0.399193 0
-0.026819 0.433262 0.037356 4
-0.675886 0.254691 -0.250869 2
0.205799 -0.353514 -0.584177 0
0.163454 0.286727 -0.314935 0
0.420985 0.420466 0.023889 5
0.205013 0.388897 -0.324528 7
0.394895 0.326848 -0.428802 1
0.341323 0.284105 -0.449811 0
-0.121860 0.248701 -0.360328 0
0.189029 0.465576 -0.026613 3
0.324972 0.443307 0.146473 3
0.549472 0.400097 -0.367047 1
0.218152 0.401199 -0.135483 0
0.226818 0.450482 0.132377 3
0.414441 0.455686 -0.152222 5
0.159719 0.211105 -0.371479 0
0.116889 0.330225 -0.472641 6
-0.638767 0.267927 -0.134518 2
0.300639 0.443562 -0.096953 5
0.483286 0.443658 -0.090745 5
0.425769 0.359574 0.393635 3
0.024601 0.499721 -0.213913 4
0.331124 0.449525 0.235089 3
-0.067391 0.455928 -0.166156 4
0.796499 0.383015 -0.336342 1
-0.523956 0.276011 -0.192403 2
-0.056383 0.231192 -0.344114 0
-0.745247 0.267162 -0.134601 2
0.146194 0.312059 -0.445619 6
0.204064 0.421802 -0.158302 0
-0.146757 0.421026 0.003695 4
-0.109956 0.442673 -0.074094 4
0.394077 0.423355 0.268744 3
0.330880 0.429569 -0.028035 5
0.105169 0.423369 -0.677331 6
-0.757821 0.262036 -0.113950 2
0.076218 0.129064 -0.385281 0
0.667160 0.401748 -0.526769 1
0.381882 0.431085 0.236629 3
0.153732 -0.015592 -0.476908 0
0.574297 0.398356 -0.397361 1
0.588850 0.391017 -0.503970 1
0.338297 0.424970 0.303037 3
0.212393 0.104364 -0.423620 0
0.520887 0.419425 -0.001463 5
0.874192 0.369744 -0.488906 1
0.144411 0.219470 -0.387581 0
0.169970 -0.117398 -0.494429 0
0.356026 0.442733 0.202305 3
0.136865 0.137577 -0.395667 0
0.594831 0.406666 0.011283 5
0.039265 0.464314 -0.193213 4
-0.484662 0.279846 -0.172184 2
0.994769 0.355406 -0.446924 1
0.164158 0.349441 -0.234077 0
0.917050 0.378039 -0.353471 1
0.155470 0.247324 -0.352340 0
0.550205 0.403695 -0.500448 1
0.140388 0.344272 -0.302086 8
-0.308801 0.290408 -0.298565 2
-0.376331 0.288095 -0.334317 2
0.100544 0.455448 -0.098251 4
0.835632 0.372198 -0.499594 1
0.340730 0.471437 -0.367870 7
0.118751 0.377162 -0.315832 8
-0.168473 0.275762 -0.355929 0
-0.622835 0.263679 -0.259477 2
0.419213 0.332975 0.459897 3
-0.550893 0.273014 -0.181714 2
0.247397 0.442378 0.022347 3
0.658006 0.394739 -0.388791 1
0.059154 0.458272 -0.160330 4
-0.290445 0.290166 -0.322286 2
0.263645 0.452173 0.163749 3
0.032364 0.462775 -0.118874 4
0.907709 0.378150 -0.421236 1
0.420496 0.350557 0.432474 3
0.227909 0.423245 -0.368108 7
0.532588 0.396568 -0.409098 1
0.082906 0.331817 -0.389039 6
0.091709 0.450858 -0.185435 4
0.123667 0.118383 -0.396569 0
0.198638 -0.102145 -0.478776 0
0.746074 0.391192 -0.394413 1
0.609834 0.395136 -0.424055 1
0.329681 0.452576 -0.117193 5
0.034154 0.455770 -0.011491 4
0.354729 0.439251 -0.063499 5
-0.566755 0.267946 -0.275703 2
0.420340 0.382106 0.248998 3
0.167542 0.313127 -0.296670 0
-0.114203 0.268453 -0.349231 0
0.139686 0.425557 -0.168764 4
0.200011 0.391203 -0.547189 6
0.239886 0.188960 -0.434145 0
0.182913 0.077057 -0.411568 0
0.316883 0.419604 0.334656 3
0.195867 0.132228 -0.405179 0
0.375445 0.417147 0.287544 3
0.183296 0.005595 -0.422394 0
0.070847 0.414916 -0.278561 8
0.446664 0.376704 0.146581 3
0.489408 0.415828 0.029204 5
-0.086234 0.437535 -0.079080 4
-0.692314 0.263929 -0.161262 2
0.293069 0.425790 -0.117281 5
0.230379 0.399278 -0.273718 7
-0.617103 0.270219 -0.107741 2
0.393434 0.393446 0.345177 3
-0.298963 0.296178 -0.225917 2
0.121058 0.304190 -0.361061 0
0.477101 0.379118 -0.478229 1
-0.126219 0.434093 -0.005462 4
0.318978 0.408976 0.048488 3
0.089317 0.348568 -0.505605 6
0.086093 0.321083 -0.330819 0
0.377444 0.383923 0.073478 3
0.177718 0.269585 -0.318329 0
0.562833 0.420677 -0.000149 5
0.422246 0.451939 -0.098887 5
-0.553901 0.274369 -0.154618 2
0.146704 0.436124 -0.723284 6
0.741539 0.382587 -0.537989 1
0.078537 0.157313 -0.371808 0
0.119025 0.464245 -0.235829 4
0.190183 0.361952 -0.204865 0
0.131150 0.443928 -0.685714 6
0.837198 0.383741 -0.434717 1
-0.075924 0.447650 0.015665 4
-0.081023 0.470200 -0.131617 4
0.164555 0.272661 -0.334103 0
0.376824 0.416698 0.312334 3
0.181381 -0.019355 -0.432243 0
-0.555045 0.274499 -0.116323 2
0.343092 0.448517 -0.169581 5
0.480064 0.431003 -0.053581 5
-0.104210 0.238610 -0.374578 0
-0.090180 0.454370 -0.037268 4
0.162437 0.192518 -0.380790 0
-0.138315 0.271199 -0.319547 0
0.177580 0.366585 -0.238064 0
0.012301 0.451188 -0.016794 4
0.135412 0.416194 -0.618522 6
0.462647 0.393943 -0.400765 1
0.185262 -0.137523 -0.523432 0
-0.207958 0.290514 -0.294691 2
-0.032229 0.461300 -0.121586 4
0.584122 0.399886 0.043438 5
0.251932 0.448475 0.114798 3
0.628187 0.403023 -0.506148 1
-0.286748 0.293828 -0.177629 2
0.190540 -0.070531 -0.469960 0
0.211091 0.393123 -0.157671 0
0.706749 0.388089 -0.435525 1
-0.209942 0.293161 -0.354428 2
0.188696 0.448123 0.126389 3
-0.727277 0.257523 -0.199671 2
-0.695891 0.257669 -0.194580 2
0.125899 0.281397 -0.440662 6
-0.070210 0.222354 -0.384056 0
0.165674 0.358623 -0.495743 6
0.302257 0.444238 0.211596 3
0.019982 0.441033 0.023339 4
0.177594 -0.259627 -0.563034 0
0.254526 0.424848 -0.092254 5
0.035296 0.367233 -0.511201 6
0.069300 0.352307 -0.510305 6
0.347141 0.434248 0.095116 3
0.175332 0.089638 -0.426112 0
-0.442962 0.282870 -0.117032 2
0.161063 0.329688 -0.400259 6
0.385427 0.425060 -0.012533 5
0.365911 0.454394 -0.098375 5
0.046973 0.458075 -0.045112 4
0.903412 0.382242 -0.372908 1
0.408351 0.388821 0.203144 3
-0.676404 0.266716 -0.145375 2
0.217994 0.450753 0.234756 3
-0.653322 0.267716 -0.092539 2
0.305176 0.434409 0.291833 3
-0.257863 0.296842 -0.259910 2
-0.524215 0.273076 -0.254573 2
0.554226 0.390926 -0.443514 1
0.047424 0.462097 -0.067447 4
0.478229 0.381560 -0.451229 1
-0.368491 0.284586 -0.230558 2
0.200161 0.453877 0.077011 3
0.252825 0.418085 -0.309811 7
0.115792 0.317260 -0.402558 6
-0.467277 0.275782 -0.289358 2
0.133702 0.466349 -0.079138 4
0.427670 0.377705 0.285721 3
0.510745 0.380022 -0.455223 1
0.133064 0.277621 -0.414913 6
0.144100 0.073266 -0.415119 0
0.795417 0.380885 -0.475242 1
0.632209 0.397128 -0.484140 1
0.191373 0.409379 -0.140573 0
0.236606 0.402358 -0.299318 7
0.039564 0.149692 -0.374827 0
-0.324674 0.289969 -0.264844 2
0.190565 0.386367 -0.202441 0
0.387844 0.444083 -0.067964 5
0.452268 0.364889 0.108868 3
0.307216 0.273284 -0.429784 0
0.524572 0.402105 -0.499436 1
0.162974 0.380499 -0.499101 6
0.724996 0.388727 -0.358571 1
0.127202 0.421068 -0.711777 6
0.162239 0.391183 -0.548937 6
0.334070 0.299094 -0.417117 0
0.245019 0.449728 0.090973 3
-0.362431 0.288503 -0.309027 2
-0.233954 0.295126 -0.273949 2
0.274056 0.439031 -0.339886 7
0.087409 0.441785 0.012690 4
0.198004 -0.176163 -0.523712 0
0.172426 0.428440 -0.160875 4
-0.039492 0.432943 0.022158 4
0.348853 0.324305 -0.450734 0
0.152897 0.304138 -0.416536 6
0.427163 0.351056 0.460712 3
0.964580 0.365701 -0.447239 1
0.409685 0.429140 -0.031476 5
0.590988 0.394396 -0.429896 1
0.375667 0.398631 0.148659 3
0.157143 0.421382 -0.748377 6
0.421927 0.420106 0.004059 5
-0.159539 0.256173 -0.337484 0
0.373694 0.409286 0.203925 3
-0.594438 0.267384 -0.197441 2
-0.622835 0.269435 -0.150915 2
0.330943 0.451211 0.188129 3
-0.656553 0.259297 -0.255587 2
0.231071 0.432225 -0.324411 7
-0.637201 0.264603 -0.188020 2
0.459641 0.417601 0.031497 5
0.425565 0.455269 -0.128564 5
0.804711 0.376599 -0.509677 1
0.628247 0.404317 -0.547785 1
1.001131 0.361352 -0.423442 1
0.061435 0.483509 -0.230373 4
0.374387 0.452015 -0.133726 5
0.168296 0.440222 -0.701349 6
0.252061 0.430599 -0.053688 3
0.283309 0.446382 0.205522 3
0.976698 0.370136 -0.350671 1
-0.036063 0.442780 0.002467 4
0.202206 -0.232139 -0.517038 0
0.135671 0.336923 -0.481531 6
0.382474 0.395031 0.382858 3
0.133452 0.226739 -0.369631 0
0.207172 0.457302 0.272146 3
0.410776 0.413930 0.272593 3
0.045926 0.167588 -0.369354 0
0.494526 0.370680 -0.449613 1
0.034257 0.176618 -0.387790 0
0.072276 0.362999 -0.410609 6
0.355703 0.478568 -0.380240 7
-0.297687 0.285091 -0.368285 2
0.165210 0.394747 -0.198864 4
-0.791630 0.264628 -0.136449 2
0.241348 0.163138 -0.412207 0
0.703842 0.391099 -0.488295 1
-0.132108 0.276273 -0.351695 0
-0.356844 0.290598 -0.202341 2
-0.195924 0.262662 -0.328492 2
0.182863 -0.374205 -0.555088 0
0.235306 0.386261 -0.260050 7
0.662787 0.396414 -0.489151 1
0.168474 0.341725 -0.266327 0
-0.021541 0.459320 -0.082320 4
-0.412595 0.284581 -0.284295 2
-0.671583 0.264314 -0.164062 2
-0.623779 0.257726 -0.277963 2
-0.599203 0.266580 -0.247119 2
0.185677 0.077111 -0.436839 0
0.143885 0.267834 -0.374998 0
0.218653 0.411727 -0.332045 7
0.592331 0.398052 -0.388371 1
0.588856 0.401788 -0.360982 1
0.213276 0.453573 0.054751 3
0.128062 0.320429 -0.441914 6
0.364069 0.381789 0.420021 3
-0.445332 0.284047 -0.171690 2
0.187359 0.441255 0.032429 3
0.202266 0.436830 -0.069548 3
0.584194 0.423074 0.010701 5
-0.230806 0.312154 -0.234644 2
0.408708 0.368483 0.394960 3
0.539131 0.420408 0.021428 5
-0.547934 0.270809 -0.222947 2
0.182468 0.044632 -0.409962 0
-0.339192 0.293415 -0.244801 2
0.322201 0.289730 -0.434649 0
0.349902 0.402765 0.368389 3
0.400674 0.422420 0.005184 5
-0.010801 0.463042 -0.154432 4
0.170104 0.121741 -0.407278 0
0.176258 -0.276865 -0.549276 0
-0.055332 0.422934 0.061572 4
0.089350 0.371123 -0.539332 6
-0.288932 0.291119 -0.279937 2
0.914928 0.359036 -0.487828 1
0.397152 0.456316 -0.129396 5
0.425433 0.370335 -0.467086 1
-0.235510 0.296932 -0.205711 2
0.168718 0.408920 -0.564156 6
0.491795 0.395987 -0.505268 1
0.127702 0.100792 -0.406734 0
0.826611 0.386127 -0.409194 1
0.165159 0.352133 -0.396859 6
0.181795 0.361472 -0.297793 7
-0.515115 0.276991 -0.147487 2
0.183020 -0.318472 -0.538576 0
0.157179 0.458987 -0.047543 4
0.375838 0.478772 -0.347841 7
0.170282 0.401921 -0.583778 6
0.181491 0.327732 -0.270748 0
-0.508303 0.284287 -0.289835 2
0.298991 0.434529 0.020248 3
0.402155 0.391418 0.281598 3
0.184121 0.463589 0.220833 3
-0.167281 0.274656 -0.336653 0
-0.385876 0.286732 -0.297859 2
-0.110904 0.415673 0.023292 4
0.404611 0.362729 0.429082 3
0.212571 -0.190605 -0.519710 0
0.181769 0.446852 0.084855 3
0.437898 0.375999 -0.423158 1
0.057725 0.467331 -0.196618 4
0.204525 -0.372343 -0.587017 0
0.137803 0.437227 -0.211863 4
0.280363 0.255365 -0.448076 0
0.333278 0.446745 -0.143838 5
0.436259 0.362577 0.354698 3
0.087421 0.319552 -0.446102 6
-0.074252 0.444433 -0.054283 4
0.161748 -0.140098 -0.504333 0
0.316286 0.422356 0.098974 3
0.643214 0.395276 -0.414691 1
0.186852 0.426916 -0.641897 6
0.319460 0.453181 -0.320701 7
0.676512 0.393990 -0.464707 1
-0.138548 0.424406 0.042916 4
0.151025 0.150030 -0.397735 0
0.536599 0.406842 -0.531630 1
-0.775466 0.250182 -0.156608 2
0.881343 0.378621 -0.332840 1
0.196004 -0.075289 -0.449988 0
0.448767 0.368509 0.264891 3
-0.013673 0.442511 -0.003343 4
0.178658 0.062033 -0.400896 0
-0.534912 0.266265 -0.306090 2
0.186819 0.366979 -0.472008 6
0.196304 -0.101177 -0.498207 0
0.166673 0.229230 -0.352060 0
0.352322 0.426182 0.002165 5
0.391115 0.453605 -0.166356 5
0.060429 0.395796 -0.291024 8
0.309516 0.413384 0.365523 3
0.150120 0.255753 -0.308585 0
0.127493 0.371802 -0.271134 8
0.333175 0.414324 0.120489 3
0.158936 0.448011 -0.115047 4
0.925181 0.368669 -0.455547 1
0.146656 0.137726 -0.379595 0
-0.544173 0.272884 -0.097237 2
0.454968 0.454105 -0.131439 5
0.814371 0.379092 -0.469742 1
0.154529 0.206748 -0.400187 0
0.169387 0.465465 -0.071825 4
0.159576 0.416546 -0.599796 6
0.490304 0.422350 -0.010900 5
0.123238 0.460932 -0.105935 4
0.570377 0.400609 -0.352656 1
0.388756 0.401328 0.085077 3
0.433490 0.381516 0.266047 3
0.531774 0.392774 -0.438787 1
0.330484 0.406407 0.031849 3
0.772090 0.389814 -0.405163 1
0.170698 -0.124390 -0.521637 0
-0.234329 0.291993 -0.352224 2
-0.394188 0.285785 -0.261721 2
0.280814 0.433754 -0.309509 7
0.084116 0.388181 -0.293353 8
0.209120 -0.161213 -0.509249 0
0.355570 0.412695 0.093338 3
0.042920 0.490122 -0.223133 4
0.154797 0.174994 -0.393761 0
0.304667 0.433112 -0.055629 5
0.293887 0.258783 -0.430973 0
-0.253348 0.302661 -0.362314 2
0.142583 0.335094 -0.453518 6
0.125556 0.447970 -0.124840 4
-0.246123 0.284193 -0.282846 2
0.417831 0.341240 -0.456081 1
0.277074 0.445982 0.083541 3
0.899203 0.377308 -0.337917 1
-0.485169 0.281630 -0.116435 2
0.162875 0.049881 -0.439799 0
0.136505 0.460598 0.071647 3
0.783126 0.379536 -0.508769 1
-0.037564 0.447127 -0.039850 4
0.752565 0.384665 -0.501776 1
-0.666618 0.261423 -0.197466 2
0.183504 0.346159 -0.251758 0
-0.033926 0.225034 -0.367874 0
-0.429612 0.285141 -0.152939 2
0.150636 0.354898 -0.276600 8
0.328487 0.434334 0.254858 3
-0.072470 0.452354 -0.100778 4
0.370038 0.429371 0.252506 3
0.220432 -0.314486 -0.585697 0
-0.696424 0.264177 -0.088382 2
-0.068805 0.437798 -0.009253 4
0.151637 0.381587 -0.533710 6
0.196958 -0.202432 -0.551632 0
0.067220 0.362401 -0.535402 6
0.572326 0.403411 -0.003930 5
0.174998 -0.228266 -0.552448 0
0.156069 0.302379 -0.308587 0
-0.072819 0.237289 -0.349764 0
-0.606469 0.265765 -0.212939 2
0.097209 0.405080 -0.619061 6
0.222122 -0.255586 -0.533674 0
-0.012519 0.211327 -0.359865 0
0.255590 0.424982 -0.133615 5
0.397462 0.396312 0.245278 3
0.457345 0.393416 -0.476097 1
0.378283 0.327968 -0.448812 0
0.174939 -0.190401 -0.518590 0
0.125203 0.378653 -0.574346 6
1.006745 0.366108 -0.353877 1
-0.678620 0.259483 -0.231836 2
0.301296 0.239686 -0.424447 0
-0.249233 0.287931 -0.306248 2
0.235785 0.428029 -0.066351 3
0.104850 0.140254 -0.404315 0
0.236227 0.419335 -0.155108 5
-0.647597 0.261305 -0.223864 2
-0.326549 0.306894 -0.354687 2
0.276106 0.444687 -0.367996 7
-0.368617 0.288603 -0.188506 2
0.189117 -0.299987 -0.574245 0
0.034047 0.363217 -0.485470 6
0.233744 0.442743 -0.003416 3
0.098741 0.390186 -0.262624 8
0.281166 0.424251 0.017114 3
0.138632 0.355828 -0.502218 6
0.136392 0.366456 -0.289198 8
0.412457 0.356730 -0.448210 1
0.190368 -0.354834 -0.556805 0
-0.238021 0.303515 -0.310256 2
-0.559691 0.270245 -0.209108 2
-0.025058 0.189356 -0.380857 0
0.135339 0.452127 -0.060598 4
0.462445 0.381379 -0.488699 1
-0.140268 0.426244 0.020196 4
0.313811 0.416308 0.065904 3
0.203281 0.420238 -0.326989 7
-0.445830 0.283468 -0.315046 2
0.372137 0.399429 0.365956 3
0.393290 0.345670 -0.459534 1
0.458658 0.371959 0.159283 3
0.139287 0.307463 -0.375555 0
-0.271347 0.296447 -0.186746 2
0.389189 0.402095 0.163269 3
-0.263878 0.293071 -0.350093 2
0.383587 0.359703 0.450256 3
0.490355 0.437449 -0.069900 5
0.160730 0.339489 -0.248750 0
0.088157 0.460991 -0.228064 4
0.457721 0.387617 -0.428915 1
0.143588 0.436523 -0.238163 4
-0.481147 0.281042 -0.154531 2
0.273940 0.439180 0.258748 3
0.083989 0.346906 -0.471841 6
0.160610 0.458897 0.050885 3
0.637020 0.392485 -0.450209 1
0.355660 0.466838 -0.325010 7
0.156591 0.338385 -0.439790 6
0.353740 0.299686 -0.433407 0
0.424341 0.443087 -0.058864 5
0.148385 0.226998 -0.404460 0
0.742091 0.388603 -0.364007 1
0.421817 0.387774 0.368904 3
0.221584 0.407209 -0.161191 0
0.833650 0.378499 -0.468434 1
0.387196 0.350308 -0.443075 1
0.573003 0.408486 -0.516498 1
0.207129 -0.258738 -0.544678 0
0.446233 0.453327 -0.110237 5
0.698755 0.391743 -0.354749 1
0.756993 0.383812 -0.339403 1
0.110375 0.448542 -0.223632 4
0.931262 0.377488 -0.417966 1
0.209656 0.378437 -0.310823 7
0.294832 0.431974 0.055989 3
0.340442 0.403740 0.060663 3
0.178128 -0.294477 -0.551429 0
0.144126 0.451309 -0.103515 4
0.299472 0.449389 0.236229 3
0.211570 0.451775 0.117653 3
0.336187 0.441620 0.174056 3
0.122049 0.447359 -0.047675 4
0.210013 0.440242 -0.038799 3
-0.057291 0.462058 -0.062136 4
0.402240 0.396150 0.317066 3
0.307681 0.434323 0.257487 3
0.296855 0.440352 0.113411 3
0.212554 0.130110 -0.410927 0
-0.440108 0.282505 -0.220239 2
0.086430 0.355311 -0.422691 6
0.578315 0.403512 0.025747 5
0.398726 0.454078 -0.102299 5
0.955968 0.376802 -0.402406 1
0.291227 0.428054 -0.273098 7
-0.550490 0.280881 -0.274768 2
0.576287 0.396323 -0.468355 1
0.068884 0.383142 -0.606472 6
0.167305 0.416067 -0.205382 4
0.660808 0.412572 -0.540993 1
-0.046104 0.221739 -0.355001 0
0.114045 0.084415 -0.407070 0
0.329296 0.425892 0.087510 3
0.216380 -0.220512 -0.558247 0
0.661202 0.395427 -0.371241 1
0.130540 0.440736 -0.704519 6
0.162129 0.448176 0.017466 3
-0.328350 0.290434 -0.283300 2
0.139401 0.145059 -0.411465 0
0.304221 0.454310 -0.362202 7
0.249596 0.441101 -0.393619 7
0.350601 0.453608 -0.120102 5
-0.381081 0.287608 -0.153700 2
0.636547 0.406178 -0.522558 1
0.246753 0.442857 -0.367740 7
-0.328206 0.291851 -0.180005 2
0.211569 0.171660 -0.437080 0
0.167658 0.429966 -0.638166 6
0.170430 0.361684 -0.221349 0
0.554913 0.398676 -0.483813 1
0.415667 0.376398 0.102162 3
-0.267957 0.289727 -0.315301 2
0.383715 0.483220 -0.366301 7
0.544298 0.415047 -0.036336 5
0.217256 0.416928 -0.353942 7
0.445860 0.386390 -0.460761 1
0.204882 -0.251466 -0.563038 0
0.168604 -0.078973 -0.500758 0
0.798360 0.387954 -0.380349 1
0.181144 0.332017 -0.241603 0
0.184660 0.444877 0.049394 3
0.429545 0.392620 0.230443 3
0.105704 0.102590 -0.389744 0
-0.180193 0.266684 -0.346543 0
0.215664 0.385656 -0.188985 0
-0.088357 0.429525 -0.004568 4
0.423830 0.381260 0.327251 3
0.794126 0.387708 -0.410701 1
0.221379 0.403083 -0.307964 7
0.078349 0.454721 -0.153086 4
0.284011 0.228014 -0.425681 0
0.200944 0.382003 -0.486021 6
0.383802 0.423228 0.023373 3
0.305641 0.418590 -0.000612 3
-0.197046 0.298767 -0.251748 2
0.207587 0.387271 -0.206304 0
0.325681 0.266031 -0.422630 0
0.497892 0.390307 -0.429582 1
0.315401 0.442749 0.189917 3
-0.121225 0.415888 0.060700 4
-0.482207 0.280651 -0.199482 2
0.541157 0.423507 -0.004595 5
-0.709536 0.254162 -0.230571 2
0.175098 0.340163 -0.461449 6
0.980023 0.371710 -0.415228 1
0.185394 0.362746 -0.404919 6
0.280157 0.423570 -0.248450 7
0.668034 0.398597 -0.509684 1
0.873064 0.382368 -0.364828 1
0.256690 0.450103 0.194499 3
-0.153039 0.266616 -0.366879 0
-0.026899 0.208608 -0.369234 0
-0.092503 0.419243 0.047374 4
0.744564 0.386377 -0.435475 1
0.322116 0.434433 -0.043047 5
0.983424 0.374762 -0.381319 1
-0.075925 0.460423 -0.081808 4
0.128928 0.464959 0.133504 3
-0.091169 0.245082 -0.344872 0
-0.002621 0.439004 0.018231 4
0.232496 0.148322 -0.410571 0
-0.142620 0.256815 -0.347096 0
0.324663 0.281656 -0.455933 0
0.047697 0.363539 -0.499695 6
0.126898 0.266940 -0.371767 0
0.227627 0.421467 -0.095820 5
-0.047467 0.205438 -0.366162 0
0.381356 0.405547 0.299954 3
0.258519 0.419336 -0.254793 7
-0.167755 0.284915 -0.294817 2
0.334016 0.408404 0.372006 3
0.430221 0.352206 0.409736 3
0.112837 0.353202 -0.494560 6
0.358778 0.420517 0.170406 3
0.802041 0.384750 -0.441187 1
-0.252565 0.299121 -0.237354 2
0.173802 0.283487 -0.290467 0
-0.090982 0.235497 -0.361972 0
0.872828 0.378551 -0.443617 1
0.149703 0.245309 -0.374327 0
0.523784 0.440580 -0.055721 5
-0.089930 0.247766 -0.378512 0
0.193647 0.450113 0.151610 3
0.087213 0.440889 -0.134937 4
0.057311 0.367111 -0.391089 6
0.126375 0.442692 -0.177441 4
0.119930 0.265080 -0.355779 0
0.373711 0.414338 0.231671 3
0.223469 -0.332147 -0.565161 0
0.212805 0.452667 0.089407 3
0.085304 0.314435 -0.394332 6
0.703260 0.392016 -0.374862 1
0.147781 0.461698 0.038026 3
0.607475 0.419366 -0.540816 1
0.256827 0.444880 0.226401 3
0.402907 0.348257 0.462682 3
0.099030 0.305972 -0.368795 0
-0.702661 0.266696 -0.122893 2
0.237181 0.452485 0.058143 3
0.123052 0.308511 -0.425954 6
0.464538 0.438074 -0.061226 5
0.082874 0.459536 -0.060317 4
0.466626 0.444482 -0.087002 5
0.142617 0.437451 -0.673280 6
0.364540 0.373983 0.435880 3
-0.548202 0.270179 -0.240005 2
0.231158 0.449941 0.179781 3
0.449734 0.419707 -0.004212 5
0.355428 0.422518 0.258399 3
0.424257 0.374225 0.358056 3
0.549498 0.408323 0.049229 5
0.351586 0.452005 -0.089465 5
0.086456 0.404672 -0.299738 8
0.350121 0.434492 0.216605 3
0.075670 0.375246 -0.568748 6
0.186123 0.059670 -0.437048 0
0.617678 0.397085 -0.392950 1
-0.265031 0.301345 -0.216671 2
0.350138 0.448818 -0.142786 5
0.893958 0.372408 -0.313270 1
0.333070 0.462812 -0.347561 7
0.266858 0.193804 -0.432379 0
0.326720 0.399828 0.398061 3
0.026664 0.495264 -0.242166 4
-0.665458 0.259793 -0.217689 2
-0.776922 0.265242 -0.148930 2
0.250642 0.447796 0.152624 3
0.791240 0.380147 -0.493913 1
-0.579908 0.267661 -0.239553 2
0.047189 0.444287 -0.001958 4
0.168402 -0.108386 -0.515176 0
0.294479 0.257443 -0.414016 0
0.167870 -0.032203 -0.475756 0
0.228325 0.162419 -0.425538 0
0.185640 -0.317161 -0.576567 0
0.001225 0.459695 -0.185532 4
0.046857 0.165424 -0.386865 0
0.162465 0.452040 -0.098579 4
0.169917 0.326035 -0.282883 0
0.389696 0.403402 0.201433 3
-0.083620 0.452217 -0.020757 4
0.893013 0.373096 -0.457838 1
0.463978 0.363456 -0.458232 1
0.426664 0.369464 0.417501 3
0.180886 -0.034055 -0.440786 0
0.129620 0.225975 -0.407438 6
0.259187 0.428394 0.007234 3
0.149059 0.406865 -0.584204 6
0.684033 0.390697 -0.426428 1
0.190244 0.392498 -0.579410 6
0.553976 0.408762 -0.515988 1
0.090730 0.462371 -0.207350 4
0.353205 0.413971 0.116744 3
-0.276796 0.296185 -0.265457 2
0.267314 0.229338 -0.425399 0
0.237875 0.189905 -0.403822 0
0.110473 0.445439 -0.156132 4
0.207061 -0.329899 -0.570870 0
0.127305 0.123707 -0.421609 0
-0.388798 0.288778 -0.219590 2
0.865374 0.378449 -0.326839 1
0.025130 0.456871 -0.049646 4
0.194176 -0.123238 -0.499159 0
0.607191 0.399292 -0.355313 1
0.201672 -0.153959 -0.542532 0
-0.402020 0.285371 -0.307376 2
-0.187624 0.274731 -0.364881 0
0.940775 0.366179 -0.467013 1
0.061214 0.459032 -0.180503 4
0.100327 0.456802 -0.015930 4
0.690758 0.402666 -0.538147 1
-0.375422 0.288443 -0.275186 2
0.726591 0.391480 -0.418736 1
0.184844 0.458147 -0.046786 3
0.068075 0.341966 -0.472356 6
-0.041812 0.456635 -0.096123 4
0.632653 0.396827 -0.371258 1
0.887115 0.377522 -0.435134 1
0.119003 0.417860 -0.620718 6
0.350323 0.318973 -0.430904 0
0.162062 0.158900 -0.389000 0
0.181285 -0.388181 -0.534061 0
0.162348 0.413242 -0.188696 4
0.220568 -0.287501 -0.556898 0
0.065471 0.454494 -0.034560 4
0.143138 0.462118 0.104170 3
-0.357973 0.283131 -0.340161 2
0.347811 0.422859 0.150354 3
0.278632 0.429279 -0.082106 5
-0.718309 0.265329 -0.110294 2
0.295309 0.438070 -0.131868 5
0.298058 0.434742 0.306808 3
-0.120185 0.442712 -0.030979 4
0.317453 0.439431 0.217021 3
-0.720078 0.248521 -0.212206 2
0.150546 0.129340 -0.400007 0
0.488910 0.383033 -0.489114 1
0.500978 0.439379 -0.093081 5
0.173135 0.251942 -0.316265 0
0.414871 0.346465 0.450714 3
-0.538603 0.275800 -0.116120 2
0.200113 -0.230533 -0.554103 0
-0.092385 0.453502 -0.113285 4
0.494494 0.393828 -0.385543 1
0.337135 0.434228 0.236332 3
0.023388 0.460459 -0.099351 4
-0.653052 0.268308 -0.126310 2
0.697396 0.391970 -0.334138 1
0.403386 0.354980 -0.423255 1
0.219639 -0.236599 -0.529038 0
0.377260 0.407242 0.126836 3
0.907257 0.381962 -0.388913 1
0.192536 0.405073 -0.172359 0
0.485228 0.458584 -0.123788 5
0.188033 0.434779 -0.125737 4
0.360038 0.307339 -0.450068 0
0.239027 0.446587 0.212483 3
-0.071666 0.449959 -0.069551 4
0.165934 0.466122 0.225606 3
0.563747 0.401522 0.016383 5
0.166099 0.313253 -0.412967 6
0.124854 0.354420 -0.512719 6
0.161130 0.462717 0.196169 3
1.017733 0.370398 -0.373726 1
0.015870 0.361907 -0.499397 6
-0.343552 0.297803 -0.344707 2
0.717609 0.388831 -0.479699 1
0.445342 0.429154 -0.030561 5
0.246128 0.201758 -0.425695 0
0.202077 -0.125858 -0.517828 0
-0.333998 0.292518 -0.229292 2
-0.505444 0.274442 -0.232245 2
-0.488805 0.276734 -0.237028 2
-0.556183 0.269232 -0.254259 2
0.292980 0.431538 0.072326 3
0.311469 0.443869 -0.084512 5
0.180738 -0.245475 -0.542785 0
0.317033 0.266843 -0.450025 0
0.374178 0.403373 0.171595 3
0.097519 0.450876 -0.057462 4
-0.622969 0.266339 -0.180164 2
-0.344627 0.289923 -0.283673 2
0.559938 0.397671 -0.405870 1
0.213699 -0.314893 -0.537253 0
0.001031 0.464569 -0.141944 4
0.404546 0.378303 0.373853 3
0.861400 0.375861 -0.463550 1
0.093691 0.419631 -0.646516 6
-0.521915 0.271362 -0.278360 2
0.255860 0.451209 0.177993 3
-0.264723 0.289020 -0.293862 2
0.282003 0.435992 -0.144949 5
-0.124597 0.262188 -0.337442 0
-0.057297 0.208549 -0.384184 0
0.349449 0.456486 -0.298303 7
-0.678431 0.266848 -0.103650 2
0.648196 0.397169 -0.481311 1
0.141649 0.308694 -0.405754 6
0.248564 0.445305 0.245274 3
0.837467 0.387707 -0.389442 1
-0.310849 0.292563 -0.336726 2
0.179457 0.321105 -0.254409 0
0.207455 0.365674 -0.467479 6
0.006362 0.457692 -0.061733 4
0.151138 0.430690 -0.205363 4
-0.586292 0.269359 -0.182562 2
0.232224 0.399386 -0.251065 7
-0.329590 0.292247 -0.313503 2
-0.028364 0.461051 -0.165202 4
0.044272 0.382202 -0.429046 6
0.240359 0.425406 -0.084466 3
0.163407 0.239269 -0.339804 0
0.515677 0.425572 -0.047128 5
1.000760 0.371895 -0.383751 1
0.951109 0.371476 -0.435473 1
0.947016 0.371016 -0.332115 1
-0.603599 0.260518 -0.284589 2
-0.315183 0.294432 -0.191459 2
-0.061166 0.229267 -0.360146 0
0.839670 0.366308 -0.514093 1
0.436826 0.369466 0.301588 3
0.324897 0.447646 -0.159630 5
-0.216824 0.286852 -0.338557 2
0.080491 0.123003 -0.408363 0
-0.471668 0.278560 -0.223946 2
0.181798 0.372396 -0.217274 0
0.159608 0.436608 -0.661129 6
0.235844 0.451074 0.145741 3
0.182156 -0.051398 -0.480299 0
0.183854 -0.193783 -0.543633 0
-0.002484 0.450414 -0.023723 4
0.178928 0.014477 -0.439083 0
0.264822 0.209325 -0.428569 0
0.108555 0.294300 -0.358751 0
-0.384064 0.288602 -0.193010 2
0.216341 0.448526 -0.001064 3
0.131302 0.248697 -0.404395 6
0.810223 0.380714 -0.324847 1
0.118946 0.393615 -0.564299 6
0.220943 0.387768 -0.486372 6
-0.394784 0.286639 -0.162014 2
0.313320 0.441855 -0.287391 7
-0.739591 0.255651 -0.210192 2
0.192262 0.366844 -0.231606 0
0.190414 0.407709 -0.584407 6
0.268714 0.425058 -0.303655 7
0.175750 0.435736 -0.715341 6
0.096387 0.361066 -0.512659 6
0.432781 0.373942 0.393119 3
0.428608 0.382759 0.130725 3
-0.584642 0.267029 -0.270901 2
0.088873 0.376003 -0.523602 6
0.201078 0.389921 -0.174470 0
0.611010 0.397551 -0.478300 1
0.210030 -0.365731 -0.534225 0
0.393434 0.389588 0.172187 3
0.068532 0.142549 -0.395263 0
-0.047456 0.469933 -0.138302 4
-0.390221 0.294604 -0.338553 2
0.001719 0.192482 -0.377736 0
0.198587 0.095585 -0.413833 0
-0.580843 0.272159 -0.090622 2
0.050492 0.150139 -0.389262 0
0.118769 0.312910 -0.345326 0
0.092633 0.133338 -0.385324 0
0.664056 0.394532 -0.349057 1
0.289262 0.426831 0.030540 3
0.214374 -0.243678 -0.550455 0
0.205220 0.452783 0.023637 3
0.186935 0.144673 -0.410129 0
0.169458 -0.146371 -0.491949 0
-0.223174 0.271603 -0.324114 2
0.060027 0.365206 -0.427804 6
0.372849 0.389748 0.394553 3
0.561256 0.423031 -0.020552 5
0.156371 -0.058094 -0.486940 0
0.052751 0.442626 0.020152 4
0.785054 0.385663 -0.437997 1
0.212857 -0.220622 -0.519228 0
0.328129 0.424865 0.109461 3
-0.285045 0.291073 -0.359012 2
0.338699 0.444201 0.201966 3
0.465665 0.381085 -0.440940 1
0.710000 0.394356 -0.530148 1
0.390767 0.434100 -0.043960 5
-0.754311 0.255334 -0.181518 2
0.177790 0.436037 -0.689269 6
0.268747 0.420341 -0.280813 7
-0.218731 0.303301 -0.255210 2
0.212140 0.425007 -0.100528 0
0.539296 0.394423 -0.462532 1
0.230164 0.182425 -0.423550 0
0.172299 -0.166091 -0.522441 0
0.120035 0.374024 -0.531192 6
0.134674 0.444175 -0.140952 4
0.113801 0.437404 -0.690795 6
0.302831 0.430350 0.100886 3
0.251116 0.424472 -0.155751 5
0.609586 0.395151 -0.459932 1
0.202749 0.136599 -0.421399 0
0.204717 0.109491 -0.403433 0
0.176236 -0.066619 -0.490921 0
0.220102 -0.384655 -0.548978 0
0.465018 0.370922 0.328891 3
0.148982 0.441672 -0.224140 4
0.089204 0.406131 -0.283971 8
0.322248 0.421605 0.320018 3
0.008564 0.178192 -0.381171 0
-0.399209 0.282359 -0.127952 2
0.351763 0.419032 0.317926 3
-0.078204 0.432164 0.014472 4
0.442399 0.363067 0.326980 3
0.765979 0.386232 -0.426326 1
0.028560 0.456707 -0.180270 4
0.286398 0.427071 0.316483 3
0.121013 0.442306 -0.212617 4
0.195197 -0.348494 -0.572115 0
0.230492 0.387241 -0.288911 7
0.207107 0.387389 -0.513931 6
0.584714 0.385030 0.027899 5
0.207926 0.452711 0.222963 3
0.178043 0.368634 -0.282004 7
0.146434 0.330331 -0.298460 8
0.147241 0.460592 0.131282 3
0.322138 0.458454 -0.385979 7
-0.078270 0.234149 -0.373931 0
0.266362 0.453760 0.117537 3
0.082644 0.407018 -0.624321 6
0.353434 0.444304 -0.157354 5
0.191557 0.414882 -0.605830 6
0.575383 0.393827 -0.433538 1
0.174242 0.433074 -0.739668 6
0.135231 0.447852 -0.244849 4
0.432625 0.379421 0.161986 3
0.333589 0.416709 0.341413 3
0.217319 -0.357903 -0.570683 0
0.406782 0.444642 -0.074112 5
0.000702 0.208755 -0.371584 0
-0.253190 0.294102 -0.375311 2
0.095569 0.356974 -0.537640 6
0.028727 0.194125 -0.376272 0
0.307791 0.443846 0.157296 3
0.248980 0.176430 -0.432848 0
-0.446371 0.280233 -0.276679 2
0.089753 0.452610 -0.116168 4
0.015108 0.169153 -0.367391 0
0.227850 0.412175 -0.126579 5
0.617039 0.405842 -0.516854 1
0.242011 0.410996 -0.258013 7
-0.427864 0.283238 -0.210774 2
0.302454 0.443063 -0.390813 7
0.143882 0.181997 -0.371254 0
0.508944 0.413997 -0.502353 1
0.200196 0.452144 0.191558 3
0.133234 0.307248 -0.460701 6
0.184501 0.368472 -0.175049 0
0.104922 0.335908 -0.464728 6
0.356353 0.422233 0.199609 3
0.193305 -0.323399 -0.563616 0
0.156495 0.015441 -0.454639 0
-0.500949 0.280000 -0.123392 2
0.215174 -0.184020 -0.534704 0
0.247373 0.423746 -0.326616 7
0.347533 0.383791 0.416571 3
0.051126 0.137774 -0.400697 0
0.297735 0.441470 -0.309493 7
-0.211714 0.301000 -0.226624 2
0.154513 0.324949 -0.413356 6
0.333311 0.453948 -0.099779 5
-0.661008 0.267590 -0.112760 2
0.282202 0.436100 -0.113788 5
0.380377 0.452893 -0.089911 5
0.134354 0.299537 -0.392189 6
0.426990 0.357218 -0.453216 1
0.295509 0.434376 -0.167759 5
-0.578979 0.272780 -0.152106 2
-0.782648 0.260063 -0.165954 2
-0.064006 0.456580 -0.031758 4
0.266325 0.426889 -0.117396 5
0.593035 0.411614 -0.533752 1
0.098069 0.396213 -0.306093 8
0.019968 0.441301 0.007989 4
0.172782 0.360616 -0.385956 6
0.223103 0.389498 -0.565082 6
0.172100 -0.222062 -0.533484 0
