0.518115 -0.073311 0.004019 1
-0.801251 -0.410986 0.309557 2
-0.403699 0.310136 -0.395160 3
-0.166722 0.282088 0.571072 4
0.019267 -0.802408 0.203688 0
-0.115959 -0.183331 0.146959 0
0.853020 -0.511248 -0.104794 1
0.095459 0.253972 -0.141487 5
0.038188 0.196236 -0.615610 3
-0.382782 0.198557 0.072219 6
-0.561304 -0.057442 0.378964 2
0.310572 0.218735 0.215975 8
-0.055239 0.377183 0.205817 7
-0.307086 -0.020460 -0.577898 3
0.037109 -0.477768 0.134380 0
0.721662 -0.227964 -0.201669 1
0.200919 -0.131297 0.089432 0
-0.101513 0.327488 -0.368889 3
-0.001348 0.094724 0.090262 0
-0.696379 -0.179945 0.147930 2
-0.377922 -0.065372 0.166058 2
-0.181409 0.254468 -0.113216 6
0.755462 -0.207020 0.062438 1
-0.228547 0.216700 -0.555591 3
0.034638 0.346180 0.439864 4
0.310838 0.237764 -0.065880 5
-0.708487 -0.221394 0.381002 2
0.103407 0.253026 0.254920 4
-0.170253 0.254921 0.089283 6
-0.147421 0.297853 0.367249 4
0.082006 0.291576 -0.435405 3
-0.402179 0.139714 -0.494621 3
0.860237 -0.319872 -0.063875 1
-0.574051 -0.036047 0.144354 2
-0.261486 0.314589 -0.273238 3
0.180566 0.138135 0.109201 8
0.053964 -0.253413 0.131620 0
-0.045757 0.127782 -0.084099 0
0.608571 -0.099000 -0.153726 1
0.025931 -0.081274 0.106768 0
0.073776 0.254512 0.032134 5
0.084064 -0.643841 0.170271 0
0.346957 -0.061901 0.027385 1
-0.077580 0.291583 -0.528122 3
-0.417853 -0.001892 0.320007 2
0.785816 -0.373538 -0.198160 1
-0.244246 0.328848 -0.431060 3
-0.771189 -0.318750 0.187983 2
-0.065647 0.277204 -0.226369 3
-0.325373 0.223852 -0.070859 6
-0.226167 -0.087827 0.187284 0
0.629150 -0.125122 0.089328 1
-0.622367 -0.137647 0.270273 2
0.683958 -0.187982 -0.063354 1
-0.112558 0.387213 0.475882 4
-0.020024 0.252350 0.143557 7
0.023489 0.145840 0.215550 0
-0.458454 0.199328 -0.345168 3
-0.305714 0.111708 -0.585467 3
0.184791 0.266420 -0.046865 5
0.014185 0.334858 0.312730 4
0.007044 0.267490 -0.333151 3
-0.517080 -0.065357 0.256595 2
-0.332918 0.248360 -0.493536 3
-0.097228 0.224405 -0.026529 6
0.061171 -0.007861 0.199821 0
-0.787636 -0.270362 0.300105 2
-0.004449 -0.366187 0.164846 0
0.442385 -0.082274 0.099631 1
-0.056110 0.330889 0.574023 4
0.011723 -0.607958 0.083574 0
0.427855 -0.052239 -0.069756 1
-0.273807 0.259117 0.033418 6
0.113940 0.238434 -0.535448 3
-0.043361 0.000636 0.035886 0
0.018129 -0.738244 0.108793 0
0.757431 -0.270383 -0.091194 1
-0.384711 0.027720 -0.511684 3
-0.145657 0.374776 0.138430 7
0.041227 0.197428 -0.058361 5
0.201058 0.207042 0.200403 8
-0.720929 -0.192463 0.258089 2
-0.154522 0.266803 -0.452608 3
0.812614 -0.293910 0.031978 1
-0.165448 0.317231 -0.216264 3
-0.071281 0.222408 -0.131066 0
0.614893 -0.111449 -0.033488 1
0.867641 -0.429797 -0.036899 1
-0.637866 -0.131638 0.383875 2
-0.015425 0.330903 -0.451228 3
0.216166 0.239917 -0.144116 5
0.866965 -0.414215 -0.143541 1
-0.464374 -0.015256 0.135776 2
-0.055512 0.366257 0.391032 4
0.519126 -0.091834 -0.100007 1
-0.244748 0.394128 -0.336164 3
-0.033648 0.275228 0.244196 4
0.029457 0.293281 -0.549297 3
-0.007020 -0.177769 0.159804 0
0.086940 0.018895 0.107134 0
0.556568 -0.052996 0.093724 1
0.050684 0.184282 0.127051 0
-0.077475 0.156925 0.087030 0
0.066234 -0.823916 0.111474 0
-0.211180 0.184098 -0.052463 6
0.126845 -0.192098 0.112686 0
-0.413501 0.213018 -0.432923 3
-0.174514 0.305056 0.477693 4
-0.653737 -0.087477 0.153809 2
-0.080172 0.319686 0.097107 7
-0.354213 -0.019007 0.252802 2
-0.041778 0.091634 0.005506 0
0.694816 -0.140020 0.024052 1
-0.334331 0.344262 -0.323912 3
-0.227421 0.064746 -0.565879 3
0.125633 0.137601 0.183816 8
0.025670 -0.569322 0.165497 0
0.289173 -0.121749 0.067393 1
0.792230 -0.221620 -0.019439 1
-0.181870 0.332977 -0.313639 3
0.260835 0.185653 0.136174 8
0.010147 0.263381 -0.114244 5
-0.086324 0.253099 0.606779 4
-0.095234 0.319572 0.291521 4
-0.768007 -0.330515 0.363176 2
0.824314 -0.304613 -0.143875 1
-0.332740 -0.042436 -0.495472 3
-0.389776 0.190645 -0.019942 6
0.082079 0.318558 0.366924 4
0.661162 -0.177475 -0.161637 1
0.055287 0.080624 0.158278 0
-0.432310 0.291826 -0.316856 3
-0.481853 -0.052324 0.342612 2
-0.123464 0.169497 -0.091433 6
-0.036097 -0.255717 0.147675 0
-0.332069 0.180082 -0.544530 3
0.741817 -0.304024 -0.172612 1
-0.034071 0.387133 0.504169 4
-0.179421 0.234374 0.005826 6
-0.748964 -0.238689 0.173432 2
-0.239928 0.265880 -0.484675 3
-0.033570 -0.523016 0.130804 0
-0.590161 -0.079337 0.213023 2
-0.431726 -0.033857 0.228243 2
0.043713 -0.724193 0.186007 0
-0.806752 -0.346822 0.258080 2
-0.323611 0.305489 -0.435408 3
0.438893 -0.059305 0.019273 1
-0.053484 0.315389 -0.297463 3
-0.303464 -0.066717 0.210298 2
0.035425 0.246435 0.201662 7
-0.666045 -0.180592 0.326927 2
-0.430587 0.144307 0.038525 6
-0.201788 0.142087 -0.548405 3
-0.039222 -0.103402 0.145820 0
-0.272781 0.219156 0.101620 6
0.106731 0.255993 -0.050916 5
0.008033 0.327933 0.204174 7
-0.269007 0.260287 -0.110691 6
0.007408 -0.653661 0.159477 0
-0.165480 0.211430 -0.506186 3
0.013851 0.002750 0.090325 0
0.844780 -0.357531 0.004277 1
0.726826 -0.204198 -0.124414 1
-0.179176 0.328034 -0.391356 3
0.053649 -0.405894 0.115470 0
-0.165519 -0.131539 0.173109 0
0.008552 0.222117 0.005662 5
-0.149703 0.419570 0.199446 7
0.057121 -0.164077 0.104632 0
-0.097439 0.315974 -0.451315 3
0.806889 -0.444724 -0.175759 1
-0.017746 0.328801 -0.366417 3
-0.595194 -0.090788 0.322257 2
-0.093697 0.293460 -0.159883 3
0.593020 -0.089238 0.035762 1
-0.333320 0.215974 0.019866 6
-0.671216 -0.160388 0.214123 2
-0.742608 -0.264154 0.242481 2
-0.002413 0.225556 0.077556 7
-0.013770 0.253743 -0.592139 3
-0.517035 -0.040517 0.187976 2
-0.722266 -0.239529 0.312847 2
0.084732 0.314933 0.285568 4
0.723365 -0.209521 -0.006884 1
-0.263505 0.240489 -0.034321 6
0.107582 0.203740 0.201758 8
-0.292921 0.342313 -0.381557 3
-0.125321 0.336372 0.421912 4
-0.118049 0.346448 0.532994 4
0.095317 -0.568561 0.156925 0
0.825217 -0.374450 -0.104125 1
-0.291587 0.041460 -0.549789 3
-0.362342 0.056437 -0.570732 3
0.643574 -0.131790 -0.103686 1
-0.015978 -0.433364 0.130717 0
-0.369945 0.278658 -0.341896 3
0.020187 0.239195 0.268011 4
0.070376 0.253781 -0.586933 3
0.801036 -0.303076 -0.034761 1
-0.034834 -0.063256 0.082344 0
-0.796615 -0.411238 0.239914 2
0.246618 0.263414 -0.088760 5
0.035353 -0.317653 0.130034 0
0.053652 0.317020 -0.490336 3
-0.127865 0.313966 -0.271449 3
-0.220524 0.221397 0.060045 6
0.039751 0.299919 -0.381785 3
-0.210708 0.276545 -0.242036 3
-0.432247 0.250880 -0.382643 3
0.001303 -0.031330 0.144977 0
0.072954 -0.766124 0.144957 0
0.011493 -0.445235 0.188699 0
0.152976 0.263774 -0.103738 5
-0.004982 0.397588 0.437300 4
-0.043635 0.331663 0.161004 7
-0.362997 0.111230 -0.536984 3
-0.370054 0.261369 -0.438613 3
-0.006986 -0.206681 0.102784 0
0.496898 -0.085644 0.066571 1
-0.010012 0.204725 -0.099591 5
-0.258166 0.154064 -0.586863 3
-0.013626 -0.716714 0.159366 0
-0.153219 0.217024 -0.061959 6
0.014077 0.362799 0.382321 4
-0.057705 0.252214 0.090398 7
0.553075 -0.083194 -0.048341 1
0.013573 0.025325 0.177156 0
-0.015266 0.164700 0.078466 0
0.067385 -0.531879 0.198602 0
0.470085 -0.081963 -0.035181 1
0.030684 -0.533596 0.108204 0
0.387749 -0.056105 -0.018893 1
-0.112893 0.306501 0.590632 4
0.001688 -0.139287 0.094028 0
-0.133840 0.265037 -0.196911 3
-0.044926 0.180759 -0.052998 0
-0.021483 0.305303 -0.506695 3
-0.464798 -0.040450 0.284882 2
0.584113 -0.121710 -0.094069 1
0.107434 0.279625 -0.490947 3
0.169107 0.172100 0.158352 8
-0.541822 -0.063217 0.311925 2
0.121173 0.138595 0.120858 8
-0.277512 0.246792 -0.527998 3
0.053222 -0.685599 0.136483 0
0.386167 -0.061730 0.073209 1
0.768568 -0.247320 -0.145753 1
0.051059 0.195229 0.240879 4
0.032793 -0.133000 0.164835 0
0.246867 0.229659 0.232085 8
0.817149 -0.271267 -0.088744 1
-0.730518 -0.276792 0.377824 2
-0.100200 0.334852 0.366942 4
-0.042130 0.345396 0.328881 4
0.880525 -0.374155 -0.073806 1
-0.057547 0.328968 -0.409423 3
0.052267 0.056609 0.078809 0
-0.250017 0.111812 -0.534896 3
0.074698 -0.813792 0.178682 0
0.755934 -0.206970 -0.062769 1
-0.407553 -0.016658 0.149091 2
-0.347637 0.322275 -0.381438 3
-0.372556 0.189532 -0.493007 3
0.690410 -0.160035 0.078234 1
0.248165 0.264205 -0.030886 5
-0.628696 -0.123777 0.200024 2
0.069124 0.165269 0.182278 8
0.154818 0.227144 0.228541 8
-0.065897 0.394681 0.443270 4
0.657959 -0.160359 -0.020363 1
-0.118247 0.263983 0.009134 6
-0.658891 -0.193844 0.386663 2
-0.702009 -0.207198 0.204262 2
0.836686 -0.366824 -0.173845 1
-0.281472 0.358163 -0.303591 3
0.626049 -0.132052 0.018836 1
-0.208456 0.240553 -0.048970 6
0.564379 -0.072066 -0.127512 1
0.866849 -0.458350 -0.091028 1
-0.799311 -0.338550 0.313352 2
-0.797903 -0.293237 0.243793 2
-0.097638 0.395507 0.173936 7
0.057959 0.246936 -0.090123 5
-0.213010 0.332380 -0.244585 3
0.308274 0.202488 0.162512 8
0.014555 0.294522 0.273169 4
-0.305888 0.298557 -0.309241 3
-0.095362 0.225240 -0.181281 3
-0.223814 0.345392 -0.352777 3
-0.294074 0.285135 -0.478530 3
-0.320741 0.202306 0.079313 6
-0.056096 0.121876 0.049983 0
0.098940 -0.697098 0.169956 0
-0.034331 0.268913 -0.274434 3
0.787210 -0.316896 -0.104802 1
-0.059943 -0.206029 0.144248 0
0.121534 0.251834 0.004665 5
-0.099588 0.332204 0.147153 7
-0.351264 -0.027595 -0.545802 3
0.055803 0.235907 -0.019026 5
-0.081240 0.168354 -0.129616 0
0.091908 0.203455 -0.589691 3
0.052219 -0.011152 0.144676 0
0.013773 -0.516502 0.173529 0
0.846095 -0.473670 -0.143977 1
-0.622978 -0.137626 0.327363 2
0.786854 -0.319027 -0.202141 1
0.027152 -0.795438 0.144038 0
-0.667631 -0.167434 0.272074 2
0.831793 -0.255441 -0.004295 1
-0.312177 0.000694 -0.521215 3
0.786578 -0.248224 0.043545 1
0.043498 -0.622487 0.134665 0
-0.575251 -0.097661 0.272850 2
-0.194596 0.298686 -0.436794 3
-0.004553 0.035982 0.046309 0
-0.482170 -0.017481 0.225837 2
0.026835 -0.218718 0.161157 0
-0.403913 -0.027937 0.272903 2
0.014635 0.197887 0.201259 7
0.580065 -0.099744 0.100761 1
0.341002 -0.088854 0.074679 1
-0.132277 0.319254 -0.327029 3
-0.111627 0.386648 0.414881 4
0.015864 0.126885 0.167224 0
0.005041 -0.383115 0.116153 0
-0.523684 -0.047956 0.136524 2
0.039055 0.038266 0.132287 0
-0.058128 -0.152056 0.148154 0
-0.369958 -0.055343 0.216623 2
0.791787 -0.196621 0.026633 1
0.562640 -0.112458 -0.006415 1
-0.000366 0.350061 0.478125 4
-0.599719 -0.092350 0.381674 2
-0.765339 -0.255097 0.344354 2
-0.040933 0.320922 0.283325 4
-0.264772 0.082477 -0.597227 3
-0.790183 -0.367649 0.213086 2
-0.007926 -0.034343 0.049029 0
-0.223960 0.357643 -0.297189 3
-0.198131 0.247032 -0.523644 3
-0.390788 0.147514 0.070606 6
0.403618 -0.093803 0.032050 1
0.485105 -0.055711 -0.088766 1
0.261923 0.209315 0.187991 8
0.293411 -0.071387 0.061943 1
-0.005793 -0.305947 0.157395 0
0.240252 -0.111688 0.058967 0
0.678403 -0.112583 0.065293 1
0.749210 -0.164084 0.036383 1
0.039930 -0.618673 0.184866 0
0.029293 0.316051 -0.433468 3
-0.000251 -0.595996 0.131554 0
-0.137738 0.252354 0.599526 4
0.791690 -0.346974 -0.144849 1
-0.054153 0.125685 -0.034636 0
-0.251781 0.314654 -0.485904 3
-0.591329 -0.080041 0.161263 2
0.075079 -0.208638 0.119158 0
-0.025787 0.044662 -0.001684 0
-0.287071 0.200947 -0.551767 3
0.066418 -0.445690 0.159275 0
0.759477 -0.256578 -0.033940 1
-0.381336 0.328515 -0.318054 3
-0.394501 -0.001649 0.219970 2
0.171832 0.261928 -0.150530 5
0.645074 -0.131404 -0.172054 1
0.013116 0.283526 0.176836 7
0.020500 0.152065 -0.058552 5
0.707601 -0.159994 -0.024879 1
0.049491 -0.582467 0.105580 0
0.486100 -0.051601 0.101270 1
0.711166 -0.250170 -0.158595 1
-0.684353 -0.133102 0.158736 2
0.845665 -0.302701 -0.009142 1
-0.402360 0.073707 -0.506980 3
0.152024 -0.152981 0.096137 0
0.281689 0.239975 -0.114258 5
-0.075155 0.366747 0.122116 7
-0.153115 0.292772 0.525096 4
-0.070956 0.360321 0.534497 4
0.029927 -0.405800 0.158315 0
0.076220 0.286590 -0.536382 3
0.072539 0.141138 0.139828 8
-0.311961 0.065968 -0.601019 3
0.030769 -0.084416 0.161969 0
0.103702 0.275934 -0.098866 5
0.068158 -0.529653 0.146285 0
-0.470072 -0.052850 0.188596 2
-0.761355 -0.232498 0.284854 2
-0.711076 -0.191995 0.312830 2
0.540046 -0.072116 0.048982 1
-0.131270 0.234192 -0.101670 6
0.055554 0.313868 0.326653 4
0.065466 -0.055021 0.097904 0
-0.121627 0.296363 -0.414476 3
0.850592 -0.335091 -0.115497 1
0.005129 0.379735 0.327155 4
-0.272092 -0.096421 0.176686 0
0.056017 0.269859 0.259859 4
-0.000799 -0.270925 0.119361 0
-0.223953 0.255421 -0.092003 6
-0.317359 0.230105 -0.024516 6
-0.542124 -0.071496 0.213678 2
0.016062 0.217253 0.158002 7
0.741113 -0.273141 -0.208511 1
0.022918 -0.447053 0.101322 0
0.201600 0.263848 -0.102988 5
0.069102 0.345157 0.407702 4
-0.334391 0.014569 -0.562437 3
0.835803 -0.359887 -0.060370 1
-0.039241 0.275488 -0.559185 3
0.679108 -0.158435 -0.118760 1
-0.112394 0.296999 0.328877 4
0.221338 0.189679 0.161119 8
-0.148790 0.253317 0.047738 6
-0.450535 0.249559 -0.339664 3
-0.025996 0.084891 0.048894 0
-0.023022 0.340185 0.542481 4
-0.179614 0.268294 -0.205215 3
0.052768 -0.114162 0.126014 0
-0.055058 0.298519 0.130125 7
0.790337 -0.238107 -0.064967 1
0.042246 0.255404 -0.146817 5
0.423686 -0.082181 -0.033818 1
-0.138804 0.336168 0.466184 4
-0.069353 0.194467 -0.089812 0
-0.111624 0.297526 -0.231436 3
0.723406 -0.239210 -0.093160 1
-0.789221 -0.440705 0.276322 2
-0.192902 0.188387 -0.547969 3
0.853989 -0.414067 -0.092688 1
0.060344 -0.678348 0.189266 0
-0.134124 0.233809 -0.481086 3
0.041771 -0.361421 0.159417 0
-0.189377 0.268104 -0.482491 3
0.645917 -0.157980 -0.064548 1
-0.337082 -0.047253 0.175124 2
0.002130 0.207588 -0.036981 5
-0.363597 0.154298 -0.520228 3
-0.243867 0.236610 0.007839 6
0.789043 -0.279556 -0.170192 1
0.004151 -0.111485 0.135618 0
0.062142 -0.773859 0.195939 0
0.697489 -0.192248 -0.187977 1
-0.307343 0.158142 -0.575428 3
-0.210569 -0.128804 0.175461 0
-0.095300 0.276556 0.096400 7
0.001999 0.064089 0.132340 0
-0.440798 0.208845 -0.397220 3
-0.376911 0.274355 -0.389627 3
-0.055491 0.332406 -0.342165 3
-0.234030 0.109732 -0.576910 3
0.457745 -0.060518 0.063396 1
-0.076185 0.402378 0.497291 4
-0.620696 -0.101671 0.238109 2
-0.068495 0.061706 0.025321 0
0.024447 -0.661097 0.112688 0
0.811292 -0.402238 -0.163016 1
0.083758 0.254264 -0.459564 3
-0.081692 0.153105 -0.077301 0
-0.014866 0.305566 -0.326187 3
-0.732274 -0.193695 0.174627 2
0.599567 -0.151750 -0.022702 1
-0.525298 -0.053803 0.351956 2
0.013401 0.139513 0.100819 0
-0.055462 0.319281 -0.465859 3
0.789570 -0.272063 -0.005458 1
0.755510 -0.239640 0.006664 1
-0.428070 -0.051752 0.174965 2
-0.000765 0.333920 -0.406722 3
0.756875 -0.289477 -0.134019 1
-0.740823 -0.217542 0.228136 2
-0.321624 -0.029462 0.225602 2
0.722263 -0.129441 0.056292 1
0.709105 -0.180955 0.034936 1
0.089629 0.113576 0.187416 8
0.084573 0.244733 -0.504086 3
0.002159 0.206471 0.118366 7
-0.221779 0.344042 -0.396073 3
0.857508 -0.387131 -0.034702 1
-0.402321 0.305578 -0.351528 3
0.028765 0.235347 -0.600090 3
-0.168086 0.329229 -0.268863 3
-0.812946 -0.389274 0.273178 2
-0.073617 0.282937 0.297918 4
-0.491284 -0.011482 0.169460 2
-0.068867 0.306612 -0.257564 3
-0.775209 -0.264249 0.214546 2
0.026745 -0.176885 0.132127 0
-0.000639 0.166611 0.176458 7
0.689125 -0.207451 -0.144195 1
-0.091634 0.356159 0.331077 4
-0.008609 0.091849 -0.021178 0
-0.400540 0.180831 0.020014 6
0.829559 -0.271484 -0.048078 1
0.815822 -0.320462 -0.073594 1
0.518705 -0.083498 0.102896 1
0.487236 -0.062378 0.032490 1
-0.264742 -0.056626 0.189194 0
0.117746 0.282684 0.281302 4
-0.002385 -0.482331 0.148511 0
0.212633 0.154207 0.131392 8
0.661080 -0.147825 0.049969 1
0.717719 -0.182964 -0.089164 1
0.169972 0.266169 -0.007418 5
-0.278258 0.242103 -0.073829 6
-0.278302 0.225861 0.060400 6
-0.321569 0.218506 -0.520995 3
0.002345 0.254826 0.233212 4
0.028051 -0.751285 0.157899 0
0.624137 -0.083684 0.084521 1
-0.415189 0.188664 -0.466958 3
-0.501095 -0.050391 0.303129 2
-0.787403 -0.367655 0.340916 2
0.067213 -0.722475 0.150315 0
-0.653834 -0.130781 0.243729 2
-0.369192 0.222561 -0.467882 3
0.014816 0.328667 -0.481078 3
0.794296 -0.274653 -0.123958 1
-0.072805 0.360202 0.172331 7
-0.779464 -0.304813 0.326891 2
-0.155061 0.295608 0.407843 4
-0.680542 -0.209641 0.352549 2
-0.332575 0.334419 -0.283789 3
0.499852 -0.085843 -0.063969 1
-0.783455 -0.315870 0.282696 2
-0.147279 0.235761 -0.019941 6
-0.072415 0.263566 -0.188169 3
-0.096202 0.299439 -0.488926 3
-0.217673 0.262361 -0.131991 6
-0.240930 0.261084 -0.539673 3
-0.140003 0.321320 -0.381444 3
-0.028969 0.379853 0.349759 4
0.037837 0.348428 0.352302 4
0.134683 0.246068 -0.156564 5
0.564256 -0.086509 -0.088682 1
0.758873 -0.222516 -0.104305 1
-0.168498 0.330617 -0.352169 3
0.001541 -0.086486 0.074645 0
0.026474 0.096649 0.119850 0
-0.657677 -0.138619 0.298927 2
0.615833 -0.139384 -0.145020 1
-0.097907 0.202947 -0.060946 6
-0.448595 -0.019218 0.339980 2
-0.723055 -0.235648 0.272060 2
-0.015648 0.348588 0.229709 7
-0.002496 -0.554795 0.140344 0
-0.292821 0.349405 -0.341406 3
-0.108035 0.204791 -0.116866 6
-0.019092 -0.087250 0.113093 0
0.008285 -0.040359 0.106341 0
-0.353035 0.215013 -0.035258 6
-0.003244 -0.320041 0.119257 0
-0.306449 0.028574 -0.587423 3
0.014559 0.044608 0.084743 0
-0.755075 -0.286358 0.170996 2
0.067721 -0.597295 0.154021 0
-0.544190 -0.094840 0.247918 2
-0.145688 0.332977 0.505382 4
0.072076 0.237645 0.235641 4
-0.191372 0.246710 0.050354 6
-0.001782 0.000853 0.027868 0
0.756541 -0.191175 0.005119 1
-0.204158 0.305580 -0.215719 3
0.041133 0.306070 -0.342590 3
-0.383070 -0.005762 -0.536542 3
0.844104 -0.429406 -0.172183 1
-0.387151 -0.033426 0.188388 2
0.720276 -0.222563 -0.055256 1
0.739711 -0.181053 -0.034559 1
-0.097889 0.314318 -0.297067 3
0.639966 -0.105524 0.044464 1
0.014616 -0.693483 0.136697 0
0.068409 0.207124 0.200668 0
0.778413 -0.289628 -0.064083 1
0.163755 0.145982 0.188321 8
-0.026697 0.402867 0.405054 4
-0.156480 0.289163 -0.175829 3
-0.624164 -0.063026 0.146110 2
-0.097731 0.327200 -0.412415 3
-0.290318 0.332257 -0.419120 3
-0.223193 0.164560 -0.573242 3
-0.006495 -0.061380 0.168523 0
-0.763751 -0.290662 0.362952 2
-0.001655 -0.234898 0.140134 0
0.662725 -0.127559 0.005952 1
0.611512 -0.134536 -0.064468 1
0.033910 0.091046 0.188858 0
0.684288 -0.173426 0.004743 1
-0.401094 0.248951 -0.419258 3
-0.733155 -0.227154 0.352009 2
-0.021205 0.246355 0.105552 7
0.221195 0.266090 -0.060008 5
0.073589 0.028039 0.145806 0
-0.694490 -0.165258 0.244701 2
-0.417067 0.267709 -0.344705 3
-0.033076 0.138606 -0.005278 0
0.859814 -0.369026 -0.130832 1
-0.560426 -0.085528 0.352853 2
-0.069010 0.304101 0.598246 4
0.567717 -0.101561 0.064506 1
-0.759593 -0.278489 0.273711 2
0.816196 -0.225021 0.013025 1
-0.655486 -0.160970 0.366661 2
0.422038 -0.081656 0.063353 1
0.025973 0.315732 -0.516758 3
-0.151638 -0.167149 0.170909 0
-0.222345 0.298213 -0.463160 3
0.722336 -0.180632 0.070851 1
-0.041181 0.377372 0.466801 4
0.030405 -0.212350 0.118263 0
0.038529 0.186139 0.173244 0
-0.625106 -0.111122 0.297456 2
-0.102321 0.249595 -0.211665 3
-0.000966 0.282069 -0.298988 3
0.470989 -0.059683 -0.004427 1
-0.001155 0.294433 0.219475 7
-0.159793 0.312312 0.441595 4
-0.179142 0.242043 -0.073876 6
0.280351 0.254603 -0.050982 5
-0.133306 0.403977 0.159109 7
0.014652 0.235573 -0.088967 5
-0.085038 -0.197391 0.171125 0
-0.071027 0.320448 0.320448 4
0.117754 0.254757 0.042051 5
0.153173 0.187553 0.188798 8
-0.273486 0.074750 -0.561420 3
-0.023795 -0.134480 0.121319 0
0.825026 -0.334425 -0.034844 1
-0.021558 0.155628 -0.077140 5
0.054272 0.125813 0.184345 0
-0.369152 0.196096 0.033796 6
0.234551 -0.144705 0.079653 0
-0.090486 0.385736 0.383932 4
-0.388537 -0.003080 0.296250 2
-0.795085 -0.319933 0.217748 2
0.649651 -0.126667 -0.034318 1
-0.293645 0.227674 0.004299 6
0.763449 -0.344950 -0.188794 1
-0.097892 0.364600 0.507262 4
0.059318 0.312707 -0.411557 3
-0.643659 -0.121672 0.164808 2
0.519127 -0.071385 -0.035486 1
0.556202 -0.107859 -0.118188 1
0.152024 0.143424 0.141722 8
-0.556840 -0.051886 0.173246 2
-0.351940 0.298786 -0.412312 3
0.054368 -0.758108 0.113848 0
-0.530237 -0.018689 0.158295 2
-0.100864 0.395970 0.210801 7
0.071214 0.259624 -0.169428 5
-0.002816 0.352336 0.350595 4
-0.134954 0.317845 0.549031 4
-0.753633 -0.274199 0.313843 2
-0.487700 -0.053795 0.228907 2
-0.365841 0.092684 -0.576193 3
0.817797 -0.335225 -0.173842 1
-0.155792 0.304787 -0.425257 3
0.014941 -0.276026 0.152396 0
0.824891 -0.302397 -0.106606 1
-0.258420 0.343354 -0.369169 3
-0.043589 0.152758 0.100413 0
0.031203 0.057273 0.173911 0
0.869201 -0.351742 -0.047140 1
0.683688 -0.191133 -0.103012 1
0.595997 -0.101507 -0.065642 1
0.678506 -0.146617 -0.047196 1
0.072433 -0.481482 0.142697 0
-0.006498 -0.406198 0.159370 0
0.847945 -0.443816 -0.118543 1
-0.017765 0.306544 0.166036 7
-0.131683 0.335644 0.348793 4
0.013916 -0.447094 0.146053 0
-0.036929 0.316243 0.247581 7
-0.615373 -0.106248 0.352061 2
0.068842 -0.081812 0.123025 0
-0.276231 0.317539 -0.449084 3
-0.303935 0.233090 0.088410 6
-0.016908 0.125483 0.079176 0
-0.373156 -0.031781 -0.513473 3
0.137682 0.264562 -0.034475 5
0.525658 -0.061339 -0.118123 1
0.029195 0.265475 -0.580620 3
-0.101416 0.254708 -0.161801 3
0.015138 -0.334896 0.159493 0
-0.007008 -0.165942 0.118442 0
0.116835 0.234681 0.217067 8
0.185527 -0.163789 0.089979 0
-0.063243 0.351362 0.300673 4
-0.371131 0.076687 -0.532957 3
-0.114428 0.360915 0.451821 4
0.388552 -0.063987 0.019510 1
0.036849 0.368010 0.315858 4
0.360621 -0.092971 0.038162 1
0.073722 0.270239 -0.118452 5
0.014107 -0.513316 0.132304 0
-0.002391 0.218331 -0.602444 3
0.595043 -0.097846 -0.005114 1
0.614736 -0.111309 -0.120930 1
-0.022172 0.350736 0.508527 4
0.082570 -0.025135 0.132524 0
-0.176567 0.222735 -0.035767 6
-0.101789 0.336741 0.563039 4
-0.387372 -0.039612 0.243253 2
0.043383 -0.652772 0.171501 0
-0.737385 -0.256465 0.201843 2
0.263844 -0.087400 0.073145 0
0.831700 -0.507417 -0.132845 1
-0.002101 0.282543 -0.561275 3
-0.341563 0.127882 -0.559730 3
-0.109238 0.362930 0.132445 7
-0.384740 0.112173 -0.509066 3
0.045994 0.274509 -0.405540 3
-0.542254 -0.082835 0.281094 2
0.706732 -0.194368 -0.034107 1
0.028410 -0.141196 0.130770 0
-0.000769 0.366230 0.421846 4
0.065289 -0.805156 0.141238 0
0.723222 -0.159637 0.006592 1
0.072607 0.237379 -0.049837 5
-0.243787 0.239314 -0.507310 3
0.000041 0.251162 0.173267 7
0.028509 -0.568487 0.129940 0
0.220149 0.235309 0.208150 8
0.072440 -0.129555 0.101575 0
-0.700756 -0.206949 0.283036 2
0.139105 0.263303 -0.071730 5
-0.564376 -0.053915 0.287020 2
-0.445176 -0.044104 0.139033 2
0.734399 -0.224270 -0.158328 1
-0.246901 0.188683 -0.565219 3
0.066062 -0.648928 0.134905 0
0.055351 0.163748 0.226785 0
0.661800 -0.141203 0.084122 1
-0.666659 -0.137252 0.188353 2
0.103847 0.165858 0.182208 8
0.020358 -0.411975 0.104419 0
0.738579 -0.257900 -0.118155 1
0.095824 0.251317 -0.562074 3
0.028669 -0.049834 0.161209 0
-0.131948 0.322530 0.390854 4
-0.051192 0.194433 -0.127340 0
-0.558176 -0.094250 0.309660 2
-0.038591 -0.017132 0.065192 0
0.672418 -0.151811 -0.181901 1
0.118409 0.306125 0.306682 4
0.026291 -0.013624 0.118745 0
-0.022250 0.333709 0.188755 7
-0.612400 -0.095685 0.188514 2
-0.304523 -0.076681 0.177335 2
0.835569 -0.403736 -0.134126 1
-0.201173 0.327372 -0.417997 3
-0.244707 0.248401 -0.062005 6
-0.053344 0.286553 0.269949 4
-0.008247 0.001598 0.061586 0
-0.417198 0.283434 -0.378486 3
0.829171 -0.320779 0.018889 1
0.611299 -0.120469 0.060575 1
-0.194082 -0.098986 0.177539 0
0.864615 -0.477372 -0.062807 1
-0.100485 0.282333 -0.202346 3
0.008708 -0.069900 0.133881 0
0.568760 -0.113783 -0.049297 1
-0.193283 0.347643 -0.282481 3
0.871287 -0.404728 -0.062031 1
-0.353389 0.186444 0.084338 6
-0.099841 0.328666 -0.331036 3
-0.243967 0.362263 -0.324327 3
0.057037 -0.573863 0.177597 0
-0.297014 0.243152 -0.102204 6
-0.320684 -0.036058 -0.533852 3
-0.338434 0.304832 -0.316368 3
-0.003214 0.188150 -0.064230 5
0.246887 0.246009 -0.131282 5
-0.686244 -0.167872 0.300303 2
0.044723 -0.542000 0.171283 0
0.868002 -0.345827 -0.088662 1
-0.309363 0.216926 0.050889 6
0.772790 -0.322619 -0.158381 1
-0.433672 -0.032645 0.295062 2
0.054637 0.297833 0.297069 4
-0.780171 -0.390097 0.293675 2
-0.320408 -0.007640 -0.489701 3
0.043776 -0.501423 0.175116 0
0.756263 -0.258941 -0.174760 1
-0.340611 0.264091 -0.464907 3
0.114302 0.131193 0.152829 8
-0.364489 0.206240 -0.004440 6
0.039136 0.242096 0.239543 4
0.876333 -0.389207 -0.103385 1
-0.126711 0.285100 -0.449347 3
0.034011 -0.720638 0.138987 0
-0.786094 -0.400930 0.337902 2
0.451981 -0.079866 -0.063198 1
-0.807611 -0.366897 0.297720 2
0.312015 -0.097008 0.051326 1
0.013848 0.318023 -0.366691 3
-0.303350 0.254914 -0.507548 3
-0.151103 0.326628 -0.297462 3
-0.209272 0.238464 0.020138 6
-0.223555 0.235164 -0.019744 6
0.088817 0.253302 -0.022969 5
-0.261957 0.121648 -0.593462 3
0.549841 -0.076944 0.017536 1
0.002370 -0.464995 0.120476 0
-0.362674 0.027349 -0.550507 3
-0.261970 0.217872 -0.533044 3
-0.035969 -0.187001 0.131353 0
-0.035720 0.075439 -0.030869 0
0.661467 -0.146310 -0.144057 1
-0.116047 0.231139 -0.072443 6
-0.085243 0.367198 0.410978 4
0.645746 -0.160980 -0.118910 1
-0.574598 -0.083118 0.242971 2
0.820314 -0.386850 -0.194117 1
0.816026 -0.336297 -0.102376 1
0.022984 0.001777 0.156291 0
-0.083700 0.375341 0.465653 4
0.815722 -0.369223 -0.142558 1
0.123534 0.258689 -0.118492 5
-0.264827 0.044037 -0.568991 3
0.032868 -0.632131 0.099917 0
-0.706717 -0.255160 0.383694 2
0.696291 -0.226532 -0.175488 1
0.813564 -0.294106 -0.003764 1
0.534607 -0.075900 -0.074209 1
-0.737748 -0.212447 0.295019 2
-0.761456 -0.291723 0.203353 2
0.264266 -0.114574 0.091089 0
0.740152 -0.196476 0.035700 1
-0.112260 -0.161893 0.171179 0
-0.770490 -0.252159 0.257968 2
0.014615 -0.621460 0.149562 0
0.036622 -0.690448 0.105801 0
-0.500847 -0.044247 0.160032 2
0.022707 -0.361314 0.132551 0
-0.681932 -0.178410 0.189326 2
0.520946 -0.065369 0.076121 1
-0.069828 0.344963 0.352256 4
0.277847 0.219139 0.214425 8
0.692757 -0.162343 -0.089076 1
0.835193 -0.337260 -0.143889 1
0.058595 0.296157 -0.466119 3
-0.008982 0.318270 0.287122 4
0.040848 0.070024 0.108603 0
0.106387 0.218386 -0.559589 3
0.068080 0.220603 -0.603021 3
0.038741 0.346611 0.397106 4
-0.194578 0.343768 -0.366130 3
0.446038 -0.079916 -0.006177 1
0.035944 -0.810470 0.171051 0
0.037516 0.217536 0.215450 0
0.453980 -0.082039 0.036150 1
-0.335536 -0.066911 0.210525 2
-0.014092 -0.596096 0.160479 0
0.086612 0.284774 0.273955 4
-0.070078 0.328512 -0.379927 3
-0.715988 -0.221227 0.173436 2
-0.069628 0.344262 0.144756 7
-0.073175 0.236708 -0.159633 3
0.327270 0.214994 0.188935 8
-0.182456 0.220488 -0.532192 3
-0.038156 0.295790 -0.532264 3
-0.132042 0.285090 0.576622 4
-0.289682 0.011226 -0.559848 3
0.035977 -0.027064 0.091475 0
0.036413 0.274127 -0.343560 3
0.532480 -0.101735 0.003855 1
-0.320722 0.321635 -0.398338 3
0.580135 -0.114421 0.020019 1
-0.021547 -0.402184 0.128707 0
0.485912 -0.085937 0.005314 1
0.615050 -0.110979 -0.089218 1
-0.623637 -0.096316 0.149176 2
-0.487732 -0.039815 0.257361 2
-0.016583 0.386908 0.378043 4
0.415656 -0.076232 0.006012 1
-0.041513 0.028570 0.021127 0
-0.377056 0.317075 -0.366716 3
-0.723405 -0.257497 0.353849 2
0.808084 -0.252843 -0.034404 1
-0.322508 0.343851 -0.370723 3
-0.263235 0.265477 -0.505884 3
-0.690718 -0.193223 0.230139 2
0.821716 -0.508519 -0.102697 1
-0.058294 0.066659 -0.004244 0
-0.124986 0.363123 0.159672 7
0.770426 -0.278377 -0.198385 1
0.087831 0.299211 0.312576 4
-0.023684 0.283887 0.145191 7
0.170320 0.252971 -0.079972 5
-0.037295 0.150815 -0.047830 0
-0.653329 -0.144770 0.330350 2
0.086324 0.254403 -0.079142 5
0.691267 -0.176213 -0.143621 1
-0.452296 0.223097 -0.371878 3
-0.050201 0.269678 0.119166 7
0.139465 0.164589 0.164620 8
-0.362555 0.332947 -0.342563 3
0.089455 0.291687 -0.465799 3
0.067358 -0.753204 0.173169 0
0.484792 -0.082673 0.103459 1
-0.401760 0.167623 0.049496 6
0.026155 -0.303950 0.160406 0
-0.703026 -0.221726 0.329645 2
0.629572 -0.111855 -0.004585 1
0.011485 -0.111589 0.104210 0
0.023218 0.266845 0.252833 4
-0.401257 0.219744 -0.460670 3
0.708964 -0.257143 -0.188765 1
0.200712 0.222634 0.228759 8
-0.134131 0.319359 -0.241558 3
0.858441 -0.331392 -0.026367 1
0.042522 -0.440294 0.136216 0
-0.136123 0.299582 -0.212554 3
0.118265 0.260258 -0.512566 3
-0.747275 -0.222331 0.258053 2
0.181878 0.160059 0.131037 8
0.521308 -0.092777 0.035528 1
-0.258292 0.343092 -0.284885 3
0.736869 -0.276250 -0.157977 1
0.661903 -0.170224 -0.088007 1
-0.021812 0.319076 -0.479020 3
-0.402970 -0.043188 0.212975 2
0.074071 0.298943 -0.508259 3
-0.680230 -0.182388 0.366835 2
0.105177 0.249883 -0.481164 3
-0.638489 -0.130278 0.353017 2
-0.446972 -0.034135 0.254893 2
-0.605748 -0.094193 0.272547 2
0.871416 -0.443424 -0.064128 1
0.043004 0.223586 -0.077006 5
-0.298191 0.334256 -0.312917 3
0.554776 -0.083534 0.093400 1
0.137599 0.208600 0.211386 8
0.065645 0.184711 -0.608837 3
0.767855 -0.208769 -0.034718 1
-0.544522 -0.062616 0.242782 2
-0.285964 0.328954 -0.284372 3
-0.069554 0.321006 -0.436290 3
-0.147327 0.247059 0.008351 6
-0.004135 0.281739 0.252794 4
0.206080 0.254537 -0.028646 5
-0.079904 0.126731 -0.050824 0
-0.224184 0.330300 -0.272796 3
0.066351 -0.415314 0.141442 0
-0.407812 0.309920 -0.321940 3
-0.119455 0.247965 -0.018914 6
0.680595 -0.178850 -0.034558 1
-0.558965 -0.057891 0.340306 2
0.090334 -0.183153 0.112760 0
0.598510 -0.086216 0.065471 1
-0.084332 0.299736 0.119599 7
0.707796 -0.181127 -0.118500 1
-0.594796 -0.111871 0.297263 2
0.791824 -0.254948 -0.091953 1
-0.462228 -0.036383 0.212769 2
-0.042448 0.362672 0.229418 7
-0.002040 -0.043685 0.078125 0
0.557041 -0.101714 0.034812 1
-0.006558 -0.193623 0.133480 0
-0.074780 0.185657 -0.153534 3
0.877650 -0.428987 -0.104120 1
-0.058150 0.301388 -0.507166 3
0.029378 0.015913 0.112641 0
0.276943 0.255901 -0.089064 5
0.645204 -0.126938 -0.064164 1
0.038623 0.220420 0.006795 5
0.032959 0.102937 0.160710 0
-0.099489 0.285526 0.607596 4
0.788311 -0.353907 -0.173921 1
-0.769623 -0.302835 0.240381 2
-0.006632 0.299247 -0.532075 3
-0.336181 0.097303 -0.576214 3
-0.035556 -0.223368 0.146613 0
0.068941 0.277973 -0.569235 3
-0.511359 -0.064729 0.327370 2
-0.005287 0.364219 0.452169 4
-0.766392 -0.242658 0.312591 2
-0.012746 0.061871 0.033646 0
0.022208 -0.466329 0.170370 0
0.039812 -0.775865 0.170236 0
-0.262939 0.341206 -0.411087 3
0.599920 -0.127329 -0.004104 1
0.278090 0.197412 0.157573 8
-0.181535 0.182084 -0.055778 6
0.630342 -0.161702 -0.031651 1
-0.332968 0.057227 -0.576015 3
0.051494 -0.194884 0.131202 0
0.845752 -0.295376 -0.072709 1
0.079271 0.078187 0.175788 8
-0.165133 0.253143 -0.490980 3
-0.057182 0.167393 -0.088405 0
-0.113803 0.260055 0.615694 4
0.662374 -0.153306 0.020771 1
0.030660 0.035426 0.199242 0
-0.017841 0.367716 0.312818 4
0.582553 -0.116375 -0.128704 1
0.034727 -0.645283 0.198821 0
-0.277670 0.172812 -0.574819 3
0.752798 -0.320130 -0.200911 1
-0.146045 0.364855 0.465686 4
0.771039 -0.292044 -0.106041 1
-0.015370 0.333801 0.312834 4
-0.180079 0.321957 -0.242862 3
0.533568 -0.100265 -0.034225 1
-0.209575 0.346150 -0.326943 3
0.292048 0.219102 0.188566 8
0.485786 -0.061459 -0.049424 1
-0.760488 -0.239495 0.228624 2
0.756121 -0.256270 -0.063219 1
-0.057443 0.376526 0.421653 4
0.040513 0.188343 0.212936 0
-0.352778 0.221105 -0.492270 3
0.032713 -0.595688 0.140314 0
-0.054447 0.366460 0.508902 4
-0.259988 0.115517 -0.562314 3
-0.098828 0.346610 0.394988 4
-0.719911 -0.194872 0.227334 2
-0.245429 0.252754 -0.131701 6
-0.451593 -0.034261 0.173953 2
0.008204 -0.385077 0.145245 0
0.755667 -0.221335 0.034588 1
-0.040777 0.294137 -0.261071 3
-0.788518 -0.334445 0.342690 2
-0.715022 -0.170644 0.169473 2
-0.402556 0.166983 -0.484064 3
0.151769 0.134931 0.105423 8
-0.043192 0.355069 0.191027 7
-0.654386 -0.130243 0.214555 2
0.051746 -0.363943 0.131984 0
0.069729 -0.159538 0.130534 0
0.405703 -0.061028 -0.042739 1
-0.680778 -0.220717 0.390048 2
-0.125354 0.196672 -0.053442 6
-0.067288 0.152811 0.060057 0
0.616038 -0.100690 0.022088 1
-0.525022 -0.053075 0.286780 2
0.865651 -0.443220 -0.142095 1
0.048849 -0.695602 0.209587 0
-0.096739 0.180474 -0.089116 6
0.152027 -0.181010 0.103600 0
0.086358 0.188712 0.185519 8
0.673986 -0.123516 0.035566 1
-0.287201 0.140427 -0.586342 3
-0.412189 0.108001 -0.500867 3
-0.388453 -0.039237 0.159452 2
0.024378 0.165998 0.190982 7
-0.627018 -0.129340 0.228367 2
0.040519 0.224843 -0.048216 5
-0.706495 -0.195533 0.341411 2
-0.097506 0.222990 -0.152132 3
-0.320944 0.284706 -0.455326 3
-0.243868 0.225851 0.076501 6
-0.293165 0.237111 -0.049591 6
-0.006170 -0.346596 0.130248 0
-0.054075 0.267630 -0.253436 3
-0.014813 0.231867 -0.091165 5
0.724086 -0.148695 0.034937 1
-0.593039 -0.107388 0.243712 2
-0.015168 -0.121602 0.154390 0
0.006246 -0.414298 0.129369 0
-0.039490 0.331907 -0.435529 3
0.401647 -0.066156 0.049407 1
-0.512510 -0.050828 0.214753 2
-0.444658 0.277783 -0.338624 3
-0.226400 0.297429 -0.253852 3
0.679670 -0.142013 -0.016800 1
0.234429 0.172232 0.126891 8
0.042553 0.041893 0.103521 0
-0.258553 -0.091216 0.201361 0
0.023758 0.282554 0.211911 7
0.059892 0.335564 0.381327 4
0.723119 -0.174426 -0.062401 1
-0.412318 0.166195 -0.001548 6
-0.798128 -0.290997 0.272302 2
0.719553 -0.238684 -0.127453 1
0.016363 -0.542997 0.159338 0
-0.352748 -0.044217 0.239401 2
0.247667 0.203225 0.163983 8
0.514566 -0.050035 0.099414 1
0.856583 -0.479336 -0.118020 1
0.121816 -0.168684 0.097131 0
-0.104752 0.239180 0.005075 6
0.548372 -0.080444 -0.020068 1
-0.731370 -0.207482 0.203200 2
-0.013101 -0.276295 0.147317 0
0.015678 -0.763961 0.120772 0
0.423154 -0.057461 -0.019738 1
0.853684 -0.385442 -0.073320 1
-0.068370 0.152714 -0.050359 0
-0.084479 0.321698 0.582141 4
0.072793 -0.668941 0.163204 0
0.222347 0.241856 -0.116462 5
0.051414 -0.572995 0.146099 0
0.852574 -0.386950 -0.161703 1
-0.124492 0.331013 0.133634 7
-0.040936 0.058916 0.032836 0
0.742278 -0.205363 -0.089034 1
0.608701 -0.134742 -0.103257 1
0.044190 -0.514636 0.147721 0
0.014836 -0.702264 0.163616 0
0.037088 -0.278885 0.135003 0
-0.420694 0.152579 0.064192 6
0.024177 -0.251039 0.142865 0
0.803096 -0.351119 -0.197843 1
-0.385600 0.236720 -0.439453 3
-0.725433 -0.235360 0.243703 2
0.054578 -0.699755 0.171805 0
-0.169282 0.195572 -0.533149 3
-0.352719 0.180310 -0.519771 3
0.599518 -0.069929 0.088468 1
0.026138 0.195435 0.135286 7
-0.115000 0.208158 -0.089762 6
-0.002196 0.216241 -0.066301 5
0.274895 -0.093389 0.047921 0
-0.339273 0.208984 0.046498 6
0.554413 -0.107772 -0.073083 1
-0.050748 0.086339 0.035587 0
0.027940 0.077226 0.140158 0
0.030380 0.318340 0.296716 4
-0.134703 0.426984 0.176915 7
0.054407 0.325874 0.354188 4
0.854560 -0.381832 -0.007319 1
-0.575617 -0.064530 0.143971 2
-0.291109 -0.091766 0.196767 0
-0.809789 -0.317793 0.273331 2
-0.030902 0.099799 0.072098 0
-0.013713 -0.618565 0.143769 0
0.706571 -0.208642 -0.088897 1
-0.223729 0.235553 -0.535470 3
0.455330 -0.050791 -0.074897 1
-0.051545 0.346534 0.551280 4
0.470253 -0.083117 0.074682 1
0.838707 -0.277077 -0.020599 1
0.304308 0.235082 -0.092920 5
-0.465402 -0.036801 0.312573 2
-0.671955 -0.110858 0.147259 2
-0.225925 0.113510 -0.548924 3
0.017163 -0.592739 0.178121 0
0.527974 -0.092026 0.064406 1
0.811768 -0.308321 -0.169389 1
0.848413 -0.318478 -0.089137 1
-0.134945 -0.145009 0.174187 0
-0.785699 -0.277776 0.329990 2
-0.245491 0.084307 -0.576110 3
0.168734 0.216127 0.207030 8
0.236908 -0.116962 0.086261 0
0.456084 -0.056188 0.090886 1
-0.709538 -0.180512 0.282745 2
0.027272 0.241695 -0.117788 5
0.054467 -0.225597 0.131347 0
-0.062391 -0.215886 0.170148 0
0.039614 0.028351 0.158263 0
-0.102874 0.418196 0.189130 7
0.133179 0.280995 -0.092338 5
-0.798665 -0.344947 0.229329 2
-0.333349 0.154405 -0.558569 3
-0.418705 -0.049614 0.145448 2
-0.415100 -0.031823 0.189273 2
-0.539086 -0.072705 0.366875 2
0.456525 -0.057767 -0.034807 1
0.707309 -0.188879 0.005012 1
0.789463 -0.321889 -0.133255 1
0.000440 -0.151057 0.140608 0
0.795532 -0.403068 -0.185778 1
-0.353972 -0.027822 -0.485354 3
-0.621592 -0.108890 0.385321 2
0.488885 -0.060019 0.073139 1
-0.291150 0.055029 -0.586505 3
0.110384 0.279988 -0.072382 5
-0.053486 0.098182 -0.032648 0
-0.402768 0.265961 -0.397621 3
0.036338 -0.659983 0.145838 0
-0.205638 0.167344 -0.535516 3
0.104670 -0.208273 0.115245 0
0.495292 -0.087772 -0.020497 1
0.741414 -0.239869 -0.046753 1
0.036383 -0.386345 0.136237 0
0.062864 0.010932 0.127156 0
-0.653498 -0.131373 0.271192 2
0.014338 0.314480 -0.394537 3
0.203342 0.175913 0.145665 8
0.036339 -0.434925 0.162386 0
-0.578413 -0.081820 0.188374 2
-0.748232 -0.229029 0.329224 2
-0.179496 0.284843 -0.454961 3
-0.180450 0.235435 -0.506262 3
-0.237919 -0.109329 0.175115 0
0.043439 -0.089491 0.133221 0
-0.043000 0.115097 -0.060047 0
-0.016375 0.289455 -0.272832 3
-0.243393 0.232843 0.050100 6
-0.347732 0.276934 -0.436403 3
0.365692 -0.054027 0.008414 1
0.804519 -0.270930 0.019757 1
0.738850 -0.227393 -0.020413 1
0.319807 -0.078269 0.033173 1
-0.131804 0.384656 0.453603 4
0.584507 -0.088485 -0.119386 1
0.806324 -0.352620 -0.121865 1
0.788486 -0.223535 0.032272 1
-0.049360 0.130799 0.074777 0
0.039100 0.284188 0.278681 4
0.639363 -0.130872 0.064796 1
-0.317686 0.203113 -0.545592 3
-0.131308 0.322665 0.575520 4
-0.245883 0.086946 -0.545026 3
-0.745647 -0.272913 0.351618 2
0.015312 0.298241 -0.339593 3
0.236488 0.214856 0.200960 8
-0.798839 -0.344422 0.285274 2
-0.032521 -0.168497 0.160487 0
-0.589647 -0.085347 0.294955 2
-0.421754 0.234102 -0.409943 3
-0.021479 -0.085434 0.155639 0
-0.485074 -0.032712 0.136277 2
-0.278441 0.232216 0.034075 6
-0.265459 0.296212 -0.471582 3
0.083844 0.139994 0.186950 8
-0.138665 0.330616 -0.350726 3
-0.223231 0.313652 -0.438720 3
-0.721845 -0.232784 0.203715 2
-0.786589 -0.290209 0.213191 2
-0.165230 0.290304 -0.211492 3
0.653926 -0.100707 0.067089 1
0.772178 -0.241155 -0.119702 1
0.027457 0.003648 0.185331 0
-0.101714 0.301540 -0.256234 3
-0.693974 -0.193876 0.258105 2
-0.129732 0.225250 -0.037510 6
-0.708110 -0.204209 0.148489 2
-0.802975 -0.305247 0.297924 2
0.045114 -0.543135 0.142839 0
0.362248 -0.071677 0.065894 1
0.042240 0.320415 -0.466206 3
0.014272 0.329696 -0.451113 3
0.630878 -0.142690 -0.005385 1
-0.339292 0.221117 0.074388 6
-0.034439 0.334056 -0.396681 3
0.056575 0.300135 -0.435980 3
-0.781174 -0.418918 0.293618 2
0.200019 0.156851 0.107868 8
-0.223407 0.262861 -0.505588 3
-0.003043 -0.508730 0.153086 0
0.017497 -0.161758 0.108466 0
0.581189 -0.094556 -0.035399 1
0.029950 0.224432 -0.018219 5
-0.084936 0.295496 -0.230865 3
-0.641904 -0.165609 0.389258 2
0.568260 -0.079189 0.049820 1
-0.055831 -0.178714 0.148408 0
0.054430 0.251760 -0.118633 5
-0.083352 0.378421 0.188771 7
0.022782 0.221305 0.191335 7
0.076753 0.248348 0.006327 5
0.807536 -0.241247 -0.006314 1
0.040594 -0.761309 0.136471 0
-0.431751 -0.024083 0.159345 2
0.028437 -0.056861 0.117139 0
-0.166630 0.305438 0.505948 4
-0.117126 0.361740 0.482202 4
-0.736660 -0.256841 0.280745 2
-0.005069 -0.675684 0.134384 0
-0.373022 0.167100 0.067652 6
0.725811 -0.288636 -0.187247 1
-0.098531 0.324152 0.342657 4
0.068250 -0.827392 0.156763 0
0.033930 -0.677498 0.169148 0
0.024775 -0.640977 0.130957 0
-0.317844 -0.002747 -0.550985 3
0.043732 0.155072 0.176467 0
-0.625272 -0.137641 0.298444 2
0.260607 0.235741 0.189647 8
0.837071 -0.403387 -0.181934 1
-0.351067 0.214413 -0.061668 6
0.607135 -0.115517 0.100467 1
0.824463 -0.479220 -0.158188 1
-0.470685 -0.027094 0.352243 2
0.711218 -0.205074 -0.158516 1
0.015656 0.043548 0.143396 0
-0.687485 -0.203828 0.314242 2
-0.056060 0.320378 0.107892 7
0.009323 -0.491394 0.118353 0
0.025111 -0.472709 0.107233 0
0.790542 -0.278692 -0.043336 1
-0.373376 0.299552 -0.396664 3
-0.267005 0.353895 -0.338279 3
0.053305 -0.625074 0.159015 0
-0.801676 -0.367595 0.242493 2
0.123569 0.185376 0.191657 8
-0.293342 0.220967 -0.535815 3
-0.042230 -0.131044 0.148380 0
0.002501 -0.429878 0.169286 0
0.223610 -0.135211 0.102197 0
-0.501395 -0.059739 0.361219 2
-0.113918 0.371724 0.527010 4
-0.115463 0.273738 -0.173300 3
-0.083448 0.373674 0.436399 4
0.569967 -0.087422 0.004289 1
0.014335 -0.575556 0.109008 0
-0.198809 0.216156 -0.048258 6
-0.152725 0.237446 -0.078430 6
-0.730078 -0.210432 0.320029 2
-0.069090 0.154489 0.111764 0
0.870685 -0.456834 -0.119733 1
-0.191154 -0.137548 0.160176 0
0.663154 -0.141767 -0.089407 1
-0.057222 0.107946 -0.007980 0
-0.798344 -0.320795 0.243729 2
-0.472468 -0.040549 0.159430 2
0.836859 -0.432543 -0.147215 1
-0.097000 0.374162 0.158820 7
0.855666 -0.498593 -0.075167 1
-0.754875 -0.284916 0.228371 2
-0.077375 0.356456 0.374446 4
-0.147875 0.282095 0.553028 4
0.011488 -0.019769 0.077396 0
0.147228 -0.172962 0.079320 0
0.627428 -0.115267 -0.161196 1
0.694676 -0.160005 -0.062516 1
-0.113754 0.175512 -0.068093 6
0.066015 -0.498636 0.161117 0
-0.768755 -0.270242 0.186082 2
0.693703 -0.152254 0.046928 1
-0.035705 0.351515 0.353279 4
-0.194253 0.232499 -0.019480 6
0.008498 -0.542877 0.117929 0
-0.069930 0.276195 0.091135 7
-0.116894 0.320636 -0.396300 3
0.208760 0.262498 -0.133869 5
0.697161 -0.207772 -0.117539 1
-0.084631 0.320147 -0.350769 3
0.829225 -0.456486 -0.169467 1
-0.798447 -0.385777 0.314280 2
-0.452567 0.222607 -0.335730 3
0.090351 0.139782 0.158440 8
-0.049190 0.240666 0.111797 7
-0.153974 0.246288 -0.103068 6
0.053108 0.307602 -0.520444 3
-0.669142 -0.168299 0.241402 2
-0.709540 -0.212386 0.243085 2
0.182979 0.186104 0.174889 8
0.032721 0.115250 0.197473 0
0.042264 -0.186972 0.153864 0
-0.309636 0.005007 -0.575852 3
-0.205787 0.254499 -0.073898 6
0.812061 -0.280918 -0.027994 1
-0.178018 0.315920 -0.418950 3
-0.486954 -0.005911 0.143480 2
-0.015396 -0.111446 0.105539 0
-0.008549 -0.410984 0.108504 0
0.342004 -0.078565 0.048175 1
0.853417 -0.304874 -0.033423 1
0.775224 -0.255837 0.008349 1
-0.045027 0.110043 0.027921 0
0.170427 -0.140881 0.083182 0
0.027693 -0.109930 0.145426 0
-0.427804 -0.029270 0.319694 2
-0.370438 -0.052738 0.188489 2
-0.806873 -0.412754 0.281181 2
-0.154049 0.321851 0.480782 4
-0.082572 0.193611 -0.111599 0
0.012738 0.078207 0.103635 0
0.626686 -0.145799 -0.088972 1
-0.005171 0.314661 0.186653 7
0.680218 -0.205382 -0.174635 1
-0.383376 0.057633 -0.521320 3
-0.020297 -0.053349 0.063246 0
0.019632 -0.192166 0.107149 0
-0.021671 0.363527 0.481485 4
-0.623042 -0.112224 0.327886 2
0.292377 -0.097364 0.073752 1
-0.354742 0.003231 -0.549672 3
-0.486955 -0.041522 0.203823 2
0.104599 0.313931 0.269780 4
0.025454 0.114864 0.137514 0
-0.108941 0.341239 0.320007 4
-0.023055 -0.192739 0.172585 0
-0.153553 0.410298 0.173672 7
-0.391276 0.270255 -0.369127 3
0.053062 0.183840 0.152593 0
0.472166 -0.077011 -0.078254 1
-0.178821 0.290272 -0.190105 3
-0.765503 -0.289932 0.297919 2
-0.373864 -0.019330 0.268757 2
0.153067 0.257137 -0.134240 5
0.804237 -0.289245 -0.144448 1
0.077054 -0.005499 0.147424 0
-0.375021 0.295701 -0.323969 3
0.023365 -0.665407 0.188646 0
-0.132150 0.401657 0.184203 7
-0.066067 0.034088 0.019557 0
-0.069839 0.318127 -0.327142 3
-0.705472 -0.179341 0.213746 2
-0.039540 0.382196 0.438421 4
0.642124 -0.161283 -0.158888 1
-0.701282 -0.152687 0.158496 2
-0.057621 0.288274 -0.547766 3
0.788336 -0.219187 0.005261 1
0.025151 -0.032570 0.135203 0
0.795354 -0.373950 -0.160551 1
0.264178 -0.122140 0.065120 0
-0.593878 -0.051460 0.155181 2
0.037643 -0.607230 0.115627 0
-0.623650 -0.102346 0.213232 2
-0.078904 0.313964 -0.478113 3
-0.292250 0.210980 0.087555 6
-0.124312 0.320090 0.366948 4
-0.634903 -0.115360 0.253490 2
0.011342 -0.241889 0.119952 0
0.247107 0.263192 -0.063774 5
-0.317559 0.276735 -0.479866 3
0.093358 0.268502 -0.538009 3
0.821032 -0.345687 -0.074627 1
0.803870 -0.259023 -0.066423 1
0.075093 0.314169 0.342123 4
0.037380 -0.416251 0.132211 0
0.837808 -0.395944 -0.104191 1
0.489720 -0.061883 -0.024830 1
0.000069 -0.737234 0.155950 0
-0.056376 -0.235119 0.153545 0
-0.130732 0.279507 0.600821 4
0.055906 0.292420 -0.549490 3
-0.097788 0.252161 -0.187367 3
0.697513 -0.207859 -0.057141 1
0.031610 0.218433 0.240295 4
-0.559787 -0.084668 0.377652 2
-0.025568 0.013944 0.048796 0
0.052327 -0.737453 0.137276 0
-0.035395 0.306609 -0.312290 3
0.632124 -0.123176 -0.134036 1
-0.154238 0.330735 -0.327137 3
-0.488894 -0.051325 0.281583 2
0.061403 0.275620 -0.424886 3
0.052928 -0.598032 0.174221 0
-0.591612 -0.107904 0.364223 2
-0.147455 0.329238 0.530977 4
0.638729 -0.110847 0.020005 1
-0.555720 -0.051646 0.137055 2
0.015147 0.111968 0.104169 0
0.086511 0.255111 -0.103788 5
0.066810 -0.778459 0.172180 0
-0.305244 0.303381 -0.451967 3
-0.704956 -0.192825 0.173046 2
-0.209978 0.281285 -0.479672 3
0.499054 -0.083425 -0.088452 1
0.643186 -0.140197 0.034506 1
-0.660581 -0.180823 0.352124 2
-0.293196 0.235482 -0.018999 6
0.663315 -0.174555 -0.129442 1
0.036010 -0.110209 0.104898 0
-0.335660 0.334020 -0.352453 3
-0.201230 0.306036 -0.240102 3
0.043144 -0.779165 0.119626 0
-0.571014 -0.082816 0.327182 2
0.055058 0.099369 0.174121 0
0.566599 -0.073843 0.074205 1
-0.342080 0.216212 -0.004279 6
-0.146268 0.317262 0.421754 4
-0.175179 0.284912 0.532305 4
0.014927 -0.289675 0.120585 0
-0.634488 -0.097249 0.171114 2
0.121900 0.268233 0.259871 4
-0.181499 0.173371 -0.532434 3
0.346201 -0.106462 0.052544 1
0.593203 -0.113122 0.045907 1
-0.325413 0.125394 -0.577880 3
0.082845 0.224849 0.209249 8
-0.046092 0.218280 -0.126136 0
-0.169126 0.250438 0.034542 6
0.804360 -0.301435 -0.063481 1
-0.707582 -0.239004 0.352047 2
-0.155621 0.319103 0.386016 4
-0.785472 -0.271267 0.255634 2
0.793389 -0.330069 -0.174873 1
-0.317461 0.231342 -0.049038 6
0.004007 -0.715434 0.136238 0
0.012956 -0.205923 0.141383 0
-0.261983 0.206606 -0.558493 3
0.695036 -0.130132 0.062241 1
-0.037273 0.112418 -0.021323 0
0.051523 -0.038128 0.108565 0
0.594296 -0.126688 -0.049163 1
0.222357 0.265178 -0.089240 5
-0.556462 -0.071375 0.188952 2
-0.030386 -0.151675 0.137196 0
0.006797 0.123027 0.074361 0
-0.169199 0.255578 0.065026 6
-0.026463 0.070211 -0.009036 0
0.015872 0.183633 -0.049912 5
0.740014 -0.178080 -0.006900 1
-0.237775 0.141954 -0.581714 3
-0.194966 0.357151 -0.304745 3
-0.003356 0.321030 0.224440 7
-0.335162 -0.023401 -0.519083 3
-0.316203 0.320209 -0.304789 3
-0.352483 -0.065891 0.176589 2
-0.037240 0.356599 0.531799 4
0.031552 -0.703278 0.186302 0
0.519643 -0.068653 0.034760 1
-0.034347 0.320860 -0.339966 3
-0.035557 0.379962 0.411940 4
-0.643252 -0.107633 0.140672 2
0.771395 -0.206128 -0.006749 1
-0.367526 0.280379 -0.414094 3
0.025680 0.356998 0.459532 4
0.626534 -0.146335 -0.118276 1
0.704581 -0.225840 -0.141657 1
0.125923 0.213823 0.231875 8
-0.123143 0.387107 0.145131 7
0.049967 -0.644909 0.111190 0
0.001701 -0.066842 0.088673 0
-0.555979 -0.026957 0.157507 2
-0.022018 0.304843 0.271924 4
0.420610 -0.063119 0.034508 1
0.013876 0.304531 0.203569 7
-0.207466 0.209321 -0.546582 3
-0.243924 0.312345 -0.450919 3
-0.138960 0.313292 -0.410375 3
0.824482 -0.319894 -0.004650 1
0.027383 0.285675 -0.366926 3
-0.670906 -0.153801 0.312240 2
0.046175 -0.143706 0.148052 0
0.541204 -0.077959 -0.129229 1
0.073028 -0.234877 0.119383 0
0.623818 -0.095461 0.063673 1
0.137530 0.265570 -0.006599 5
0.001091 0.165515 -0.054873 5
-0.666723 -0.146773 0.255919 2
0.064614 -0.709147 0.197850 0
0.473443 -0.083242 0.049914 1
-0.308634 0.187127 -0.560821 3
-0.192498 0.311495 -0.195773 3
0.506450 -0.097947 0.003675 1
0.528158 -0.097247 -0.065786 1
-0.385296 0.203556 -0.478583 3
-0.000809 0.318331 -0.466419 3
-0.138924 0.239002 -0.123660 6
-0.243160 -0.066568 0.189946 0
0.588182 -0.091771 -0.143870 1
-0.083191 -0.198418 0.147449 0
-0.221732 0.220647 -0.043933 6
-0.318023 0.224120 0.003623 6
0.000657 -0.256531 0.149651 0
-0.018922 0.297542 -0.297626 3
0.789648 -0.303113 -0.176233 1
0.040979 0.139810 0.200687 0
-0.016462 0.039758 0.019562 0
-0.136046 0.203332 -0.073533 6
-0.353441 0.194956 0.062211 6
-0.611737 -0.124729 0.366431 2
0.740911 -0.220143 -0.134792 1
0.018416 -0.370390 0.169260 0
-0.384166 0.149669 -0.506296 3
-0.724688 -0.237157 0.374105 2
0.023255 0.057630 0.118358 0
0.596355 -0.100767 -0.103044 1
0.659997 -0.167874 -0.048379 1
-0.080742 0.279147 -0.146322 3
-0.169970 -0.150694 0.160081 0
-0.115473 0.327233 -0.312613 3
-0.338275 0.234618 0.033343 6
-0.243409 0.259435 -0.104614 6
0.054410 -0.080295 0.104569 0
0.221173 0.236185 0.231585 8
0.738956 -0.241971 -0.173050 1
-0.684675 -0.175230 0.340152 2
-0.263386 0.234959 -0.005081 6
-0.242565 0.294127 -0.476235 3
0.094495 0.254255 0.021147 5
-0.608516 -0.123118 0.313080 2
-0.629146 -0.148861 0.370601 2
-0.054363 0.360814 0.368280 4
-0.373092 0.002937 -0.517239 3
-0.371170 -0.030883 0.228794 2
0.060641 0.136925 0.164769 8
0.066621 -0.184010 0.117054 0
-0.434105 0.268022 -0.366836 3
-0.104087 0.361456 0.423569 4
0.044971 0.167967 0.201852 0
0.024138 0.190448 -0.072682 5
0.387610 -0.082965 0.063577 1
-0.782569 -0.308755 0.260464 2
-0.055842 0.309277 0.297021 4
-0.096516 0.232775 -0.130971 3
-0.176184 0.213070 -0.061364 6
-0.546409 -0.080649 0.326697 2
-0.003724 0.367850 0.396469 4
-0.304092 0.357750 -0.322815 3
0.031299 0.328802 -0.497506 3
-0.353673 0.076032 -0.561692 3
-0.000352 0.345856 0.328410 4
-0.306487 0.327696 -0.435181 3
-0.609206 -0.082616 0.137176 2
-0.690515 -0.163619 0.273242 2
-0.465274 -0.041742 0.242795 2
-0.223724 0.187538 -0.564527 3
0.439906 -0.061214 0.047245 1
0.012839 -0.679807 0.155327 0
0.598868 -0.097477 0.087407 1
-0.022688 0.015219 0.023207 0
0.178601 0.261285 -0.104117 5
-0.420821 0.152754 -0.484545 3
-0.667089 -0.159906 0.341159 2
-0.035041 0.373431 0.382995 4
-0.595575 -0.111608 0.341397 2
0.007779 0.221945 0.134574 7
-0.248348 0.363037 -0.362482 3
-0.200558 0.166997 -0.558040 3
-0.402333 -0.050474 0.174080 2
-0.195022 0.284411 -0.214929 3
-0.797881 -0.387334 0.231199 2
0.801414 -0.276277 0.041955 1
-0.644508 -0.112141 0.185767 2
-0.795115 -0.380396 0.260478 2
0.013306 -0.487501 0.172031 0
0.774818 -0.223954 -0.074377 1
-0.320565 0.292152 -0.325743 3
0.421293 -0.084894 0.090876 1
-0.610172 -0.122298 0.283729 2
0.010069 0.028160 0.069329 0
-0.156214 0.227698 -0.482609 3
0.775275 -0.239127 -0.093646 1
-0.189421 0.243101 0.072935 6
-0.582762 -0.080449 0.351839 2
0.845053 -0.352338 -0.158170 1
0.833993 -0.319005 -0.119504 1
-0.055413 0.317739 0.142584 7
-0.682475 -0.166373 0.160063 2
-0.086552 0.306857 -0.272551 3
-0.427138 -0.018890 0.137439 2
-0.018446 0.331521 -0.421047 3
-0.003494 -0.220604 0.120601 0
0.726324 -0.203130 0.018764 1
0.073434 0.264885 -0.442180 3
-0.529880 -0.059395 0.188311 2
0.037321 0.314014 -0.399579 3
-0.372615 0.042003 -0.536109 3
-0.806434 -0.363034 0.274505 2
0.028323 0.357959 0.421405 4
-0.015057 -0.441410 0.152014 0
-0.744772 -0.225896 0.203860 2
0.055120 -0.495871 0.139314 0
0.788601 -0.300845 -0.088746 1
0.774882 -0.306579 -0.141567 1
0.074083 0.302561 -0.481446 3
-0.354058 0.206728 0.020351 6
0.735387 -0.273836 -0.134006 1
-0.006860 -0.344811 0.157640 0
-0.055782 0.164858 -0.064990 0
-0.625599 -0.109069 0.273189 2
0.000495 0.317328 -0.337999 3
-0.526896 -0.051980 0.158597 2
-0.243962 0.299736 -0.267993 3
0.026626 0.346484 0.327686 4
-0.727171 -0.235179 0.159517 2
-0.417347 -0.026184 0.243949 2
-0.028043 -0.196644 0.150232 0
-0.681389 -0.193158 0.388964 2
-0.637264 -0.123252 0.312185 2
0.725033 -0.172374 0.048508 1
-0.243104 0.336983 -0.393450 3
-0.598454 -0.100361 0.213796 2
0.626881 -0.146995 -0.048472 1
-0.783775 -0.332810 0.200409 2
-0.666331 -0.168684 0.384912 2
0.104276 0.239576 -0.032031 5
-0.155058 0.265543 0.581044 4
-0.315065 0.204043 0.101080 6
-0.136065 0.250607 -0.466152 3
0.040215 -0.242691 0.117338 0
0.843882 -0.417244 -0.118117 1
-0.085128 0.319913 0.129588 7
-0.069778 0.318820 -0.282299 3
-0.084981 0.372836 0.490763 4
-0.717316 -0.221443 0.297886 2
-0.540490 -0.050330 0.368706 2
0.778874 -0.179449 0.033290 1
-0.003474 -0.530879 0.156955 0
0.756840 -0.276074 -0.115967 1
0.815615 -0.252079 0.014591 1
-0.514894 -0.018805 0.141889 2
0.000108 0.317004 -0.493413 3
-0.133261 0.348744 0.490866 4
0.518415 -0.070179 -0.088636 1
0.016230 0.209085 -0.610832 3
0.103744 0.278680 -0.520956 3
-0.098249 0.298551 0.311563 4
-0.417182 -0.017652 0.297340 2
0.025569 -0.270245 0.117270 0
0.015500 -0.589880 0.155970 0
-0.084510 0.381169 0.214661 7
0.055443 -0.144752 0.121677 0
0.838010 -0.337716 -0.005283 1
-0.005142 0.141285 0.068557 0
-0.796679 -0.320774 0.326972 2
-0.654241 -0.162307 0.299985 2
0.500734 -0.063560 -0.074833 1
-0.053011 0.002267 0.055991 0
0.679029 -0.145651 0.063880 1
-0.014529 -0.082147 0.090021 0
-0.373218 0.313319 -0.342401 3
-0.306593 0.089633 -0.588709 3
0.085215 0.327865 0.386956 4
-0.134341 0.268015 -0.437208 3
-0.016435 0.375165 0.436281 4
0.049845 -0.809015 0.109210 0
0.028073 0.069956 0.089767 0
0.823200 -0.428678 -0.164336 1
-0.639820 -0.143620 0.257865 2
0.771284 -0.227494 0.049146 1
-0.079307 -0.218986 0.154901 0
0.000537 0.290356 -0.321210 3
-0.325495 -0.069388 0.177864 2
-0.193190 0.335640 -0.337627 3
0.068333 -0.700409 0.148218 0
-0.305308 0.237226 -0.520806 3
0.660430 -0.144346 -0.118524 1
0.804406 -0.371359 -0.180645 1
-0.744459 -0.255881 0.322321 2
-0.531299 -0.072859 0.342396 2
-0.055640 0.293638 -0.244659 3
0.390388 -0.071822 -0.001122 1
0.260258 0.253668 -0.115380 5
-0.199083 0.262998 -0.102972 6
0.014524 0.264587 0.188167 7
-0.581420 -0.064885 0.173927 2
0.038171 -0.174244 0.113408 0
-0.009542 0.261888 -0.301643 3
-0.561237 -0.069365 0.271555 2
-0.057846 0.316417 -0.487626 3
0.535132 -0.057934 0.091810 1
-0.072580 0.270375 0.606406 4
-0.746622 -0.260135 0.369586 2
0.499860 -0.087716 0.034554 1
-0.001521 0.265086 -0.574737 3
-0.081437 0.298024 -0.507387 3
-0.013730 -0.383514 0.143698 0
-0.736426 -0.210081 0.272806 2
0.694917 -0.191406 -0.164240 1
-0.354814 0.319469 -0.326956 3
0.445653 -0.081181 -0.035067 1
0.073744 0.254661 -0.145086 5
0.757519 -0.195226 -0.019918 1
0.873893 -0.372890 -0.051073 1
-0.004653 0.362681 0.370764 4
0.311047 -0.085816 0.072202 1
0.021942 0.204678 0.006303 5
-0.057039 0.138731 -0.062990 0
-0.590631 -0.085120 0.257869 2
0.009179 -0.096673 0.120169 0
0.791758 -0.288417 -0.019919 1
0.499768 -0.065008 0.050302 1
0.029640 -0.347061 0.148112 0
-0.132771 0.304940 0.352564 4
0.721963 -0.271133 -0.173183 1
-0.672298 -0.151671 0.172867 2
-0.610719 -0.080899 0.172490 2
-0.569699 -0.085511 0.217621 2
0.058080 -0.781559 0.140664 0
-0.389962 0.096780 -0.494463 3
-0.500808 -0.045597 0.327056 2
0.438891 -0.056688 -0.004605 1
0.708897 -0.207145 -0.199143 1
0.292128 0.251963 -0.073886 5
0.550314 -0.079947 -0.104142 1
-0.676770 -0.150806 0.284330 2
0.185554 0.258605 -0.133900 5
-0.002705 0.317578 -0.380880 3
0.021463 0.235014 0.213900 7
0.216030 -0.126866 0.074388 0
-0.355428 0.252424 -0.454019 3
0.772473 -0.270592 -0.075461 1
-0.307183 0.233970 -0.077219 6
-0.263655 0.282095 -0.491844 3
-0.336119 -0.018295 -0.558339 3
-0.352268 0.203690 -0.505274 3
0.109468 -0.193487 0.099696 0
-0.741416 -0.256863 0.164207 2
0.040590 -0.805146 0.129988 0
0.206812 0.197493 0.181753 8
-0.432045 -0.034748 0.202538 2
0.880794 -0.413818 -0.088916 1
-0.169039 0.235162 -0.019644 6
0.027279 -0.066803 0.147767 0
-0.044123 0.295893 0.245518 7
0.825440 -0.384784 -0.123180 1
-0.433394 -0.032562 0.273389 2
-0.747204 -0.258604 0.300232 2
-0.608087 -0.112723 0.258349 2
-0.183123 -0.148096 0.177287 0
-0.806168 -0.402936 0.257474 2
-0.086042 0.219563 -0.115492 0
0.104621 0.242277 -0.004865 5
0.048591 -0.792236 0.181328 0
0.874838 -0.413713 -0.119183 1
0.053302 0.223562 0.228958 0
-0.133063 -0.165638 0.159926 0
-0.416349 0.165461 0.019692 6
0.771330 -0.220376 -0.052637 1
-0.709875 -0.181160 0.243331 2
0.011993 -0.050111 0.145726 0
0.107256 0.255194 -0.073811 5
-0.638374 -0.146004 0.282142 2
-0.116992 0.328060 -0.353833 3
-0.401097 -0.031790 0.294544 2
-0.052085 0.197458 -0.077193 0
-0.485965 -0.033641 0.183744 2
-0.262853 0.351284 -0.312077 3
-0.693692 -0.233870 0.367739 2
0.000423 -0.446844 0.108983 0
0.817709 -0.319918 -0.049029 1
0.740383 -0.192111 -0.064330 1
-0.428226 0.291341 -0.341918 3
0.426083 -0.064772 0.076129 1
0.124818 0.261374 -0.089290 5
0.805023 -0.319396 -0.092959 1
0.737220 -0.182950 0.019211 1
-0.011599 -0.289698 0.130544 0
0.061996 -0.643753 0.177434 0
0.861359 -0.404112 -0.022068 1
-0.429763 0.250794 -0.348607 3
-0.038987 0.298148 -0.282122 3
0.407675 -0.055233 -0.004984 1
0.039117 0.329507 0.312873 4
0.061582 -0.122906 0.143554 0
-0.575874 -0.098741 0.342944 2
0.103490 0.266443 0.271682 4
-0.043743 0.054023 0.005424 0
0.680325 -0.166847 -0.159520 1
0.155017 0.268650 -0.046422 5
0.375043 -0.069004 0.048897 1
0.060560 -0.424068 0.106473 0
-0.055437 0.347668 0.172161 7
0.051782 -0.751126 0.187724 0
-0.039324 0.242014 0.086350 7
0.471076 -0.062152 0.046726 1
-0.004449 0.168450 -0.076075 5
-0.372081 0.125934 -0.519487 3
-0.370352 -0.037615 0.203630 2
0.756595 -0.319468 -0.173494 1
-0.242190 0.239156 -0.033272 6
0.791665 -0.239150 -0.034638 1
-0.238992 0.334713 -0.371389 3
-0.084800 0.320563 -0.396745 3
-0.008944 0.189510 -0.034308 5
-0.347867 -0.049999 0.214774 2
-0.721085 -0.212676 0.341968 2
0.470603 -0.084483 0.020133 1
-0.035014 0.329300 -0.465725 3
0.438750 -0.055772 -0.046452 1
0.850697 -0.366966 -0.033149 1
0.181757 0.253986 -0.020368 5
-0.780507 -0.351373 0.352886 2
-0.769542 -0.292804 0.341443 2
-0.034090 0.265000 0.132294 7
0.513814 -0.093326 -0.030305 1
0.845408 -0.294009 -0.049900 1
-0.003675 -0.575131 0.128983 0
0.029291 0.000631 0.134275 0
-0.154238 0.318570 -0.256698 3
-0.208762 -0.111145 0.187209 0
-0.069697 0.132050 0.064089 0
0.012605 -0.336573 0.130540 0
0.103823 0.240434 -0.512047 3
-0.084368 0.322967 -0.312384 3
-0.680647 -0.179428 0.213350 2
0.678909 -0.150989 -0.073546 1
-0.527210 -0.068415 0.228495 2
0.075556 -0.687395 0.173333 0
0.011153 -0.166807 0.159498 0
-0.048262 0.151716 0.078175 0
-0.281916 0.218164 -0.014199 6
0.051741 -0.708075 0.137445 0
0.100020 0.267547 -0.462592 3
0.089943 0.238660 -0.578045 3
-0.004378 -0.095874 0.148740 0
0.609511 -0.122824 0.036479 1
-0.003894 -0.498565 0.133280 0
-0.036557 0.076123 0.021337 0
0.760122 -0.228385 -0.131573 1
0.027740 -0.459446 0.129560 0
0.677324 -0.159758 0.034246 1
-0.208003 0.336167 -0.382132 3
-0.277682 0.335391 -0.397128 3
-0.611349 -0.125587 0.342646 2
0.062139 -0.618051 0.176837 0
0.756522 -0.242451 -0.018558 1
-0.371273 -0.037980 0.259309 2
-0.045338 0.401583 0.432578 4
0.376290 -0.081024 0.021159 1
0.029829 -0.526784 0.128467 0
0.069316 -0.827702 0.131953 0
-0.307925 -0.055912 0.176909 2
-0.084840 0.350334 0.546745 4
-0.207345 0.332327 -0.353462 3
-0.085616 0.248979 -0.147940 3
0.740590 -0.250742 -0.089460 1
0.200615 0.265941 -0.064295 5
0.132995 0.144937 0.160925 8
-0.176542 -0.115707 0.181439 0
0.022887 -0.639547 0.157875 0
0.165096 -0.161983 0.078131 0
-0.774269 -0.275423 0.353037 2
-0.021115 0.345791 0.205893 7
-0.579306 -0.097192 0.380826 2
0.014579 0.236035 0.173556 7
-0.013660 0.230780 -0.589878 3
-0.008503 -0.464765 0.138401 0
-0.371246 0.205022 -0.037997 6
-0.759421 -0.251615 0.188254 2
0.554932 -0.108000 -0.034671 1
-0.021215 -0.241197 0.144052 0
0.245663 -0.100695 0.076445 0
-0.316970 -0.076891 0.197985 2
-0.007585 0.264988 0.159552 7
-0.782288 -0.304515 0.300907 2
0.027581 -0.496486 0.187384 0
-0.281629 -0.067625 0.183628 0
-0.541289 -0.051878 0.204135 2
0.039629 0.302373 -0.421512 3
0.404852 -0.082811 0.078152 1
0.869278 -0.359919 -0.104027 1
-0.459185 0.235277 -0.352197 3
-0.296041 -0.004029 -0.547104 3
-0.787204 -0.427451 0.311666 2
0.550527 -0.096435 0.075117 1
0.578963 -0.120303 -0.016704 1
0.866122 -0.479081 -0.089247 1
-0.016207 0.286068 -0.546375 3
-0.451490 0.199266 -0.382150 3
0.801218 -0.274770 -0.104339 1
-0.014281 0.276574 0.235386 7
0.235293 0.186145 0.146106 8
0.034050 -0.731026 0.168905 0
-0.501350 -0.066478 0.243054 2
0.704396 -0.161240 0.062304 1
0.058540 -0.600732 0.135708 0
0.795009 -0.333678 -0.114233 1
0.830918 -0.273935 0.005117 1
-0.131720 0.319169 -0.297416 3
-0.154690 0.318038 -0.367140 3
0.442693 -0.081826 0.065453 1
0.812346 -0.414447 -0.181451 1
0.026678 -0.496830 0.131364 0
0.659209 -0.111688 0.050300 1
0.098164 0.127066 0.174184 8
0.013146 -0.134477 0.143024 0
-0.319463 -0.055466 0.217021 2
-0.079587 0.261975 -0.227423 3
0.013878 0.300789 -0.534109 3
0.010984 0.216307 -0.019391 5
0.013214 0.363072 0.436725 4
-0.258461 0.236296 -0.521536 3
-0.527809 -0.082252 0.251473 2
-0.377014 0.096850 -0.520544 3
0.721987 -0.259610 -0.143768 1
-0.429448 0.263558 -0.328729 3
-0.085744 0.357074 0.146084 7
0.485155 -0.082900 -0.049812 1
0.724875 -0.195410 -0.103955 1
0.830159 -0.331484 -0.062802 1
-0.080464 0.204347 -0.134841 0
-0.318362 0.070739 -0.581359 3
0.027264 -0.774450 0.145074 0
-0.007062 0.236226 0.134436 7
-0.114866 0.395401 0.162363 7
0.564912 -0.087759 -0.064560 1
0.499144 -0.082759 0.088712 1
-0.099489 -0.182999 0.159286 0
-0.401970 -0.029067 0.227904 2
-0.667533 -0.140356 0.231736 2
0.166775 -0.167239 0.107452 0
0.054185 0.235000 -0.598410 3
-0.083722 0.208787 -0.157555 3
-0.074125 0.245722 -0.178024 3
-0.115534 0.331979 0.383001 4
-0.541817 -0.063422 0.274366 2
0.628269 -0.129674 0.047598 1
0.072021 0.285318 -0.452178 3
-0.223649 0.237745 0.004708 6
-0.222700 0.236367 0.035450 6
-0.770766 -0.292237 0.257939 2
0.498999 -0.068522 0.009509 1
-0.638620 -0.152735 0.342102 2
0.680149 -0.138203 0.005035 1
0.659242 -0.126321 0.066085 1
-0.021756 0.345098 0.330339 4
0.186281 0.211336 0.216328 8
-0.055009 0.375870 0.481754 4
-0.007755 -0.070988 0.065138 0
0.008465 -0.086158 0.093852 0
0.026627 0.202680 0.174539 7
0.830360 -0.275828 -0.073860 1
0.789519 -0.256119 -0.116870 1
0.152666 0.263081 -0.020060 5
-0.147617 0.390834 0.172160 7
-0.007105 0.280900 0.172316 7
0.584423 -0.121242 -0.066154 1
0.772523 -0.304525 -0.202287 1
-0.309056 -0.014349 -0.535291 3
-0.029269 0.264804 -0.573382 3
-0.176286 0.237673 -0.093546 6
0.087109 0.268952 0.259875 4
0.787860 -0.254941 0.024267 1
-0.019874 -0.003791 0.035925 0
-0.678207 -0.151219 0.147200 2
-0.291638 0.075965 -0.590385 3
-0.244836 0.127347 -0.546932 3
0.066114 -0.619583 0.144223 0
-0.168694 0.265494 -0.467113 3
-0.014988 -0.121058 0.134088 0
-0.243875 0.351486 -0.341525 3
0.104734 0.135982 0.135590 8
-0.362037 0.058223 -0.550533 3
-0.228820 0.319725 -0.243564 3
-0.600168 -0.091220 0.356504 2
-0.238861 0.330814 -0.258836 3
-0.306077 0.224848 0.020045 6
-0.594095 -0.113895 0.274721 2
-0.179842 0.304514 -0.222688 3
-0.779903 -0.262679 0.283037 2
-0.756661 -0.314520 0.368225 2
-0.264386 0.235708 0.019927 6
-0.125952 0.246400 -0.086422 6
-0.263691 0.249744 -0.094261 6
-0.066421 -0.193754 0.158968 0
0.662997 -0.130722 -0.018737 1
0.643753 -0.132967 -0.147382 1
-0.775549 -0.305553 0.355938 2
-0.115603 0.313549 0.340032 4
0.103362 0.222726 0.207253 8
0.499306 -0.059850 -0.102535 1
0.791234 -0.272664 -0.143825 1
-0.068516 0.287253 0.118242 7
-0.541213 -0.015847 0.141588 2
0.045163 0.076624 0.175279 0
-0.738154 -0.221661 0.173851 2
0.044391 0.015332 0.133908 0
-0.121344 0.383029 0.436453 4
0.015742 -0.013997 0.146078 0
0.040691 0.281938 -0.561535 3
0.678811 -0.189568 -0.135189 1
0.053770 0.204046 0.214112 0
-0.358473 0.140548 -0.533978 3
