0.484828 -0.239227 0.069142 2
-0.346959 0.051358 0.924646 4
-0.515225 0.043302 -0.512825 5
0.457368 0.341909 -0.657649 3
0.098248 -0.943371 -0.089213 0
-0.249386 -0.318987 0.063883 1
0.147305 0.113603 0.506235 4
0.039335 0.122916 -0.258011 5
-0.465108 -0.006582 0.409250 4
0.501628 0.184073 -0.209912 3
-0.388125 0.110159 -0.068125 5
0.106388 -0.526079 -0.023888 0
0.230132 0.075320 0.103200 6
-0.150305 0.139138 -0.597924 5
-0.116539 -0.040464 0.280783 4
0.175667 -0.195886 -0.168436 0
-0.032281 0.153279 0.804926 4
0.194264 0.229327 -0.512719 3
-0.216400 0.034125 0.582201 4
0.043327 -0.234010 0.096551 0
-0.245748 0.131009 -0.322629 5
0.635838 0.302423 -0.439183 3
-0.116838 0.106695 -0.000552 5
-0.476742 0.009401 0.684912 4
-0.113578 -0.266102 -0.169821 1
0.291407 0.085478 -0.322499 3
-0.523132 0.088410 -0.272346 5
-0.346315 -0.339703 -0.147666 1
-0.011504 -0.062481 -0.116369 0
0.263105 -0.274473 0.136789 2
0.416329 0.230980 -0.442936 3
0.092841 -0.733432 -0.063599 0
-0.338001 -0.005838 0.240351 4
0.175996 0.102104 -0.097148 0
0.007021 0.148287 -0.461877 5
-0.046769 0.042799 0.462284 4
-0.329660 0.114532 -0.510489 5
0.063068 -0.024815 0.072110 6
0.331490 -0.249720 -0.060693 2
0.086504 -0.337774 -0.062089 0
-0.200735 0.060715 0.798325 4
-0.126907 0.073609 -0.187940 5
0.380594 0.182515 0.103534 6
0.018311 0.111739 0.633342 4
-0.269264 0.004306 0.411747 4
0.089618 0.070475 0.347464 4
0.228107 -0.034161 -0.205764 0
-0.096125 -0.291308 -0.000174 1
0.330605 0.310979 -0.562846 3
-0.387585 0.014541 0.547669 4
0.144021 0.134201 -0.381111 3
0.601037 0.316029 -0.596523 3
-0.072054 -0.133839 0.161049 0
0.071948 -0.181643 -0.051580 0
-0.320010 0.036838 0.700830 4
0.364988 0.107880 -0.187995 3
-0.148829 0.155247 -0.444234 5
-0.373693 0.122648 -0.221048 5
-0.402156 0.115952 -0.375993 5
0.108100 0.066291 0.193921 6
0.297650 0.138448 -0.016639 6
-0.263888 0.108162 0.017667 5
0.535181 0.243866 -0.341041 3
-0.378246 -0.353559 -0.007255 1
-0.113340 0.086936 0.683994 4
0.208938 -0.300274 0.001767 2
-0.044819 -0.100909 0.018221 0
-0.248742 0.122538 -0.135525 5
0.397240 0.174702 -0.306939 3
-0.097499 0.138857 -0.307212 5
-0.410950 0.027453 0.804428 4
-0.218055 -0.297018 -0.087590 1
0.278413 0.178772 -0.421292 3
0.004585 0.070600 -0.142496 5
0.517722 0.286712 -0.495498 3
0.092006 0.019284 -0.051006 0
-0.218331 0.074931 0.921722 4
0.387388 -0.262381 0.147871 2
-0.022727 0.012749 0.343397 4
-0.479308 0.096677 -0.152106 5
-0.539130 0.074339 -0.393093 5
-0.143483 0.002368 0.391649 4
0.290042 0.137111 0.188163 6
0.131877 -0.418577 0.013501 0
-0.233140 -0.010214 0.291118 4
-0.096373 0.063822 0.564427 4
0.442061 -0.226399 -0.039669 2
-0.120469 0.112324 0.864806 4
0.194202 0.050003 -0.274000 3
0.041140 0.077288 0.528836 4
0.332154 -0.254594 0.052156 2
-0.276882 0.113715 -0.607338 5
0.121507 -0.839367 -0.067900 0
-0.025018 -0.094006 0.250480 0
0.107889 -0.119094 0.029413 0
-0.423421 -0.006308 0.306650 4
0.123283 0.128382 0.615479 4
-0.078119 0.023188 -0.093456 5
-0.016038 -0.308616 -0.068533 1
-0.268009 0.137788 -0.426207 5
0.156795 0.040611 0.034831 6
0.045655 -0.437613 -0.045170 0
-0.413781 0.070387 -0.557228 5
0.105495 -0.630873 -0.034509 0
-0.485773 0.006523 0.511967 4
0.026536 0.145340 -0.359229 5
-0.250657 -0.301417 -0.186151 1
-0.216624 0.048469 0.685064 4
-0.300181 0.042518 0.821997 4
-0.367106 0.001109 0.444808 4
0.282789 0.051456 -0.222312 3
0.432056 0.296242 -0.563003 3
-0.164620 0.026162 0.495267 4
-0.077351 0.142809 -0.529866 5
0.127164 -0.251083 -0.101924 0
0.301785 0.245269 -0.495054 3
-0.154477 0.097270 -0.096652 5
-0.204882 0.113949 -0.235058 5
-0.438731 0.082862 -0.464833 5
0.052598 -0.268124 0.006773 0
-0.334064 -0.007648 0.341639 4
0.197641 0.098259 0.206460 6
-0.282815 0.024764 0.513707 4
-0.214691 0.144794 -0.512767 5
-0.289768 -0.314791 -0.027026 1
0.159239 -0.102669 -0.157458 0
0.023248 0.152212 0.719109 4
0.040738 0.055521 0.426881 4
-0.061957 0.148856 -0.392303 5
0.314675 0.119513 0.086881 6
-0.336820 0.128094 -0.306704 5
-0.044809 0.095528 -0.231870 5
-0.434799 0.115967 -0.289488 5
0.136231 0.065421 0.425963 4
0.040677 -0.094797 -0.049078 0
0.022835 -0.148562 0.073374 0
-0.397652 0.028129 0.644322 4
-0.138553 -0.298969 0.077970 1
-0.108365 0.106540 0.770146 4
0.228289 0.086417 0.000428 6
-0.299381 0.035857 0.615255 4
0.452002 0.220792 -0.358305 3
-0.015946 -0.146785 -0.090229 0
-0.130258 -0.282133 -0.086009 1
-0.482294 0.000307 0.598500 4
0.244883 0.282481 -0.558890 3
0.229385 0.122784 -0.371537 3
0.517358 0.299771 -0.581154 3
0.194374 0.174256 -0.441263 3
-0.301453 0.120153 -0.067758 5
-0.181651 -0.298333 0.000229 1
0.072816 0.110663 -0.175678 5
0.196129 -0.291906 0.086501 2
0.146451 0.048284 0.119173 6
-0.284903 0.129963 -0.212994 5
0.334882 0.153433 -0.359017 3
0.614202 0.276345 -0.362751 3
-0.164207 0.140752 -0.356995 5
-0.008870 -0.185196 0.148443 0
0.363322 0.344936 -0.630145 3
-0.218848 0.116179 -0.050106 5
0.643102 0.319751 -0.517182 3
0.378979 0.268154 -0.502546 3
0.347187 0.123560 -0.272284 3
0.472915 0.201677 -0.281463 3
0.076556 0.005970 0.153963 6
-0.335668 0.125065 -0.152232 5
0.501457 0.257292 -0.409376 3
0.052023 0.004125 0.325828 4
-0.057780 0.098955 0.631725 4
0.349274 0.167873 0.034639 6
0.430317 0.145674 -0.203235 3
0.094487 -0.048817 0.001131 6
-0.473468 0.093679 -0.357678 5
-0.348229 0.090603 -0.591632 5
-0.369056 0.110694 -0.444526 5
-0.392859 0.026158 0.720519 4
-0.056114 0.131125 0.707757 4
0.409865 -0.248874 0.076713 2
-0.095151 -0.087996 0.223018 0
-0.350336 0.108920 -0.002711 5
0.241800 0.124609 -0.067702 6
0.279244 -0.265685 -0.000520 2
0.548130 0.220514 -0.255678 3
-0.185379 0.107517 0.029091 5
0.177708 -0.082539 -0.231704 0
-0.181967 -0.290622 -0.153473 1
-0.267028 0.042129 0.752345 4
-0.296110 -0.313241 -0.100569 1
-0.061904 -0.260056 -0.117619 1
-0.384353 -0.352642 -0.085924 1
-0.061727 0.043919 -0.162193 5
-0.024993 0.081635 0.566638 4
-0.147899 0.057857 0.616509 4
0.350073 0.202241 -0.429328 3
-0.022793 0.130677 -0.296482 5
0.460759 -0.260276 0.147000 2
-0.407565 0.112106 -0.138880 5
0.564984 0.281607 -0.439648 3
0.166018 -0.347214 0.037689 0
-0.457287 0.102074 -0.221423 5
0.381857 -0.239062 0.001196 2
0.026277 -0.149802 0.000649 0
0.160397 0.065639 -0.033387 6
-0.167729 -0.013403 0.324369 4
0.013071 -0.374067 -0.061786 0
-0.162942 0.071443 0.733634 4
-0.317624 -0.338946 0.034136 1
0.182087 -0.019725 -0.264718 0
-0.043881 -0.031011 0.291637 4
-0.265877 -0.008596 0.228192 4
0.075560 -0.375746 0.013054 0
-0.319907 0.128015 -0.375334 5
0.010360 0.004541 -0.116490 0
-0.402587 -0.011710 0.377330 4
-0.283153 0.053817 0.889245 4
0.096912 -0.197220 0.012188 0
0.086737 0.137491 -0.307502 5
-0.181688 -0.017524 0.244166 4
-0.095810 -0.016449 0.343007 4
-0.116483 0.114230 -0.244979 5
-0.079163 0.149772 -0.460674 5
-0.147168 0.148693 -0.528827 5
0.001885 -0.134463 0.194701 0
0.262586 -0.275989 0.067533 2
0.076959 0.136409 0.666112 4
-0.188494 0.113491 -0.167381 5
-0.199575 0.016913 0.428253 4
0.009472 -0.216171 0.039860 0
0.179696 0.100789 -0.330137 3
-0.520824 0.086029 -0.204340 5
0.095731 0.077333 0.478569 4
-0.216206 0.126591 -0.580892 5
0.571302 0.307112 -0.530954 3
0.445874 0.265980 -0.491955 3
-0.385700 0.036199 0.872162 4
-0.279381 0.076353 0.952174 4
0.104298 -0.317221 -0.001626 0
-0.081551 0.019577 0.410956 4
0.244525 0.008140 -0.265770 3
-0.164015 0.119573 -0.290388 5
0.089454 -0.273120 -0.049487 0
0.243525 0.214038 -0.471736 3
-0.097766 0.082088 -0.067244 5
0.392372 0.196066 -0.370006 3
0.116972 0.065387 -0.090309 0
0.518430 0.320983 -0.647677 3
-0.451813 0.019047 0.754232 4
0.099501 0.095692 0.550901 4
0.346805 0.157970 0.153261 6
0.105568 -0.459005 -0.033183 0
-0.504111 0.056770 -0.444585 5
-0.423198 0.003626 0.494904 4
-0.448531 0.094872 -0.085100 5
0.279335 0.100154 0.036030 6
-0.334314 0.034164 0.768857 4
0.085918 -0.581313 -0.067691 0
0.110616 0.016448 0.069560 6
0.330951 -0.266592 0.121201 2
-0.187037 0.077389 0.867732 4
0.215425 0.032280 0.052820 6
0.247288 0.088615 0.170833 6
0.115593 -0.898581 -0.128140 0
-0.267806 -0.005140 0.341820 4
-0.109454 0.032772 0.464200 4
0.050841 0.155805 -0.419371 5
0.120214 -0.780730 -0.035401 0
0.133871 -0.906345 -0.055474 0
-0.217046 0.144970 -0.392863 5
0.016463 0.095543 -0.197034 5
-0.272185 0.129276 -0.496056 5
-0.282352 0.126562 -0.273727 5
0.493986 -0.232216 0.009654 2
-0.018228 0.026372 0.402214 4
0.125509 -0.374078 -0.026882 0
-0.074933 -0.296987 -0.063918 1
0.233439 -0.273423 -0.046157 2
-0.456893 0.039520 -0.528992 5
-0.232649 0.025910 0.480698 4
-0.301337 -0.010219 0.291391 4
0.184925 -0.134051 -0.201692 0
0.008261 0.058612 0.479634 4
-0.149829 0.082885 0.821206 4
0.122046 -0.681308 -0.063997 0
0.389854 -0.228104 -0.067674 2
-0.043962 -0.014687 -0.129397 5
-0.081795 0.124628 0.819469 4
0.417680 0.328482 -0.614892 3
-0.011177 -0.212322 0.095587 0
0.585406 0.252907 -0.312493 3
-0.013778 -0.124328 -0.033299 0
-0.052354 -0.135763 0.215963 0
0.038585 0.038287 0.371268 4
0.195424 0.066710 0.155880 6
-0.164826 0.103567 -0.033098 5
-0.335115 0.028490 0.570251 4
0.128332 -0.204649 -0.136538 0
0.308550 0.077793 -0.266518 3
-0.149358 0.041488 0.561419 4
-0.369387 -0.028516 0.282735 4
-0.301023 0.012146 0.460748 4
0.438408 -0.241957 0.017870 2
0.433599 0.169297 -0.255841 3
0.115683 0.013807 0.000564 6
-0.085486 -0.285702 0.055518 1
-0.043083 0.063158 0.516012 4
-0.106278 0.058718 -0.127686 5
0.061873 0.105635 0.597408 4
-0.340341 -0.332031 -0.045993 1
-0.232010 -0.303449 -0.033070 1
0.078366 -0.133789 -0.016605 0
-0.443469 0.095769 -0.408999 5
-0.214771 0.000288 0.376404 4
0.244967 0.064430 -0.294225 3
-0.077733 -0.081524 0.281489 4
-0.005075 0.147621 -0.406847 5
-0.440710 0.017720 0.565070 4
-0.391183 0.091891 -0.492653 5
0.562408 0.266001 -0.386123 3
0.292336 0.111259 0.136664 6
0.022948 -0.199891 -0.069159 0
-0.524172 0.080873 -0.340184 5
0.043684 -0.306183 -0.048203 0
-0.267825 0.041532 0.666279 4
0.284207 0.316838 -0.591634 3
-0.299881 -0.320407 -0.169697 1
-0.248763 0.051653 0.838280 4
-0.028377 0.145480 -0.506015 5
0.077583 -0.393885 -0.050728 0
0.279792 0.143137 -0.373425 3
-0.216035 0.149055 -0.446927 5
-0.420024 -0.006807 0.438780 4
-0.044830 -0.316333 -0.023695 1
-0.384046 0.124265 -0.274000 5
-0.198926 0.041487 0.632440 4
0.467353 0.308447 -0.614464 3
-0.335667 0.016863 0.512422 4
-0.027785 0.145173 0.752295 4
0.091541 0.142483 -0.387628 5
0.143023 0.169706 -0.454683 3
-0.352703 0.034119 0.820642 4
-0.197596 -0.314239 0.075047 1
0.380902 0.303998 -0.547156 3
-0.283754 0.120155 -0.547026 5
0.209109 -0.084515 -0.189146 0
0.082133 -0.493990 -0.065211 0
0.321470 0.083074 -0.204994 3
0.245608 0.255575 -0.513494 3
0.602962 0.296501 -0.479910 3
-0.044173 -0.102379 -0.089368 0
-0.116366 0.150061 -0.376748 5
-0.101391 0.049363 0.513404 4
-0.335498 -0.004784 0.394011 4
0.056339 -0.220837 -0.015508 0
0.067615 -0.232718 0.050143 0
-0.478180 -0.011875 0.463586 4
-0.264935 0.033637 0.563313 4
0.087603 0.127781 -0.239294 5
-0.334247 0.042474 0.871682 4
-0.181503 -0.292496 -0.051134 1
-0.216139 0.032729 0.530813 4
-0.301433 0.115704 -0.016597 5
-0.012029 0.127323 0.681915 4
-0.046458 0.138502 -0.341224 5
0.040627 -0.134961 -0.080820 0
0.348606 0.227540 -0.473716 3
0.194031 0.151261 -0.394938 3
-0.161561 0.064151 0.665314 4
0.233378 0.079964 0.051802 6
0.038194 -0.061613 -0.087653 0
0.380148 0.128169 -0.233738 3
0.183347 0.063470 0.087076 6
-0.451996 -0.014245 0.360725 4
-0.214803 0.053706 0.750146 4
-0.029305 0.076530 -0.186453 5
-0.230306 -0.299321 -0.136682 1
-0.353101 0.122039 -0.102685 5
0.282496 -0.258647 -0.052206 2
0.482220 0.265844 -0.455290 3
-0.266260 0.134271 -0.375870 5
-0.386047 0.124216 -0.324421 5
-0.319534 0.123188 -0.461848 5
0.326274 -0.247519 0.000702 2
-0.417907 0.108653 -0.188049 5
-0.231671 -0.311707 0.016284 1
-0.327730 0.130662 -0.239077 5
0.025086 0.136222 -0.309675 5
0.553399 0.314021 -0.612685 3
-0.487782 0.093851 -0.307125 5
0.106575 -0.583480 -0.019018 0
0.096928 -0.884421 -0.080613 0
0.005941 -0.099394 -0.084560 0
0.073983 -0.431644 -0.004960 0
0.255439 0.005522 -0.217215 3
0.085472 0.061981 0.406959 4
-0.078620 0.082038 -0.193952 5
-0.348304 0.030383 0.618688 4
0.451689 0.241002 -0.410137 3
0.299675 0.210789 -0.460014 3
0.232012 0.101928 -0.327101 3
-0.436463 0.018742 0.615966 4
0.314351 0.279501 -0.527730 3
-0.160480 0.093666 -0.238288 5
-0.036723 -0.154579 0.122506 0
0.125148 -0.769973 -0.082632 0
-0.112162 0.140639 -0.563755 5
-0.214913 0.111562 -0.102485 5
0.272394 0.096033 0.084067 6
0.216261 -0.284935 0.130260 2
-0.231726 0.122046 -0.187421 5
-0.355032 0.030986 0.667102 4
-0.301039 0.127076 -0.118559 5
0.005457 -0.119930 0.032359 0
0.484134 0.287567 -0.529965 3
-0.366125 0.096966 -0.536453 5
0.138058 -0.465095 0.003334 0
-0.224642 0.112962 -0.283573 5
0.122031 0.080884 0.381162 4
-0.249379 0.038021 0.616722 4
0.022173 -0.221661 0.149133 0
0.212121 0.091331 -0.050610 6
-0.096534 0.075388 0.617217 4
0.353707 0.149566 -0.315462 3
0.485246 0.221788 -0.324279 3
0.437404 0.199431 -0.313042 3
-0.129810 -0.288596 -0.033495 1
0.161379 0.066658 0.188806 6
-0.063633 0.122921 -0.273787 5
0.140944 0.099802 0.461458 4
0.104866 0.026298 0.121469 6
-0.481039 0.062846 -0.487059 5
0.137426 0.122371 0.558329 4
0.317390 0.133546 0.033177 6
0.007074 0.016442 0.307494 4
0.060671 -0.235146 -0.059859 0
-0.147827 0.014365 0.444899 4
-0.112289 0.151441 -0.493571 5
0.094338 -0.649488 -0.083614 0
-0.198263 0.135021 -0.325959 5
0.450615 -0.249629 0.103009 2
-0.181109 0.154208 -0.477477 5
0.032409 -0.189935 0.105436 0
-0.074048 0.131662 0.752839 4
-0.417301 0.116265 -0.238795 5
0.365506 -0.254020 0.087076 2
-0.343068 -0.334183 -0.092703 1
-0.490263 0.082316 -0.409324 5
-0.436303 0.021976 0.668517 4
-0.217520 0.114057 -0.004952 5
0.188771 -0.146599 -0.158432 0
0.246853 0.117767 0.205188 6
0.162264 -0.236664 -0.126153 0
0.177879 0.206698 -0.477437 3
0.351137 0.154188 0.084688 6
-0.016107 0.095484 0.609428 4
0.598974 0.282328 -0.406272 3
0.111439 -0.015340 0.034334 6
0.078706 -0.094028 0.006934 0
-0.266211 -0.306778 -0.068231 1
0.518990 0.218829 -0.289103 3
-0.010167 0.115665 -0.256707 5
-0.434546 0.074066 -0.512637 5
0.194034 0.071135 0.034351 6
0.133507 0.046061 0.161977 6
0.143188 -0.122055 -0.195786 0
-0.130370 -0.295144 0.035132 1
0.381860 0.327630 -0.583862 3
0.023910 0.092298 0.580481 4
0.063812 -0.016141 0.114817 6
-0.142983 -0.042215 0.246240 4
0.320758 0.334387 -0.607462 3
-0.287938 0.128115 -0.338635 5
-0.008214 -0.337019 -0.034789 1
0.313830 0.169747 -0.393379 3
-0.187450 0.108511 -0.607832 5
0.230785 0.167280 -0.411290 3
0.223212 -0.025683 -0.249237 3
-0.057006 -0.052003 -0.111999 5
0.261150 0.106400 -0.033655 6
0.387169 0.152000 -0.271623 3
0.110087 -0.287969 -0.084370 0
0.316329 0.115846 -0.304633 3
0.054106 0.047043 0.327009 4
-0.136292 -0.280469 -0.136363 1
0.028238 0.133697 0.668697 4
-0.148854 0.085066 -0.137225 5
0.159076 -0.374851 0.005841 0
-0.281072 0.127263 -0.170550 5
-0.227371 0.064859 0.873765 4
-0.028250 0.036640 -0.136836 5
-0.251519 0.124333 -0.238839 5
0.097544 -0.798989 -0.066397 0
-0.387221 0.105687 -0.023586 5
-0.178713 0.150497 -0.410173 5
0.038327 0.097253 -0.155002 5
-0.102508 0.095137 0.723969 4
0.154841 -0.160951 -0.179511 0
0.419533 0.219961 -0.393028 3
-0.028552 -0.149238 0.169777 0
-0.384159 0.023674 0.597873 4
0.189414 -0.315148 0.051270 2
-0.312705 0.036785 0.654978 4
0.604903 0.319574 -0.552613 3
0.418145 0.276922 -0.528617 3
-0.059979 -0.073110 0.239685 0
-0.386742 -0.013476 0.325042 4
-0.059659 0.012172 0.376320 4
0.330597 0.138225 0.120378 6
0.297218 0.121439 -0.342369 3
-0.148344 0.083377 0.770576 4
-0.037380 0.145096 -0.465537 5
0.122588 0.039145 -0.031160 6
-0.030222 -0.108776 0.193368 0
-0.388175 0.027823 0.761316 4
-0.283758 -0.322852 0.017321 1
0.473302 0.183142 -0.244818 3
-0.424730 0.111286 -0.342074 5
-0.057462 0.115813 0.669779 4
-0.159934 0.099449 0.889097 4
0.080477 -0.280763 0.033937 0
-0.182891 0.140922 -0.546960 5
-0.474143 0.010277 0.644219 4
0.227870 -0.289732 0.051136 2
-0.319439 0.102969 -0.565548 5
0.371497 -0.245274 0.047102 2
-0.249701 0.017433 0.444816 4
0.126097 -0.068912 0.016635 6
0.520339 0.274869 -0.444891 3
-0.010141 0.041805 0.438763 4
-0.065411 0.069027 -0.087723 5
-0.325302 -0.332096 -0.008459 1
-0.317629 0.128568 -0.188181 5
0.054263 0.112391 -0.222098 5
0.070294 -0.338253 -0.005988 0
-0.112580 0.154340 -0.426876 5
0.058288 0.067288 0.468228 4
-0.237666 0.133848 -0.543768 5
0.021602 -0.159621 0.143506 0
-0.166805 -0.288240 -0.101305 1
-0.275025 -0.314082 -0.138900 1
0.554170 0.287988 -0.477704 3
-0.400682 0.107405 -0.420137 5
0.106327 -0.310068 -0.041014 0
0.487047 0.240398 -0.376047 3
-0.487539 0.097692 -0.256568 5
0.299609 -0.270205 0.152551 2
0.092359 -0.542533 -0.060970 0
-0.352799 0.119587 -0.409285 5
0.083130 -0.689669 -0.063403 0
-0.249242 0.045803 0.787755 4
0.213892 0.263978 -0.542191 3
-0.249864 0.117112 -0.084346 5
0.137319 -0.937002 -0.085541 0
0.471455 0.166193 -0.191253 3
-0.285365 -0.335604 0.061412 1
-0.062404 0.075219 0.581500 4
0.352618 0.182742 -0.394887 3
0.400477 0.241001 -0.477877 3
0.073415 -0.615776 -0.052729 0
-0.392802 0.015292 0.839388 4
-0.352545 0.115556 -0.051801 5
0.280558 0.264165 -0.541260 3
0.354201 -0.271490 0.167238 2
0.536370 0.296265 -0.546739 3
0.207589 0.125625 -0.095276 6
-0.283782 0.041547 0.716681 4
-0.123829 0.094810 -0.040673 5
0.401654 0.116205 -0.176466 3
0.310533 -0.266632 0.087630 2
-0.301487 0.060641 0.923317 4
0.358002 -0.245798 -0.031975 2
0.186968 -0.332720 0.004038 2
0.106179 -0.852051 -0.101713 0
0.384103 0.204993 -0.410068 3
-0.079477 -0.105841 0.187457 0
-0.094600 -0.277786 -0.101675 1
0.102778 -0.155811 0.016794 0
-0.236793 0.043740 0.718251 4
-0.127932 0.142713 -0.340228 5
-0.438451 0.024078 0.717975 4
0.089058 -0.010480 -0.014250 0
0.028891 -0.168278 -0.033544 0
-0.059436 -0.017747 0.324743 4
0.245415 -0.276995 0.018878 2
-0.149205 -0.277148 -0.180728 1
0.043021 -0.360686 -0.040952 0
0.105352 -0.411903 -0.016432 0
0.244163 -0.284247 0.103318 2
-0.267173 0.119225 -0.034419 5
-0.387945 0.004451 0.478829 4
-0.159786 0.094106 -0.188278 5
0.094379 0.035479 0.171561 6
-0.117597 0.104261 0.820048 4
0.229574 0.190161 -0.442892 3
-0.036178 -0.064047 0.273109 4
-0.382208 -0.006992 0.409827 4
-0.376926 0.073248 -0.568459 5
-0.081969 0.104899 -0.227264 5
-0.384935 0.117931 -0.170324 5
-0.181584 0.040397 0.598083 4
-0.166184 -0.304176 0.051672 1
-0.125065 -0.025273 0.319608 4
-0.301318 -0.004824 0.376351 4
-0.470137 0.080873 -0.442721 5
-0.027599 0.145311 -0.375513 5
0.196632 0.074133 -0.308311 3
0.044046 -0.139059 0.032938 0
0.079484 -0.049957 0.036429 6
0.076087 0.081545 0.513703 4
0.189678 0.077645 -0.011794 6
-0.182096 0.058459 0.698306 4
0.191042 -0.045289 -0.237713 0
0.160242 0.099561 0.213830 6
0.294890 -0.263765 0.034121 2
0.262911 0.088059 0.120035 6
-0.400929 0.022952 0.682283 4
0.326921 0.160721 0.004795 6
-0.116818 0.009549 0.423539 4
-0.322963 0.003703 0.428821 4
-0.472160 0.005852 0.547389 4
0.007148 0.080544 0.546544 4
0.075413 0.145592 -0.353461 5
-0.217646 -0.007097 0.325571 4
-0.352323 0.033153 0.720275 4
0.336160 0.097518 -0.236790 3
-0.267086 -0.011830 0.274392 4
-0.181360 0.021470 0.461135 4
0.417460 -0.255324 0.120352 2
0.044865 -0.263277 0.072628 0
0.415110 -0.240707 -0.017306 2
0.637482 0.311791 -0.478508 3
0.556255 0.235296 -0.289463 3
-0.078847 -0.041282 0.301504 4
-0.071626 0.025777 -0.130526 5
0.313650 0.191422 -0.425642 3
0.484690 -0.249798 0.119089 2
0.505265 0.201301 -0.258743 3
0.056104 0.116814 0.632853 4
0.030160 -0.204716 0.068995 0
0.160178 0.155646 -0.410506 3
0.313074 0.141603 0.154233 6
-0.006234 0.140700 -0.341593 5
-0.516646 0.035849 -0.473059 5
-0.229652 0.139000 -0.358065 5
0.087980 -0.236185 -0.002558 0
0.119303 -0.599785 -0.050237 0
-0.095613 0.001802 0.376490 4
-0.182816 -0.014860 0.290172 4
-0.180520 0.007023 0.393092 4
-0.047391 0.148004 -0.426679 5
0.267244 0.048076 -0.256074 3
-0.369683 -0.008386 0.360097 4
-0.179273 0.108512 -0.067118 5
-0.250395 0.142755 -0.459928 5
-0.301199 -0.012002 0.239527 4
-0.232524 0.010026 0.409555 4
0.350317 0.288998 -0.529403 3
-0.350626 -0.346391 0.016550 1
-0.149461 0.107165 0.017091 5
-0.473139 0.090742 -0.188179 5
-0.030269 -0.035849 -0.092031 0
0.193406 0.119894 -0.358787 3
-0.134673 0.040114 0.527433 4
-0.370022 0.122106 -0.136668 5
0.062476 -0.292910 -0.019195 0
-0.198936 -0.308640 0.033298 1
-0.457104 0.105796 -0.324981 5
-0.046418 -0.287644 -0.085586 1
0.379345 0.177954 -0.340529 3
-0.521352 0.072536 -0.239051 5
0.058886 0.091739 0.563368 4
0.279753 0.294407 -0.562364 3
-0.304442 0.028779 0.549790 4
0.143908 0.034752 0.068847 6
0.467363 0.294598 -0.580330 3
-0.437495 0.005538 0.530469 4
-0.403382 0.110303 -0.102347 5
0.303997 0.090234 0.066121 6
-0.211850 -0.013514 0.223571 4
0.521681 0.252613 -0.376236 3
-0.001563 0.165844 0.767505 4
-0.537876 0.084277 -0.305681 5
0.071863 0.129592 -0.273585 5
-0.181589 0.030136 0.548162 4
0.064421 -0.173966 -0.016543 0
-0.169708 -0.005735 0.360124 4
0.108643 -0.696734 -0.033627 0
-0.230915 0.040360 0.650164 4
-0.436609 0.099763 -0.120483 5
-0.096846 -0.269607 -0.137549 1
-0.506232 0.082566 -0.376523 5
-0.077114 0.030946 0.445336 4
-0.184107 0.102618 -0.119811 5
0.171545 0.078527 -0.065609 6
-0.095724 0.054609 -0.169709 5
-0.352142 0.124418 -0.358826 5
-0.249835 -0.305179 -0.103329 1
-0.060041 0.139847 0.785407 4
0.377878 0.174269 0.068278 6
0.294214 0.107653 0.002194 6
-0.129085 0.127888 -0.285333 5
-0.401978 0.100467 -0.455757 5
-0.062978 0.066744 0.546109 4
-0.086344 0.132517 0.854551 4
-0.062238 0.147915 -0.492607 5
0.159987 -0.174816 -0.143564 0
0.117258 0.097359 0.519470 4
-0.215985 -0.294665 -0.169481 1
0.451053 -0.241591 0.051644 2
-0.298709 0.040365 0.769477 4
-0.307102 0.129790 -0.428669 5
-0.353456 0.124896 -0.187553 5
0.482976 0.277409 -0.494828 3
0.382907 0.218136 -0.445597 3
-0.199479 -0.292179 -0.119742 1
-0.117395 0.074932 0.646418 4
-0.339102 -0.011791 0.292209 4
-0.008948 0.100825 -0.221741 5
0.111985 -0.734072 -0.033346 0
0.257281 0.111019 -0.352424 3
0.109649 0.082316 0.445998 4
0.092378 0.041157 -0.079304 0
-0.249364 0.067482 0.905575 4
0.443684 0.248959 -0.457327 3
-0.366334 -0.344953 -0.118510 1
0.004643 0.025985 0.374743 4
-0.127591 -0.010555 0.358240 4
-0.309359 0.095946 -0.599036 5
0.632593 0.288962 -0.390549 3
0.050931 0.145858 0.697691 4
-0.353477 0.109848 -0.476495 5
0.160584 0.052936 -0.000183 6
0.132908 0.012928 0.032747 6
0.276561 0.141176 -0.045098 6
-0.318583 0.130163 -0.273400 5
-0.112247 -0.065918 0.256384 4
0.569665 0.310342 -0.581022 3
0.267785 0.240880 -0.486063 3
0.502279 0.313510 -0.613749 3
-0.014434 0.112232 0.646305 4
-0.383670 0.013310 0.512646 4
0.194401 0.067145 0.120680 6
0.090385 0.124864 0.632720 4
-0.383543 -0.352631 -0.050747 1
-0.421872 -0.013225 0.342596 4
0.420051 0.202880 -0.343436 3
0.264746 0.201925 -0.443958 3
0.159148 0.110102 -0.357107 3
0.212205 0.019820 -0.273336 3
0.120261 -0.818131 -0.040007 0
-0.249813 -0.000578 0.375772 4
-0.215384 0.062279 0.837652 4
0.017305 -0.122805 -0.057736 0
-0.337505 0.008079 0.461945 4
-0.266826 0.019731 0.477311 4
0.525459 0.201298 -0.228695 3
-0.148534 0.140264 -0.563100 5
-0.286436 0.047564 0.853626 4
-0.427175 -0.005986 0.401322 4
-0.148756 -0.021272 0.293400 4
0.107071 0.108682 0.582278 4
-0.112518 0.145653 -0.528909 5
-0.149688 0.070996 0.699747 4
-0.055683 -0.110354 0.251601 0
0.262913 0.092599 0.000739 6
-0.147237 -0.293619 0.000304 1
-0.130954 0.088240 -0.220824 5
-0.045337 0.034814 0.428544 4
-0.002261 -0.095426 -0.049284 0
-0.227013 0.113024 0.028382 5
0.056495 0.140838 -0.324096 5
0.094119 -0.493694 -0.023252 0
0.091191 -0.425730 -0.050131 0
-0.248279 0.027216 0.513485 4
-0.320128 0.036609 0.735436 4
-0.182609 0.065706 0.769275 4
-0.147365 0.091290 0.854667 4
0.041736 -0.251179 0.034898 0
0.003242 0.068766 0.514268 4
0.276616 0.109352 0.167401 6
0.042435 -0.405173 -0.056457 0
-0.146891 0.151170 -0.392660 5
0.025018 0.019555 0.340602 4
0.403519 -0.243324 0.034650 2
-0.009705 -0.120796 0.000678 0
0.171797 -0.233291 -0.159027 0
-0.076908 0.143710 -0.356191 5
-0.232325 -0.012344 0.256872 4
0.250701 -0.277085 -0.016720 2
-0.299189 -0.007223 0.325463 4
0.135100 0.058756 -0.062010 0
0.278316 0.057390 -0.291194 3
-0.489511 0.090619 -0.222443 5
0.280923 -0.272210 0.103650 2
-0.015598 -0.012339 0.287734 4
-0.187303 -0.283486 -0.186379 1
0.088297 -0.377262 -0.018499 0
-0.249757 0.120994 -0.580122 5
0.039215 -0.170115 -0.067118 0
-0.083621 0.093879 -0.038675 5
-0.181356 0.151229 -0.511357 5
-0.021920 -0.180613 0.090218 0
0.399039 0.353707 -0.627732 3
0.604426 0.307234 -0.511970 3
-0.132368 0.087705 0.738035 4
-0.265294 -0.008566 0.308269 4
-0.009004 0.142058 0.719064 4
-0.301383 -0.315934 -0.067317 1
0.111877 -0.257168 -0.070716 0
0.025683 0.148348 -0.393045 5
0.146754 0.081069 -0.092068 0
0.467055 -0.230359 -0.010483 2
0.425691 -0.266227 0.151092 2
-0.180392 0.134630 -0.583604 5
0.533900 0.265155 -0.413356 3
-0.397628 -0.006047 0.285090 4
0.363857 -0.259765 0.121042 2
0.229004 0.070433 0.136413 6
0.072941 -0.457075 -0.044781 0
-0.119880 0.079790 -0.105564 5
0.411278 0.146659 -0.230697 3
-0.420476 0.026478 0.769721 4
0.604831 0.290563 -0.442606 3
-0.122063 0.062888 0.585641 4
-0.317600 -0.328531 -0.135095 1
0.101164 -0.349505 0.005703 0
-0.026227 0.066660 -0.154293 5
0.353428 0.169440 0.122818 6
-0.147940 0.155350 -0.478180 5
0.208875 0.196592 -0.471231 3
0.074155 0.056696 0.376229 4
0.225837 -0.061158 -0.224885 0
0.093016 -0.661356 -0.038330 0
-0.300778 0.127611 -0.308100 5
-0.439359 0.101775 -0.153406 5
0.122145 -0.860102 -0.042148 0
-0.096442 -0.290430 -0.033226 1
0.376302 -0.257308 -0.060140 2
-0.420397 0.099187 -0.068281 5
-0.354900 0.018680 0.545435 4
-0.045058 -0.104421 -0.014590 0
-0.247356 0.080528 0.936302 4
-0.181414 0.073923 0.822153 4
0.072134 -0.322108 -0.034509 0
-0.482737 0.025667 -0.514267 5
-0.467385 0.088413 -0.120703 5
-0.128851 0.036163 0.495416 4
-0.065069 0.134169 -0.306563 5
-0.080461 0.105761 0.702267 4
-0.281780 0.133751 -0.461708 5
-0.182542 0.153851 -0.444825 5
0.484420 0.326070 -0.648444 3
-0.433048 0.105472 -0.376153 5
0.000893 -0.022938 -0.101680 0
-0.351070 0.127692 -0.272574 5
0.427902 0.320353 -0.584503 3
0.043287 0.070631 0.496914 4
0.008288 -0.151873 -0.069112 0
0.020785 -0.218897 0.114294 0
-0.302536 0.031853 0.582004 4
-0.211360 0.110620 -0.135289 5
-0.404918 0.083680 -0.529105 5
0.006115 -0.067164 -0.086757 0
-0.525328 0.083201 -0.420905 5
0.182558 -0.102483 -0.192851 0
0.241845 0.147321 -0.388375 3
0.342839 0.141456 0.051991 6
-0.112752 0.152942 -0.461361 5
0.004653 -0.173815 0.120165 0
0.088948 0.005188 0.103186 6
0.570596 0.254552 -0.340937 3
0.448200 0.286391 -0.534709 3
0.314080 -0.255877 -0.034454 2
-0.095600 0.125147 -0.274702 5
-0.164630 0.132856 -0.325932 5
0.448115 0.162509 -0.223890 3
-0.504266 0.091406 -0.171498 5
0.108654 -0.921829 -0.067971 0
0.053397 -0.105683 -0.079737 0
0.123001 -0.440689 -0.010737 0
-0.211935 0.146714 -0.481019 5
-0.196102 0.140534 -0.358216 5
0.333873 0.261980 -0.509580 3
0.042111 -0.219197 0.036809 0
-0.203713 0.027471 0.493758 4
-0.454867 -0.001689 0.444596 4
0.095621 -0.770284 -0.052476 0
0.085744 -0.271115 -0.018100 0
-0.044062 -0.101530 0.223510 0
0.225310 0.231814 -0.507138 3
0.033766 0.138040 -0.439191 5
-0.081978 0.042363 0.476446 4
0.059532 -0.253392 -0.034119 0
-0.173528 -0.050028 0.247524 4
-0.030009 -0.042207 -0.135481 5
-0.025271 -0.066268 -0.086175 0
0.075477 -0.582600 -0.022893 0
0.084909 0.117376 -0.203746 5
0.208964 0.076250 0.187329 6
-0.469446 0.019853 0.718190 4
0.261329 0.077241 -0.320175 3
-0.370632 0.031906 0.786823 4
0.073299 -0.362805 -0.048980 0
-0.246129 0.139991 -0.509337 5
0.099272 -0.339402 -0.033450 0
0.089999 -0.009671 0.068637 6
-0.065032 -0.294503 -0.014739 1
-0.313551 0.114400 0.011965 5
-0.049004 0.130139 -0.530191 5
0.055945 0.141776 -0.391617 5
0.013084 -0.139146 -0.097655 0
-0.442860 0.112401 -0.255764 5
-0.078030 0.151629 -0.426028 5
0.070503 -0.300866 -0.062505 0
0.139395 -0.222781 -0.102827 0
-0.058793 -0.011195 -0.102724 5
-0.084377 0.101177 0.667688 4
0.292561 0.090471 -0.289446 3
0.041580 -0.201911 -0.034555 0
-0.182406 0.107315 -0.204069 5
-0.023632 -0.198151 0.119594 0
0.125600 -0.903143 -0.085145 0
0.279542 0.259313 -0.511159 3
-0.453665 0.002438 0.494249 4
0.517995 0.229787 -0.320190 3
-0.182449 0.105231 -0.255939 5
0.511834 -0.235639 0.055611 2
-0.217757 0.106033 -0.607196 5
-0.366700 0.040361 0.904302 4
-0.108089 -0.097318 0.248734 4
0.348599 0.326817 -0.598362 3
-0.148687 0.099555 -0.067057 5
-0.010444 -0.154068 0.137457 0
-0.317980 0.127210 -0.341922 5
0.114128 0.079823 0.410283 4
-0.142945 0.115046 -0.259425 5
-0.337543 -0.024927 0.265135 4
0.089141 -0.203813 -0.016080 0
-0.433724 0.042789 -0.547748 5
0.633148 0.312163 -0.545887 3
-0.299041 0.001072 0.410910 4
-0.301725 0.124325 -0.495688 5
-0.122812 -0.074147 0.229699 0
-0.308450 0.112813 -0.532097 5
0.075798 0.071562 0.444590 4
0.114280 -0.649746 -0.061603 0
0.117324 -0.929103 -0.106802 0
0.050657 -0.162970 0.010963 0
-0.054874 0.150309 0.823757 4
0.397823 0.126077 -0.204021 3
-0.429426 0.096251 -0.440287 5
0.332073 0.215973 -0.452273 3
-0.196440 0.110689 -0.031986 5
0.416428 0.258194 -0.495447 3
0.022911 0.112251 -0.236250 5
0.096086 -0.853780 -0.068777 0
-0.107883 -0.286816 -0.067822 1
0.021158 0.041847 0.410081 4
0.453705 0.317496 -0.642126 3
0.104237 -0.114188 0.000952 0
0.096305 -0.764589 -0.081009 0
0.018699 0.155213 0.749525 4
0.212345 0.070701 0.069558 6
-0.068740 0.143782 -0.557544 5
0.159793 0.056027 0.154889 6
-0.046632 -0.124645 0.175505 0
-0.197714 0.085113 0.904080 4
0.246188 0.035960 -0.273621 3
-0.062289 0.052501 0.497205 4
0.011298 -0.145334 -0.033797 0
0.300456 0.115025 0.048949 6
0.308731 0.057773 -0.199580 3
-0.361735 -0.345625 -0.032266 1
-0.004892 -0.195945 0.072719 0
-0.015212 0.009947 -0.128577 5
0.007781 0.086750 -0.171025 5
-0.199339 0.123482 -0.292347 5
0.127764 0.082746 0.206903 6
-0.086627 0.113053 0.787769 4
0.177470 0.052137 0.051073 6
0.092730 -0.562413 -0.033794 0
0.079130 -0.304054 0.002447 0
0.258785 0.163802 -0.406348 3
0.298233 0.069309 -0.238418 3
-0.250152 0.121953 -0.274353 5
-0.180237 0.105916 0.001032 5
0.430595 0.133110 -0.177640 3
-0.534269 0.064441 -0.361178 5
-0.355194 0.091682 -0.562225 5
-0.043869 0.088084 0.598862 4
0.110783 -0.816452 -0.084468 0
0.085373 -0.241854 -0.032052 0
0.035975 0.032487 0.310806 4
-0.031989 0.010112 0.370645 4
0.081672 -0.643516 -0.057137 0
-0.166988 0.101764 -0.153252 5
0.192328 -0.119014 -0.172096 0
0.348939 -0.243561 0.017132 2
0.166027 -0.135084 -0.177258 0
0.435763 0.343906 -0.630152 3
0.135471 -0.236768 -0.135074 0
-0.250501 0.123972 -0.166426 5
0.467298 -0.237252 0.017354 2
0.382736 0.279266 -0.528199 3
-0.041162 -0.322211 -0.051025 1
0.121077 -0.291317 -0.058654 0
0.383340 0.331926 -0.615210 3
0.361469 0.111030 -0.221487 3
0.360443 0.141734 -0.289204 3
0.202662 -0.297417 -0.025511 2
0.124663 0.035962 0.103972 6
0.178456 0.133924 -0.377992 3
-0.283423 0.115937 -0.580113 5
-0.333414 0.113514 -0.024647 5
0.450057 0.187809 -0.272925 3
-0.020900 -0.091947 -0.075738 0
-0.363713 0.099382 -0.508601 5
0.126163 -0.869068 -0.068372 0
0.210540 -0.304104 0.034736 2
0.091057 -0.081167 0.028315 6
-0.525941 0.055989 -0.409232 5
-0.013919 -0.111462 0.215675 0
0.108467 0.007677 -0.025526 0
-0.312585 0.017826 0.497060 4
-0.551772 0.078506 -0.339844 5
0.620587 0.313340 -0.577094 3
0.156215 -0.400963 0.014571 0
-0.023808 0.068783 0.535050 4
-0.264196 0.126097 -0.528380 5
0.074186 -0.400487 -0.013360 0
0.160755 0.191651 -0.461792 3
0.044206 -0.235952 0.068500 0
0.363698 0.244122 -0.489858 3
-0.363082 -0.013250 0.260601 4
0.007349 0.129579 -0.289594 5
0.553755 0.296995 -0.512321 3
-0.093551 0.150516 -0.392097 5
0.214064 0.221873 -0.484120 3
-0.082866 0.047533 -0.118179 5
-0.015255 0.057544 0.493609 4
0.041499 0.102211 -0.188240 5
0.600637 0.265351 -0.341716 3
-0.251604 -0.304101 -0.153127 1
0.259152 0.021394 -0.239146 3
-0.233649 0.146247 -0.426268 5
-0.266884 -0.024647 0.250298 4
0.501012 -0.241951 0.098718 2
-0.265963 0.122976 -0.306207 5
0.235048 -0.003226 -0.239322 3
0.239353 0.090375 -0.050462 6
0.477839 0.227025 -0.349961 3
-0.085638 0.107844 0.741149 4
-0.033935 -0.008331 0.323296 4
0.310224 0.316244 -0.580095 3
-0.021452 -0.116020 -0.095554 0
-0.045099 0.109914 -0.254964 5
0.458912 0.233760 -0.381201 3
0.206172 0.093302 -0.077068 6
-0.160409 -0.290566 -0.034122 1
0.590901 0.272012 -0.376010 3
-0.402648 0.023562 0.618044 4
0.135359 0.095777 0.489640 4
-0.149130 0.011127 0.416686 4
0.571911 0.275500 -0.409611 3
-0.489291 0.051895 -0.513569 5
-0.244668 -0.006572 0.326054 4
-0.414575 0.014676 0.549151 4
-0.076649 0.111961 -0.252799 5
0.417373 -0.232503 -0.048673 2
-0.200706 0.049037 0.663292 4
0.119274 -0.656469 -0.034656 0
0.033804 0.129423 -0.284626 5
0.098490 -0.371917 -0.046353 0
-0.020340 -0.112457 0.034108 0
0.105559 -0.715780 -0.079422 0
0.143296 0.115194 0.532728 4
0.061336 0.005562 0.130397 6
0.325393 0.109301 0.064524 6
-0.322613 0.058162 0.939595 4
0.143558 0.169435 -0.426316 3
0.042538 -0.184087 -0.004954 0
0.240992 0.264015 -0.538455 3
-0.194899 0.062367 0.734515 4
-0.158739 -0.040703 0.267759 4
-0.456799 0.010297 0.584927 4
0.126346 0.040932 0.136868 6
-0.217751 -0.314606 0.057784 1
0.308469 -0.264406 0.058953 2
-0.249513 -0.319724 0.034164 1
-0.301297 0.131331 -0.237597 5
-0.168276 0.075163 0.789415 4
-0.317880 0.051652 0.904585 4
-0.415120 0.027124 0.831529 4
0.151924 -0.209339 -0.125588 0
-0.193663 -0.007475 0.336657 4
-0.111265 -0.291518 0.053018 1
-0.456731 0.070439 -0.494095 5
-0.269425 0.037929 0.633921 4
-0.405586 0.122076 -0.306785 5
-0.409406 0.112906 -0.213845 5
-0.008606 0.148008 -0.488739 5
0.089530 -0.083876 -0.014818 0
0.222637 -0.059791 -0.198796 0
0.360138 0.177924 -0.370162 3
0.447832 0.326328 -0.614798 3
-0.167414 0.054309 0.633721 4
-0.318525 0.037478 0.803900 4
0.232846 0.098350 0.194414 6
-0.013105 0.048535 0.463956 4
0.316505 0.101195 -0.275265 3
0.494761 0.215164 -0.300773 3
0.247369 0.085477 0.086284 6
0.093782 -0.474698 -0.050515 0
0.477181 0.247884 -0.406605 3
-0.480737 0.097756 -0.332865 5
-0.267532 0.034651 0.598226 4
-0.028758 0.136729 0.702818 4
-0.352383 0.013663 0.492637 4
-0.270642 0.118947 -0.100017 5
0.403323 0.312432 -0.580941 3
0.463813 0.277810 -0.512461 3
-0.355600 0.032148 0.753992 4
0.059274 0.047936 0.356740 4
0.009387 -0.202292 0.137334 0
0.217448 0.112329 0.215816 6
0.149042 -0.197743 -0.150703 0
0.103773 0.027778 0.147399 6
0.364104 0.312332 -0.565129 3
-0.267455 0.046933 0.820900 4
0.050428 0.025405 0.340820 4
-0.079085 -0.069123 0.256738 4
-0.249693 0.042767 0.684756 4
-0.417185 0.018548 0.597188 4
-0.452991 0.065133 -0.528984 5
0.260509 0.090257 0.050796 6
-0.285372 0.134189 -0.393322 5
0.332313 -0.272742 0.153487 2
0.004739 -0.350986 -0.053720 0
-0.078751 -0.054559 0.279349 4
0.053095 -0.203791 0.098580 0
0.214701 -0.002629 -0.257170 3
-0.470125 0.014879 0.616003 4
0.402673 0.188095 -0.328334 3
0.375361 0.176095 0.134704 6
-0.337510 -0.333384 -0.119410 1
0.435233 -0.244862 0.079221 2
-0.369605 0.030372 0.701319 4
-0.043266 0.085715 -0.206106 5
-0.387024 0.031373 0.820106 4
0.066932 -0.258143 0.060391 0
0.023704 0.052194 0.445879 4
-0.163790 0.030777 0.529591 4
0.485739 0.293018 -0.562442 3
-0.248978 0.116432 -0.016503 5
-0.113268 0.064425 -0.153744 5
-0.354158 -0.336302 -0.067197 1
0.195296 -0.066764 -0.221705 0
0.181402 0.158129 -0.424687 3
-0.230948 0.052082 0.804591 4
-0.147382 -0.012998 0.342157 4
-0.266782 -0.313214 0.000758 1
0.085610 0.112554 0.610803 4
-0.447903 -0.006475 0.471002 4
0.041536 0.107396 0.612761 4
-0.125772 0.051184 0.562761 4
-0.420280 0.025433 0.735859 4
0.368514 0.133313 -0.255860 3
0.210176 0.052846 -0.293646 3
-0.114459 -0.277018 -0.120695 1
0.332778 0.138000 -0.324255 3
0.163320 -0.152943 -0.202156 0
0.060132 -0.341605 -0.054007 0
-0.079037 -0.288934 0.018545 1
0.117207 -0.885531 -0.101496 0
-0.098159 0.066767 -0.103121 5
0.194798 -0.095467 -0.214024 0
0.297179 0.111325 0.103427 6
-0.042470 0.154761 0.770695 4
-0.031995 -0.133309 0.199750 0
-0.002970 0.147663 -0.381308 5
0.416526 0.177764 -0.290702 3
0.467621 0.208374 -0.305381 3
-0.504536 0.086200 -0.324575 5
-0.085392 0.144705 -0.502456 5
-0.060923 0.065692 -0.175114 5
-0.146822 0.021885 0.477792 4
-0.028218 0.134174 -0.324228 5
-0.485585 -0.010193 0.533157 4
-0.334628 0.121913 -0.085420 5
-0.267173 0.067451 0.923524 4
0.024949 -0.016572 -0.106103 0
0.518705 0.292904 -0.528988 3
0.246208 0.229340 -0.492353 3
0.033917 -0.141716 -0.055737 0
0.465662 0.264938 -0.476325 3
-0.232797 0.049209 0.768927 4
-0.131487 0.089816 0.804722 4
0.110309 -0.716682 -0.051546 0
0.091579 -0.609899 -0.033104 0
-0.279148 -0.312383 -0.181541 1
-0.136790 0.067741 0.662543 4
0.586634 0.289463 -0.459969 3
-0.401085 -0.025006 0.301289 4
0.190676 0.021286 -0.260380 3
0.137132 0.038090 -0.010647 6
-0.249333 0.124646 -0.205186 5
0.140600 0.090021 0.428703 4
-0.078439 0.057672 0.528492 4
-0.083053 -0.026672 0.321502 4
-0.197938 -0.299038 -0.033299 1
-0.442168 0.030589 0.781688 4
-0.334723 0.038291 0.837664 4
0.314226 0.139199 -0.358058 3
0.448900 0.153186 -0.188132 3
0.211191 0.088548 -0.322994 3
-0.027717 0.146700 -0.442180 5
0.066435 -0.253503 0.021728 0
0.428796 0.213737 -0.370586 3
0.306063 0.103571 0.023897 6
-0.413838 0.087050 -0.483134 5
-0.437366 0.105101 -0.203400 5
-0.096780 0.143625 -0.340975 5
0.211012 0.081429 0.017832 6
-0.089440 0.042378 -0.148803 5
0.501307 0.276865 -0.477811 3
0.310238 0.100733 -0.328707 3
-0.276256 0.012525 0.434317 4
0.138473 -0.247699 -0.079881 0
0.055678 0.055068 0.406836 4
0.188120 -0.150726 -0.183338 0
0.246297 0.083367 0.017456 6
0.054368 -0.453846 -0.062019 0
0.103115 -0.088875 0.007417 6
0.073294 -0.219426 -0.033748 0
0.107943 -0.389402 -0.006027 0
-0.284093 0.109976 0.003242 5
-0.385262 0.085563 -0.547550 5
0.058207 -0.389421 -0.035776 0
0.571106 0.294536 -0.494640 3
-0.318146 -0.011650 0.273117 4
-0.236515 -0.014927 0.225913 4
0.091698 -0.511383 -0.050339 0
-0.250838 0.057043 0.872205 4
-0.473082 0.089344 -0.392929 5
0.038224 0.122012 0.649298 4
0.178196 -0.171568 -0.172252 0
-0.248276 -0.308628 -0.015007 1
0.263733 0.123055 0.187898 6
-0.028505 0.120675 -0.272529 5
-0.455300 0.021725 0.684654 4
-0.361679 -0.006278 0.383400 4
-0.370458 0.119067 -0.391987 5
-0.248656 0.035575 0.582286 4
-0.335978 0.122986 -0.427067 5
-0.044550 0.139026 0.735224 4
-0.016124 -0.028128 -0.120718 5
0.009789 0.098945 0.599586 4
-0.267644 0.118867 -0.067338 5
-0.488561 0.068313 -0.459851 5
-0.369389 0.034485 0.838792 4
-0.318146 0.022607 0.530249 4
0.218287 0.117390 -0.074660 6
-0.266599 -0.309427 -0.033473 1
-0.002281 -0.092864 -0.106839 0
0.081715 -0.149523 0.002037 0
-0.338026 0.027601 0.594677 4
0.227436 -0.287618 0.085580 2
0.212192 0.086662 -0.018151 6
-0.213971 0.019987 0.447917 4
0.183474 -0.329855 0.032523 2
0.118963 -0.748106 -0.052250 0
0.245226 0.091465 -0.016611 6
-0.146874 -0.285279 -0.068260 1
-0.352351 -0.010685 0.325632 4
-0.335554 0.128125 -0.204839 5
0.434789 0.236925 -0.428014 3
-0.296149 0.130996 -0.370359 5
-0.369996 0.117721 -0.085542 5
-0.333659 0.102264 -0.545676 5
0.283045 0.118624 -0.016578 6
0.298117 0.291288 -0.546568 3
-0.213454 0.136020 -0.546044 5
-0.214907 0.117331 -0.170367 5
0.228645 -0.285910 0.000779 2
-0.163303 0.119127 -0.591555 5
0.047855 -0.236305 0.016543 0
0.464970 0.251993 -0.427402 3
-0.318675 -0.322388 -0.101859 1
0.335356 0.166448 -0.382424 3
-0.320191 -0.324830 -0.034341 1
-0.214630 0.117364 -0.204137 5
-0.502055 0.074670 -0.189063 5
0.342595 0.094771 -0.201946 3
0.136508 -0.387938 -0.010184 0
-0.420106 0.000067 0.462098 4
-0.095051 0.141205 -0.546519 5
0.005880 -0.187330 0.092699 0
-0.199594 0.110138 -0.083705 5
-0.129222 0.087938 -0.084711 5
0.535998 0.313372 -0.632788 3
-0.215582 -0.300331 -0.050638 1
-0.078150 0.000556 0.359728 4
-0.489395 -0.008795 0.493540 4
-0.064822 -0.106545 0.206744 0
0.631785 0.301075 -0.499483 3
0.499045 -0.234248 0.035079 2
0.310889 0.091374 -0.305229 3
-0.181519 0.029882 0.513152 4
-0.199503 -0.010567 0.307153 4
-0.352943 -0.002559 0.410607 4
-0.165424 -0.287613 -0.136130 1
0.468518 -0.242747 0.086604 2
0.083943 -0.174172 -0.030749 0
-0.232534 -0.300737 -0.068662 1
0.080320 -0.000643 -0.034462 0
0.427230 0.248110 -0.476391 3
0.552890 0.243994 -0.324680 3
0.505467 0.234947 -0.340132 3
0.553236 0.253854 -0.357649 3
-0.457681 0.095205 -0.167563 5
-0.147478 0.101924 -0.016498 5
-0.130888 0.141126 -0.579438 5
0.271488 0.095548 0.148373 6
-0.386549 0.119958 -0.358130 5
-0.198635 -0.293952 -0.067939 1
-0.112921 0.082311 -0.206077 5
-0.283668 0.126963 -0.135167 5
-0.282795 -0.311715 -0.051081 1
-0.077359 0.140805 -0.326120 5
0.025221 -0.220560 0.086373 0
0.400898 0.272302 -0.511475 3
-0.284178 -0.004235 0.359534 4
0.262976 -0.272920 0.034704 2
-0.038839 0.115875 0.654688 4
0.281590 0.158585 -0.391649 3
0.035375 0.061224 0.464777 4
0.215029 0.253414 -0.520742 3
0.553664 0.308055 -0.563381 3
-0.283763 0.040586 0.684084 4
0.290713 -0.262917 -0.021315 2
-0.403165 0.102068 -0.051415 5
-0.525277 0.071508 -0.289905 5
-0.130514 0.149945 -0.511755 5
0.089233 -0.029993 0.045190 6
-0.235225 0.120183 -0.255763 5
-0.113006 0.000866 0.392784 4
-0.233020 0.033384 0.547631 4
-0.533195 0.066487 -0.320840 5
-0.146314 0.086271 -0.170253 5
0.060925 -0.360088 -0.004310 0
-0.335749 0.125534 -0.118620 5
-0.216197 -0.012851 0.274609 4
-0.484583 0.023564 0.667471 4
0.314251 0.223853 -0.473533 3
-0.128639 0.072594 -0.136156 5
0.367008 -0.236414 -0.066641 2
-0.031779 -0.160675 0.149188 0
-0.369406 0.125804 -0.255335 5
0.108336 -0.031812 0.017502 6
-0.042528 0.008418 -0.134720 5
0.108114 0.087677 0.495997 4
-0.110587 0.117451 0.838503 4
-0.301893 0.068981 0.950843 4
-0.507223 0.087915 -0.289934 5
-0.386009 0.117838 -0.119682 5
0.501304 0.286416 -0.513659 3
-0.113445 -0.290895 -0.016501 1
0.335060 0.136797 0.085674 6
-0.300974 0.127786 -0.157699 5
-0.043890 0.025082 0.406999 4
0.206482 -0.294570 0.060068 2
0.095334 -0.444898 -0.017191 0
0.091727 -0.613429 -0.067496 0
0.121285 -0.814585 -0.063353 0
0.112627 0.047493 -0.068931 0
0.297520 -0.270455 0.120356 2
0.071205 -0.255562 -0.001300 0
0.212530 0.105124 -0.340015 3
-0.074374 -0.299638 -0.035783 1
-0.368288 0.023370 0.580428 4
0.331121 0.177716 -0.407249 3
0.469710 0.171798 -0.222704 3
-0.370800 -0.012373 0.307762 4
0.171795 0.060604 0.120317 6
0.058016 0.134152 -0.292062 5
-0.215202 0.053066 0.718410 4
-0.284389 0.042710 0.804571 4
-0.317205 0.035355 0.631940 4
-0.079694 -0.283793 -0.084513 1
-0.181274 0.124949 -0.307320 5
-0.403704 0.010147 0.528808 4
0.006631 0.139211 0.701755 4
0.126878 0.053202 0.188645 6
0.195097 0.082382 -0.034152 6
0.155228 0.109504 0.484511 4
0.283723 0.065583 -0.256482 3
0.621011 0.290751 -0.410874 3
-0.198720 -0.003824 0.359817 4
-0.130043 0.153637 -0.408775 5
0.502652 0.291525 -0.546012 3
-0.284350 0.120537 -0.050990 5
0.171668 0.060915 0.018859 6
-0.096766 0.153149 -0.444233 5
0.588059 0.321843 -0.615143 3
0.188357 0.076444 0.198473 6
-0.028364 0.147215 -0.409318 5
0.106097 -0.387715 -0.030823 0
-0.383715 0.029244 0.667701 4
-0.127408 0.086153 0.702693 4
-0.318290 0.128010 -0.408192 5
0.114878 -0.947400 -0.073284 0
0.279759 0.105910 -0.341854 3
0.248159 0.185045 -0.429687 3
-0.114484 -0.294210 0.018030 1
-0.022040 -0.128433 -0.075790 0
0.038895 0.043836 0.395051 4
-0.484858 0.008100 0.576660 4
0.263588 0.099746 -0.325888 3
0.348873 0.305186 -0.546138 3
0.262781 -0.271084 -0.051312 2
-0.007543 0.015435 0.325636 4
0.349071 -0.259209 0.103021 2
0.353263 0.114765 -0.242982 3
-0.250665 -0.305505 -0.050912 1
0.391313 0.142767 -0.248065 3
-0.198227 0.031176 0.564442 4
0.348770 -0.265452 0.137860 2
-0.095677 0.150126 -0.477294 5
0.005577 0.149347 -0.427491 5
0.094741 -0.133067 0.016210 0
0.382951 -0.248582 0.067109 2
-0.317729 0.124540 -0.102515 5
-0.129772 0.135533 -0.307315 5
-0.017921 -0.169665 0.110369 0
-0.009571 0.053123 -0.136542 5
0.400903 0.297003 -0.556752 3
-0.164599 -0.295091 0.072993 1
-0.164863 0.152726 -0.495086 5
-0.114448 0.019320 0.444465 4
-0.266257 0.125910 -0.256702 5
-0.318435 0.126833 -0.136797 5
0.051911 -0.285044 -0.043346 0
-0.142752 -0.296072 0.054717 1
0.451418 0.309318 -0.597640 3
0.625452 0.302565 -0.460969 3
0.398478 0.217940 -0.428431 3
-0.266315 0.043264 0.700898 4
-0.048494 -0.137529 0.156334 0
0.006034 -0.116604 -0.100073 0
-0.421614 0.024231 0.702067 4
0.399587 -0.238927 -0.035302 2
-0.147363 0.051779 0.582071 4
-0.142747 -0.279167 -0.158548 1
0.075303 -0.528416 -0.054257 0
0.074280 0.088860 0.546339 4
-0.419945 0.024802 0.649470 4
-0.214305 0.037246 0.615744 4
-0.370680 0.031299 0.734149 4
0.042804 -0.217997 -0.051067 0
0.227918 0.071703 -0.307974 3
-0.370043 0.123543 -0.341018 5
-0.181141 0.143929 -0.375433 5
0.313765 0.154370 -0.375400 3
-0.131651 0.093370 0.837942 4
-0.077743 0.087464 0.631373 4
0.279855 0.225474 -0.473925 3
-0.505699 0.054404 -0.495048 5
0.260422 0.122426 -0.050164 6
0.095192 -0.264452 -0.084801 0
-0.199033 0.150700 -0.429084 5
0.242042 -0.034528 -0.224076 3
0.501860 0.190494 -0.238718 3
-0.232881 0.037432 0.598924 4
-0.304962 -0.324311 -0.001066 1
0.360748 0.164422 -0.340536 3
0.535532 0.309277 -0.599020 3
-0.352171 0.127049 -0.323782 5
0.348892 -0.254085 0.067895 2
0.312546 0.124074 0.119148 6
-0.045026 -0.001761 0.342287 4
0.081314 -0.186634 -0.003029 0
-0.402787 0.120693 -0.255997 5
0.040745 0.143864 -0.341286 5
-0.251376 0.139160 -0.392617 5
-0.095460 -0.288738 0.034543 1
-0.232094 0.116957 -0.068796 5
-0.284651 0.038227 0.651033 4
0.586608 0.312186 -0.565730 3
-0.197613 0.108334 -0.272810 5
0.106804 -0.581477 -0.044553 0
-0.097210 0.069911 -0.188463 5
0.487015 0.308189 -0.597625 3
0.165988 -0.157781 -0.158759 0
-0.317814 0.042483 0.855844 4
-0.161699 -0.295826 0.017819 1
-0.463486 0.084754 -0.421240 5
0.091056 -0.406750 -0.033439 0
0.110152 0.001492 0.052360 6
-0.246276 0.109288 -0.599365 5
0.042337 -0.184485 -0.049709 0
0.433463 0.272175 -0.512448 3
-0.369261 0.027290 0.627032 4
-0.251859 0.043228 0.735310 4
-0.182892 -0.290756 -0.085414 1
-0.198150 0.143631 -0.530304 5
0.380890 0.230428 -0.473201 3
0.125504 0.106463 0.547282 4
-0.234478 0.117963 -0.118427 5
-0.506847 0.071004 -0.427084 5
0.383173 -0.254992 0.101334 2
0.330863 0.245623 -0.494137 3
0.091580 0.069068 0.427632 4
-0.425081 0.060784 -0.536971 5
-0.421838 0.102485 -0.410275 5
-0.216143 -0.305802 0.000867 1
-0.216400 0.125737 -0.307084 5
-0.436206 0.114193 -0.322531 5
-0.265741 0.122166 -0.564119 5
-0.421190 0.118821 -0.271636 5
-0.317062 -0.009418 0.307626 4
0.311731 0.139752 0.000970 6
-0.292240 -0.331847 0.040243 1
-0.043845 -0.078189 0.257276 0
0.163405 0.052950 0.086158 6
0.057580 0.132557 0.654018 4
-0.466397 0.056278 -0.544785 5
-0.350318 0.045879 0.889848 4
-0.402493 0.118691 -0.342264 5
0.402117 0.328131 -0.598612 3
-0.163592 0.155980 -0.461225 5
-0.469022 0.005006 0.428416 4
0.278903 -0.270293 0.053109 2
-0.452299 0.100921 -0.360043 5
-0.300393 0.047449 0.871271 4
-0.094665 0.094588 -0.019099 5
0.086245 -0.285181 0.012373 0
-0.140022 0.062089 0.637120 4
0.228541 0.076247 0.170276 6
0.213120 -0.288723 0.102854 2
-0.235311 0.119965 -0.222090 5
-0.011418 0.002490 0.307710 4
0.101352 0.067732 0.366398 4
-0.112407 0.141218 -0.324095 5
-0.166486 0.040060 0.581471 4
-0.160750 -0.024694 0.240486 4
0.179947 0.064004 0.171883 6
0.103752 -0.011604 0.002652 6
0.640071 0.295856 -0.532146 3
0.092345 -0.305991 -0.016890 0
-0.026101 -0.105683 -0.034098 0
-0.523527 0.052674 -0.454887 5
-0.045381 -0.272384 -0.101892 1
-0.455426 0.018889 0.632363 4
-0.061005 -0.065726 0.271661 4
-0.065606 0.122203 0.734458 4
0.097048 -0.833813 -0.081743 0
0.112771 -0.798845 -0.050044 0
0.023529 -0.135077 0.017162 0
0.096531 -0.305888 -0.060597 0
-0.082461 0.134102 -0.290249 5
-0.284848 -0.001169 0.393948 4
-0.109837 0.055935 0.548021 4
0.314696 0.204560 -0.443531 3
0.099763 -0.836157 -0.055755 0
-0.126573 0.142845 -0.545874 5
-0.030925 0.104919 0.633352 4
0.314211 -0.254341 0.018052 2
-0.282520 0.030367 0.546693 4
-0.017893 -0.168600 0.171636 0
0.030596 -0.230850 0.051766 0
0.536049 0.260596 -0.391085 3
-0.064403 0.087796 0.613696 4
-0.181381 0.138649 -0.341777 5
0.296111 0.124742 0.153823 6
-0.312903 0.129177 -0.218889 5
-0.113013 0.100782 -0.223961 5
-0.123467 0.098172 0.756369 4
0.074034 -0.288187 -0.044742 0
0.093240 -0.661781 -0.065317 0
-0.045831 0.074610 0.564784 4
-0.100848 0.122585 0.867880 4
-0.034581 -0.337314 -0.036373 1
-0.055641 -0.119677 0.230615 0
0.265549 0.285632 -0.548037 3
0.332643 0.154931 0.136702 6
0.104071 0.135017 0.646632 4
-0.164525 0.092624 -0.119728 5
0.099970 -0.917464 -0.087685 0
0.094696 -0.356334 -0.016620 0
-0.386790 0.122626 -0.238658 5
0.044370 0.097852 0.586113 4
0.068454 0.148570 -0.374954 5
-0.315906 0.118471 -0.051408 5
-0.199804 -0.029036 0.239988 4
-0.337373 0.033981 0.679642 4
0.109593 -0.784657 -0.078148 0
-0.442523 -0.007970 0.427695 4
-0.098600 0.085106 0.650938 4
-0.179268 0.065932 0.719682 4
0.331335 0.323209 -0.580922 3
-0.201632 0.077525 0.883972 4
0.260543 0.258850 -0.530237 3
-0.057019 0.004179 -0.118115 5
-0.009634 0.018140 0.360253 4
-0.369579 0.014137 0.529988 4
-0.182561 0.088208 0.888740 4
-0.107920 0.077423 -0.086826 5
-0.251552 0.118762 -0.049572 5
-0.199707 0.134041 -0.562792 5
0.167966 -0.121036 -0.193759 0
-0.174164 0.079964 0.841742 4
0.057070 -0.182428 -0.068581 0
0.181406 0.097687 0.220903 6
-0.092040 0.071598 0.596290 4
-0.313076 -0.006157 0.358119 4
0.505351 0.268359 -0.427670 3
-0.267141 0.132749 -0.342855 5
-0.163485 0.153355 -0.428315 5
0.363614 0.193488 -0.410224 3
-0.387220 0.118252 -0.204665 5
-0.507302 0.088869 -0.255092 5
-0.405690 0.112293 -0.167488 5
-0.144703 0.080118 0.718786 4
0.534100 0.281016 -0.460491 3
-0.200843 0.115235 -0.187544 5
0.110592 0.035545 -0.050968 0
0.397221 0.208824 -0.393257 3
0.098383 -0.902739 -0.069138 0
-0.045364 -0.308814 -0.067518 1
-0.281838 -0.311077 -0.084435 1
-0.011289 -0.139234 0.161377 0
0.107923 0.040070 0.187786 6
0.111623 -0.086573 0.032235 6
-0.305042 0.038230 0.718743 4
-0.085616 0.111269 0.766259 4
0.212630 -0.045552 -0.238434 0
0.096545 -0.622091 -0.015978 0
-0.474389 0.102413 -0.273042 5
-0.233371 0.145263 -0.478917 5
0.040808 0.146132 -0.375404 5
-0.403592 -0.009174 0.407859 4
0.485463 0.258732 -0.427360 3
-0.352423 0.126054 -0.219945 5
-0.472446 0.000466 0.480318 4
0.146399 0.034151 0.017075 6
-0.373246 0.125519 -0.307116 5
0.005510 0.035932 0.393852 4
0.080695 -0.492049 -0.040040 0
0.091334 0.088531 0.527232 4
0.313482 0.122010 -0.325078 3
0.542014 0.234979 -0.308416 3
0.387878 0.344847 -0.643885 3
-0.452284 0.095824 -0.380964 5
-0.210393 0.110432 -0.255611 5
-0.285928 0.120393 -0.084928 5
-0.334601 -0.327425 -0.068484 1
0.076772 -0.425207 -0.034192 0
0.437218 0.189540 -0.290080 3
0.009515 -0.050908 -0.100398 0
-0.265921 -0.309340 -0.120029 1
0.242653 0.076006 0.120800 6
-0.095820 0.133821 0.835330 4
-0.147729 0.087628 -0.204817 5
0.229059 0.203668 -0.459567 3
0.291835 0.151365 -0.032764 6
-0.266121 -0.324680 0.051710 1
0.416311 -0.241513 0.051781 2
0.139121 0.023219 0.050512 6
0.046041 -0.326110 -0.040628 0
-0.264273 0.028995 0.527662 4
0.450148 0.211683 -0.338987 3
0.159846 0.141906 -0.393346 3
-0.016023 -0.320146 -0.045419 1
0.079044 -0.200214 -0.043619 0
-0.333780 0.117719 -0.479422 5
-0.349212 0.037979 0.853423 4
-0.097123 0.110469 0.814682 4
-0.199774 0.146702 -0.405383 5
0.108625 -0.476488 -0.021244 0
-0.451266 0.098358 -0.187720 5
-0.099340 -0.039944 0.295541 4
0.112243 -0.868556 -0.084578 0
0.380505 0.162356 -0.302023 3
0.075284 0.020160 0.138037 6
-0.095169 0.021173 0.427323 4
-0.059542 -0.304735 -0.051311 1
0.108352 -0.697435 -0.066821 0
0.484351 0.311730 -0.632636 3
0.070611 -0.237260 -0.017351 0
0.008861 0.121544 0.649764 4
-0.108878 0.096698 0.703394 4
-0.527282 0.079905 -0.374370 5
0.139650 0.123404 0.579511 4
-0.166205 0.089058 0.871570 4
-0.199255 0.113402 -0.058034 5
0.502460 0.324934 -0.631746 3
0.298859 0.269495 -0.517040 3
-0.097647 0.041795 0.493884 4
0.281623 0.122735 -0.356768 3
0.076212 0.102131 0.582115 4
0.105687 -0.544664 -0.034175 0
0.349151 0.340206 -0.615033 3
0.021378 0.083898 -0.154953 5
0.126023 -0.407048 -0.016116 0
-0.314928 0.010710 0.477197 4
0.377580 0.196554 -0.391716 3
0.071344 0.057668 0.342246 4
-0.283138 -0.012308 0.256086 4
0.382279 -0.239031 -0.051153 2
-0.301504 -0.319368 -0.120136 1
0.184364 0.217940 -0.494187 3
-0.011746 0.156118 0.734671 4
-0.061645 -0.030448 0.307428 4
-0.332940 0.032587 0.650431 4
-0.165863 -0.021667 0.273640 4
0.208701 0.174193 -0.425709 3
0.537768 0.221199 -0.274098 3
0.082400 -0.122976 0.002362 0
0.419207 0.187387 -0.309295 3
0.020305 0.074595 0.530870 4
-0.287283 0.124776 -0.511069 5
0.584727 0.299680 -0.512385 3
0.073231 -0.259662 -0.050438 0
0.129579 -0.219474 -0.121206 0
-0.073634 0.099588 0.648139 4
-0.403402 0.020043 0.581298 4
0.206081 0.178864 -0.460194 3
0.022679 -0.182591 -0.057036 0
0.241551 0.076714 0.152105 6
-0.438092 -0.013597 0.376511 4
0.141752 0.055900 -0.033148 6
0.467594 0.282423 -0.541901 3
0.416580 -0.241632 0.018254 2
0.281327 0.102460 0.121092 6
0.123491 0.088133 0.460926 4
0.074800 0.116756 -0.222179 5
-0.367149 0.088098 -0.579611 5
-0.128704 0.066216 0.615218 4
0.613257 0.282952 -0.385080 3
-0.330659 0.100963 -0.596480 5
0.093115 -0.596006 -0.050950 0
-0.254763 0.010403 0.425600 4
-0.038874 -0.083860 -0.097610 0
0.418895 0.346445 -0.642303 3
-0.132564 0.021482 0.462480 4
0.213839 0.136498 -0.374357 3
0.221553 0.085689 0.206647 6
-0.010846 0.091200 -0.203271 5
-0.332412 0.124949 -0.391793 5
-0.266999 0.126760 -0.153930 5
-0.148233 -0.283554 -0.119517 1
-0.003372 -0.115784 -0.075600 0
-0.062397 -0.117822 0.188015 0
-0.454367 0.108830 -0.290700 5
-0.022509 0.064973 0.513075 4
0.006040 -0.134881 -0.016527 0
0.331771 0.121730 -0.291905 3
0.056513 -0.187371 -0.033770 0
0.246444 -0.278687 0.080451 2
0.083481 -0.127231 -0.035717 0
-0.144693 0.101657 0.872541 4
-0.079885 0.054057 -0.087118 5
-0.536835 0.086726 -0.256759 5
0.025005 -0.389976 -0.055622 0
-0.268116 0.126811 -0.186813 5
-0.028160 -0.117589 -0.017172 0
0.005936 0.139085 -0.324810 5
0.186575 -0.295712 0.065965 2
0.008130 0.128256 0.676931 4
0.109118 -0.748279 -0.079684 0
-0.123212 0.096047 -0.019940 5
0.294673 0.174930 -0.408958 3
-0.149268 0.127805 -0.302470 5
-0.201704 0.151089 -0.461798 5
-0.280738 0.117167 -0.016996 5
0.313257 -0.271311 0.136971 2
0.368333 0.171418 0.086469 6
-0.265571 0.135797 -0.477518 5
0.210463 -0.080379 -0.217968 0
0.061124 0.082567 0.530250 4
0.257964 0.041801 -0.289634 3
-0.387602 -0.001840 0.445129 4
0.345315 0.143554 0.102339 6
-0.231581 0.116680 -0.033813 5
0.404431 0.165998 -0.278739 3
-0.070012 0.048748 -0.143866 5
-0.012185 0.077438 -0.164963 5
0.246388 0.132345 -0.364728 3
-0.096558 0.090210 -0.215909 5
0.209985 0.070889 0.102164 6
-0.079857 -0.270136 -0.119212 1
-0.146281 0.031558 0.512653 4
0.090832 -0.168696 0.000682 0
0.066011 -0.280519 -0.002842 0
-0.234778 0.119698 -0.153769 5
0.231491 -0.273442 0.138095 2
-0.051203 0.144455 0.803459 4
-0.435653 -0.010931 0.327432 4
0.267387 0.032538 -0.223888 3
0.365040 0.223594 -0.461924 3
0.059273 0.059852 0.440784 4
-0.267091 0.127213 -0.222967 5
-0.369844 0.108656 -0.034237 5
0.592790 0.285868 -0.426572 3
0.302566 0.115265 0.069433 6
-0.402557 0.083354 -0.507537 5
0.105307 -0.425179 -0.032155 0
-0.249920 0.135538 -0.358637 5
-0.233635 0.058066 0.855390 4
0.314415 0.081960 -0.239303 3
-0.349318 0.116338 -0.443866 5
-0.112578 -0.009258 0.372192 4
-0.335432 0.129838 -0.259471 5
-0.153009 0.073749 0.751432 4
-0.198790 -0.016697 0.256321 4
-0.148089 0.139246 -0.341411 5
0.065407 -0.383078 -0.007078 0
-0.129892 -0.029392 0.291671 4
-0.147519 0.144771 -0.368153 5
-0.043437 -0.017107 0.307430 4
-0.246823 0.117653 0.026291 5
0.098544 0.011611 0.085340 6
-0.081172 0.072445 -0.074277 5
0.326609 0.127546 0.103416 6
-0.133717 0.081780 -0.154814 5
0.430687 0.229854 -0.409299 3
0.297400 -0.256419 0.000599 2
-0.451733 -0.004824 0.393937 4
0.075237 -0.017842 0.057164 6
0.104068 -0.615125 -0.048353 0
-0.340205 0.126947 -0.172196 5
0.330428 0.296515 -0.545973 3
0.128141 0.080602 -0.100349 0
0.191481 0.059976 0.068725 6
-0.216362 0.138811 -0.342627 5
0.060179 -0.462841 -0.030011 0
0.502923 0.240466 -0.359552 3
-0.519113 0.055191 -0.478873 5
0.195069 -0.003108 -0.262454 0
0.362070 0.155514 0.101776 6
-0.219821 0.015691 0.426908 4
0.056203 -0.202771 -0.049746 0
-0.096699 -0.077843 0.251007 4
0.415721 0.159659 -0.255276 3
0.160009 0.123257 -0.375012 3
-0.305208 0.131692 -0.258190 5
-0.014870 0.157401 0.780314 4
-0.164174 0.109999 -0.272479 5
-0.181731 0.055515 0.666503 4
0.647357 0.319105 -0.494660 3
0.224702 0.078136 0.033559 6
0.006709 -0.212593 0.084115 0
0.072245 -0.013551 0.086244 6
0.064410 -0.322909 -0.060551 0
0.347849 -0.243057 -0.050764 2
0.228754 0.092325 -0.033320 6
-0.064579 0.028573 0.427956 4
-0.475778 0.099895 -0.240250 5
-0.179452 -0.289296 -0.119701 1
0.483929 0.173986 -0.205139 3
-0.370518 0.030399 0.652430 4
0.135097 -0.889345 -0.066342 0
-0.403731 -0.002983 0.427460 4
0.248642 -0.278568 0.053148 2
0.077430 0.000594 0.119131 6
0.106537 -0.680007 -0.051126 0
-0.079123 0.119168 0.717283 4
-0.079239 -0.081057 0.240476 0
-0.438391 0.080311 -0.493848 5
-0.399366 0.031489 0.849456 4
0.177495 0.183388 -0.447462 3
-0.200581 0.011865 0.408754 4
-0.228120 -0.295066 -0.104951 1
-0.076094 0.149456 -0.375495 5
0.498646 0.248388 -0.390463 3
0.349443 0.259079 -0.497125 3
-0.011821 0.086331 0.581139 4
0.006407 0.144959 -0.358533 5
0.383354 0.116030 -0.186818 3
0.405664 0.217160 -0.409501 3
0.006378 0.042228 0.427295 4
-0.063811 0.107838 -0.237882 5
0.416833 0.291353 -0.545895 3
-0.397885 0.114492 -0.188063 5
0.396012 0.227902 -0.460231 3
0.329914 -0.263163 0.083803 2
0.120219 -0.269536 -0.084106 0
-0.025260 -0.121952 0.179105 0
0.452358 -0.239167 -0.000091 2
0.291117 0.074778 -0.305558 3
-0.215245 0.056200 0.785273 4
0.027331 -0.222142 0.023661 0
-0.200294 0.069991 0.854717 4
-0.454562 0.019607 0.734437 4
0.023652 0.066906 0.497139 4
-0.284247 0.134494 -0.441899 5
0.334827 0.154304 0.032167 6
0.022564 -0.050472 -0.082131 0
0.169223 -0.355229 0.019679 0
-0.049806 -0.031922 -0.093255 0
0.082997 0.027896 -0.066565 0
-0.385479 0.114088 -0.409118 5
-0.041408 0.066076 -0.171096 5
0.021716 -0.102281 -0.072745 0
0.178167 0.119048 -0.345990 3
-0.027045 0.050437 0.479237 4
-0.014121 0.147294 -0.425616 5
0.128972 -0.786695 -0.052229 0
0.091064 -0.712818 -0.066149 0
0.181282 0.064014 0.137446 6
-0.057619 -0.087023 0.224394 0
0.041328 0.085466 0.546946 4
-0.317668 0.032308 0.594876 4
0.331545 -0.250003 -0.018283 2
0.621414 0.312468 -0.529871 3
-0.061523 0.094412 -0.221209 5
-0.179694 0.047093 0.616677 4
0.124177 0.003392 0.017692 6
-0.181404 -0.304974 0.068287 1
-0.300533 0.105974 -0.581391 5
0.212710 0.159891 -0.407797 3
0.464264 0.212095 -0.324573 3
0.244527 -0.283223 0.123123 2
0.281384 0.102729 0.016481 6
0.584648 0.264866 -0.358619 3
0.263746 0.218128 -0.465043 3
0.362271 0.157079 0.068572 6
0.485998 0.192574 -0.256717 3
0.003560 -0.155187 0.151397 0
-0.147183 0.128002 -0.581871 5
-0.450649 0.096494 -0.138042 5
0.364581 0.276010 -0.513600 3
0.015242 -0.125874 -0.083153 0
-0.197710 0.054157 0.684256 4
0.324799 0.142027 0.016935 6
-0.512065 0.076279 -0.222033 5
0.090960 0.133988 -0.271220 5
-0.077610 -0.097004 0.222162 0
0.312449 0.128180 0.138452 6
0.003799 0.136916 -0.477679 5
-0.040223 0.125348 -0.288965 5
0.449525 0.303527 -0.568485 3
0.090825 -0.287401 -0.034497 0
-0.199448 0.150581 -0.495735 5
0.366052 0.169728 0.053219 6
-0.315966 -0.003988 0.391763 4
0.417737 0.238489 -0.461066 3
0.098287 -0.372083 -0.002361 0
-0.538455 0.055946 -0.386149 5
0.108157 -0.885758 -0.064520 0
-0.372026 0.104231 -0.479775 5
-0.440284 0.016212 0.596856 4
-0.388796 0.026272 0.700278 4
-0.145331 -0.027959 0.274380 4
-0.055929 -0.100743 0.002025 0
-0.390468 0.026145 0.740005 4
0.241437 -0.010539 -0.222266 3
0.093529 -0.322488 -0.050566 0
0.568892 0.326000 -0.614411 3
-0.336137 0.024027 0.547565 4
0.312088 -0.251398 -0.063106 2
0.149215 0.064173 -0.049434 6
-0.319578 0.112114 -0.010090 5
-0.350095 -0.008557 0.360911 4
0.432545 0.179042 -0.273742 3
0.022995 0.034990 0.359861 4
0.233168 0.040330 -0.287598 3
-0.234335 -0.001779 0.363823 4
-0.420544 0.011966 0.518992 4
-0.508883 0.072898 -0.393330 5
-0.270407 0.059566 0.905921 4
-0.474833 0.101399 -0.292566 5
0.024208 -0.359237 -0.055616 0
0.038264 -0.154339 -0.080083 0
0.135838 -0.942695 -0.066919 0
0.102202 -0.322098 -0.021855 0
-0.165075 -0.282954 -0.170948 1
-0.095843 0.110979 -0.249366 5
0.042372 -0.201685 -0.068368 0
0.157857 0.176087 -0.443736 3
0.296317 0.304534 -0.564073 3
-0.059349 0.026157 -0.145647 5
-0.350204 -0.342904 -0.016809 1
0.060539 -0.353748 -0.036043 0
0.346118 -0.251244 0.034798 2
0.108242 -0.272999 -0.054577 0
0.070959 -0.271998 -0.034384 0
-0.060015 0.142330 -0.511116 5
0.109553 0.118650 0.598799 4
0.043283 0.116314 -0.237666 5
-0.438072 0.102086 -0.173932 5
-0.351273 0.032110 0.785054 4
0.113904 -0.242117 -0.082849 0
-0.375163 -0.351761 -0.068243 1
0.550950 0.266710 -0.401925 3
-0.044951 0.091930 0.618960 4
-0.235110 -0.004344 0.342801 4
-0.170027 0.060071 0.683190 4
-0.421491 0.103456 -0.101167 5
-0.285918 0.019431 0.495321 4
-0.235398 0.127533 -0.561958 5
-0.114764 0.125693 -0.271841 5
-0.166121 -0.287249 -0.069174 1
0.365758 0.209328 -0.443791 3
-0.270538 0.125232 -0.325341 5
0.130472 -0.267256 -0.112017 0
0.254181 0.138596 -0.058761 6
-0.250194 -0.312676 0.010781 1
0.253270 0.292310 -0.573288 3
0.093928 -0.748302 -0.051282 0
0.245825 0.088720 -0.324215 3
0.321272 0.316625 -0.596049 3
0.398188 -0.255770 0.119099 2
-0.304319 0.050137 0.889988 4
0.091634 -0.214994 -0.000537 0
-0.111617 -0.279071 -0.092657 1
-0.249379 0.110994 0.005262 5
-0.008683 0.148618 -0.444577 5
0.123116 -0.850905 -0.083262 0
-0.199324 0.108446 0.000077 5
-0.456388 0.005945 0.526676 4
0.331073 0.101633 -0.254914 3
0.054365 -0.203717 -0.006890 0
0.192477 -0.321320 -0.010476 2
0.185258 0.089601 -0.309707 3
0.138803 -0.247969 -0.119780 0
-0.533793 0.061505 -0.342165 5
0.106789 -0.359312 -0.034422 0
0.272346 0.060062 -0.270977 3
0.279150 -0.267072 0.018663 2
-0.097964 0.055450 0.531316 4
0.363417 0.339047 -0.598504 3
0.218325 -0.036171 -0.222663 0
-0.133942 0.154119 -0.427582 5
0.040045 0.139741 0.683098 4
-0.197182 -0.289710 -0.171139 1
-0.386473 -0.005942 0.391149 4
0.198846 -0.313745 0.010978 2
-0.301015 0.130566 -0.202593 5
-0.093110 -0.058673 0.267314 4
-0.332552 -0.329107 -0.155795 1
0.206561 -0.131590 -0.169540 0
-0.010086 0.153968 0.753640 4
-0.069637 0.027947 -0.109965 5
-0.063487 -0.045100 0.290714 4
0.292163 0.107439 0.085371 6
-0.283511 0.032802 0.580173 4
0.127549 0.033025 0.085292 6
