0.197824 -0.104411 -0.180171 2
-0.703032 0.008252 0.529538 2
0.410074 -0.868019 -0.279210 0
-0.202746 0.321248 0.180918 2
0.085872 0.287529 -0.110167 3
0.328627 -0.478782 -0.235823 0
-0.496427 0.184996 0.309159 2
0.320367 0.138335 -0.132238 1
0.109620 0.072426 -0.084243 2
-0.037269 0.250379 0.061909 2
0.292289 -0.286947 -0.170992 0
0.348999 -0.676764 -0.264727 0
-0.566884 0.117952 0.465612 2
-0.375109 0.277150 0.214088 2
0.286010 -0.006553 -0.110624 1
0.021781 0.175836 -0.044351 2
-0.161672 0.305623 0.057796 2
-0.383538 0.225365 0.322660 2
0.255883 0.064478 -0.202579 1
0.290333 -0.172793 -0.145989 1
0.129359 0.177447 -0.128477 3
0.176870 0.004029 -0.147033 3
0.287408 -0.379400 -0.229779 0
-0.282258 0.307857 0.253337 2
-0.647214 0.053731 0.454403 2
0.244435 -0.210807 -0.230240 1
-0.489172 0.167054 0.409575 2
0.362855 -0.777557 -0.275189 0
0.329069 -0.578209 -0.250905 0
-0.295871 0.306445 0.153526 2
-0.567561 0.126695 0.368977 2
0.247968 -0.029235 -0.195360 1
-0.103808 0.282498 0.119503 2
-0.038505 0.236419 -0.024007 2
0.271395 -0.093405 -0.116430 1
-0.444894 0.236217 0.263349 2
0.047814 0.355991 -0.093623 3
0.159574 0.096523 -0.141245 3
-0.097799 0.281547 0.017690 2
0.093888 0.143445 -0.043389 2
-0.229870 0.306214 0.109026 2
0.021099 0.216838 0.021360 2
0.302807 0.064890 -0.138270 1
-0.441927 0.196806 0.359190 2
-0.341798 0.270487 0.281611 2
0.220911 -0.174213 -0.169264 2
-0.606483 0.075428 0.509449 2
0.268869 -0.306310 -0.235656 0
0.063819 0.123546 -0.102181 2
-0.612292 0.093705 0.409172 2
0.201666 -0.055430 -0.127820 2
-0.162049 0.313674 0.129172 2
0.275201 0.124299 -0.177408 1
0.123305 0.037965 -0.136474 2
0.273459 -0.227101 -0.174526 0
0.256001 -0.120862 -0.170592 1
0.285196 0.014730 -0.167764 1
0.103719 0.229698 -0.105297 3
-0.527011 0.169955 0.360576 2
-0.654002 0.037579 0.512205 2
-0.546101 0.148400 0.418842 2
-0.322853 0.302198 0.206373 2
-0.256941 0.313681 0.201243 2
0.159583 0.032593 -0.093041 2
0.378835 -0.826040 -0.299487 0
0.290766 -0.339469 -0.190390 0
0.379375 -0.724737 -0.275549 0
0.301672 -0.432380 -0.222733 0
-0.395046 0.265028 0.268465 2
0.216903 -0.146836 -0.216485 1
0.359341 -0.624527 -0.262864 0
-0.449239 0.226799 0.315420 2
-0.083056 0.276989 0.068454 2
0.268229 -0.047792 -0.143275 1
0.255831 -0.266585 -0.204232 0
0.334248 -0.526054 -0.254395 0
0.169668 -0.048758 -0.166723 2
0.060834 0.185925 -0.014010 2
0.222057 -0.067673 -0.214218 1
-0.608165 0.084384 0.459628 2
0.240989 0.018484 -0.208774 1
-0.242526 0.315975 0.154463 2
0.174894 0.051719 -0.143877 3
-0.023731 0.230734 0.020921 2
-0.486840 0.195443 0.371812 2
-0.005026 0.202421 -0.017552 2
0.255092 -0.073828 -0.178539 1
0.049639 0.144395 -0.064592 2
0.146596 0.135925 -0.124060 3
0.218538 -0.094840 -0.140934 2
-0.062303 0.252220 0.015210 2
0.083062 0.105991 -0.066307 2
0.162658 -0.032443 -0.126149 2
0.101065 0.075005 -0.127019 2
-0.135962 0.296701 0.093903 2
0.276385 -0.134338 -0.131417 1
-0.196292 0.311712 0.082600 2
-0.579853 0.122609 0.424570 2
-0.324634 0.291099 0.248220 2
0.234133 -0.213565 -0.183886 3
0.288622 0.077757 -0.176264 1
0.214901 -0.134994 -0.157031 2
0.312997 0.100092 -0.118701 1
-0.471456 0.211678 0.283153 2
-0.415197 0.244876 0.301297 2
-0.122477 0.290589 0.055738 2
0.208404 -0.061358 -0.169823 3
0.296954 0.156254 -0.164580 1
0.142574 0.005204 -0.117510 2
0.298690 0.031683 -0.110931 1
-0.202966 0.315162 0.141365 2
0.237509 -0.179898 -0.205245 1
0.068394 0.322011 -0.098357 3
0.259357 -0.161161 -0.167740 1
-0.534275 0.138524 0.458170 2
0.233131 -0.100608 -0.195961 1
-0.405966 0.261336 0.231477 2
-0.372826 0.254922 0.300046 2
0.199526 -0.023771 -0.161209 3
-0.478414 0.207862 0.333382 2
0.285530 -0.341734 -0.227780 0
-0.671977 0.035826 0.479079 2
0.266172 -0.306752 -0.198480 0
0.182830 -0.080255 -0.150403 2
0.119776 0.105741 -0.060054 2
-0.361859 0.280672 0.251939 2
0.273307 -0.020245 -0.169515 1
0.123806 0.039060 -0.098815 2
0.258078 -0.244684 -0.234619 0
-0.415567 0.210575 0.332986 2
-0.169557 0.315989 0.166434 2
0.303250 0.112690 -0.151261 1
-0.630967 0.057764 0.486513 2
0.146587 0.062649 -0.077813 2
-0.587240 0.098473 0.487082 2
0.001192 0.202338 -0.054805 2
0.085065 0.093594 -0.101912 2
0.176064 -0.001634 -0.110054 2
0.391634 -0.797038 -0.277820 0
-0.289276 0.304177 0.215479 2
-0.524862 0.168160 0.399588 2
-0.627832 0.073123 0.433120 2
-0.514561 0.154919 0.431706 2
0.281365 0.044582 -0.184270 1
0.027280 0.195387 -0.008341 2
0.269172 -0.193958 -0.166089 1
-0.548317 0.152461 0.380669 2
-0.352404 0.294065 0.191712 2
0.263937 0.096631 -0.195543 1
0.058932 0.158394 -0.033580 2
-0.310285 0.282057 0.278181 2
-0.222547 0.316014 0.207668 2
0.293163 -0.253564 -0.166670 0
-0.130429 0.302396 0.127932 2
0.378656 -0.856685 -0.281000 0
0.260272 -0.094715 -0.150808 1
0.312871 -0.399537 -0.223597 0
-0.591732 0.110601 0.389595 2
0.237092 -0.141167 -0.191114 1
-0.081618 0.266344 0.099506 2
0.151328 -0.014586 -0.155887 2
-0.261747 0.308212 0.129097 2
-0.518321 0.165246 0.329483 2
0.293953 -0.370805 -0.198842 0
0.029852 0.169393 -0.075256 2
-0.255776 0.311507 0.234790 2
-0.690537 0.021496 0.502632 2
0.119216 0.208503 -0.124265 3
0.273746 -0.041482 -0.112245 1
0.297915 0.031567 -0.143524 1
0.256035 -0.226935 -0.203157 3
-0.166579 0.306628 0.098334 2
-0.322626 0.308746 0.175213 2
0.365684 -0.748424 -0.259442 0
-0.281993 0.310009 0.182206 2
-0.065114 0.260998 0.045438 2
-0.504797 0.188180 0.346899 2
-0.461700 0.177935 0.378531 2
0.285360 -0.006715 -0.141894 1
-0.107508 0.286351 0.086792 2
0.325690 -0.446078 -0.236835 0
0.098080 0.258585 -0.114476 3
0.261597 0.004506 -0.190624 1
-0.541098 0.146175 0.348077 2
-0.674578 0.025021 0.530201 2
0.136560 0.013415 -0.147670 2
-0.559251 0.129425 0.399711 2
0.361228 -0.704077 -0.263707 0
0.314988 -0.505242 -0.237814 0
-0.348957 0.291381 0.221215 2
0.375368 -0.751883 -0.287422 0
-0.010974 0.233159 0.047623 2
0.353716 -0.591292 -0.260486 0
0.229300 -0.015501 -0.213580 1
-0.189337 0.315309 0.114741 2
0.344822 -0.553392 -0.253484 0
0.262362 -0.273619 -0.234301 0
-0.590819 0.108109 0.452759 2
-0.020228 0.221932 -0.040960 2
-0.420700 0.251182 0.267500 2
-0.060609 0.259866 0.075658 2
0.279938 -0.280746 -0.195992 0
0.304273 -0.464580 -0.231633 0
0.366379 -0.651731 -0.267392 0
0.195190 -0.107402 -0.151218 2
0.293568 -0.207668 -0.161108 1
-0.627286 0.057599 0.516843 2
0.216517 -0.114050 -0.214221 1
0.264108 -0.048054 -0.171072 1
0.175072 -0.055588 -0.136352 2
0.219460 -0.086760 -0.173030 3
-0.043496 0.244661 0.035356 2
0.287736 -0.314372 -0.214123 0
0.382719 -0.822785 -0.272259 0
-0.447686 0.217221 0.341521 2
0.266768 -0.067031 -0.122969 1
0.260513 0.037344 -0.201402 1
0.221913 -0.120663 -0.180822 3
0.247536 -0.245817 -0.185067 0
0.292369 -0.313313 -0.178734 0
0.255100 -0.193849 -0.189713 1
-0.229917 0.318839 0.179880 2
0.315955 0.163358 -0.146321 1
-0.507585 0.180188 0.380659 2
0.189012 -0.032742 -0.119332 2
-0.558712 0.135442 0.438830 2
-0.021878 0.218264 -0.003716 2
0.307779 0.069057 -0.112141 1
-0.466302 0.208097 0.359340 2
-0.269154 0.312664 0.154931 2
-0.145769 0.309290 0.149979 2
0.047480 0.147698 -0.091062 2
-0.043778 0.238038 0.002261 2
-0.089383 0.271394 0.041835 2
0.335543 -0.609610 -0.255400 0
0.069024 0.131307 -0.052678 2
-0.421687 0.235035 0.325987 2
0.272266 -0.247764 -0.196557 0
0.295078 0.051535 -0.163152 1
0.161912 0.071445 -0.132751 3
0.235250 -0.154778 -0.159411 2
0.133588 0.083808 -0.069849 2
0.213495 -0.147944 -0.182671 2
-0.605257 0.096833 0.434509 2
0.228111 -0.041149 -0.210884 1
-0.386015 0.274503 0.245250 2
-0.078254 0.267446 0.001994 2
0.342473 -0.644669 -0.261105 0
0.241698 -0.061499 -0.196580 1
0.195026 -0.048456 -0.152313 3
0.141822 0.111629 -0.130133 3
-0.059472 0.253665 -0.010355 2
0.111986 0.054033 -0.117748 2
-0.368095 0.269271 0.279729 2
-0.302478 0.301122 0.239831 2
-0.436410 0.240006 0.286773 2
-0.465181 0.208209 0.310081 2
0.101883 0.123031 -0.055301 2
0.067420 0.122006 -0.077171 2
0.290303 0.105337 -0.172103 1
0.035744 0.178075 -0.024056 2
-0.116216 0.291810 0.030625 2
-0.613525 0.077502 0.486095 2
-0.228640 0.316718 0.134464 2
0.187794 -0.082743 -0.175406 2
0.011732 0.185728 -0.024391 2
-0.256300 0.311475 0.175493 2
0.355775 -0.730152 -0.274957 0
-0.002182 0.218956 0.015108 2
0.246910 -0.181865 -0.168080 2
-0.348909 0.253918 0.298071 2
-0.487239 0.184785 0.393505 2
-0.627578 0.066479 0.459633 2
0.300513 0.084397 -0.156561 1
0.267041 -0.147075 -0.149984 1
0.290866 -0.411978 -0.228507 0
0.135627 0.157256 -0.117577 3
0.273580 -0.293160 -0.216478 0
-0.301990 0.304184 0.195257 2
0.274000 -0.332928 -0.208904 0
0.322557 -0.544285 -0.244975 0
0.300798 -0.358799 -0.222079 0
0.263381 -0.068562 -0.157176 1
0.384797 -0.769604 -0.272487 0
0.293077 0.011912 -0.123304 1
0.370327 -0.796146 -0.287613 0
0.319872 -0.418912 -0.234776 0
0.236442 -0.187586 -0.227265 1
0.130637 0.025833 -0.116722 2
0.179066 0.030982 -0.153607 3
0.037495 0.157966 -0.050095 2
-0.142474 0.301355 0.045421 2
0.104149 0.091797 -0.072820 2
0.278449 -0.026065 -0.128829 1
0.151091 -0.012982 -0.130729 2
0.295271 -0.392209 -0.210595 0
-0.215815 0.317267 0.161685 2
0.250702 -0.099924 -0.178640 1
0.081514 0.162348 -0.031288 2
0.338010 -0.506461 -0.242986 0
-0.138728 0.301001 0.068098 2
0.215101 -0.107737 -0.162547 2
-0.450098 0.218357 0.278487 2
0.296293 0.129608 -0.164716 1
0.264964 -0.117422 -0.141334 1
0.162902 -0.034267 -0.150776 2
0.371247 -0.678806 -0.267665 0
-0.209597 0.311900 0.101077 2
-0.394982 0.251731 0.294222 2
-0.296724 0.296275 0.266064 2
-0.341115 0.283099 0.261043 2
0.208125 -0.075445 -0.135416 2
0.245942 -0.202074 -0.209745 1
-0.651996 0.042658 0.486317 2
0.014595 0.187972 -0.065289 2
0.275670 0.064975 -0.190521 1
0.202455 -0.087977 -0.158552 2
-0.117048 0.296264 0.108605 2
-0.594558 0.106021 0.413319 2
0.389750 -0.867060 -0.296884 0
0.040089 0.204882 0.006710 2
0.010601 0.205411 0.001709 2
0.227385 -0.168253 -0.222405 1
0.228040 -0.194126 -0.175883 2
0.216668 -0.088679 -0.211389 1
-0.483229 0.199739 0.299857 2
0.249742 -0.166366 -0.186633 1
0.223386 -0.167384 -0.194377 3
0.122100 0.190731 -0.112089 3
0.312828 0.118002 -0.131091 1
-0.182606 0.315920 0.149084 2
0.244392 -0.008233 -0.199309 1
0.278818 -0.261578 -0.181336 0
-0.103649 0.281421 0.060663 2
0.273504 0.025112 -0.188687 1
0.254623 -0.213607 -0.177535 3
-0.574050 0.122255 0.445777 2
0.254176 -0.141226 -0.176841 1
0.279895 -0.353419 -0.209178 0
-0.328126 0.292606 0.227306 2
-0.670696 0.028810 0.500646 2
-0.148902 0.307196 0.110024 2
-0.426632 0.246657 0.247800 2
0.004103 0.226235 0.034666 2
0.157463 0.013741 -0.105397 2
0.142322 0.045086 -0.090962 2
0.100921 0.075761 -0.103007 2
-0.533817 0.149139 0.437582 2
0.276601 -0.359010 -0.235508 0
0.182993 -0.015827 -0.146200 3
0.260132 -0.286914 -0.195881 0
0.227406 -0.120633 -0.148805 3
0.309099 0.144575 -0.151839 1
-0.076907 0.264492 0.023351 2
0.308065 -0.379382 -0.223370 0
0.274511 -0.027970 -0.150354 1
0.306573 0.092121 -0.136674 1
-0.401452 0.234857 0.318707 2
0.392158 -0.846407 -0.292747 0
-0.578716 0.122610 0.400483 2
-0.342822 0.285643 0.240055 2
0.293836 -0.233038 -0.165152 0
0.355529 -0.749715 -0.281377 0
-0.302131 0.310354 0.174887 2
0.319557 -0.463814 -0.246599 0
-0.176999 0.309807 0.075815 2
-0.507324 0.156702 0.412583 2
0.071984 0.296149 -0.097787 3
-0.367304 0.238626 0.311114 2
0.322008 -0.524707 -0.238120 0
0.302092 0.051564 -0.122977 1
0.254901 -0.246766 -0.208347 0
-0.504712 0.182484 0.327463 2
0.240669 -0.121167 -0.188424 1
-0.156151 0.305282 0.081066 2
0.273805 -0.000655 -0.175360 1
0.292406 0.012236 -0.143500 1
-0.309227 0.297637 0.220419 2
0.121929 0.058369 -0.091629 2
-0.510632 0.166303 0.347960 2
-0.210888 0.316784 0.120415 2
0.273099 -0.168107 -0.154900 1
-0.242529 0.311322 0.214818 2
0.215034 -0.154000 -0.163052 2
-0.552643 0.130820 0.457961 2
-0.462018 0.217628 0.327700 2
0.305908 -0.444983 -0.238767 0
-0.008616 0.205319 -0.036910 2
0.373634 -0.836653 -0.283486 0
0.265168 -0.082429 -0.135452 1
0.274089 -0.327180 -0.235030 0
-0.434707 0.237782 0.306446 2
0.294814 -0.340024 -0.209807 0
-0.409428 0.259173 0.253282 2
0.309647 -0.484399 -0.234776 0
-0.641277 0.052793 0.503749 2
0.084272 0.270773 -0.099834 3
0.282274 -0.152657 -0.138787 1
-0.429017 0.203597 0.345584 2
0.235692 -0.081149 -0.197669 1
-0.542513 0.152489 0.399913 2
-0.553417 0.133030 0.381032 2
0.285921 -0.306130 -0.196450 0
-0.553961 0.137882 0.360268 2
0.261174 -0.014556 -0.183743 1
0.273299 -0.114736 -0.123888 1
0.200345 -0.121456 -0.163714 2
-0.268116 0.308118 0.216204 2
-0.487372 0.190565 0.333657 2
0.192926 -0.002240 -0.156061 3
-0.368468 0.281651 0.233716 2
0.251918 -0.228014 -0.222092 1
-0.526579 0.170491 0.379954 2
-0.483170 0.199114 0.353131 2
-0.184644 0.314617 0.179038 2
-0.561611 0.133193 0.419944 2
0.072243 0.107450 -0.108502 2
0.253740 -0.047104 -0.187231 1
-0.024054 0.242185 0.036820 2
0.177856 -0.065750 -0.163157 2
-0.507242 0.175943 0.399347 2
0.226456 -0.128732 -0.200960 1
-0.281185 0.305738 0.234420 2
0.345215 -0.573794 -0.259958 0
0.227489 -0.141444 -0.170524 3
0.292096 0.031558 -0.162303 1
0.057848 0.336454 -0.092004 3
-0.163130 0.316671 0.148007 2
-0.407617 0.256710 0.281048 2
0.077842 0.106258 -0.084454 2
-0.612907 0.080961 0.441630 2
0.055917 0.144360 -0.045849 2
-0.525722 0.161332 0.417919 2
0.390933 -0.816108 -0.287859 0
-0.388163 0.270407 0.226999 2
-0.459821 0.222968 0.293922 2
0.285545 0.142200 -0.173657 1
-0.094790 0.279281 0.103371 2
-0.122125 0.289720 0.075589 2
0.365810 -0.711386 -0.280299 0
0.374516 -0.790699 -0.269018 0
-0.660454 0.043291 0.466501 2
0.196115 -0.067190 -0.157128 3
0.138511 0.149879 -0.134297 3
0.110169 0.224336 -0.121797 3
0.279619 0.090835 -0.187869 1
-0.375087 0.271653 0.260970 2
-0.183315 0.313818 0.095375 2
0.141366 0.031105 -0.102710 2
0.089528 0.091629 -0.083748 2
-0.335002 0.303617 0.187607 2
0.076441 0.146661 -0.039454 2
0.292025 -0.188641 -0.154682 1
0.379189 -0.744572 -0.270943 0
-0.596510 0.086493 0.499084 2
0.375482 -0.777627 -0.288221 0
-0.461362 0.192356 0.367534 2
-0.194551 0.321134 0.161587 2
0.266605 -0.274127 -0.216549 0
-0.592262 0.109308 0.434445 2
-0.401954 0.217290 0.322573 2
0.233458 -0.200318 -0.196031 3
-0.536193 0.152967 0.363977 2
0.327413 -0.491459 -0.248452 0
0.090404 0.085468 -0.116956 2
0.357194 -0.691117 -0.275368 0
0.200536 -0.041762 -0.167921 3
0.265328 -0.100510 -0.134717 1
0.392613 -0.836761 -0.277195 0
-0.486069 0.202353 0.318264 2
-0.103405 0.282370 0.042335 2
0.311231 -0.417474 -0.219319 0
-0.618756 0.063224 0.498199 2
-0.359362 0.287372 0.207395 2
0.265567 -0.220959 -0.189444 1
0.164084 0.034614 -0.144836 2
-0.428413 0.221387 0.338548 2
-0.242059 0.309395 0.121358 2
-0.209959 0.312500 0.195877 2
0.236703 -0.230964 -0.184184 3
-0.019122 0.214608 -0.025010 2
0.257513 -0.135652 -0.159364 1
-0.281094 0.306983 0.200203 2
0.146604 -0.002446 -0.144154 2
0.040437 0.160345 -0.032979 2
0.283655 -0.370679 -0.215046 0
-0.640202 0.063646 0.441142 2
0.110030 0.211232 -0.109644 3
-0.388260 0.243821 0.308287 2
-0.282393 0.309354 0.142814 2
0.176250 -0.020947 -0.117987 2
-0.069985 0.264861 0.061848 2
0.340976 -0.591609 -0.248651 0
0.040943 0.154879 -0.076655 2
0.313568 -0.451778 -0.224529 0
0.203644 -0.120526 -0.182832 2
0.184923 -0.031925 -0.152332 3
0.007647 0.189863 -0.044651 2
-0.686465 0.017461 0.520145 2
0.340271 -0.538173 -0.243623 0
-0.180797 0.313574 0.129670 2
-0.578489 0.109683 0.477277 2
-0.474721 0.173086 0.388746 2
0.044517 0.195218 -0.007916 2
-0.620396 0.083551 0.420509 2
0.275252 -0.266130 -0.203743 0
-0.117403 0.289763 0.127103 2
0.187486 -0.067429 -0.137251 2
-0.075544 0.270547 0.082483 2
-0.168926 0.305703 0.115305 2
0.106139 0.240664 -0.118550 3
-0.513620 0.181963 0.360154 2
-0.600200 0.091376 0.473007 2
0.062242 0.172088 -0.023890 2
0.187024 0.017692 -0.146160 3
0.370203 -0.815725 -0.281374 0
0.353819 -0.657337 -0.257375 0
0.081180 0.122498 -0.060652 2
0.259701 -0.087650 -0.169791 1
0.256297 0.018923 -0.197835 1
-0.328833 0.282383 0.272717 2
0.228503 -0.153930 -0.203346 1
0.261095 -0.260188 -0.189453 0
-0.046056 0.241882 0.018600 2
0.233875 -0.135433 -0.153900 2
0.114185 0.056160 -0.134363 2
0.336012 -0.625912 -0.259798 0
-0.050290 0.252614 0.048504 2
0.276817 -0.021627 -0.112725 1
0.151280 0.085323 -0.131904 3
0.260575 -0.259946 -0.223146 0
0.275922 -0.245472 -0.177807 0
0.288221 0.059814 -0.175976 1
-0.638186 0.056047 0.471533 2
0.269110 0.110650 -0.188067 1
0.301212 -0.391730 -0.232656 0
0.157138 0.058541 -0.142199 3
0.158429 -0.000767 -0.113565 2
0.349177 -0.612205 -0.267616 0
0.248840 -0.198739 -0.172790 3
0.131674 0.020762 -0.132529 2
-0.247673 0.314726 0.136047 2
-0.090147 0.282468 0.087757 2
-0.624371 0.069984 0.475509 2
0.095365 0.251857 -0.099601 3
0.170655 0.019436 -0.144278 3
-0.528211 0.156514 0.347188 2
0.271228 -0.313480 -0.213809 0
-0.473944 0.172579 0.406361 2
0.268366 0.051700 -0.197071 1
0.130516 0.137157 -0.127103 3
0.284490 -0.292378 -0.185353 0
-0.354812 0.275716 0.272585 2
0.309760 0.130402 -0.143611 1
-0.308574 0.295955 0.254798 2
0.329969 -0.562999 -0.244993 0
0.268317 0.078047 -0.196973 1
-0.341833 0.296823 0.207701 2
-0.241810 0.316053 0.195931 2
-0.643285 0.047179 0.519662 2
0.279668 -0.013290 -0.156387 1
0.247763 -0.085240 -0.187284 1
-0.381020 0.262835 0.286922 2
0.259069 -0.114425 -0.156130 1
-0.032125 0.228168 -0.011219 2
0.239975 -0.220753 -0.197038 3
0.213605 -0.075446 -0.163315 3
0.363361 -0.762637 -0.269447 0
0.366026 -0.723405 -0.264705 0
0.318639 -0.431998 -0.225710 0
0.321300 -0.465126 -0.228620 0
0.308439 0.084241 -0.116990 1
0.358691 -0.663985 -0.274103 0
0.092151 0.239625 -0.109956 3
0.202398 -0.088952 -0.141637 2
-0.555772 0.146258 0.393254 2
0.365447 -0.765406 -0.286746 0
0.229283 -0.164598 -0.179913 3
-0.361447 0.258301 0.289032 2
0.123511 0.167328 -0.116349 3
0.260305 -0.034261 -0.180791 1
0.289294 -0.326273 -0.203867 0
-0.662273 0.033934 0.525149 2
0.180938 -0.042955 -0.128259 2
-0.131213 0.303186 0.109126 2
0.299966 0.050136 -0.143073 1
-0.226927 0.312874 0.151392 2
0.027261 0.169939 -0.057905 2
-0.052007 0.260444 0.062473 2
0.148385 0.124638 -0.136092 3
0.171659 -0.053438 -0.151565 2
0.056764 0.131575 -0.090660 2
0.280215 -0.214369 -0.168264 1
-0.604040 0.096744 0.450851 2
-0.576646 0.120460 0.385088 2
0.374301 -0.700511 -0.272857 0
0.165624 -0.042977 -0.137366 2
0.264389 -0.062042 -0.137607 1
-0.003801 0.209523 -0.002811 2
0.247848 0.044380 -0.207250 1
0.214844 -0.100951 -0.177657 3
0.351191 -0.610921 -0.252176 0
-0.521967 0.146041 0.447271 2
0.283628 0.004227 -0.156324 1
0.296069 0.071079 -0.163366 1
-0.558246 0.143109 0.408396 2
0.269721 -0.035669 -0.163461 1
0.228108 -0.186898 -0.190227 3
-0.150371 0.302296 0.095182 2
-0.024987 0.243578 0.055358 2
0.128639 0.072043 -0.078629 2
0.156273 -0.021359 -0.142868 2
-0.282203 0.313818 0.167202 2
0.264374 -0.291589 -0.234133 0
-0.147621 0.306552 0.125423 2
0.353936 -0.637331 -0.269637 0
0.104421 0.107424 -0.060314 2
-0.691375 0.015778 0.536300 2
-0.420661 0.249528 0.287673 2
0.058670 0.132836 -0.069276 2
0.208425 -0.140779 -0.170036 2
-0.499880 0.188798 0.367093 2
0.347961 -0.632088 -0.252363 0
0.322421 -0.512374 -0.249219 0
-0.447990 0.232462 0.300850 2
0.226145 -0.113316 -0.200924 1
-0.128706 0.297171 0.037693 2
0.263991 -0.179589 -0.164925 1
0.214770 -0.109114 -0.147315 2
0.299191 0.037884 -0.129703 1
0.235530 -0.028913 -0.204170 1
-0.121265 0.292668 0.094015 2
0.254729 -0.232605 -0.182727 0
0.235324 -0.001915 -0.209756 1
-0.268420 0.311123 0.248125 2
0.089231 0.130904 -0.050981 2
0.024770 0.206628 0.006839 2
0.161808 -0.014351 -0.119261 2
0.229960 -0.056931 -0.204892 1
0.246768 -0.180558 -0.193355 1
0.380254 -0.804629 -0.269642 0
0.223331 -0.127090 -0.167259 3
0.287619 -0.273175 -0.174966 0
-0.466689 0.203169 0.294639 2
-0.473931 0.191772 0.378589 2
0.282475 -0.326226 -0.222588 0
0.285286 -0.295258 -0.206815 0
0.301707 -0.406535 -0.215415 0
-0.195815 0.311795 0.128600 2
0.241385 -0.046516 -0.197393 1
-0.057647 0.248840 0.029056 2
-0.591355 0.101964 0.467166 2
0.009041 0.197620 -0.010944 2
0.282614 0.031128 -0.177900 1
0.166209 0.069252 -0.147308 3
0.188974 -0.093929 -0.156223 2
0.121187 0.194033 -0.127311 3
-0.030285 0.224901 0.008860 2
0.141830 0.017917 -0.109562 2
0.268000 -0.273235 -0.191221 0
0.123273 0.038714 -0.117335 2
-0.316203 0.307479 0.192551 2
0.366420 -0.737422 -0.282262 0
-0.010799 0.230349 0.028138 2
0.253986 -0.207428 -0.195507 1
-0.684202 0.029047 0.491592 2
0.395770 -0.864385 -0.278155 0
-0.439662 0.228236 0.331820 2
-0.049400 0.244292 -0.017849 2
0.115473 0.051265 -0.103659 2
-0.544180 0.141510 0.444808 2
-0.312328 0.310838 0.164243 2
0.188222 -0.014297 -0.163125 3
0.327891 -0.498545 -0.235376 0
0.259837 -0.187807 -0.176390 1
-0.237072 0.312702 0.167718 2
0.270413 -0.040987 -0.130428 1
0.258666 -0.059654 -0.180068 1
-0.447593 0.193120 0.372499 2
-0.096327 0.278662 0.074443 2
0.293444 -0.352415 -0.196685 0
0.245022 -0.168152 -0.163314 2
0.293631 0.091545 -0.168617 1
0.119825 0.083201 -0.075296 2
-0.323708 0.272674 0.282334 2
-0.402187 0.213430 0.338053 2
-0.487562 0.169896 0.394860 2
0.002062 0.195306 -0.029590 2
0.107572 0.064347 -0.096876 2
-0.255845 0.315210 0.161424 2
0.049310 0.177819 -0.018769 2
0.268927 -0.056492 -0.113176 1
-0.442300 0.209969 0.353101 2
0.267265 -0.234166 -0.195839 0
-0.538139 0.162385 0.374815 2
-0.135551 0.298872 0.140996 2
0.249308 -0.254524 -0.196459 0
-0.082310 0.265393 0.054390 2
-0.600703 0.103344 0.400568 2
0.226725 -0.134431 -0.183731 3
0.292886 -0.326998 -0.183149 0
0.266354 -0.053995 -0.156119 1
0.155868 0.104196 -0.129699 3
0.239619 -0.167788 -0.196701 1
0.205149 -0.083598 -0.171910 3
-0.260874 0.314753 0.143449 2
0.267856 -0.134104 -0.142883 1
-0.415813 0.222123 0.324442 2
0.388067 -0.830012 -0.289281 0
0.281389 0.104729 -0.183204 1
0.386458 -0.783992 -0.275365 0
0.259032 -0.100895 -0.163581 1
0.374516 -0.776916 -0.265430 0
-0.621489 0.077618 0.452493 2
0.381697 -0.806626 -0.293001 0
0.262118 -0.080722 -0.149314 1
0.074982 0.309958 -0.101919 3
0.302692 0.097007 -0.150433 1
0.304983 0.079190 -0.142281 1
0.245510 -0.235229 -0.198509 0
0.302070 -0.405950 -0.234668 0
-0.088035 0.271477 0.016094 2
0.167419 0.021764 -0.097538 2
-0.315159 0.288908 0.266864 2
-0.567593 0.131154 0.386630 2
-0.044880 0.251338 0.073725 2
-0.447576 0.230431 0.286919 2
-0.362422 0.284854 0.220909 2
0.340862 -0.597458 -0.261458 0
-0.069410 0.260206 0.089801 2
0.330004 -0.551803 -0.254254 0
-0.262751 0.310500 0.187940 2
0.263044 -0.286153 -0.209588 0
0.135313 0.058504 -0.085066 2
0.110934 0.197985 -0.116509 3
-0.583057 0.113985 0.412479 2
0.304024 0.070679 -0.125572 1
-0.474368 0.211409 0.320139 2
0.300090 -0.425959 -0.235060 0
0.280750 -0.179782 -0.155113 1
-0.216318 0.320553 0.177331 2
0.299154 -0.372756 -0.211629 0
0.136620 0.124713 -0.128533 3
0.210773 -0.135145 -0.187444 2
0.296012 0.024371 -0.130828 1
0.314779 -0.431782 -0.239087 0
-0.658832 0.035845 0.498834 2
0.274018 0.012455 -0.182942 1
-0.027757 0.224688 -0.029166 2
0.216602 -0.127611 -0.210704 1
0.021717 0.176333 -0.030461 2
0.177912 0.036067 -0.140728 3
0.178329 0.013421 -0.157148 3
0.135395 0.163871 -0.129772 3
-0.473384 0.208088 0.346306 2
-0.362398 0.243834 0.299244 2
-0.381034 0.268070 0.272965 2
-0.379277 0.231927 0.309282 2
-0.414686 0.236767 0.312500 2
0.281689 -0.200776 -0.162756 1
0.216495 -0.160458 -0.176666 2
-0.295157 0.301929 0.253545 2
0.122317 0.093304 -0.066207 2
0.103651 0.065997 -0.116914 2
0.249940 0.004719 -0.197971 1
0.294939 -0.359796 -0.209619 0
-0.094231 0.272958 0.055253 2
0.068452 0.117269 -0.090841 2
0.292307 -0.399389 -0.222476 0
-0.648901 0.046555 0.473219 2
0.261693 -0.247118 -0.185250 0
-0.434317 0.234416 0.319742 2
0.287121 -0.359376 -0.222989 0
0.140330 0.010426 -0.129997 2
-0.057902 0.248082 0.002070 2
0.367685 -0.737172 -0.268625 0
-0.479073 0.191211 0.309724 2
-0.401894 0.244174 0.307424 2
0.274360 -0.293152 -0.197294 0
0.283582 -0.007895 -0.123997 1
-0.091463 0.275318 0.028924 2
-0.394373 0.268774 0.254384 2
0.192512 -0.095949 -0.170888 2
-0.195614 0.312483 0.101112 2
-0.302540 0.299234 0.208654 2
0.268982 -0.207261 -0.171234 1
0.036326 0.157964 -0.063664 2
-0.494793 0.184819 0.380239 2
0.157799 -0.026386 -0.160630 2
0.222083 -0.100712 -0.203981 1
0.287139 0.118187 -0.175268 1
0.242029 -0.153798 -0.190424 1
-0.513329 0.177363 0.340558 2
0.293847 0.019021 -0.111277 1
0.343817 -0.664234 -0.264714 0
0.215318 -0.094118 -0.162425 3
-0.494735 0.192236 0.320666 2
0.257013 -0.173318 -0.177585 1
-0.433893 0.243553 0.260810 2
-0.269185 0.313751 0.172335 2
0.098075 0.079322 -0.084264 2
0.207830 -0.119710 -0.152680 2
-0.069699 0.257081 0.002183 2
-0.453880 0.204028 0.367797 2
0.083917 0.097211 -0.116343 2
0.274408 -0.319331 -0.202166 0
-0.462121 0.212682 0.340654 2
0.340478 -0.570892 -0.247668 0
0.177660 -0.066363 -0.149761 2
0.308079 0.157086 -0.157150 1
0.379680 -0.757144 -0.275563 0
-0.396493 0.266535 0.239396 2
-0.615604 0.072734 0.465776 2
-0.516364 0.173862 0.389777 2
-0.599168 0.089178 0.486256 2
0.265319 -0.061079 -0.168309 1
0.381886 -0.854691 -0.294893 0
-0.670896 0.029359 0.513990 2
-0.143339 0.301980 0.082766 2
-0.157131 0.312773 0.159259 2
0.008305 0.221343 0.023003 2
0.359469 -0.644414 -0.258665 0
0.207085 -0.054104 -0.158742 3
0.298923 0.104705 -0.160984 1
0.253231 -0.154872 -0.180917 1
-0.017135 0.223034 0.009201 2
-0.228703 0.317381 0.194359 2
0.197057 -0.054827 -0.167684 3
-0.569157 0.125848 0.411896 2
-0.314094 0.296646 0.235318 2
0.360520 -0.671033 -0.261724 0
0.267188 -0.081044 -0.122484 1
0.327605 -0.511717 -0.236812 0
-0.267755 0.306017 0.235358 2
-0.433708 0.242874 0.273974 2
0.048174 0.143509 -0.077662 2
-0.255030 0.309974 0.221742 2
0.318790 0.151060 -0.142605 1
-0.216071 0.316268 0.141575 2
-0.413469 0.255923 0.240826 2
0.257842 -0.148886 -0.163295 1
0.152583 0.050010 -0.084411 2
0.229613 -0.166737 -0.209554 1
0.242106 -0.106962 -0.185601 1
-0.465120 0.220905 0.306889 2
0.391662 -0.810922 -0.275861 0
0.226594 -0.077819 -0.206471 1
0.248037 -0.213348 -0.216027 1
-0.103876 0.288632 0.102499 2
0.358416 -0.604603 -0.262399 0
0.165297 0.081574 -0.143105 3
0.226119 -0.108926 -0.177044 3
-0.457040 0.211963 0.287539 2
-0.640870 0.046472 0.491871 2
-0.242381 0.315383 0.181249 2
0.068365 0.123001 -0.062773 2
0.290853 0.022462 -0.151372 1
0.226495 -0.147423 -0.183974 3
0.144489 0.098761 -0.132840 3
-0.109405 0.283173 0.074342 2
0.305132 0.126746 -0.155666 1
0.093819 0.270126 -0.110372 3
0.390738 -0.852433 -0.278235 0
0.078312 0.284860 -0.098414 3
0.360710 -0.691215 -0.262621 0
0.049147 0.169866 -0.028947 2
0.323153 -0.479283 -0.247950 0
0.334639 -0.525249 -0.240712 0
-0.342160 0.258377 0.288046 2
-0.534753 0.162733 0.393383 2
0.048772 0.156067 -0.041807 2
0.112911 0.116581 -0.056763 2
-0.495700 0.193443 0.354277 2
-0.431159 0.192981 0.352429 2
-0.181747 0.321432 0.161767 2
0.300454 0.044346 -0.111620 1
-0.615290 0.066790 0.512875 2
-0.462684 0.218686 0.276165 2
-0.580743 0.112198 0.459516 2
0.250501 -0.017130 -0.192051 1
-0.077104 0.263319 0.041598 2
0.117940 0.178745 -0.117769 3
-0.545009 0.142571 0.373282 2
-0.036272 0.233142 0.020893 2
-0.455703 0.211754 0.353234 2
0.234264 -0.180761 -0.169362 2
-0.407968 0.258362 0.268404 2
-0.530322 0.147912 0.425382 2
0.308351 0.104745 -0.136519 1
0.291970 -0.299279 -0.174207 0
0.134163 0.174441 -0.117059 3
0.218823 -0.154249 -0.192383 2
-0.478343 0.208159 0.308473 2
-0.353214 0.288491 0.232849 2
0.226378 -0.028955 -0.214052 1
0.335242 -0.538848 -0.255277 0
-0.037495 0.250087 0.049212 2
-0.295446 0.302238 0.226396 2
0.300357 0.144258 -0.162396 1
-0.149448 0.302620 0.056507 2
0.299951 -0.345537 -0.219971 0
-0.504997 0.177381 0.315906 2
-0.628010 0.054821 0.499983 2
-0.567835 0.129607 0.432338 2
0.323703 -0.532286 -0.248731 0
0.144754 -0.001352 -0.129119 2
0.241679 -0.200923 -0.222913 1
0.275155 -0.346537 -0.236641 0
0.356112 -0.717396 -0.269650 0
0.194556 -0.014575 -0.151024 3
0.035260 0.188361 -0.015073 2
0.184514 -0.081119 -0.163379 2
-0.498943 0.164202 0.402232 2
0.189458 -0.054488 -0.130577 2
0.022664 0.178135 -0.069854 2
-0.374072 0.277557 0.247522 2
0.014574 0.213885 0.011092 2
0.361536 -0.678145 -0.275534 0
-0.448059 0.231215 0.274441 2
0.152551 0.117049 -0.126668 3
0.150742 0.110550 -0.139165 3
0.274731 -0.306253 -0.223362 0
0.195807 -0.107864 -0.163672 2
-0.532781 0.162078 0.407055 2
0.136515 0.144993 -0.119404 3
0.302386 0.057861 -0.112158 1
0.094617 0.103232 -0.069925 2
0.315495 -0.491770 -0.242874 0
0.057881 0.327335 -0.102240 3
0.226888 -0.141065 -0.202234 1
0.354185 -0.650806 -0.269475 0
-0.222060 0.313880 0.115900 2
-0.173522 0.308271 0.064018 2
-0.162295 0.307596 0.070016 2
0.381403 -0.843471 -0.276655 0
0.335122 -0.551708 -0.242973 0
0.370087 -0.802583 -0.277040 0
0.331287 -0.468631 -0.242365 0
0.337949 -0.585659 -0.259232 0
0.018126 0.178529 -0.055831 2
0.222363 -0.174321 -0.183032 2
-0.546321 0.143422 0.432831 2
0.288753 0.044426 -0.170946 1
-0.008052 0.208578 -0.049630 2
-0.151366 0.313752 0.135249 2
-0.103343 0.283246 0.028523 2
0.055897 0.136633 -0.057423 2
0.121038 0.202931 -0.111424 3
-0.451163 0.181452 0.371332 2
-0.606558 0.095606 0.419818 2
-0.584005 0.115153 0.445306 2
0.022802 0.186139 -0.019219 2
0.251578 -0.112238 -0.179969 1
0.251230 -0.222942 -0.233183 1
-0.327471 0.288273 0.259735 2
0.299030 0.118038 -0.161625 1
-0.476281 0.198962 0.324628 2
-0.475853 0.196663 0.366814 2
0.279091 0.076563 -0.189429 1
-0.395561 0.257845 0.280386 2
0.077143 0.104810 -0.097746 2
0.368685 -0.724868 -0.281236 0
-0.494656 0.178985 0.401116 2
0.296378 -0.372395 -0.225657 0
0.030706 0.165677 -0.037815 2
0.301807 0.064299 -0.150313 1
0.310192 -0.470251 -0.240529 0
0.255039 -0.239571 -0.223822 0
-0.586940 0.113438 0.401051 2
0.167672 0.044508 -0.137415 3
-0.391406 0.219084 0.329331 2
0.247655 0.032545 -0.204888 1
-0.136165 0.298076 0.055150 2
0.233368 -0.180114 -0.216548 1
0.314758 -0.452364 -0.242240 0
-0.282357 0.309769 0.154819 2
0.274472 -0.280028 -0.209658 0
0.279072 -0.340364 -0.216836 0
0.268257 -0.233158 -0.183476 0
-0.612097 0.083013 0.470873 2
0.373469 -0.756703 -0.265321 0
0.256028 -0.273016 -0.191734 0
0.191194 -0.035035 -0.164671 3
0.298035 0.043111 -0.155203 1
-0.190636 0.312636 0.139338 2
-0.620047 0.063691 0.486330 2
0.381212 -0.790115 -0.284156 0
0.201432 -0.034420 -0.156185 3
0.286898 0.130074 -0.174595 1
0.094520 0.084008 -0.097300 2
0.282048 -0.279246 -0.183546 0
0.172624 0.009150 -0.106406 2
0.330508 -0.597400 -0.255611 0
-0.381187 0.276542 0.234410 2
0.303827 -0.444973 -0.224472 0
0.116934 0.045641 -0.124603 2
-0.697802 0.013986 0.520404 2
0.141467 0.136939 -0.134704 3
-0.389307 0.234314 0.317444 2
-0.407785 0.222814 0.333126 2
0.293513 -0.221242 -0.164340 0
0.069029 0.163778 -0.030609 2
-0.478845 0.203481 0.289545 2
0.149809 -0.007167 -0.118480 2
0.243978 -0.074935 -0.191616 1
-0.513661 0.164767 0.406747 2
0.250588 -0.127419 -0.178767 1
-0.203293 0.317573 0.154537 2
-0.014758 0.212111 -0.010763 2
0.217296 -0.100431 -0.214712 1
0.266471 -0.299879 -0.209973 0
0.306261 -0.392763 -0.216652 0
-0.043536 0.236668 -0.011123 2
0.257761 0.076022 -0.202024 1
0.187165 -0.001365 -0.145813 3
0.314167 -0.408838 -0.233225 0
0.249260 -0.213554 -0.204419 1
0.204765 -0.099104 -0.162553 2
-0.070034 0.257708 0.029904 2
-0.428346 0.243901 0.294413 2
-0.408202 0.250966 0.294230 2
0.194513 -0.042353 -0.122950 2
0.332702 -0.564752 -0.256180 0
-0.512952 0.170356 0.360843 2
0.266057 -0.260594 -0.208260 0
-0.342606 0.299109 0.195472 2
0.107630 0.064449 -0.129498 2
0.165430 -0.034797 -0.163130 2
0.251641 -0.066605 -0.186969 1
0.278959 -0.161504 -0.147354 1
-0.295662 0.309620 0.187195 2
-0.130229 0.295320 0.081715 2
0.274032 0.037699 -0.190028 1
-0.485561 0.201579 0.339993 2
0.043521 0.150795 -0.056904 2
-0.149854 0.304038 0.069121 2
0.261645 -0.127153 -0.149741 1
0.375858 -0.822492 -0.288884 0
-0.192628 0.319790 0.186305 2
-0.679396 0.022551 0.505509 2
-0.269917 0.309863 0.200692 2
-0.536283 0.153346 0.415325 2
0.196012 -0.079569 -0.139548 2
0.278584 -0.189920 -0.160377 1
0.300052 -0.421078 -0.221085 0
-0.335188 0.286571 0.249298 2
0.201969 -0.073812 -0.164515 3
-0.374491 0.243735 0.302157 2
0.138534 0.073476 -0.072941 2
-0.525877 0.158216 0.336067 2
0.082860 0.295742 -0.102721 3
0.132941 0.023590 -0.143768 2
0.278445 -0.007715 -0.167585 1
0.203603 -0.133249 -0.158081 2
0.361000 -0.750378 -0.269725 0
-0.031461 0.240782 0.027955 2
0.288312 0.004649 -0.111327 1
0.371754 -0.691771 -0.265601 0
-0.562382 0.126984 0.445601 2
0.168720 0.057898 -0.136513 3
0.130495 0.026174 -0.105313 2
-0.179369 0.313504 0.106076 2
-0.429604 0.223576 0.327417 2
0.281431 -0.234517 -0.171166 0
-0.462703 0.189357 0.378443 2
-0.518797 0.175682 0.373460 2
0.205587 -0.129290 -0.175827 2
0.083747 0.098720 -0.090612 2
0.161047 0.091085 -0.131307 3
-0.355285 0.278304 0.260887 2
0.170198 0.044840 -0.151564 3
0.292757 -0.327670 -0.214565 0
0.381671 -0.837304 -0.295131 0
0.270125 -0.072255 -0.113539 1
0.289190 0.003766 -0.130056 1
0.181964 -0.002567 -0.158665 3
-0.169754 0.309876 0.088036 2
0.063928 0.310057 -0.104028 3
-0.354882 0.264916 0.282746 2
-0.570597 0.131798 0.402471 2
0.318498 0.126888 -0.127193 1
0.241413 -0.219833 -0.178055 3
0.233657 -0.189036 -0.199761 3
0.364654 -0.633705 -0.266568 0
0.053541 0.346754 -0.090778 3
-0.520657 0.163154 0.354297 2
-0.001153 0.199205 -0.042642 2
0.320866 -0.484836 -0.230439 0
0.081906 0.138002 -0.046325 2
-0.514032 0.159708 0.421049 2
-0.111331 0.287938 0.055755 2
0.109206 0.098787 -0.065674 2
0.328102 -0.459543 -0.236644 0
-0.116419 0.289954 0.041660 2
0.230687 -0.204988 -0.176351 2
-0.328574 0.297185 0.214572 2
-0.139152 0.306835 0.116105 2
0.260490 -0.200589 -0.182608 1
0.350076 -0.695890 -0.268192 0
-0.170336 0.320134 0.155794 2
0.271705 -0.038768 -0.150234 1
0.237858 -0.192172 -0.217163 1
0.267423 -0.055263 -0.129299 1
-0.025751 0.221442 -0.017395 2
0.089630 0.257706 -0.107282 3
0.343862 -0.621749 -0.251893 0
0.128198 0.050063 -0.095565 2
-0.627696 0.059405 0.473089 2
0.225518 -0.051478 -0.214087 1
0.202333 -0.100485 -0.146242 2
0.101598 0.242858 -0.105109 3
-0.663096 0.034880 0.485640 2
-0.511268 0.172520 0.323630 2
-0.338501 0.293471 0.231073 2
0.288479 -0.385752 -0.216453 0
-0.221515 0.309276 0.102501 2
0.254875 -0.234169 -0.233435 0
-0.520597 0.150841 0.421097 2
0.217795 -0.164570 -0.164505 2
0.288569 -0.319893 -0.190364 0
0.360772 -0.703267 -0.274854 0
0.338964 -0.517931 -0.247689 0
-0.587623 0.115035 0.422783 2
-0.548706 0.143621 0.401750 2
0.325320 -0.432879 -0.236293 0
-0.276622 0.306336 0.222875 2
0.346153 -0.624864 -0.263742 0
0.264586 -0.279934 -0.225584 0
0.285000 -0.255851 -0.174380 0
0.241937 -0.206486 -0.176214 3
-0.137464 0.307756 0.134939 2
0.374093 -0.717083 -0.269827 0
0.003149 0.212528 0.008076 2
-0.480060 0.180693 0.383032 2
0.249026 -0.264333 -0.191719 0
0.292624 -0.266591 -0.167875 0
0.380022 -0.761671 -0.286391 0
0.281975 0.058256 -0.184744 1
0.221720 -0.146352 -0.159175 2
-0.598819 0.102762 0.428060 2
0.277469 0.135053 -0.172285 1
0.188402 -0.087504 -0.144528 2
0.234773 -0.068015 -0.201798 1
0.202534 -0.066935 -0.131681 2
0.241861 -0.133510 -0.185108 1
0.241766 -0.093978 -0.189438 1
-0.247852 0.311438 0.168749 2
0.364563 -0.750035 -0.287242 0
0.176859 -0.067202 -0.139053 2
0.073831 0.115139 -0.067691 2
-0.480734 0.179433 0.400200 2
-0.014298 0.212776 0.001594 2
0.377102 -0.845825 -0.287901 0
-0.252531 0.307760 0.123173 2
-0.360226 0.254324 0.300113 2
-0.647429 0.044599 0.500519 2
0.015313 0.182626 -0.036360 2
-0.050489 0.243278 0.008924 2
0.228188 -0.167443 -0.165210 2
-0.202767 0.315029 0.108729 2
-0.520549 0.171241 0.347265 2
0.276960 -0.343750 -0.205615 0
0.101487 0.216230 -0.113743 3
-0.453650 0.221842 0.333921 2
0.260634 -0.261626 -0.233717 0
0.242510 -0.193679 -0.203574 1
-0.273806 0.308426 0.136516 2
-0.360083 0.288165 0.196767 2
0.262298 -0.107238 -0.143142 1
0.007283 0.195029 -0.059657 2
0.237470 -0.014414 -0.204591 1
-0.408712 0.230466 0.325750 2
0.392169 -0.856817 -0.290416 0
0.124215 0.158826 -0.122752 3
0.116042 0.216859 -0.116966 3
-0.542999 0.133098 0.451244 2
0.227696 -0.087732 -0.202721 1
0.217452 -0.077094 -0.212339 1
-0.058683 0.254495 0.038021 2
-0.201665 0.318397 0.169023 2
0.344040 -0.634911 -0.266571 0
0.358051 -0.681060 -0.259173 0
0.181741 -0.056739 -0.167258 2
0.154631 0.023168 -0.101446 2
0.187529 -0.022293 -0.156205 3
0.241847 0.005533 -0.204745 1
-0.085064 0.275512 0.095498 2
0.289593 -0.392277 -0.229824 0
-0.455798 0.225438 0.270123 2
-0.552219 0.136306 0.393649 2
-0.602823 0.080975 0.491832 2
-0.013022 0.228415 0.017990 2
0.284443 0.094388 -0.179167 1
0.168168 0.057990 -0.149067 3
0.067446 0.141260 -0.049621 2
-0.050713 0.242690 -0.004136 2
0.186616 -0.022262 -0.116804 2
0.279814 0.005851 -0.169364 1
-0.036052 0.230921 0.002210 2
0.073374 0.171463 -0.024929 2
0.269005 -0.100647 -0.123639 1
-0.208353 0.310688 0.090729 2
-0.249776 0.312675 0.188175 2
0.047070 0.187584 -0.014631 2
0.255942 -0.133835 -0.169621 1
-0.556649 0.138224 0.370390 2
0.385453 -0.779637 -0.284840 0
-0.235699 0.314856 0.207705 2
0.084537 0.098532 -0.077659 2
-0.142777 0.302152 0.102387 2
-0.017119 0.241142 0.044590 2
-0.396977 0.227369 0.324481 2
-0.188500 0.311144 0.075647 2
0.283741 -0.369692 -0.228498 0
-0.361383 0.281882 0.241565 2
-0.611317 0.070218 0.500420 2
0.266811 -0.001035 -0.183109 1
0.266121 0.026265 -0.195982 1
0.390881 -0.825302 -0.280400 0
-0.276292 0.306149 0.190042 2
-0.109901 0.289668 0.115001 2
0.180369 -0.010140 -0.114286 2
-0.554174 0.139325 0.427324 2
0.308769 0.166726 -0.153085 1
0.328452 -0.503964 -0.250334 0
0.266051 0.065083 -0.200459 1
0.207602 -0.067819 -0.158154 3
0.261367 -0.074034 -0.170252 1
0.261333 -0.240271 -0.203399 0
0.107320 0.083096 -0.081384 2
-0.385856 0.270515 0.216876 2
-0.302348 0.309385 0.161783 2
0.255750 -0.008285 -0.190649 1
-0.470329 0.212878 0.294401 2
0.223612 -0.160370 -0.216822 1
-0.494393 0.196167 0.340274 2
-0.177550 0.320678 0.174533 2
-0.497422 0.187267 0.333042 2
0.195058 -0.028136 -0.151001 3
0.224970 -0.109894 -0.145827 2
-0.496115 0.174790 0.391740 2
0.266206 -0.021800 -0.176863 1
-0.304161 0.288513 0.272923 2
0.293871 -0.378953 -0.205198 0
-0.004168 0.230027 0.040507 2
0.223720 -0.131064 -0.153359 2
-0.127448 0.292678 0.067269 2
0.175694 -0.034558 -0.125385 2
0.275609 -0.266297 -0.190856 0
0.147728 0.037314 -0.095019 2
0.368079 -0.783855 -0.281442 0
0.210711 -0.072364 -0.172700 3
-0.216012 0.317187 0.189016 2
-0.585085 0.114891 0.383037 2
-0.569429 0.120325 0.455947 2
0.158212 -0.028188 -0.135446 2
0.225053 -0.151058 -0.173188 3
0.287090 -0.347871 -0.213959 0
-0.288914 0.311089 0.174476 2
0.279011 -0.020948 -0.144390 1
-0.011577 0.236242 0.036488 2
0.280473 0.019030 -0.175778 1
0.306903 0.084538 -0.129796 1
0.089158 0.116201 -0.061816 2
0.310748 0.109218 -0.126292 1
-0.061556 0.259989 0.058757 2
-0.341719 0.277041 0.273779 2
-0.076292 0.269348 0.068567 2
-0.083533 0.276728 0.081043 2
-0.434282 0.211313 0.341482 2
0.314237 -0.472479 -0.228817 0
-0.236059 0.316056 0.141429 2
0.035139 0.200633 -0.001128 2
-0.529438 0.158926 0.359212 2
0.273660 -0.033351 -0.136343 1
-0.421738 0.210799 0.341091 2
0.316860 -0.442005 -0.226391 0
-0.504850 0.180978 0.390434 2
-0.248736 0.314285 0.207326 2
0.136816 0.039494 -0.097429 2
-0.490409 0.192201 0.305259 2
-0.348062 0.282409 0.253661 2
-0.602394 0.093435 0.460311 2
-0.245519 0.310060 0.225302 2
-0.612301 0.089409 0.425445 2
-0.312006 0.302138 0.210860 2
0.307570 0.117832 -0.143659 1
-0.566813 0.123548 0.393294 2
-0.562110 0.140313 0.399445 2
-0.633989 0.051421 0.512427 2
0.265794 -0.061932 -0.149858 1
-0.333306 0.301299 0.204583 2
0.258312 -0.107580 -0.171142 1
-0.599146 0.103058 0.439627 2
0.264385 -0.072763 -0.130953 1
-0.367726 0.281697 0.207605 2
0.254183 0.051206 -0.203327 1
-0.639619 0.051464 0.480418 2
0.279721 -0.300747 -0.213885 0
0.263493 -0.160608 -0.158546 1
0.332991 -0.486129 -0.241947 0
0.257665 -0.250351 -0.222015 0
-0.156155 0.309894 0.121203 2
-0.401037 0.264081 0.260404 2
-0.201281 0.313081 0.190766 2
-0.454314 0.201183 0.358130 2
0.235491 -0.041234 -0.204010 1
-0.611798 0.089272 0.447209 2
0.380381 -0.770755 -0.282059 0
-0.621919 0.060084 0.507227 2
0.280229 -0.333380 -0.229642 0
0.290174 0.150549 -0.169359 1
0.281222 -0.014743 -0.130971 1
0.216532 -0.120340 -0.164220 2
0.287046 -0.312629 -0.204253 0
0.197650 -0.079130 -0.157174 2
0.307349 -0.419197 -0.236595 0
-0.176471 0.309297 0.121685 2
0.150866 0.007050 -0.112166 2
0.257170 -0.278761 -0.200914 0
-0.465072 0.220963 0.318749 2
0.022876 0.202417 -0.002063 2
-0.467925 0.198133 0.372763 2
0.128381 0.184821 -0.117188 3
-0.228995 0.315896 0.160714 2
0.126876 0.031326 -0.129882 2
0.273703 -0.034539 -0.123518 1
0.211333 -0.145457 -0.159386 2
-0.678443 0.023385 0.519335 2
-0.546603 0.144647 0.360494 2
-0.512525 0.181613 0.350227 2
0.383289 -0.801850 -0.284371 0
0.271369 0.089736 -0.193389 1
-0.472326 0.197733 0.300828 2
0.036256 0.170703 -0.031219 2
0.261734 -0.293799 -0.203317 0
-0.557994 0.141611 0.383237 2
-0.289494 0.307796 0.194813 2
-0.306405 0.300287 0.229589 2
-0.414285 0.255486 0.261143 2
0.026684 0.214222 0.012952 2
-0.068555 0.265823 0.075445 2
-0.483939 0.192772 0.319786 2
0.269878 -0.217006 -0.172899 1
-0.314717 0.295097 0.247054 2
0.270645 -0.010948 -0.172791 1
0.053993 0.192396 -0.007225 2
0.347719 -0.584506 -0.250170 0
-0.043255 0.255180 0.055462 2
0.327910 -0.538333 -0.239159 0
0.233440 -0.113947 -0.194270 1
-0.368042 0.272006 0.267905 2
-0.542362 0.134277 0.461964 2
0.269721 -0.298250 -0.226293 0
0.375084 -0.737446 -0.276416 0
-0.563017 0.133704 0.378265 2
-0.578446 0.124490 0.414922 2
0.156360 -0.020927 -0.124191 2
0.285070 -0.338175 -0.206194 0
0.062929 0.150359 -0.042381 2
-0.606322 0.084603 0.478689 2
-0.122435 0.296294 0.121724 2
-0.152860 0.314746 0.145879 2
-0.601972 0.100490 0.409958 2
-0.096808 0.278500 0.113877 2
-0.161025 0.305496 0.089594 2
0.118242 0.046880 -0.134252 2
0.166414 -0.041805 -0.156340 2
0.293952 0.138147 -0.168931 1
0.241190 -0.206702 -0.202528 3
0.285834 0.024460 -0.168743 1
-0.441947 0.236693 0.294141 2
-0.082870 0.269433 0.029341 2
-0.396421 0.265680 0.229290 2
-0.339237 0.292466 0.221096 2
0.078023 0.278200 -0.105568 3
-0.663393 0.035730 0.514181 2
0.258248 -0.223965 -0.179843 3
0.223818 -0.186106 -0.172255 2
0.243410 -0.019402 -0.198663 1
0.275019 -0.305944 -0.202523 0
-0.635157 0.060539 0.461201 2
-0.552521 0.136759 0.446538 2
0.376216 -0.828971 -0.278060 0
-0.529429 0.165680 0.371948 2
0.135496 0.018303 -0.123911 2
0.275561 0.051167 -0.190533 1
-0.034098 0.226171 -0.021937 2
-0.262573 0.311103 0.208735 2
0.068164 0.178718 -0.019961 2
-0.052849 0.255030 0.078952 2
-0.315304 0.308696 0.181599 2
-0.626343 0.071354 0.446876 2
-0.389009 0.257467 0.288210 2
-0.617493 0.081650 0.433104 2
-0.539616 0.157820 0.386576 2
0.168620 -0.009049 -0.114834 2
-0.416144 0.252898 0.275888 2
-0.442705 0.226305 0.322570 2
0.275402 -0.325899 -0.215963 0
-0.015553 0.212087 -0.037198 2
0.151156 -0.013300 -0.144548 2
0.244417 -0.146054 -0.185106 1
0.097094 0.074157 -0.118220 2
0.194048 -0.094932 -0.148028 2
-0.196137 0.316763 0.148051 2
-0.414147 0.217708 0.339385 2
-0.442474 0.224931 0.279245 2
-0.508369 0.171377 0.332793 2
-0.540722 0.149287 0.426838 2
0.030845 0.164913 -0.049044 2
0.273659 -0.313609 -0.229550 0
0.219898 -0.133938 -0.176902 3
-0.591664 0.095937 0.478878 2
0.353299 -0.578949 -0.258817 0
-0.090030 0.271208 0.105682 2
-0.545089 0.145924 0.386983 2
-0.351289 0.292592 0.208046 2
-0.275869 0.308749 0.241868 2
0.263853 0.017813 -0.191964 1
0.052563 0.140634 -0.095177 2
0.269362 -0.126752 -0.136856 1
0.337712 -0.554870 -0.259801 0
0.053509 0.137223 -0.082621 2
0.367605 -0.691983 -0.274273 0
0.096365 0.249767 -0.109268 3
0.233816 -0.133051 -0.195075 1
0.308847 -0.399047 -0.232303 0
0.199364 -0.114408 -0.170156 2
-0.596826 0.101180 0.455588 2
0.353839 -0.684420 -0.267897 0
-0.096549 0.283372 0.094882 2
-0.612020 0.079071 0.452183 2
-0.455862 0.226529 0.308503 2
-0.645875 0.043135 0.511379 2
-0.189833 0.321524 0.174922 2
-0.176870 0.316471 0.141445 2
-0.534249 0.144283 0.445805 2
0.245280 -0.234524 -0.188979 3
-0.228177 0.314489 0.123214 2
-0.098141 0.280467 0.050830 2
-0.017904 0.236681 0.053172 2
-0.401559 0.264141 0.247129 2
0.316836 -0.497342 -0.232783 0
-0.642237 0.054036 0.462533 2
0.122656 0.065486 -0.085322 2
0.257874 -0.043394 -0.179479 1
0.283143 -0.353138 -0.231821 0
0.269545 -0.048078 -0.123408 1
0.060563 0.128910 -0.077747 2
0.367220 -0.710455 -0.267450 0
0.380901 -0.816782 -0.294588 0
0.207600 -0.094884 -0.170594 3
0.320875 -0.498657 -0.248126 0
0.251995 -0.175588 -0.187130 1
0.003457 0.203835 -0.005109 2
0.287620 -0.246677 -0.170152 0
-0.651123 0.041999 0.521077 2
0.296534 0.031662 -0.123035 1
0.072146 0.113959 -0.078934 2
-0.560945 0.123242 0.460434 2
-0.162768 0.307538 0.108330 2
-0.534965 0.151038 0.353425 2
-0.212843 0.314864 0.111345 2
-0.314110 0.303069 0.201672 2
0.367493 -0.757362 -0.282004 0
-0.285886 0.306949 0.242548 2
0.261361 -0.080630 -0.163461 1
0.299457 0.057922 -0.156898 1
-0.321543 0.295805 0.221308 2
0.189042 -0.041299 -0.153884 3
-0.516348 0.150375 0.439804 2
0.181246 -0.074803 -0.142841 2
0.351393 -0.595310 -0.252251 0
0.163164 0.006297 -0.106574 2
0.155037 0.077843 -0.136286 3
0.215575 -0.114440 -0.177615 3
0.264485 -0.036633 -0.172665 1
-0.468484 0.212365 0.333694 2
-0.380810 0.274823 0.253531 2
0.259969 -0.214482 -0.193661 1
0.129497 0.151030 -0.123157 3
-0.235832 0.316351 0.187958 2
-0.505020 0.187396 0.359319 2
0.231854 -0.123414 -0.195361 1
0.264033 -0.199297 -0.172148 1
0.268239 -0.253115 -0.189934 0
-0.415666 0.227861 0.332071 2
0.256505 -0.126965 -0.163208 1
-0.070008 0.257504 0.016350 2
0.350903 -0.571409 -0.252849 0
-0.129497 0.297641 0.100672 2
0.068967 0.117838 -0.107604 2
-0.323841 0.307867 0.187092 2
-0.112013 0.293941 0.095001 2
0.301849 0.057565 -0.130186 1
-0.609629 0.086626 0.434288 2
-0.382499 0.258058 0.294937 2
0.234689 -0.154087 -0.196256 1
0.216440 -0.125179 -0.152793 2
-0.474021 0.202795 0.359790 2
-0.209781 0.312728 0.147555 2
-0.486908 0.189821 0.379464 2
0.143140 0.005028 -0.148593 2
-0.620630 0.070558 0.492701 2
-0.276801 0.306396 0.213188 2
0.393280 -0.867170 -0.288227 0
0.344400 -0.562549 -0.246112 0
0.168271 -0.022127 -0.122707 2
0.096598 0.231346 -0.111110 3
0.356402 -0.740440 -0.280787 0
-0.509468 0.177542 0.367237 2
0.253493 -0.034013 -0.189565 1
-0.519519 0.176123 0.355918 2
0.254585 -0.253133 -0.185604 0
0.366273 -0.671195 -0.269673 0
0.141756 0.151418 -0.123629 3
0.295451 -0.399475 -0.233750 0
0.206720 -0.049995 -0.167079 3
0.269486 -0.240364 -0.189225 0
0.345228 -0.545622 -0.248390 0
-0.370629 0.279996 0.221722 2
0.281876 -0.287117 -0.202479 0
-0.116012 0.289912 0.082587 2
-0.541020 0.150947 0.373795 2
-0.294530 0.303199 0.201124 2
0.293333 0.063577 -0.169214 1
0.262255 -0.214418 -0.183785 1
-0.355852 0.246868 0.305047 2
0.273247 -0.147410 -0.143121 1
0.313933 -0.478464 -0.242558 0
0.250338 -0.220441 -0.210555 1
-0.581076 0.119343 0.433130 2
0.283924 -0.146117 -0.132471 1
0.293303 -0.367371 -0.216320 0
-0.388757 0.250648 0.300950 2
0.157544 0.086575 -0.143058 3
-0.422071 0.239213 0.307542 2
-0.652830 0.049221 0.460143 2
0.374103 -0.730743 -0.270131 0
0.286334 -0.000787 -0.148870 1
-0.335729 0.264699 0.286203 2
0.361871 -0.658081 -0.261761 0
-0.484714 0.201546 0.308898 2
-0.407495 0.212869 0.329237 2
0.251982 -0.189597 -0.171971 3
0.303934 -0.452197 -0.230149 0
0.211845 -0.149215 -0.171264 2
-0.172552 0.315470 0.133246 2
0.341195 -0.531576 -0.249945 0
-0.209294 0.315693 0.134731 2
-0.261576 0.308789 0.228063 2
0.262267 -0.087781 -0.143459 1
0.075361 0.157619 -0.036173 2
0.218454 -0.162380 -0.185406 2
0.269794 -0.159651 -0.151982 1
0.341776 -0.564585 -0.257318 0
-0.693167 0.016895 0.513075 2
0.142691 0.052751 -0.085995 2
-0.334183 0.272470 0.276967 2
0.142072 0.005220 -0.137297 2
0.269624 -0.319323 -0.236353 0
-0.440973 0.237343 0.274051 2
-0.328672 0.303840 0.194182 2
0.110585 0.059253 -0.110397 2
0.181810 0.024649 -0.143393 3
0.387191 -0.861367 -0.277426 0
-0.008366 0.205431 -0.025490 2
0.353729 -0.671131 -0.270119 0
0.307418 -0.425708 -0.218354 0
-0.052214 0.260372 0.071591 2
-0.218131 0.313020 0.153780 2
0.248559 -0.054015 -0.190138 1
-0.042433 0.238761 0.026356 2
0.301017 -0.379577 -0.229126 0
0.363748 -0.774178 -0.285018 0
-0.488317 0.177957 0.387598 2
-0.413741 0.229501 0.317877 2
-0.421964 0.233301 0.316694 2
0.308807 0.091105 -0.123813 1
-0.584646 0.103005 0.477183 2
0.108355 0.223719 -0.110315 3
0.274940 -0.253514 -0.182864 0
0.248204 0.011898 -0.203598 1
0.047911 0.148039 -0.049463 2
-0.388054 0.269584 0.260834 2
0.270715 -0.119797 -0.130951 1
0.221544 -0.120648 -0.203584 1
0.187087 0.012281 -0.155151 3
0.307644 -0.386804 -0.228612 0
-0.241159 0.314193 0.129783 2
0.309353 -0.495966 -0.237724 0
-0.215721 0.316987 0.128060 2
-0.202365 0.314795 0.122702 2
-0.108857 0.284962 0.035473 2
0.128133 0.030892 -0.141488 2
0.285653 0.084306 -0.181723 1
0.089377 0.277473 -0.103075 3
-0.387269 0.262540 0.280417 2
-0.023715 0.236485 0.029609 2
-0.063041 0.264608 0.068393 2
-0.487749 0.196832 0.360540 2
0.220638 -0.140958 -0.208714 1
-0.261931 0.311586 0.241907 2
0.157700 -0.026085 -0.150392 2
-0.440636 0.234947 0.313357 2
0.305560 -0.366386 -0.222932 0
0.341409 -0.604865 -0.250507 0
0.336073 -0.578468 -0.245278 0
0.192175 0.005412 -0.148918 3
-0.369072 0.260366 0.293297 2
-0.501196 0.163177 0.413632 2
0.255174 -0.233327 -0.209398 0
0.180610 0.022145 -0.153435 3
-0.129618 0.296304 0.049281 2
-0.030869 0.243880 0.062118 2
0.347673 -0.604324 -0.263616 0
-0.123971 0.301252 0.114418 2
0.095223 0.090887 -0.076877 2
0.268001 -0.253136 -0.203704 0
-0.316372 0.291700 0.255910 2
-0.380670 0.249244 0.305566 2
0.374653 -0.809679 -0.288399 0
0.075204 0.290479 -0.104646 3
0.288606 -0.306705 -0.183448 0
-0.471028 0.203463 0.317774 2
-0.401358 0.257401 0.287385 2
0.268221 -0.284459 -0.193028 0
0.009921 0.190914 -0.017366 2
0.329523 -0.586818 -0.253181 0
-0.666973 0.032399 0.493397 2
-0.427605 0.245822 0.279749 2
0.107519 0.237320 -0.110415 3
0.259110 -0.253462 -0.230519 0
0.035837 0.160961 -0.080668 2
0.242015 -0.035323 -0.197937 1
0.302516 0.137482 -0.157062 1
0.294534 -0.385138 -0.231724 0
0.273008 -0.027437 -0.162853 1
0.275643 -0.141136 -0.137084 1
0.247344 -0.226955 -0.204976 3
0.260892 -0.088280 -0.156880 1
0.301982 0.077763 -0.150500 1
-0.421651 0.250116 0.254264 2
0.319517 -0.439177 -0.240265 0
-0.143401 0.309768 0.141457 2
0.354046 -0.624786 -0.255768 0
0.295877 0.083956 -0.164644 1
0.201799 -0.060549 -0.155720 3
0.280097 0.117679 -0.180661 1
-0.527605 0.157320 0.425582 2
0.099858 0.137464 -0.046018 2
0.247923 -0.193645 -0.196582 1
-0.275402 0.314924 0.161666 2
0.152754 0.125846 -0.125837 3
-0.645476 0.058504 0.447173 2
-0.376720 0.228930 0.318317 2
0.258132 -0.021968 -0.187463 1
-0.328980 0.291981 0.240581 2
-0.618717 0.076398 0.473183 2
0.087293 0.090499 -0.110400 2
0.233849 -0.207126 -0.190424 3
0.316757 -0.518124 -0.240754 0
-0.471385 0.214092 0.307923 2
-0.096499 0.277991 0.035641 2
-0.222298 0.317659 0.167636 2
-0.103713 0.278096 0.068811 2
-0.584724 0.115244 0.392192 2
0.267912 -0.107248 -0.129688 1
-0.288497 0.311133 0.160966 2
-0.401418 0.250735 0.300131 2
0.239250 -0.173235 -0.167555 2
-0.566740 0.135320 0.413139 2
-0.216583 0.316990 0.201295 2
-0.632538 0.052025 0.493014 2
-0.050473 0.243823 0.028562 2
-0.395448 0.238254 0.307861 2
-0.236287 0.308519 0.114829 2
0.202138 -0.067742 -0.170825 3
0.285841 0.071409 -0.181590 1
0.130705 0.033913 -0.100326 2
0.362014 -0.718088 -0.276184 0
0.120859 0.043807 -0.110667 2
0.284501 -0.221728 -0.166341 0
-0.614312 0.071969 0.479394 2
0.367907 -0.790242 -0.275505 0
-0.664992 0.038124 0.474401 2
-0.189750 0.317700 0.153898 2
0.278984 -0.313776 -0.222282 0
-0.076351 0.263189 0.009348 2
0.203534 -0.046707 -0.155829 3
0.280847 -0.015432 -0.117321 1
-0.617382 0.081300 0.459222 2
0.255907 -0.186927 -0.184101 1
-0.603440 0.093759 0.442440 2
0.002393 0.196445 -0.016421 2
-0.520432 0.159881 0.409166 2
-0.441188 0.219154 0.336080 2
0.294972 -0.352455 -0.223248 0
0.084569 0.264716 -0.106388 3
0.275367 -0.259592 -0.196381 0
0.262414 0.084247 -0.198471 1
0.220985 -0.095100 -0.174916 3
0.175647 0.012155 -0.144250 3
-0.030646 0.244785 0.048819 2
0.103362 0.071327 -0.090142 2
0.274199 0.097468 -0.189187 1
-0.521900 0.164833 0.339997 2
0.161499 0.051087 -0.141529 3
-0.155780 0.303174 0.101889 2
0.137585 0.013250 -0.117199 2
0.353304 -0.637668 -0.256266 0
0.268086 0.038547 -0.196258 1
-0.632803 0.063906 0.453233 2
0.240112 -0.187364 -0.208982 1
0.366585 -0.770666 -0.269354 0
0.201038 -0.113742 -0.151902 2
0.213314 -0.080760 -0.174060 3
-0.003013 0.226622 0.028672 2
-0.627096 0.064875 0.496627 2
0.295556 -0.419201 -0.229232 0
0.210280 -0.161579 -0.167536 2
0.302808 -0.379812 -0.215007 0
0.360545 -0.645217 -0.267798 0
-0.182327 0.311379 0.082420 2
0.361372 -0.730665 -0.264484 0
-0.621047 0.066111 0.466695 2
0.291861 -0.333018 -0.196000 0
0.214222 -0.087905 -0.138208 2
0.102305 0.129336 -0.049460 2
-0.011614 0.208964 -0.018129 2
-0.560055 0.127075 0.387396 2
-0.343434 0.299772 0.186933 2
0.115431 0.064526 -0.089889 2
0.380805 -0.783073 -0.268949 0
-0.083007 0.269450 0.008875 2
0.101348 0.071533 -0.110482 2
0.176546 0.039055 -0.151183 3
0.261989 -0.226650 -0.196967 0
-0.161498 0.312642 0.140604 2
-0.416720 0.203867 0.338217 2
0.283887 -0.298839 -0.190971 0
0.353173 -0.625510 -0.268750 0
0.110596 0.230170 -0.115502 3
0.123763 0.197371 -0.117357 3
0.321073 -0.451814 -0.228677 0
0.034328 0.163253 -0.071284 2
0.263543 -0.266145 -0.217052 0
-0.553847 0.143228 0.419712 2
-0.506735 0.169780 0.406343 2
0.115045 0.056415 -0.096322 2
0.294366 0.018552 -0.136882 1
0.219337 -0.107776 -0.207942 1
-0.116635 0.288904 0.069086 2
0.169283 -0.047480 -0.143639 2
0.331943 -0.517826 -0.254353 0
0.248974 -0.220077 -0.223227 1
0.267534 -0.047485 -0.163272 1
0.063891 0.125551 -0.069581 2
0.182186 -0.074780 -0.156920 2
-0.038558 0.235668 0.008845 2
0.281646 -0.359072 -0.216459 0
-0.588127 0.107106 0.460779 2
-0.129799 0.297093 0.134569 2
0.236049 -0.199239 -0.173074 3
0.309973 -0.459367 -0.241476 0
0.014397 0.182618 -0.044819 2
-0.045762 0.250224 0.041709 2
0.308655 -0.458657 -0.225486 0
-0.605520 0.076336 0.499275 2
0.317703 -0.417506 -0.226675 0
0.233725 -0.160612 -0.201608 1
-0.102370 0.284317 0.109657 2
0.304998 0.104952 -0.148231 1
-0.593088 0.090498 0.492425 2
-0.514417 0.171425 0.399788 2
0.237097 0.010981 -0.209564 1
0.135280 0.051559 -0.089945 2
-0.288741 0.306433 0.148933 2
-0.482984 0.197524 0.331609 2
-0.189862 0.312017 0.088116 2
0.223165 -0.154194 -0.209920 1
0.116972 0.073890 -0.080299 2
0.261293 -0.272104 -0.210272 0
0.078539 0.100405 -0.110636 2
0.380005 -0.829318 -0.291755 0
0.269184 -0.285970 -0.215721 0
0.209066 -0.081124 -0.158986 3
0.089895 0.123997 -0.055820 2
0.271473 -0.181240 -0.161351 1
0.061919 0.124884 -0.090754 2
-0.055056 0.245895 0.021578 2
-0.309467 0.309287 0.187791 2
0.306907 0.078261 -0.123228 1
-0.010061 0.218482 0.008505 2
0.248367 -0.227121 -0.181898 3
0.358058 -0.612388 -0.256856 0
-0.354469 0.282961 0.246279 2
0.161790 0.063921 -0.136567 3
-0.268160 0.310119 0.181476 2
-0.466639 0.199161 0.361651 2
-0.455132 0.183227 0.378661 2
0.183649 -0.074890 -0.168999 2
-0.208049 0.320307 0.162939 2
-0.303639 0.298799 0.247844 2
0.361035 -0.757181 -0.275427 0
0.347418 -0.585735 -0.261064 0
-0.355210 0.250065 0.294036 2
-0.454813 0.216938 0.345984 2
-0.189492 0.311230 0.122098 2
-0.575624 0.113467 0.466070 2
-0.436273 0.204341 0.354744 2
0.279442 -0.274305 -0.189827 0
0.262172 0.057845 -0.198711 1
0.195079 -0.060661 -0.131447 2
0.181241 -0.008051 -0.148831 3
0.293134 -0.340645 -0.220095 0
-0.097161 0.283099 0.081515 2
0.095333 0.263027 -0.104199 3
0.136265 0.064826 -0.079640 2
-0.447732 0.205436 0.362272 2
-0.089867 0.272905 0.065769 2
0.115759 0.090755 -0.070747 2
-0.681234 0.020203 0.531813 2
0.354577 -0.704091 -0.268794 0
0.024765 0.171901 -0.037590 2
0.242377 -0.193505 -0.171832 3
0.261728 -0.253517 -0.209360 0
0.096232 0.078149 -0.110698 2
-0.263054 0.312475 0.166788 2
-0.394695 0.225604 0.316631 2
0.101424 0.251165 -0.116395 3
0.228182 -0.180921 -0.196070 3
0.089807 0.149301 -0.039039 2
-0.545413 0.155545 0.392151 2
0.050530 0.161708 -0.035898 2
-0.412795 0.254351 0.287166 2
-0.480558 0.190159 0.373765 2
0.209157 -0.113603 -0.162382 2
0.340645 -0.545213 -0.255462 0
0.276001 -0.207534 -0.165986 1
0.288486 -0.180060 -0.151992 1
0.286923 -0.333158 -0.221243 0
-0.354963 0.289796 0.214997 2
0.248505 0.024251 -0.204587 1
0.030762 0.164175 -0.063602 2
-0.256149 0.311484 0.134334 2
0.293979 -0.345728 -0.203788 0
-0.493620 0.190073 0.373891 2
0.219342 -0.168061 -0.178464 2
-0.453101 0.228750 0.280573 2
-0.301348 0.300847 0.220711 2
0.149576 -0.008255 -0.137394 2
0.263363 -0.139657 -0.150667 1
0.181986 -0.028882 -0.121502 2
-0.108775 0.288355 0.024872 2
-0.111036 0.294172 0.103276 2
0.323799 -0.564784 -0.250252 0
-0.315473 0.296402 0.227140 2
0.169700 0.032435 -0.139131 3
0.309665 0.138230 -0.146358 1
-0.546646 0.149110 0.367481 2
-0.163733 0.308854 0.082429 2
-0.533326 0.152023 0.342459 2
0.230082 -0.199816 -0.182799 2
-0.321983 0.294746 0.233674 2
-0.368722 0.276737 0.254364 2
-0.428317 0.229659 0.332876 2
0.042879 0.151195 -0.083805 2
0.255277 -0.087254 -0.176769 1
-0.408351 0.241986 0.313525 2
0.115243 0.190995 -0.117494 3
-0.442116 0.197183 0.367447 2
0.304235 0.077018 -0.131961 1
0.287604 -0.213851 -0.164593 1
-0.455153 0.223788 0.287153 2
-0.546415 0.150886 0.407018 2
-0.620374 0.077664 0.440348 2
0.244559 -0.254239 -0.189707 0
-0.561575 0.132131 0.367339 2
0.247053 -0.120721 -0.182031 1
-0.467827 0.189400 0.371713 2
-0.429447 0.245860 0.267589 2
0.252630 -0.080955 -0.181852 1
0.259946 -0.174219 -0.169681 1
-0.322053 0.284136 0.268385 2
0.230595 -0.181841 -0.226514 1
0.377841 -0.816378 -0.273965 0
-0.175467 0.311388 0.094870 2
0.182133 0.005651 -0.159069 3
-0.276102 0.310591 0.147959 2
-0.023089 0.225198 0.014424 2
-0.414545 0.237132 0.320792 2
0.301340 -0.439239 -0.229791 0
0.281130 -0.326142 -0.204683 0
0.352967 -0.658894 -0.270108 0
-0.288238 0.304351 0.207344 2
-0.382773 0.225825 0.313503 2
0.146000 0.143979 -0.122653 3
0.035186 0.193708 -0.005514 2
0.263273 -0.067204 -0.143874 1
0.173219 -0.056075 -0.167729 2
-0.521264 0.171031 0.367181 2
-0.674128 0.032260 0.486135 2
-0.375607 0.264981 0.281164 2
0.287011 -0.306575 -0.209767 0
0.334420 -0.511443 -0.249761 0
0.285807 -0.161809 -0.142882 1
-0.468538 0.176029 0.393216 2
0.167902 -0.001214 -0.110240 2
-0.348342 0.271206 0.276768 2
0.293127 0.077934 -0.169456 1
-0.256310 0.311384 0.193437 2
0.387508 -0.810459 -0.283074 0
0.348584 -0.651086 -0.257287 0
-0.510807 0.166557 0.339813 2
-0.064846 0.256585 -0.004349 2
-0.122673 0.291434 0.047632 2
-0.261474 0.315395 0.155043 2
-0.620191 0.069761 0.458586 2
0.231881 -0.047657 -0.207746 1
0.292972 0.117969 -0.169582 1
0.143169 0.118056 -0.125310 3
-0.408430 0.223022 0.321122 2
-0.348738 0.278320 0.267827 2
0.156571 0.104286 -0.137807 3
0.257286 -0.095341 -0.170904 1
0.300622 0.071631 -0.156645 1
-0.319437 0.300194 0.214790 2
-0.572241 0.128960 0.425531 2
-0.569268 0.126801 0.379974 2
0.381584 -0.776371 -0.276310 0
0.301167 0.058554 -0.143084 1
0.181582 -0.061166 -0.136363 2
0.237375 -0.219716 -0.188084 3
0.174562 0.025782 -0.139908 3
-0.041069 0.231837 -0.017162 2
0.373598 -0.743886 -0.281125 0
0.249470 -0.040961 -0.190742 1
-0.287866 0.304529 0.229978 2
0.118300 0.046343 -0.097862 2
-0.065230 0.255243 0.022504 2
-0.025052 0.221974 0.003400 2
-0.362537 0.271623 0.273841 2
0.152632 0.043941 -0.089780 2
0.275147 -0.029555 -0.112738 1
0.192633 -0.101942 -0.156624 2
0.211245 -0.107434 -0.174404 2
0.119566 0.209338 -0.116151 3
0.314472 -0.425552 -0.223141 0
-0.598225 0.102505 0.419618 2
0.326772 -0.524250 -0.251877 0
0.095939 0.112576 -0.059300 2
0.321282 -0.471665 -0.245717 0
-0.427074 0.213267 0.335540 2
-0.448006 0.189263 0.365405 2
0.303403 0.064774 -0.117414 1
0.254042 -0.242302 -0.188319 0
0.279223 0.025567 -0.182677 1
-0.294355 0.311645 0.168535 2
-0.506670 0.183469 0.340615 2
0.335739 -0.498720 -0.242700 0
-0.495212 0.171296 0.406314 2
-0.320424 0.292905 0.241578 2
0.062511 0.330467 -0.096422 3
0.318510 -0.505752 -0.245104 0
0.142810 0.144540 -0.130051 3
-0.461937 0.204240 0.367619 2
-0.078910 0.274637 0.088560 2
0.255693 -0.161200 -0.176573 1
-0.208481 0.320367 0.186513 2
0.198063 -0.061906 -0.163963 3
-0.029654 0.225126 -0.004176 2
0.185808 -0.009678 -0.156978 3
0.214777 -0.101343 -0.143851 2
-0.354365 0.261122 0.291630 2
0.008178 0.189200 -0.030726 2
0.099604 0.256407 -0.105829 3
-0.677636 0.028370 0.496604 2
-0.077656 0.275237 0.075762 2
0.287232 -0.000768 -0.117165 1
0.299543 0.038591 -0.117153 1
0.365566 -0.664818 -0.264111 0
-0.343075 0.285474 0.248084 2
0.288415 0.005278 -0.143164 1
0.011086 0.185914 -0.051346 2
-0.235779 0.316203 0.175073 2
0.279832 -0.020723 -0.136137 1
-0.657251 0.037009 0.519690 2
-0.554622 0.124923 0.465076 2
0.098886 0.223652 -0.112189 3
-0.454515 0.224962 0.321169 2
0.308455 0.097465 -0.131003 1
-0.665884 0.030721 0.506764 2
-0.578932 0.115537 0.452460 2
0.263586 -0.207338 -0.177154 1
0.298603 0.090697 -0.161290 1
0.279277 -0.272990 -0.202851 0
0.281891 -0.286165 -0.189675 0
0.248961 -0.073837 -0.184847 1
0.215445 -0.134383 -0.214801 1
0.299453 -0.352824 -0.216638 0
-0.591777 0.109613 0.406742 2
0.068935 0.303832 -0.103807 3
0.244521 -0.205833 -0.216653 1
0.313856 0.150769 -0.150155 1
-0.080643 0.265178 0.015785 2
0.288824 -0.378789 -0.211386 0
0.275735 -0.020238 -0.156536 1
0.190175 -0.008846 -0.147600 3
0.302619 0.071627 -0.143246 1
0.259035 -0.051727 -0.180918 1
-0.637292 0.067974 0.435102 2
-0.524611 0.149454 0.440560 2
0.348873 -0.644983 -0.268230 0
-0.209099 0.317607 0.175639 2
-0.447453 0.203888 0.353427 2
-0.142921 0.301618 0.060981 2
-0.572718 0.122734 0.373589 2
0.295504 0.111260 -0.163962 1
0.239488 -0.088127 -0.194346 1
0.243747 -0.173272 -0.192228 1
-0.109642 0.284705 0.048672 2
-0.289826 0.302872 0.259384 2
0.270641 -0.324690 -0.206692 0
-0.647150 0.046948 0.481686 2
0.148241 0.130380 -0.130569 3
-0.230121 0.311404 0.212199 2
0.258682 -0.242052 -0.213503 0
0.391048 -0.803022 -0.285586 0
0.314208 0.130752 -0.137046 1
0.298301 0.038797 -0.148547 1
-0.030394 0.229845 0.015067 2
-0.335504 0.278863 0.269193 2
-0.473939 0.210096 0.300890 2
0.315326 0.144084 -0.144091 1
-0.083113 0.269057 0.061372 2
0.275586 0.111386 -0.183560 1
0.256654 -0.219887 -0.198413 3
-0.528462 0.154015 0.416609 2
0.256770 -0.153955 -0.169766 1
0.028109 0.182014 -0.023401 2
-0.428534 0.236649 0.313814 2
0.042765 0.199738 0.000786 2
-0.486130 0.202559 0.326379 2
0.217750 -0.126325 -0.177034 3
0.322387 -0.551930 -0.246994 0
-0.135491 0.298800 0.042728 2
