-0.416676 0.247342 -0.282299 2
0.580125 -0.589091 -0.308791 0
-0.477261 -0.695431 0.528552 3
0.453874 0.185486 -0.287856 1
-0.101408 -0.045271 0.335795 3
0.109538 0.209786 0.016803 3
0.456991 -0.212087 -0.246809 0
-0.322252 -0.366738 0.375385 3
-0.056258 0.372148 -0.287361 2
0.190037 0.257117 -0.242412 2
-0.057410 0.133277 0.175599 3
0.362383 -0.009064 -0.223110 2
0.512467 -0.401349 -0.284087 0
-0.365305 -0.540768 0.467778 3
-0.225421 -0.201512 0.318404 3
-0.246198 0.343475 -0.262265 2
-0.550767 0.110044 -0.308002 2
0.290375 0.140822 -0.139100 3
0.065652 0.329049 -0.217653 2
-0.146300 0.042200 0.237940 3
0.478698 0.047626 -0.268005 1
0.216221 0.199417 -0.052596 3
0.051212 0.183702 0.133387 3
0.456927 -0.087025 -0.235942 1
0.318083 0.103001 -0.250249 2
-0.248939 -0.281121 0.400951 3
-0.052881 0.090518 0.284132 3
-0.303948 0.248920 -0.289306 2
-0.300814 -0.449387 0.454341 3
-0.460712 -0.598634 0.467552 3
-0.200640 -0.091811 0.316135 3
-0.466588 0.155481 -0.267504 2
0.255222 0.180187 -0.226665 2
-0.148663 0.365412 -0.242984 2
0.485984 -0.303613 -0.282892 0
0.549427 -0.495044 -0.288266 0
0.407994 0.104146 -0.278165 1
-0.372604 -0.474209 0.408030 3
-0.181827 -0.152991 0.377175 3
-0.177183 -0.030755 0.263732 3
0.125719 0.303256 -0.266091 2
-0.100467 0.027044 0.300941 3
-0.009633 0.351574 -0.227167 2
0.403836 -0.045823 -0.277789 1
-0.182088 0.342361 -0.307169 2
0.333413 0.090321 -0.177163 3
0.048068 0.199323 0.059572 3
0.014984 0.147321 0.190647 3
0.448533 -0.143942 -0.282340 1
0.407700 0.031610 -0.263099 1
-0.093794 0.092441 0.222113 3
-0.255472 0.294228 -0.313599 2
0.233628 0.176834 -0.117688 3
-0.428358 -0.544964 0.436412 3
-0.016897 0.160313 0.125649 3
0.468080 -0.020208 -0.252291 1
-0.216640 -0.209461 0.395852 3
-0.264941 -0.348364 0.408702 3
-0.361272 0.209115 -0.273583 2
0.473687 0.119188 -0.280725 1
-0.360347 0.283777 -0.275468 2
-0.289445 -0.307712 0.354579 3
-0.513424 0.163922 -0.316294 2
0.153185 0.198205 -0.035259 3
-0.025566 0.129158 0.237598 3
-0.330677 -0.426130 0.399140 3
-0.247199 -0.258141 0.339867 3
0.028129 0.333551 -0.276013 2
-0.306196 0.316585 -0.268454 2
-0.119702 0.378425 -0.297756 2
-0.149785 -0.093119 0.351107 3
-0.230794 -0.139262 0.341571 3
0.135929 0.270701 -0.214858 2
0.349051 0.049845 -0.248466 2
0.109867 0.209015 0.077638 3
-0.087301 0.356719 -0.238254 2
-0.407385 -0.587411 0.491402 3
-0.148901 -0.072007 0.295823 3
-0.441350 -0.632330 0.511927 3
-0.416883 0.186159 -0.273009 2
-0.290047 -0.398264 0.428603 3
0.280903 0.131428 -0.210801 2
-0.520960 0.134880 -0.265998 2
-0.336819 -0.494861 0.449364 3
0.217491 0.222658 -0.206140 2
-0.186349 -0.146763 0.307267 3
-0.142772 -0.011036 0.303765 3
0.406240 -0.096470 -0.251870 0
-0.463914 0.211308 -0.279719 2
0.470657 -0.252283 -0.279862 0
0.547884 -0.546511 -0.302490 0
-0.489112 -0.655152 0.495800 3
0.506050 -0.350631 -0.273549 0
0.078508 0.325250 -0.267682 2
-0.095559 0.063883 0.265175 3
-0.199500 0.360094 -0.248655 2
0.384899 -0.055200 -0.230382 0
0.527196 -0.448785 -0.294744 0
0.442619 -0.138932 -0.232148 1
0.012603 0.191695 0.094711 3
0.160882 0.209190 0.012263 3
-0.388504 -0.514764 0.431010 3
0.232353 0.219874 -0.251945 2
-0.192443 -0.196132 0.356735 3
0.346703 0.047570 -0.201306 3
-0.236587 -0.179852 0.364568 3
0.437537 0.067583 -0.276517 1
0.431127 0.145063 -0.285049 1
-0.224232 0.325374 -0.299607 2
-0.015306 0.357495 -0.272798 2
-0.251648 -0.224900 0.369800 3
0.103757 0.305514 -0.221380 2
-0.193447 -0.117671 0.352420 3
0.423363 -0.009456 -0.257051 1
-0.504168 0.179062 -0.275852 2
0.077088 0.188478 0.098428 3
0.282576 0.149393 -0.250292 2
-0.277976 -0.267441 0.369004 3
-0.158897 -0.113372 0.304697 3
-0.153465 0.010802 0.268244 3
-0.144109 -0.045337 0.330877 3
-0.086437 -0.004811 0.325856 3
0.461299 -0.190902 -0.283687 0
0.316506 0.073377 -0.216956 2
-0.069708 0.056409 0.304367 3
0.291697 0.114599 -0.172404 3
0.023455 0.155982 0.149219 3
-0.223447 -0.257709 0.376676 3
-0.331677 -0.458145 0.426722 3
-0.056903 0.101433 0.243356 3
0.438963 -0.050590 -0.247017 1
-0.191824 -0.064565 0.285427 3
-0.045778 0.364678 -0.243981 2
-0.324532 0.284506 -0.297595 2
0.189554 0.213281 -0.020950 3
0.164964 0.286287 -0.258803 2
-0.159521 0.367764 -0.283714 2
-0.021104 0.152339 0.170909 3
0.431384 -0.102648 -0.283885 1
-0.299084 -0.334987 0.387282 3
-0.480386 0.142574 -0.303317 2
0.029305 0.345938 -0.217878 2
0.207307 0.190425 -0.090613 3
0.453737 0.016387 -0.259969 1
-0.373857 0.248880 -0.288228 2
-0.082650 0.105227 0.186441 3
-0.267060 0.320347 -0.286721 2
0.134277 0.213966 0.046749 3
0.270912 0.166705 -0.114407 3
0.437449 -0.174503 -0.258138 0
-0.254671 -0.314985 0.383447 3
0.079830 0.199144 0.038352 3
0.177731 0.245716 -0.208137 2
0.369002 0.015775 -0.251285 2
-0.288284 -0.376037 0.396905 3
-0.516010 0.125436 -0.310135 2
0.396921 0.067305 -0.270548 1
0.180480 0.200254 -0.065342 3
-0.122871 0.068196 0.223087 3
-0.433619 -0.572694 0.464435 3
-0.164310 -0.135105 0.335407 3
-0.206235 -0.168599 0.335271 3
0.389293 -0.024112 -0.250977 0
-0.553370 0.114806 -0.271034 2
-0.399292 -0.556316 0.472518 3
-0.217724 -0.227698 0.355151 3
-0.126168 0.035616 0.269022 3
-0.124208 -0.075592 0.325077 3
-0.396445 0.217049 -0.285158 2
-0.095146 0.376071 -0.270924 2
-0.288700 0.289810 -0.293836 2
-0.050678 0.122234 0.212400 3
-0.169531 -0.035769 0.298613 3
-0.331299 0.229634 -0.276045 2
-0.173200 -0.072971 0.329770 3
0.474158 0.082142 -0.275437 1
-0.204871 -0.175140 0.391994 3
0.419170 -0.128380 -0.258212 0
0.046985 0.337383 -0.246749 2
-0.317528 -0.392397 0.405843 3
0.127335 0.207677 -0.014359 3
-0.475601 0.176743 -0.294829 2
0.467390 0.153979 -0.285490 1
-0.305939 -0.428232 0.423180 3
-0.206103 0.349494 -0.283195 2
-0.359027 -0.444956 0.396585 3
0.240085 0.188420 -0.081615 3
-0.015184 0.142993 0.205558 3
-0.467525 -0.628818 0.481424 3
0.301069 0.105273 -0.217727 2
0.010773 0.180138 0.129532 3
-0.120563 0.006201 0.284891 3
0.443470 0.099598 -0.282484 1
0.368710 0.026614 -0.213848 3
0.045014 0.200047 0.092139 3
-0.117635 -0.018346 0.323385 3
0.015880 0.349051 -0.247205 2
0.558307 -0.587224 -0.285041 0
-0.342701 0.259154 -0.289876 2
-0.448303 0.181418 -0.278621 2
-0.209643 -0.122702 0.324312 3
0.259854 0.154730 -0.141839 3
0.415475 -0.075887 -0.277477 1
-0.262446 -0.288354 0.350959 3
-0.176467 -0.164252 0.348074 3
-0.361665 -0.494062 0.430098 3
-0.237171 -0.230744 0.328209 3
-0.125886 0.371100 -0.267740 2
-0.117831 0.363396 -0.237386 2
-0.314965 -0.478123 0.463997 3
0.490451 -0.273022 -0.267908 0
0.465966 -0.221036 -0.277852 0
-0.282816 -0.302049 0.385451 3
0.235090 0.197266 -0.206839 2
-0.427106 0.217905 -0.283654 2
0.406179 -0.061002 -0.251473 0
0.134399 0.292514 -0.238937 2
0.078662 0.205145 0.073025 3
0.332656 0.077268 -0.242278 2
0.163994 0.270124 -0.226127 2
-0.364424 -0.515353 0.452043 3
-0.134982 -0.039548 0.299827 3
0.394279 0.005359 -0.264833 1
0.437079 -0.107817 -0.242620 1
-0.391323 -0.534706 0.452540 3
0.207330 0.232974 -0.231703 2
-0.174709 -0.102259 0.326781 3
-0.077529 0.086820 0.262189 3
-0.241479 -0.283983 0.372916 3
-0.494383 -0.681295 0.509666 3
0.532613 -0.422820 -0.282918 0
0.299036 0.129307 -0.237529 2
-0.387733 0.192882 -0.271920 2
0.467838 -0.050453 -0.246608 1
-0.330303 0.301807 -0.273763 2
0.096544 0.316914 -0.246695 2
-0.158389 0.016368 0.239934 3
0.510208 -0.373766 -0.291244 0
0.104159 0.211106 0.047240 3
-0.269413 0.270776 -0.302598 2
0.267999 0.160190 -0.211013 2
-0.429564 -0.609384 0.500084 3
-0.205431 -0.143178 0.365230 3
-0.236515 -0.236719 0.390474 3
-0.078720 0.026298 0.318869 3
0.318685 0.111207 -0.165301 3
0.430274 -0.076629 -0.252880 1
-0.169722 -0.129965 0.362378 3
-0.118813 0.057817 0.248755 3
0.248147 0.196781 -0.251643 2
-0.333475 -0.402606 0.384411 3
-0.494767 0.144451 -0.265855 2
-0.002728 0.167205 0.150059 3
0.443121 0.041662 -0.268476 1
-0.277700 0.330972 -0.263595 2
-0.157871 -0.018519 0.280556 3
0.307112 0.094417 -0.183907 3
0.543963 -0.468429 -0.285323 0
0.564174 -0.567260 -0.312555 0
0.461972 -0.241342 -0.256523 0
0.544700 -0.519718 -0.298669 0
-0.174899 0.367707 -0.257166 2
0.499075 -0.323982 -0.270722 0
-0.071659 0.369013 -0.259495 2
-0.219667 -0.200762 0.356379 3
-0.272420 -0.376744 0.418602 3
0.445349 -0.165828 -0.234178 1
-0.390405 -0.490501 0.420102 3
-0.071369 0.106220 0.217485 3
-0.412420 -0.525635 0.426599 3
-0.091966 0.052347 0.290399 3
0.418194 -0.035490 -0.257075 1
-0.168010 -0.009736 0.250438 3
-0.081284 0.383359 -0.292294 2
-0.389357 0.267283 -0.277588 2
-0.040489 0.109406 0.262138 3
0.264224 0.171633 -0.249562 2
-0.112988 0.006159 0.310124 3
0.343602 0.031425 -0.221475 2
-0.260980 -0.303574 0.406229 3
-0.028323 0.146545 0.144464 3
-0.101205 0.074192 0.238971 3
-0.076691 0.072331 0.284170 3
0.335352 0.057247 -0.226060 2
0.161199 0.210906 -0.014185 3
-0.233286 0.301159 -0.299648 2
0.135234 0.212401 0.016398 3
-0.303856 -0.330211 0.362392 3
0.029274 0.190135 0.114649 3
-0.279831 -0.324808 0.371148 3
0.073023 0.325996 -0.242041 2
-0.308898 -0.360912 0.396415 3
0.444208 -0.149257 -0.257725 0
0.227548 0.212202 -0.227160 2
0.383708 -0.023032 -0.223585 0
-0.257308 -0.252811 0.366534 3
0.331967 0.071316 -0.193955 3
0.103585 0.316140 -0.271017 2
-0.294064 0.314487 -0.292291 2
0.052788 0.328193 -0.274580 2
-0.355402 0.232397 -0.282991 2
-0.144165 0.367881 -0.303731 2
0.477998 0.022893 -0.262275 1
-0.294089 -0.422252 0.444609 3
0.205700 0.240795 -0.255443 2
-0.219622 0.353194 -0.262471 2
-0.520449 0.160331 -0.273060 2
-0.296648 -0.356787 0.375088 3
0.253157 0.180242 -0.102565 3
-0.178014 -0.056799 0.308938 3
0.003962 0.342405 -0.277212 2
0.450154 0.129111 -0.283958 1
-0.224490 -0.159882 0.356154 3
-0.142970 -0.097978 0.327752 3
-0.035851 0.139615 0.186275 3
-0.101269 0.090048 0.198586 3
-0.484129 0.197005 -0.279162 2
-0.199724 -0.143978 0.332183 3
0.426276 0.015445 -0.261160 1
0.010948 0.162615 0.170106 3
-0.148477 -0.071321 0.323585 3
0.277848 0.135307 -0.159588 3
-0.210123 -0.177359 0.312758 3
0.419159 0.052322 -0.271484 1
-0.169860 -0.107365 0.353245 3
0.450532 -0.189045 -0.239342 0
0.446204 -0.200760 -0.267352 0
-0.040830 0.368125 -0.267483 2
-0.445571 0.156846 -0.279357 2
-0.241252 -0.237009 0.351183 3
-0.351564 -0.463564 0.414132 3
-0.275132 0.305893 -0.305863 2
-0.465998 -0.674814 0.523309 3
-0.020619 0.359997 -0.246815 2
0.413637 0.129821 -0.278787 1
-0.415267 -0.556016 0.454647 3
0.175787 0.203757 -0.040736 3
-0.241738 0.331541 -0.284780 2
0.451591 -0.169970 -0.278077 0
0.444375 -0.020440 -0.251213 1
-0.178396 -0.125910 0.299346 3
0.419086 0.082128 -0.279328 1
-0.060406 0.115071 0.192068 3
-0.497746 0.179855 -0.308687 2
-0.266616 -0.334722 0.388396 3
-0.184758 0.360188 -0.277115 2
-0.246760 -0.200862 0.366812 3
-0.201214 0.325949 -0.303352 2
-0.002221 0.173179 0.111505 3
0.302057 0.128934 -0.155332 3
-0.185356 -0.122851 0.325208 3
-0.342690 -0.477550 0.435031 3
-0.162341 -0.090673 0.308170 3
0.060063 0.194440 0.112805 3
0.375888 -0.004980 -0.244012 2
-0.244086 -0.258073 0.394524 3
-0.120384 -0.014815 0.300175 3
-0.365439 0.269307 -0.294311 2
-0.305170 0.271432 -0.293336 2
-0.183802 -0.080196 0.300113 3
-0.534093 0.138672 -0.314438 2
-0.119056 -0.051095 0.322609 3
-0.319441 -0.464446 0.444765 3
0.437253 -0.124161 -0.279689 1
-0.267541 -0.288650 0.375413 3
0.577633 -0.575450 -0.285571 0
-0.154025 -0.049649 0.307429 3
-0.198093 -0.104894 0.334370 3
0.437046 0.170474 -0.287377 1
0.276046 0.147421 -0.227736 2
-0.300016 -0.406218 0.410038 3
-0.325196 0.245862 -0.295860 2
0.462581 0.063034 -0.273306 1
0.079788 0.311938 -0.214328 2
0.122611 0.290520 -0.219971 2
0.396985 -0.025240 -0.272197 1
-0.144775 0.027292 0.254569 3
-0.078853 0.090669 0.240195 3
-0.311385 0.299974 -0.288207 2
0.356605 0.016183 -0.231383 2
0.474323 0.001328 -0.257887 1
0.037733 0.166144 0.130656 3
-0.108594 0.048077 0.274652 3
0.425486 -0.096955 -0.263200 1
-0.439180 -0.592630 0.472445 3
-0.313136 -0.385132 0.383693 3
0.096192 0.198945 0.091770 3
-0.447340 0.226226 -0.280743 2
-0.210137 -0.190260 0.336390 3
-0.428841 0.167918 -0.270068 2
-0.031941 0.132861 0.216279 3
-0.138829 -0.025844 0.319371 3
-0.133574 -0.066049 0.342319 3
-0.382456 -0.567267 0.481020 3
0.114376 0.305474 -0.241532 2
-0.479778 0.171969 -0.272794 2
-0.267319 -0.267442 0.347456 3
-0.273031 -0.360936 0.392938 3
-0.034717 0.349920 -0.232577 2
-0.041694 0.115702 0.232354 3
-0.038614 0.136077 0.160370 3
0.315655 0.088920 -0.231949 2
0.196771 0.205990 -0.045875 3
-0.143574 0.000754 0.284598 3
0.565032 -0.556463 -0.293913 0
0.144869 0.295211 -0.257576 2
-0.204213 -0.217135 0.368182 3
-0.441148 0.201588 -0.280936 2
-0.058688 0.098200 0.264883 3
-0.324148 -0.438418 0.418088 3
-0.442068 -0.563692 0.446874 3
-0.094899 -0.025387 0.331053 3
-0.473087 -0.641296 0.498814 3
-0.467974 0.155425 -0.291544 2
-0.286193 0.261806 -0.291403 2
-0.322452 -0.412311 0.413200 3
-0.162462 0.356962 -0.303455 2
-0.184495 -0.045492 0.279531 3
0.381325 0.000536 -0.224218 0
-0.154243 0.369780 -0.263021 2
0.403193 -0.071092 -0.233037 0
0.251544 0.167071 -0.123526 3
0.181115 0.269599 -0.257053 2
0.561689 -0.534675 -0.291662 0
-0.505908 0.145201 -0.309909 2
0.470014 -0.268586 -0.265130 0
-0.033722 0.361399 -0.286107 2
-0.174423 -0.088662 0.344773 3
-0.396701 0.237920 -0.287673 2
0.454804 -0.066640 -0.240561 1
-0.256436 -0.240563 0.333045 3
-0.190265 -0.179652 0.343220 3
-0.162288 -0.055474 0.326144 3
-0.063852 0.356911 -0.236815 2
0.196765 0.242510 -0.216241 2
0.279090 0.159660 -0.132339 3
0.431570 0.119506 -0.283877 1
-0.344477 -0.513973 0.458170 3
-0.312374 -0.447294 0.435269 3
0.222777 0.194730 -0.071990 3
-0.117811 0.026333 0.289578 3
-0.224849 -0.215720 0.335391 3
0.476527 -0.287964 -0.271008 0
-0.544132 0.133144 -0.268898 2
0.227769 0.183974 -0.097566 3
-0.003875 0.153956 0.185579 3
-0.233568 -0.215432 0.360463 3
-0.201692 -0.195494 0.392084 3
0.393732 0.047291 -0.266922 1
0.242039 0.195979 -0.226538 2
-0.136735 0.019089 0.276880 3
0.026814 0.176171 0.144917 3
0.201750 0.195985 -0.071615 3
0.393033 -0.045642 -0.247785 0
0.010744 0.349307 -0.226371 2
-0.199600 -0.160093 0.316232 3
0.121175 0.216592 0.062362 3
-0.490705 0.160169 -0.304846 2
-0.373496 0.221884 -0.283816 2
0.050741 0.171996 0.116038 3
0.152744 0.283966 -0.241651 2
-0.102441 0.371867 -0.252325 2
-0.341757 0.279220 -0.286256 2
0.029604 0.204717 0.079694 3
-0.210738 -0.127476 0.344050 3
0.448766 -0.117908 -0.229430 1
-0.247313 0.316023 -0.296601 2
0.047099 0.341356 -0.226335 2
-0.156748 -0.117194 0.340914 3
-0.138641 0.373282 -0.283239 2
-0.349717 -0.427801 0.391445 3
-0.002070 0.356216 -0.257614 2
-0.452235 -0.578707 0.455620 3
0.540327 -0.480076 -0.301326 0
0.059748 0.201116 0.078579 3
0.070590 0.197168 0.055979 3
-0.242237 -0.298401 0.386705 3
-0.224300 0.341331 -0.283240 2
0.456298 -0.183999 -0.263492 0
-0.297147 -0.315324 0.381655 3
-0.256581 0.284829 -0.296106 2
-0.458877 -0.610592 0.483314 3
0.496686 -0.335422 -0.286736 0
0.461394 0.034900 -0.265110 1
0.111307 0.207569 -0.002828 3
-0.404458 0.196018 -0.284768 2
-0.095104 0.010720 0.317049 3
0.254017 0.176650 -0.207338 2
-0.136280 0.062086 0.236082 3
0.416120 -0.112972 -0.246529 0
-0.102565 0.382246 -0.287954 2
0.097157 0.199674 0.029306 3
-0.213334 -0.236515 0.371990 3
-0.235607 -0.252830 0.362234 3
0.121616 0.212523 0.031794 3
0.152223 0.260139 -0.213907 2
0.561412 -0.593267 -0.305671 0
0.437777 -0.128352 -0.252646 1
0.004644 0.141540 0.205877 3
0.477609 -0.237472 -0.267114 0
-0.214593 -0.104452 0.320584 3
0.359415 0.032009 -0.247286 2
0.455327 0.083066 -0.279344 1
0.465209 -0.205951 -0.263104 0
-0.082596 0.042191 0.305611 3
-0.118570 -0.035808 0.334257 3
-0.008416 0.135183 0.221727 3
0.144976 0.209456 -0.004150 3
-0.339616 -0.448644 0.412199 3
0.523318 -0.387087 -0.277541 0
0.263286 0.163138 -0.229465 2
-0.113402 0.080743 0.212308 3
0.454048 -0.004364 -0.254519 1
-0.324440 0.264106 -0.301184 2
-0.280964 -0.285221 0.347955 3
-0.533929 0.118834 -0.308075 2
-0.315404 -0.349986 0.369689 3
-0.187946 -0.129314 0.367434 3
-0.173762 -0.134449 0.315483 3
-0.255660 -0.272883 0.361189 3
-0.189893 -0.071724 0.315771 3
-0.255704 -0.325751 0.400799 3
-0.199640 -0.158933 0.384084 3
-0.410044 -0.541653 0.438863 3
-0.271854 -0.303990 0.359687 3
-0.133587 0.046946 0.252314 3
-0.402123 -0.571456 0.483242 3
-0.216263 -0.180184 0.350866 3
0.087895 0.207172 0.056941 3
0.178831 0.258851 -0.226331 2
0.425642 -0.148055 -0.258044 0
-0.213332 -0.150632 0.344502 3
0.308168 0.109343 -0.235894 2
-0.289260 -0.391115 0.409586 3
-0.201114 0.358943 -0.267085 2
0.465620 0.102502 -0.280794 1
0.399500 0.088166 -0.274192 1
0.454166 -0.035572 -0.246939 1
0.499207 -0.299216 -0.270718 0
-0.085730 0.100651 0.207248 3
-0.401293 -0.505380 0.421219 3
0.349893 0.066901 -0.194538 3
-0.372721 -0.506410 0.438147 3
0.177432 0.211388 -0.005594 3
0.517117 -0.418201 -0.291606 0
-0.063530 0.115586 0.174013 3
-0.149442 -0.076482 0.341109 3
-0.262461 0.335077 -0.272841 2
-0.391310 0.254872 -0.291575 2
-0.467023 0.191035 -0.287530 2
0.146503 0.210724 0.030557 3
0.549841 -0.530242 -0.312562 0
0.515811 -0.365887 -0.274792 0
-0.411849 0.228224 -0.286293 2
-0.412645 -0.571603 0.463318 3
-0.288563 0.322852 -0.275453 2
-0.326620 -0.480056 0.450200 3
-0.071520 0.377595 -0.278333 2
0.065335 0.332007 -0.257145 2
0.308151 0.119811 -0.250487 2
-0.287021 -0.288974 0.373916 3
-0.382175 -0.520379 0.446756 3
0.170208 0.273014 -0.242627 2
0.449995 0.150120 -0.286510 1
-0.174429 -0.149771 0.334708 3
0.040650 0.338191 -0.264235 2
-0.153392 -0.030426 0.310267 3
-0.018893 0.164197 0.142787 3
-0.162549 -0.007013 0.267969 3
-0.138639 -0.057228 0.318996 3
-0.460483 0.171456 -0.286595 2
-0.175134 -0.066796 0.290676 3
-0.286017 -0.340415 0.376877 3
-0.212240 0.338622 -0.295714 2
0.394507 -0.030524 -0.235225 0
-0.176338 0.360244 -0.292455 2
0.413005 -0.076440 -0.247057 0
0.424055 0.098580 -0.282102 1
0.424722 -0.056205 -0.255287 1
-0.387961 -0.544278 0.467097 3
-0.051093 0.130056 0.191455 3
0.391236 0.026675 -0.265599 1
0.410882 -0.061308 -0.268169 1
0.408059 -0.020019 -0.259928 1
0.145655 0.282645 -0.225909 2
-0.369127 -0.458422 0.400569 3
0.296626 0.121365 -0.222353 2
0.558085 -0.577233 -0.299147 0
-0.205700 -0.210738 0.352195 3
0.536694 -0.445800 -0.280624 0
-0.356639 0.249919 -0.285637 2
-0.102800 -0.009757 0.321669 3
-0.175227 -0.031372 0.282910 3
0.439879 0.005355 -0.258113 1
0.140935 0.202358 -0.023932 3
-0.298457 -0.438048 0.439229 3
0.454135 0.166648 -0.288460 1
0.429275 -0.113098 -0.267481 1
0.274753 0.146728 -0.144503 3
-0.161761 0.005849 0.253538 3
0.477875 -0.267728 -0.280422 0
-0.106351 -0.029882 0.317868 3
-0.503715 0.160206 -0.269887 2
0.340073 0.064150 -0.250335 2
-0.019190 0.142030 0.188424 3
-0.065155 0.083124 0.275059 3
0.456156 -0.220569 -0.264059 0
-0.133275 0.371756 -0.252536 2
0.367608 0.006385 -0.216272 3
0.221586 0.227619 -0.241477 2
0.481618 -0.253693 -0.264711 0
-0.302927 -0.370664 0.382311 3
-0.165105 -0.087319 0.326214 3
-0.001438 0.168601 0.128555 3
0.257960 0.186672 -0.241943 2
0.320849 0.083437 -0.190471 3
0.437973 -0.087559 -0.242692 1
0.032657 0.344359 -0.241449 2
-0.355775 -0.500154 0.444582 3
0.091668 0.316224 -0.225906 2
-0.360943 -0.478887 0.419122 3
-0.379070 0.206417 -0.276666 2
0.528033 -0.432197 -0.296645 0
-0.483138 0.191535 -0.296700 2
-0.195264 0.348499 -0.295866 2
-0.089478 0.075349 0.254691 3
0.240748 0.207964 -0.241725 2
-0.056527 0.109718 0.227629 3
-0.429867 0.237166 -0.282015 2
0.072921 0.201693 0.088756 3
0.433994 -0.035434 -0.251824 1
-0.270255 -0.309571 0.377653 3
0.332707 0.055514 -0.205214 3
-0.318249 -0.407146 0.398062 3
-0.531976 0.146143 -0.271022 2
-0.373371 0.273837 -0.277708 2
-0.128600 0.001575 0.298576 3
-0.187841 -0.092236 0.326840 3
-0.100264 0.038686 0.286306 3
0.378289 -0.040149 -0.229143 0
0.306385 0.089768 -0.215993 2
-0.169874 -0.148715 0.366667 3
-0.074306 0.111994 0.200334 3
-0.186732 -0.103461 0.346182 3
-0.334878 0.293954 -0.288687 2
0.462514 -0.236606 -0.273534 0
-0.344508 0.293642 -0.274731 2
-0.038276 0.118115 0.248221 3
-0.329516 -0.386867 0.382070 3
-0.224370 -0.127408 0.332242 3
0.438213 0.026218 -0.264283 1
0.438495 0.083532 -0.280014 1
0.059326 0.334032 -0.236563 2
-0.153300 -0.025366 0.294723 3
-0.398366 -0.521627 0.444897 3
0.035014 0.184582 0.128906 3
-0.250121 0.299995 -0.298081 2
0.192925 0.244299 -0.232006 2
0.015103 0.348459 -0.266940 2
0.424030 0.037330 -0.267265 1
0.527740 -0.407053 -0.283502 0
0.532570 -0.464553 -0.296312 0
-0.281010 0.305235 -0.289306 2
-0.534179 0.120533 -0.271476 2
0.453536 -0.102575 -0.232008 1
-0.236846 -0.268022 0.367845 3
0.554744 -0.510368 -0.289088 0
0.465294 0.134953 -0.283484 1
0.001505 0.354660 -0.241882 2
-0.262518 -0.236872 0.368722 3
0.011355 0.184928 0.114064 3
-0.026962 0.133382 0.199983 3
-0.418310 -0.598172 0.496585 3
-0.501425 -0.694274 0.516292 3
0.559525 -0.551768 -0.313000 0
-0.173546 -0.112973 0.311433 3
0.114244 0.310068 -0.257075 2
0.502283 -0.360328 -0.287262 0
-0.522874 0.150129 -0.315798 2
-0.164668 0.367010 -0.242965 2
0.392704 -0.009850 -0.270356 1
0.345112 0.037778 -0.236151 2
-0.185367 -0.051538 0.294376 3
-0.422880 0.202801 -0.280328 2
0.407261 -0.004009 -0.259654 1
0.028794 0.346343 -0.257189 2
0.016312 0.170329 0.155508 3
0.545069 -0.498752 -0.303217 0
0.478720 0.067172 -0.272087 1
0.449463 -0.164785 -0.262231 0
-0.082263 0.369001 -0.247148 2
-0.056085 0.369580 -0.263073 2
0.437728 -0.138538 -0.267591 0
-0.275539 0.290062 -0.307460 2
-0.079416 0.071108 0.268543 3
-0.149667 -0.060758 0.338732 3
0.288584 0.134467 -0.226397 2
-0.295637 -0.416241 0.424825 3
-0.218792 0.310625 -0.301905 2
0.454076 0.113793 -0.282783 1
0.415738 -0.080495 -0.262311 1
-0.397048 -0.551286 0.456256 3
-0.235382 -0.216700 0.321246 3
-0.493374 -0.670100 0.498394 3
0.103742 0.211955 0.062955 3
0.062726 0.182430 0.100640 3
0.031553 0.193376 0.099423 3
-0.342530 0.243494 -0.288153 2
-0.453385 0.165561 -0.268945 2
-0.355889 -0.525483 0.460391 3
0.375538 -0.020643 -0.236707 2
-0.169425 0.365412 -0.271600 2
0.413235 0.068230 -0.275333 1
-0.200859 -0.130552 0.357300 3
0.473085 -0.222334 -0.264041 0
-0.071445 0.103429 0.232803 3
-0.083473 0.058592 0.278952 3
0.217015 0.224993 -0.221495 2
-0.025263 0.363452 -0.262471 2
0.550560 -0.561746 -0.303902 0
0.408000 0.016273 -0.260700 1
-0.483975 0.155522 -0.267202 2
0.418220 -0.097635 -0.242075 0
-0.264967 -0.265302 0.377149 3
0.356578 0.036689 -0.206105 3
0.469359 -0.035418 -0.249746 1
-0.122848 -0.004861 0.314533 3
0.455673 -0.195907 -0.252161 0
-0.221255 -0.247276 0.363220 3
-0.373941 -0.527082 0.457936 3
0.403268 -0.040229 -0.263433 1
0.400225 -0.056167 -0.235437 0
-0.401529 0.257804 -0.280438 2
0.509494 -0.335739 -0.274859 0
-0.294027 -0.318750 0.365086 3
0.276197 0.145990 -0.211628 2
0.423684 -0.087232 -0.283676 1
-0.263004 0.310204 -0.297589 2
0.277527 0.161515 -0.242447 2
-0.230067 -0.225570 0.345866 3
0.127323 0.210040 0.000751 3
0.046670 0.186717 0.116736 3
-0.258527 0.279545 -0.310649 2
0.507676 -0.386404 -0.283049 0
0.491139 -0.288265 -0.277631 0
-0.116623 0.068165 0.236969 3
-0.374708 -0.555541 0.475187 3
0.193552 0.253393 -0.256736 2
-0.102274 0.358925 -0.236971 2
0.326375 0.068154 -0.231635 2
-0.081215 0.010465 0.323140 3
-0.232022 -0.194875 0.362894 3
0.364397 0.001018 -0.236234 2
-0.059854 0.080301 0.292810 3
-0.064994 0.088492 0.253932 3
0.380922 -0.034786 -0.243013 0
-0.270794 -0.361798 0.412240 3
0.448059 -0.175042 -0.247443 0
0.227543 0.212567 -0.211068 2
0.441768 -0.149826 -0.242866 1
0.463573 -0.205793 -0.283562 0
-0.289921 -0.350355 0.387497 3
-0.272793 -0.253446 0.367010 3
-0.118255 0.372387 -0.252149 2
-0.136994 -0.080914 0.330925 3
-0.032778 0.149920 0.160463 3
0.304616 0.108205 -0.176582 3
0.078692 0.323748 -0.226129 2
-0.137177 -0.024914 0.302909 3
-0.306437 -0.376099 0.395811 3
-0.283814 0.274129 -0.299562 2
0.449003 0.056837 -0.272266 1
-0.189961 -0.154278 0.326078 3
-0.144856 -0.014767 0.286891 3
-0.211925 -0.189771 0.320886 3
0.573005 -0.577794 -0.299796 0
-0.164571 -0.093354 0.354977 3
-0.237293 0.343025 -0.274243 2
0.263659 0.159767 -0.128299 3
-0.112578 0.055831 0.262161 3
0.487814 -0.319891 -0.279603 0
0.288495 0.144610 -0.237288 2
-0.118496 0.377282 -0.279071 2
0.189650 0.195491 -0.080240 3
-0.249404 -0.309169 0.396074 3
-0.132553 0.364874 -0.238574 2
-0.506421 0.131997 -0.266671 2
-0.348459 0.271115 -0.296719 2
0.395052 -0.070339 -0.248463 0
0.325264 0.090051 -0.249779 2
-0.412047 0.212458 -0.283203 2
0.084540 0.323946 -0.251677 2
0.323822 0.101479 -0.178510 3
-0.200235 -0.107756 0.319507 3
0.440378 -0.066753 -0.243702 1
-0.303602 0.289090 -0.294436 2
-0.164544 -0.102759 0.296153 3
-0.119624 0.015026 0.298843 3
-0.131341 -0.040600 0.325277 3
-0.180678 -0.117692 0.362147 3
-0.155690 -0.086282 0.295832 3
-0.195286 -0.145150 0.375627 3
-0.257006 -0.276974 0.343277 3
-0.277934 0.321406 -0.296463 2
-0.345121 -0.439224 0.399289 3
0.444087 -0.154372 -0.273148 0
-0.104468 0.060468 0.248578 3
-0.310008 -0.460586 0.455708 3
-0.157156 -0.102701 0.342092 3
0.442312 -0.184928 -0.267379 0
0.295015 0.135678 -0.249965 2
0.169070 0.256167 -0.213347 2
0.042248 0.201775 0.073158 3
-0.064081 0.367471 -0.247205 2
-0.337942 -0.415535 0.392416 3
0.065090 0.181948 0.118161 3
0.090971 0.208224 0.042072 3
0.014992 0.151765 0.160129 3
0.165672 0.204962 -0.030540 3
-0.429695 -0.556455 0.444985 3
0.166987 0.196550 -0.049561 3
-0.099829 0.079654 0.224804 3
-0.268294 0.294315 -0.295792 2
-0.448717 -0.602459 0.477207 3
-0.472476 -0.615929 0.477450 3
-0.190288 -0.063811 0.299943 3
0.434529 0.052490 -0.272244 1
-0.386414 0.227196 -0.286999 2
-0.002106 0.156304 0.171560 3
-0.021166 0.156275 0.155061 3
-0.218804 -0.200416 0.331024 3
0.060108 0.196808 0.098728 3
-0.172352 -0.017360 0.262815 3
-0.188932 0.364079 -0.257337 2
-0.381405 0.268541 -0.289315 2
0.130192 0.301526 -0.252701 2
-0.050686 0.352142 -0.234522 2
-0.049271 0.124719 0.167761 3
0.039691 0.164246 0.144561 3
-0.318718 0.308487 -0.279589 2
-0.156958 -0.041920 0.318915 3
0.191378 0.198193 -0.056556 3
-0.040582 0.131018 0.202977 3
-0.320250 0.238544 -0.284813 2
-0.479781 -0.635348 0.487881 3
-0.355943 0.274187 -0.284835 2
0.109084 0.291125 -0.216013 2
-0.070097 0.122600 0.185150 3
-0.255201 0.327501 -0.283987 2
-0.311681 0.258209 -0.300514 2
-0.467282 0.182603 -0.276277 2
-0.077101 0.059420 0.291441 3
-0.334373 0.273687 -0.298757 2
0.017135 0.152480 0.177518 3
0.206987 0.231886 -0.206616 2
-0.347825 -0.489518 0.440211 3
-0.126016 -0.055620 0.336912 3
0.406135 -0.087134 -0.241432 0
-0.131311 0.014900 0.288957 3
0.285582 0.125032 -0.164818 3
-0.454074 0.196629 -0.279965 2
0.432133 -0.159416 -0.262659 0
-0.081844 0.374031 -0.267444 2
-0.162756 -0.071203 0.320833 3
-0.509278 0.145552 -0.266752 2
-0.373495 -0.484666 0.420095 3
0.489744 -0.309271 -0.269981 0
0.222140 0.187931 -0.085575 3
-0.062810 0.116929 0.206203 3
-0.232264 -0.277443 0.380867 3
0.406231 0.057108 -0.270128 1
-0.158092 -0.003427 0.280543 3
-0.046166 0.101375 0.271824 3
-0.435320 0.181278 -0.273954 2
-0.503322 0.130830 -0.310580 2
-0.190199 -0.091064 0.305632 3
-0.168321 -0.020863 0.289203 3
-0.250227 -0.261690 0.355346 3
0.108827 0.207525 0.031437 3
-0.089915 0.031726 0.310667 3
0.202160 0.246060 -0.241982 2
0.494189 -0.344533 -0.276714 0
-0.341938 -0.467170 0.425732 3
-0.045543 0.140017 0.171503 3
0.468142 -0.252289 -0.262823 0
-0.261434 -0.255877 0.343150 3
0.410830 -0.061191 -0.281827 1
-0.182539 -0.142941 0.324378 3
-0.304410 0.310496 -0.283019 2
-0.163727 -0.072113 0.339550 3
0.046903 0.192950 0.104632 3
-0.190374 -0.168835 0.385253 3
0.164586 0.208284 -0.000800 3
-0.381666 -0.499943 0.424503 3
-0.290944 -0.409918 0.439834 3
0.093249 0.320410 -0.263315 2
-0.402284 -0.530574 0.434159 3
-0.098317 0.061357 0.278221 3
-0.350659 0.217571 -0.273652 2
-0.478633 -0.648959 0.489101 3
0.012598 0.174105 0.141534 3
-0.081566 0.098259 0.222563 3
-0.325889 -0.424761 0.417285 3
-0.198236 -0.205357 0.365178 3
0.353922 0.026281 -0.214348 3
0.461818 -0.226134 -0.253099 0
0.091020 0.206156 0.078444 3
0.030213 0.166134 0.155078 3
-0.305640 -0.418122 0.414203 3
-0.218580 -0.210530 0.347106 3
-0.107838 0.373175 -0.267308 2
0.428616 0.160225 -0.284932 1
-0.484149 -0.662363 0.506063 3
-0.297837 -0.385596 0.400768 3
0.307787 0.119023 -0.164056 3
0.121474 0.299811 -0.231597 2
-0.479356 0.155437 -0.298708 2
-0.133105 0.374703 -0.295404 2
-0.326138 -0.446210 0.429438 3
0.238202 0.177688 -0.103214 3
-0.436318 -0.619837 0.505091 3
-0.089363 0.083146 0.243620 3
0.467146 0.012401 -0.260027 1
0.341005 0.052393 -0.237148 2
0.429450 -0.117995 -0.251303 1
-0.231065 0.348519 -0.257426 2
0.176275 0.210871 -0.025009 3
-0.040755 0.125889 0.223440 3
-0.032903 0.361864 -0.242009 2
-0.392275 0.201385 -0.284284 2
-0.144589 0.368865 -0.272171 2
-0.455486 0.151435 -0.286405 2
-0.179796 -0.138924 0.371726 3
0.336628 0.042285 -0.218277 2
-0.244312 -0.245686 0.331338 3
0.023263 0.349346 -0.230768 2
-0.051171 0.109210 0.254272 3
-0.009745 0.160420 0.160388 3
-0.132035 -0.014039 0.310953 3
-0.202776 -0.172943 0.322865 3
-0.403762 -0.541060 0.451165 3
-0.094309 0.041323 0.299547 3
0.519067 -0.392443 -0.291286 0
-0.492536 0.167139 -0.271177 2
-0.491487 0.136210 -0.308203 2
-0.151812 0.031448 0.244197 3
-0.200772 -0.195663 0.346499 3
-0.218345 -0.138985 0.334219 3
-0.102640 0.089962 0.212652 3
-0.235219 -0.167231 0.361035 3
-0.252423 -0.293378 0.404298 3
-0.164992 -0.056024 0.310984 3
0.147613 0.208068 0.017263 3
-0.489788 0.185681 -0.275676 2
-0.143508 0.015562 0.261145 3
-0.210700 -0.186632 0.395617 3
0.382006 -0.009780 -0.233200 0
-0.133193 0.032702 0.257522 3
-0.205705 -0.117422 0.337304 3
0.499365 -0.313708 -0.279165 0
0.054547 0.335908 -0.216629 2
0.535518 -0.458446 -0.284779 0
0.525568 -0.437265 -0.284840 0
-0.281120 -0.380913 0.408834 3
-0.404469 -0.561988 0.459964 3
-0.182990 -0.164052 0.336773 3
0.258666 0.172130 -0.113843 3
0.431273 -0.097255 -0.251520 1
-0.331355 -0.468409 0.434741 3
-0.116694 0.037717 0.277696 3
0.354652 0.006843 -0.222538 2
-0.277219 -0.369349 0.401927 3
-0.232700 -0.153133 0.348679 3
-0.207174 -0.154341 0.371638 3
-0.138751 -0.061383 0.331359 3
-0.296858 -0.361898 0.391656 3
0.091836 0.305813 -0.216265 2
0.417674 0.005981 -0.258975 1
-0.458539 -0.623174 0.488873 3
-0.123304 0.021609 0.278835 3
-0.249506 -0.241897 0.359883 3
-0.302710 -0.349090 0.386479 3
-0.273391 0.328975 -0.275919 2
0.040440 0.177094 0.144791 3
-0.112074 0.077478 0.228115 3
0.021434 0.199631 0.088238 3
0.240199 0.168343 -0.129452 3
-0.264598 -0.284146 0.362921 3
-0.329823 0.258352 -0.291022 2
0.336025 0.082237 -0.188515 3
0.250843 0.186213 -0.216187 2
-0.109769 -0.009717 0.305332 3
0.121430 0.213545 0.046911 3
0.265730 0.175369 -0.237365 2
0.068375 0.326028 -0.275525 2
-0.211217 -0.164869 0.346495 3
0.537613 -0.479145 -0.288819 0
-0.427043 -0.563987 0.455024 3
-0.366032 0.237652 -0.287879 2
-0.293738 0.300448 -0.288810 2
0.152846 0.206836 -0.025013 3
0.504592 -0.370040 -0.279311 0
0.455709 -0.052810 -0.243449 1
0.021114 0.185348 0.123180 3
-0.134684 0.048339 0.239701 3
0.439070 -0.009462 -0.254884 1
0.326113 0.060109 -0.217796 2
-0.179640 -0.081273 0.322610 3
0.005794 0.146699 0.181651 3
-0.002030 0.147399 0.196784 3
-0.442647 0.170492 -0.273627 2
-0.426399 -0.582443 0.468221 3
-0.020027 0.134031 0.227265 3
0.023934 0.157115 0.167379 3
0.215119 0.182995 -0.097311 3
0.059644 0.203653 0.062451 3
-0.475537 0.146097 -0.268158 2
0.568800 -0.579227 -0.311672 0
-0.288616 0.305184 -0.299433 2
-0.272993 -0.278110 0.379824 3
-0.151169 -0.055746 0.320002 3
-0.149337 -0.092353 0.338481 3
0.415839 0.113756 -0.280669 1
0.052836 0.334253 -0.263475 2
-0.161290 -0.116647 0.353784 3
0.261800 0.174238 -0.217004 2
-0.102664 0.010916 0.304626 3
0.375176 0.016128 -0.218951 3
0.462715 0.046865 -0.268907 1
0.122057 0.211193 0.016113 3
-0.465536 0.168172 -0.271111 2
-0.350438 0.288207 -0.284598 2
0.415305 -0.047529 -0.259420 1
-0.317232 0.274520 -0.291476 2
0.322105 0.078932 -0.226767 2
0.083192 0.200529 0.095898 3
0.419306 0.144293 -0.280866 1
0.288006 0.136886 -0.150784 3
-0.109069 -0.042390 0.326277 3
-0.101454 0.071828 0.252902 3
-0.251266 -0.303785 0.379005 3
-0.387154 -0.556593 0.476016 3
0.246173 0.172051 -0.113086 3
-0.484345 0.170651 -0.301337 2
-0.323872 0.299087 -0.291559 2
0.133336 0.290871 -0.226340 2
-0.404672 0.184980 -0.270758 2
0.291935 0.113883 -0.213546 2
-0.475056 0.199878 -0.291108 2
0.518966 -0.376191 -0.282711 0
0.185815 0.250519 -0.216302 2
-0.009260 0.161171 0.135500 3
0.178075 0.262953 -0.238030 2
0.071845 0.194132 0.108912 3
-0.447842 0.212014 -0.281603 2
-0.105915 -0.030276 0.333998 3
0.431487 -0.138647 -0.249791 0
-0.225728 -0.184557 0.360148 3
-0.441977 -0.584293 0.463717 3
-0.299821 0.258554 -0.296960 2
0.213757 0.199804 -0.064720 3
-0.421679 -0.535970 0.431149 3
0.357869 0.052812 -0.202321 3
-0.280580 0.316290 -0.283762 2
-0.007503 0.350119 -0.278939 2
-0.224876 0.348105 -0.272443 2
0.394778 -0.045762 -0.231570 0
-0.150904 -0.002239 0.270564 3
-0.457525 -0.588292 0.461338 3
-0.502954 0.160895 -0.310493 2
-0.169170 -0.020394 0.274350 3
-0.022291 0.152839 0.133846 3
0.231654 0.215845 -0.238204 2
-0.097847 0.022400 0.312138 3
-0.204017 -0.155060 0.335465 3
0.103975 0.310020 -0.236722 2
-0.063732 0.100753 0.253901 3
-0.187734 0.356271 -0.288406 2
0.211756 0.237332 -0.242332 2
0.353720 0.026335 -0.237720 2
0.540452 -0.530562 -0.304608 0
-0.368011 0.258737 -0.283738 2
-0.281066 -0.391397 0.423755 3
-0.236139 0.324131 -0.296802 2
0.480667 -0.283185 -0.281584 0
-0.174426 -0.066085 0.316130 3
-0.045829 0.109515 0.243243 3
0.458068 -0.195898 -0.272975 0
0.429710 -0.019728 -0.255015 1
0.196194 0.210791 -0.030926 3
-0.304590 -0.345815 0.365762 3
0.555398 -0.536150 -0.303400 0
0.442723 -0.097586 -0.237537 1
0.127438 0.279395 -0.216245 2
0.368927 -0.021129 -0.226428 2
0.437760 0.134808 -0.284550 1
-0.185570 -0.107627 0.328349 3
0.418489 -0.087011 -0.252357 0
-0.091631 0.099341 0.192250 3
-0.261550 -0.339867 0.398229 3
-0.134950 0.023289 0.265124 3
0.444900 -0.077353 -0.239715 1
-0.013602 0.359885 -0.259073 2
-0.170854 0.349342 -0.307896 2
-0.195557 -0.128313 0.328971 3
-0.118108 -0.035104 0.322126 3
-0.212784 0.355267 -0.252644 2
-0.158440 -0.040032 0.301091 3
0.440522 -0.123111 -0.236654 1
-0.167937 -0.124727 0.305373 3
0.422625 -0.108317 -0.255635 0
0.088808 0.318784 -0.237397 2
-0.073011 0.111528 0.180369 3
-0.174899 -0.045828 0.302676 3
-0.326925 -0.410998 0.390166 3
-0.140643 0.007041 0.274684 3
-0.360675 0.222164 -0.279279 2
0.153116 0.274479 -0.221027 2
0.401422 -0.081184 -0.250827 0
-0.194267 -0.082375 0.320143 3
0.538718 -0.494589 -0.293815 0
-0.280500 -0.315823 0.363149 3
-0.225657 -0.236682 0.356298 3
-0.271574 -0.345207 0.391625 3
0.478158 0.093450 -0.276448 1
-0.342588 0.228280 -0.279969 2
-0.277145 -0.319589 0.381642 3
-0.019884 0.355811 -0.231804 2
0.506912 -0.344646 -0.283935 0
0.202663 0.200458 -0.060159 3
0.420287 -0.066584 -0.259369 1
0.248224 0.196114 -0.236818 2
-0.083054 0.380052 -0.280538 2
0.477591 0.034552 -0.265059 1
0.099916 0.202653 0.017407 3
-0.207109 -0.133942 0.334626 3
-0.195026 0.336216 -0.303211 2
-0.264116 0.275990 -0.293152 2
-0.009044 0.356923 -0.247229 2
0.438984 -0.159300 -0.252834 0
-0.249791 0.336509 -0.277444 2
-0.302283 -0.396671 0.403193 3
-0.014594 0.151278 0.180998 3
-0.072083 0.046075 0.309899 3
-0.106453 0.001600 0.319037 3
-0.176425 -0.045077 0.289770 3
-0.360981 -0.468551 0.408771 3
0.134669 0.211513 0.031764 3
-0.429890 0.191453 -0.276947 2
0.004064 0.182966 0.104847 3
0.544318 -0.505346 -0.291903 0
-0.076761 0.362401 -0.238901 2
-0.020239 0.137832 0.215981 3
-0.241219 -0.223783 0.356797 3
0.549715 -0.529866 -0.294993 0
-0.095052 0.367234 -0.241475 2
-0.386261 0.243565 -0.287432 2
-0.157346 -0.082174 0.347878 3
-0.317747 -0.395299 0.387662 3
-0.287880 -0.327190 0.379502 3
-0.089296 0.087841 0.232749 3
-0.196908 -0.163118 0.329787 3
0.565983 -0.575393 -0.290522 0
0.375507 -0.009446 -0.221639 3
-0.143770 -0.054827 0.304574 3
-0.045846 0.368102 -0.283470 2
-0.176297 0.365205 -0.244154 2
-0.472347 0.196865 -0.278167 2
0.562014 -0.546149 -0.298820 0
-0.149276 0.371034 -0.288599 2
0.473863 -0.010317 -0.255979 1
-0.040431 0.363649 -0.256569 2
-0.275252 -0.293056 0.384382 3
-0.122792 0.050820 0.257380 3
-0.170193 -0.112809 0.298643 3
-0.181135 -0.035685 0.273662 3
0.247314 0.183729 -0.092969 3
-0.544815 0.123166 -0.309105 2
-0.261147 0.304203 -0.311031 2
-0.266004 -0.299916 0.369030 3
0.301020 0.118209 -0.232778 2
-0.314463 -0.427141 0.415185 3
-0.244294 -0.245330 0.343065 3
-0.230268 -0.207377 0.329183 3
0.021448 0.179227 0.134299 3
-0.334062 -0.435016 0.405999 3
-0.458184 0.182939 -0.284718 2
-0.211255 0.352956 -0.273267 2
-0.272730 -0.293072 0.353964 3
-0.334105 0.235259 -0.285899 2
-0.205510 -0.208201 0.392520 3
0.020839 0.192449 0.103988 3
-0.061163 0.374081 -0.272583 2
0.159256 0.275477 -0.236962 2
-0.112575 -0.047298 0.338560 3
0.181243 0.201941 -0.050904 3
-0.236907 0.312199 -0.300814 2
0.439292 -0.133455 -0.241922 1
0.548107 -0.483029 -0.285500 0
0.234098 0.191674 -0.072144 3
0.451107 -0.210757 -0.270833 0
-0.195798 0.356579 -0.278113 2
0.360936 0.015930 -0.216088 3
0.453804 -0.159384 -0.282392 1
0.457621 -0.179923 -0.282531 0
-0.523183 0.134553 -0.311024 2
0.443980 0.160986 -0.288090 1
0.425798 0.072747 -0.277837 1
-0.219301 -0.137956 0.345757 3
0.421306 -0.091945 -0.273324 1
0.233914 0.202853 -0.231196 2
-0.320710 -0.458134 0.435098 3
-0.046384 0.125526 0.178982 3
0.214449 0.233419 -0.253463 2
0.390757 -0.055574 -0.242123 0
0.568186 -0.567274 -0.298917 0
-0.181822 -0.108087 0.355743 3
-0.260739 -0.324613 0.385695 3
0.500543 -0.324808 -0.282320 0
-0.299737 -0.428208 0.432969 3
0.036898 0.345000 -0.230442 2
-0.256906 0.340465 -0.259070 2
0.413742 0.093638 -0.280384 1
-0.143845 0.371246 -0.257174 2
-0.206885 -0.220968 0.357421 3
-0.211072 0.319946 -0.303125 2
-0.144436 -0.019706 0.311362 3
0.381363 -0.014902 -0.246186 0
-0.156778 -0.066410 0.331627 3
-0.211417 -0.191033 0.347822 3
0.450533 0.031237 -0.263983 1
0.173607 0.278279 -0.256163 2
-0.102671 0.051661 0.283847 3
0.444285 -0.133247 -0.282511 1
0.454646 0.139723 -0.284889 1
0.071168 0.205387 0.047954 3
0.548531 -0.510029 -0.303515 0
-0.024864 0.358317 -0.279474 2
-0.311337 -0.386361 0.398282 3
-0.194266 -0.138725 0.365609 3
0.433751 -0.123487 -0.262235 0
0.557617 -0.582519 -0.309318 0
0.436291 -0.113430 -0.283608 1
0.414504 -0.117732 -0.256828 0
-0.181276 -0.088640 0.335600 3
-0.293767 0.279735 -0.298866 2
-0.465864 -0.607564 0.472514 3
-0.107743 -0.019770 0.329868 3
0.407935 0.042675 -0.265977 1
0.362157 0.011363 -0.240538 2
-0.061016 0.113939 0.217081 3
0.372871 0.005689 -0.246745 2
0.429548 -0.045852 -0.253259 1
0.485730 -0.298666 -0.268693 0
0.007072 0.149599 0.170622 3
-0.143160 -0.036393 0.319262 3
0.017250 0.336959 -0.276134 2
-0.272575 -0.278077 0.350874 3
0.321790 0.089963 -0.181173 3
-0.107833 0.368832 -0.242764 2
0.270634 0.152645 -0.135294 3
0.346537 0.036820 -0.211452 3
0.460537 0.176640 -0.285316 1
-0.311602 -0.360470 0.371842 3
-0.283566 -0.389260 0.399942 3
0.468582 -0.232329 -0.259787 0
-0.398375 0.197113 -0.275250 2
0.484710 -0.262744 -0.272857 0
-0.161940 -0.030491 0.289448 3
0.534999 -0.439344 -0.291254 0
-0.241823 -0.190400 0.366439 3
0.044711 0.176229 0.124642 3
0.407333 0.077886 -0.275810 1
-0.078642 0.085214 0.250118 3
-0.311665 -0.375946 0.377260 3
-0.351422 -0.473263 0.424889 3
-0.164525 -0.087069 0.339570 3
-0.290591 -0.402666 0.418217 3
-0.084349 0.106351 0.197548 3
-0.318812 0.252935 -0.289804 2
0.029849 0.160258 0.140768 3
-0.355560 -0.453560 0.402995 3
0.452458 -0.185105 -0.251973 0
0.251779 0.160258 -0.132501 3
-0.376511 -0.541880 0.467385 3
-0.404247 -0.515895 0.423972 3
-0.034855 0.144424 0.176143 3
0.454996 0.098914 -0.281767 1
0.139118 0.209234 0.005445 3
-0.159790 0.365631 -0.294745 2
0.457236 0.005973 -0.257558 1
0.029038 0.341661 -0.267396 2
-0.391835 -0.575413 0.485397 3
0.511497 -0.355311 -0.283262 0
0.394046 -0.065582 -0.236473 0
0.458586 -0.025582 -0.249689 1
-0.381795 0.258712 -0.283944 2
0.350046 0.018342 -0.221243 2
-0.329994 -0.447944 0.418893 3
0.480635 -0.278124 -0.266159 0
-0.125367 0.062060 0.232108 3
-0.314310 0.269013 -0.301685 2
-0.329641 0.279311 -0.289116 2
0.450482 0.073183 -0.277432 1
-0.411725 -0.577149 0.483604 3
-0.509117 0.169967 -0.271684 2
-0.055696 0.112877 0.238300 3
0.394397 -0.035088 -0.251090 0
0.310359 0.098658 -0.221410 2
-0.086965 0.370267 -0.258294 2
0.424124 0.026722 -0.263866 1
-0.386494 0.212864 -0.282430 2
0.464746 0.088987 -0.279048 1
0.220900 0.180822 -0.106568 3
-0.155635 0.015102 0.252720 3
-0.133413 -0.051134 0.328201 3
-0.237543 -0.288317 0.382378 3
-0.412627 0.197208 -0.277316 2
0.400483 -0.035687 -0.273628 1
0.428514 0.088372 -0.280617 1
-0.078512 0.082035 0.272163 3
0.423885 -0.128344 -0.248159 0
0.425398 -0.102773 -0.272649 1
-0.070860 0.071385 0.293561 3
-0.066901 0.083934 0.264133 3
0.160314 0.206071 -0.040187 3
0.382399 -0.030020 -0.232090 0
-0.212924 -0.113037 0.330125 3
0.260314 0.167531 -0.207277 2
0.103633 0.315160 -0.255026 2
-0.169166 -0.104389 0.316882 3
-0.108622 0.032439 0.290468 3
-0.060859 0.093313 0.275509 3
-0.342348 -0.458822 0.417984 3
-0.225286 0.334408 -0.293324 2
0.318051 0.101503 -0.239297 2
-0.205717 -0.179891 0.330940 3
-0.089765 0.067075 0.274022 3
-0.490250 0.185753 -0.302865 2
-0.213840 -0.200261 0.340889 3
-0.154357 0.369960 -0.251986 2
-0.236138 -0.205185 0.363637 3
-0.334239 -0.484619 0.443658 3
0.335278 0.067149 -0.238048 2
0.186407 0.206683 -0.040551 3
-0.241504 -0.246474 0.391619 3
-0.413843 -0.545498 0.451096 3
-0.182219 0.364655 -0.266045 2
-0.219517 -0.169695 0.355736 3
-0.171293 -0.153429 0.344602 3
0.077823 0.206829 0.062191 3
0.369846 -0.009714 -0.231159 2
-0.396993 0.248473 -0.284613 2
-0.246561 -0.252088 0.351451 3
0.147326 0.208656 -0.014854 3
-0.089406 0.020912 0.319001 3
-0.315302 0.294406 -0.296822 2
0.324472 0.087764 -0.238386 2
0.207551 0.204615 -0.044383 3
0.423850 0.129764 -0.282788 1
-0.208406 -0.227250 0.367570 3
-0.008801 0.169853 0.119623 3
-0.091253 -0.014226 0.328741 3
0.456584 -0.014652 -0.251715 1
-0.491497 0.149256 -0.305393 2
0.557701 -0.520529 -0.291908 0
-0.475247 0.165879 -0.296086 2
0.452234 -0.180297 -0.273019 0
0.161125 0.283459 -0.248649 2
0.068724 0.190962 0.091859 3
0.418601 -0.020028 -0.257075 1
0.460346 -0.075933 -0.239082 1
0.296863 0.121518 -0.161432 3
-0.296604 -0.438241 0.449971 3
-0.283778 0.284823 -0.302631 2
-0.520376 0.150061 -0.269456 2
-0.119874 0.043877 0.265768 3
0.187426 0.262235 -0.252123 2
-0.138759 0.000891 0.294777 3
-0.187001 -0.185054 0.352060 3
0.010932 0.352407 -0.257721 2
0.114901 0.308199 -0.267748 2
0.155103 0.290811 -0.259063 2
0.444922 0.119576 -0.283512 1
-0.191635 -0.150238 0.316082 3
-0.036537 0.124094 0.211850 3
-0.111966 0.022694 0.299214 3
-0.248816 -0.233285 0.330490 3
-0.355429 0.263907 -0.288225 2
-0.317367 0.310230 -0.268982 2
0.152796 0.212469 0.005843 3
-0.030230 0.130440 0.227814 3
-0.156805 -0.009399 0.289474 3
0.214814 0.194493 -0.081114 3
-0.257427 0.318097 -0.291049 2
-0.324470 0.289423 -0.286792 2
-0.236008 -0.220698 0.331963 3
-0.156870 0.366930 -0.273086 2
-0.143641 0.037586 0.247641 3
0.422805 0.061873 -0.274917 1
0.284116 0.149601 -0.138874 3
0.466103 -0.231166 -0.282116 0
0.067706 0.205517 0.072801 3
0.528959 -0.417306 -0.291422 0
-0.228002 -0.267428 0.377586 3
0.444714 -0.040721 -0.246594 1
0.433330 -0.107837 -0.254598 1
0.067912 0.330491 -0.231129 2
-0.436322 0.228724 -0.280332 2
-0.441795 -0.576205 0.456627 3
-0.154512 -0.077056 0.303483 3
-0.076724 0.036039 0.314792 3
0.492891 -0.283480 -0.268070 0
-0.125357 -0.025620 0.325043 3
0.461886 -0.210875 -0.272034 0
-0.002012 0.170730 0.139958 3
0.443398 -0.153871 -0.233075 1
0.140728 0.294295 -0.247401 2
-0.268031 0.335471 -0.262593 2
-0.252002 -0.267518 0.343662 3
-0.305354 0.299415 -0.297029 2
0.315697 0.088401 -0.221085 2
-0.050169 0.126327 0.202292 3
-0.126437 -0.023592 0.299380 3
-0.181935 0.353392 -0.298457 2
-0.092175 0.052425 0.278275 3
-0.422272 0.227457 -0.284074 2
-0.025113 0.147561 0.181466 3
0.088158 0.207492 0.067601 3
0.115886 0.298904 -0.222560 2
-0.247081 -0.268056 0.396747 3
-0.181160 -0.129643 0.309506 3
0.400815 -0.046522 -0.240563 0
0.395979 0.036170 -0.264684 1
0.222490 0.220156 -0.233933 2
-0.365641 0.278586 -0.284985 2
0.463662 -0.216315 -0.256788 0
-0.072629 0.093886 0.248719 3
0.524959 -0.395975 -0.283157 0
0.182766 0.250843 -0.232126 2
-0.174546 -0.097761 0.350263 3
-0.340122 -0.504998 0.454508 3
-0.158122 -0.101793 0.354705 3
-0.125896 0.377724 -0.288210 2
0.271088 0.160209 -0.221174 2
-0.214278 -0.235519 0.361450 3
0.453738 -0.200886 -0.242989 0
0.473177 -0.241751 -0.275754 0
-0.095494 0.098102 0.202366 3
-0.052127 0.118103 0.222866 3
0.519411 -0.427787 -0.287710 0
0.099898 0.296368 -0.215336 2
-0.108017 0.378479 -0.278052 2
-0.306077 -0.436327 0.430517 3
0.432322 -0.065899 -0.250515 1
-0.033975 0.122735 0.237418 3
-0.302694 -0.446949 0.443051 3
0.237938 0.201877 -0.215915 2
0.192435 0.239758 -0.207001 2
0.005786 0.163644 0.160945 3
-0.251959 -0.319315 0.392693 3
0.000474 0.346878 -0.225922 2
0.308912 0.099593 -0.231828 2
0.059891 0.332586 -0.247003 2
-0.321574 -0.416630 0.401280 3
0.480709 -0.293564 -0.279680 0
0.403496 -0.050908 -0.252924 0
-0.024874 0.144860 0.155658 3
0.433924 0.104058 -0.282856 1
0.406788 -0.065996 -0.241536 0
-0.284341 -0.336603 0.386559 3
-0.448761 -0.593121 0.468088 3
-0.205724 -0.102677 0.327458 3
-0.164686 0.368661 -0.262262 2
-0.119992 -0.066077 0.323496 3
0.444659 -0.107686 -0.234423 1
-0.169428 0.364284 -0.283169 2
-0.293513 0.269128 -0.293236 2
-0.355729 -0.509752 0.450181 3
0.517736 -0.412060 -0.283102 0
-0.081462 0.051966 0.301939 3
0.207845 0.233873 -0.221252 2
-0.221518 -0.149296 0.350944 3
-0.225274 -0.211088 0.355709 3
-0.128724 0.374049 -0.277407 2
0.418673 -0.097390 -0.253896 0
-0.443925 0.191632 -0.279146 2
0.289078 0.129367 -0.217037 2
0.124095 0.300430 -0.241730 2
-0.359166 -0.490421 0.439599 3
0.384751 -0.044340 -0.241071 0
-0.174223 -0.112404 0.324245 3
-0.476903 -0.624295 0.482496 3
-0.548355 0.123642 -0.267743 2
-0.269223 -0.272960 0.370542 3
0.042371 0.342344 -0.217056 2
-0.317037 -0.468733 0.453995 3
-0.312150 0.284840 -0.290173 2
0.406418 -0.050016 -0.268570 1
-0.187033 -0.055273 0.284761 3
0.199062 0.188019 -0.084668 3
0.453501 0.042035 -0.267379 1
-0.288582 -0.309574 0.380071 3
0.406097 -0.030243 -0.262389 0
-0.417634 0.176416 -0.269367 2
-0.293870 0.254640 -0.289347 2
0.343488 0.041644 -0.226621 2
0.106485 0.203615 0.008993 3
-0.459189 0.175963 -0.273818 2
-0.150043 -0.107047 0.335864 3
-0.040692 0.130823 0.171283 3
-0.199533 -0.185342 0.391587 3
-0.191574 -0.137960 0.325612 3
-0.181748 -0.172720 0.345182 3
-0.285997 -0.366054 0.395210 3
0.338428 0.063488 -0.196126 3
0.354460 0.040339 -0.250984 2
-0.095190 0.000735 0.325644 3
-0.017015 0.151492 0.146861 3
0.257948 0.180450 -0.250225 2
0.400610 -0.076718 -0.241341 0
0.338563 0.044151 -0.208275 3
-0.009905 0.356728 -0.236912 2
0.465075 0.124660 -0.282454 1
0.276721 0.160703 -0.120510 3
-0.536057 0.129330 -0.310458 2
-0.271970 0.284654 -0.295562 2
0.446895 -0.194068 -0.259511 0
-0.314562 -0.437611 0.421815 3
-0.422874 -0.572023 0.464586 3
0.134736 0.299412 -0.262879 2
-0.004771 0.355832 -0.267560 2
0.322002 0.073333 -0.195684 3
-0.269157 -0.356092 0.403343 3
-0.356918 -0.485017 0.428754 3
0.537799 -0.453548 -0.293548 0
0.430310 -0.134742 -0.259243 0
0.449775 0.175909 -0.289492 1
0.430670 -0.087141 -0.253288 1
-0.114241 0.380351 -0.287912 2
0.344430 0.076464 -0.189802 3
-0.435724 0.212406 -0.282597 2
-0.285160 -0.294195 0.350680 3
0.490080 -0.329745 -0.277852 0
-0.188396 -0.159344 0.381914 3
-0.029739 0.364547 -0.272954 2
-0.293390 -0.345419 0.371860 3
0.005451 0.351736 -0.267711 2
0.085480 0.205703 0.032920 3
-0.129103 -0.060439 0.328240 3
0.498350 -0.350509 -0.283820 0
0.474835 0.109160 -0.279453 1
-0.131867 -0.080906 0.321006 3
-0.150199 0.007346 0.278137 3
-0.465937 -0.629098 0.492535 3
-0.227519 -0.261658 0.368252 3
-0.389214 -0.521004 0.438989 3
-0.335137 0.268754 -0.289923 2
-0.416815 -0.584980 0.487566 3
0.290856 0.125544 -0.230656 2
-0.164410 -0.109362 0.344522 3
-0.334137 0.249068 -0.289283 2
0.282802 0.153799 -0.238550 2
-0.298943 -0.325150 0.384882 3
-0.143829 -0.040774 0.304599 3
0.059929 0.188661 0.123714 3
-0.373419 -0.514067 0.444734 3
0.009975 0.352735 -0.236681 2
0.455633 -0.205803 -0.259838 0
0.448956 -0.174793 -0.263628 0
0.059974 0.198157 0.088248 3
-0.272973 0.270098 -0.293160 2
-0.185603 -0.063249 0.310648 3
-0.133087 0.056728 0.245104 3
-0.167451 -0.143742 0.339573 3
-0.236107 -0.232177 0.341212 3
0.472540 -0.273581 -0.273516 0
0.042222 0.341122 -0.238073 2
-0.466053 0.201982 -0.284142 2
-0.283824 0.294861 -0.303428 2
0.003993 0.180183 0.119025 3
0.424210 0.108602 -0.282906 1
-0.319289 0.264694 -0.292033 2
-0.185431 -0.139116 0.313709 3
-0.308379 0.258212 -0.291033 2
-0.287884 -0.298409 0.377229 3
0.059789 0.335005 -0.226585 2
-0.290854 -0.417796 0.433509 3
-0.404287 -0.531405 0.448481 3
-0.358106 -0.534113 0.465639 3
0.032460 0.170730 0.137856 3
0.440195 -0.167417 -0.265027 0
-0.366928 -0.506845 0.447254 3
-0.086086 0.077807 0.265202 3
0.536118 -0.433286 -0.283344 0
0.505835 -0.360857 -0.275491 0
-0.046468 0.135283 0.181243 3
-0.125983 -0.046031 0.332561 3
0.468818 -0.262457 -0.272953 0
-0.391360 -0.505017 0.422385 3
-0.080157 0.096996 0.232387 3
0.411197 -0.104394 -0.255437 0
-0.051512 0.371563 -0.273281 2
-0.069759 0.378317 -0.288147 2
0.057192 0.183642 0.112273 3
0.332487 0.051145 -0.216231 2
-0.328383 -0.377265 0.379561 3
-0.313745 -0.396825 0.397736 3
0.078784 0.197552 0.048150 3
0.270112 0.156007 -0.230942 2
-0.133375 -0.004929 0.307104 3
-0.165712 -0.139102 0.362455 3
0.237752 0.186553 -0.092598 3
0.470666 -0.242008 -0.261372 0
-0.468629 0.146715 -0.296364 2
0.263481 0.169678 -0.122228 3
0.470144 0.057118 -0.270622 1
0.073589 0.321420 -0.217887 2
-0.071937 0.374483 -0.268455 2
-0.504181 0.170651 -0.312122 2
-0.014092 0.146618 0.195649 3
0.283300 0.140811 -0.220824 2
-0.174683 -0.092387 0.325460 3
-0.293725 0.315331 -0.282374 2
0.242456 0.207020 -0.251489 2
-0.052677 0.120744 0.185033 3
0.199776 0.240970 -0.225608 2
0.563852 -0.556544 -0.303788 0
0.364187 0.000444 -0.225389 2
0.141449 0.286386 -0.235540 2
0.394251 0.015279 -0.264215 1
-0.101242 0.058995 0.258655 3
-0.366214 0.268752 -0.283719 2
-0.335573 0.295068 -0.278824 2
0.373001 -0.030120 -0.227473 0
0.407276 0.005916 -0.259757 1
-0.244127 -0.293620 0.377178 3
0.225428 0.194363 -0.062440 3
-0.133192 -0.071761 0.330637 3
0.304857 0.109016 -0.226556 2
0.446450 -0.164098 -0.271973 0
0.462633 0.072641 -0.275721 1
-0.195231 -0.112511 0.328722 3
0.051994 0.203451 0.072606 3
-0.522666 0.125127 -0.265966 2
0.471101 -0.231249 -0.271219 0
0.461824 -0.196661 -0.263385 0
0.160920 0.264172 -0.216335 2
-0.281125 -0.276579 0.371087 3
-0.055802 0.365025 -0.242387 2
0.361711 0.021124 -0.242015 2
0.441473 -0.139766 -0.257960 0
0.443593 -0.159479 -0.241840 1
0.456471 -0.226185 -0.272175 0
0.170980 0.212178 -0.014612 3
-0.138682 0.370019 -0.244355 2
0.445255 -0.031056 -0.248514 1
0.553515 -0.525278 -0.302851 0
0.394330 0.057027 -0.268340 1
0.447517 -0.174840 -0.237611 1
0.035915 0.199902 0.088385 3
-0.165065 -0.096524 0.321147 3
-0.412403 0.238894 -0.284978 2
-0.263188 -0.247171 0.372031 3
-0.250830 0.284799 -0.313768 2
-0.050837 0.365849 -0.252323 2
0.251372 0.186839 -0.232786 2
0.482874 -0.311824 -0.276514 0
-0.292414 -0.408304 0.429620 3
-0.391990 0.258688 -0.282505 2
-0.324704 -0.427348 0.407912 3
0.517014 -0.406976 -0.291440 0
-0.118885 -0.004255 0.305600 3
0.073411 0.328728 -0.251434 2
-0.318571 -0.401110 0.410175 3
-0.256146 -0.262488 0.367372 3
-0.213259 -0.196048 0.396230 3
-0.113990 -0.006071 0.318485 3
0.473437 0.129651 -0.281712 1
-0.113991 0.066308 0.248908 3
-0.051561 0.104800 0.264057 3
-0.396830 0.228175 -0.287828 2
0.546357 -0.490059 -0.297829 0
0.282111 0.151239 -0.128491 3
-0.220696 -0.118465 0.327901 3
-0.071328 0.115102 0.191602 3
0.057282 0.200119 0.053695 3
-0.219431 -0.248971 0.375198 3
0.463053 0.021058 -0.261736 1
-0.311191 -0.453105 0.442972 3
-0.485098 0.145693 -0.266451 2
-0.374050 0.264386 -0.294102 2
0.088445 0.321264 -0.271709 2
-0.268290 0.295099 -0.311502 2
-0.422256 -0.550916 0.442132 3
0.134905 0.210063 -0.008779 3
-0.219408 -0.190690 0.356085 3
-0.226537 -0.174354 0.360537 3
0.262948 0.176190 -0.106149 3
-0.466343 0.180915 -0.289546 2
0.514816 -0.391533 -0.278928 0
-0.133788 0.005817 0.281425 3
-0.267674 0.279768 -0.307503 2
-0.108514 0.064070 0.240299 3
-0.187890 0.362200 -0.247908 2
-0.458554 0.160337 -0.284218 2
0.422717 -0.087178 -0.262553 1
-0.211093 0.330925 -0.301444 2
-0.268580 -0.297859 0.378143 3
-0.156852 -0.076830 0.326008 3
-0.271924 0.313620 -0.291659 2
0.184137 0.210311 -0.030587 3
0.175214 0.197541 -0.057029 3
-0.149981 -0.014279 0.295059 3
0.533198 -0.474170 -0.296828 0
0.041657 0.182515 0.135594 3
0.376001 -0.002233 -0.231770 2
0.514405 -0.365573 -0.284327 0
-0.234714 -0.230455 0.354326 3
0.265175 0.145772 -0.144010 3
-0.304308 0.279757 -0.298112 2
0.082975 0.204218 0.083379 3
0.431553 0.000510 -0.258085 1
-0.439113 0.161533 -0.273540 2
-0.144112 -0.072129 0.334372 3
0.555563 -0.569646 -0.306192 0
0.313149 0.104529 -0.174061 3
-0.204514 0.344262 -0.296732 2
0.296366 0.135677 -0.144591 3
-0.163212 0.002620 0.244597 3
0.103139 0.204935 0.083164 3
-0.491512 0.176479 -0.273488 2
-0.212988 -0.123415 0.335440 3
0.096489 0.208109 0.052181 3
-0.227522 0.316544 -0.301454 2
-0.169973 -0.117420 0.357806 3
0.463024 -0.246060 -0.271954 0
-0.273158 0.314931 -0.303325 2
0.081701 0.195133 0.103685 3
-0.382758 -0.530810 0.454390 3
-0.133718 0.371229 -0.262219 2
0.098986 0.208685 0.032002 3
-0.027675 0.121916 0.244590 3
0.037018 0.191539 0.109187 3
-0.265662 -0.296102 0.360250 3
0.005875 0.150204 0.191307 3
-0.002701 0.140503 0.211923 3
-0.202555 -0.168304 0.312308 3
-0.324895 0.274003 -0.300016 2
-0.166749 -0.066071 0.331269 3
-0.186270 -0.096729 0.336641 3
-0.373585 -0.494899 0.425328 3
0.432344 -0.121853 -0.271818 1
-0.145173 0.016858 0.272986 3
0.083198 0.207592 0.047576 3
-0.334692 0.284149 -0.295610 2
-0.072692 0.353704 -0.238388 2
-0.108187 0.016553 0.309970 3
-0.234407 -0.158391 0.357574 3
0.329306 0.062965 -0.200346 3
0.544694 -0.474382 -0.293046 0
-0.243772 -0.210403 0.365898 3
0.011787 0.188433 0.103616 3
-0.026706 0.155880 0.145346 3
-0.033307 0.135492 0.207238 3
-0.158897 -0.088600 0.316780 3
-0.205579 0.359037 -0.257559 2
-0.065128 0.079127 0.284995 3
-0.095016 -0.034861 0.331712 3
0.436929 -0.076660 -0.244824 1
0.113669 0.212053 0.041656 3
0.438766 0.150452 -0.286619 1
0.333006 0.058315 -0.235171 2
-0.106227 0.001606 0.305314 3
-0.194059 -0.098379 0.314370 3
-0.064141 0.094193 0.244554 3
0.152002 0.278743 -0.231738 2
0.406702 0.113474 -0.277306 1
0.140248 0.279188 -0.218966 2
-0.387175 0.201618 -0.275859 2
0.005947 0.156137 0.181147 3
-0.217111 -0.179320 0.341495 3
-0.324083 0.299603 -0.282127 2
-0.467005 -0.683822 0.520700 3
-0.404566 0.207027 -0.281346 2
0.482256 -0.267167 -0.264902 0
0.016053 0.160911 0.158110 3
-0.294134 0.322507 -0.267861 2
0.351463 0.041844 -0.241778 2
-0.280818 0.294935 -0.294110 2
0.462135 -0.061158 -0.242720 1
0.041830 0.332220 -0.271402 2
-0.250909 -0.251456 0.359786 3
0.412003 -0.103852 -0.245390 0
0.259398 0.171797 -0.227273 2
-0.289270 -0.336120 0.369193 3
0.469473 0.144897 -0.284376 1
0.072362 0.200520 0.098034 3
-0.263519 -0.256129 0.374753 3
-0.382132 0.259104 -0.293297 2
-0.259278 -0.278592 0.368262 3
0.020042 0.188394 0.113637 3
0.408333 -0.087113 -0.252993 0
0.541477 -0.463991 -0.293497 0
0.282637 0.140371 -0.231351 2
0.556000 -0.539905 -0.311947 0
-0.347958 -0.452022 0.408225 3
-0.242135 0.295160 -0.298550 2
-0.187085 -0.077079 0.308648 3
0.380878 -0.025629 -0.244838 0
-0.331694 -0.476763 0.439301 3
0.424182 -0.108268 -0.246376 1
-0.151259 -0.009685 0.279407 3
-0.094875 0.383842 -0.292997 2
0.343857 0.056027 -0.197452 3
0.440335 0.014310 -0.260656 1
-0.096516 0.081996 0.236977 3
-0.023712 0.143274 0.196478 3
-0.258399 -0.276931 0.352489 3
0.108903 0.311015 -0.246644 2
-0.039471 0.358116 -0.236569 2
-0.334960 0.264417 -0.298204 2
-0.146425 -0.054270 0.327869 3
-0.040413 0.145344 0.165857 3
-0.144604 -0.006283 0.295739 3
-0.092245 0.042057 0.289599 3
-0.013709 0.162401 0.150296 3
-0.119003 0.006209 0.301718 3
-0.381835 -0.536070 0.462461 3
0.511893 -0.376109 -0.276696 0
-0.341673 -0.430980 0.394818 3
0.181255 0.266628 -0.246763 2
0.415487 -0.072397 -0.266833 1
0.325848 0.078176 -0.236044 2
-0.175779 -0.027053 0.274725 3
0.348960 0.031313 -0.230740 2
-0.164766 -0.097416 0.342141 3
0.457445 0.155620 -0.286322 1
-0.148630 -0.030259 0.302325 3
0.539404 -0.526192 -0.312705 0
-0.167748 -0.060640 0.320740 3
0.501058 -0.339913 -0.272570 0
-0.314763 0.247457 -0.296069 2
-0.373870 0.232872 -0.286755 2
-0.095106 0.371441 -0.262508 2
-0.193478 -0.189710 0.347406 3
0.464964 -0.009010 -0.253893 1
0.449020 0.089531 -0.281260 1
0.036633 0.187093 0.119321 3
-0.114257 0.027162 0.281101 3
0.114551 0.209235 0.005649 3
-0.391988 -0.566969 0.481678 3
-0.108204 0.072542 0.244750 3
-0.170557 0.357204 -0.299040 2
-0.474271 0.187036 -0.291593 2
0.464889 0.000986 -0.256318 1
-0.368073 0.216235 -0.278978 2
-0.457767 -0.600791 0.477066 3
0.422656 -0.139249 -0.256856 0
0.076841 0.194486 0.084602 3
0.046335 0.339230 -0.257083 2
-0.515780 0.139994 -0.311347 2
0.485360 -0.288598 -0.266961 0
-0.144398 -0.023776 0.296253 3
-0.270314 -0.309369 0.366948 3
-0.374359 0.264921 -0.279572 2
0.191803 0.197282 -0.071521 3
-0.155401 -0.051988 0.331063 3
-0.166636 -0.005234 0.258288 3
-0.274459 -0.370181 0.412299 3
-0.126005 0.042377 0.258824 3
-0.351756 -0.480273 0.434629 3
0.091162 0.199160 0.036194 3
-0.164565 -0.045876 0.304544 3
0.500864 -0.309111 -0.271417 0
0.444515 -0.169992 -0.254517 0
0.400474 0.021716 -0.262445 1
0.433772 -0.148925 -0.262098 0
0.020273 0.349133 -0.258880 2
-0.193625 -0.155753 0.309097 3
-0.125774 0.372224 -0.257867 2
0.479251 -0.247104 -0.271601 0
0.200531 0.247423 -0.251958 2
-0.159406 -0.092235 0.347571 3
-0.159074 -0.041182 0.310098 3
-0.312594 -0.370801 0.399896 3
-0.401125 -0.581416 0.488664 3
0.113972 0.213829 0.052099 3
-0.230221 -0.225906 0.336650 3
-0.257577 0.294903 -0.297066 2
0.401289 -0.014804 -0.263005 1
-0.320406 -0.477375 0.456251 3
-0.157297 0.000822 0.264893 3
0.333473 0.073512 -0.250498 2
0.449794 -0.190025 -0.267987 0
-0.052652 0.100323 0.255304 3
0.462526 -0.040717 -0.247043 1
0.035197 0.343231 -0.251587 2
-0.455648 0.216562 -0.281050 2
-0.480739 0.185726 -0.275666 2
0.135379 0.206937 -0.018452 3
-0.402977 -0.563428 0.476724 3
-0.510500 0.156054 -0.312926 2
-0.156976 -0.076582 0.335519 3
0.009719 0.145006 0.197627 3
-0.226899 -0.216002 0.326591 3
0.388020 -0.020229 -0.230999 0
0.444865 -0.056401 -0.243440 1
0.128960 0.208299 0.011085 3
0.048122 0.200884 0.083717 3
-0.247304 -0.309162 0.387308 3
-0.055701 0.124509 0.174399 3
0.425104 -0.096758 -0.279927 1
0.307584 0.119204 -0.241515 2
-0.117942 0.371463 -0.263518 2
0.572223 -0.586731 -0.300550 0
0.244623 0.190713 -0.211487 2
-0.085920 0.046732 0.293992 3
-0.536104 0.129779 -0.266618 2
0.441640 -0.145721 -0.273467 1
0.388744 -0.034883 -0.227968 0
0.264950 0.166779 -0.221183 2
-0.213330 -0.216509 0.351288 3
0.059949 0.330541 -0.267516 2
0.045836 0.167545 0.122106 3
-0.076618 0.077971 0.260982 3
-0.126070 0.371110 -0.247227 2
-0.243944 0.324224 -0.292387 2
-0.381908 -0.514943 0.439630 3
0.492503 -0.298191 -0.279986 0
-0.319077 -0.381639 0.377973 3
-0.199145 -0.204681 0.352938 3
-0.069753 0.092409 0.263641 3
0.068139 0.193064 0.100620 3
0.314311 0.091341 -0.188237 3
0.172199 0.262958 -0.221952 2
0.144604 0.268613 -0.215487 2
0.115642 0.213274 0.072306 3
-0.178529 -0.137771 0.306875 3
-0.169808 -0.076632 0.321617 3
-0.110128 -0.050025 0.321802 3
-0.454531 -0.608676 0.474480 3
0.084156 0.316766 -0.220406 2
-0.324408 -0.400940 0.385893 3
-0.324663 0.254125 -0.299132 2
-0.370564 0.208387 -0.274930 2
-0.469248 0.171438 -0.291553 2
0.444279 -0.180004 -0.256613 0
-0.379368 0.198255 -0.273129 2
0.068166 0.205620 0.057350 3
-0.280855 -0.380918 0.397037 3
-0.110789 0.075658 0.236840 3
-0.297524 -0.315167 0.357747 3
0.463561 -0.221672 -0.269297 0
-0.404303 0.232931 -0.287213 2
0.079538 0.324183 -0.236290 2
-0.100289 0.052575 0.274680 3
-0.286342 -0.324238 0.365153 3
0.525308 -0.423765 -0.296328 0
0.444164 0.108410 -0.283132 1
0.289120 0.144678 -0.246621 2
-0.200406 -0.092705 0.324940 3
0.274640 0.159252 -0.250503 2
-0.392176 -0.526358 0.449086 3
-0.541416 0.114210 -0.307209 2
-0.072444 0.078356 0.279291 3
-0.279893 -0.296868 0.357463 3
0.169614 0.204626 -0.046987 3
0.168285 0.266280 -0.232815 2
0.225378 0.225267 -0.251756 2
0.482112 -0.272202 -0.272517 0
0.438502 0.092412 -0.281354 1
-0.297187 -0.361857 0.382855 3
-0.331301 -0.434047 0.414305 3
-0.047816 0.111010 0.227604 3
-0.064338 0.100772 0.237257 3
0.513249 -0.355612 -0.274378 0
-0.134062 -0.014303 0.302405 3
-0.381727 -0.489332 0.420772 3
-0.241645 0.304942 -0.299410 2
0.449352 -0.092197 -0.235522 1
0.021250 0.346658 -0.221282 2
-0.179632 -0.072211 0.319639 3
0.436436 -0.118648 -0.246041 1
0.026395 0.345300 -0.247512 2
0.493212 -0.293432 -0.267997 0
0.071359 0.183754 0.103081 3
0.096353 0.209014 0.072107 3
0.098114 0.313997 -0.231565 2
-0.453841 0.156852 -0.269755 2
-0.032579 0.139031 0.196345 3
-0.349603 0.237790 -0.286724 2
-0.132420 0.025910 0.273496 3
0.211382 0.193710 -0.073104 3
-0.395518 -0.548683 0.467224 3
-0.256984 -0.248924 0.340280 3
0.067760 0.192019 0.116341 3
0.526772 -0.417004 -0.280023 0
-0.030412 0.357371 -0.234039 2
-0.210179 -0.221422 0.373818 3
0.315014 0.097955 -0.179484 3
-0.124893 -0.015094 0.319801 3
-0.088782 0.097426 0.217024 3
-0.124614 0.030215 0.278696 3
-0.064039 0.105069 0.228535 3
-0.094969 -0.004981 0.319087 3
-0.365799 0.248320 -0.284997 2
0.232398 0.189959 -0.086650 3
-0.412917 0.190999 -0.283399 2
-0.435835 -0.582536 0.469618 3
-0.179738 -0.095412 0.343427 3
0.445106 0.021600 -0.261700 1
0.206197 0.195385 -0.080485 3
-0.256468 0.339378 -0.267676 2
-0.144160 -0.082053 0.335697 3
-0.091728 0.380432 -0.280346 2
0.524905 -0.403367 -0.291198 0
0.432339 -0.153754 -0.253367 0
-0.146827 -0.044691 0.322668 3
0.022592 0.164590 0.149785 3
-0.365923 -0.474198 0.413551 3
-0.218418 -0.195498 0.320587 3
-0.041033 0.134833 0.191305 3
-0.269803 -0.262894 0.370390 3
0.302337 0.114059 -0.170639 3
0.230925 0.205699 -0.207047 2
-0.266464 -0.349057 0.397439 3
-0.015647 0.156426 0.165282 3
-0.317409 -0.447347 0.428243 3
-0.018795 0.348725 -0.226986 2
0.375178 0.001007 -0.218172 3
0.400563 0.096651 -0.275368 1
-0.032990 0.362103 -0.252477 2
-0.168367 -0.082621 0.345913 3
0.177959 0.252615 -0.213312 2
0.456808 -0.236758 -0.267072 0
-0.157558 -0.059634 0.315715 3
-0.112700 -0.030268 0.326776 3
-0.194708 -0.079652 0.311723 3
-0.460346 0.191004 -0.278182 2
-0.071639 0.096875 0.240704 3
0.047473 0.188714 0.125072 3
0.182994 0.212349 -0.015464 3
-0.338284 -0.407096 0.390791 3
-0.232173 0.348023 -0.267892 2
0.556203 -0.540908 -0.293898 0
-0.349638 0.278206 -0.292005 2
0.416313 -0.087154 -0.244044 0
