-0.038134 0.050976 0.012540 2
-0.923533 0.227891 -0.308469 2
0.186422 -0.563385 -0.112860 0
0.470088 0.003717 0.345487 1
-0.509234 0.109192 -0.086833 2
0.300854 -0.117753 0.028542 1
0.161170 -0.311750 -0.059883 0
-0.255610 0.120483 -0.098040 2
-0.723709 0.105940 -0.216957 2
0.101746 -0.100648 -0.014113 2
0.332680 -0.023569 0.203140 1
-0.181355 0.090499 0.018677 2
-0.377156 0.092817 -0.037645 2
0.196427 -0.208030 0.029531 1
0.155151 -0.431368 -0.124763 0
-0.587089 0.099824 -0.196748 2
-0.816302 0.203275 -0.224470 2
0.062364 0.009601 -0.051775 2
0.445800 -0.029209 0.234253 1
-0.109107 0.084602 -0.073771 2
0.368953 -0.080209 0.108359 1
0.045469 -0.025690 0.047387 2
0.269693 -0.046349 0.117780 1
-0.663685 0.157016 -0.147548 2
-0.413395 0.133350 -0.124773 2
0.170386 -0.161071 -0.052994 2
-0.275851 0.099960 -0.004233 2
0.376810 0.006138 0.278083 1
0.199623 -0.388717 -0.063510 0
-0.585398 0.133660 -0.115608 2
-0.498936 0.107965 -0.170908 2
-0.745998 0.182577 -0.184091 2
0.214718 -0.244620 -0.042490 1
-0.336945 0.126598 -0.099977 2
-0.006966 0.055405 -0.060707 2
-0.188187 0.096936 -0.060041 2
0.411538 -0.057633 0.169673 1
0.200788 -0.487295 -0.095859 0
0.244809 -0.155504 -0.007427 1
-0.108412 0.070563 0.033593 2
0.134601 -0.166725 0.014193 2
-0.868580 0.183703 -0.280508 2
-0.796925 0.131982 -0.240575 2
0.237260 -0.104323 0.084979 1
-0.438268 0.088111 -0.074565 2
0.151499 -0.226589 -0.020699 2
-0.656303 0.100236 -0.205448 2
0.018525 0.014035 -0.000258 2
0.107955 -0.039117 -0.046651 2
0.326439 -0.050267 0.145699 1
0.311141 -0.082318 0.084034 1
0.091181 -0.074299 0.040659 2
0.435796 -0.007696 0.295742 1
-0.318673 0.094264 -0.051405 2
-0.133800 0.083631 -0.018810 2
0.063684 -0.032248 -0.008447 2
0.383313 -0.030618 0.232305 1
0.170755 -0.512523 -0.139186 0
-0.067991 0.072798 -0.032119 2
0.215330 -0.157666 0.053871 1
0.177416 -0.277528 -0.013871 0
-0.544500 0.096337 -0.138164 2
0.144825 -0.110818 -0.053336 2
-0.460658 0.100450 -0.124779 2
-0.621417 0.120903 -0.158447 2
-0.704923 0.145862 -0.181049 2
-0.222915 0.095396 -0.018371 2
-0.007580 0.025433 0.048786 2
0.176184 -0.441848 -0.076358 0
0.284692 -0.018907 0.159407 1
-0.389481 0.105221 -0.086395 2
0.219655 -0.199741 -0.015229 1
-0.262570 0.096075 -0.054218 2
-0.755535 0.143942 -0.214383 2
0.119059 -0.114513 0.030195 2
0.199722 -0.341878 -0.047607 0
0.151136 -0.481078 -0.106557 0
0.254944 -0.135194 0.038386 1
-0.829041 0.164407 -0.254679 2
0.164697 -0.359446 -0.076867 0
0.366478 -0.044829 0.177902 1
0.184578 -0.205739 -0.053145 2
0.340660 -0.000099 0.242564 1
0.169075 -0.256887 -0.053274 2
0.121141 -0.141748 -0.019916 2
-0.784946 0.178256 -0.206256 2
0.163651 -0.400993 -0.088048 0
0.194181 -0.235779 -0.003200 1
-0.848356 0.209779 -0.252327 2
-0.151809 0.100826 -0.082425 2
0.135805 -0.181328 -0.027214 2
0.410319 -0.022952 0.264899 1
-0.546186 0.100285 -0.184857 2
-0.296192 0.112005 -0.082511 2
0.024626 0.033131 -0.044118 2
0.269895 -0.079566 0.088477 1
-0.076968 0.064812 0.007770 2
0.202714 -0.528869 -0.097673 0
-0.666064 0.123893 -0.171517 2
-0.583310 0.106276 -0.155435 2
-0.215732 0.113414 -0.092858 2
-0.504831 0.095691 -0.124892 2
0.200202 -0.302013 -0.036380 0
-0.045133 0.071450 -0.065231 2
0.379381 -0.061811 0.142577 1
0.126398 -0.077806 -0.039907 2
-0.016268 0.048551 -0.022374 2
-0.546179 0.118452 -0.104867 2
-0.173003 0.090077 -0.023380 2
0.277806 -0.106855 0.059294 1
0.085270 -0.067590 0.000676 2
-0.895944 0.212095 -0.281670 2
0.422760 -0.044606 0.205087 1
0.228260 -0.179307 0.019001 1
-0.372463 0.136869 -0.110646 2
-0.475715 0.090992 -0.085499 2
-0.629101 0.148831 -0.133794 2
-0.354004 0.102918 -0.073226 2
0.438408 0.012199 0.327396 1
0.347770 -0.091981 0.079848 1
0.016267 -0.002025 0.040328 2
-0.225108 0.096843 -0.055806 2
0.165507 -0.532775 -0.108514 0
-0.144623 0.080098 0.016222 2
0.332147 -0.071082 0.112084 1
0.065247 -0.046648 0.025061 2
0.323823 -0.101980 0.051848 1
-0.060902 0.052830 0.040569 2
0.048088 -0.001430 -0.019087 2
-0.466758 0.117129 -0.157535 2
-0.427136 0.102599 -0.105555 2
-0.689831 0.112933 -0.206532 2
0.468074 -0.000298 0.309442 1
0.181428 -0.457778 -0.108009 0
0.271505 -0.136570 0.006213 1
0.455374 -0.012886 0.267029 1
-0.411799 0.092157 -0.052012 2
-0.343397 0.094741 -0.026750 2
-0.622300 0.093974 -0.200671 2
0.404634 0.011920 0.297701 1
0.315138 -0.025695 0.173685 1
0.080889 -0.019612 -0.035251 2
-0.100461 0.081836 -0.037065 2
-0.308281 0.097843 -0.014037 2
-0.803536 0.163385 -0.231189 2
0.192115 -0.417276 -0.094194 0
-0.136920 0.091282 -0.054159 2
0.042857 -0.014109 0.016300 2
0.300089 -0.059480 0.115595 1
0.199902 -0.275409 -0.056058 0
0.229332 -0.129560 0.064168 1
-0.077445 0.079868 -0.066279 2
0.244745 -0.067730 0.105800 1
-0.105321 0.075173 -0.003964 2
-0.010637 0.034096 0.012849 2
0.168649 -0.479260 -0.133407 0
0.184965 -0.540988 -0.136333 0
-0.735546 0.147905 -0.188800 2
0.388299 -0.041019 0.200479 1
-0.440866 0.123671 -0.140703 2
-0.215010 0.098564 0.011972 2
-0.746898 0.121727 -0.234908 2
0.104989 -0.061056 -0.022861 2
0.171298 -0.503428 -0.099608 0
0.098835 -0.092063 0.016667 2
0.370598 -0.012938 0.254734 1
-0.307358 0.133692 -0.104186 2
-0.691277 0.163561 -0.160169 2
0.353297 -0.025689 0.229570 1
-0.184068 0.108821 -0.087802 2
0.159718 -0.284481 -0.044372 0
-0.290925 0.094682 -0.038831 2
0.181664 -0.334913 -0.071507 0
0.158935 -0.198756 -0.035544 2
-0.044811 0.056392 -0.017119 2
0.159097 -0.255844 -0.025023 2
-0.033649 0.041937 0.046423 2
0.306764 -0.009617 0.197727 1
0.127394 -0.137266 0.012647 2
0.292484 -0.038741 0.135540 1
0.416393 -0.033145 0.232368 1
0.181700 -0.412065 -0.066331 0
0.149103 -0.146377 -0.039025 2
-0.568350 0.112816 -0.127344 2
-0.324535 0.110872 -0.075419 2
-0.526650 0.097117 -0.161203 2
0.145837 -0.441566 -0.099186 0
-0.638616 0.108622 -0.182143 2
0.177837 -0.325184 -0.039537 0
0.351506 -0.058869 0.134982 1
-0.721735 0.169207 -0.175737 2
0.170511 -0.381993 -0.060486 0
-0.872238 0.218181 -0.265235 2
0.195189 -0.262136 -0.029819 0
-0.486137 0.099604 -0.145877 2
-0.644033 0.137798 -0.155647 2
0.130338 -0.111155 -0.028961 2
0.198740 -0.457852 -0.085951 0
-0.254726 0.097424 -0.022162 2
0.203512 -0.183022 0.039065 1
-0.718206 0.126118 -0.198889 2
-0.525942 0.099856 -0.107725 2
-0.269711 0.103925 -0.081228 2
0.222229 -0.217517 -0.035999 1
0.175432 -0.475642 -0.088041 0
0.171042 -0.352852 -0.051070 0
-0.604073 0.128885 -0.138901 2
0.136862 -0.418031 -0.109967 0
0.358826 -0.037945 0.206122 1
0.192446 -0.512295 -0.116375 0
0.180170 -0.379863 -0.085738 0
0.341143 -0.035910 0.179449 1
0.323671 -0.004285 0.219529 1
0.001758 0.029557 -0.014314 2
-0.849041 0.180680 -0.262046 2
-0.783673 0.147236 -0.223020 2
-0.193726 0.092145 -0.006584 2
-0.242557 0.102068 -0.075163 2
0.207679 -0.213151 0.006074 1
0.143380 -0.190338 -0.000294 2
0.194665 -0.363771 -0.070555 0
-0.603968 0.103257 -0.171560 2
-0.413162 0.091108 -0.081642 2
0.181287 -0.293840 -0.057754 0
0.030493 0.018464 -0.023003 2
-0.355351 0.088966 -0.050915 2
-0.808873 0.148540 -0.257421 2
0.236826 -0.153537 0.038192 1
0.119185 -0.118271 -0.002635 2
-0.037089 0.060315 -0.043611 2
0.228810 -0.177163 -0.007443 1
-0.772167 0.122281 -0.231934 2
-0.202223 0.091532 -0.039793 2
0.174102 -0.432683 -0.102542 0
0.006849 0.018391 0.029151 2
-0.688343 0.125622 -0.182927 2
0.151797 -0.456047 -0.127312 0
0.348148 -0.048448 0.158952 1
-0.389632 0.092904 -0.063600 2
0.254219 -0.114068 0.063276 1
-0.281412 0.123887 -0.098733 2
-0.167005 0.091748 -0.047971 2
-0.405521 0.117418 -0.100956 2
0.136657 -0.160230 -0.013939 2
-0.756186 0.160621 -0.194194 2
0.166284 -0.242048 -0.005723 2
-0.482466 0.092730 -0.109246 2
0.276811 -0.123395 0.029391 1
0.158400 -0.235103 -0.043671 2
0.302171 -0.094805 0.064785 1
-0.824281 0.179129 -0.235514 2
-0.566313 0.096623 -0.171354 2
-0.454258 0.091604 -0.097188 2
0.185482 -0.481449 -0.113979 0
-0.154227 0.085708 -0.005875 2
0.408857 -0.010128 0.285323 1
0.178058 -0.296949 -0.028680 0
0.001732 0.041793 -0.043018 2
0.199023 -0.434910 -0.077999 0
0.432881 -0.023953 0.253637 1
0.075857 -0.056467 0.044284 2
-0.082215 0.062182 0.035747 2
-0.295603 0.099312 -0.061620 2
0.084012 -0.039815 -0.018006 2
0.246241 -0.149850 0.016834 1
0.207912 -0.230381 -0.021619 1
0.388126 -0.051483 0.171283 1
0.177999 -0.183315 -0.051768 2
0.391277 -0.010074 0.270077 1
-0.735412 0.130360 -0.213680 2
0.028571 0.003950 0.017876 2
-0.373147 0.120150 -0.092692 2
0.200236 -0.545101 -0.114360 0
-0.460762 0.098570 -0.069831 2
-0.682045 0.143219 -0.169760 2
0.291813 -0.076302 0.094293 1
0.191971 -0.319663 -0.058308 0
-0.250174 0.100505 -0.000234 2
-0.205479 0.103057 -0.075661 2
0.043731 0.020406 -0.045214 2
-0.130268 0.094899 -0.075291 2
0.422043 0.003550 0.309410 1
0.080177 -0.067003 0.022488 2
0.273582 -0.063145 0.103510 1
0.164228 -0.453205 -0.094084 0
0.456361 -0.000919 0.328616 1
-0.066305 0.063615 -0.011949 2
0.165423 -0.556495 -0.114920 0
-0.672445 0.111904 -0.189859 2
0.459634 -0.005373 0.289706 1
0.156391 -0.171721 -0.039697 2
0.191220 -0.235814 -0.053494 0
-0.239212 0.097049 -0.037794 2
-0.393417 0.140398 -0.118797 2
0.122353 -0.056826 -0.045103 2
0.031544 -0.006834 -0.001035 2
0.184470 -0.254939 0.000977 1
0.112768 -0.083604 -0.022112 2
0.256080 -0.096000 0.077787 1
-0.836458 0.198060 -0.238361 2
0.304348 -0.033048 0.156316 1
-0.088440 0.071824 -0.017217 2
-0.510509 0.095686 -0.146759 2
0.406767 -0.047399 0.190730 1
-0.429741 0.118000 -0.120530 2
0.296906 -0.014316 0.179052 1
-0.796629 0.191548 -0.218655 2
-0.322911 0.088547 -0.029664 2
0.297815 -0.105913 0.046864 1
0.150512 -0.178030 0.023277 2
0.155373 -0.131030 -0.052704 2
-0.119974 0.075822 0.016279 2
0.078459 -0.047907 0.005760 2
-0.865378 0.196793 -0.253376 2
0.164465 -0.425267 -0.084977 0
0.329004 -0.091454 0.069708 1
-0.766581 0.188028 -0.201562 2
0.146995 -0.206676 -0.014569 2
0.163509 -0.332928 -0.059415 0
-0.772220 0.156509 -0.207718 2
-0.910380 0.214343 -0.298769 2
0.286459 -0.091416 0.078627 1
0.326488 -0.041713 0.165027 1
-0.059647 0.058363 0.020218 2
-0.562212 0.100125 -0.148920 2
0.192588 -0.441327 -0.097446 0
0.334159 -0.081876 0.092264 1
-0.489445 0.106013 -0.080294 2
0.066691 -0.001093 -0.034241 2
0.401669 -0.063582 0.152221 1
0.274091 -0.029064 0.133481 1
-0.120655 0.085938 -0.040388 2
-0.026856 0.035454 0.027875 2
0.210321 -0.192591 0.021942 1
-0.703981 0.110157 -0.221868 2
-0.668811 0.138169 -0.154522 2
0.352675 -0.069885 0.115985 1
0.145795 -0.123453 -0.035244 2
0.152953 -0.501463 -0.108852 0
0.220999 -0.193607 0.004357 1
0.316647 -0.056980 0.127465 1
0.192995 -0.228498 0.015916 1
0.191619 -0.505851 -0.097065 0
-0.529114 0.114615 -0.094064 2
-0.059551 0.072864 -0.050624 2
0.395052 -0.026224 0.251871 1
0.195721 -0.283532 -0.029305 0
0.436377 -0.038878 0.219143 1
0.156932 -0.418206 -0.107249 0
-0.640606 0.119148 -0.164652 2
-0.546491 0.103844 -0.118834 2
-0.021770 0.043387 -0.001213 2
0.213976 -0.142483 0.067070 1
-0.564523 0.126492 -0.107147 2
-0.173608 0.087207 0.000381 2
0.059810 -0.025583 0.010157 2
0.060432 -0.043546 0.045036 2
0.378703 -0.072990 0.124420 1
-0.339337 0.096767 -0.060168 2
-0.345512 0.118574 -0.083740 2
0.149042 -0.460368 -0.105094 0
0.184404 -0.399022 -0.091773 0
0.107292 -0.091887 0.034680 2
0.311107 -0.071457 0.104153 1
-0.019168 0.051790 -0.042798 2
0.357530 0.001648 0.257881 1
-0.149373 0.084268 -0.030984 2
-0.882578 0.198235 -0.277186 2
-0.546324 0.096594 -0.163036 2
0.432488 -0.015024 0.277722 1
0.113311 -0.104798 0.012470 2
0.184996 -0.534609 -0.104162 0
0.157905 -0.209417 0.004732 2
-0.235190 0.111268 -0.090932 2
0.176007 -0.274857 -0.057254 0
0.170822 -0.218782 -0.048037 2
0.368414 -0.053308 0.160345 1
-0.584266 0.116359 -0.138201 2
-0.504233 0.095006 -0.099283 2
-0.315857 0.120532 -0.089992 2
0.196261 -0.403133 -0.076211 0
-0.432737 0.096735 -0.057986 2
-0.445762 0.101154 -0.112233 2
0.353350 -0.082194 0.095716 1
-0.052244 0.057705 0.000815 2
-0.374227 0.100791 -0.075170 2
0.188896 -0.360361 -0.051351 0
-0.565301 0.099254 -0.190508 2
-0.099113 0.069876 0.016642 2
0.007653 0.011785 0.050779 2
0.218361 -0.171450 0.034670 1
-0.093446 0.082193 -0.055704 2
0.034440 -0.008398 0.039422 2
0.201588 -0.250002 -0.013839 1
-0.353420 0.135698 -0.108316 2
0.241585 -0.087203 0.092565 1
0.338473 -0.013559 0.229071 1
0.178110 -0.495539 -0.124592 0
-0.525272 0.103179 -0.179281 2
-0.612964 0.142272 -0.125927 2
0.052402 -0.032624 0.026950 2
-0.600122 0.114321 -0.151245 2
-0.388823 0.126547 -0.102373 2
-0.736250 0.166961 -0.189379 2
-0.619115 0.101999 -0.183066 2
-0.289881 0.093756 -0.016648 2
-0.024593 0.062462 -0.061829 2
0.135078 -0.146964 0.027062 2
0.095392 -0.023753 -0.046584 2
-0.524230 0.097695 -0.126345 2
0.049984 -0.019471 -0.007436 2
0.446732 -0.003364 0.312722 1
0.095867 -0.083249 -0.010376 2
0.399832 -0.037599 0.214814 1
-0.045203 0.049201 0.029766 2
0.167791 -0.544043 -0.129640 0
-0.159303 0.096929 -0.065773 2
-0.480903 0.096807 -0.127377 2
0.135016 -0.098683 -0.041884 2
0.143829 -0.211115 -0.032299 2
-0.116412 0.079030 -0.023296 2
0.163218 -0.382599 -0.077502 0
0.369107 -0.030132 0.220459 1
-0.646485 0.155146 -0.141179 2
0.239173 -0.137772 0.050953 1
-0.586812 0.098173 -0.175885 2
0.015541 0.042709 -0.056944 2
0.153143 -0.252717 -0.043902 2
0.166870 -0.463043 -0.119624 0
0.192886 -0.529325 -0.122993 0
0.127332 -0.130994 0.031346 2
0.268418 -0.118980 0.049567 1
0.073719 -0.054764 -0.010265 2
-0.224584 0.103554 -0.078514 2
-0.458622 0.110987 -0.139225 2
-0.271191 0.097688 -0.038511 2
0.200133 -0.324935 -0.041709 0
-0.702987 0.170779 -0.171692 2
-0.671523 0.104122 -0.214121 2
-0.229691 0.099237 0.001800 2
0.110451 -0.117390 -0.018203 2
0.167935 -0.398137 -0.067683 0
0.235710 -0.168735 0.006651 1
0.167965 -0.281350 -0.028421 0
-0.638748 0.101286 -0.207910 2
-0.184389 0.090868 -0.043791 2
-0.360655 0.095567 -0.030785 2
-0.161163 0.083943 0.021199 2
0.206376 -0.259768 -0.045880 0
-0.789235 0.169003 -0.220604 2
-0.827337 0.147208 -0.251378 2
-0.173234 0.101424 -0.076123 2
0.180932 -0.458215 -0.080404 0
-0.272913 0.094014 -0.020972 2
0.188575 -0.377392 -0.056013 0
-0.808607 0.179357 -0.222275 2
-0.483154 0.112132 -0.164689 2
0.327742 -0.025779 0.186534 1
-0.779279 0.137295 -0.237059 2
0.213788 -0.218053 -0.010903 1
-0.435589 0.092987 -0.093865 2
0.262174 -0.135023 0.020730 1
0.006799 0.023923 0.007770 2
0.043536 0.008712 -0.032336 2
-0.813510 0.161034 -0.246403 2
0.283876 -0.127389 0.014123 1
-0.620108 0.133247 -0.146428 2
-0.207921 0.097525 -0.059479 2
-0.392079 0.089897 -0.046787 2
0.368146 -0.027799 0.240030 1
-0.656562 0.111294 -0.183213 2
0.164951 -0.445197 -0.121763 0
-0.700656 0.128273 -0.194646 2
0.189541 -0.266817 -0.045367 0
0.238505 -0.166431 0.023950 1
-0.719179 0.152333 -0.173842 2
0.016898 0.026416 -0.030362 2
0.098119 -0.076822 0.007285 2
0.227177 -0.116619 0.078656 1
-0.049517 0.065939 -0.033294 2
-0.205473 0.093237 -0.023089 2
0.096064 -0.043515 -0.029524 2
0.288376 -0.047793 0.119784 1
0.131411 -0.145872 -0.006377 2
0.180911 -0.354334 -0.077908 0
-0.136335 0.081770 -0.002071 2
0.141214 -0.165487 -0.030292 2
-0.012359 0.026604 0.028772 2
-0.444054 0.109835 -0.126758 2
0.394681 -0.000760 0.284635 1
0.137567 -0.434641 -0.113543 0
0.166677 -0.299855 -0.042286 0
0.159802 -0.147802 -0.052210 2
0.178614 -0.519198 -0.101159 0
-0.324030 0.135626 -0.106443 2
-0.082129 0.078194 -0.039695 2
0.175094 -0.412408 -0.096255 0
0.070366 -0.016121 -0.022513 2
0.334485 -0.061617 0.125872 1
-0.278161 0.100629 -0.066995 2
-0.601401 0.097219 -0.188199 2
0.174650 -0.213634 -0.030095 2
0.187188 -0.249364 -0.037392 0
-0.839169 0.165438 -0.268104 2
0.255401 -0.055952 0.111374 1
-0.792638 0.150450 -0.236872 2
-0.119927 0.090417 -0.062308 2
-0.413327 0.099400 -0.096571 2
0.081919 -0.008663 -0.047920 2
0.182868 -0.395180 -0.060639 0
0.354060 -0.009873 0.244964 1
0.183268 -0.343069 -0.045127 0
0.176009 -0.316566 -0.065724 0
0.144815 -0.179855 -0.013288 2
-0.061296 0.077814 -0.069267 2
-0.528279 0.096355 -0.142337 2
0.194408 -0.384449 -0.078621 0
0.174704 -0.236555 -0.052893 2
0.192879 -0.343913 -0.063343 0
0.423006 -0.049400 0.188673 1
-0.307817 0.090086 -0.036113 2
0.118173 -0.123744 0.014370 2
0.156063 -0.194160 0.010429 2
0.118188 -0.099034 -0.022515 2
-0.334475 0.088753 -0.046800 2
0.314309 -0.109339 0.040832 1
-0.740655 0.112988 -0.222684 2
-0.029383 0.057912 -0.029484 2
0.253568 -0.145755 0.002933 1
0.176142 -0.527557 -0.142064 0
0.101237 -0.093800 0.000707 2
0.157645 -0.267232 -0.038429 2
-0.354897 0.126845 -0.094960 2
0.174350 -0.426474 -0.072011 0
0.343375 -0.027358 0.217031 1
0.199914 -0.473852 -0.086917 0
-0.845756 0.188157 -0.246949 2
-0.882966 0.206500 -0.262707 2
-0.762612 0.136315 -0.226613 2
0.140591 -0.170142 -0.001244 2
-0.002273 0.042129 -0.027522 2
0.183769 -0.310987 -0.035238 0
-0.239329 0.097735 -0.011625 2
-0.768895 0.170214 -0.195066 2
0.186263 -0.488106 -0.089333 0
-0.745571 0.145363 -0.200929 2
-0.420778 0.088215 -0.064567 2
0.167534 -0.242469 -0.023421 2
-0.374564 0.088094 -0.052592 2
-0.218792 0.095184 -0.033712 2
-0.244889 0.098091 -0.059998 2
-0.252910 0.109057 -0.087446 2
-0.456692 0.088974 -0.081799 2
0.115820 -0.065331 -0.033509 2
-0.678679 0.154974 -0.156146 2
0.193553 -0.291490 -0.046010 0
-0.299339 0.119955 -0.095718 2
-0.016441 0.035909 0.041108 2
0.312824 -0.042502 0.144497 1
0.450609 -0.020896 0.254410 1
-0.719703 0.146593 -0.188416 2
0.418870 -0.028415 0.248370 1
-0.471096 0.101347 -0.138652 2
0.093381 -0.064877 -0.012353 2
-0.364285 0.110808 -0.081872 2
0.349892 -0.036384 0.193466 1
-0.811566 0.138176 -0.246176 2
0.398500 -0.030559 0.235508 1
0.155260 -0.220862 -0.005357 2
0.162776 -0.348337 -0.066264 0
-0.398879 0.095307 -0.075771 2
0.227228 -0.188034 -0.021911 1
0.138513 -0.138107 -0.031420 2
0.201909 -0.247154 -0.033370 1
-0.364220 0.094115 -0.062410 2
-0.598398 0.141597 -0.121080 2
0.285194 -0.113910 0.038060 1
0.432944 0.013757 0.313167 1
-0.338229 0.104049 -0.074660 2
-0.856468 0.175445 -0.276174 2
0.284280 -0.028116 0.144827 1
0.170189 -0.367150 -0.056383 0
0.092727 -0.075307 0.025517 2
-0.787557 0.193272 -0.205947 2
-0.558006 0.113782 -0.113271 2
-0.419359 0.116052 -0.107181 2
0.385066 -0.056126 0.155514 1
-0.706191 0.156619 -0.167099 2
0.252215 -0.126719 0.055071 1
-0.031304 0.049456 -0.016335 2
0.392961 -0.068116 0.140020 1
-0.196182 0.093259 0.008354 2
0.169023 -0.202044 -0.046389 2
0.267877 -0.101890 0.070302 1
0.206218 -0.169127 0.049942 1
0.122471 -0.127211 -0.015896 2
0.452993 0.007825 0.340423 1
0.126518 -0.156247 -0.024326 2
0.035726 -0.025605 0.035915 2
-0.280471 0.097206 -0.050336 2
-0.892134 0.199515 -0.288844 2
0.130759 -0.158859 0.002089 2
-0.090344 0.085552 -0.071150 2
-0.047271 0.047849 0.045090 2
-0.501103 0.100395 -0.157301 2
-0.722468 0.123071 -0.212951 2
0.376055 -0.038216 0.208426 1
-0.727015 0.137988 -0.200414 2
0.167171 -0.286794 -0.057254 0
-0.446832 0.096849 -0.065031 2
-0.465208 0.094680 -0.111896 2
-0.090597 0.059684 0.023120 2
-0.706850 0.120468 -0.206459 2
-0.085978 0.070058 -0.002689 2
0.158723 -0.519667 -0.108925 0
0.441691 -0.018334 0.266363 1
0.141529 -0.194858 -0.026276 2
-0.753171 0.177023 -0.195667 2
0.227125 -0.145275 0.054765 1
0.356495 -0.053001 0.147749 1
0.199588 -0.416952 -0.072488 0
-0.186665 0.091706 -0.028527 2
0.162116 -0.437566 -0.109409 0
-0.588351 0.124684 -0.126738 2
0.352197 -0.043957 0.174329 1
0.028340 0.008952 -0.012142 2
-0.024951 0.043996 0.012995 2
-0.277695 0.113496 -0.089228 2
0.035175 0.028129 -0.054110 2
-0.308985 0.103864 -0.065007 2
-0.864973 0.192434 -0.267220 2
0.107729 -0.049655 -0.035589 2
0.183680 -0.515645 -0.133397 0
0.152361 -0.237868 -0.029759 2
0.419367 -0.039297 0.219599 1
0.300429 -0.049750 0.130499 1
0.166530 -0.322411 -0.048120 0
0.165361 -0.479884 -0.097505 0
0.155840 -0.474462 -0.128759 0
0.027887 -0.007974 0.025948 2
0.380351 -0.022087 0.249380 1
-0.403854 0.130987 -0.114253 2
0.141173 -0.159825 0.025015 2
0.195921 -0.495713 -0.106446 0
-0.693863 0.137034 -0.175116 2
0.158666 -0.215517 -0.041163 2
0.162553 -0.184350 -0.042513 2
-0.427472 0.127527 -0.130949 2
-0.686679 0.107683 -0.219448 2
-0.134331 0.076809 0.025577 2
0.260649 -0.068466 0.100598 1
-0.768289 0.150174 -0.219874 2
0.217184 -0.230839 -0.035355 1
0.363865 -0.065909 0.123875 1
-0.495014 0.096355 -0.135236 2
-0.492997 0.097066 -0.090773 2
-0.750107 0.132213 -0.220330 2
0.309205 -0.017219 0.185565 1
0.316026 -0.010543 0.208462 1
0.066153 -0.042504 0.001152 2
-0.616695 0.107330 -0.166740 2
0.241488 -0.120224 0.063533 1
-0.762499 0.128167 -0.240389 2
-0.110273 0.085743 -0.049963 2
-0.657442 0.144461 -0.145846 2
0.143054 -0.181221 0.010487 2
0.365449 -0.060391 0.139757 1
-0.159622 0.085547 0.007287 2
0.171303 -0.498441 -0.136567 0
0.378584 -0.044738 0.185078 1
-0.207695 0.092680 -0.004965 2
-0.472950 0.089934 -0.099269 2
0.121666 -0.135827 -0.004815 2
-0.003068 0.015714 0.039715 2
0.107819 -0.106253 0.028623 2
0.185616 -0.219735 -0.052921 2
0.019629 0.006617 0.029800 2
-0.712166 0.134836 -0.189622 2
0.178419 -0.545606 -0.109838 0
0.421989 -0.005565 0.296555 1
-0.252655 0.097516 -0.041651 2
-0.788601 0.138562 -0.249608 2
0.334019 -0.017067 0.216215 1
-0.647382 0.104886 -0.192282 2
0.337171 -0.054800 0.137683 1
0.446827 -0.010034 0.286980 1
0.371865 -0.001502 0.267589 1
-0.864123 0.207323 -0.262316 2
-0.072839 0.057939 0.024465 2
0.322436 -0.076332 0.097826 1
0.189251 -0.469965 -0.107216 0
-0.102998 0.075675 -0.022512 2
0.237012 -0.163413 -0.015689 1
0.159666 -0.158861 -0.043629 2
0.165848 -0.246726 -0.042763 2
0.058531 -0.009404 -0.024969 2
0.200800 -0.224953 0.003953 1
-0.511752 0.105248 -0.175252 2
-0.119163 0.080265 -0.009844 2
0.225187 -0.157902 0.044144 1
0.186423 -0.306419 -0.059935 0
0.430965 -0.029562 0.241222 1
0.368761 -0.039070 0.196713 1
0.111188 -0.104470 -0.004913 2
0.187900 -0.429919 -0.071701 0
-0.147359 0.089886 -0.045380 2
0.315720 -0.067220 0.116348 1
0.033551 0.021989 -0.036234 2
0.268877 -0.091554 0.079550 1
0.393439 -0.047081 0.187754 1
-0.756822 0.116615 -0.227053 2
-0.402261 0.088040 -0.062070 2
-0.163161 0.086467 -0.036026 2
-0.556674 0.106815 -0.130948 2
-0.813779 0.187284 -0.232029 2
0.134696 -0.152606 0.013490 2
0.200272 -0.520161 -0.107803 0
0.067154 -0.036677 0.013373 2
0.434347 0.000899 0.317245 1
-0.192279 0.101995 -0.072838 2
-0.260874 0.100437 -0.071584 2
-0.517194 0.100927 -0.097451 2
-0.008624 0.034116 -0.000532 2
-0.326147 0.099071 -0.062099 2
0.298970 -0.086318 0.079262 1
0.248162 -0.144575 0.029129 1
-0.197153 0.111141 -0.090268 2
0.168051 -0.449553 -0.107475 0
0.015947 0.014461 0.019438 2
0.182327 -0.254360 -0.053653 0
0.193517 -0.447251 -0.079447 0
-0.491542 0.094562 -0.119415 2
0.045719 -0.010095 0.003759 2
0.150004 -0.193251 -0.011659 2
-0.473086 0.103224 -0.072627 2
-0.305429 0.096615 -0.051734 2
0.076528 -0.051956 0.020009 2
0.147580 -0.228922 -0.038586 2
-0.573255 0.109790 -0.142250 2
-0.659516 0.131548 -0.162621 2
0.154787 -0.213519 -0.024904 2
-0.572670 0.121176 -0.116413 2
0.170817 -0.334917 -0.045794 0
0.247969 -0.106735 0.072619 1
0.171210 -0.302127 -0.060879 0
-0.337004 0.138019 -0.108854 2
0.315465 -0.095654 0.063239 1
-0.332221 0.119781 -0.082428 2
0.128049 -0.095355 -0.030929 2
0.203814 -0.204058 0.019130 1
0.070154 -0.002371 -0.048603 2
0.167941 -0.410756 -0.071988 0
0.149012 -0.413027 -0.116639 0
0.290196 -0.098721 0.055103 1
0.417652 -0.014723 0.276441 1
-0.684960 0.114147 -0.193798 2
0.200595 -0.195846 0.037118 1
-0.632057 0.127901 -0.154632 2
0.164265 -0.373052 -0.068070 0
-0.474967 0.108260 -0.152048 2
-0.631284 0.139828 -0.143239 2
0.191091 -0.273176 -0.022532 0
-0.146804 0.096334 -0.070011 2
-0.627913 0.107020 -0.174585 2
-0.268017 0.124782 -0.099234 2
0.173892 -0.477696 -0.118993 0
0.263906 -0.127428 0.031333 1
-0.653457 0.121356 -0.168323 2
-0.035339 0.067240 -0.055950 2
0.197533 -0.533196 -0.108955 0
0.410194 -0.042713 0.208557 1
-0.122021 0.078604 0.003610 2
-0.734997 0.176991 -0.179672 2
0.257732 -0.080329 0.093221 1
-0.827200 0.204383 -0.231639 2
0.229647 -0.181707 0.006241 1
-0.695858 0.150641 -0.172958 2
0.217623 -0.207548 -0.000253 1
-0.673431 0.103918 -0.201218 2
-0.778602 0.160511 -0.218368 2
0.199758 -0.370868 -0.057597 0
0.002540 0.046876 -0.058058 2
-0.827580 0.176580 -0.247868 2
0.163353 -0.434618 -0.095423 0
-0.774315 0.171374 -0.209333 2
0.320687 -0.021466 0.198498 1
-0.840459 0.170515 -0.253272 2
-0.814652 0.170162 -0.231073 2
0.297562 -0.018358 0.166695 1
0.009291 0.038858 -0.032429 2
-0.610265 0.121576 -0.147711 2
0.169734 -0.370260 -0.081919 0
-0.537453 0.109076 -0.102275 2
0.223466 -0.189220 -0.008721 1
-0.852187 0.200060 -0.244683 2
0.383148 -0.015242 0.259970 1
0.214309 -0.201792 0.012020 1
0.410802 0.000620 0.298065 1
0.130899 -0.123880 -0.027110 2
0.057117 0.007112 -0.036807 2
-0.287049 0.105322 -0.076411 2
0.218414 -0.210313 -0.022393 1
0.016786 0.005821 0.009998 2
0.182035 -0.445745 -0.103653 0
0.086542 -0.051575 -0.013614 2
-0.007479 0.049987 -0.047689 2
0.184866 -0.369786 -0.079439 0
-0.046658 0.069055 -0.045343 2
0.219783 -0.132243 0.072210 1
0.099062 -0.033893 -0.037345 2
0.319032 -0.036264 0.156241 1
0.168938 -0.388129 -0.087457 0
0.209084 -0.233066 -0.009218 1
0.015678 0.018551 -0.011828 2
0.047691 -0.022634 0.004793 2
0.400539 -0.055395 0.163666 1
0.088214 -0.071024 0.012770 2
0.163137 -0.494629 -0.103825 0
0.145674 -0.439818 -0.124032 0
-0.535111 0.098710 -0.172581 2
0.075220 -0.042017 -0.009110 2
-0.611043 0.099633 -0.202247 2
0.217286 -0.181343 0.025045 1
-0.079938 0.074082 -0.027896 2
-0.080656 0.079396 -0.052222 2
0.337638 -0.033487 0.194874 1
-0.065311 0.062330 0.003490 2
0.168078 -0.463857 -0.088430 0
0.024990 -0.015326 0.044202 2
-0.001664 0.027792 0.019161 2
0.031230 0.004399 0.004780 2
0.381573 -0.035242 0.219406 1
-0.749356 0.170094 -0.185806 2
0.468215 0.001702 0.325130 1
0.403207 -0.011913 0.274194 1
0.358104 -0.028523 0.214454 1
-0.095985 0.066163 0.032483 2
0.328783 -0.036390 0.177112 1
-0.138018 0.085178 -0.036291 2
-0.810504 0.192174 -0.220937 2
-0.673116 0.133715 -0.168195 2
0.095161 -0.086279 0.031074 2
0.299221 -0.068021 0.106108 1
0.131511 -0.168380 -0.022918 2
0.346337 -0.032651 0.204870 1
0.086131 -0.064313 0.035065 2
0.140770 -0.426896 -0.102064 0
0.187134 -0.278016 -0.050372 0
0.004921 0.005010 0.040645 2
0.181348 -0.498799 -0.093507 0
0.190030 -0.295447 -0.031863 0
-0.733467 0.119295 -0.230688 2
-0.265448 0.113598 -0.091525 2
0.265733 -0.036212 0.123848 1
0.193182 -0.332041 -0.059024 0
-0.718699 0.114389 -0.224615 2
0.285546 -0.066498 0.102668 1
0.202383 -0.499789 -0.095505 0
0.342167 -0.077804 0.100883 1
0.168121 -0.175086 -0.048619 2
-0.164718 0.104789 -0.084503 2
0.318400 -0.089394 0.075822 1
0.456633 -0.003959 0.301650 1
-0.711659 0.161609 -0.177118 2
-0.514593 0.097517 -0.112045 2
0.050103 -0.037655 0.041657 2
-0.263586 0.099522 -0.005424 2
-0.183007 0.090895 -0.012529 2
0.039895 0.007456 -0.016732 2
-0.690381 0.145935 -0.161116 2
0.333986 -0.044765 0.155752 1
0.196430 -0.279973 -0.042597 0
0.187393 -0.428452 -0.096044 0
-0.027005 0.029840 0.039665 2
-0.131741 0.077975 0.013558 2
0.168079 -0.467226 -0.131140 0
0.190746 -0.551743 -0.110358 0
-0.295458 0.131738 -0.102229 2
-0.363683 0.131962 -0.101712 2
-0.088222 0.068459 0.011330 2
0.406594 -0.034893 0.224601 1
-0.911122 0.223657 -0.290935 2
0.063699 -0.053747 0.039278 2
0.229753 -0.166823 0.032382 1
-0.795655 0.155708 -0.226014 2
0.338405 -0.055056 0.149767 1
-0.714743 0.113675 -0.212685 2
0.163727 -0.544025 -0.112644 0
0.422778 -0.024293 0.260309 1
-0.243152 0.098499 -0.025552 2
0.164006 -0.228878 -0.002942 2
0.086286 -0.058858 0.008996 2
-0.033943 0.049869 0.001242 2
0.284978 -0.098859 0.066015 1
0.393839 -0.033390 0.224716 1
-0.119867 0.073879 0.031651 2
0.199582 -0.474016 -0.098989 0
-0.590015 0.102020 -0.164533 2
-0.145697 0.085514 -0.014410 2
-0.216215 0.092455 -0.045180 2
0.038279 -0.002522 -0.010060 2
-0.514976 0.099215 -0.163348 2
-0.031909 0.045698 0.031715 2
0.247415 -0.077604 0.098820 1
-0.017751 0.041527 -0.012700 2
0.169295 -0.327720 -0.068604 0
-0.825910 0.192375 -0.239553 2
0.337706 -0.099023 0.066254 1
0.060277 -0.017626 -0.013385 2
-0.139934 0.098934 -0.082393 2
0.119107 -0.132910 0.022813 2
-0.660396 0.109361 -0.194422 2
0.184515 -0.284831 -0.025223 0
-0.159682 0.087638 -0.016380 2
0.429660 -0.006516 0.305970 1
0.220670 -0.190798 0.016213 1
-0.759313 0.152250 -0.202149 2
-0.109883 0.065326 0.019176 2
0.188272 -0.330207 -0.042524 0
0.292867 -0.121985 0.019857 1
-0.235472 0.093767 -0.048660 2
-0.744553 0.135117 -0.206945 2
-0.117427 0.092425 -0.077151 2
0.287344 -0.057033 0.112349 1
-0.494092 0.093837 -0.105348 2
0.145611 -0.426100 -0.120057 0
0.156595 -0.272262 -0.049126 2
0.180479 -0.228476 -0.045577 2
-0.702794 0.132710 -0.182689 2
0.147935 -0.134879 -0.041592 2
0.186720 -0.473709 -0.085060 0
0.190313 -0.238958 0.011087 1
-0.822333 0.168436 -0.240178 2
0.033418 -0.007540 0.013559 2
-0.798958 0.142869 -0.245891 2
0.105477 -0.074945 -0.018734 2
0.337624 -0.045045 0.167074 1
0.282645 -0.081370 0.088885 1
0.047309 -0.022083 0.025654 2
0.072543 -0.026406 -0.017210 2
0.389629 0.009245 0.288238 1
-0.784302 0.126686 -0.236154 2
0.326149 -0.086731 0.084272 1
-0.635566 0.100209 -0.196633 2
-0.696180 0.105220 -0.212958 2
0.295389 -0.026004 0.153444 1
-0.425813 0.092592 -0.087355 2
-0.070925 0.075139 -0.047212 2
0.169075 -0.340425 -0.072219 0
0.237165 -0.110907 0.075283 1
-0.576649 0.097606 -0.188128 2
-0.444781 0.088033 -0.084270 2
0.167532 -0.444930 -0.083564 0
-0.827398 0.158800 -0.264782 2
-0.170176 0.096784 -0.061540 2
-0.535395 0.103689 -0.113378 2
0.416195 -0.052714 0.179152 1
-0.058562 0.063911 -0.020642 2
0.013066 0.034015 -0.043034 2
-0.614533 0.134587 -0.134523 2
0.152845 -0.188854 -0.035752 2
0.138544 -0.109370 -0.038992 2
0.427806 -0.034529 0.230747 1
0.192770 -0.540173 -0.127118 0
0.096349 -0.073222 -0.004561 2
-0.675919 0.124772 -0.177558 2
0.150140 -0.161571 -0.036563 2
0.199278 -0.352471 -0.052275 0
-0.607666 0.110225 -0.159021 2
0.234856 -0.166222 -0.004661 1
0.408050 -0.026626 0.252078 1
-0.627378 0.112938 -0.164650 2
-0.802173 0.168951 -0.221137 2
0.051035 0.016336 -0.053206 2
0.417601 0.011984 0.302865 1
0.402905 -0.051749 0.174624 1
0.145788 -0.179375 -0.032697 2
-0.184807 0.088950 0.002596 2
0.171105 -0.315678 -0.039941 0
0.258415 -0.043991 0.117185 1
-0.016439 0.023754 0.039177 2
0.192751 -0.452098 -0.101552 0
0.133206 -0.146905 -0.025194 2
-0.728344 0.160202 -0.178528 2
0.195781 -0.248038 -0.023576 1
0.087160 -0.028790 -0.032287 2
-0.049850 0.054343 0.015744 2
0.446364 0.004126 0.331209 1
0.188102 -0.492618 -0.114539 0
-0.804880 0.153795 -0.244190 2
0.179177 -0.242011 -0.043839 0
0.165590 -0.567579 -0.117895 0
0.024019 -0.003313 0.048692 2
-0.403750 0.103523 -0.091794 2
0.037635 -0.013034 0.029211 2
0.163167 -0.489002 -0.135896 0
0.325153 -0.053506 0.134791 1
0.307662 -0.102403 0.051536 1
-0.861601 0.181805 -0.264631 2
-0.436381 0.106545 -0.115901 2
-0.345407 0.089195 -0.036522 2
-0.777785 0.191108 -0.200465 2
0.194000 -0.399597 -0.065608 0
0.190460 -0.319188 -0.040001 0
0.459807 -0.001512 0.317164 1
0.303067 -0.077862 0.094804 1
-0.040769 0.060381 -0.026958 2
-0.298832 0.106618 -0.072864 2
-0.417536 0.123308 -0.115727 2
0.196422 -0.463605 -0.095770 0
-0.112292 0.082069 -0.033769 2
-0.660374 0.144820 -0.158162 2
-0.313977 0.112977 -0.078988 2
-0.383566 0.139111 -0.110906 2
-0.067590 0.076310 -0.057974 2
0.193132 -0.394409 -0.086233 0
0.202682 -0.510861 -0.097766 0
-0.080613 0.065062 -0.012661 2
0.026623 0.000502 0.036656 2
-0.681950 0.103406 -0.208583 2
0.383172 -0.067369 0.133536 1
-0.557258 0.096956 -0.158528 2
0.269169 -0.055285 0.110238 1
0.265253 -0.113527 0.061169 1
-0.593121 0.122046 -0.142146 2
0.198539 -0.216018 0.011941 1
0.134541 -0.079945 -0.047317 2
-0.424422 0.086633 -0.075054 2
0.193195 -0.302169 -0.052073 0
-0.324333 0.123590 -0.096663 2
-0.539634 0.102397 -0.130084 2
-0.378999 0.109158 -0.085943 2
-0.742490 0.157727 -0.188227 2
-0.124471 0.081676 -0.030616 2
-0.041332 0.053073 -0.006545 2
-0.434688 0.118478 -0.132941 2
-0.450048 0.120779 -0.146407 2
-0.299700 0.092127 -0.021753 2
0.013539 0.027173 -0.018624 2
-0.882591 0.193189 -0.287148 2
0.042091 -0.016927 0.041350 2
0.193126 -0.246526 -0.006027 1
0.399268 -0.019923 0.267496 1
-0.857520 0.215177 -0.257939 2
-0.848967 0.169499 -0.264684 2
-0.773522 0.140469 -0.221459 2
-0.040007 0.036951 0.038755 2
0.075113 -0.064356 0.033454 2
-0.485962 0.091554 -0.097405 2
-0.174107 0.086218 -0.034079 2
0.208270 -0.172698 0.039613 1
0.131309 -0.088574 -0.039137 2
0.254849 -0.142902 0.017691 1
0.362021 -0.042073 0.188437 1
0.387526 -0.030532 0.244967 1
0.128330 -0.066099 -0.046124 2
0.121372 -0.111119 -0.022464 2
0.173598 -0.230943 -0.013963 2
0.176233 -0.288030 -0.018624 0
-0.837768 0.209007 -0.237573 2
-0.170449 0.089171 -0.012673 2
0.185456 -0.526238 -0.130832 0
-0.015071 0.057937 -0.051005 2
0.260419 -0.129033 0.045715 1
-0.467240 0.093389 -0.077099 2
-0.571195 0.099374 -0.161866 2
-0.537828 0.096154 -0.156038 2
0.177418 -0.557167 -0.114124 0
-0.438173 0.096732 -0.105605 2
0.190311 -0.409052 -0.087114 0
0.047791 -0.027580 0.036802 2
0.206025 -0.240451 -0.025693 1
-0.080355 0.064916 0.018224 2
-0.006789 0.029210 0.037877 2
0.243273 -0.155164 0.003434 1
-0.329947 0.094427 -0.023645 2
-0.795198 0.178190 -0.221024 2
-0.227360 0.094314 -0.040489 2
-0.818437 0.154052 -0.260634 2
-0.286193 0.099138 -0.007712 2
-0.215577 0.099359 -0.067077 2
-0.513066 0.096060 -0.132082 2
0.116674 -0.114442 0.008591 2
0.018670 0.003893 -0.004291 2
0.163084 -0.414898 -0.088082 0
0.181658 -0.503961 -0.130551 0
0.298457 -0.033617 0.143094 1
0.352859 -0.017170 0.236952 1
0.447173 -0.005639 0.325126 1
0.172479 -0.486900 -0.093180 0
0.281178 -0.109716 0.047269 1
0.199978 -0.267988 -0.042573 0
-0.093185 0.077819 -0.030063 2
-0.386233 0.096501 -0.073270 2
0.157492 -0.241409 -0.019432 2
-0.789038 0.140394 -0.233460 2
0.161349 -0.322431 -0.061793 0
-0.849589 0.196911 -0.254728 2
0.363115 -0.085270 0.099278 1
0.270298 -0.127874 0.020185 1
-0.133676 0.092695 -0.065254 2
0.124310 -0.143628 0.004448 2
0.155824 -0.443047 -0.127161 0
0.147794 -0.201378 -0.004884 2
0.147066 -0.121186 -0.051281 2
0.319702 -0.034383 0.169145 1
-0.217986 0.095096 -0.002756 2
0.242824 -0.143453 0.042529 1
0.165239 -0.267197 -0.053136 2
-0.431755 0.089587 -0.066092 2
0.196790 -0.426325 -0.084123 0
0.338415 -0.087513 0.082734 1
0.184725 -0.346153 -0.072074 0
-0.231534 0.097446 -0.030293 2
0.196518 -0.438437 -0.087877 0
0.182560 -0.368975 -0.053129 0
-0.449079 0.090528 -0.074396 2
-0.664815 0.118011 -0.181820 2
0.191925 -0.519732 -0.101082 0
-0.096754 0.071707 0.001474 2
-0.760686 0.162544 -0.204817 2
0.202327 -0.257918 -0.021028 0
-0.556152 0.097404 -0.174663 2
-0.835435 0.185706 -0.248411 2
-0.106834 0.074101 0.010550 2
-0.590195 0.096679 -0.185928 2
0.403310 -0.002838 0.290848 1
-0.597189 0.133493 -0.127955 2
-0.673929 0.143913 -0.162842 2
-0.233171 0.098489 -0.062622 2
-0.026919 0.060284 -0.040369 2
0.061143 -0.024493 -0.001580 2
-0.108182 0.087327 -0.063502 2
0.376584 -0.047009 0.174868 1
0.236517 -0.096480 0.093836 1
0.150033 -0.240624 -0.040093 2
0.345667 -0.064247 0.121672 1
-0.776613 0.176296 -0.199149 2
0.443783 -0.005574 0.302445 1
0.283943 -0.035619 0.130017 1
-0.758035 0.184635 -0.190075 2
0.160277 -0.293588 -0.052889 0
0.326744 -0.063340 0.118819 1
-0.470606 0.097747 -0.122334 2
0.163272 -0.305864 -0.050313 0
0.333347 -0.004949 0.232490 1
-0.813851 0.148899 -0.246955 2
0.179874 -0.472060 -0.112325 0
0.107818 -0.094645 -0.007881 2
-0.647913 0.148629 -0.149374 2
-0.123725 0.088820 -0.052581 2
-0.793068 0.183380 -0.210639 2
-0.737536 0.138366 -0.199645 2
0.086048 -0.072433 -0.013026 2
-0.465073 0.113601 -0.147750 2
0.430693 -0.019179 0.268217 1
-0.785922 0.166033 -0.211074 2
0.098375 -0.052521 -0.024614 2
0.278177 -0.071172 0.096805 1
-0.057216 0.059108 0.009962 2
0.165916 -0.345305 -0.056267 0
0.402921 -0.044183 0.201134 1
-0.518805 0.096263 -0.154047 2
0.038848 -0.013181 -0.005058 2
-0.802597 0.151492 -0.233829 2
0.264049 -0.141996 0.001289 1
-0.874098 0.206015 -0.268220 2
-0.418293 0.107604 -0.100727 2
0.197050 -0.380215 -0.069008 0
-0.856219 0.185324 -0.256043 2
0.167799 -0.433428 -0.079374 0
-0.900801 0.207805 -0.289854 2
-0.262927 0.097709 -0.032134 2
0.137587 -0.443744 -0.108460 0
-0.730559 0.157038 -0.189433 2
0.110616 -0.097964 0.005112 2
0.195563 -0.308522 -0.043028 0
-0.500047 0.106873 -0.082582 2
0.112442 -0.119410 0.021868 2
-0.366354 0.087784 -0.046245 2
-0.055281 0.071412 -0.063067 2
0.316549 -0.025045 0.183944 1
-0.354499 0.095572 -0.065922 2
-0.290936 0.115288 -0.090819 2
-0.553617 0.099992 -0.141471 2
-0.480427 0.098862 -0.078488 2
0.164676 -0.226952 -0.044849 2
-0.683814 0.135988 -0.177373 2
-0.452404 0.106261 -0.132440 2
0.010733 0.021082 -0.003102 2
0.232031 -0.149247 0.046286 1
-0.643530 0.114134 -0.173208 2
0.159881 -0.224981 -0.014868 2
-0.729674 0.128538 -0.203635 2
-0.321689 0.089808 -0.042585 2
0.138936 -0.155449 -0.029449 2
0.367408 -0.017456 0.246015 1
0.218856 -0.198387 -0.005031 1
0.387186 -0.037076 0.209946 1
-0.887395 0.212088 -0.275900 2
0.113978 -0.106125 -0.014697 2
-0.502913 0.095743 -0.114768 2
0.115407 -0.073725 -0.027567 2
0.306344 -0.023631 0.167667 1
0.201477 -0.555284 -0.113628 0
-0.874064 0.205068 -0.257773 2
0.303486 -0.107483 0.038459 1
0.345866 -0.084329 0.089008 1
0.076906 -0.023173 -0.026033 2
-0.015534 0.049194 -0.033585 2
-0.628042 0.104677 -0.187303 2
0.267319 -0.122917 0.039856 1
0.244934 -0.097632 0.084045 1
0.196416 -0.449538 -0.091406 0
-0.051210 0.043147 0.036935 2
0.209165 -0.188166 0.031047 1
0.067977 -0.055548 0.029193 2
0.323927 -0.046184 0.155039 1
-0.402705 0.090365 -0.047808 2
-0.488834 0.106187 -0.158691 2
-0.595650 0.108233 -0.158777 2
-0.615393 0.098309 -0.191782 2
0.198384 -0.239424 -0.011710 1
0.430019 -0.041829 0.211633 1
-0.742395 0.124736 -0.218450 2
-0.213076 0.105756 -0.081815 2
-0.916650 0.221512 -0.302252 2
0.175742 -0.488063 -0.131008 0
-0.248003 0.115526 -0.093556 2
-0.404649 0.097166 -0.083972 2
-0.698142 0.118558 -0.195950 2
0.125769 -0.146555 0.023132 2
0.164394 -0.263971 -0.022196 0
0.055917 -0.000146 -0.028054 2
-0.408593 0.088155 -0.069941 2
-0.248779 0.094878 -0.051246 2
0.122642 -0.128030 0.001519 2
0.145377 -0.178878 -0.002847 2
-0.025613 0.042144 0.038738 2
-0.678339 0.120713 -0.186457 2
0.386743 -0.003730 0.276455 1
-0.375256 0.127160 -0.099587 2
0.154802 -0.247579 -0.030576 2
0.274027 -0.114658 0.042240 1
0.362088 -0.008909 0.250906 1
0.322839 -0.017876 0.207760 1
0.152285 -0.217061 -0.014123 2
-0.054689 0.058020 -0.013546 2
-0.726008 0.143077 -0.181494 2
0.444303 -0.014330 0.275144 1
-0.070375 0.067060 -0.020406 2
0.115079 -0.050067 -0.043945 2
0.169157 -0.246952 -0.052229 2
0.439903 -0.034056 0.227813 1
-0.191869 0.093929 -0.049653 2
0.105282 -0.097626 0.024289 2
0.135723 -0.089870 -0.047990 2
0.179655 -0.197162 -0.051872 2
0.161642 -0.274104 -0.032411 0
-0.757907 0.126355 -0.228875 2
-0.073558 0.058476 0.039008 2
0.251942 -0.086720 0.088230 1
-0.641619 0.128979 -0.159606 2
0.005708 0.034032 -0.022287 2
0.100387 -0.081046 0.037744 2
-0.902229 0.218988 -0.285143 2
0.023886 -0.010229 0.034773 2
0.197541 -0.359793 -0.061904 0
-0.010101 0.034666 -0.010352 2
0.145972 -0.181962 -0.022937 2
-0.393497 0.119380 -0.097317 2
0.101032 -0.083149 0.020450 2
-0.784776 0.156275 -0.226978 2
0.311408 -0.047187 0.135863 1
-0.464789 0.089201 -0.087531 2
0.161599 -0.444302 -0.102075 0
-0.033980 0.043219 0.017109 2
-0.564726 0.106618 -0.138350 2
-0.525184 0.107152 -0.099236 2
-0.377771 0.095931 -0.067315 2
0.164486 -0.402871 -0.076855 0
-0.650042 0.130627 -0.165292 2
-0.161237 0.087648 -0.026403 2
0.174431 -0.272014 -0.021511 0
0.151426 -0.469958 -0.105054 0
0.168882 -0.192169 -0.046355 2
-0.212352 0.092061 -0.016110 2
-0.156447 0.091762 -0.048741 2
-0.577288 0.118099 -0.131442 2
0.170135 -0.294976 -0.034435 0
0.371353 -0.073843 0.117894 1
0.150009 -0.199538 -0.020654 2
-0.270577 0.095307 -0.011491 2
0.257252 -0.137680 0.028835 1
-0.728712 0.116206 -0.216243 2
0.074345 -0.012469 -0.037011 2
-0.695108 0.159555 -0.168875 2
-0.269557 0.098845 -0.062592 2
0.413595 -0.046522 0.197727 1
0.055756 -0.033315 0.017753 2
0.278380 -0.022109 0.149832 1
0.174605 -0.405409 -0.065255 0
0.189431 -0.258884 -0.037694 0
0.154367 -0.420346 -0.120311 0
-0.748142 0.185156 -0.193599 2
-0.821599 0.156555 -0.249592 2
0.186729 -0.247365 0.006733 1
-0.664684 0.096846 -0.209134 2
0.054818 -0.040944 0.031426 2
0.309688 -0.060315 0.121513 1
0.147755 -0.433188 -0.113728 0
0.175256 -0.361782 -0.080603 0
0.229808 -0.124195 0.073144 1
-0.180319 0.094192 -0.051979 2
0.199488 -0.270861 -0.033292 0
0.372293 -0.058141 0.148128 1
0.052927 -0.009181 -0.015788 2
-0.627331 0.100502 -0.205801 2
0.171668 -0.524106 -0.105835 0
-0.039799 0.066151 -0.036350 2
0.193673 -0.312045 -0.052558 0
0.215506 -0.158400 0.044090 1
0.015921 0.007632 0.039634 2
0.196681 -0.391744 -0.072228 0
-0.444170 0.115885 -0.134315 2
-0.168330 0.085546 0.014894 2
-0.000610 0.018365 0.048689 2
0.445111 -0.024558 0.247342 1
0.081814 -0.064898 -0.007947 2
-0.631329 0.121836 -0.164190 2
-0.597744 0.099442 -0.196869 2
0.378579 -0.026262 0.239521 1
0.176244 -0.262885 -0.055740 0
-0.275407 0.094789 -0.030276 2
0.361099 -0.048174 0.164015 1
0.348206 -0.042764 0.183045 1
0.181973 -0.421391 -0.068822 0
0.186493 -0.244123 -0.052139 0
-0.344249 0.091724 -0.053561 2
0.295188 -0.082572 0.087311 1
-0.196878 0.089664 -0.020545 2
-0.483156 0.097949 -0.136686 2
0.089586 -0.036658 -0.027285 2
-0.714519 0.171801 -0.169912 2
-0.028276 0.061224 -0.053020 2
-0.316575 0.107689 -0.069526 2
-0.588220 0.113019 -0.150648 2
0.428556 -0.009605 0.289708 1
0.145777 -0.169663 0.023246 2
0.139334 -0.102125 -0.049751 2
-0.579475 0.103676 -0.147023 2
-0.286362 0.091850 -0.025376 2
0.075655 -0.058096 0.012679 2
-0.745682 0.159764 -0.197050 2
-0.401364 0.126016 -0.106430 2
0.174636 -0.224961 -0.034035 2
-0.545229 0.106853 -0.109813 2
0.195113 -0.283050 -0.052788 0
0.289029 -0.116916 0.027037 1
-0.781602 0.186554 -0.209695 2
-0.840958 0.179462 -0.256670 2
-0.771112 0.137723 -0.232063 2
-0.639321 0.142405 -0.148691 2
-0.579140 0.098821 -0.170182 2
-0.345346 0.132966 -0.103947 2
-0.647927 0.095667 -0.206181 2
0.315138 -0.015705 0.192916 1
0.193446 -0.354285 -0.070619 0
0.000266 0.027765 0.001956 2
-0.067971 0.061727 0.016970 2
0.431456 -0.042589 0.201714 1
0.063968 -0.037550 0.022483 2
-0.840598 0.195911 -0.249020 2
0.174884 -0.398560 -0.092024 0
-0.824123 0.195471 -0.230246 2
-0.099080 0.087894 -0.074148 2
0.195057 -0.322486 -0.049391 0
0.346138 -0.010637 0.238583 1
-0.011341 0.033816 0.022660 2
0.065470 -0.033122 0.004730 2
-0.338012 0.112637 -0.078691 2
0.311133 -0.033551 0.162930 1
0.240276 -0.127749 0.057892 1
0.175610 -0.171564 -0.053239 2
0.192799 -0.481268 -0.089890 0
-0.422792 0.099642 -0.096876 2
0.143571 -0.169740 0.013997 2
0.111173 -0.115196 -0.009027 2
0.164833 -0.507962 -0.104821 0
-0.073645 0.067290 -0.006661 2
-0.568365 0.096355 -0.180579 2
0.314504 -0.078094 0.093005 1
-0.316442 0.096119 -0.018466 2
-0.609682 0.102411 -0.182912 2
0.341393 -0.092785 0.072934 1
0.081688 -0.051052 -0.005535 2
-0.484112 0.095022 -0.086977 2
-0.741011 0.169635 -0.181441 2
-0.140354 0.081945 0.006445 2
0.204275 -0.267362 -0.053867 0
-0.366503 0.097234 -0.071125 2
-0.556811 0.111325 -0.122683 2
-0.618070 0.145165 -0.133283 2
0.346214 -0.048676 0.168227 1
-0.749096 0.121849 -0.224371 2
0.187399 -0.441570 -0.075137 0
0.409904 -0.030843 0.238761 1
0.163690 -0.394413 -0.081345 0
0.214258 -0.167672 0.044867 1
-0.139687 0.092926 -0.075087 2
0.017121 0.003610 0.048025 2
-0.336812 0.122800 -0.090032 2
-0.104077 0.069461 0.025271 2
0.078706 -0.031788 -0.021778 2
-0.100637 0.075862 -0.013447 2
0.137587 -0.128510 -0.031744 2
-0.405705 0.138663 -0.124569 2
0.128607 -0.136442 -0.011046 2
0.351901 -0.005149 0.252735 1
0.192701 -0.373223 -0.073413 0
0.169952 -0.351782 -0.075972 0
0.023980 0.030532 -0.053060 2
-0.389704 0.113727 -0.090931 2
0.369421 -0.027276 0.229339 1
0.231096 -0.174355 -0.016040 1
-0.064256 0.057616 0.028291 2
-0.812281 0.158258 -0.237586 2
0.254911 -0.063774 0.106331 1
-0.802275 0.183283 -0.216682 2
-0.701706 0.142436 -0.173010 2
-0.176756 0.098474 -0.067899 2
0.310404 -0.039465 0.152940 1
0.206785 -0.242384 -0.016635 1
-0.090580 0.081266 -0.046913 2
0.172714 -0.458119 -0.111213 0
-0.516925 0.113175 -0.090181 2
-0.457624 0.118812 -0.151390 2
-0.000471 0.022964 0.032556 2
-0.349372 0.111973 -0.078492 2
-0.302587 0.094253 -0.042539 2
0.163554 -0.453955 -0.124472 0
0.008515 0.015077 0.037649 2
0.291929 -0.106823 0.039758 1
0.184732 -0.503143 -0.121842 0
0.095266 -0.084957 0.010694 2
0.149528 -0.199508 0.006604 2
-0.713357 0.144748 -0.177390 2
0.143041 -0.172689 -0.018878 2
-0.232655 0.105837 -0.083877 2
0.097525 -0.092207 -0.011978 2
0.194229 -0.220719 0.020762 1
0.189980 -0.335566 -0.067517 0
0.221840 -0.151310 0.049685 1
-0.202539 0.100090 -0.067433 2
0.241181 -0.161770 0.009527 1
0.192266 -0.250654 -0.014223 1
0.008857 0.020997 0.016263 2
0.242454 -0.153369 0.030897 1
-0.247339 0.098067 -0.016151 2
-0.787530 0.157662 -0.218305 2
-0.831781 0.183358 -0.240299 2
0.183117 -0.521629 -0.141154 0
-0.600454 0.099844 -0.179345 2
0.165139 -0.386151 -0.069239 0
0.339355 -0.021895 0.210497 1
-0.057334 0.070933 -0.041916 2
0.360108 -0.022802 0.236649 1
0.197821 -0.537866 -0.119802 0
-0.006209 0.039812 -0.019557 2
-0.521848 0.100456 -0.169297 2
-0.557669 0.098744 -0.185451 2
-0.306046 0.125096 -0.099277 2
-0.387950 0.089161 -0.055411 2
0.356945 -0.089118 0.090922 1
0.223536 -0.200127 -0.023505 1
-0.577839 0.129291 -0.112878 2
-0.666921 0.151899 -0.154402 2
0.093280 -0.080316 0.000325 2
0.282670 -0.041410 0.122994 1
0.143566 -0.453066 -0.105552 0
-0.499320 0.097606 -0.148788 2
0.160749 -0.426408 -0.105997 0
-0.220876 0.108448 -0.085727 2
0.274437 -0.112738 0.053176 1
0.156133 -0.258488 -0.036283 2
0.355601 -0.078290 0.103653 1
0.204225 -0.232956 -0.030580 1
0.036864 0.015722 -0.028931 2
0.260668 -0.106867 0.067785 1
0.041233 0.017143 -0.036986 2
-0.651039 0.116262 -0.177956 2
0.318944 -0.048779 0.140709 1
-0.461851 0.092643 -0.103693 2
0.147407 -0.202941 -0.030547 2
-0.060617 0.068947 -0.028448 2
0.091274 -0.045441 -0.022043 2
0.136333 -0.155170 -0.004069 2
0.019858 0.003176 0.020341 2
0.259741 -0.140417 0.009128 1
0.085499 -0.017337 -0.042738 2
0.073796 -0.060779 0.024585 2
-0.142054 0.083962 -0.025633 2
0.191668 -0.540264 -0.106566 0
0.368308 -0.004983 0.258441 1
-0.761227 0.136992 -0.215613 2
0.325518 -0.013943 0.216595 1
-0.556729 0.124620 -0.102924 2
0.181983 -0.383487 -0.057200 0
-0.803989 0.186797 -0.224850 2
-0.058401 0.047806 0.033467 2
-0.875733 0.188589 -0.283443 2
-0.187844 0.105176 -0.080054 2
-0.152877 0.080806 0.022967 2
0.250405 -0.136811 0.046024 1
0.186769 -0.464883 -0.082117 0
0.185367 -0.525924 -0.101406 0
0.039331 -0.004149 0.006056 2
0.322091 -0.031344 0.180451 1
-0.255951 0.103592 -0.078452 2
-0.347491 0.088539 -0.045273 2
0.194977 -0.231455 0.006212 1
0.207213 -0.160559 0.056514 1
-0.783972 0.148566 -0.231920 2
0.137397 -0.172894 0.008253 2
0.049077 -0.020588 0.015688 2
0.133303 -0.148680 0.005510 2
0.468436 0.001866 0.334126 1
-0.775109 0.181035 -0.206806 2
0.382323 -0.009276 0.270213 1
0.171082 -0.306318 -0.037857 0
-0.424643 0.095971 -0.054174 2
0.324993 -0.071962 0.106731 1
0.182577 -0.269192 -0.054981 0
-0.680727 0.150893 -0.163860 2
0.163748 -0.287072 -0.036797 0
-0.759685 0.151548 -0.212096 2
-0.691373 0.154527 -0.158791 2
0.223017 -0.140745 0.061299 1
0.342151 -0.019232 0.220571 1
