-0.127548 0.448142 -0.319142 4
0.226185 0.548215 0.693139 3
-1.061479 0.297405 -0.005915 2
0.746522 0.383120 -0.584809 1
-0.106706 -0.295228 -0.233652 0
-0.395484 0.618424 0.260302 6
0.360617 0.564458 0.074930 5
-0.646057 0.467666 -0.272411 2
0.259407 0.420973 -0.616971 1
-0.363405 0.492471 -0.676712 4
0.024517 0.594454 0.326866 3
-0.119043 0.085785 -0.208028 0
0.024133 0.593081 -0.033727 5
-0.769689 0.406627 0.013350 2
-0.288384 0.597676 -0.020827 6
0.488626 0.405468 -0.426979 1
-0.380701 0.398308 -0.201797 0
0.146902 0.465893 -0.373428 1
0.239546 0.570021 0.445142 3
-0.159516 0.634325 0.178517 6
0.024485 0.571816 0.568586 3
-0.169779 0.513770 -0.542243 4
0.526842 0.436275 -0.652498 1
-0.560028 0.508135 -0.063888 2
-0.912165 0.374913 -0.157509 2
-0.075534 0.414391 -0.111152 0
-0.021501 0.266188 -0.259130 0
0.165088 0.612019 0.115128 5
-0.221527 0.269961 -0.218479 0
-0.319192 0.489861 -0.373596 4
0.215252 0.590294 -0.092534 5
-0.101682 -0.103649 -0.267313 0
0.329261 0.514385 -0.415779 1
-0.002148 0.569960 0.143359 3
0.222622 0.569049 0.272854 3
-0.753212 0.432419 -0.150459 2
0.603045 0.330896 -0.521002 1
-0.131631 0.588903 0.025349 6
0.122212 0.450203 -0.535913 1
-0.340995 0.537293 -0.526621 4
0.399147 0.441321 -0.550826 1
-0.916466 0.354758 0.021904 2
-0.313508 0.635763 0.126651 6
0.021381 0.378413 -0.364438 0
-0.071173 0.573715 0.449760 3
-0.498783 0.461013 -0.270667 2
0.102197 0.587588 0.449352 3
0.177711 0.562625 0.565297 3
-0.103042 0.581518 0.289937 3
0.635764 0.456766 -0.580389 1
-0.110889 0.355217 -0.224883 0
-0.456086 0.487945 -0.140181 2
-0.192313 0.504083 -0.414657 4
0.101971 0.580168 0.227071 3
-0.678271 0.463435 -0.056715 2
0.233404 0.467222 -0.478227 1
0.247719 0.598515 0.025398 5
-0.255771 0.527619 -0.630949 4
-0.269642 0.633330 0.240260 6
-0.062980 0.495940 -0.013028 0
-0.129314 0.199313 -0.234330 0
-0.069184 0.474891 -0.416401 4
-0.578022 0.467193 -0.171289 2
0.533723 0.424343 -0.535422 1
0.137025 0.604760 -0.005118 5
-0.270806 0.374334 -0.219138 0
-0.996023 0.349383 -0.083113 2
0.420841 0.397667 -0.650978 1
-0.842365 0.399390 -0.074662 2
-0.232112 0.474630 -0.295609 4
0.138436 0.590435 0.337652 3
-0.214821 0.622440 0.082178 6
-0.144718 -0.195224 -0.244456 0
0.064799 0.596610 0.069367 5
0.106080 0.597441 -0.103355 5
-0.190279 0.584416 -0.059513 6
-0.148920 -0.010439 -0.230018 0
0.102663 0.560603 0.634787 3
0.405705 0.458299 -0.444151 1
-0.366046 0.602191 0.040099 6
-0.250460 0.528207 -0.489061 4
0.220583 0.529389 -0.404372 1
-0.831789 0.410468 -0.203266 2
-0.731833 0.433128 -0.249594 2
-0.026740 0.555076 0.051832 3
-0.008000 0.589606 0.235615 3
-0.397901 0.609091 0.158573 6
0.085965 0.432226 -0.436646 1
0.277112 0.590436 0.114132 5
0.324301 0.464928 -0.500034 1
-0.095284 0.575432 0.148448 3
-0.669599 0.452579 -0.182297 2
0.020095 0.583462 0.417277 3
-0.131984 0.278719 -0.186998 0
0.226726 0.556152 0.359504 3
-0.060346 -0.181236 -0.229197 0
-0.058217 0.585502 0.366459 3
0.096185 0.564658 0.144096 3
-0.014859 0.341516 -0.297764 0
0.667625 0.383758 -0.553248 1
0.204263 0.440170 -0.552004 1
0.342617 0.414595 -0.620229 1
0.544495 0.360685 -0.470624 1
0.004661 0.580722 -0.112931 5
-0.913441 0.360454 -0.062209 2
-0.757435 0.430820 -0.069057 2
0.098539 0.570686 0.536108 3
-0.332913 0.502120 -0.454415 4
-0.131627 0.487935 -0.465771 4
-0.075737 0.017249 -0.248041 0
0.252289 0.555771 0.593917 3
-0.136138 0.624595 0.100129 6
0.458395 0.427877 -0.497539 1
-0.364437 0.510690 -0.598063 4
-0.104691 0.567832 -0.046270 6
-0.989375 0.335050 -0.006004 2
-0.441752 0.449273 -0.217794 2
-0.244260 0.641604 0.166568 6
-0.156522 0.385111 -0.280121 0
-0.846931 0.383021 0.000891 2
-0.290034 0.620935 0.053017 6
0.480441 0.431224 -0.591116 1
0.160204 0.458353 -0.456219 1
0.078023 0.433558 -0.360215 0
-0.572486 0.475364 -0.251741 2
-0.074441 0.142421 -0.234463 0
-0.013857 0.574371 0.500530 3
0.168496 0.580309 0.407222 3
-0.342422 0.641842 0.199743 6
0.174414 0.565865 0.212155 3
-0.635349 0.472613 -0.117369 2
-0.138649 0.422627 -0.209508 0
0.314869 0.570319 0.011484 5
-0.085095 0.334430 -0.158600 0
0.235610 0.576386 0.521518 3
-0.208204 0.603016 0.011258 6
-0.272278 0.541118 -0.561239 4
-0.509147 0.466662 -0.193863 2
0.171757 0.572829 0.479044 3
-0.189892 0.457177 -0.354365 4
0.174222 0.557822 0.640698 3
-0.308605 0.495338 -0.302851 4
0.706421 0.449065 -0.587458 1
-0.086404 0.573238 0.221166 3
-0.126654 0.489312 -0.377202 4
-0.263026 0.506853 -0.418167 4
0.304872 0.438047 -0.565044 1
0.265442 0.580269 -0.040234 5
-0.072251 0.481560 -0.085746 0
-0.062615 0.209531 -0.256344 0
0.599732 0.400639 -0.549648 1
0.084133 0.594653 0.380845 3
-0.036617 0.554311 -0.045209 5
-0.111858 -0.064970 -0.208817 0
-0.097250 0.269909 -0.245608 0
-0.121902 -0.140676 -0.211327 0
-0.525983 0.492329 -0.133512 2
0.184326 0.607915 0.045875 5
0.567550 0.448866 -0.600795 1
0.048041 0.581153 0.187664 3
-0.059424 -0.247960 -0.230885 0
-0.822178 0.417402 -0.138130 2
-0.037948 0.581260 0.300124 3
-0.083685 0.603210 0.068552 6
0.090559 0.594976 0.294193 3
0.155647 0.580838 0.276103 3
-0.182354 0.526208 -0.480224 4
-0.695768 0.450230 -0.119158 2
-0.620388 0.492901 -0.047487 2
-0.258176 0.477046 -0.357997 4
-0.714833 0.437005 0.000278 2
0.051716 0.576526 0.486734 3
-0.078811 0.556033 0.012032 6
-0.174645 0.232776 -0.199443 0
0.266954 0.502597 -0.436521 1
0.204157 0.596178 -0.019132 5
-0.331088 0.391426 -0.238785 0
-0.100515 -0.036698 -0.266604 0
0.076782 0.594545 0.006419 5
-0.092812 0.089984 -0.264202 0
-0.318535 0.524792 -0.637231 4
-0.329810 0.628296 0.258659 6
-0.258974 0.323783 -0.186064 0
-0.174979 0.444498 -0.280942 4
-0.365976 0.624627 0.097595 6
-0.212696 0.512531 -0.590768 4
0.161712 0.593832 -0.064408 5
-0.212030 0.635599 0.223283 6
0.164696 0.593804 -0.124008 5
-0.115138 -0.239598 -0.211514 0
0.038080 0.366107 -0.307802 0
-1.039960 0.320826 -0.055996 2
0.257957 0.451833 -0.530809 1
-0.624021 0.464700 -0.217443 2
-0.766657 0.402460 -0.213462 2
0.130377 0.602220 0.068724 5
0.018781 0.582016 0.023391 5
-0.956257 0.349864 -0.125496 2
0.024291 0.556403 0.079194 3
-0.118321 0.149959 -0.197604 0
0.499779 0.388304 -0.494150 1
-0.800413 0.413115 -0.034428 2
0.051138 0.607876 -0.081718 5
-0.242851 0.328105 -0.240265 0
-0.051192 0.573137 0.113233 3
0.225638 0.605056 0.096288 5
0.045221 0.585770 0.261953 3
-0.879958 0.378907 -0.111448 2
-0.096588 0.232289 -0.202486 0
-0.358206 0.497379 -0.333753 4
0.398532 0.416420 -0.601266 1
-0.048335 0.576654 0.178416 3
0.474058 0.413969 -0.651067 1
-0.070786 0.303169 -0.209811 0
0.400858 0.433806 -0.492988 1
-0.111389 0.026483 -0.207415 0
0.296792 0.584994 0.063241 5
0.203169 0.482916 -0.427614 1
-0.218583 0.537185 -0.540884 4
-0.413482 0.455088 -0.172030 2
0.129412 0.421823 -0.406321 1
0.187783 0.576134 0.319232 3
-0.323138 0.540937 -0.579335 4
-0.265114 0.629116 0.103961 6
-0.577053 0.488631 -0.116939 2
0.075619 0.380035 -0.355233 0
0.111484 0.451845 -0.479726 1
-0.105168 -0.157191 -0.264439 0
-0.323600 0.367662 -0.191284 0
0.080423 0.564385 0.586243 3
-0.868350 0.404968 -0.161826 2
0.448175 0.438416 -0.416406 1
-0.717806 0.437281 -0.198424 2
0.184970 0.455276 -0.503020 1
0.093184 0.602739 -0.043126 5
0.048426 0.574266 0.122492 3
0.139377 0.571363 0.173241 3
-0.141912 0.305039 -0.231219 0
-0.094660 -0.212480 -0.253424 0
-0.015119 0.289707 -0.305445 0
-0.413881 0.618830 0.207327 6
-0.306064 0.492030 -0.675487 4
0.349544 0.477461 -0.456539 1
0.250992 0.552219 0.645592 3
-0.292515 0.643835 0.186125 6
0.608977 0.466439 -0.626086 1
-0.098515 0.384827 -0.150291 0
-0.193275 0.627129 0.128498 6
-0.134785 0.037814 -0.251587 0
-0.959848 0.340767 -0.047334 2
-0.069486 -0.077468 -0.237676 0
0.563858 0.374533 -0.524522 1
-0.007692 0.581626 0.371415 3
0.024053 0.323405 -0.331327 0
0.348552 0.445157 -0.540270 1
0.054961 0.409406 -0.398062 0
0.385938 0.491790 -0.412050 1
0.192122 0.488083 -0.374637 1
-0.682543 0.454626 -0.240362 2
0.648460 0.337570 -0.541322 1
-0.359484 0.640341 0.151637 6
-0.163881 0.591892 -0.017838 6
-0.300550 0.536170 -0.497540 4
0.130643 0.561184 0.593830 3
-0.022291 0.565901 0.446921 3
-0.242918 0.586044 -0.036203 6
0.209331 0.436067 -0.600893 1
-0.162294 0.465171 -0.411498 4
-0.403020 0.423295 -0.237867 0
-0.018140 0.547112 0.004025 5
-0.142617 -0.078050 -0.244872 0
-0.324651 0.600211 0.012268 6
-0.174789 0.608852 0.057110 6
-0.202853 0.315351 -0.214889 0
-0.222841 0.519352 -0.449962 4
-0.256236 0.604291 0.018100 6
0.119206 0.566275 0.492425 3
-0.077272 0.480201 -0.368900 4
0.453449 0.437964 -0.544588 1
0.708556 0.408804 -0.558491 1
-0.042048 0.459681 -0.055239 0
-0.879679 0.385657 -0.038861 2
-0.100643 0.419733 -0.238957 0
-0.121073 0.125528 -0.239004 0
-0.792814 0.420277 -0.176162 2
-0.137026 0.203278 -0.187309 0
0.157818 0.448676 -0.567692 1
-0.157439 -0.126040 -0.239595 0
0.324194 0.577017 0.102689 5
-0.136232 0.247361 -0.223681 0
0.204580 0.557802 0.603984 3
-0.083374 0.060700 -0.226185 0
0.280037 0.472900 -0.483091 1
0.217771 0.572559 0.402792 3
-0.079830 -0.128023 -0.233379 0
-0.792569 0.419109 -0.098036 2
-0.484420 0.492659 -0.103044 2
0.156255 0.570483 0.524551 3
-0.334480 0.495891 -0.500521 4
-0.060900 0.577810 0.259631 3
-0.112627 -0.189876 -0.211664 0
0.002492 0.563915 -0.067684 5
-0.219708 0.485644 -0.383036 4
-1.018432 0.301910 0.008477 2
0.181522 0.568609 0.363757 3
-0.069297 0.554350 0.067731 3
-0.926954 0.380033 -0.108429 2
0.075594 0.602005 0.336443 3
0.005288 0.310535 -0.270758 0
0.040211 0.591917 0.369298 3
0.252059 0.435291 -0.574668 1
-0.168482 0.424591 -0.321037 4
-0.102592 0.450486 -0.110409 0
0.523528 0.438252 -0.602379 1
-0.121845 0.329151 -0.189782 0
-0.181624 0.259554 -0.236342 0
-0.371005 0.442213 -0.212823 0
-0.146123 0.577110 -0.061027 6
-0.004754 0.579574 0.187976 3
-0.307449 0.502382 -0.416498 4
-0.049428 0.300924 -0.256338 0
-0.304818 0.346233 -0.226044 0
0.026583 0.571020 0.523182 3
-0.556719 0.469818 -0.210270 2
0.663167 0.427261 -0.560693 1
-0.070856 0.565073 0.406256 3
0.357552 0.427857 -0.580883 1
-0.146787 0.442027 -0.358274 4
0.287757 0.525079 -0.404897 1
-0.755464 0.426218 -0.023375 2
0.308136 0.491870 -0.447384 1
-0.129542 0.352967 -0.267455 0
-0.222591 0.493969 -0.485561 4
-0.119761 0.485608 -0.423896 4
-0.083225 0.569469 0.334613 3
0.221209 0.562076 0.563340 3
0.126016 0.587980 0.412487 3
-0.628180 0.462484 -0.173695 2
-0.331409 0.612792 0.064052 6
0.440178 0.425627 -0.458215 1
0.440052 0.414919 -0.613347 1
0.143492 0.467148 -0.417315 1
0.002142 0.589530 0.286435 3
0.058775 0.590625 0.435024 3
-0.073761 0.533515 -0.031205 0
-0.081812 -0.268468 -0.200393 0
-0.465418 0.471594 -0.178771 2
-0.146268 0.508834 -0.506706 4
-0.717200 0.441712 -0.078770 2
-0.281431 0.518533 -0.454738 4
0.302860 0.419830 -0.605981 1
-0.070382 -0.286642 -0.253981 0
-0.481880 0.460385 -0.226082 2
-0.125616 0.382478 -0.195928 0
0.568264 0.426190 -0.561967 1
0.186769 0.543320 0.678608 3
0.490778 0.418476 -0.523038 1
-0.961659 0.329348 0.025345 2
-0.928432 0.364059 -0.022942 2
-0.340418 0.406292 -0.192250 0
-0.003097 0.578912 0.101816 3
0.197995 0.574950 0.441726 3
-0.133538 0.633745 0.145568 6
0.366526 0.457916 -0.492507 1
-0.353874 0.495571 -0.635979 4
0.234091 0.567675 0.319858 3
-0.543495 0.476105 -0.281974 2
-0.291153 0.536755 -0.605921 4
0.662304 0.468857 -0.610022 1
-0.713092 0.440874 -0.157178 2
-0.157597 0.507161 -0.437110 4
-0.350585 0.504781 -0.550475 4
0.021410 0.577546 0.458489 3
-0.527553 0.510122 -0.089435 2
0.051626 0.408332 -0.337695 0
-0.270547 0.487248 -0.315815 4
-0.953620 0.368987 -0.076390 2
-0.062280 0.250860 -0.236379 0
-0.373367 0.640335 0.226358 6
0.377428 0.400395 -0.636134 1
0.255797 0.600867 0.069200 5
-0.746215 0.432961 -0.108067 2
-0.098747 0.424613 -0.198796 0
0.227770 0.586543 -0.053646 5
-0.104450 0.314810 -0.242949 0
-0.877308 0.363394 0.027241 2
-0.076178 0.102706 -0.227562 0
-0.098880 -0.252604 -0.253474 0
-0.282146 0.476234 -0.390368 4
0.100533 0.597853 0.042144 5
-0.250820 0.621344 0.064365 6
0.515311 0.378071 -0.438905 1
-0.104138 0.168332 -0.241471 0
-0.016557 0.586675 -0.032879 5
-0.068699 0.189977 -0.221970 0
0.333524 0.575114 0.047493 5
0.114466 0.441669 -0.374517 1
-0.675479 0.461354 -0.016928 2
-0.606989 0.475026 -0.276105 2
-0.053623 0.581265 0.484740 3
-0.113215 -0.015880 -0.213317 0
-0.520417 0.466993 -0.232908 2
-0.079217 0.481687 -0.046319 0
-0.135674 0.607171 0.063135 6
-0.277383 0.640457 0.145059 6
0.187122 0.569816 0.249344 3
0.090601 0.574109 0.189757 3
0.703383 0.367752 -0.557167 1
-0.195415 0.459777 -0.315585 4
-0.413986 0.425340 -0.197578 0
-0.849645 0.406321 -0.112628 2
-0.198524 0.633213 0.180142 6
-0.068583 0.438612 -0.081314 0
0.142284 0.588599 0.377014 3
0.194042 0.580235 0.524739 3
0.226866 0.570352 0.482037 3
0.567006 0.446731 -0.639691 1
-0.030312 0.566031 0.343833 3
-0.249959 0.538662 -0.592993 4
-0.305043 0.640236 0.225840 6
-0.806526 0.400848 0.001880 2
0.154912 0.579407 0.444714 3
0.576436 0.348365 -0.498793 1
0.064518 0.556941 0.548647 3
0.427847 0.430766 -0.574641 1
0.092433 0.405706 -0.388891 0
-0.093374 0.300288 -0.174952 0
0.277373 0.589045 -0.004427 5
0.307603 0.436287 -0.520003 1
-0.639676 0.480063 -0.079704 2
-0.712071 0.444616 -0.037450 2
-1.003232 0.340818 -0.046199 2
0.625562 0.372437 -0.545156 1
-0.047835 0.276195 -0.285634 0
-0.109794 0.572948 -0.003005 6
0.481092 0.408337 -0.467318 1
-0.023612 0.578367 0.406143 3
-0.181402 0.484890 -0.383220 4
-0.118565 -0.105589 -0.226348 0
0.222426 0.457709 -0.513624 1
-0.109762 0.003973 -0.259413 0
-0.536178 0.479124 -0.169894 2
0.603530 0.437020 -0.575186 1
-0.138989 0.395358 -0.236145 0
-0.099136 0.275343 -0.206034 0
-0.107269 0.460196 -0.356545 4
-0.594395 0.496364 -0.083915 2
0.095033 0.603715 0.091398 5
0.119747 0.583537 0.260555 3
-0.498877 0.484148 -0.158839 2
0.064391 0.583216 0.222576 3
-0.661789 0.458390 -0.140324 2
-0.140940 0.418614 -0.295882 4
-0.838700 0.398457 -0.032514 2
-0.256620 0.540966 -0.526971 4
-0.280909 0.517843 -0.657178 4
-0.081393 -0.019292 -0.239485 0
-0.176658 0.286733 -0.211138 0
-0.103435 0.053843 -0.264170 0
-0.046845 0.575677 0.215758 3
0.132318 0.554944 0.656721 3
0.147725 0.453594 -0.501814 1
0.004702 0.362801 -0.324095 0
-0.062708 0.511284 -0.061718 0
-0.301338 0.494503 -0.341282 4
-0.105378 0.583031 0.251567 3
-0.388799 0.635451 0.185560 6
-0.238449 0.636783 0.130246 6
0.146719 0.560616 0.317235 3
-0.132394 -0.042343 -0.238963 0
0.131707 0.429446 -0.442478 1
-0.094317 0.578492 0.037010 6
-0.203493 0.585102 -0.024963 6
-0.088952 -0.159844 -0.216979 0
-0.359846 0.538828 -0.561179 4
-0.892866 0.388612 -0.074066 2
-0.128559 -0.227000 -0.253683 0
0.499036 0.436929 -0.553748 1
0.176082 0.604988 0.010178 5
0.130415 0.602395 0.107889 5
0.537311 0.386053 -0.502072 1
0.081745 0.584827 0.259748 3
-0.742027 0.412206 -0.187406 2
-0.175897 0.621628 0.096824 6
0.087689 0.583090 0.484923 3
-0.323108 0.641452 0.166372 6
-0.220661 0.474533 -0.337382 4
0.027609 0.583050 0.217779 3
-0.252187 0.639630 0.202070 6
0.200933 0.469020 -0.461968 1
-0.051076 0.533037 -0.002221 3
-0.137101 -0.159733 -0.243150 0
-0.298846 0.545083 -0.536935 4
0.138374 0.569253 0.211340 3
-0.270291 0.315089 -0.219327 0
0.163068 0.437772 -0.424322 1
0.212152 0.552650 0.654918 3
-0.211720 0.535787 -0.505627 4
-0.888320 0.358426 -0.006609 2
0.138510 0.603020 0.030728 5
0.166556 0.560647 0.599341 3
0.126726 0.600021 -0.069347 5
-0.369355 0.407583 -0.234510 0
0.168280 0.600093 -0.029768 5
-0.120323 0.386570 -0.275615 0
0.566773 0.410171 -0.525936 1
0.738315 0.417670 -0.583396 1
0.421845 0.444634 -0.523821 1
0.222019 0.435768 -0.466638 1
0.218565 0.607662 0.061707 5
0.078516 0.569213 0.104567 3
-0.114799 0.355353 -0.167119 0
-0.087448 -0.214655 -0.212948 0
0.130280 0.567334 0.551276 3
-0.125896 0.078069 -0.241779 0
-0.101015 0.621322 0.099078 6
0.213294 0.603158 0.019553 5
0.172168 0.445517 -0.535713 1
-0.308777 0.394039 -0.209227 0
-0.787784 0.424587 -0.136462 2
-0.229865 0.303558 -0.195757 0
-0.120142 0.411092 -0.131809 0
0.062183 0.574492 0.154803 3
0.053115 0.593541 0.295270 3
-0.290120 0.338389 -0.193002 0
-0.022857 0.324044 -0.327103 0
-0.222133 0.613404 0.046026 6
0.107476 0.448434 -0.412022 1
0.019930 0.330668 -0.297412 0
0.058880 0.609106 -0.044457 5
0.266108 0.439742 -0.499105 1
-0.027711 0.585820 0.266728 3
-0.110521 -0.069643 -0.261205 0
0.169749 0.609817 0.080675 5
0.282009 0.595023 0.033420 5
0.535898 0.438807 -0.569970 1
-0.274505 0.341675 -0.244423 0
0.382560 0.479459 -0.466805 1
0.040540 0.355314 -0.347374 0
-0.089076 0.223779 -0.239431 0
-0.324544 0.619625 0.097101 6
0.195353 0.581411 -0.064031 5
-0.610698 0.470633 -0.145239 2
0.633032 0.408592 -0.546896 1
-0.381362 0.428133 -0.183313 0
-0.081944 0.581878 0.182450 3
-0.219468 0.303291 -0.243360 0
0.047214 0.567820 0.593857 3
-0.955953 0.335367 -0.013324 2
-0.350196 0.374878 -0.215738 0
-0.038677 0.560698 0.083346 3
-1.025296 0.319918 -0.019666 2
0.026105 0.576865 0.161149 3
-0.012064 0.586121 0.323209 3
0.125127 0.589492 0.306286 3
-0.140086 0.338842 -0.234995 0
-0.099582 0.394069 -0.216620 0
-0.375574 0.605108 0.123765 6
0.237934 0.593104 -0.016586 5
-0.054371 0.239880 -0.269277 0
0.011946 0.595890 -0.073768 5
0.238086 0.487360 -0.445620 1
0.084719 0.605466 -0.078059 5
-0.650528 0.482592 -0.035994 2
0.175172 0.479014 -0.409055 1
-0.081161 0.566649 0.099163 3
-0.668702 0.467110 -0.090996 2
0.426396 0.463276 -0.410464 1
0.002890 0.580051 -0.006348 5
0.498928 0.431368 -0.624131 1
-0.052787 0.543623 0.029542 3
0.595377 0.363477 -0.525213 1
0.062697 0.570980 0.517765 3
-0.093966 0.123181 -0.261620 0
0.357692 0.497542 -0.428565 1
0.052775 0.592726 0.402417 3
-0.060333 0.578287 0.147492 3
0.044371 0.561362 0.413625 3
-0.993872 0.317264 0.024266 2
-0.158590 0.455885 -0.327020 4
0.033371 0.583753 0.052853 5
-0.197212 0.524823 -0.564471 4
-0.187628 0.518786 -0.448647 4
0.197390 0.606196 0.113539 5
0.104004 0.599533 0.355212 3
-0.136450 0.169712 -0.222361 0
-0.832688 0.414217 -0.168943 2
-0.071985 0.577213 0.299243 3
-0.095382 0.328901 -0.208994 0
-0.123783 0.118080 -0.206571 0
-0.329618 0.523152 -0.483210 4
-0.138579 -0.289415 -0.230449 0
0.675245 0.454534 -0.579867 1
0.253008 0.527289 -0.402479 1
-0.589472 0.469796 -0.224600 2
-0.003448 0.572411 0.535493 3
-0.133738 0.582614 -0.025504 6
0.130545 0.602586 -0.037319 5
-0.344609 0.526679 -0.618222 4
0.060635 0.594358 0.034400 5
-0.828005 0.383920 0.027047 2
0.187863 0.457207 -0.575733 1
-0.470579 0.448016 -0.253603 2
0.085632 0.591988 0.417326 3
-0.105530 0.473449 -0.397716 4
0.016956 0.574527 0.491249 3
-0.169172 0.450890 -0.383506 4
-0.336964 0.511686 -0.660053 4
-0.197455 0.255024 -0.203438 0
-0.178519 0.602276 0.023280 6
-0.790413 0.421057 -0.063807 2
-0.158345 0.629496 0.125780 6
0.033496 0.592206 -0.105256 5
-0.249665 0.495243 -0.388707 4
-0.229415 0.336854 -0.212680 0
-0.802211 0.405713 -0.214204 2
-0.175910 0.530916 -0.511005 4
-0.657545 0.458021 -0.221187 2
0.196159 0.591722 -0.117732 5
0.150623 0.598108 -0.096013 5
-0.094301 0.165885 -0.210559 0
0.050099 0.373088 -0.376273 0
-0.341612 0.471502 -0.685541 4
-1.012797 0.318766 -0.071779 2
0.028471 0.387068 -0.329222 0
-0.161682 0.217108 -0.223456 0
-0.293392 0.603340 0.014024 6
0.043022 0.411549 -0.367774 0
-0.235272 0.601012 -0.005092 6
0.193297 0.504371 -0.405019 1
0.184562 0.576896 0.287741 3
0.158846 0.556877 0.673425 3
-0.088686 0.353224 -0.184238 0
0.046631 0.588007 0.001184 5
0.378513 0.447268 -0.528098 1
-0.343146 0.627031 0.122140 6
-0.068777 0.271553 -0.262962 0
-0.301684 0.372833 -0.241872 0
-0.030377 0.320040 -0.281501 0
-0.230919 0.506689 -0.422750 4
0.147752 0.559140 0.624654 3
-0.889131 0.386976 -0.175910 2
-0.152139 0.509833 -0.472861 4
0.316728 0.474328 -0.471845 1
-0.248841 0.293226 -0.219522 0
-0.015814 0.594052 0.130359 3
-0.129440 0.280337 -0.218224 0
-0.049064 0.515649 -0.033536 0
-0.112804 -0.269752 -0.215687 0
-0.126352 -0.124290 -0.249189 0
0.464428 0.421922 -0.436289 1
0.276277 0.443118 -0.555706 1
0.106631 0.604148 -0.006919 5
-0.818764 0.411083 -0.059189 2
-0.086358 -0.052276 -0.237199 0
-0.333695 0.503474 -0.350712 4
-0.090773 -0.175771 -0.245297 0
0.234211 0.436680 -0.548968 1
-0.295361 0.622572 0.089597 6
-0.485830 0.498495 -0.132714 2
-0.559053 0.480361 -0.150130 2
-0.198938 0.464934 -0.286004 4
-0.087856 0.580225 0.368947 3
-0.080818 0.358836 -0.141340 0
0.132922 0.577694 0.468215 3
0.229064 0.556175 0.621340 3
-0.226485 0.529711 -0.611168 4
-0.743126 0.420103 0.009653 2
-0.142208 0.236002 -0.250769 0
-0.098870 0.202425 -0.203659 0
-0.892940 0.393809 -0.144490 2
-0.436671 0.468176 -0.158396 2
-0.356985 0.618419 0.266311 6
-0.004697 0.559289 0.072430 3
0.053289 0.567953 0.088563 3
0.083823 0.438276 -0.396837 1
0.521123 0.383555 -0.473794 1
-0.274738 0.489467 -0.454678 4
-0.355605 0.511816 -0.521419 4
0.435335 0.458991 -0.440918 1
-0.554912 0.503204 -0.098899 2
-0.311321 0.604229 0.038524 6
-0.688123 0.447437 -0.212115 2
0.520852 0.399524 -0.522765 1
-0.981948 0.339536 -0.107280 2
0.131063 0.596966 -0.119256 5
0.631372 0.429208 -0.568825 1
-0.139894 0.017628 -0.230276 0
-0.258303 0.342520 -0.213804 0
-0.044550 0.221115 -0.236164 0
-0.055717 0.577005 0.327399 3
-0.106632 0.244180 -0.227623 0
-0.133603 0.461849 -0.384906 4
0.153436 0.574252 0.247597 3
-1.042783 0.298603 -0.029698 2
-0.541587 0.472915 -0.252295 2
-0.640658 0.468547 -0.242678 2
0.251758 0.605761 0.109513 5
0.467613 0.421989 -0.623658 1
0.108009 0.439773 -0.506125 1
0.283329 0.433250 -0.584204 1
-0.431040 0.430297 -0.242247 0
0.104890 0.618344 0.062468 5
-0.015989 0.559116 -0.023312 5
-0.120430 0.052169 -0.217818 0
-0.586345 0.501140 -0.053529 2
-0.156094 0.493863 -0.411243 4
-0.199284 0.282614 -0.237280 0
0.198044 0.564566 0.468868 3
0.517303 0.427559 -0.511719 1
-0.091098 0.409939 -0.137794 0
0.080246 0.555257 0.617189 3
-0.050914 0.581249 0.430476 3
-0.128188 0.322184 -0.257691 0
0.210326 0.562698 0.298197 3
0.206609 0.435697 -0.523499 1
-0.111642 0.629424 0.124559 6
0.225160 0.511906 -0.426659 1
-0.240717 0.631350 0.227031 6
-0.740382 0.427314 -0.213041 2
-0.609190 0.481406 -0.109743 2
0.212005 0.572871 0.341568 3
0.388723 0.429932 -0.578066 1
0.629878 0.458463 -0.608378 1
-0.943144 0.348053 0.008751 2
-0.025397 0.569629 -0.069005 5
-0.673533 0.460486 -0.270046 2
-0.970433 0.364354 -0.099336 2
-0.226346 0.535008 -0.568207 4
-0.123070 -0.015186 -0.240813 0
-0.437659 0.462915 -0.186299 2
-0.710722 0.451736 -0.242485 2
0.240104 0.435402 -0.600303 1
0.013968 0.584266 0.389406 3
0.010591 0.588473 0.350963 3
-0.132697 0.472249 -0.353997 4
0.370575 0.416088 -0.605341 1
-0.335895 0.494281 -0.309989 4
0.425568 0.438407 -0.480170 1
0.336127 0.436371 -0.564630 1
-0.126124 0.221635 -0.217385 0
-0.044264 0.491448 -0.053989 0
-0.940513 0.369193 -0.138588 2
-0.868123 0.375446 -0.076322 2
-0.901838 0.375791 -0.024648 2
-0.101070 0.102873 -0.240632 0
-0.115417 0.326705 -0.162545 0
-0.211010 0.633676 0.154989 6
-0.848030 0.393336 -0.188068 2
-0.222452 0.629271 0.108444 6
-0.348596 0.605524 0.086628 6
-0.818576 0.412924 -0.106541 2
-0.030378 0.566832 0.159251 3
-0.065339 0.440498 -0.110457 0
-0.410727 0.602887 0.182707 6
0.209373 0.556785 0.538523 3
-0.292478 0.365641 -0.203706 0
0.205760 0.603387 -0.049749 5
-0.110441 0.597550 0.049648 6
-0.422081 0.411565 -0.221081 0
0.111862 0.593748 0.384222 3
0.112303 0.586561 0.517740 3
0.296097 0.509456 -0.429401 1
-0.402113 0.610557 0.234426 6
-0.942293 0.365753 -0.051160 2
-0.018522 0.577891 0.473311 3
0.205307 0.573419 0.377936 3
0.126370 0.560501 0.518677 3
-0.130299 0.305888 -0.177110 0
-0.692681 0.453704 -0.086794 2
0.463163 0.419424 -0.525930 1
0.736545 0.394211 -0.561383 1
-0.597930 0.467096 -0.198297 2
-0.906370 0.371292 -0.124878 2
-0.226022 0.531011 -0.474954 4
-0.021894 0.568500 0.119338 3
-0.379606 0.629958 0.135352 6
-0.096732 0.197272 -0.237914 0
0.593192 0.448211 -0.611054 1
0.205408 0.569539 0.499374 3
-0.105947 0.580071 0.202927 3
0.654813 0.367608 -0.534915 1
0.102328 0.563831 0.569503 3
-0.094602 0.039029 -0.238989 0
-0.093989 0.466156 -0.078771 0
0.500077 0.422957 -0.650761 1
-0.160842 0.264787 -0.216079 0
-0.087451 0.563392 -0.015849 6
-0.193484 0.529158 -0.533123 4
-0.016905 0.294411 -0.269886 0
0.132423 0.434652 -0.475384 1
-0.171253 0.634149 0.153736 6
0.260115 0.481634 -0.466418 1
-0.001615 0.552330 0.041258 3
-0.134216 0.359582 -0.211203 0
0.018564 0.589399 0.257044 3
-0.349377 0.636779 0.238972 6
0.066049 0.395952 -0.375279 0
-0.124373 -0.096728 -0.253765 0
-0.047052 0.578238 0.392199 3
0.128053 0.582497 0.441287 3
0.297371 0.461892 -0.502862 1
-0.481944 0.462441 -0.198402 2
-0.081491 0.247559 -0.260878 0
-0.308772 0.514154 -0.458138 4
0.394408 0.453309 -0.475116 1
-0.344194 0.412774 -0.225594 0
0.569917 0.435157 -0.536188 1
-0.781539 0.414057 -0.009948 2
0.552329 0.359383 -0.505147 1
0.303937 0.578251 0.035046 5
0.072118 0.586751 0.462979 3
-0.139951 0.100254 -0.234891 0
-0.142572 0.372425 -0.253747 0
-0.001601 0.578167 0.432667 3
-0.225516 0.639743 0.197270 6
0.385006 0.475130 -0.439405 1
-0.112664 -0.207785 -0.233780 0
0.018683 0.568209 0.113731 3
0.283254 0.591751 0.085627 5
-0.288262 0.633055 0.117441 6
0.153222 0.607958 0.052801 5
0.001912 0.560839 0.015728 5
-0.389875 0.606569 0.206530 6
-0.080703 -0.102931 -0.243183 0
0.050580 0.595453 0.343968 3
-0.116107 0.381251 -0.234524 0
-0.256339 0.517563 -0.441946 4
0.109886 0.444194 -0.447960 1
-0.344637 0.529129 -0.590378 4
-0.040658 0.267618 -0.240304 0
0.104581 0.598955 0.320815 3
-0.153902 0.593949 0.011216 6
0.239871 0.566982 0.380215 3
-0.333227 0.536177 -0.552258 4
-0.061252 0.565295 0.044624 3
0.108620 0.423203 -0.425533 1
-0.925967 0.379406 -0.081662 2
0.625281 0.344662 -0.526736 1
0.579961 0.387041 -0.507180 1
-0.118502 -0.177063 -0.251508 0
0.538530 0.442491 -0.624100 1
0.454180 0.431295 -0.579138 1
-0.351195 0.598453 0.018231 6
-0.135951 0.311743 -0.204276 0
-0.002061 0.312715 -0.302261 0
-0.869280 0.399713 -0.129352 2
-0.260972 0.598052 -0.011331 6
0.372861 0.439459 -0.554365 1
-0.872728 0.381775 -0.013492 2
-0.269796 0.608882 0.040686 6
0.061473 0.370295 -0.334943 0
0.448256 0.410238 -0.638194 1
-0.577513 0.477647 -0.277728 2
0.679399 0.360241 -0.548602 1
-0.614225 0.472023 -0.240998 2
-0.317202 0.532514 -0.608145 4
-0.584831 0.476073 -0.143872 2
-0.067820 0.525282 0.016748 0
0.174532 0.470262 -0.437428 1
-0.319744 0.367392 -0.220880 0
0.113274 0.569528 0.169929 3
-0.285985 0.506898 -0.431114 4
-0.244452 0.479382 -0.327138 4
-0.733020 0.432104 -0.172698 2
-0.291036 0.489220 -0.369265 4
0.318047 0.576734 0.076306 5
0.170387 0.559651 0.330000 3
-0.055203 0.461207 -0.081671 0
-0.045827 0.569047 0.458121 3
-0.124610 0.180462 -0.191119 0
-0.300493 0.539822 -0.566197 4
0.115852 0.597227 0.016601 5
0.159482 0.584046 0.357796 3
-0.087225 -0.240807 -0.211609 0
0.156976 0.580467 0.303592 3
0.027487 0.594662 0.300404 3
-0.776496 0.420991 -0.041501 2
0.139037 0.455691 -0.440367 1
0.504252 0.437329 -0.582309 1
-0.077234 -0.267008 -0.230267 0
-0.364084 0.515569 -0.572468 4
0.332829 0.425966 -0.588851 1
0.175510 0.593787 -0.089720 5
0.143652 0.574946 0.494382 3
0.486577 0.410266 -0.498579 1
0.151133 0.563683 0.578122 3
-0.200764 0.618826 0.060687 6
0.205407 0.461783 -0.486449 1
-0.140500 0.254741 -0.191873 0
-0.280873 0.528656 -0.478569 4
0.032187 0.602987 -0.059274 5
-0.744009 0.411905 -0.241146 2
-0.104364 -0.131380 -0.265765 0
-0.762259 0.424767 -0.177368 2
0.684772 0.402910 -0.550334 1
0.299694 0.598319 0.104445 5
0.223602 0.443822 -0.580851 1
-0.127239 -0.164662 -0.219121 0
0.012664 0.354879 -0.347296 0
-0.731367 0.435101 -0.051628 2
-0.112833 0.289008 -0.238121 0
-0.118338 -0.255313 -0.236279 0
-0.694005 0.444475 -0.182604 2
-0.281168 0.501926 -0.390714 4
-0.731456 0.435453 -0.128933 2
0.498964 0.399143 -0.451337 1
0.252263 0.461501 -0.494674 1
-0.206817 0.286468 -0.205449 0
0.235657 0.561164 0.294424 3
-0.153531 0.398699 -0.306006 4
-0.301376 0.636336 0.153768 6
0.037739 0.341055 -0.313096 0
-0.127190 0.005518 -0.211634 0
-0.239211 0.627653 0.087965 6
0.146190 0.448649 -0.544734 1
-0.091605 0.370209 -0.212102 0
-0.794947 0.393900 0.023577 2
-0.904873 0.389142 -0.099357 2
-0.366879 0.402900 -0.180810 0
0.351037 0.455083 -0.516869 1
-0.203067 0.479462 -0.401390 4
-0.336773 0.606192 0.038682 6
0.239009 0.569753 0.416675 3
0.694895 0.438002 -0.567581 1
-0.870810 0.397752 -0.088314 2
-0.083961 0.489044 -0.391819 4
-0.093088 -0.278544 -0.262143 0
0.292922 0.578031 -0.021290 5
0.076551 0.402904 -0.344118 0
0.155741 0.568543 0.192516 3
-0.276744 0.642945 0.207743 6
0.100896 0.561341 0.603671 3
-0.195779 0.626268 0.204435 6
0.323305 0.443894 -0.542786 1
-0.164669 0.419499 -0.286889 4
-0.417666 0.450454 -0.198263 2
0.035342 0.579728 0.437380 3
0.412396 0.406203 -0.628625 1
-0.079440 -0.239381 -0.243964 0
-0.086006 0.180708 -0.254112 0
0.080649 0.600370 -0.021242 5
0.068602 0.560628 0.129314 3
-0.117466 0.616684 0.077873 6
-0.856388 0.394679 -0.054192 2
-0.395983 0.442067 -0.216282 0
0.167582 0.457956 -0.485022 1
0.244181 0.619655 0.087564 5
-0.067502 0.566778 0.380467 3
-0.085809 0.262110 -0.224626 0
-0.084863 0.572194 0.275300 3
0.165887 0.581251 0.381929 3
-0.022885 0.583083 0.215035 3
0.341146 0.468392 -0.478360 1
-0.001586 0.338699 -0.321351 0
0.412465 0.436899 -0.455298 1
-0.513421 0.505949 -0.116652 2
-0.000194 0.585715 -0.054361 5
-0.306331 0.635834 0.254513 6
0.028552 0.559695 0.545372 3
-0.281157 0.526324 -0.626305 4
-0.171228 0.240262 -0.224384 0
0.040751 0.386657 -0.351023 0
-0.071285 -0.207090 -0.230393 0
0.192623 0.576197 0.402361 3
-0.119892 0.151489 -0.226327 0
-0.095155 0.573672 0.313127 3
-0.276097 0.539752 -0.585831 4
0.194517 0.611288 0.082338 5
0.241956 0.552024 0.668719 3
-0.035107 0.243681 -0.243556 0
-0.115756 0.326102 -0.222821 0
-0.137515 0.443142 -0.296055 4
-0.091832 0.133288 -0.219383 0
-0.521878 0.461003 -0.261794 2
-0.237616 0.490752 -0.358915 4
-0.322020 0.529394 -0.512901 4
-0.071781 0.164241 -0.220577 0
0.318722 0.411864 -0.625836 1
-0.282066 0.338828 -0.219956 0
0.610655 0.456124 -0.588994 1
-0.974857 0.356986 -0.058170 2
0.239700 0.562150 0.547111 3
0.548465 0.394985 -0.532204 1
0.129367 0.457796 -0.399518 1
-1.039431 0.313863 -0.000508 2
-0.641890 0.459547 -0.193843 2
-0.087686 -0.191333 -0.221168 0
0.587507 0.381831 -0.539478 1
-0.155746 0.464924 -0.349848 4
-0.109096 0.349230 -0.254415 0
0.069777 0.595085 0.360960 3
-0.367041 0.640157 0.175307 6
-0.076803 0.545190 0.034059 0
0.089956 0.576049 0.513820 3
-0.085084 0.146164 -0.256171 0
-0.916927 0.363274 -0.001023 2
-0.142653 0.197574 -0.210408 0
-0.101672 0.075269 -0.243526 0
-0.697668 0.452568 -0.011649 2
0.125009 0.582276 0.189709 3
-0.166702 0.584801 -0.041035 6
-0.273801 0.621268 0.072555 6
-0.669046 0.463388 -0.115104 2
-1.001379 0.316363 -0.016636 2
0.334583 0.496994 -0.436255 1
0.023739 0.584039 0.193780 3
0.343674 0.566011 0.093152 5
-0.399274 0.413264 -0.212845 0
-0.112642 0.029449 -0.257111 0
-0.179076 0.444592 -0.336634 4
-0.302955 0.515144 -0.666985 4
-0.276761 0.538031 -0.501953 4
0.154463 0.565554 0.552143 3
-0.200012 0.475351 -0.370924 4
0.049429 0.579736 0.457121 3
-0.977755 0.345880 -0.024300 2
0.171398 0.480398 -0.385168 1
0.169868 0.477091 -0.468115 1
-0.043820 0.300193 -0.284864 0
-0.074988 0.577833 0.119699 3
-0.124464 -0.081192 -0.221575 0
-0.770319 0.425918 -0.091525 2
0.144394 0.605886 0.088057 5
0.432901 0.429513 -0.508562 1
-0.866913 0.362763 0.003703 2
-0.158064 0.474643 -0.389707 4
-0.156978 0.392215 -0.257086 0
-0.132074 0.480117 -0.403918 4
0.094864 0.437632 -0.469603 1
-0.155117 0.617104 0.073262 6
-0.496757 0.453596 -0.247869 2
-0.133747 -0.058453 -0.216385 0
0.725449 0.372680 -0.565250 1
-0.232932 0.606651 0.023348 6
0.477858 0.438027 -0.638271 1
-0.314916 0.598275 -0.009572 6
-0.553283 0.490926 -0.129414 2
-0.327042 0.502019 -0.681307 4
0.224897 0.558322 0.586695 3
-0.690851 0.447662 -0.151525 2
0.006836 0.589743 0.120699 3
-0.073961 -0.160484 -0.237824 0
-0.724373 0.440780 -0.102265 2
0.289223 0.453181 -0.523583 1
-0.106345 0.304736 -0.194509 0
0.611186 0.419747 -0.558255 1
-0.093625 0.001181 -0.240629 0
-0.392700 0.628390 0.219263 6
-0.062680 0.479121 -0.388007 4
0.069014 0.579677 0.199523 3
0.043562 0.584361 0.238284 3
-0.345949 0.499168 -0.479976 4
-0.026397 0.576402 0.096230 3
0.083726 0.570837 0.164063 3
0.474626 0.438053 -0.555294 1
-0.097041 0.322676 -0.181891 0
0.190090 0.558331 0.585065 3
-0.118112 0.415052 -0.189042 0
0.124498 0.577434 0.233815 3
-0.601435 0.464604 -0.173617 2
-0.134766 0.586197 -0.000355 6
-0.773368 0.420995 -0.200368 2
0.311661 0.518660 -0.400553 1
-0.119849 0.404661 -0.210622 0
0.451467 0.439158 -0.519546 1
0.399545 0.447261 -0.516504 1
-0.351049 0.513531 -0.498314 4
-0.266322 0.644107 0.174595 6
-0.720014 0.438055 -0.221902 2
0.071006 0.601874 -0.096868 5
-0.040625 0.581858 0.247452 3
0.197626 0.559150 0.267508 3
-0.659623 0.473135 -0.069325 2
-0.047077 0.576072 0.279084 3
-0.106640 0.304557 -0.220971 0
-0.219034 0.496316 -0.404756 4
0.297758 0.587319 0.014318 5
0.044161 0.594896 -0.021087 5
0.146430 0.454350 -0.475587 1
0.049190 0.593409 0.320675 3
-0.122640 -0.036724 -0.218460 0
0.261437 0.426603 -0.594244 1
-0.348916 0.521485 -0.642521 4
-0.147272 0.434016 -0.318505 4
0.298497 0.492429 -0.468632 1
-0.126679 0.253133 -0.247714 0
-0.000936 0.587526 -0.091344 5
-0.091873 0.478448 -0.420393 4
-0.277197 0.489424 -0.412056 4
-0.947617 0.374309 -0.098242 2
-0.639001 0.462683 -0.142246 2
0.252862 0.516515 -0.424315 1
0.176046 0.576912 0.454063 3
-0.161244 0.600257 0.038688 6
-0.066067 0.469120 -0.060761 0
0.719003 0.429501 -0.578383 1
0.196305 0.555886 0.633871 3
-0.328192 0.639254 0.226877 6
-0.475720 0.484217 -0.159960 2
0.572419 0.444706 -0.575257 1
-0.766441 0.427600 -0.117981 2
0.074056 0.600277 0.313409 3
-0.813244 0.417537 -0.186696 2
-0.140944 0.492978 -0.486337 4
0.299465 0.436787 -0.498372 1
-0.137428 0.498978 -0.444872 4
0.025185 0.578079 -0.000647 5
0.104874 0.583955 0.279856 3
-0.694764 0.457635 -0.261509 2
-0.854179 0.373310 0.020511 2
-0.167927 0.437810 -0.301848 4
0.461855 0.415530 -0.478379 1
-0.525575 0.469872 -0.209689 2
-0.876066 0.406483 -0.183476 2
0.119892 0.565922 0.148185 3
-0.323200 0.498213 -0.432735 4
-0.081044 0.454154 -0.100702 0
-0.154431 0.221903 -0.200550 0
-0.024214 0.566114 0.375104 3
-0.140196 -0.096477 -0.231400 0
0.429154 0.437387 -0.552707 1
0.154559 0.455392 -0.524468 1
-0.101711 -0.192753 -0.262707 0
-0.002090 0.591382 0.151434 3
0.236031 0.599736 0.049209 5
-0.385027 0.627691 0.162054 6
-0.027318 0.580055 0.191729 3
-0.734300 0.433436 -0.018535 2
0.178254 0.579038 0.430913 3
0.002504 0.565539 0.463130 3
-0.376925 0.644919 0.204238 6
0.082012 0.609734 0.062016 5
0.518388 0.374760 -0.495999 1
-0.252289 0.540451 -0.550179 4
-0.091446 0.359665 -0.162488 0
-0.026834 0.545496 0.025088 3
-0.096086 0.429847 -0.103093 0
-0.226332 0.545151 -0.520934 4
0.179850 0.557078 0.617510 3
-0.005702 0.590904 0.263702 3
-0.070021 0.509140 -0.040248 0
0.278815 0.490033 -0.456506 1
0.174797 0.565276 0.541924 3
-0.843373 0.410111 -0.142082 2
-0.319796 0.642903 0.197554 6
-0.112607 0.576940 0.021776 6
0.267995 0.592136 0.051095 5
0.004670 0.599083 0.411371 3
-0.060399 0.561744 0.091360 3
0.073890 0.416462 -0.381038 0
0.408107 0.472318 -0.426461 1
-0.089509 -0.080127 -0.248000 0
0.004253 0.353643 -0.296569 0
-0.069521 0.547915 -0.014225 0
-0.037226 0.568194 0.493336 3
0.037761 0.570077 0.142943 3
0.555507 0.413414 -0.545324 1
-0.066295 0.578034 0.198346 3
-0.358528 0.419567 -0.195082 0
-0.126479 -0.233227 -0.232036 0
-0.134140 0.628604 0.122504 6
0.188271 0.556215 0.231323 3
-0.271806 0.489246 -0.344721 4
-0.375324 0.627256 0.255241 6
0.066566 0.422817 -0.412032 1
0.119068 0.558301 0.616715 3
-0.250732 0.519371 -0.463739 4
-0.331836 0.638709 0.145765 6
0.274846 0.460290 -0.502119 1
0.089376 0.420330 -0.409215 1
-0.028111 0.308569 -0.311649 0
0.275252 0.517807 -0.422223 1
-0.397484 0.412639 -0.189197 0
-0.818980 0.403089 -0.022901 2
0.680272 0.457772 -0.602470 1
-0.269046 0.490299 -0.375863 4
-0.080231 0.580378 0.248581 3
0.552072 0.443177 -0.584852 1
0.423619 0.424222 -0.595635 1
0.526634 0.366091 -0.458247 1
-0.100596 -0.135481 -0.215849 0
0.032263 0.593537 -0.082873 5
-0.201151 0.252815 -0.227724 0
-0.007124 0.574769 0.166247 3
-0.139661 -0.138654 -0.234562 0
-0.804541 0.420590 -0.151515 2
-0.198608 0.607264 0.041659 6
-0.619826 0.463966 -0.194384 2
-0.080054 0.556111 -0.035636 6
-0.898922 0.380253 -0.054261 2
-0.982025 0.333870 -0.045340 2
-0.110512 -0.217963 -0.208637 0
-0.557787 0.472349 -0.235256 2
-0.653772 0.456707 -0.167160 2
-0.615427 0.489977 -0.080346 2
-0.139039 0.044748 -0.227538 0
-0.135888 0.135784 -0.225926 0
-0.026246 0.270914 -0.286833 0
0.495728 0.415071 -0.590361 1
-0.118112 0.406885 -0.232694 0
0.123048 0.603616 0.047766 5
0.175225 0.577182 0.343685 3
-0.091251 -0.143771 -0.244116 0
-0.118683 -0.033270 -0.253903 0
-0.136459 0.401916 -0.196133 0
0.081615 0.600212 0.030055 5
-0.104197 0.146368 -0.244613 0
-0.126253 0.365694 -0.285330 0
0.254689 0.590173 -0.002346 5
-0.235794 0.313778 -0.224878 0
0.649847 0.392828 -0.543580 1
-0.149185 0.405342 -0.274842 0
0.214084 0.557184 0.676895 3
0.108562 0.575205 0.206517 3
0.045308 0.558092 0.559730 3
0.110915 0.579132 0.469980 3
-0.811896 0.412466 -0.085456 2
0.618262 0.393364 -0.539999 1
0.157287 0.570965 0.225174 3
-0.133982 0.072502 -0.217455 0
-0.041187 0.548510 -0.024399 5
-0.921531 0.383695 -0.139550 2
-0.420579 0.442529 -0.218657 0
0.180197 0.570631 0.510484 3
0.237007 0.579228 0.499690 3
0.153559 0.601691 0.014659 5
0.076619 0.607811 -0.057682 5
0.150121 0.583419 0.423582 3
0.214948 0.572804 0.455633 3
0.245326 0.555891 0.573034 3
0.110838 0.587891 0.428425 3
0.511297 0.430996 -0.536511 1
0.352526 0.401744 -0.634996 1
-0.182490 0.595421 -0.006769 6
-0.114828 0.363679 -0.201805 0
-0.364816 0.506119 -0.620183 4
0.093084 0.430832 -0.378432 0
0.349916 0.508772 -0.411324 1
-0.958130 0.354430 -0.028729 2
-0.695837 0.452766 -0.064154 2
-0.121401 0.342165 -0.208060 0
-0.112276 0.578594 -0.025706 6
0.588245 0.451081 -0.588876 1
-0.129115 0.012195 -0.253641 0
-0.461138 0.453744 -0.226838 2
0.210951 0.572805 0.319812 3
-0.198878 0.527591 -0.466111 4
0.586784 0.452851 -0.632950 1
-0.164272 0.515392 -0.490055 4
0.042305 0.572955 0.508268 3
0.301266 0.446931 -0.540587 1
-0.070021 0.491031 -0.064781 0
-0.329721 0.505328 -0.327665 4
-0.267087 0.343893 -0.187608 0
-0.033445 0.582779 0.325231 3
0.142467 0.596541 -0.054701 5
-0.352246 0.611584 0.058033 6
0.068872 0.555741 0.569893 3
-0.180754 0.636779 0.192105 6
-0.858924 0.390931 -0.030094 2
0.192661 0.452126 -0.532996 1
0.219421 0.476415 -0.447311 1
0.588473 0.431545 -0.556165 1
-0.067931 0.517016 -0.011686 0
-0.827967 0.393402 -0.000865 2
-0.741301 0.434572 -0.087013 2
-0.208590 0.512477 -0.426252 4
-0.037669 0.252514 -0.274815 0
-0.404971 0.622149 0.174327 6
-1.008671 0.323061 0.009568 2
-0.286841 0.487407 -0.301566 4
-0.064315 0.230106 -0.249846 0
-0.341051 0.380436 -0.190993 0
0.105780 0.602942 -0.073880 5
-0.932431 0.345697 -0.012270 2
-0.116788 0.263238 -0.228374 0
0.163302 0.609303 0.033735 5
-0.180894 0.530191 -0.550819 4
0.176936 0.575396 0.267585 3
-0.890758 0.364252 -0.039159 2
0.123387 0.594603 0.365999 3
0.454020 0.423271 -0.599179 1
-1.008434 0.321253 -0.036429 2
0.031228 0.568505 0.095638 3
-1.000333 0.329513 -0.090295 2
-0.168881 0.511192 -0.459375 4
-0.460856 0.458269 -0.199560 2
0.462299 0.422339 -0.457962 1
-0.101686 0.053733 -0.207361 0
0.095028 0.396299 -0.369725 0
0.238055 0.566949 0.344753 3
0.442409 0.433250 -0.438232 1
-0.123256 0.573144 -0.055724 6
-0.252070 0.641160 0.146542 6
0.580221 0.415270 -0.541913 1
-0.624670 0.475010 -0.263879 2
-0.071701 0.007586 -0.229273 0
-0.382472 0.425950 -0.204662 0
0.086665 0.578612 0.212078 3
0.154678 0.575430 0.466307 3
-0.403190 0.439826 -0.185992 0
-0.289110 0.385084 -0.216167 0
-0.217343 0.634417 0.134526 6
0.217688 0.591323 -0.035354 5
0.215950 0.567930 0.521476 3
-0.021582 0.586340 0.287312 3
0.178653 0.564925 0.673222 3
-0.357959 0.389117 -0.201819 0
-0.300342 0.487210 -0.392447 4
0.143274 0.585937 0.398162 3
0.245077 0.457053 -0.514629 1
-0.047490 0.550857 0.054177 3
-0.100322 -0.174390 -0.203763 0
0.016476 0.585776 0.235711 3
0.330059 0.575613 0.026524 5
-0.075284 0.585185 0.160936 3
-0.076577 0.078858 -0.234857 0
0.385753 0.450161 -0.500629 1
-0.080923 0.593851 0.042878 6
-0.094195 0.446184 -0.086109 0
-0.068594 0.585796 0.347977 3
-0.103781 0.478846 -0.377295 4
0.193801 0.580839 -0.042903 5
-0.169394 0.577369 -0.060677 6
-0.773102 0.426900 -0.159315 2
0.654449 0.407260 -0.558363 1
-0.023279 0.576571 0.427222 3
0.025513 0.347174 -0.332402 0
0.057777 0.595350 0.382060 3
0.176968 0.600937 -0.010517 5
-0.087149 -0.089446 -0.228307 0
-0.645418 0.482618 -0.056453 2
-0.853023 0.413048 -0.174400 2
-0.042207 0.283121 -0.265029 0
0.347826 0.562984 0.058251 5
-0.274445 0.355797 -0.208354 0
-0.291463 0.543321 -0.517289 4
0.523344 0.435330 -0.553426 1
-0.160800 0.515175 -0.523251 4
0.100115 0.590515 0.401394 3
-0.127358 0.358418 -0.247238 0
-0.898845 0.360588 0.011482 2
-0.249466 0.308573 -0.201536 0
-0.140289 -0.058555 -0.252413 0
0.302768 0.583149 0.089242 5
-0.153414 0.463017 -0.370653 4
-0.074253 0.271882 -0.239215 0
0.138789 0.582039 0.288596 3
0.223868 0.573168 0.430797 3
-0.048367 0.578041 0.347011 3
0.228493 0.598012 0.001481 5
0.096808 0.580044 0.129874 3
-0.129697 -0.122354 -0.217850 0
-0.182910 0.588416 -0.026867 6
-0.196818 0.621232 0.096396 6
-0.120642 0.106469 -0.229783 0
-0.099800 0.260379 -0.191447 0
-0.073238 0.576583 0.429155 3
-0.300496 0.533913 -0.628388 4
-0.596822 0.468571 -0.259058 2
0.230278 0.554397 0.642080 3
0.182358 0.444002 -0.553837 1
0.288493 0.572235 0.003355 5
-0.062500 0.578787 0.229100 3
0.009300 0.314470 -0.319584 0
0.120915 0.453852 -0.430361 1
-0.275377 0.469178 -0.349435 4
0.007788 0.582196 0.211683 3
-0.094732 -0.233216 -0.259606 0
-0.270855 0.534971 -0.609858 4
0.008857 0.592187 0.313467 3
0.279653 0.418492 -0.620649 1
0.025711 0.593686 0.279785 3
-0.359064 0.509230 -0.665363 4
-0.298824 0.521499 -0.647498 4
0.049431 0.571060 0.533619 3
-0.067170 0.579772 0.469198 3
0.688856 0.418251 -0.566788 1
0.123523 0.606430 0.088832 5
-0.541359 0.501124 -0.114352 2
-0.126292 0.253953 -0.206836 0
-0.261879 0.632589 0.124046 6
-0.106153 0.578868 0.223524 3
-0.096461 0.124746 -0.237584 0
-0.229809 0.284030 -0.202406 0
0.248973 0.551319 0.619183 3
0.712680 0.385433 -0.552143 1
-0.122057 -0.144417 -0.249871 0
-0.310159 0.618486 0.075903 6
-0.010974 0.324221 -0.287337 0
-0.284901 0.644515 0.165808 6
-0.222935 0.593505 -0.019720 6
0.026047 0.563217 0.429412 3
0.692108 0.381923 -0.547456 1
0.480162 0.411278 -0.447017 1
0.566741 0.440325 -0.620194 1
-0.628718 0.487411 -0.029552 2
0.245454 0.589410 -0.043653 5
-0.015952 0.572618 -0.051045 5
-0.580951 0.506838 -0.072479 2
-0.081863 0.387585 -0.138643 0
-0.140160 0.453895 -0.335788 4
0.061566 0.423057 -0.353943 0
-0.098321 0.610253 0.081308 6
-0.009487 0.560585 0.095280 3
-0.225016 0.636218 0.171045 6
-0.172764 0.474340 -0.367943 4
-0.294712 0.498865 -0.317443 4
-0.557528 0.469597 -0.189854 2
-0.548019 0.511683 -0.080032 2
0.547638 0.440696 -0.642296 1
-0.122583 0.057960 -0.240380 0
0.259752 0.600834 0.091376 5
-0.013628 0.583587 0.351984 3
-0.142491 0.624897 0.172377 6
-0.510892 0.476895 -0.176304 2
-0.176152 0.615829 0.076193 6
0.416306 0.443269 -0.502265 1
0.444585 0.430806 -0.482879 1
0.229916 0.450785 -0.534944 1
-0.182699 0.454686 -0.296770 4
0.129894 0.563871 0.573679 3
0.509096 0.402263 -0.505616 1
0.177210 0.595764 -0.051419 5
-0.095424 0.566736 0.018216 6
-0.667759 0.472455 -0.039486 2
-1.024458 0.333496 -0.052688 2
0.043233 0.587418 0.026621 5
-0.663704 0.463438 -0.252549 2
0.338444 0.571313 0.074179 5
-0.035256 0.575259 0.141468 3
-0.306811 0.355553 -0.193528 0
-0.011854 0.571431 -0.085659 5
0.200605 0.602313 -0.000165 5
-0.907462 0.356503 -0.022132 2
0.357519 0.495105 -0.450648 1
-0.189025 0.507734 -0.557379 4
-0.800518 0.422003 -0.120984 2
0.198034 0.591163 -0.081990 5
-0.239933 0.515761 -0.616886 4
0.160694 0.575597 0.505212 3
-0.934899 0.343015 0.026490 2
-0.130235 0.594906 0.046654 6
-0.058440 -0.266243 -0.222372 0
-0.106882 -0.155083 -0.209006 0
-0.355740 0.394550 -0.227279 0
-0.234379 0.535336 -0.498942 4
-0.110710 0.006178 -0.223242 0
0.175100 0.441126 -0.574825 1
-0.305240 0.519393 -0.477285 4
0.318386 0.453227 -0.518190 1
-0.145188 0.226502 -0.233243 0
-0.164161 0.436447 -0.349744 4
-0.170177 0.504238 -0.421653 4
-0.274439 0.326622 -0.198648 0
-0.181390 0.266910 -0.205843 0
-0.084511 -0.194847 -0.246560 0
0.533152 0.363013 -0.489020 1
0.208647 0.518074 -0.416980 1
-0.120032 0.340245 -0.236462 0
-0.140898 0.421991 -0.229477 0
-0.213332 0.470113 -0.319192 4
-0.016682 0.285386 -0.251928 0
-0.093878 0.419308 -0.120056 0
-0.208523 0.298526 -0.227204 0
-0.071865 0.181172 -0.239724 0
0.066567 0.592657 0.280411 3
-1.029114 0.309829 -0.043195 2
0.585512 0.348085 -0.516679 1
-0.328784 0.395575 -0.204570 0
0.150710 0.603416 -0.019694 5
0.129932 0.452822 -0.510978 1
0.500496 0.434280 -0.601741 1
-0.127805 -0.103478 -0.208712 0
0.007413 0.563388 0.521311 3
-1.014113 0.338638 -0.069819 2
-0.132155 0.386717 -0.219456 0
0.555619 0.347029 -0.489776 1
0.518906 0.438848 -0.634334 1
0.364875 0.435949 -0.518865 1
0.502314 0.387375 -0.468243 1
-0.089676 0.157156 -0.227922 0
-0.384090 0.603584 0.141770 6
-0.506733 0.492050 -0.138829 2
0.074810 0.593231 0.400596 3
-0.249849 0.482932 -0.299443 4
0.228231 0.606761 0.115983 5
-0.239023 0.471501 -0.344627 4
-0.103732 0.342012 -0.176930 0
-0.343381 0.623498 0.075824 6
-0.573838 0.500767 -0.093225 2
-0.072718 0.235856 -0.228493 0
-0.088870 -0.120473 -0.249426 0
-0.107093 0.218182 -0.233115 0
-0.668670 0.452158 -0.202165 2
-0.770768 0.417420 -0.225901 2
0.011797 0.564351 0.032831 5
0.048179 0.385464 -0.331315 0
0.252413 0.446825 -0.549221 1
0.107429 0.410769 -0.376886 0
0.037351 0.388151 -0.374116 0
0.129370 0.454227 -0.378261 1
-0.124887 0.234590 -0.233774 0
0.409179 0.429925 -0.516144 1
-0.270670 0.509828 -0.642203 4
0.387663 0.462020 -0.458649 1
-0.878236 0.387073 -0.058561 2
-0.111400 0.459185 -0.337206 4
0.068816 0.392812 -0.328952 0
-0.758461 0.404946 -0.179142 2
-0.688916 0.460009 -0.031346 2
0.005441 0.589179 -0.028695 5
-0.092408 0.348219 -0.206216 0
-0.949194 0.370520 -0.120911 2
0.062794 0.586122 0.242247 3
-0.112735 -0.236078 -0.246215 0
0.013572 0.309984 -0.288628 0
-0.783013 0.399589 -0.224054 2
0.640896 0.358155 -0.545137 1
0.467465 0.424260 -0.416987 1
-0.123881 0.027934 -0.235124 0
-0.003531 0.346018 -0.340587 0
-0.231483 0.622352 0.067619 6
-0.289536 0.358468 -0.227340 0
0.203844 0.499329 -0.389276 1
0.067634 0.582696 0.496381 3
0.104608 0.439508 -0.391699 1
0.073355 0.597326 0.049003 5
-0.138373 0.378554 -0.276742 0
0.086083 0.590772 0.438680 3
0.198580 0.440816 -0.575721 1
0.018830 0.353936 -0.309642 0
0.094434 0.419722 -0.362371 0
0.158639 0.472337 -0.401007 1
-0.071970 0.207445 -0.239294 0
0.395736 0.393603 -0.636934 1
-0.288774 0.604941 0.038247 6
0.263391 0.590788 0.016676 5
-0.060869 -0.275472 -0.241106 0
0.100792 0.583655 0.255648 3
-0.200552 0.532434 -0.489979 4
-0.105016 0.423464 -0.217231 0
0.158121 0.580647 0.334977 3
-0.631226 0.478005 -0.099096 2
-0.351572 0.638928 0.219728 6
0.242361 0.503958 -0.434881 1
-0.900363 0.389604 -0.122035 2
-0.087416 0.295077 -0.203707 0
-0.883651 0.396522 -0.102891 2
-0.114002 0.134744 -0.208941 0
-0.506736 0.508618 -0.098582 2
0.113847 0.434549 -0.466722 1
-0.145870 0.490772 -0.429399 4
0.065665 0.563191 0.607085 3
0.665382 0.345256 -0.546984 1
-0.876757 0.388957 -0.154061 2
-0.946391 0.352211 -0.064457 2
-0.019484 0.325534 -0.307766 0
-0.209067 0.531530 -0.592429 4
0.545193 0.431802 -0.549175 1
-0.148841 0.577399 -0.010395 6
-0.305186 0.625760 0.106016 6
0.061349 0.560911 0.107956 3
0.375081 0.489069 -0.429498 1
-0.247212 0.614486 0.046619 6
0.157169 0.475908 -0.448644 1
-0.278497 0.600058 -0.003356 6
-0.168681 0.246036 -0.242682 0
-0.214338 0.467641 -0.298743 4
-0.912254 0.375932 -0.040945 2
0.193521 0.556299 0.658525 3
-0.049020 0.565817 0.067846 3
0.138658 0.579567 0.260723 3
0.620751 0.445289 -0.570032 1
0.675795 0.432705 -0.574219 1
0.124151 0.594999 0.325540 3
0.013468 0.571810 0.544696 3
-0.964661 0.341931 0.002556 2
-0.054373 0.276587 -0.250427 0
-0.087832 0.218636 -0.212870 0
0.367287 0.469059 -0.461380 1
-0.343258 0.494725 -0.364947 4
-0.347523 0.619310 0.105085 6
-0.386646 0.420985 -0.225103 0
-0.711588 0.444646 -0.056765 2
-0.366210 0.620246 0.116568 6
-0.144826 0.590772 -0.038878 6
-0.202572 0.272552 -0.192934 0
-0.110906 0.392539 -0.137860 0
0.047215 0.584341 0.214133 3
0.203263 0.564574 0.361068 3
-0.473050 0.493819 -0.118408 2
-0.302958 0.641729 0.206871 6
-0.978372 0.333211 0.016852 2
0.180980 0.461574 -0.466663 1
-0.102687 0.577566 0.270896 3
-0.537065 0.483899 -0.151398 2
0.585539 0.331732 -0.501201 1
-0.349711 0.525527 -0.551933 4
-0.008218 0.565926 0.484060 3
0.475262 0.434046 -0.523796 1
-0.102479 -0.253159 -0.216000 0
0.659610 0.461929 -0.587934 1
-0.061612 0.252979 -0.255322 0
0.113771 0.434873 -0.488118 1
-0.970823 0.358493 -0.081216 2
0.036653 0.591944 0.392333 3
-0.087235 0.482925 -0.064525 0
0.319284 0.585312 0.054926 5
-0.141433 0.415263 -0.314597 4
0.034086 0.575463 0.472509 3
-0.313144 0.544687 -0.549462 4
0.726241 0.413684 -0.563438 1
0.543263 0.441025 -0.605763 1
-0.343721 0.493033 -0.682671 4
0.146134 0.558430 0.644177 3
0.054818 0.398884 -0.360000 0
-1.034036 0.310457 0.017358 2
-0.359940 0.411087 -0.211994 0
0.568567 0.388739 -0.536171 1
-0.064082 0.544202 0.013652 0
-0.346694 0.642684 0.181290 6
-0.251586 0.535348 -0.506880 4
-0.181911 0.441217 -0.318217 4
-0.559961 0.472780 -0.170313 2
-0.257976 0.626561 0.085722 6
-0.008499 0.587887 -0.071225 5
0.401516 0.481133 -0.410847 1
-0.079103 0.569752 0.029962 6
-0.262389 0.332049 -0.228998 0
0.028948 0.592344 0.348688 3
-0.156183 0.448142 -0.291242 4
-0.342724 0.539978 -0.575029 4
-0.023979 0.289643 -0.287547 0
-0.195628 0.496375 -0.397532 4
-0.084086 0.581924 0.203303 3
-0.002083 0.581468 0.410815 3
0.042255 0.583896 0.415357 3
-0.003704 0.286758 -0.280975 0
-0.995409 0.331394 -0.072190 2
0.306756 0.429845 -0.590488 1
-0.183068 0.273590 -0.223394 0
0.088897 0.563177 0.126783 3
0.017074 0.568381 0.132504 3
0.195224 0.564375 0.558613 3
-0.118543 -0.127535 -0.232101 0
-0.117919 0.178817 -0.234096 0
0.408199 0.425154 -0.584890 1
-0.259849 0.588457 -0.027463 6
0.647397 0.437236 -0.562988 1
-0.101536 0.148560 -0.211571 0
-0.126945 -0.191497 -0.223716 0
0.158767 0.543123 0.660631 3
-0.077700 0.578588 0.390909 3
0.066882 0.430942 -0.393439 0
-0.203592 0.629044 0.112935 6
-0.832395 0.412329 -0.119224 2
0.160913 0.441905 -0.513080 1
-0.153810 0.497184 -0.519328 4
-0.123191 0.175213 -0.210303 0
-0.287949 0.630883 0.237081 6
-0.880003 0.383006 -0.136303 2
-0.188142 0.630984 0.164707 6
-0.153481 0.625644 0.107136 6
-0.748102 0.429681 -0.045191 2
-0.924091 0.342463 0.010018 2
0.237581 0.604310 0.071735 5
-0.083257 0.197191 -0.212517 0
0.235264 0.525017 -0.417996 1
0.571808 0.366413 -0.509695 1
-0.506230 0.467417 -0.212298 2
-0.247219 0.628234 0.109236 6
-0.206584 0.461044 -0.346933 4
-0.104886 -0.227867 -0.223429 0
-0.760514 0.421607 -0.006006 2
0.142753 0.586387 0.319952 3
-0.090435 0.236147 -0.222648 0
-0.272654 0.541961 -0.536447 4
-0.111952 0.380422 -0.213695 0
0.061579 0.576539 0.173329 3
-0.173554 0.449745 -0.359396 4
0.202720 0.500524 -0.421519 1
-0.788077 0.405896 0.005470 2
0.066777 0.596648 0.417043 3
-0.096446 -0.039274 -0.248618 0
0.604129 0.374635 -0.543786 1
0.093929 0.602819 0.339568 3
-0.060802 0.579261 0.412896 3
0.144340 0.440223 -0.431496 1
-0.114405 -0.273322 -0.238771 0
0.658238 0.450655 -0.573204 1
-0.267792 0.492635 -0.298232 4
0.071002 0.571751 0.560719 3
-0.992078 0.350132 -0.059351 2
0.449898 0.427382 -0.624794 1
-0.707891 0.443632 -0.139587 2
-0.998877 0.334595 -0.027867 2
-0.069199 0.568433 0.315298 3
-0.555091 0.476383 -0.264470 2
-0.915867 0.378676 -0.064357 2
0.200813 0.603016 0.039070 5
-0.009534 0.577155 0.454120 3
0.046634 0.401772 -0.383449 0
-0.132048 -0.215122 -0.239995 0
-0.186787 0.467331 -0.385047 4
0.090767 0.607156 -0.099955 5
0.395694 0.409517 -0.621523 1
0.235475 0.564130 0.399468 3
-0.041627 0.577579 0.367843 3
0.189263 0.571582 0.484683 3
-0.130342 0.366069 -0.228008 0
0.075159 0.569961 0.531298 3
-0.398268 0.626720 0.198728 6
0.207488 0.567906 0.254650 3
-0.849834 0.403978 -0.090848 2
-0.339886 0.529428 -0.508494 4
-0.651630 0.472132 -0.095605 2
0.126370 0.605932 -0.103919 5
-0.530908 0.469174 -0.192120 2
0.303874 0.578026 -0.004842 5
0.193406 0.575664 0.345762 3
0.049895 0.358125 -0.327549 0
-0.237914 0.538095 -0.533296 4
-0.096141 -0.059709 -0.250804 0
-0.101932 -0.085206 -0.265596 0
-0.300373 0.509223 -0.442156 4
0.301139 0.416767 -0.626803 1
-0.048532 0.568245 0.157715 3
0.219807 0.434282 -0.536034 1
-0.099530 -0.282263 -0.216430 0
-0.086717 0.106872 -0.251179 0
-0.357592 0.487439 -0.660168 4
-0.791795 0.417499 -0.205004 2
0.183822 0.577658 0.379391 3
0.644340 0.456946 -0.597429 1
-0.075294 0.125676 -0.227387 0
-0.054187 0.573200 0.301413 3
-0.184840 0.510415 -0.430415 4
-0.932964 0.381251 -0.153441 2
0.056692 0.378267 -0.353272 0
-0.971024 0.356389 -0.117192 2
-0.865668 0.400242 -0.105543 2
-0.360662 0.605457 0.100183 6
-0.310364 0.608228 0.056185 6
0.618145 0.357237 -0.538637 1
-0.089568 0.174648 -0.232622 0
-0.181248 0.623691 0.114005 6
-0.085939 0.579475 0.350954 3
-0.040419 0.592873 0.278144 3
0.177872 0.606888 0.103420 5
0.192680 0.564776 0.539369 3
0.050205 0.557871 0.577122 3
0.242542 0.479737 -0.462737 1
-0.035326 0.580561 0.117591 3
0.415263 0.413596 -0.612426 1
-0.141788 0.448029 -0.376710 4
0.010976 0.563337 0.064495 3
-0.896949 0.368251 -0.067567 2
0.149301 0.597592 -0.076905 5
-0.300345 0.372398 -0.223707 0
0.050086 0.601198 -0.059632 5
0.231515 0.460929 -0.498437 1
-0.221020 0.310050 -0.210012 0
-0.234034 0.530810 -0.590146 4
0.279353 0.435188 -0.539869 1
-0.830770 0.406984 -0.094744 2
-0.293803 0.499382 -0.664592 4
-0.707695 0.447343 -0.103620 2
0.098906 0.599988 0.011293 5
-0.087665 0.250646 -0.210919 0
0.015690 0.590045 -0.097629 5
-0.076495 -0.217976 -0.243682 0
0.273626 0.581424 -0.020233 5
-0.123136 -0.191186 -0.241458 0
-0.603923 0.500040 -0.056894 2
0.145040 0.465569 -0.391488 1
-0.058107 0.530183 -0.039276 0
0.099483 0.601298 0.061311 5
-0.455753 0.447122 -0.242574 2
-0.237568 0.500849 -0.407194 4
-0.123681 -0.051376 -0.251719 0
-0.641159 0.460567 -0.211693 2
-0.287969 0.485826 -0.351559 4
-0.133146 0.342934 -0.194614 0
-0.078360 0.578494 0.143596 3
-0.198689 0.510429 -0.574940 4
0.537276 0.406537 -0.522828 1
-0.041644 0.545333 0.006644 3
-0.068662 0.572580 0.079840 3
-0.831654 0.405083 -0.048410 2
-0.023481 0.585094 0.243719 3
0.116495 0.558293 0.645790 3
0.244237 0.561387 0.525752 3
0.333463 0.420662 -0.606211 1
0.217412 0.469408 -0.468698 1
-0.246244 0.538897 -0.566847 4
-0.154818 0.245340 -0.219761 0
-0.098417 0.073193 -0.262495 0
0.021159 0.383217 -0.344961 0
-0.056533 0.482379 -0.072474 0
0.149035 0.562585 0.597154 3
-0.090644 0.163264 -0.251845 0
-0.317661 0.500375 -0.357680 4
-0.074329 -0.041539 -0.244627 0
-1.042676 0.315172 -0.023327 2
0.332283 0.481043 -0.458591 1
0.132590 0.566945 0.194445 3
-0.083053 0.469571 -0.381877 4
-0.087780 0.049422 -0.257104 0
0.313779 0.502395 -0.434276 1
0.065430 0.555515 0.589548 3
-0.494977 0.473129 -0.183130 2
0.210334 0.449194 -0.537402 1
-0.180109 0.250205 -0.212713 0
-0.812900 0.397502 -0.202724 2
-0.088646 0.319403 -0.236443 0
0.078317 0.415961 -0.356137 0
-0.097708 0.020007 -0.257624 0
-0.093424 0.286266 -0.185711 0
-0.127713 0.299648 -0.214175 0
0.222451 0.495010 -0.431037 1
0.193249 0.438456 -0.592393 1
-0.059755 0.454623 -0.101452 0
0.133996 0.420547 -0.427401 1
0.555004 0.440129 -0.567714 1
-0.316836 0.529945 -0.494820 4
-0.418108 0.441199 -0.237223 0
0.105968 0.602250 -0.024446 5
-0.696243 0.448165 -0.231325 2
0.194855 0.592865 -0.099254 5
-0.930968 0.352627 -0.054368 2
-0.037783 0.578026 0.470973 3
0.154189 0.462113 -0.434074 1
-0.121856 0.042774 -0.203011 0
0.371983 0.411478 -0.623613 1
-0.769554 0.430578 -0.135030 2
-0.305816 0.537073 -0.595548 4
-0.065705 0.226525 -0.267971 0
0.257915 0.489566 -0.450903 1
0.541910 0.379458 -0.517680 1
-0.109569 0.489766 -0.389750 4
0.489869 0.436227 -0.568684 1
-0.797104 0.409825 -0.016831 2
-0.114369 -0.213668 -0.250213 0
-0.007978 0.568240 -0.035961 5
0.300907 0.471468 -0.478794 1
-0.117513 0.587021 0.037564 6
-0.222824 0.288656 -0.225042 0
0.118245 0.452877 -0.495844 1
-0.441104 0.453774 -0.200829 2
-1.027206 0.311331 -0.065176 2
-0.236825 0.492184 -0.376339 4
-0.112067 0.279742 -0.220219 0
0.224633 0.573162 0.374234 3
-0.139993 -0.113788 -0.246103 0
-0.955909 0.336403 -0.030770 2
-0.021767 0.583741 0.308870 3
-0.106418 0.054152 -0.246957 0
-0.326654 0.516363 -0.467387 4
-0.215299 0.590271 -0.036758 6
0.051953 0.559764 0.134530 3
0.155334 0.577606 0.209138 3
-0.112958 0.265139 -0.251540 0
0.230618 0.570609 0.464996 3
-0.229238 0.473942 -0.313133 4
-0.120388 0.291579 -0.176085 0
-0.011129 0.574861 0.520034 3
0.008108 0.562612 0.083786 3
0.100201 0.559074 0.174799 3
-0.104856 -0.012631 -0.261408 0
0.242945 0.605361 0.007850 5
-0.318070 0.379500 -0.202795 0
0.132860 0.451293 -0.465129 1
-0.054240 0.524889 -0.019731 0
-0.190601 0.297116 -0.211217 0
-0.265502 0.495652 -0.395854 4
-0.198391 0.467141 -0.331043 4
-0.675331 0.452121 -0.222892 2
-0.054565 0.502659 -0.045627 0
0.170751 0.597942 -0.105895 5
0.488557 0.395280 -0.507120 1
-0.170140 0.487106 -0.403594 4
0.042435 0.578337 0.166854 3
-0.083600 0.251542 -0.238220 0
0.505875 0.415029 -0.530878 1
-0.393833 0.605397 0.185703 6
-0.249702 0.528054 -0.606671 4
-0.294599 0.345024 -0.209754 0
0.341490 0.463181 -0.499192 1
0.131897 0.559793 0.631515 3
-0.904573 0.351298 -0.002693 2
0.164525 0.559597 0.657332 3
0.060285 0.597028 -0.015262 5
-0.099473 0.406030 -0.204167 0
0.147311 0.597336 -0.125036 5
-0.156764 0.238644 -0.197117 0
-0.135745 0.320838 -0.228102 0
0.489284 0.432880 -0.533763 1
-0.571973 0.470039 -0.202240 2
-0.297863 0.638170 0.133479 6
-0.389936 0.627751 0.246107 6
0.014593 0.579112 0.438481 3
-0.233558 0.543510 -0.555071 4
0.084758 0.602463 0.077391 5
-0.617482 0.475427 -0.123600 2
0.743332 0.401797 -0.579000 1
-0.267089 0.638814 0.224145 6
-0.078608 0.045941 -0.233649 0
-0.077254 -0.283651 -0.234640 0
-0.043757 0.255874 -0.259083 0
0.385505 0.433815 -0.519988 1
-0.136072 0.066551 -0.234072 0
-0.149986 0.631354 0.141191 6
-0.193072 0.531793 -0.510636 4
-0.375379 0.385506 -0.211940 0
-0.107110 0.090423 -0.250806 0
-0.121185 -0.207554 -0.217147 0
-0.140952 0.232667 -0.216169 0
0.216141 0.540269 0.678936 3
-0.458441 0.478975 -0.164943 2
-0.308897 0.489082 -0.430204 4
-0.015739 0.578098 0.386143 3
-0.059073 0.575725 0.128220 3
-0.106533 0.251572 -0.243065 0
-0.027584 0.542366 -0.009438 5
0.080022 0.571092 0.139093 3
0.348574 0.422793 -0.594724 1
-0.258661 0.487683 -0.331762 4
0.017770 0.373758 -0.328707 0
-0.136813 -0.065770 -0.231503 0
0.581871 0.399630 -0.535271 1
0.229929 0.602158 0.023198 5
0.004023 0.573877 0.508292 3
0.085632 0.553434 0.567710 3
-0.880315 0.370033 -0.064252 2
-0.344599 0.499291 -0.517889 4
-0.315700 0.381803 -0.245544 0
-0.498870 0.464137 -0.227306 2
-0.203537 0.537138 -0.548865 4
0.087820 0.583044 0.236084 3
-0.172871 0.500275 -0.532359 4
0.634241 0.389887 -0.549656 1
-0.607753 0.466002 -0.212681 2
-0.065677 0.571603 0.164422 3
-0.069932 0.492053 -0.028043 0
-0.984283 0.356026 -0.094076 2
-0.592107 0.483083 -0.122532 2
0.207784 0.555415 0.621359 3
0.126057 0.438518 -0.425182 1
-0.346957 0.523132 -0.533826 4
-0.106313 0.371307 -0.156942 0
-0.119669 0.621923 0.097064 6
-0.112289 0.200594 -0.232030 0
-0.246655 0.640267 0.186051 6
0.021793 0.590108 -0.055575 5
0.204380 0.550259 0.688949 3
-0.007543 0.559185 -0.001382 5
0.108828 0.600204 -0.049127 5
-0.118363 0.307179 -0.237027 0
-0.151029 0.501471 -0.454648 4
-0.202968 0.486950 -0.416567 4
0.494386 0.400738 -0.484024 1
0.377077 0.422302 -0.591012 1
-0.147071 0.213495 -0.214038 0
0.514526 0.435428 -0.616418 1
0.196576 0.605212 0.021075 5
-0.181612 0.227262 -0.213824 0
-0.082766 -0.220587 -0.228070 0
0.089655 0.566732 0.549923 3
-0.774997 0.424989 -0.075317 2
-0.127346 0.360547 -0.190907 0
0.171566 0.611069 0.056480 5
-0.231407 0.639700 0.213087 6
0.406683 0.444427 -0.531532 1
0.141772 0.443607 -0.518706 1
-0.092122 0.060547 -0.240615 0
-0.093967 0.580709 0.170669 3
-0.816703 0.417120 -0.162669 2
-0.116440 0.474789 -0.366940 4
-0.521657 0.482940 -0.158136 2
-0.392595 0.439380 -0.199076 0
0.146974 0.556849 0.203876 3
0.117797 0.598614 0.345601 3
0.430984 0.410079 -0.626680 1
-0.881189 0.367658 0.011425 2
0.225869 0.566482 0.538569 3
0.202790 0.575089 0.425602 3
-0.005731 0.564919 0.442168 3
-0.095590 0.579386 0.329003 3
-0.086432 0.015255 -0.234897 0
-0.142075 0.020581 -0.246995 0
0.257451 0.472510 -0.483094 1
-0.409933 0.423130 -0.221963 0
0.523301 0.387049 -0.511278 1
0.088344 0.599427 0.361245 3
0.031713 0.369473 -0.349169 0
-0.624790 0.461175 -0.157318 2
0.109598 0.580334 0.140721 3
0.124220 0.589035 0.395844 3
-0.958915 0.327513 0.008891 2
