-0.381284 0.186677 -0.149939 2
0.024590 -0.995391 -0.050626 0
0.706223 -0.032242 0.101111 1
0.038676 -0.322786 -0.025031 0
0.152191 0.283650 0.187564 1
-0.573746 -0.197738 0.008042 2
-0.004136 0.043953 -0.049378 0
0.505207 0.275379 0.076452 1
-0.019583 -0.656182 -0.057858 0
0.479711 0.077411 0.283464 1
-0.169704 0.252165 0.044323 2
-0.612952 0.042089 -0.116868 2
0.280130 0.262761 -0.024185 1
-0.416972 -0.030530 -0.209447 2
0.342241 0.247386 0.291748 1
0.660423 0.163855 0.183223 1
0.067317 0.239502 -0.003531 1
-0.199063 0.282615 -0.158125 2
0.030588 -0.135952 0.000124 0
-0.339469 0.202042 0.024832 2
0.026318 -0.487827 -0.083511 0
-0.495963 0.135422 -0.025313 2
0.037667 -0.823322 -0.027609 0
-0.518339 -0.150280 -0.145807 2
0.581242 -0.033079 0.205081 1
0.341848 0.281618 0.124795 1
0.502221 0.206321 0.210591 1
-0.068533 0.216418 -0.060079 2
-0.488856 0.091058 -0.173746 2
-0.635879 -0.086186 -0.060150 2
-0.384196 0.101119 -0.265291 2
0.177700 0.285395 0.058024 1
-0.249563 0.212892 -0.065105 2
-0.299282 0.255650 -0.224805 2
-0.538252 -0.032823 -0.176632 2
-0.000963 0.136922 0.027774 0
0.666322 0.046297 0.190750 1
0.262896 0.293661 0.218375 1
0.398605 0.256133 0.029323 1
0.027590 0.153269 -0.081065 0
0.581896 0.104160 0.243648 1
0.429435 0.176263 0.300752 1
-0.023620 -0.897014 -0.083740 0
0.590143 0.217083 0.116941 1
0.011679 -0.565486 -0.011885 0
-0.486269 -0.188423 -0.051713 2
0.014802 -0.225263 -0.056411 0
0.402734 0.247068 0.201687 1
-0.157298 0.261102 -0.065974 2
-0.407296 0.185642 -0.054102 2
0.048004 -0.730812 -0.057905 0
0.016050 -0.051234 -0.047478 0
-0.004252 -0.405743 -0.041281 0
0.196041 0.305232 -0.031256 1
0.239710 0.292176 0.127267 1
-0.358527 0.188705 -0.249391 2
-0.549921 0.104275 -0.091026 2
0.640873 -0.071278 0.151129 1
-0.255874 0.231084 0.050333 2
-0.571444 -0.161266 -0.076106 2
-0.300868 0.231255 -0.133336 2
0.428812 0.279508 0.118157 1
-0.469978 0.147157 -0.107247 2
-0.451394 -0.097103 -0.159404 2
-0.022255 -0.791099 -0.080490 0
-0.586557 -0.085479 -0.129456 2
0.699613 0.054648 0.113038 1
0.530603 0.021326 0.245439 1
0.095387 0.254201 0.074787 1
0.313101 0.247167 0.054077 1
-0.449521 0.042303 -0.233665 2
-0.424538 0.136687 -0.199512 2
0.581284 0.179440 0.195130 1
0.049927 0.095457 -0.021162 0
0.505832 0.151110 0.269183 1
0.037718 -0.850610 -0.103686 0
-0.040374 0.136689 -0.040528 0
0.041930 -0.601680 -0.074906 0
-0.335139 0.214139 -0.065034 2
-0.106689 0.218700 0.007681 2
-0.550332 0.041977 -0.164936 2
0.490818 0.252482 0.152861 1
0.140370 0.255048 0.000107 1
0.678288 -0.086405 0.059328 1
0.027908 -0.922295 -0.037402 0
0.605019 0.035562 0.230697 1
0.063573 0.166061 0.008456 1
0.002656 0.192296 -0.022680 0
-0.619173 -0.133402 -0.008665 2
0.137305 0.294017 0.117407 1
-0.635444 -0.018284 -0.082600 2
-0.207577 0.242236 -0.015277 2
0.327622 0.269528 0.202057 1
-0.413078 0.188771 0.016073 2
0.030075 -0.461493 -0.015339 0
0.255320 0.288827 0.058948 1
0.003292 -0.760894 -0.013392 0
0.030247 0.007660 -0.001716 0
0.692229 0.105006 0.167455 1
-0.139728 0.258577 -0.130972 2
0.005968 -0.693903 -0.008597 0
0.439661 0.202015 0.233862 1
0.670381 -0.008278 0.150602 1
-0.487547 -0.001259 -0.204721 2
-0.284645 0.223631 -0.007053 2
-0.212166 0.245374 -0.106527 2
-0.599004 -0.023514 -0.140375 2
-0.259945 0.266172 -0.167775 2
-0.337168 0.217752 -0.191145 2
-0.515784 -0.089168 -0.160363 2
0.636715 0.100352 0.200683 1
0.028091 -0.158526 -0.057811 0
0.286927 0.276957 0.273047 1
0.546320 0.215496 0.160177 1
0.027973 -0.634653 -0.026200 0
0.391029 0.214610 0.267303 1
0.203016 0.300046 0.218369 1
0.041789 -0.259419 -0.014895 0
0.054156 -0.391677 -0.042697 0
-0.475629 -0.170197 -0.108548 2
-0.009690 0.091665 -0.013618 0
-0.058643 0.187281 -0.008718 2
-0.011227 -0.524989 -0.049119 0
-0.002321 -0.871641 -0.032751 0
0.447059 0.281327 0.051399 1
0.035403 -0.196369 -0.009504 0
-0.422602 0.134776 -0.140792 2
-0.000231 -0.700251 -0.091384 0
0.005247 -0.949802 -0.083504 0
0.533169 0.156450 0.218157 1
-0.472232 -0.058197 -0.197069 2
0.287580 0.285262 0.159293 1
0.025897 -0.284376 -0.065428 0
-0.524311 -0.188402 0.034636 2
-0.541392 -0.199461 -0.043648 2
0.455275 0.125982 0.299429 1
0.097004 0.211766 0.035396 1
0.532132 0.075980 0.258039 1
0.540063 0.241035 0.109726 1
0.378002 0.275888 0.077317 1
0.231512 0.276570 0.010156 1
0.186847 0.296884 0.143516 1
0.627424 0.000065 0.184741 1
-0.348724 0.179401 -0.106230 2
-0.450333 0.147673 -0.056011 2
0.031776 -0.795217 -0.074467 0
0.627805 0.200271 0.159538 1
0.454917 0.236622 0.191623 1
0.015080 0.137009 -0.029778 0
-0.528680 0.083377 -0.135944 2
-0.110636 0.243461 -0.040433 2
0.013121 -0.103461 -0.059461 0
0.288369 0.286428 0.105540 1
-0.400340 0.022466 -0.241040 2
-0.004046 -0.349468 -0.042945 0
-0.378369 0.162564 -0.206909 2
-0.412874 0.178097 -0.107730 2
0.355518 0.236511 0.233978 1
-0.158481 0.220278 -0.004866 2
-0.009978 -0.455775 -0.061595 0
-0.446943 0.087628 -0.206991 2
-0.021373 -0.738936 -0.054145 0
0.036731 -0.550134 -0.069144 0
0.391084 0.268366 0.152231 1
0.353807 0.229987 0.025715 1
-0.198226 0.219767 -0.061463 2
-0.374529 0.200291 -0.016995 2
0.680266 -0.073316 0.117612 1
0.367987 0.205110 0.311831 1
-0.597349 -0.120413 -0.094113 2
0.018289 -0.082142 -0.007280 0
-0.500258 0.042602 -0.182356 2
-0.595705 0.074005 -0.081762 2
0.613719 0.142561 0.215395 1
0.035793 -0.512947 -0.035447 0
-0.007346 -0.848220 -0.082016 0
0.229831 0.298032 0.176259 1
-0.110038 0.262110 -0.091208 2
0.036094 -0.434833 -0.059309 0
-0.590722 -0.175293 -0.032862 2
-0.510786 0.128257 -0.072823 2
0.695260 0.013425 0.085931 1
-0.451525 0.155984 -0.007477 2
-0.523535 -0.171831 -0.097474 2
-0.008640 -0.001946 -0.032392 0
0.000413 -0.600145 -0.048698 0
-0.622746 -0.058131 -0.108154 2
0.305340 0.232253 0.008729 1
-0.555713 -0.124864 -0.128637 2
0.026747 -0.664802 -0.068503 0
0.176295 0.288565 0.009549 1
-0.258429 0.249411 -0.117011 2
-0.497805 0.119254 -0.133380 2
0.027833 0.054218 -0.014386 0
-0.424144 0.078624 -0.249569 2
-0.575858 0.075444 -0.124419 2
-0.287834 0.212193 -0.092224 2
0.242172 0.296090 -0.030869 1
-0.331990 0.226888 -0.248887 2
0.125462 0.270593 0.043355 1
0.464214 0.181050 0.270481 1
0.568725 -0.004393 0.239737 1
0.046723 -0.867842 -0.036523 0
0.543353 0.125755 0.260279 1
-0.210249 0.233034 0.034202 2
-0.461407 -0.133146 -0.133008 2
-0.298249 0.213755 0.040795 2
0.018874 -0.036551 -0.001801 0
0.288268 0.256522 0.226078 1
-0.379316 0.146177 -0.249207 2
-0.333044 0.199424 -0.149916 2
0.028454 -0.368358 -0.071635 0
0.423457 0.252343 0.076706 1
0.277691 0.276364 0.018712 1
-0.006511 -0.815444 -0.031751 0
0.570834 0.136363 0.202314 1
0.438440 0.261945 0.158519 1
-0.458698 0.125286 -0.165382 2
0.613403 -0.046133 0.177012 1
-0.026893 0.156606 -0.002828 0
0.020457 -0.892012 -0.087504 0
0.000120 -0.170124 -0.025250 0
0.324550 0.266086 0.249932 1
-0.515160 -0.197848 -0.007865 2
0.327157 0.281832 0.083104 1
0.190877 0.292669 0.099845 1
0.009769 -0.748847 -0.083434 0
-0.581602 0.016457 -0.139244 2
-0.556238 -0.069145 -0.156178 2
0.686444 0.146967 0.152710 1
0.682690 0.037484 0.151448 1
-0.599684 -0.136313 -0.049362 2
0.055071 0.199691 -0.017088 0
-0.299916 0.245817 -0.182951 2
0.478074 0.276505 0.109724 1
0.017829 -0.374310 -0.015730 0
-0.000517 -0.650692 -0.098135 0
-0.038741 0.187920 -0.049248 0
-0.286698 0.228037 -0.049023 2
-0.148980 0.222702 -0.051030 2
-0.333684 0.210531 -0.015777 2
-0.435825 0.001701 -0.233240 2
0.007144 -0.290786 -0.028648 0
-0.247980 0.235262 0.009075 2
0.000709 0.180561 -0.064887 0
0.566596 0.041156 0.251382 1
-0.408502 0.113478 -0.233315 2
-0.522716 0.005623 -0.175459 2
-0.002968 -0.697469 -0.048831 0
-0.171868 0.271634 -0.108526 2
-0.587784 -0.159169 0.008163 2
0.101272 0.250062 0.017438 1
-0.534927 0.103834 -0.050531 2
0.004991 -0.242304 -0.019664 0
0.604030 0.080429 0.218961 1
-0.623319 0.000667 -0.116333 2
-0.007135 -0.946138 -0.045208 0
-0.000972 -0.484697 -0.034904 0
-0.372038 0.199368 -0.071372 2
0.165107 0.257152 0.032041 1
0.541265 0.200868 0.202926 1
0.667133 0.125154 0.191549 1
0.049064 0.129214 0.001872 0
-0.409859 0.163493 -0.165742 2
-0.248912 0.235871 -0.030899 2
0.367250 0.263360 0.183897 1
0.028412 0.075341 -0.048023 0
-0.137339 0.240933 0.024233 2
0.628910 0.051731 0.202732 1
0.025319 0.016712 -0.040837 0
0.490306 0.116242 0.283699 1
0.027246 -0.784187 -0.034537 0
0.590660 0.211033 0.167746 1
0.252414 0.290126 0.259205 1
0.025810 -0.834001 -0.066258 0
0.702084 0.010206 0.124467 1
0.034590 -0.733789 -0.021130 0
-0.008316 0.039690 -0.009945 0
0.143007 0.284595 0.076262 1
0.356284 0.262644 0.047248 1
0.026744 -0.421286 -0.023010 0
0.215924 0.290596 0.051332 1
-0.095174 0.204511 -0.026562 2
0.001336 -0.565219 -0.074219 0
0.027422 -0.329770 -0.067698 0
-0.225636 0.271097 -0.132485 2
0.009904 -0.133749 -0.033877 0
-0.509714 -0.059180 -0.188212 2
0.017616 0.163685 -0.001791 0
0.408744 0.233145 0.236936 1
0.043214 -0.570848 -0.033044 0
-0.491227 -0.120795 -0.153576 2
0.506970 0.180270 0.244475 1
-0.482129 0.066011 -0.206538 2
0.379057 0.279850 0.117055 1
-0.021079 0.103317 -0.047871 0
0.088998 0.201986 -0.000220 1
0.165294 0.275242 -0.024019 1
0.145398 0.278522 0.150580 1
-0.626118 0.027573 -0.085029 2
0.034841 -0.194920 -0.047798 0
0.338122 0.273344 0.161039 1
0.689977 0.075986 0.142097 1
0.651309 -0.033742 0.170068 1
-0.167928 0.249558 -0.032218 2
-0.322745 0.216985 -0.106988 2
0.033355 -0.671304 -0.028216 0
0.231835 0.288849 0.091277 1
-0.426565 0.149165 -0.089230 2
-0.014093 -0.624722 -0.025235 0
-0.224211 0.245691 -0.065657 2
0.291250 0.283814 0.065516 1
-0.008943 -0.990067 -0.064945 0
0.513234 0.228688 0.183468 1
-0.389309 0.065166 -0.259315 2
-0.004056 -0.771538 -0.049171 0
-0.437809 -0.063813 -0.185396 2
0.036030 -0.109189 -0.024718 0
0.604495 0.001354 0.217461 1
0.187698 0.299139 0.185097 1
0.688427 -0.035407 0.133896 1
-0.427143 0.181536 -0.017010 2
-0.628402 -0.046486 -0.060451 2
-0.558839 -0.011191 -0.155675 2
0.617676 0.179970 0.193455 1
-0.228770 0.279260 -0.181109 2
-0.152831 0.242438 -0.098553 2
-0.383989 0.161135 -0.121272 2
0.032338 -0.475218 -0.048658 0
0.427756 0.192217 0.268422 1
-0.358675 0.192748 -0.208705 2
-0.471000 0.093407 -0.142548 2
0.401802 0.200807 0.300450 1
-0.612674 -0.085846 -0.087790 2
0.691855 -0.027154 0.068695 1
0.525017 0.242235 0.142165 1
0.108671 0.287737 0.085814 1
-0.372930 0.191697 0.017722 2
-0.461903 -0.023133 -0.216035 2
-0.000367 -0.900348 -0.057056 0
0.505688 0.254244 0.107758 1
0.010293 -0.625212 -0.076061 0
0.017060 -0.521292 -0.076754 0
0.477665 0.202664 0.235760 1
0.049580 -0.289811 -0.031364 0
-0.523706 0.066640 -0.166623 2
0.102180 0.233334 -0.013500 1
-0.309111 0.188721 -0.076940 2
0.439439 0.285929 0.085329 1
0.666224 0.175465 0.149713 1
0.506675 0.052040 0.260994 1
0.031009 0.086634 0.006916 0
-0.191543 0.258187 -0.072307 2
-0.171430 0.250522 0.009528 2
-0.624844 -0.112710 -0.040617 2
0.028842 -0.022239 -0.033394 0
-0.134000 0.242760 -0.014859 2
0.677984 0.078904 0.190660 1
-0.259026 0.240840 -0.082775 2
0.033894 -0.252804 -0.048940 0
0.365466 0.238417 0.268176 1
-0.440908 0.157897 -0.123379 2
0.050899 0.166421 -0.023923 0
-0.484669 0.143322 -0.056789 2
-0.271352 0.272378 -0.199334 2
0.030399 -0.699298 -0.076391 0
0.132267 0.238300 0.034734 1
0.001457 -0.310072 -0.057707 0
-0.485945 -0.083166 -0.175653 2
-0.088534 0.242241 -0.074033 2
0.288765 0.281879 0.193024 1
-0.544904 -0.145572 -0.098998 2
-0.525824 0.112691 -0.115486 2
0.659682 0.019978 0.168765 1
0.691145 -0.057501 0.084675 1
0.004515 -0.987738 -0.024757 0
0.229646 0.280153 0.213409 1
-0.361750 0.179828 -0.176317 2
0.565790 0.146099 0.233945 1
0.024519 -0.405919 -0.071539 0
-0.506805 -0.024827 -0.190848 2
0.031846 -0.350938 -0.041587 0
0.522225 0.104609 0.275035 1
-0.011648 0.126603 -0.012946 0
0.008239 -0.813953 -0.087896 0
-0.163331 0.272983 -0.148878 2
0.037767 -0.157726 -0.023485 0
0.565938 0.225803 0.096419 1
0.623046 0.202009 0.127133 1
0.594628 0.110985 0.212039 1
0.477951 0.150340 0.286190 1
-0.573592 0.093353 -0.067486 2
0.263754 0.259831 0.043148 1
-0.071116 0.181915 -0.038361 2
0.021122 0.171815 -0.040007 0
0.021584 -0.725097 -0.102168 0
0.039855 -0.061882 -0.020560 0
-0.462012 0.127271 -0.131585 2
0.069151 0.227658 0.031062 1
-0.539116 -0.099604 -0.140573 2
0.017776 -0.921272 -0.073695 0
-0.490164 0.118081 -0.095511 2
-0.025171 0.199948 -0.008172 0
-0.004181 -0.490939 -0.066400 0
-0.526403 -0.180193 -0.064687 2
0.413019 0.276755 0.058458 1
0.457964 0.270178 0.134305 1
0.310861 0.260245 0.024912 1
-0.321346 0.230642 -0.215810 2
0.015287 0.100243 -0.032778 0
0.040262 -0.225295 -0.033921 0
0.262890 0.286691 -0.008398 1
0.566780 0.229136 0.134987 1
0.216035 0.301675 -0.006698 1
0.474622 0.280667 0.067300 1
0.000677 -0.437187 -0.031941 0
0.006073 -0.325244 -0.025114 0
0.591449 0.063680 0.242718 1
0.018709 -0.960484 -0.032307 0
0.014427 -0.550548 -0.039465 0
-0.005248 -0.058192 -0.025433 0
-0.397160 0.141850 -0.223759 2
0.026716 -0.710125 -0.040152 0
0.562942 0.080140 0.250256 1
-0.229275 0.248458 0.053636 2
0.290604 0.283180 0.242647 1
0.006171 -0.205031 -0.016029 0
0.003826 -0.108490 -0.016675 0
-0.488078 -0.148866 -0.129571 2
0.536957 0.154579 0.250577 1
-0.573079 -0.107780 -0.109358 2
-0.600909 -0.058093 -0.132411 2
0.028531 -0.613240 -0.048967 0
0.440946 0.229077 0.218262 1
0.229873 0.302746 0.234641 1
-0.474061 0.026009 -0.224162 2
0.024679 -0.748361 -0.047907 0
-0.269585 0.215878 0.019484 2
-0.004467 0.161908 -0.025960 0
-0.545789 -0.201184 -0.007123 2
-0.424314 0.163040 -0.041468 2
0.016550 -0.895361 -0.027658 0
-0.308221 0.213001 0.009432 2
-0.448022 0.117077 -0.198685 2
-0.561027 -0.172123 -0.049459 2
0.526572 0.251673 0.084420 1
0.017773 -0.986952 -0.079381 0
0.027964 -0.889028 -0.056211 0
0.317080 0.262001 0.282583 1
0.005289 -0.647055 -0.042288 0
-0.361035 0.199583 -0.125413 2
-0.488568 -0.178553 -0.080365 2
-0.063207 0.212859 -0.024392 2
-0.050730 0.163079 -0.024943 0
0.016432 -0.451085 -0.075454 0
-0.275441 0.236823 -0.148620 2
0.036196 -0.123429 -0.051206 0
-0.188851 0.226633 0.004640 2
0.063449 0.201576 0.015373 1
-0.005164 -0.847857 -0.052176 0
0.004151 -0.083248 -0.039419 0
-0.575161 0.045153 -0.134259 2
-0.411943 0.046332 -0.254505 2
-0.388187 0.191825 -0.098527 2
-0.573813 -0.049115 -0.140611 2
-0.573719 -0.138019 -0.097777 2
0.002293 -0.373933 -0.058483 0
-0.197244 0.275885 -0.123295 2
-0.423471 0.176277 -0.077083 2
0.439842 0.254301 0.101293 1
-0.011389 0.065128 -0.030053 0
-0.309527 0.217324 -0.157902 2
-0.346448 0.215565 -0.225761 2
-0.030035 -0.707806 -0.054315 0
0.007121 -0.596081 -0.078914 0
-0.521106 0.102484 -0.082577 2
-0.615052 -0.026766 -0.109652 2
0.200693 0.289544 0.025917 1
0.021858 -0.946675 -0.058065 0
-0.557882 0.065506 -0.149064 2
0.691645 0.105360 0.138125 1
0.202924 0.276232 -0.000297 1
0.642862 0.142862 0.193622 1
-0.468245 0.160049 -0.031131 2
-0.350493 0.205941 -0.041532 2
-0.561838 -0.185411 0.031734 2
0.342094 0.262485 0.226821 1
0.018402 -0.725949 -0.067458 0
-0.123321 0.257062 -0.065706 2
-0.505175 0.021926 -0.205840 2
-0.283550 0.237792 -0.107910 2
-0.094163 0.231298 -0.015428 2
0.565323 0.211916 0.181859 1
0.667564 -0.062822 0.143533 1
0.466586 0.251470 0.168693 1
-0.524068 -0.125293 -0.132423 2
0.403819 0.176535 0.316008 1
0.029219 0.210734 -0.023790 0
-0.362213 0.165544 -0.266273 2
0.028979 -0.540621 -0.016585 0
0.015212 -0.605126 -0.024424 0
-0.482331 -0.003481 -0.233018 2
-0.137292 0.266922 -0.099378 2
-0.307191 0.216789 -0.032149 2
0.092155 0.238982 0.044213 1
-0.007533 -0.799333 -0.057149 0
0.008481 -0.426823 -0.058203 0
0.266949 0.287516 0.135205 1
0.402772 0.280916 0.100934 1
0.608092 -0.021227 0.200142 1
-0.574393 0.090935 -0.097765 2
-0.554404 0.016795 -0.151831 2
0.493073 0.174912 0.220094 1
0.026587 -0.810144 -0.050409 0
0.028173 -0.584148 -0.057038 0
-0.457894 0.156473 -0.083121 2
0.695565 0.063638 0.167182 1
0.553713 0.179133 0.216537 1
-0.611252 -0.110086 -0.065508 2
-0.309592 0.223452 -0.073409 2
0.002805 -0.725376 -0.042237 0
-0.351083 0.206896 -0.089030 2
0.521788 0.181755 0.212016 1
0.010953 -0.863065 -0.097844 0
0.670463 -0.082700 0.086354 1
0.316474 0.284228 0.112368 1
0.251014 0.290965 0.158384 1
0.264585 0.290479 0.085672 1
-0.174318 0.228515 -0.073824 2
0.006600 -0.192183 -0.041751 0
-0.600657 0.066968 -0.108690 2
0.617748 0.025782 0.203564 1
-0.401838 0.192214 -0.023506 2
0.317198 0.277966 0.142675 1
0.120377 0.279760 0.134783 1
0.314394 0.277065 0.175639 1
0.016798 -0.804432 -0.018097 0
0.026725 -0.862511 -0.065399 0
-0.513111 0.117739 -0.039602 2
0.026524 0.115556 -0.007724 0
-0.376113 0.126501 -0.274054 2
-0.002328 -0.572907 -0.041573 0
-0.573354 -0.195075 -0.023290 2
0.467959 0.101565 0.292032 1
0.652509 0.075280 0.201689 1
-0.546845 0.084193 -0.110235 2
0.162970 0.291817 0.101094 1
-0.497851 -0.155612 -0.100072 2
-0.185594 0.241689 -0.098915 2
-0.411080 -0.008309 -0.225221 2
0.241017 0.287644 0.033872 1
-0.448676 -0.045704 -0.206584 2
0.580706 0.022138 0.229196 1
0.296076 0.256929 -0.000142 1
0.586895 0.162781 0.216677 1
0.441652 0.151314 0.301941 1
-0.439040 0.068249 -0.225243 2
-0.382658 0.161586 -0.175806 2
0.017137 0.145983 -0.055940 0
0.007206 -0.259243 -0.052772 0
0.367870 0.254786 0.217249 1
0.368700 0.228858 0.293942 1
0.414904 0.251683 0.177272 1
0.688643 -0.012789 0.117029 1
0.026070 -0.500412 -0.058082 0
-0.436852 0.142100 -0.167049 2
-0.546844 -0.175027 -0.082523 2
0.114881 0.227151 0.010216 1
-0.607588 -0.154941 -0.024912 2
0.028952 -0.488970 -0.017386 0
-0.484210 0.113011 -0.156674 2
0.016448 -0.841201 -0.036516 0
0.304333 0.276484 0.216135 1
-0.633322 -0.062225 -0.083132 2
0.363283 0.270140 0.150511 1
-0.017542 -0.687416 -0.074363 0
0.039004 0.192121 0.003802 0
-0.197925 0.251475 0.050316 2
0.003213 -0.776057 -0.075181 0
-0.399679 0.146016 -0.192827 2
0.060396 0.140895 -0.021112 0
-0.511848 0.100055 -0.149634 2
0.009730 -0.675001 -0.088478 0
-0.412285 0.167756 -0.132945 2
0.602850 0.200113 0.146011 1
0.034806 0.042107 -0.042811 0
0.027596 -0.308838 -0.050357 0
0.670267 0.089076 0.166145 1
0.418730 0.272531 0.143116 1
0.355524 0.281146 0.101402 1
-0.199947 0.247413 -0.040741 2
-0.485116 -0.032950 -0.206180 2
0.214572 0.293628 0.117394 1
0.416350 0.209399 0.247383 1
0.152385 0.277795 0.016057 1
0.476421 0.223689 0.201630 1
-0.585456 -0.133582 -0.073747 2
0.027470 -0.385323 -0.050667 0
-0.137849 0.235325 -0.072404 2
0.079723 0.220288 -0.020826 1
0.379769 0.227451 0.226369 1
0.166900 0.298136 0.167959 1
-0.601104 -0.097751 -0.109003 2
0.690149 0.009845 0.151521 1
0.541765 0.051229 0.252482 1
-0.462787 0.100236 -0.183947 2
0.000729 -0.033069 -0.032635 0
-0.105223 0.219473 -0.050947 2
-0.460061 -0.082414 -0.182204 2
0.309929 0.246128 0.259888 1
0.026667 -0.566960 -0.087179 0
0.684844 -0.047763 0.110588 1
-0.223864 0.225528 0.003559 2
-0.493176 0.079119 -0.150398 2
0.076058 0.170147 -0.016447 1
0.013444 -0.723699 -0.008738 0
0.029707 -0.083678 -0.032412 0
0.113668 0.276663 0.109352 1
0.035077 -0.392587 -0.023970 0
-0.324212 0.187230 0.009124 2
0.262756 0.289413 0.192290 1
-0.011554 0.126653 -0.039983 0
0.202301 0.288485 0.076451 1
-0.036709 0.116294 -0.024252 0
0.327113 0.271109 0.059048 1
0.487417 0.239551 0.179478 1
0.001069 -0.875787 -0.066352 0
0.151554 0.279391 0.051942 1
0.516854 0.125891 0.260583 1
-0.233206 0.251914 -0.089527 2
0.161481 0.296472 0.127349 1
0.387990 0.267252 0.050575 1
0.641981 0.030869 0.193753 1
-0.234103 0.268693 -0.157767 2
-0.248715 0.238257 -0.058714 2
-0.523835 -0.146515 -0.114455 2
-0.080371 0.230941 -0.041875 2
0.577720 0.206546 0.143059 1
0.588517 0.137836 0.224089 1
0.027888 -0.350149 -0.015877 0
0.022058 0.181502 -0.079729 0
-0.234882 0.227387 -0.081012 2
0.003235 0.071753 -0.053416 0
0.027616 -0.637597 -0.057957 0
-0.200413 0.250090 0.017299 2
-0.467208 0.132298 -0.083938 2
-0.133448 0.213726 -0.006315 2
0.034380 -0.293564 -0.010796 0
0.505260 0.080576 0.281312 1
-0.611246 0.051207 -0.091196 2
0.002644 -0.672710 -0.041573 0
0.550969 0.103549 0.249580 1
0.372924 0.246736 0.030081 1
-0.391007 0.157638 -0.149195 2
-0.499746 0.070597 -0.184969 2
-0.536037 -0.058446 -0.175362 2
-0.182131 0.232028 0.028902 2
-0.373360 0.166342 -0.231865 2
-0.352030 0.204260 -0.175074 2
0.030597 -0.237814 -0.006590 0
0.663654 0.101120 0.199921 1
0.487591 0.164400 0.250106 1
0.220226 0.296638 0.152502 1
0.327565 0.242271 0.016725 1
0.032275 -0.534801 -0.049098 0
-0.454088 0.011321 -0.217803 2
0.125795 0.266189 0.018154 1
0.010484 -0.516356 -0.038714 0
-0.312553 0.208639 -0.131146 2
0.656949 -0.003525 0.178370 1
-0.325941 0.192913 -0.099113 2
0.691077 0.036901 0.095044 1
-0.436330 0.101379 -0.225695 2
0.000903 -0.826396 -0.066865 0
-0.389385 0.178311 0.003594 2
-0.384151 0.196232 -0.041402 2
-0.358892 0.199503 -0.150762 2
-0.521620 0.029413 -0.166692 2
0.626386 -0.024364 0.176052 1
-0.407766 0.096494 -0.257148 2
0.037919 0.126088 -0.028402 0
-0.545900 -0.046056 -0.154738 2
0.650545 0.186690 0.166143 1
0.539699 0.218810 0.185117 1
0.510161 0.156252 0.237397 1
-0.563594 -0.101001 -0.134631 2
0.028198 -0.684698 -0.048928 0
-0.477434 0.041533 -0.202871 2
0.029899 -0.826555 -0.090349 0
0.264816 0.275398 0.235551 1
-0.313101 0.226042 -0.191138 2
0.705629 -0.008698 0.092362 1
0.181616 0.288135 0.206846 1
-0.283923 0.229775 -0.074722 2
-0.384163 0.185964 -0.124921 2
-0.026140 0.175915 -0.031195 0
0.005309 -0.923930 -0.050765 0
-0.626050 0.003218 -0.091318 2
-0.587317 -0.160825 -0.056760 2
0.000890 -0.790713 -0.033873 0
0.044599 -0.790631 -0.053492 0
0.005354 -0.461209 -0.040485 0
0.028434 -0.083901 -0.057289 0
-0.178003 0.261480 -0.132377 2
-0.225389 0.242328 -0.041017 2
0.278129 0.280117 0.044301 1
0.014720 -0.012902 -0.015149 0
-0.011057 -0.636960 -0.071013 0
-0.394942 0.126581 -0.257941 2
-0.502922 -0.190046 -0.033452 2
-0.601471 0.006122 -0.126614 2
-0.337687 0.191518 -0.126978 2
0.255423 0.287704 0.108435 1
0.627516 0.126078 0.203208 1
0.700075 0.041879 0.134088 1
0.430955 0.238930 0.198030 1
0.030034 -0.413356 -0.048740 0
0.445331 0.168899 0.280494 1
-0.029391 0.156733 -0.049514 0
0.038860 0.151674 0.000891 0
-0.234761 0.244586 0.027518 2
0.408935 0.250117 0.057074 1
-0.258843 0.256435 -0.140470 2
-0.005437 -0.720807 -0.065202 0
0.564827 -0.017505 0.219432 1
0.609597 0.055580 0.217252 1
0.228995 0.301009 0.200693 1
0.340869 0.254804 0.268550 1
-0.295097 0.262103 -0.200409 2
0.604312 0.191046 0.170080 1
-0.435972 -0.020754 -0.223912 2
-0.542252 -0.008870 -0.177535 2
-0.158558 0.229479 0.017617 2
0.686718 0.127395 0.175016 1
-0.467231 -0.117933 -0.155459 2
-0.041473 0.197547 -0.025947 0
0.401399 0.278165 0.126292 1
-0.282828 0.252947 -0.165130 2
0.005427 0.011962 -0.018428 0
0.010745 0.078771 -0.012063 0
0.006424 -0.160838 -0.047276 0
0.188397 0.288526 -0.015547 1
-0.536464 -0.201326 0.018259 2
0.032761 -0.450085 -0.040936 0
0.036545 -0.133264 -0.025335 0
0.677093 -0.062360 0.059277 1
0.486101 0.284880 0.088644 1
0.003332 -0.659747 -0.066615 0
0.019943 -0.261143 -0.024735 0
0.543398 0.223646 0.135252 1
-0.425464 0.170743 0.006158 2
-0.349380 0.204101 0.001187 2
0.175901 0.278388 0.183199 1
0.557331 0.186201 0.192978 1
0.011288 -0.154280 -0.011245 0
0.631636 0.080171 0.212463 1
0.113172 0.253634 -0.007280 1
-0.624815 -0.038523 -0.089593 2
0.471069 0.264827 0.090093 1
-0.362432 0.176938 -0.139113 2
0.013755 -0.544141 -0.070715 0
0.171743 0.283689 0.035080 1
0.531178 0.174276 0.233710 1
-0.171930 0.216945 -0.052854 2
0.488924 0.265757 0.127844 1
-0.133751 0.248613 -0.039834 2
0.059232 0.114635 -0.031429 0
0.417420 0.157612 0.308895 1
0.531191 0.232044 0.167526 1
-0.394434 0.192205 -0.073220 2
0.037542 0.101045 -0.040492 0
-0.440394 0.168926 -0.058161 2
0.104062 0.266839 0.052431 1
-0.484908 0.134570 -0.121031 2
-0.002745 -0.963481 -0.066135 0
0.615043 0.101157 0.219306 1
-0.600234 -0.074316 -0.109787 2
0.037002 0.075952 -0.022910 0
-0.495171 0.119593 -0.054542 2
0.388872 0.260315 0.175433 1
0.354735 0.276064 0.074723 1
-0.199949 0.264347 -0.100335 2
0.289962 0.284541 0.132271 1
0.552419 0.012230 0.237546 1
0.012630 -0.474027 -0.061149 0
-0.423017 0.031072 -0.240742 2
0.372302 0.224595 0.250667 1
0.341123 0.251484 0.033478 1
-0.260063 0.227031 -0.101512 2
-0.436845 0.167361 -0.099517 2
-0.447590 0.140855 -0.096972 2
-0.038180 0.136622 -0.006714 0
-0.426344 0.155911 -0.149701 2
0.039095 -0.471235 -0.073513 0
0.568515 0.222179 0.160113 1
0.037996 -0.036280 -0.017387 0
-0.546571 0.091009 -0.065909 2
0.553985 0.126506 0.237512 1
-0.272362 0.228844 -0.126043 2
-0.158577 0.253359 -0.118087 2
-0.184867 0.246452 -0.015860 2
-0.236596 0.242294 -0.114537 2
-0.007657 -0.555790 -0.027037 0
-0.212995 0.233539 -0.084832 2
0.641550 0.193909 0.142170 1
0.027174 -0.776065 -0.057333 0
0.203663 0.283008 0.202595 1
0.462133 0.287053 0.088882 1
0.017969 -0.059166 -0.006857 0
0.677422 0.151088 0.174525 1
0.025452 -0.757029 -0.026676 0
0.030987 -0.280449 -0.040855 0
-0.344600 0.205819 -0.255413 2
-0.409866 0.140513 -0.158855 2
0.000279 -0.386513 -0.023659 0
-0.597163 -0.173939 -0.006450 2
0.015299 0.053233 -0.038942 0
0.252210 0.270837 0.017767 1
0.415977 0.210611 0.274908 1
0.688193 0.043157 0.173871 1
0.352619 0.229827 0.309997 1
-0.587048 -0.007292 -0.150829 2
-0.472394 0.137298 -0.038670 2
0.658576 -0.079984 0.117735 1
-0.184662 0.284988 -0.140757 2
0.011090 -0.224462 -0.034048 0
-0.512511 -0.108546 -0.149110 2
0.639885 -0.049082 0.157953 1
-0.420697 0.150846 -0.182277 2
0.026020 0.026169 -0.014033 0
0.012421 -0.335118 -0.048843 0
0.038530 -0.370250 -0.024669 0
0.000477 0.029924 -0.032267 0
0.002366 -0.885213 -0.099222 0
0.023035 -0.848421 -0.083406 0
-0.534000 -0.072649 -0.157993 2
-0.220199 0.285781 -0.151004 2
0.448412 0.280444 0.107150 1
-0.466688 -0.148306 -0.117297 2
0.002297 -0.621661 -0.042547 0
0.217183 0.311984 -0.026600 1
0.204030 0.298004 0.167977 1
0.129228 0.287552 0.094776 1
0.035754 -0.979790 -0.039027 0
-0.009389 0.059325 0.000803 0
0.353037 0.262866 0.202540 1
-0.001566 0.000869 -0.053440 0
0.163768 0.269436 -0.001302 1
0.676332 -0.043896 0.151593 1
-0.438388 0.121273 -0.157023 2
0.035892 0.185612 -0.017325 0
-0.123463 0.246225 -0.099285 2
0.026921 -0.174716 -0.033045 0
0.638366 0.167091 0.183765 1
0.021728 -0.003437 -0.049657 0
0.451210 0.270193 0.074889 1
-0.249483 0.278105 -0.189151 2
0.578069 0.117256 0.225464 1
-0.109205 0.241659 -0.082577 2
-0.473696 0.082323 -0.191201 2
0.006311 -0.913744 -0.091120 0
0.234966 0.292259 0.069592 1
-0.409655 0.145579 -0.126407 2
0.455773 0.181201 0.250011 1
0.007281 -0.584546 -0.022627 0
-0.504550 0.107335 -0.112662 2
-0.460089 0.067506 -0.207460 2
0.191005 0.267052 0.015880 1
-0.624929 0.026227 -0.107228 2
-0.559799 -0.079277 -0.133621 2
-0.114464 0.237104 -0.006283 2
-0.549788 0.088297 -0.131790 2
0.692133 0.029849 0.117382 1
0.020325 -0.103802 -0.002807 0
-0.007161 -0.611788 -0.072965 0
0.440104 0.208275 0.254987 1
-0.017821 0.086894 -0.033546 0
0.019582 -0.031487 -0.056589 0
0.040887 -0.666707 -0.048896 0
0.239274 0.288655 -0.006521 1
-0.260702 0.230685 -0.008288 2
-0.008848 -0.914438 -0.071678 0
-0.545202 0.016290 -0.171812 2
0.596401 -0.043207 0.192774 1
-0.089285 0.209046 -0.001608 2
0.082825 0.235532 0.011478 1
-0.519511 0.028419 -0.190558 2
0.392738 0.235532 0.251738 1
0.600983 0.163048 0.199885 1
0.012477 0.141908 -0.008575 0
0.014510 -0.788531 -0.089207 0
-0.000990 -0.938572 -0.065793 0
-0.161329 0.266867 -0.089960 2
-0.448529 0.140487 -0.148632 2
0.004038 0.115702 -0.002353 0
0.026583 -0.860356 -0.040445 0
-0.125380 0.226679 -0.055276 2
0.035809 -0.752358 -0.066267 0
0.666777 0.064216 0.178283 1
-0.274263 0.227779 -0.025792 2
0.026447 -0.590074 -0.035498 0
0.014834 -0.659955 -0.026647 0
-0.323207 0.214394 -0.046822 2
-0.000630 -0.976395 -0.048742 0
-0.079379 0.206982 -0.041325 2
-0.525862 -0.012087 -0.191391 2
0.031379 0.157215 -0.021661 0
-0.492980 0.138303 -0.080070 2
0.416887 0.281528 0.084493 1
0.010538 -0.705582 -0.026498 0
-0.571108 0.030183 -0.155050 2
-0.300331 0.211415 -0.109859 2
0.031274 -0.212756 -0.062713 0
-0.456395 0.109332 -0.142743 2
-0.612905 -0.134456 -0.032371 2
-0.472210 0.149883 -0.008640 2
0.341605 0.269734 0.182009 1
0.006245 -0.403676 -0.059950 0
-0.450735 0.019939 -0.237219 2
0.503621 0.193578 0.227826 1
-0.629598 -0.076032 -0.042296 2
-0.005146 -0.967133 -0.090749 0
-0.007402 -0.869323 -0.088602 0
0.678680 0.101386 0.184643 1
-0.267493 0.212604 -0.076811 2
0.302415 0.285939 0.083661 1
0.555556 0.222352 0.117681 1
0.620841 -0.069893 0.158542 1
0.018099 -0.182656 -0.057003 0
-0.001598 -0.756717 -0.067187 0
0.476549 0.123266 0.298413 1
0.031175 -0.559257 -0.049386 0
-0.550613 -0.183358 -0.033182 2
0.616684 0.096904 0.194332 1
0.303434 0.277122 0.258517 1
0.030483 0.065395 0.005583 0
0.004856 -0.509181 -0.057947 0
-0.158359 0.247991 -0.007055 2
-0.436947 0.127159 -0.182167 2
-0.623738 -0.067112 -0.062587 2
0.036313 -0.175252 -0.007643 0
0.149177 0.247045 0.044041 1
0.020609 -0.303776 -0.072042 0
0.546363 0.230809 0.090161 1
0.463577 0.160117 0.273387 1
-0.000358 -0.082926 -0.017182 0
0.456818 0.214337 0.234161 1
-0.211558 0.257522 -0.124658 2
0.383020 0.207118 0.293336 1
0.001602 -0.839396 -0.098903 0
-0.098853 0.249775 -0.057317 2
-0.424091 0.117041 -0.206876 2
0.155505 0.299027 0.150363 1
-0.474275 -0.101089 -0.165784 2
0.653720 0.091522 0.184163 1
0.167221 0.286622 0.076107 1
-0.525087 0.120467 -0.058568 2
-0.571339 -0.036534 -0.157106 2
-0.274329 0.229451 0.034641 2
-0.583593 -0.170238 0.025368 2
-0.371865 0.170371 -0.158962 2
0.065961 0.216398 0.000882 1
-0.513714 0.003583 -0.200712 2
-0.509601 -0.162832 -0.115739 2
0.500859 0.273476 0.101294 1
0.255223 0.279709 -0.026471 1
0.600317 0.191266 0.191345 1
-0.537196 0.063214 -0.148614 2
0.020580 -0.976110 -0.057282 0
0.551501 0.161141 0.232722 1
0.005230 -0.747130 -0.040697 0
0.013191 -0.939861 -0.040005 0
-0.335751 0.212614 -0.134102 2
0.275628 0.286737 0.258630 1
0.012211 -0.114259 -0.040636 0
0.379633 0.256327 0.198967 1
0.001340 0.154835 0.007498 0
-0.448220 0.168388 -0.038993 2
-0.315436 0.244131 -0.230738 2
0.628094 0.162869 0.201238 1
-0.583580 -0.068471 -0.140873 2
0.627128 0.188942 0.176839 1
-0.311033 0.234359 -0.169526 2
-0.209220 0.255915 -0.082781 2
0.391789 0.244268 0.226162 1
0.001050 -0.798604 -0.075938 0
0.013965 -0.349814 -0.031314 0
0.179897 0.308532 -0.018860 1
-0.161866 0.276080 -0.125992 2
0.104524 0.268669 0.092385 1
-0.466414 -0.003955 -0.210119 2
0.016133 -0.397479 -0.030835 0
0.351294 0.252518 0.250970 1
0.031682 -0.144727 -0.041681 0
-0.599104 0.041208 -0.132023 2
0.567275 0.158328 0.212514 1
-0.461532 0.041870 -0.215865 2
0.073256 0.182206 0.016664 1
-0.438809 0.138094 -0.128363 2
0.591765 -0.013372 0.209744 1
-0.373338 0.180894 -0.216703 2
-0.560605 -0.145160 -0.082534 2
0.012009 0.040999 -0.013379 0
-0.549931 -0.187364 -0.057661 2
-0.544326 0.110682 -0.070751 2
0.028869 0.004578 -0.024861 0
-0.609517 -0.130508 -0.066233 2
0.314722 0.272977 0.233281 1
0.540812 0.141800 0.234932 1
0.251376 0.298614 0.234400 1
-0.511336 -0.074244 -0.173455 2
-0.498298 0.041054 -0.206291 2
-0.499165 -0.133482 -0.139825 2
-0.428428 -0.044574 -0.200251 2
-0.504926 0.055200 -0.167109 2
-0.399501 0.195713 0.000868 2
0.028989 -0.212256 -0.023187 0
0.127768 0.242793 0.010567 1
0.522409 0.252033 0.118985 1
-0.515263 0.120740 -0.100193 2
-0.597623 -0.037798 -0.126129 2
-0.290355 0.234240 -0.166313 2
0.439793 0.250535 0.175106 1
0.002460 -0.685694 -0.072402 0
0.700401 0.074190 0.124957 1
0.047412 -0.308974 -0.037152 0
-0.602164 -0.145814 -0.007813 2
0.024614 0.166790 -0.066237 0
0.012526 -0.393844 -0.009506 0
-0.338742 0.206336 -0.207614 2
-0.283384 0.263319 -0.182336 2
0.010754 -0.274793 -0.040562 0
0.017580 -0.123028 -0.014967 0
0.078885 0.213982 0.018711 1
0.412092 0.187412 0.289595 1
-0.002668 -0.521792 -0.071599 0
0.417550 0.236683 0.219303 1
-0.332090 0.203809 -0.176686 2
-0.023629 0.156162 -0.025668 0
-0.239893 0.252657 -0.135322 2
0.275673 0.286756 0.175285 1
0.014365 -0.358431 -0.054783 0
0.689618 -0.072380 0.099995 1
0.487442 0.138110 0.273603 1
0.600301 0.216065 0.134309 1
0.682135 0.000870 0.135620 1
-0.151651 0.249347 0.011738 2
-0.070117 0.199558 0.001925 2
0.034617 0.155081 -0.053504 0
0.311019 0.243506 -0.006613 1
-0.523445 0.104794 -0.133546 2
-0.335410 0.181489 -0.085949 2
-0.513862 -0.044027 -0.176121 2
0.025604 -0.915125 -0.056562 0
-0.511596 0.065510 -0.151012 2
-0.135079 0.223428 0.010839 2
0.035339 -0.235220 -0.057869 0
0.024562 -0.458730 -0.057325 0
-0.548762 -0.206287 -0.025986 2
0.004488 -0.897770 -0.077416 0
-0.473052 0.127870 -0.147944 2
0.015669 -0.963098 -0.073304 0
0.482190 0.179816 0.261175 1
0.072276 0.190046 -0.016557 1
0.504831 0.100471 0.283340 1
-0.544892 -0.136163 -0.116320 2
-0.558290 0.082575 -0.090082 2
0.577287 0.198572 0.192643 1
0.475401 0.261608 0.144676 1
-0.626459 -0.095742 -0.074565 2
-0.216922 0.219972 -0.014013 2
0.046939 -0.511587 -0.051624 0
0.011720 -0.308171 -0.017103 0
0.006171 -0.806290 -0.044675 0
-0.524565 -0.033298 -0.190944 2
0.451996 0.290616 0.068026 1
0.615062 0.000638 0.200880 1
0.565348 0.117612 0.250883 1
-0.494536 -0.048042 -0.182567 2
0.513900 0.242922 0.158321 1
0.669885 0.040640 0.167284 1
0.540511 0.091654 0.266329 1
0.577842 0.043031 0.235453 1
0.221935 0.280167 -0.009791 1
0.688612 -0.074655 0.075596 1
-0.554286 -0.028334 -0.166359 2
0.006618 -0.372113 -0.039496 0
0.694444 -0.008109 0.076333 1
0.113505 0.275904 0.066954 1
0.011533 -0.870348 -0.047854 0
0.279721 0.269125 -0.005735 1
0.260169 0.284581 0.036033 1
0.426858 0.263035 0.059377 1
-0.383832 0.175124 -0.189787 2
-0.551521 -0.087348 -0.151093 2
-0.471231 0.092221 -0.165538 2
0.524246 0.209779 0.199757 1
0.041319 -0.433936 -0.025581 0
0.604621 0.123888 0.222641 1
0.526970 0.039766 0.257802 1
-0.340410 0.207069 -0.115613 2
-0.499579 0.129153 -0.108435 2
-0.446868 0.112432 -0.173930 2
-0.004559 -0.010966 -0.013504 0
-0.258196 0.237305 0.027147 2
0.652507 0.116878 0.202245 1
0.012677 0.134380 0.014156 0
0.034458 -0.650634 -0.035141 0
-0.396816 0.156771 -0.208754 2
0.013151 -0.641055 -0.015412 0
0.685420 -0.054582 0.133804 1
0.012046 -0.649729 -0.083392 0
0.022602 -0.430899 -0.072665 0
0.002901 0.181328 -0.006715 0
-0.234728 0.237701 -0.017837 2
-0.222665 0.221126 -0.067412 2
-0.505198 0.086809 -0.163422 2
0.463468 0.201098 0.248711 1
0.489353 0.067440 0.270072 1
0.430412 0.285124 0.068317 1
-0.398174 0.150148 -0.173247 2
0.028141 0.040058 -0.000860 0
0.011990 0.021980 -0.053691 0
-0.562328 -0.123537 -0.106779 2
0.015377 -0.679090 -0.024680 0
-0.396485 0.176681 -0.139344 2
0.242860 0.282062 0.227248 1
0.514234 0.067260 0.269988 1
0.300774 0.274811 0.051454 1
0.464952 0.218773 0.217344 1
-0.254224 0.217233 0.006980 2
-0.387901 0.177821 -0.167026 2
0.692601 0.117597 0.152999 1
0.644424 0.012475 0.177621 1
-0.363769 0.174814 -0.117176 2
-0.313819 0.206200 0.026449 2
-0.048213 0.153857 -0.008340 0
-0.311994 0.251549 -0.211071 2
0.698085 0.055222 0.150167 1
0.213318 0.300852 0.185505 1
0.002543 0.114893 -0.034598 0
-0.424701 0.050118 -0.240795 2
0.154675 0.258588 0.016121 1
-0.580419 -0.179477 0.008971 2
0.325671 0.262131 0.042276 1
0.504011 0.114151 0.270079 1
0.590969 0.092066 0.226547 1
0.003302 -0.533867 -0.057697 0
-0.223335 0.260476 -0.109965 2
0.553811 0.066779 0.260323 1
0.004245 0.180476 -0.041839 0
0.413942 0.263239 0.159049 1
-0.563417 0.062480 -0.131087 2
0.059852 0.156151 -0.007365 0
-0.413329 0.008616 -0.239850 2
0.684178 0.021746 0.137938 1
-0.171262 0.253638 -0.055442 2
-0.005689 0.088025 -0.049320 0
-0.048840 0.205521 -0.041543 2
0.217407 0.291683 0.017153 1
0.368146 0.247490 0.242962 1
0.013813 -0.822801 -0.032619 0
0.564740 0.132379 0.220856 1
0.105810 0.259666 0.033175 1
0.459915 0.146760 0.299551 1
0.046360 -0.430776 -0.043910 0
-0.571488 -0.187333 -0.040463 2
0.007773 -0.889057 -0.044231 0
0.632668 0.078707 0.193624 1
-0.590163 0.054101 -0.117729 2
0.676242 0.000993 0.165991 1
-0.017608 -0.773203 -0.076607 0
0.641966 0.061651 0.193348 1
-0.526411 0.094318 -0.111132 2
-0.557673 -0.186697 -0.009446 2
0.412611 0.215065 0.229769 1
0.039177 0.104573 0.000971 0
-0.485833 0.024881 -0.205779 2
-0.349633 0.193194 -0.192146 2
-0.265268 0.233480 -0.066561 2
0.026372 -0.068118 -0.047162 0
-0.412851 0.131458 -0.224477 2
0.514764 0.142034 0.251115 1
0.400347 0.214351 0.284722 1
-0.083267 0.194128 -0.016327 2
0.016761 -0.208796 -0.047507 0
0.147488 0.277135 0.169231 1
0.015484 -0.475578 -0.033795 0
-0.511746 -0.139139 -0.127047 2
0.491361 0.265836 0.084862 1
0.572001 0.213697 0.125625 1
0.033878 -0.546050 -0.033896 0
-0.323724 0.217665 -0.084342 2
0.010087 -0.416934 -0.036646 0
-0.484945 0.139734 -0.098704 2
-0.000749 0.050667 -0.024620 0
0.505159 0.166509 0.258500 1
0.512446 0.173067 0.228050 1
0.015430 -0.388759 -0.066640 0
0.023714 -0.612502 -0.072960 0
0.030418 -0.045171 -0.032026 0
0.037098 -0.475538 -0.030558 0
0.192771 0.296134 0.000984 1
-0.639354 -0.046194 -0.075631 2
-0.274055 0.246448 -0.132662 2
-0.536031 -0.160524 -0.116389 2
-0.037101 0.177366 -0.016148 0
0.695576 -0.034662 0.085969 1
0.188535 0.287431 0.042324 1
-0.612137 -0.044955 -0.116825 2
-0.421280 0.092513 -0.232242 2
-0.358187 0.200918 -0.225462 2
0.011276 0.079392 -0.038426 0
0.436843 0.262720 0.084942 1
0.415327 0.267297 0.042583 1
0.664453 -0.023112 0.160164 1
-0.300547 0.229605 -0.113797 2
-0.547749 -0.168056 -0.065303 2
0.023885 -0.098055 -0.045315 0
-0.223312 0.242575 0.010921 2
-0.534958 0.093228 -0.090794 2
0.262684 0.285165 0.012204 1
-0.146907 0.269327 -0.117301 2
0.203373 0.295835 0.135115 1
-0.011972 -0.715865 -0.048540 0
0.027439 -0.720153 -0.082594 0
0.580186 -0.000334 0.225725 1
0.629536 0.039039 0.216248 1
0.685961 0.063957 0.183117 1
-0.423593 0.177609 -0.057813 2
-0.474903 0.125096 -0.108620 2
0.382064 0.276952 0.135116 1
0.638370 -0.009934 0.173627 1
-0.505126 -0.170606 -0.082798 2
-0.622993 -0.098970 -0.056474 2
0.212827 0.291946 -0.022122 1
0.682645 0.026109 0.169247 1
-0.599725 -0.157959 -0.041400 2
0.164012 0.286865 -0.007542 1
0.289286 0.265895 0.249136 1
0.438413 0.187970 0.282927 1
-0.282883 0.200998 -0.078363 2
0.341082 0.275532 0.142237 1
0.140836 0.272260 -0.006617 1
-0.285301 0.222561 0.011382 2
0.010026 -0.933566 -0.090894 0
0.045982 0.171664 0.008025 0
-0.369107 0.187591 -0.191354 2
0.046436 -0.494256 -0.019921 0
-0.010443 -0.634780 -0.040288 0
0.026714 -0.726120 -0.049299 0
0.013839 -0.770244 -0.045011 0
0.020674 0.188074 -0.007253 0
0.000244 -0.295058 -0.047133 0
-0.457782 0.150567 -0.123764 2
0.266769 0.292976 0.242753 1
0.025478 -0.230316 -0.023114 0
-0.532347 -0.186127 -0.089983 2
-0.470788 0.152578 -0.049065 2
-0.194713 0.269086 -0.140184 2
0.515353 0.086827 0.267300 1
0.041148 -0.120241 -0.010979 0
-0.029087 0.112742 -0.007938 0
-0.364841 0.199905 -0.098931 2
0.653009 -0.074559 0.134327 1
0.705459 0.017439 0.100609 1
0.508689 0.253811 0.081073 1
0.452878 0.194162 0.262628 1
0.370101 0.222261 0.276918 1
-0.095194 0.236941 -0.032969 2
-0.349964 0.188675 0.018043 2
0.004596 -0.826923 -0.048949 0
-0.585414 0.080282 -0.107760 2
-0.009756 0.151057 -0.006553 0
-0.149542 0.251532 -0.048605 2
-0.335377 0.214969 -0.159269 2
0.046166 -0.721704 -0.042150 0
0.005777 -0.720992 -0.079707 0
0.035035 -0.332952 -0.041049 0
0.481747 0.209199 0.219205 1
-0.195310 0.231370 -0.080902 2
-0.308933 0.197516 -0.094399 2
-0.476577 -0.195541 -0.065407 2
-0.213046 0.251036 0.033975 2
0.029866 -0.533915 -0.079662 0
0.025679 -0.810462 -0.082935 0
0.677791 -0.020625 0.133968 1
0.014736 -0.186214 -0.025949 0
0.280592 0.259868 0.025816 1
-0.614684 -0.108419 -0.083293 2
-0.187351 0.250540 -0.114697 2
-0.529751 -0.164140 -0.082224 2
0.007170 -0.240676 -0.041252 0
-0.499674 0.137157 -0.048638 2
-0.382988 0.153644 -0.223215 2
-0.481482 0.112997 -0.138180 2
-0.311416 0.214480 -0.014689 2
0.588973 0.218158 0.151185 1
0.019498 -0.450050 -0.024534 0
0.016288 -0.572948 -0.067639 0
-0.130101 0.248321 -0.115962 2
0.019581 -0.685681 -0.066640 0
-0.386682 0.083247 -0.264560 2
0.002102 -0.259338 -0.026846 0
0.652261 0.041625 0.180452 1
-0.545849 -0.184011 0.039964 2
0.037301 -0.244572 -0.033271 0
-0.538651 0.055594 -0.166503 2
0.305808 0.280167 0.160125 1
0.128683 0.256570 -0.015926 1
-0.285069 0.220117 -0.113738 2
-0.502093 -0.007299 -0.192343 2
0.027691 -0.260466 -0.063982 0
-0.218623 0.290391 -0.171289 2
0.102139 0.217102 0.002477 1
-0.001796 -0.601246 -0.020193 0
-0.349866 0.205892 -0.023593 2
0.003752 -0.859655 -0.073752 0
-0.353390 0.186581 -0.161936 2
0.033643 -0.492436 -0.043797 0
-0.106956 0.208395 -0.006995 2
0.568469 0.017793 0.243283 1
-0.630447 -0.022848 -0.099193 2
0.589093 0.087114 0.243664 1
-0.040517 0.147599 -0.026316 0
-0.638193 0.016356 -0.092267 2
0.017189 0.165400 -0.089127 0
0.043889 0.111270 -0.015371 0
0.546844 0.232595 0.150325 1
0.011987 -0.770881 -0.090173 0
0.201679 0.302661 0.200776 1
0.024891 -0.709467 -0.057874 0
0.250633 0.295753 0.203702 1
-0.534946 0.109825 -0.098916 2
-0.149688 0.247919 0.034996 2
0.030141 -0.011529 -0.006372 0
0.045863 0.213548 -0.010784 0
0.118358 0.228043 0.030564 1
0.455359 0.262119 0.153103 1
-0.464598 0.153406 -0.066984 2
0.664023 0.174991 0.167304 1
0.302071 0.253149 0.038576 1
-0.429674 0.143642 -0.114233 2
-0.579989 -0.021104 -0.142277 2
0.693962 -0.044620 0.070739 1
0.276941 0.287598 0.209451 1
-0.321589 0.200384 -0.118346 2
-0.608635 -0.008668 -0.133200 2
-0.053478 0.178003 -0.034053 2
-0.410434 0.067441 -0.249540 2
0.023740 -0.719938 -0.022943 0
0.625455 0.063314 0.218406 1
-0.008002 -0.819334 -0.083469 0
0.037696 -0.190127 -0.025877 0
-0.435252 0.101876 -0.208087 2
0.577819 0.054774 0.251581 1
-0.372093 0.200058 -0.053705 2
-0.207437 0.251162 -0.065866 2
0.502396 0.256535 0.134512 1
0.001006 -0.739325 -0.065911 0
-0.503016 -0.099225 -0.167160 2
0.012805 -0.829986 -0.082214 0
0.692190 0.091666 0.149794 1
0.020729 -0.743171 -0.064638 0
0.016517 0.101157 -0.009278 0
-0.031254 0.173071 -0.055771 0
-0.518951 -0.202630 0.017380 2
-0.439816 0.167522 -0.082196 2
0.034787 -0.370890 -0.041828 0
-0.546207 0.032149 -0.149400 2
-0.261991 0.233362 -0.042364 2
-0.188251 0.246389 0.001378 2
0.501033 0.188986 0.208030 1
0.010602 -0.311571 -0.042791 0
-0.521346 -0.201581 -0.023866 2
-0.425001 0.117461 -0.224395 2
-0.575905 0.004437 -0.157620 2
0.140636 0.296373 0.134470 1
0.005339 -0.561497 -0.057552 0
0.654693 -0.040511 0.154095 1
-0.370883 0.190480 -0.165806 2
-0.172537 0.252399 0.026923 2
-0.487411 0.051269 -0.192253 2
-0.000349 -0.634249 -0.057411 0
0.006088 -0.099196 -0.032424 0
-0.396110 0.155414 -0.132536 2
0.139125 0.272581 0.027532 1
-0.492413 0.118733 -0.078163 2
0.489015 0.191501 0.243012 1
-0.146774 0.266451 -0.080270 2
-0.484375 0.012853 -0.218392 2
-0.042477 0.204605 -0.009978 0
-0.073478 0.213660 -0.007856 2
0.017695 -0.581949 -0.086800 0
0.021900 -0.904332 -0.072563 0
-0.595831 -0.145529 -0.066343 2
-0.086817 0.225945 -0.057320 2
0.478999 0.156551 0.263122 1
0.014266 -0.500129 -0.033505 0
0.010697 -0.700944 -0.074446 0
-0.548492 0.101439 -0.108265 2
-0.148757 0.248570 -0.022104 2
0.252138 0.292446 0.175720 1
-0.500266 -0.020813 -0.206504 2
0.693743 0.002453 0.110281 1
0.027761 0.062583 -0.031124 0
-0.584966 0.034677 -0.145483 2
0.340115 0.243098 0.229173 1
-0.464482 -0.040109 -0.201841 2
0.238735 0.297620 0.248735 1
-0.584472 -0.123689 -0.105375 2
0.031571 -0.331006 -0.011421 0
-0.469001 0.111270 -0.171999 2
0.655034 0.019674 0.189380 1
-0.529386 0.041959 -0.157475 2
-0.561796 0.041190 -0.144666 2
0.006992 -0.587161 -0.063895 0
0.033914 -0.605562 -0.032933 0
-0.373615 0.166908 -0.249238 2
0.650765 -0.058409 0.144223 1
0.226263 0.303868 0.217683 1
-0.173065 0.261448 -0.073263 2
0.348916 0.238570 0.262904 1
-0.523989 0.050587 -0.174326 2
-0.276440 0.236411 -0.092145 2
-0.372291 0.199939 0.002482 2
0.028926 0.137074 -0.006057 0
0.591873 0.013113 0.219021 1
-0.475821 0.131793 -0.066211 2
-0.237214 0.232117 0.039286 2
0.007830 0.005391 -0.039613 0
0.017189 -0.574802 -0.032942 0
0.454316 0.228041 0.207325 1
-0.576402 -0.188823 -0.007448 2
0.302501 0.269476 0.277035 1
0.442982 0.274943 0.126964 1
-0.120388 0.232485 0.009796 2
0.429746 0.282303 0.101155 1
0.016373 -0.873017 -0.074353 0
0.541633 0.183585 0.205050 1
-0.297066 0.226714 -0.090988 2
-0.559721 -0.058966 -0.142710 2
-0.498482 0.012124 -0.193347 2
-0.473509 -0.073119 -0.188569 2
-0.008400 -0.542237 -0.048236 0
-0.240002 0.228376 0.022676 2
-0.419883 0.185604 -0.000475 2
-0.157518 0.231983 -0.075051 2
0.013673 -0.712305 -0.092274 0
-0.451540 0.157140 -0.109159 2
-0.022353 0.091918 -0.001998 0
0.028712 -0.159894 -0.008861 0
-0.451306 0.055479 -0.218172 2
-0.022845 0.142499 -0.015310 0
-0.396469 0.140618 -0.240860 2
0.325631 0.263366 0.267775 1
0.028926 -0.633390 -0.074531 0
0.394360 0.246048 0.042513 1
0.698155 -0.054267 0.099969 1
-0.458416 0.146178 -0.033224 2
-0.423826 0.131034 -0.165970 2
0.513821 0.266762 0.092353 1
0.615239 0.114663 0.208792 1
0.700384 -0.029787 0.117008 1
0.016517 0.152116 -0.039984 0
0.602396 0.075638 0.235300 1
-0.314215 0.218022 -0.174331 2
0.277787 0.259935 0.213009 1
-0.298874 0.236889 -0.149345 2
0.383464 0.197502 0.307429 1
-0.560954 0.090735 -0.117259 2
-0.398098 0.162806 -0.190316 2
0.603636 0.206328 0.120720 1
0.440035 0.133267 0.297280 1
0.028700 0.076666 -0.007041 0
-0.584023 0.086348 -0.080979 2
-0.172044 0.225873 0.007134 2
0.017167 -0.475288 -0.016875 0
-0.573288 -0.149107 -0.064370 2
0.376762 0.279786 0.100227 1
0.027111 -0.877209 -0.042428 0
0.014202 -0.984291 -0.043078 0
-0.024619 0.142421 -0.037893 0
-0.461881 0.132473 -0.100630 2
0.026619 -0.273820 -0.015682 0
0.627002 -0.017531 0.191546 1
0.003309 -0.363444 -0.025322 0
0.683255 -0.019278 0.151035 1
0.013305 -0.486542 -0.072544 0
0.688044 0.081671 0.177327 1
-0.067287 0.233220 -0.061743 2
-0.524783 0.080810 -0.157443 2
0.540515 0.238828 0.126484 1
0.669736 -0.058831 0.127251 1
0.002149 -0.041934 -0.018322 0
-0.563502 -0.174106 -0.066130 2
0.017885 -0.346744 -0.066449 0
0.015652 0.163110 -0.023357 0
0.604544 0.056078 0.235259 1
0.037191 -0.598972 -0.051446 0
0.017106 -0.320409 -0.056736 0
-0.287353 0.226053 -0.141983 2
-0.447340 0.145687 -0.072490 2
0.686092 0.063421 0.117978 1
0.339300 0.283867 0.094596 1
-0.404404 0.133978 -0.203607 2
0.077308 0.195015 0.026801 1
0.673821 0.032874 0.181880 1
-0.430038 0.166097 -0.010986 2
0.165936 0.290800 0.201408 1
-0.602291 -0.058644 -0.115672 2
0.006168 -0.446972 -0.049372 0
-0.109083 0.231230 -0.062309 2
0.532457 0.133017 0.246540 1
0.242943 0.290164 0.009778 1
-0.003067 -0.674972 -0.057175 0
-0.552495 0.001274 -0.168976 2
0.424288 0.227092 0.235263 1
0.616655 0.150438 0.200891 1
-0.255290 0.222174 -0.083134 2
0.044540 0.156593 0.015855 0
0.512085 0.132252 0.275299 1
-0.524565 -0.023465 -0.174475 2
0.005969 0.178273 -0.082905 0
0.027553 -0.651706 -0.019612 0
0.002646 -0.636105 -0.027417 0
0.290339 0.282497 0.222984 1
-0.603289 0.022256 -0.122723 2
-0.297316 0.216514 -0.125468 2
0.489815 0.100609 0.290630 1
0.025694 -0.134177 -0.058471 0
-0.482237 0.075749 -0.173471 2
-0.423956 0.153827 -0.166062 2
0.528908 0.225767 0.143205 1
0.465221 0.192087 0.232460 1
0.440928 0.221553 0.233127 1
0.544819 0.194562 0.185846 1
-0.207712 0.226004 0.007584 2
-0.323278 0.208721 0.003752 2
0.527047 0.251699 0.101059 1
0.098014 0.213310 0.018146 1
0.556979 0.027614 0.250425 1
-0.620348 -0.121555 -0.057349 2
0.667025 0.141115 0.186924 1
-0.337280 0.211531 -0.099915 2
-0.535016 -0.098209 -0.156612 2
-0.250323 0.258430 -0.154589 2
-0.445022 -0.084583 -0.168256 2
-0.446778 -0.008180 -0.224340 2
0.036260 -0.296168 -0.040769 0
-0.003537 0.165484 -0.059472 0
-0.484231 0.147736 -0.033633 2
0.027925 -0.311389 -0.015903 0
-0.057102 0.162966 -0.040221 2
0.026542 -0.896107 -0.041315 0
0.600771 0.105376 0.227426 1
-0.339703 0.212685 -0.241170 2
-0.136519 0.242925 0.001498 2
0.430661 0.279149 0.050868 1
0.034223 -0.396607 -0.040626 0
-0.263259 0.206487 -0.058388 2
0.530958 0.142464 0.260099 1
-0.486555 0.128795 -0.037907 2
-0.536955 0.102518 -0.124290 2
-0.585611 -0.096008 -0.116760 2
0.373469 0.258406 0.041761 1
-0.560040 -0.199687 0.017035 2
0.028976 -0.810163 -0.034089 0
-0.534644 0.000828 -0.165127 2
-0.333167 0.210729 -0.032259 2
-0.351838 0.184178 -0.263765 2
-0.408963 0.111633 -0.249689 2
-0.232116 0.236071 -0.099946 2
-0.447885 0.138598 -0.113291 2
-0.510922 -0.184762 -0.061458 2
0.167159 0.292305 0.184011 1
-0.186079 0.249816 -0.049248 2
-0.474352 -0.016236 -0.202608 2
0.528002 0.195235 0.193113 1
-0.528528 -0.186573 -0.049706 2
-0.411780 0.181324 -0.091668 2
-0.573773 -0.170832 -0.039202 2
0.462718 0.160096 0.290409 1
0.589112 0.054687 0.229193 1
-0.550450 -0.111460 -0.140869 2
-0.589992 -0.162469 -0.022684 2
0.008369 -0.386897 -0.046343 0
0.014611 -0.622951 -0.031821 0
0.411639 0.187349 0.306508 1
0.029971 0.140751 -0.024070 0
0.403546 0.227103 0.260699 1
-0.351201 0.201039 -0.241077 2
0.024983 -0.615235 -0.016063 0
-0.009937 0.178009 -0.031879 0
0.240704 0.289421 0.050118 1
-0.059099 0.192830 -0.040269 2
-0.262583 0.243755 -0.098457 2
0.653231 0.050905 0.199373 1
-0.424907 0.179700 -0.033090 2
0.018952 -0.248490 -0.010691 0
-0.489995 -0.023439 -0.193857 2
0.674484 0.164381 0.160667 1
-0.004753 -0.863263 -0.057674 0
-0.108958 0.239124 -0.024502 2
-0.558247 0.026616 -0.164398 2
0.371015 0.196525 0.296360 1
0.617042 0.207921 0.144431 1
0.340747 0.232775 0.015870 1
0.201359 0.296798 0.151984 1
0.050496 0.126050 -0.016814 0
0.007493 -0.149793 -0.032954 0
0.536288 0.105557 0.256251 1
0.002255 -0.025310 -0.018444 0
0.338993 0.231759 0.294761 1
0.617554 0.086448 0.207358 1
-0.108214 0.255766 -0.074602 2
0.354566 0.231350 0.277913 1
-0.323333 0.218099 -0.123544 2
0.131728 0.287189 0.151802 1
-0.525770 0.100739 -0.063553 2
0.012747 -0.762446 -0.072122 0
-0.452196 -0.069688 -0.190007 2
0.030530 -0.173580 -0.048803 0
-0.384190 0.137106 -0.263938 2
0.614185 0.014263 0.218773 1
0.026897 0.030406 -0.032338 0
0.000101 0.137608 0.000936 0
0.020907 -0.663670 -0.083560 0
-0.574750 -0.179031 -0.021856 2
0.030172 -0.844413 -0.044419 0
-0.494013 -0.062353 -0.190305 2
0.681243 0.050835 0.160383 1
0.566193 0.100738 0.242338 1
0.178826 0.276016 -0.000243 1
0.363903 0.266955 0.060779 1
0.230579 0.301647 -0.013640 1
-0.308363 0.242033 -0.198590 2
0.006696 0.176706 -0.022971 0
0.637315 -0.046167 0.173581 1
0.034367 -0.683700 -0.075872 0
-0.026086 0.104202 -0.023805 0
0.443094 0.191458 0.250130 1
-0.001966 0.146613 -0.030322 0
-0.005946 -0.884230 -0.051138 0
0.213741 0.289775 0.035402 1
0.215787 0.286978 0.217913 1
-0.446423 0.169140 -0.015211 2
0.559287 0.208630 0.167316 1
0.301428 0.282107 0.143257 1
0.326442 0.272838 0.186268 1
-0.600751 -0.115331 -0.076458 2
-0.472339 0.147307 -0.081502 2
-0.561274 0.085903 -0.074569 2
0.213137 0.290843 0.101663 1
0.186306 0.296342 0.127501 1
-0.437952 0.079816 -0.236292 2
-0.584975 -0.069977 -0.124975 2
-0.171064 0.247986 -0.109597 2
-0.599638 -0.098729 -0.093082 2
0.089029 0.224989 0.024421 1
0.199301 0.301694 -0.015982 1
0.089436 0.251759 0.034953 1
-0.474605 0.056166 -0.216674 2
0.490629 0.225574 0.194505 1
0.551610 0.210063 0.191259 1
-0.139265 0.258132 -0.064989 2
0.025326 -0.596055 -0.067323 0
-0.247726 0.276940 -0.173303 2
0.127559 0.276220 0.059353 1
-0.335621 0.227312 -0.226104 2
0.363122 0.280993 0.117212 1
-0.445902 0.088627 -0.224872 2
0.014196 -0.023802 -0.043682 0
0.012654 -0.913628 -0.041045 0
-0.437154 -0.035215 -0.209924 2
-0.349880 0.208177 -0.066048 2
0.281326 0.288313 0.091377 1
0.010037 -0.695680 -0.038965 0
0.630471 0.014816 0.189895 1
0.043865 0.176198 -0.007274 0
0.010552 0.037913 -0.050294 0
-0.222145 0.239757 -0.008349 2
-0.573192 0.075833 -0.085948 2
0.277968 0.284830 0.117423 1
0.011983 -0.174678 -0.041852 0
0.380795 0.232161 0.270638 1
0.705714 -0.008654 0.108230 1
0.029059 -0.563681 -0.065981 0
-0.513057 0.115413 -0.124498 2
-0.112499 0.261527 -0.106862 2
0.004437 -0.488742 -0.049250 0
0.367701 0.265049 0.168140 1
-0.009300 0.076052 -0.016310 0
0.015567 -0.431378 -0.018072 0
0.031050 -0.825677 -0.041812 0
-0.590497 -0.010168 -0.135636 2
-0.494935 -0.184712 -0.064444 2
0.019723 -0.436378 -0.052440 0
-0.060226 0.216512 -0.040920 2
0.007468 0.138590 -0.043576 0
0.678965 0.066675 0.168489 1
-0.290955 0.266586 -0.216964 2
0.278021 0.264401 0.235189 1
-0.455682 0.028341 -0.221571 2
0.176093 0.293701 0.109693 1
0.395740 0.189993 0.314196 1
-0.572077 0.096915 -0.082798 2
-0.552759 -0.160393 -0.082344 2
0.366313 0.277887 0.134763 1
0.039340 -0.808818 -0.059612 0
0.426282 0.212622 0.261240 1
-0.021798 0.116988 -0.032864 0
-0.467310 0.137953 -0.053859 2
0.092791 0.251953 0.059390 1
0.065784 0.222794 0.016438 1
0.400659 0.275954 0.068226 1
0.573164 0.127040 0.240944 1
0.302266 0.283467 0.119173 1
-0.560044 -0.149895 -0.099869 2
-0.484665 0.038351 -0.216509 2
0.556975 0.139367 0.246112 1
-0.375026 0.150769 -0.263655 2
0.329270 0.250242 0.300218 1
0.229076 0.292178 0.111424 1
-0.547772 -0.049191 -0.170400 2
0.578541 0.201064 0.169057 1
-0.477619 0.067094 -0.190391 2
-0.614218 -0.122325 -0.022419 2
0.101141 0.247266 0.000629 1
-0.263768 0.275664 -0.183008 2
-0.385825 0.116826 -0.266327 2
-0.237328 0.257863 -0.116695 2
-0.533523 0.038092 -0.173706 2
-0.288036 0.223189 -0.031834 2
0.514536 0.193390 0.201283 1
-0.460525 -0.094749 -0.172470 2
-0.443903 0.059347 -0.237243 2
0.002414 -0.637833 -0.089608 0
0.532555 0.054589 0.264748 1
-0.273581 0.252363 -0.149856 2
0.017175 -0.162606 -0.023162 0
-0.308627 0.223175 -0.057757 2
-0.184947 0.242367 0.040346 2
0.580995 0.175909 0.210495 1
-0.461810 0.092531 -0.207127 2
-0.561021 0.098297 -0.059583 2
0.003274 -0.984263 -0.074173 0
0.529176 0.153957 0.237027 1
0.387649 0.218331 0.252496 1
0.011816 -0.226028 -0.016841 0
0.039031 -0.270378 -0.032024 0
0.555015 0.236337 0.110738 1
0.025487 0.088437 -0.032000 0
0.238303 0.293194 0.142791 1
-0.273588 0.218368 -0.090518 2
0.501439 0.242405 0.167725 1
-0.585662 0.061691 -0.130605 2
-0.397745 0.193988 0.016274 2
0.693435 0.025033 0.152910 1
0.266500 0.271732 -0.013595 1
0.026093 -0.525244 -0.059748 0
0.026944 -0.686207 -0.032325 0
-0.009493 -0.787629 -0.067238 0
0.266750 0.267872 0.220606 1
-0.617796 -0.014341 -0.121962 2
0.074843 0.226342 -0.007339 1
0.302747 0.277553 0.185948 1
0.625022 -0.057696 0.167252 1
0.568584 0.067191 0.243732 1
0.277307 0.285696 0.058798 1
0.180722 0.289621 0.083217 1
-0.535072 0.025706 -0.159836 2
0.036090 -0.086811 -0.018587 0
-0.476907 -0.180615 -0.090434 2
-0.397291 0.166802 -0.175298 2
0.031759 -0.220307 -0.049137 0
-0.350333 0.186434 -0.141314 2
0.017512 -0.734031 -0.024930 0
0.612152 -0.033333 0.191304 1
0.630552 0.105785 0.213860 1
0.029799 -0.191338 -0.062371 0
0.037570 0.091897 -0.007847 0
0.012783 -0.596826 -0.038422 0
0.640581 0.066955 0.207864 1
0.022050 -0.650117 -0.065230 0
-0.421371 0.106156 -0.239617 2
0.016030 -0.795865 -0.073018 0
0.415797 0.245712 0.193447 1
0.548327 -0.000835 0.230274 1
-0.584660 -0.147265 -0.080983 2
-0.513335 0.084192 -0.147560 2
0.027291 -0.286584 -0.024435 0
-0.393326 0.191752 -0.056833 2
0.078996 0.240314 0.025704 1
0.466053 0.274891 0.119352 1
0.016586 -0.411415 -0.016775 0
0.193035 0.279515 0.191905 1
0.491460 0.152772 0.276432 1
0.229205 0.294897 0.004490 1
-0.562735 0.075728 -0.114003 2
0.630164 0.139839 0.209733 1
0.141380 0.250871 0.017738 1
0.152786 0.289683 0.089672 1
-0.008528 -0.743227 -0.046544 0
0.253955 0.277618 0.000347 1
-0.471881 0.079357 -0.206249 2
-0.471582 0.139368 -0.132276 2
-0.325131 0.233069 -0.235854 2
-0.400326 0.125710 -0.241892 2
-0.007320 0.104178 -0.039704 0
0.679482 0.118081 0.184947 1
-0.007698 -0.990731 -0.049595 0
0.593697 0.142055 0.210200 1
-0.619181 0.014530 -0.121634 2
-0.000257 -0.788206 -0.049363 0
-0.234174 0.237488 0.001006 2
-0.409400 0.166476 -0.150637 2
-0.588445 -0.049090 -0.131513 2
-0.588783 -0.132932 -0.091461 2
0.053205 0.142265 -0.007464 0
-0.605914 -0.160656 -0.006345 2
0.340714 0.275243 0.068460 1
0.581460 0.076281 0.235884 1
-0.624297 -0.071017 -0.099938 2
-0.187706 0.264239 -0.091072 2
0.015732 -0.292365 -0.057159 0
0.011931 -0.208763 -0.032940 0
0.518717 0.186940 0.226131 1
-0.634226 -0.100587 -0.041197 2
-0.209748 0.266527 -0.138561 2
0.020652 -0.329908 -0.025964 0
-0.304052 0.216910 -0.143592 2
0.028706 -0.650823 -0.049342 0
-0.588382 -0.107876 -0.098010 2
-0.601705 -0.071469 -0.124989 2
0.252212 0.291945 0.076770 1
-0.535645 -0.199682 0.033455 2
-0.518395 0.121765 -0.084408 2
0.280307 0.288138 0.075298 1
-0.498424 0.101102 -0.156902 2
0.014556 -0.131187 -0.048422 0
0.001728 -0.324209 -0.048114 0
0.424912 0.180443 0.285058 1
0.492532 0.281158 0.070176 1
-0.499562 -0.034973 -0.199677 2
0.029375 -0.521446 -0.024502 0
0.268502 0.286978 0.100593 1
0.655435 0.151366 0.192016 1
0.691552 -0.037433 0.101575 1
0.010293 -0.640637 -0.071266 0
0.668418 -0.081784 0.101441 1
-0.349040 0.206468 -0.141433 2
-0.200357 0.283177 -0.138710 2
-0.362961 0.175593 -0.242640 2
-0.009944 -0.973886 -0.074642 0
-0.484282 0.090277 -0.155768 2
-0.187724 0.253234 0.025972 2
0.487933 0.167524 0.268731 1
-0.361819 0.201377 -0.031859 2
-0.296761 0.197631 -0.083614 2
0.668155 0.067179 0.193143 1
-0.012698 -0.800967 -0.042939 0
-0.387246 0.197053 -0.024677 2
0.003404 -0.461685 -0.057451 0
0.151227 0.291851 0.168472 1
-0.539551 -0.033409 -0.160288 2
0.228528 0.287057 0.228047 1
-0.484891 0.142112 -0.017339 2
0.140124 0.274549 0.042890 1
0.338145 0.265586 0.212496 1
-0.499675 0.070107 -0.160740 2
-0.530235 0.021579 -0.182275 2
0.295768 0.255855 0.014991 1
-0.511354 0.042169 -0.192691 2
-0.526951 -0.149234 -0.133375 2
0.501728 0.265258 0.117386 1
0.673369 -0.045463 0.134940 1
-0.398056 0.152325 -0.117829 2
-0.296442 0.218711 0.001080 2
0.178658 0.262652 0.023474 1
0.019215 -0.995760 -0.067145 0
0.518945 0.153270 0.260369 1
0.563748 0.176053 0.202200 1
0.102178 0.267677 0.075860 1
0.302643 0.287123 0.100587 1
0.067322 0.214348 -0.014542 1
0.019976 -0.684621 -0.082916 0
0.232195 0.313608 -0.025960 1
-0.601166 -0.020724 -0.125681 2
-0.559830 -0.197134 0.002145 2
-0.514794 -0.045520 -0.192182 2
0.690742 0.051642 0.126200 1
-0.005956 -0.660558 -0.044079 0
-0.571353 -0.109291 -0.124684 2
0.401925 0.273458 0.143046 1
0.226581 0.275535 0.199370 1
0.608067 0.208957 0.157070 1
-0.499248 0.136586 -0.063712 2
-0.624750 -0.073368 -0.076282 2
0.315439 0.276893 0.066661 1
0.152993 0.266738 -0.022030 1
0.002335 -0.926680 -0.074453 0
-0.324301 0.221655 -0.151520 2
0.516923 0.239255 0.124818 1
-0.521930 -0.120167 -0.147250 2
-0.482432 -0.157313 -0.104712 2
-0.585632 -0.032927 -0.149707 2
0.022882 -0.238680 -0.065593 0
-0.364155 0.172357 -0.102326 2
-0.004252 -0.979644 -0.033928 0
0.575220 0.142182 0.216333 1
-0.550581 -0.111558 -0.123846 2
0.034941 -0.414868 -0.033864 0
-0.399544 0.076141 -0.258505 2
0.493901 0.130696 0.285589 1
0.696424 -0.020511 0.093374 1
-0.435860 0.026358 -0.234577 2
0.019184 -0.137822 -0.016833 0
0.001559 0.101843 -0.009838 0
-0.049394 0.191627 0.002236 0
0.081228 0.228877 0.042518 1
-0.530909 -0.111901 -0.138167 2
0.656631 -0.010445 0.161794 1
-0.547258 0.075699 -0.146362 2
0.026886 -0.634352 -0.041110 0
0.053661 0.190313 0.016282 0
-0.248816 0.240914 -0.124678 2
-0.598909 -0.086588 -0.118677 2
0.683153 -0.034366 0.119964 1
-0.210246 0.242685 0.000181 2
0.638994 -0.021507 0.183520 1
-0.449658 0.101028 -0.191007 2
0.442950 0.165866 0.298919 1
0.416366 0.201670 0.286833 1
0.303186 0.267847 0.035188 1
0.492215 0.086756 0.277612 1
0.017268 -0.075495 -0.032042 0
-0.004515 -0.960239 -0.049221 0
0.469686 0.236340 0.189776 1
0.214308 0.304696 0.208860 1
0.615672 0.191667 0.159574 1
0.306047 0.262632 0.256438 1
0.554582 0.153993 0.218922 1
-0.502059 0.130470 -0.088833 2
0.693420 -0.008784 0.135521 1
-0.458993 -0.113889 -0.143792 2
0.265369 0.270899 0.009121 1
-0.446673 0.128170 -0.140570 2
-0.260236 0.231125 -0.117822 2
0.004300 -0.876239 -0.082311 0
0.027827 -0.159225 -0.043024 0
0.290380 0.270937 0.026755 1
-0.248491 0.241923 0.043463 2
0.617366 0.041919 0.225572 1
0.642604 0.086830 0.201948 1
0.197791 0.290690 -0.029145 1
-0.398102 0.174357 -0.156886 2
0.016856 -0.070320 -0.016510 0
-0.283837 0.220154 0.041120 2
-0.318185 0.221891 -0.136880 2
0.552275 0.219573 0.177379 1
0.342265 0.263091 0.051916 1
0.692941 0.042102 0.108994 1
0.024715 -0.860136 -0.092235 0
0.652923 0.187759 0.151611 1
0.495525 0.148022 0.259084 1
0.414079 0.280279 0.117878 1
0.068605 0.178210 0.001764 1
0.338119 0.260349 0.249127 1
0.439903 0.184680 0.264794 1
-0.384162 0.195480 -0.083278 2
-0.002221 0.135587 -0.019849 0
-0.517286 -0.161096 -0.089544 2
0.588446 0.125406 0.216185 1
-0.473656 0.123226 -0.123525 2
-0.496406 -0.158789 -0.122570 2
0.577463 0.223545 0.143429 1
0.528204 0.116672 0.269089 1
0.088192 0.232408 -0.008455 1
-0.385423 0.197464 0.009041 2
-0.525656 -0.008801 -0.174552 2
-0.284268 0.239565 -0.124629 2
-0.533827 -0.203516 0.001102 2
-0.562963 0.076993 -0.133395 2
0.402274 0.279992 0.084848 1
0.291307 0.256666 -0.016850 1
-0.412789 0.146808 -0.199407 2
-0.047393 0.151945 -0.040027 0
-0.398080 0.051157 -0.255047 2
-0.572932 -0.135957 -0.083257 2
0.614152 0.182101 0.177220 1
0.606351 0.130452 0.209637 1
-0.315925 0.191839 0.024335 2
0.015477 -0.786237 -0.043040 0
-0.536829 -0.183449 -0.075914 2
0.129675 0.265063 0.000556 1
0.687797 0.012488 0.126823 1
-0.247243 0.242427 -0.074228 2
-0.542577 -0.159638 -0.102313 2
-0.635276 -0.058040 -0.066235 2
0.328440 0.267402 0.228696 1
0.026132 -0.112908 -0.049864 0
-0.511328 0.004778 -0.184580 2
0.114965 0.256176 0.006999 1
0.629070 0.037186 0.201453 1
-0.261526 0.242085 -0.140170 2
0.601543 0.174639 0.191030 1
-0.484436 -0.050250 -0.197966 2
0.624778 -0.037223 0.182757 1
-0.324737 0.229678 -0.199154 2
0.518187 0.030844 0.250317 1
0.015138 0.199742 -0.023890 0
-0.034142 0.167312 -0.039831 0
0.001708 -0.008767 -0.040057 0
-0.593559 -0.173308 0.007752 2
0.590508 0.200233 0.185386 1
0.151577 0.278707 0.000812 1
0.555452 0.191989 0.206209 1
0.192007 0.287938 0.058984 1
0.568258 0.113668 0.235965 1
0.463663 0.141714 0.286415 1
-0.535383 -0.020165 -0.183899 2
0.085661 0.208852 -0.012614 1
0.640500 0.000497 0.191118 1
0.614312 0.165821 0.193003 1
0.567536 0.230598 0.117970 1
0.555930 0.216565 0.133165 1
-0.434417 0.040827 -0.234481 2
0.016261 -0.038033 -0.016027 0
-0.572433 -0.010004 -0.147846 2
-0.252165 0.227671 0.036201 2
0.476498 0.164025 0.278765 1
-0.560815 -0.046456 -0.158388 2
0.029083 -0.790429 -0.056449 0
0.687614 0.061667 0.141767 1
0.355780 0.237847 0.290836 1
0.016742 0.116270 -0.031925 0
-0.009566 0.070951 -0.046626 0
0.317797 0.280232 0.126256 1
0.314235 0.285307 0.092038 1
0.681739 0.138065 0.166557 1
-0.122295 0.248994 -0.048710 2
0.122057 0.242362 -0.005248 1
0.035520 -0.207594 -0.040800 0
0.207630 0.299169 0.232070 1
0.026844 -0.047786 -0.008082 0
-0.613874 -0.079035 -0.108585 2
-0.004749 -0.694139 -0.062796 0
