-0.094983 0.522700 -0.190987 2
-0.083935 -0.995623 -0.041108 0
0.202223 -0.193978 0.262826 1
-0.265281 0.588795 -0.617945 2
0.008460 0.201662 0.123295 2
-0.007258 -0.560020 0.081992 0
0.024033 -0.312298 0.125120 0
0.023819 -0.044254 0.174994 2
0.041421 0.408775 -0.017103 2
-0.141432 0.591054 -0.415190 2
-0.023092 -0.783642 0.027282 0
0.110518 0.252711 0.267295 3
0.094230 0.089865 0.247101 3
0.075309 -0.185422 0.181188 3
0.055731 -0.442933 0.106158 1
-0.114063 0.496514 -0.322666 2
-0.021530 0.310366 0.052246 2
-0.066048 0.467500 -0.073532 2
0.099039 -0.302545 0.230323 1
-0.226660 0.546408 -0.499921 2
0.045635 0.076032 0.130003 2
-0.044189 -0.887126 -0.023912 0
-0.012547 -0.669356 0.041321 0
-0.009491 0.465346 -0.168614 2
0.060962 0.256324 0.055689 2
0.254082 -0.112429 0.242935 1
0.167990 -0.156476 0.181402 1
0.089437 -0.004378 0.227275 3
-0.000210 -0.393095 0.161915 1
0.081256 0.154133 0.107788 2
0.080165 -0.106169 0.144008 2
0.020585 0.455143 -0.088299 2
-0.044270 0.407344 -0.013778 2
0.087237 0.001649 0.139393 2
0.086369 -0.255306 0.131034 1
0.141355 -0.232219 0.210931 1
-0.062852 0.482493 -0.259010 2
-0.169874 0.518859 -0.387428 2
0.091625 0.172027 0.251707 3
-0.113468 0.556146 -0.266045 2
-0.009645 -0.487042 0.115623 0
0.046464 0.334662 0.020892 2
-0.121646 0.578401 -0.341320 2
0.039284 -0.342074 0.201421 1
0.019563 -0.234308 0.158886 3
0.065362 -0.371123 0.110100 1
0.079175 -0.076952 0.210256 3
-0.177806 0.595410 -0.479147 2
-0.232980 0.596099 -0.551296 2
0.022863 -0.138849 0.168053 2
0.010946 0.133110 0.144694 2
-0.063200 0.496859 -0.136324 2
0.000806 0.261957 0.094293 2
0.021579 0.022170 0.169626 2
-0.182423 0.536360 -0.451702 2
-0.012400 0.363112 0.019005 2
0.002198 -0.623094 0.079286 0
0.074329 -0.299666 0.171854 1
-0.046743 -0.946746 -0.042290 0
-0.048558 -0.831908 0.000471 0
0.060755 0.208864 0.092722 2
-0.022228 -0.727822 0.047064 0
0.130096 -0.194710 0.158412 1
-0.043045 0.495636 -0.205721 2
0.209070 -0.141108 0.220939 1
0.016823 -0.401448 0.108130 0
0.075579 -0.130734 0.195290 3
0.038683 -0.186693 0.136990 2
0.069749 -0.051503 0.143556 2
-0.022794 0.442044 -0.050858 2
0.025606 -0.515867 0.085407 0
-0.121360 0.529900 -0.364786 2
-0.090673 0.545456 -0.312430 2
-0.004657 -0.439419 0.136865 1
0.170803 -0.239677 0.253182 1
-0.023037 0.475180 -0.111633 2
-0.076834 0.530616 -0.239732 2
0.103612 -0.254195 0.183130 1
0.027702 0.295882 0.053966 2
0.076380 0.047251 0.226888 3
0.037137 -0.360305 0.153575 1
0.071786 -0.321278 0.112984 1
0.173643 -0.190431 0.217740 1
0.231015 -0.150842 0.264270 1
0.083636 0.105317 0.119971 2
0.085949 0.049758 0.136697 2
0.032524 -0.092458 0.160197 2
0.071972 -0.152189 0.142758 2
0.138526 -0.271240 0.241130 1
-0.266083 0.572037 -0.574690 2
0.064203 -0.228813 0.168919 3
0.034677 -0.278717 0.154477 0
0.033586 0.163650 0.118220 2
-0.215440 0.589990 -0.508367 2
-0.077660 0.503736 -0.296224 2
-0.150666 0.545402 -0.417875 2
0.033347 0.440928 -0.046603 2
0.045952 -0.013473 0.141832 2
-0.247787 0.557112 -0.537200 2
0.012706 -0.452101 0.098674 0
0.066668 -0.035498 0.207941 3
0.028302 0.372690 0.009453 2
-0.001455 0.413447 -0.027351 2
0.017577 0.064114 0.162726 2
0.045604 0.032700 0.137092 2
0.023509 -0.355466 0.114547 0
0.085737 0.132102 0.242323 3
0.043530 0.121786 0.121975 2
0.032831 0.239114 0.082533 2
0.104955 0.212901 0.260631 3
-0.161941 0.576314 -0.447232 2
0.105827 -0.226588 0.153254 1
0.010420 0.330727 0.038421 2
-0.130526 0.563630 -0.388384 2
0.041073 -0.479739 0.094655 0
-0.071292 -0.914007 -0.031606 0
0.049068 -0.244994 0.134954 3
0.066057 -0.318833 0.216682 1
-0.038870 0.495089 -0.166005 2
-0.193283 0.559899 -0.479963 2
-0.009025 -0.523309 0.098196 0
0.058863 -0.329988 0.148544 1
0.054203 -0.406275 0.115492 1
0.009717 0.462580 -0.124109 2
0.069891 -0.206642 0.139013 3
0.147901 -0.195800 0.190706 1
0.058329 -0.099099 0.187890 3
0.044600 -0.167974 0.171925 3
-0.030006 -0.748800 0.018208 0
0.048082 -0.123271 0.142760 2
-0.086557 0.532739 -0.274485 2
0.016715 -0.366980 0.182377 1
0.054214 0.300895 0.030148 2
0.016931 0.097645 0.150130 2
0.003138 -0.588715 0.063389 0
0.074101 -0.291689 0.132396 1
0.115065 -0.274344 0.214868 1
-0.056972 -0.979948 -0.057271 0
-0.068483 0.476955 -0.108012 2
0.029954 -0.432316 0.127304 1
-0.121243 0.566518 -0.308441 2
-0.000108 0.387813 -0.003561 2
0.123837 -0.220742 0.183368 1
-0.023201 0.460929 -0.080121 2
-0.186619 0.524380 -0.417056 2
-0.014921 -0.637476 0.053448 0
-0.067989 0.511135 -0.173637 2
-0.028962 0.335598 0.030896 2
0.204449 -0.173977 0.235595 1
0.027466 -0.395147 0.139634 1
-0.006084 0.288615 0.073042 2
-0.147879 0.509654 -0.360613 2
-0.064736 0.523045 -0.209318 2
-0.045105 -0.865034 0.004846 0
0.021056 -0.201071 0.163455 2
0.065198 -0.265155 0.156482 3
-0.049888 0.435735 -0.030147 2
0.004752 0.232662 0.112197 2
-0.054522 0.505654 -0.235574 2
-0.034819 -0.802218 0.002878 0
0.088363 -0.285443 0.197709 1
0.035122 0.193922 0.105684 2
-0.034422 0.380972 0.003522 2
-0.107610 0.546062 -0.339731 2
0.182953 -0.212635 0.240942 1
0.020355 -0.497103 0.111770 0
0.029881 0.267611 0.069091 2
0.025651 -0.009181 0.170874 2
-0.025356 0.468224 -0.195821 2
0.080847 0.184261 0.098308 2
-0.140578 0.529484 -0.391447 2
-0.105091 0.542642 -0.234047 2
0.014752 -0.547933 0.100475 0
0.189835 -0.139360 0.196535 1
-0.252019 0.594814 -0.590345 2
-0.012400 0.479610 -0.140385 2
0.041820 -0.059609 0.154105 2
0.053195 -0.325087 0.179665 1
0.011728 0.173404 0.137704 2
0.033775 -0.218213 0.135860 2
-0.051833 0.474065 -0.231523 2
0.036835 -0.153131 0.144635 2
0.071576 0.231730 0.070668 2
-0.021418 -0.700834 0.032527 0
0.061209 -0.081060 0.144763 2
0.050999 -0.136849 0.178793 3
0.036756 -0.310435 0.154486 0
0.049100 -0.198775 0.177252 3
0.012693 -0.368553 0.138879 0
0.230406 -0.121275 0.226463 1
-0.208925 0.535368 -0.476601 2
0.066891 -0.159239 0.191118 3
0.076437 0.078788 0.129853 2
-0.067585 0.512045 -0.266858 2
0.006738 0.451506 -0.063013 2
0.016036 -0.336553 0.138598 0
0.048115 -0.348708 0.127801 0
0.043941 -0.292016 0.129183 0
0.185407 -0.164682 0.213057 1
-0.062367 -0.969557 -0.031180 0
-0.047574 0.455657 -0.055146 2
0.077151 0.019594 0.217867 3
0.008525 -0.586150 0.091288 0
0.083090 -0.026559 0.140570 2
-0.094412 0.517422 -0.314850 2
-0.043567 -0.919972 -0.032578 0
-0.003586 -0.659749 0.066809 0
0.044822 -0.249462 0.168641 3
0.148669 -0.173317 0.169532 1
0.026196 -0.465101 0.119441 1
0.038685 -0.379486 0.119522 0
-0.016903 -0.692035 0.058445 0
-0.112499 0.516271 -0.342004 2
0.072912 0.025442 0.139004 2
0.009926 -0.480763 0.092008 1
0.028830 -0.266123 0.130547 0
-0.231748 0.580239 -0.528830 2
0.052563 0.282351 0.052823 2
0.069371 0.130875 0.116352 2
-0.127125 0.583675 -0.369938 2
-0.116360 0.559125 -0.362206 2
0.010247 -0.416370 0.138861 1
0.162862 -0.215408 0.220231 1
0.054469 0.175037 0.104985 2
0.017086 0.350519 0.021243 2
0.152261 -0.248827 0.229268 1
0.025521 0.219794 0.099284 2
0.093052 0.061399 0.241821 3
0.087915 -0.271920 0.171521 1
-0.057680 -0.905450 -0.010617 0
0.019925 -0.172027 0.163649 2
0.001524 0.433456 -0.044600 2
0.093777 -0.250476 0.155745 1
0.034957 0.318359 0.042642 2
-0.044135 0.471985 -0.091324 2
0.036448 -0.345899 0.175308 1
-0.081798 0.484125 -0.279569 2
-0.014417 -0.607913 0.066191 0
0.063780 -0.181158 0.140706 2
0.120547 -0.248206 0.201879 1
-0.105516 0.553306 -0.292563 2
-0.000838 -0.463698 0.122656 1
0.080454 -0.103000 0.200618 3
-0.000355 0.467095 -0.097386 2
0.036928 -0.033473 0.155126 2
0.023171 -0.072662 0.173560 2
0.022283 0.423054 -0.026493 2
0.018097 -0.295285 0.144141 0
0.239751 -0.135398 0.245892 1
-0.175050 0.559652 -0.461417 2
0.118542 -0.288106 0.237952 1
-0.253597 0.581492 -0.553951 2
0.037915 0.100423 0.136107 2
0.088689 -0.029630 0.219128 3
0.220026 -0.153829 0.241610 1
0.055670 -0.269759 0.133612 3
0.012720 -0.426289 0.108060 0
0.056375 -0.294849 0.152244 3
-0.023551 0.425260 -0.028939 2
-0.156371 0.571984 -0.421640 2
-0.081330 0.500839 -0.155087 2
0.029135 0.044807 0.151762 2
-0.071435 -0.952991 -0.047600 0
0.004079 0.312685 0.054524 2
0.163644 -0.176146 0.196144 1
0.041787 0.011740 0.150095 2
0.015547 -0.521752 0.107445 0
-0.040711 0.487587 -0.131224 2
0.017646 0.402484 -0.012891 2
0.029289 0.141620 0.128788 2
-0.060355 -0.942040 -0.022118 0
-0.097913 0.490568 -0.301450 2
-0.165603 0.550838 -0.436801 2
0.215038 -0.173058 0.265627 1
0.007350 -0.536421 0.079927 0
-0.200384 0.588760 -0.488879 2
0.057298 0.054373 0.136010 2
-0.213971 0.596831 -0.532637 2
0.044779 0.386656 -0.006857 2
-0.212188 0.566201 -0.498063 2
0.039734 -0.222311 0.166114 3
-0.091133 0.531508 -0.213545 2
0.100096 0.147360 0.254999 3
0.055284 -0.313493 0.131034 1
0.023070 -0.114634 0.169799 2
-0.137524 0.588156 -0.391298 2
-0.156122 0.523372 -0.409615 2
0.085584 -0.054162 0.214786 3
0.059828 0.104735 0.126296 2
0.048954 0.144516 0.115459 2
0.068344 -0.230351 0.136578 3
-0.145965 0.591825 -0.438625 2
0.070390 -0.005921 0.212995 3
0.047056 0.353792 0.006655 2
0.063677 -0.062336 0.199596 3
-0.022718 0.399665 -0.007205 2
0.083801 -0.074149 0.142498 2
0.070549 -0.306156 0.197237 1
0.065083 -0.347136 0.111437 1
0.090982 0.028148 0.234987 3
0.017766 -0.262409 0.155030 0
-0.091217 0.542972 -0.253996 2
0.071819 -0.127924 0.144097 2
0.018083 -0.378936 0.159202 1
0.070506 -0.207509 0.175845 3
-0.028801 0.489855 -0.188495 2
-0.018098 -0.748681 0.038106 0
-0.038176 -0.780760 0.010227 0
0.133047 -0.259258 0.217530 1
-0.024889 -0.727350 0.024392 0
-0.179698 0.583375 -0.459688 2
-0.274462 0.585221 -0.597526 2
-0.030244 -0.821239 0.014270 0
-0.007511 0.342774 0.031628 2
0.036591 -0.338445 0.148462 0
0.030450 0.069415 0.145206 2
0.094970 0.113326 0.250190 3
-0.080836 0.489094 -0.122102 2
-0.194609 0.597267 -0.511462 2
-0.138322 0.569456 -0.408417 2
-0.232803 0.564146 -0.511868 2
0.015531 0.285088 0.069153 2
0.013825 0.244007 0.095006 2
0.029081 -0.332870 0.118611 0
-0.038881 -0.851324 -0.011410 0
0.054582 0.244582 0.076589 2
0.080648 0.076520 0.231507 3
0.013832 -0.446778 0.123260 1
-0.034644 -0.802287 0.026147 0
0.044818 -0.095379 0.142007 2
0.195317 -0.193467 0.239688 1
-0.054557 -0.869672 -0.015733 0
-0.084528 0.531432 -0.296891 2
-0.047999 0.504347 -0.186370 2
0.066147 -0.003070 0.141997 2
0.076560 -0.285759 0.155265 1
0.010412 -0.571820 0.075004 0
-0.077290 -0.973219 -0.053056 0
0.094668 0.193323 0.254916 3
0.042215 -0.459916 0.103340 1
0.017928 -0.379907 0.113472 0
0.147687 -0.211795 0.205197 1
0.007458 -0.501740 0.087593 0
0.032727 -0.414566 0.114245 0
0.060780 -0.032007 0.143879 2
-0.020751 0.484853 -0.160970 2
-0.169852 0.526206 -0.437722 2
-0.131073 0.507620 -0.347570 2
-0.110785 0.565351 -0.326852 2
0.044364 0.222452 0.088547 2
0.041599 -0.379492 0.140989 1
0.053662 -0.325906 0.200775 1
-0.041241 0.473254 -0.213426 2
0.156594 -0.254381 0.249171 1
-0.142075 0.527573 -0.369491 2
-0.009532 -0.710851 0.046366 0
-0.128000 0.544910 -0.379825 2
-0.033425 -0.843830 0.008101 0
0.026696 0.117783 0.135024 2
0.029661 -0.245503 0.142111 0
-0.006655 -0.414644 0.150574 1
-0.055913 0.502308 -0.156937 2
-0.028606 -0.766468 0.037103 0
0.169197 -0.229611 0.235380 1
-0.048285 -0.885180 -0.003860 0
0.119805 -0.211500 0.164138 1
0.084636 -0.300999 0.215808 1
0.004459 0.369976 0.009596 2
-0.161908 0.593529 -0.459314 2
-0.240973 0.595914 -0.573137 2
-0.031830 0.357050 0.016864 2
-0.046652 0.482839 -0.112275 2
0.007481 -0.603535 0.077081 0
0.190080 -0.212341 0.260008 1
-0.061034 -0.932321 -0.041120 0
0.065167 -0.091471 0.207378 3
-0.009828 0.325890 0.042547 2
0.063431 -0.113659 0.201907 3
0.099939 -0.268689 0.196581 1
0.025601 -0.353769 0.134532 0
0.026867 -0.440983 0.107587 1
0.096139 -0.236195 0.138514 1
0.049242 -0.203711 0.138294 2
0.019088 0.184711 0.122083 2
-0.011144 -0.578658 0.075727 0
0.061732 -0.312615 0.159764 1
0.132466 -0.203160 0.179319 1
-0.089615 0.516275 -0.172899 2
-0.022350 -0.767004 0.016307 0
0.000999 -0.639714 0.064922 0
0.034278 -0.127204 0.156940 2
-0.004996 -0.504596 0.107962 0
-0.019198 -0.656757 0.055237 0
0.011625 -0.392616 0.128286 0
0.079687 -0.271724 0.141888 1
0.065369 -0.391023 0.110467 1
-0.055230 -0.924764 -0.014516 0
-0.075057 0.520080 -0.192981 2
-0.193026 0.549360 -0.463535 2
0.026573 -0.355882 0.196145 1
0.067008 -0.247238 0.146207 3
0.030459 0.334741 0.033103 2
-0.150642 0.514723 -0.383819 2
0.102247 0.231972 0.263126 3
0.107833 -0.237960 0.173405 1
-0.098351 0.547944 -0.274680 2
0.021408 0.257398 0.083496 2
-0.060492 -0.898118 -0.031162 0
-0.140623 0.546281 -0.400733 2
0.058347 -0.332522 0.129089 1
0.019936 -0.314373 0.143901 0
0.012436 -0.479968 0.114875 1
0.076456 0.215617 0.079743 2
0.099180 -0.284873 0.213359 1
0.061752 0.157631 0.110348 2
0.212911 -0.122151 0.219068 1
0.027104 0.446127 -0.063708 2
0.087934 0.103025 0.235051 3
-0.003822 -0.678630 0.055965 0
-0.187880 0.577967 -0.479130 2
-0.195136 0.529693 -0.465081 2
-0.255508 0.563120 -0.557655 2
0.039495 -0.203471 0.160458 3
-0.004485 0.473775 -0.118973 2
-0.023093 0.475896 -0.177284 2
0.012179 0.154804 0.140035 2
-0.024357 -0.685082 0.042143 0
-0.071345 0.528027 -0.257967 2
0.042543 -0.397221 0.126886 1
0.048956 -0.166778 0.140956 2
0.063049 0.190876 0.100294 2
0.159716 -0.193914 0.205994 1
-0.067183 0.510403 -0.248389 2
0.031312 -0.412095 0.133229 1
-0.005325 -0.621925 0.056381 0
0.060421 -0.423025 0.110675 1
-0.008755 0.274754 0.084993 2
0.189343 -0.178097 0.225120 1
-0.005910 0.465533 -0.150505 2
0.048160 0.304150 0.047280 2
0.050565 -0.273578 0.163931 3
-0.054858 0.508154 -0.213555 2
0.046282 -0.045934 0.142735 2
-0.209515 0.548424 -0.489445 2
0.058704 -0.179189 0.185602 3
0.033390 -0.495935 0.091221 0
0.049664 0.269281 0.065215 2
0.051515 -0.142521 0.142503 2
0.037489 -0.109023 0.154584 2
0.047273 -0.336758 0.163928 1
0.055106 -0.365287 0.125337 1
0.052516 -0.346915 0.146878 1
-0.081714 0.516278 -0.280172 2
0.072763 -0.304221 0.118878 1
0.026912 -0.187067 0.153696 2
-0.068735 -0.986161 -0.043853 0
0.003910 -0.568067 0.093626 0
0.035475 -0.008046 0.155433 2
0.061088 -0.081756 0.191770 3
-0.032525 -0.824223 -0.003259 0
-0.264849 0.589552 -0.578225 2
0.012321 -0.429191 0.126288 1
-0.005357 0.459645 -0.079737 2
0.036283 -0.261193 0.157667 3
-0.063615 0.470940 -0.091909 2
-0.175531 0.525131 -0.403069 2
0.200024 -0.160130 0.225430 1
-0.045897 0.493334 -0.226180 2
0.017086 0.385383 -0.000043 2
0.053999 -0.119866 0.182809 3
-0.067264 0.519165 -0.230208 2
-0.016931 0.377094 0.009154 2
0.005571 -0.518970 0.084205 0
0.072039 -0.023922 0.220562 3
-0.103850 0.528053 -0.332134 2
0.048460 0.320533 0.031218 2
-0.038716 0.443199 -0.043421 2
-0.016380 0.412342 -0.018068 2
-0.164574 0.537151 -0.425003 2
0.057185 -0.063760 0.144663 2
-0.018117 0.297525 0.063751 2
-0.103268 0.561254 -0.311522 2
0.026511 -0.294055 0.128670 0
0.011786 -0.552608 0.074917 0
0.061083 -0.140479 0.194342 3
0.053656 -0.218081 0.177806 3
0.062784 -0.107910 0.144355 2
-0.041096 0.493028 -0.147812 2
0.035961 0.027946 0.152976 2
0.009176 0.271986 0.082728 2
0.134656 -0.222915 0.197811 1
-0.047353 -0.963523 -0.046844 0
0.250165 -0.125313 0.255500 1
-0.003916 -0.540950 0.092375 0
0.052326 -0.223622 0.137198 3
0.058860 0.015385 0.140877 2
0.024823 -0.219069 0.152469 2
0.042809 -0.076598 0.150802 2
-0.023104 0.452041 -0.065245 2
-0.003083 0.401038 -0.015365 2
0.013809 0.460972 -0.105266 2
0.042037 -0.186142 0.167752 3
0.008775 0.115971 0.145808 2
0.226321 -0.138576 0.235461 1
-0.127612 0.513814 -0.365656 2
0.039381 0.254597 0.075290 2
0.012448 -0.397286 0.147859 1
-0.019646 0.469094 -0.095853 2
0.026577 -0.153617 0.159959 2
0.013527 0.217917 0.113808 2
0.028272 -0.359803 0.168312 1
0.062585 -0.250634 0.165271 3
0.083936 0.012717 0.232347 3
-0.042845 0.422181 -0.022165 2
0.077925 0.202303 0.090370 2
0.201416 -0.132807 0.208126 1
0.028169 -0.479602 0.108250 1
-0.057883 0.500029 -0.258201 2
0.018269 0.316092 0.045078 2
0.078827 -0.147219 0.189575 3
-0.184705 0.595870 -0.494685 2
0.017086 -0.280322 0.152103 0
0.019322 0.079271 0.153405 2
0.032518 -0.169915 0.152497 2
-0.011262 -0.629809 0.071147 0
-0.242124 0.576644 -0.541713 2
0.068053 -0.307549 0.140412 3
0.082933 -0.312954 0.227633 1
-0.023572 0.481334 -0.127852 2
0.038532 0.206820 0.095366 2
0.030518 -0.393257 0.113573 0
0.119828 -0.235487 0.190461 1
-0.046666 0.461568 -0.070895 2
0.182255 -0.154375 0.195742 1
0.030243 0.006001 0.163007 2
-0.070489 0.495735 -0.269472 2
0.179961 -0.202301 0.227731 1
0.023891 -0.025390 0.174697 2
0.038495 0.349360 0.020464 2
-0.158740 0.530218 -0.392577 2
-0.060790 0.512191 -0.196552 2
0.021092 -0.466839 0.100176 1
-0.116876 0.560160 -0.282461 2
0.036207 -0.237059 0.159219 3
-0.007812 -0.689839 0.044311 0
-0.102511 0.542894 -0.323845 2
-0.003520 -0.651663 0.052280 0
0.023345 0.204285 0.111181 2
0.091769 0.045207 0.238405 3
0.216532 -0.168946 0.247499 1
0.081628 -0.286629 0.179014 1
0.047826 -0.362349 0.141105 1
-0.055620 0.489370 -0.238959 2
0.079005 -0.277244 0.126007 1
-0.028632 -0.714768 0.037718 0
0.035294 0.430885 -0.033005 2
-0.104137 0.508680 -0.329946 2
-0.236293 0.553309 -0.523832 2
0.000349 0.470152 -0.135873 2
0.084215 0.123796 0.115233 2
0.208606 -0.184352 0.247708 1
0.028993 -0.055119 0.163752 2
0.142913 -0.187754 0.174964 1
0.059929 0.269090 0.045371 2
0.036006 0.178366 0.110915 2
0.196073 -0.151506 0.212009 1
0.087298 0.148374 0.243980 3
0.044074 0.368611 0.000299 2
0.018820 -0.530678 0.090138 0
-0.114228 0.561439 -0.342383 2
0.041829 -0.292988 0.159465 3
0.033583 0.282739 0.061684 2
0.062926 0.226377 0.083446 2
0.039828 -0.433723 0.114379 1
0.063267 -0.312664 0.175978 1
-0.038876 0.394543 -0.005391 2
0.023929 -0.373915 0.128492 0
-0.220228 0.574342 -0.511034 2
0.016678 0.443329 -0.051629 2
0.005053 -0.492376 0.104503 0
0.181122 -0.225534 0.257300 1
0.048053 -0.152276 0.173620 3
-0.043849 -0.935874 -0.029811 0
-0.005199 0.442421 -0.057066 2
-0.121754 0.575422 -0.357170 2
0.008639 -0.378646 0.174733 1
0.022347 -0.093045 0.172680 2
-0.167039 0.591238 -0.444017 2
0.012750 0.300123 0.059538 2
0.010508 -0.409055 0.124571 0
-0.014327 0.430920 -0.040785 2
-0.013229 -0.722925 0.034458 0
-0.122562 0.501693 -0.335384 2
-0.065087 0.486547 -0.123113 2
0.020651 0.037738 0.166144 2
0.033855 0.086119 0.141898 2
0.048921 -0.336225 0.212684 1
0.038714 0.054675 0.143733 2
-0.079047 0.497282 -0.137754 2
0.071741 0.168566 0.104545 2
0.059051 0.089272 0.129934 2
-0.110913 0.532440 -0.347216 2
0.021654 0.164936 0.128632 2
-0.005544 -0.592178 0.081907 0
0.085791 0.065095 0.132571 2
0.058675 -0.279487 0.148931 3
0.039718 -0.314576 0.125612 0
-0.023453 -0.702762 0.048129 0
0.077512 -0.090545 0.143760 2
-0.001317 0.245184 0.104618 2
0.241147 -0.138360 0.261392 1
0.063681 0.040004 0.137938 2
0.063298 0.070534 0.132989 2
0.097490 0.130417 0.252786 3
0.153573 -0.180448 0.184066 1
-0.171014 0.522454 -0.418312 2
0.033126 0.397953 -0.009220 2
0.002380 -0.607998 0.062876 0
-0.091483 0.505320 -0.303524 2
0.086719 0.017328 0.138905 2
-0.045318 -0.901828 -0.032623 0
0.054610 -0.382535 0.118041 1
0.004092 -0.513997 0.099357 0
-0.168858 0.545793 -0.451236 2
-0.025794 -0.790084 0.012191 0
0.031626 -0.204210 0.147012 2
-0.193111 0.527022 -0.430986 2
-0.153537 0.557771 -0.429795 2
0.083670 -0.058614 0.141752 2
-0.017486 -0.671817 0.058908 0
-0.172888 0.563420 -0.446502 2
0.073937 -0.042819 0.219521 3
0.124679 -0.277331 0.228645 1
0.028949 -0.326652 0.141169 0
-0.036861 -0.768609 0.021360 0
0.153498 -0.232724 0.220465 1
-0.027813 0.486514 -0.143471 2
-0.151017 0.559838 -0.412516 2
-0.044810 -0.813862 0.004020 0
0.047811 -0.235078 0.173202 3
0.084771 -0.262898 0.154843 1
0.076687 -0.169447 0.185124 3
-0.125248 0.566739 -0.374298 2
0.066940 -0.057178 0.213678 3
0.076652 0.032109 0.231247 3
0.073283 0.005676 0.222982 3
0.050586 -0.314749 0.149469 0
0.078961 0.061562 0.234273 3
-0.158189 0.583977 -0.433964 2
0.015967 0.432737 -0.036406 2
0.033937 -0.280837 0.126590 0
-0.024866 0.323775 0.041598 2
0.086111 0.090888 0.124081 2
0.021996 -0.505069 0.098991 0
0.111053 -0.261609 0.203988 1
0.040734 -0.362523 0.121571 0
0.242664 -0.119137 0.234997 1
-0.201652 0.573618 -0.490258 2
-0.055010 -0.976066 -0.042600 0
-0.092422 0.532366 -0.320503 2
0.006395 -0.467970 0.108291 1
-0.185882 0.569381 -0.464770 2
-0.029711 -0.739456 0.036311 0
0.037723 -0.137786 0.145672 2
0.108113 -0.290843 0.227645 1
0.114431 -0.213173 0.150326 1
0.082468 0.139764 0.111521 2
0.085200 0.033839 0.138420 2
0.139590 -0.208094 0.191834 1
-0.006205 -0.608980 0.079194 0
-0.261357 0.591763 -0.603915 2
0.141487 -0.246012 0.216450 1
-0.097504 0.502851 -0.318032 2
0.032945 -0.073495 0.161399 2
-0.114089 0.545271 -0.357622 2
0.084245 -0.041248 0.141546 2
-0.018896 -0.741321 0.024386 0
-0.078365 0.529470 -0.220641 2
-0.226585 0.591387 -0.537994 2
0.075246 -0.008913 0.226592 3
-0.088682 0.535857 -0.232699 2
0.033065 -0.452601 0.115742 1
0.003491 0.356160 0.021820 2
-0.038531 -0.866048 -0.011223 0
0.034470 -0.252379 0.130015 0
0.174966 -0.169722 0.202999 1
-0.013873 -0.644380 0.066394 0
-0.036362 0.477402 -0.199111 2
-0.136541 0.516311 -0.380022 2
-0.064676 -0.955116 -0.032459 0
0.072787 0.116004 0.120140 2
-0.040356 -0.833537 0.015816 0
0.089237 -0.275570 0.185586 1
0.071843 0.053361 0.135837 2
-0.053670 -0.856712 -0.009118 0
0.030075 -0.376316 0.149312 1
-0.220420 0.587211 -0.522906 2
-0.082939 0.498391 -0.283762 2
0.065244 -0.071503 0.211768 3
-0.046167 -0.850812 0.002073 0
0.231561 -0.147030 0.248760 1
-0.034144 0.450418 -0.056076 2
-0.039884 -0.795388 0.014603 0
0.048509 0.197050 0.098980 2
0.009004 0.458519 -0.080254 2
0.057065 -0.296227 0.133386 1
0.053744 -0.159366 0.184785 3
0.030503 -0.265018 0.145063 0
0.038270 -0.235802 0.132647 3
-0.052639 0.446642 -0.044159 2
-0.065638 -0.965252 -0.055666 0
0.023007 -0.280251 0.139035 0
0.014329 -0.559949 0.088028 0
-0.043939 -0.901338 -0.010590 0
0.069884 -0.302330 0.153639 1
-0.056096 -0.913041 -0.033295 0
-0.092554 0.545641 -0.298229 2
0.007297 -0.454410 0.113057 1
-0.105250 0.545571 -0.253899 2
0.063117 -0.163334 0.141834 2
0.045376 0.159907 0.111152 2
0.058735 0.123022 0.121589 2
0.024459 0.233185 0.094631 2
-0.254223 0.579455 -0.567993 2
-0.004204 0.303108 0.060858 2
0.083426 0.115514 0.239913 3
-0.189554 0.526361 -0.444648 2
-0.020354 0.351065 0.022382 2
-0.006402 -0.453588 0.130688 1
-0.154982 0.519216 -0.371259 2
-0.057783 -0.887271 -0.020461 0
0.055932 0.288308 0.036081 2
-0.052989 0.503685 -0.170564 2
0.086098 0.073442 0.244035 3
0.047012 -0.029664 0.144587 2
-0.072807 -0.966401 -0.041735 0
0.077491 -0.011056 0.140783 2
-0.056732 -0.953642 -0.049675 0
0.059364 -0.016770 0.142915 2
0.026383 -0.354161 0.182402 1
0.053373 0.002677 0.141314 2
0.146294 -0.260323 0.237672 1
0.078022 -0.292923 0.190793 1
0.159805 -0.168747 0.180122 1
-0.209693 0.582475 -0.497162 2
-0.034614 0.481492 -0.119561 2
0.030137 -0.023040 0.162654 2
-0.058994 0.460898 -0.060763 2
-0.094005 0.532986 -0.306746 2
-0.263511 0.580166 -0.590921 2
0.210164 -0.160667 0.234924 1
-0.147557 0.578996 -0.412833 2
0.130114 -0.238575 0.203899 1
0.161273 -0.242350 0.237294 1
0.014571 0.413356 -0.020674 2
0.023409 0.362005 0.016463 2
0.046321 0.106902 0.126087 2
-0.111022 0.565859 -0.299392 2
-0.084667 0.517128 -0.305304 2
0.030856 0.383542 0.001604 2
-0.137101 0.517446 -0.354848 2
-0.236921 0.566352 -0.527726 2
-0.029942 0.412552 -0.016771 2
0.031152 -0.292898 0.147141 0
0.004777 -0.533835 0.100043 0
-0.152474 0.590731 -0.423644 2
0.223681 -0.162088 0.266331 1
-0.158887 0.536480 -0.407435 2
-0.034907 0.474697 -0.100847 2
0.167298 -0.202349 0.218293 1
0.179767 -0.177276 0.215627 1
-0.080128 0.527292 -0.206955 2
-0.053266 0.471252 -0.081414 2
0.080051 -0.252250 0.148029 1
0.021535 -0.386679 0.148287 1
-0.037827 -0.836252 -0.006402 0
-0.220449 0.558518 -0.505402 2
0.093702 -0.259793 0.171317 1
0.041259 -0.334294 0.124100 0
0.061502 -0.315973 0.195775 1
0.042216 -0.266888 0.131246 0
0.064934 0.242304 0.065752 2
0.103447 0.183637 0.257850 3
0.062199 0.142139 0.115359 2
0.055485 -0.326311 0.165477 1
0.074292 0.097055 0.125079 2
0.029819 -0.228846 0.144868 2
-0.089817 0.486210 -0.290034 2
-0.245641 0.590977 -0.548971 2
0.075677 -0.117461 0.196647 3
0.020110 -0.326391 0.130979 0
0.038645 0.137058 0.120451 2
0.082426 0.091073 0.237169 3
0.019696 -0.247205 0.155521 0
-0.036117 0.464122 -0.079345 2
0.008419 0.343241 0.028277 2
-0.206590 0.596597 -0.521547 2
0.099140 -0.247452 0.169978 1
-0.078199 0.520187 -0.266246 2
-0.199116 0.548052 -0.478562 2
-0.077015 -0.985606 -0.057645 0
-0.008449 -0.474479 0.122092 0
-0.060588 0.475482 -0.248049 2
-0.160648 0.567724 -0.434741 2
-0.105617 0.493311 -0.311794 2
0.033756 -0.348971 0.119685 0
0.019339 -0.492183 0.098302 0
0.017992 0.452665 -0.072668 2
0.031322 -0.365850 0.141485 0
0.022322 0.107504 0.141915 2
-0.148363 0.529882 -0.380888 2
0.100802 0.160413 0.256029 3
0.058491 -0.194549 0.139663 2
0.114787 -0.223436 0.165996 1
-0.153006 0.593079 -0.449570 2
-0.004053 0.422796 -0.036059 2
0.045549 -0.332367 0.192895 1
0.041726 0.065116 0.135919 2
0.070876 0.008978 0.140747 2
0.045929 0.048283 0.134381 2
0.061238 -0.252333 0.135755 3
-0.139551 0.576998 -0.397609 2
0.051777 -0.282043 0.131915 3
-0.132635 0.528640 -0.381224 2
0.044944 -0.421803 0.114275 1
-0.026440 0.488314 -0.175730 2
-0.073726 0.483210 -0.268811 2
-0.040202 -0.874884 -0.001928 0
-0.034587 -0.856168 0.000086 0
0.062104 -0.189155 0.178129 3
-0.049859 0.494232 -0.137449 2
0.029162 -0.306836 0.138937 0
-0.123369 0.545252 -0.367792 2
0.060982 -0.347769 0.123649 1
-0.178732 0.523590 -0.428745 2
0.024778 0.130509 0.134353 2
0.037550 -0.047773 0.156806 2
0.020834 -0.413284 0.105103 0
0.194234 -0.203392 0.247784 1
0.068598 -0.022623 0.208246 3
0.043767 0.184928 0.102593 2
0.150685 -0.222485 0.213224 1
0.030374 -0.370460 0.115700 0
0.078242 -0.139020 0.143258 2
0.051856 0.233918 0.083201 2
0.005423 0.292707 0.067038 2
-0.028804 -0.802369 0.014330 0
0.027428 -0.428202 0.108493 0
-0.033702 -0.753868 0.029386 0
-0.038579 0.497857 -0.192118 2
0.018507 0.272512 0.073990 2
0.063356 -0.321589 0.140003 1
-0.137325 0.558767 -0.401482 2
-0.050387 -0.913977 -0.019338 0
0.034678 0.307138 0.048717 2
-0.011646 0.475845 -0.155333 2
-0.000674 -0.566351 0.071885 0
-0.079862 0.536474 -0.262247 2
0.026896 0.058419 0.150551 2
0.110989 -0.254362 0.193526 1
-0.022692 0.389405 0.000318 2
0.123368 -0.258117 0.209334 1
-0.133499 0.577975 -0.379351 2
-0.177196 0.547119 -0.461391 2
0.048023 -0.374357 0.131300 1
0.008767 -0.436511 0.116538 1
-0.060456 0.510520 -0.183833 2
0.063866 -0.139827 0.143469 2
-0.007004 -0.596252 0.064414 0
-0.007436 0.315463 0.050029 2
-0.063023 -0.925541 -0.030619 0
0.012826 0.233338 0.102474 2
0.102370 -0.237855 0.161992 1
-0.049591 -0.956658 -0.034968 0
-0.204465 0.559997 -0.489933 2
0.043775 -0.107960 0.141494 2
0.019118 -0.343329 0.128399 0
0.028255 0.154283 0.127095 2
0.017930 -0.371354 0.169286 1
0.061418 -0.125915 0.199704 3
0.073250 -0.292295 0.144955 1
0.069144 -0.312432 0.127715 1
0.048619 -0.323712 0.127920 0
-0.002376 -0.423765 0.143026 1
0.040276 -0.348012 0.163504 1
0.069925 -0.335568 0.110376 1
-0.068212 0.504840 -0.157634 2
0.000786 -0.555899 0.093463 0
-0.074158 0.505916 -0.275844 2
-0.158853 0.516950 -0.399195 2
0.045553 -0.261848 0.166852 3
-0.179134 0.553155 -0.450588 2
0.075253 -0.306390 0.208831 1
0.009548 -0.584293 0.074537 0
0.103889 0.200496 0.259634 3
-0.117667 0.516477 -0.353366 2
0.076247 -0.291225 0.120108 1
0.035622 0.421467 -0.024820 2
-0.174149 0.577530 -0.449509 2
0.049048 -0.179221 0.140120 2
0.001498 0.323936 0.047367 2
0.006182 0.467131 -0.112956 2
0.016683 -0.509391 0.109399 0
-0.004348 -0.664081 0.051704 0
-0.063123 0.489793 -0.248920 2
-0.082895 0.516081 -0.293020 2
0.077901 -0.091412 0.204374 3
0.024512 -0.452842 0.104647 1
0.026588 -0.104919 0.162866 2
-0.009124 0.471511 -0.105027 2
0.046506 0.088334 0.131630 2
0.174049 -0.213235 0.228065 1
0.027755 -0.367406 0.158500 1
-0.231186 0.551846 -0.512070 2
0.039648 0.042307 0.143888 2
-0.161848 0.549238 -0.424588 2
-0.079337 0.517064 -0.179768 2
0.089444 0.159821 0.248182 3
-0.029382 -0.727110 0.036807 0
-0.033721 -0.790014 0.027239 0
0.031608 0.225007 0.088757 2
-0.040919 0.497972 -0.177835 2
0.058055 -0.096509 0.144510 2
-0.039789 0.485497 -0.213486 2
-0.032373 0.370231 0.009214 2
-0.196932 0.591839 -0.500282 2
0.035967 -0.471476 0.103293 1
0.070830 -0.194421 0.139968 2
0.185832 -0.189740 0.226923 1
0.044565 -0.212230 0.171213 3
-0.099285 0.535607 -0.221767 2
0.053152 0.258477 0.069896 2
0.072051 -0.247598 0.158068 3
0.060529 -0.202574 0.181009 3
0.048062 0.021881 0.142327 2
0.019581 -0.420715 0.131368 1
0.002531 -0.403485 0.151542 1
-0.118647 0.574498 -0.324671 2
0.065242 -0.050355 0.201636 3
-0.093523 0.528127 -0.201876 2
-0.169562 0.595149 -0.468738 2
0.017475 -0.365667 0.122143 0
0.039409 0.152775 0.119121 2
0.035274 0.363049 0.013636 2
-0.014933 -0.736880 0.038865 0
-0.121784 0.554835 -0.376277 2
0.019223 0.143022 0.135586 2
0.088763 0.102961 0.248321 3
-0.132976 0.545293 -0.391247 2
0.003143 -0.623218 0.067099 0
0.008014 0.421051 -0.028741 2
0.041592 -0.322661 0.151863 0
0.058599 -0.328468 0.215974 1
0.064864 -0.217723 0.138076 3
-0.070189 -0.941992 -0.042463 0
0.014627 -0.358434 0.131971 0
-0.169071 0.538914 -0.436200 2
-0.048804 0.504787 -0.198527 2
-0.013422 -0.709870 0.034854 0
0.046837 0.294032 0.053947 2
-0.004741 -0.575130 0.085480 0
0.071785 -0.171890 0.141702 2
-0.074428 0.477089 -0.097391 2
-0.040612 -0.807579 0.013561 0
0.020013 0.306066 0.051745 2
0.080149 -0.064690 0.212042 3
0.038190 0.115753 0.131656 2
0.000848 -0.546499 0.078014 0
-0.032498 0.476874 -0.187611 2
0.042356 -0.020081 0.151362 2
-0.147307 0.579982 -0.425915 2
0.013277 -0.380630 0.127289 0
0.037042 -0.169456 0.141244 2
0.014604 -0.440183 0.099861 0
-0.019980 -0.760541 0.026258 0
0.078476 -0.286822 0.167337 1
0.130930 -0.248815 0.210813 1
-0.086084 0.542226 -0.281934 2
0.028357 0.097156 0.143334 2
-0.015306 0.476656 -0.167942 2
0.139938 -0.260330 0.227423 1
0.026215 0.344542 0.026372 2
-0.025593 0.435200 -0.040560 2
0.207614 -0.183741 0.266194 1
-0.103297 0.549270 -0.312519 2
-0.073981 -0.995626 -0.049084 0
0.138253 -0.187193 0.163903 1
0.046363 -0.058864 0.142856 2
0.033929 -0.248803 0.158141 3
0.047391 -0.303516 0.128867 0
-0.050206 0.477543 -0.100054 2
0.043560 -0.443525 0.108553 1
0.029581 0.020704 0.160087 2
-0.051011 -0.945559 -0.030676 0
0.012770 -0.463128 0.119183 1
0.028992 -0.443859 0.124282 1
-0.148864 0.539272 -0.395614 2
0.079159 -0.118088 0.144199 2
-0.245444 0.566009 -0.546031 2
0.048700 -0.154861 0.141510 2
-0.185886 0.538344 -0.462938 2
0.021381 0.052832 0.162233 2
0.042192 0.331540 0.031561 2
0.030248 -0.347142 0.143258 0
-0.072178 0.519538 -0.242638 2
0.002098 0.280327 0.078071 2
0.054622 -0.129885 0.189170 3
-0.033522 -0.738710 0.025083 0
-0.015913 -0.622954 0.061649 0
-0.143004 0.589133 -0.401776 2
0.016362 -0.547481 0.088736 0
0.016425 -0.535890 0.100658 0
-0.042386 -0.878400 -0.016114 0
0.058914 0.027141 0.139502 2
0.023805 0.323887 0.038107 2
-0.031800 -0.776905 0.032539 0
-0.168657 0.533351 -0.414360 2
0.036337 -0.423323 0.123029 1
-0.019380 -0.713283 0.052446 0
0.069878 0.180597 0.100779 2
0.021654 -0.187468 0.164279 2
0.173444 -0.163635 0.192986 1
0.196624 -0.183026 0.233007 1
0.125156 -0.267941 0.215636 1
0.096101 -0.278500 0.203303 1
0.053944 -0.147630 0.185949 3
0.127463 -0.280707 0.240138 1
-0.180163 0.584536 -0.471412 2
0.065652 -0.324253 0.122603 1
0.033860 -0.346354 0.187102 1
-0.101599 0.554630 -0.323245 2
0.096651 -0.294474 0.222082 1
0.038759 -0.199038 0.135675 2
-0.011080 0.387253 0.000668 2
0.116010 -0.230385 0.180569 1
0.082082 -0.266818 0.130479 1
-0.025148 -0.777683 0.012272 0
0.208357 -0.150806 0.227536 1
0.024638 -0.060525 0.173214 2
0.011321 0.461417 -0.091812 2
0.091200 -0.245797 0.145315 1
0.134024 -0.197746 0.169022 1
-0.215358 0.538460 -0.487552 2
-0.029394 -0.812191 0.005700 0
-0.009577 0.465228 -0.089108 2
-0.019375 0.333597 0.037246 2
-0.145164 0.569337 -0.419761 2
-0.105799 0.557610 -0.279845 2
0.187956 -0.202711 0.237417 1
0.069637 -0.063156 0.143901 2
0.013159 0.187775 0.131639 2
0.110905 -0.245273 0.186231 1
-0.184009 0.559227 -0.470163 2
0.053630 -0.394793 0.117331 1
0.099446 -0.235876 0.149656 1
0.088796 0.138786 0.251327 3
0.000998 -0.528350 0.090537 0
0.174072 -0.231279 0.245868 1
0.009706 -0.389219 0.157295 1
0.032363 -0.145369 0.154201 2
-0.233162 0.573582 -0.518606 2
-0.109877 0.555691 -0.333207 2
-0.084687 0.526283 -0.286510 2
-0.139247 0.510907 -0.370134 2
-0.078877 0.481998 -0.108906 2
-0.253578 0.589215 -0.575558 2
0.088411 -0.015558 0.224431 3
-0.002243 -0.634430 0.055145 0
0.000680 -0.633771 0.075090 0
0.023356 0.002891 0.171769 2
0.046138 -0.178433 0.176611 3
0.060868 -0.043566 0.144106 2
0.047915 -0.257107 0.133592 3
-0.045688 0.500639 -0.215796 2
0.010771 -0.419878 0.117473 0
-0.002676 0.380545 0.005027 2
0.022921 -0.126136 0.169081 2
0.042083 0.000230 0.149771 2
0.081153 -0.276021 0.159342 1
0.101932 0.171857 0.256828 3
0.063420 -0.120057 0.144037 2
0.005397 -0.480848 0.105814 1
0.056479 -0.113248 0.191875 3
0.073015 -0.263038 0.148336 3
-0.199734 0.541581 -0.468675 2
0.069823 -0.103311 0.204874 3
0.070411 -0.300617 0.182565 1
0.067198 -0.239399 0.165772 3
0.049529 0.133593 0.118783 2
-0.007884 0.454444 -0.069880 2
0.078977 0.031766 0.220067 3
-0.174036 0.571013 -0.460822 2
0.021532 -0.516391 0.097561 0
-0.050607 0.489930 -0.126056 2
0.032245 -0.486750 0.097882 1
0.016547 -0.406910 0.139685 1
0.081793 0.039699 0.238378 3
-0.147016 0.520587 -0.394473 2
-0.057305 -0.986160 -0.047740 0
0.036506 -0.179929 0.145879 2
-0.048355 -0.934883 -0.040210 0
0.065988 -0.359769 0.109863 1
0.057416 -0.342128 0.135100 1
0.081909 0.052113 0.239865 3
0.166626 -0.185023 0.207556 1
-0.090864 0.544598 -0.265232 2
0.176900 -0.149799 0.186834 1
-0.057819 0.512640 -0.223548 2
0.027439 -0.337689 0.137646 0
-0.022188 -0.716877 0.027817 0
0.224743 -0.161702 0.255046 1
0.005624 -0.596411 0.087427 0
0.028295 0.186249 0.113517 2
0.028715 -0.037818 0.167061 2
0.018771 0.334272 0.031675 2
-0.045701 0.482044 -0.225998 2
0.220393 -0.133457 0.227327 1
0.020612 -0.480013 0.099874 1
0.051540 -0.189008 0.182332 3
0.075075 -0.197256 0.176874 3
-0.119842 0.564581 -0.292496 2
-0.099362 0.543641 -0.243697 2
0.012893 0.254770 0.091815 2
-0.063483 0.524100 -0.220816 2
0.047803 -0.333730 0.174868 1
-0.237699 0.596065 -0.562380 2
0.094697 -0.265322 0.181051 1
-0.012304 -0.680402 0.039270 0
0.034636 -0.193250 0.148373 2
0.236434 -0.129434 0.236968 1
-0.071280 0.471611 -0.083732 2
0.037672 -0.403998 0.119378 0
0.102110 -0.227096 0.142678 1
-0.033006 -0.759268 0.015500 0
-0.150441 0.528713 -0.401551 2
0.022591 0.394744 -0.006453 2
0.011195 -0.462800 0.095679 1
-0.046853 -0.843611 -0.009857 0
0.012240 -0.571967 0.087243 0
-0.166156 0.518407 -0.409074 2
0.015596 -0.305238 0.148698 0
-0.238845 0.590906 -0.540083 2
0.057235 0.267332 0.056086 2
0.030328 0.410027 -0.016522 2
-0.073442 0.492502 -0.283696 2
0.049882 0.309851 0.037841 2
-0.021629 -0.671451 0.047457 0
-0.259168 0.566902 -0.567600 2
-0.098933 0.522876 -0.323456 2
-0.133027 0.525874 -0.363211 2
0.052924 -0.353454 0.136740 1
-0.027634 -0.754357 0.039111 0
-0.067510 0.499915 -0.147664 2
-0.218500 0.558044 -0.493881 2
0.043700 0.170733 0.108397 2
-0.042423 -0.824266 0.010034 0
0.041370 -0.096242 0.152541 2
-0.195219 0.528317 -0.454007 2
-0.047965 -0.927129 -0.022585 0
0.077555 -0.158504 0.188093 3
-0.009287 -0.618573 0.074523 0
0.061929 -0.073982 0.199654 3
0.013429 -0.510943 0.089178 0
0.186115 -0.216958 0.250614 1
-0.057829 0.454177 -0.050362 2
0.120882 -0.205066 0.154165 1
0.041180 -0.348564 0.143996 0
-0.008055 -0.701032 0.051211 0
0.028515 -0.321880 0.119565 0
0.022407 0.438192 -0.043708 2
0.025366 0.175690 0.121010 2
0.131637 -0.268449 0.224554 1
0.015618 -0.392113 0.113886 0
0.000931 0.336310 0.037705 2
0.006198 0.394237 -0.009938 2
-0.039512 0.431999 -0.030427 2
0.051948 -0.283773 0.159956 3
0.038325 -0.389726 0.138541 1
-0.147426 0.539673 -0.409038 2
0.028262 -0.082069 0.166493 2
-0.080701 0.536910 -0.247883 2
-0.061483 0.500173 -0.245678 2
0.023521 -0.253555 0.146395 0
0.155898 -0.189200 0.196828 1
0.003795 -0.473392 0.117486 1
-0.097304 0.551884 -0.285411 2
0.070049 -0.273519 0.146832 1
-0.020191 -0.681448 0.054383 0
-0.178182 0.531143 -0.443022 2
-0.137942 0.580965 -0.407915 2
-0.018902 0.483694 -0.149217 2
0.056421 -0.130346 0.143630 2
-0.031342 0.458895 -0.070980 2
-0.009957 -0.514143 0.104129 0
0.062697 0.237232 0.076970 2
-0.197238 0.572297 -0.479633 2
-0.014503 -0.662284 0.063442 0
0.069255 -0.217382 0.171281 3
-0.067103 -0.976882 -0.038276 0
-0.034697 0.404681 -0.009192 2
0.063711 -0.403611 0.110778 1
0.029509 -0.381899 0.114075 0
-0.044047 -0.844250 0.010686 0
0.020186 -0.213603 0.160727 2
0.049490 0.344330 0.011550 2
-0.250119 0.588563 -0.563587 2
0.090983 -0.289924 0.207311 1
-0.258927 0.580472 -0.579440 2
0.041777 -0.225864 0.135597 2
-0.003970 -0.669927 0.062923 0
0.160779 -0.226348 0.225470 1
0.247802 -0.125907 0.241813 1
0.197119 -0.204066 0.259193 1
0.086460 -0.043754 0.217862 3
-0.061960 0.516110 -0.240740 2
0.075407 -0.034942 0.142061 2
0.015332 0.122981 0.140714 2
0.076359 -0.281973 0.136692 1
0.042410 0.379396 0.000863 2
0.076184 0.020168 0.230857 3
0.057900 -0.168923 0.189036 3
-0.110961 0.550919 -0.348897 2
-0.081591 0.507314 -0.163790 2
0.047671 -0.305830 0.154913 0
0.023760 0.288420 0.060774 2
0.058692 -0.240092 0.135842 3
-0.114725 0.570155 -0.335982 2
0.108507 0.223167 0.263170 3
-0.000493 -0.648803 0.070559 0
0.046215 -0.070777 0.142385 2
0.044733 -0.082976 0.142328 2
0.060916 -0.098201 0.198301 3
-0.053310 -0.880163 -0.011938 0
0.052396 -0.433354 0.109730 1
0.002774 -0.452772 0.125142 1
-0.021570 0.368217 0.013064 2
-0.053812 0.497675 -0.146833 2
0.045531 -0.332717 0.146830 0
-0.166871 0.584545 -0.456189 2
-0.005900 -0.550382 0.087162 0
0.040197 -0.369462 0.146241 1
0.032108 -0.116674 0.159769 2
-0.024218 -0.740478 0.045428 0
0.008291 0.405210 -0.017292 2
-0.113490 0.570913 -0.316019 2
0.030429 -0.304152 0.122505 0
-0.062732 0.485681 -0.110208 2
-0.052289 -0.895118 -0.008250 0
-0.022235 -0.773009 0.027025 0
-0.031979 0.469810 -0.091829 2
0.004621 0.443173 -0.052973 2
0.005790 -0.598764 0.067699 0
0.203012 -0.193009 0.250425 1
0.105751 0.241824 0.265179 3
-0.052728 -0.971430 -0.052486 0
-0.125576 0.534942 -0.373168 2
0.022157 -0.476902 0.117966 1
0.014581 0.367359 0.011609 2
0.037963 0.217441 0.095814 2
-0.063383 -0.942721 -0.032297 0
-0.015869 -0.731624 0.028944 0
-0.023578 -0.794659 0.021529 0
0.005374 -0.612974 0.071780 0
0.020303 -0.436691 0.126488 1
0.176689 -0.220630 0.237819 1
0.003169 -0.578803 0.067209 0
-0.050387 -0.870051 -0.005976 0
-0.230641 0.591002 -0.528191 2
-0.029806 0.490199 -0.159518 2
-0.138218 0.539064 -0.384444 2
-0.151471 0.583214 -0.442139 2
-0.010223 0.352942 0.024871 2
0.059801 -0.357889 0.118260 1
0.040437 -0.271095 0.162127 3
0.031209 -0.317279 0.145515 0
0.009870 0.377131 0.004001 2
-0.132818 0.568353 -0.397554 2
-0.120817 0.509857 -0.342897 2
-0.038673 0.489027 -0.197875 2
0.077267 -0.032867 0.222503 3
-0.249255 0.571125 -0.554853 2
0.023663 0.247183 0.084740 2
-0.019409 0.342323 0.028184 2
0.058422 -0.242245 0.170842 3
-0.015485 -0.649170 0.048959 0
0.039808 -0.209442 0.136844 2
0.086398 0.121811 0.247795 3
0.105548 -0.277067 0.210371 1
0.018758 -0.305536 0.138295 0
0.037707 -0.117966 0.149082 2
-0.087159 0.526775 -0.311715 2
-0.020720 0.465764 -0.178627 2
-0.269872 0.577424 -0.583051 2
0.157539 -0.209755 0.213189 1
-0.186752 0.593363 -0.484723 2
0.052558 -0.113153 0.143846 2
-0.165313 0.556213 -0.447000 2
0.002441 0.455730 -0.072595 2
-0.014914 0.419637 -0.027190 2
0.015905 -0.530419 0.080066 0
0.072863 -0.294775 0.162738 1
0.017669 0.223602 0.105018 2
0.030869 -0.505422 0.087701 0
0.009750 -0.491007 0.090083 0
0.027644 0.032673 0.160304 2
-0.135117 0.507608 -0.361154 2
0.054026 -0.337358 0.154097 1
0.052211 0.115168 0.123762 2
0.019628 -0.161649 0.164410 2
-0.008703 0.476831 -0.127983 2
-0.003715 -0.494663 0.111776 0
-0.012285 0.281986 0.078090 2
0.065471 -0.334678 0.121848 1
-0.043537 -0.823257 -0.002249 0
-0.082581 0.492227 -0.294376 2
0.029662 -0.461004 0.108423 1
0.073378 0.036372 0.138019 2
-0.031898 -0.769836 0.012026 0
0.091461 -0.245089 0.134994 1
0.073634 0.194266 0.095248 2
0.122932 -0.214964 0.174860 1
-0.161891 0.521740 -0.381563 2
0.062870 -0.319682 0.152345 1
0.041791 0.275878 0.065115 2
-0.051498 0.504551 -0.223324 2
-0.265359 0.582401 -0.602616 2
0.024379 -0.455798 0.123378 1
0.018129 -0.327250 0.142386 0
0.195407 -0.142685 0.204475 1
0.148474 -0.201883 0.198935 1
-0.010743 -0.701217 0.039641 0
0.037947 -0.084197 0.155645 2
0.027564 -0.402641 0.110793 0
-0.144688 0.552148 -0.410234 2
0.058684 -0.261442 0.163423 3
0.069981 -0.075916 0.143876 2
0.041687 0.233254 0.083767 2
0.050733 -0.169143 0.181776 3
-0.018470 -0.750947 0.021055 0
0.081099 0.056489 0.225701 3
0.078791 0.000479 0.229793 3
0.146420 -0.264061 0.247141 1
-0.211717 0.579500 -0.508949 2
0.036076 -0.221385 0.156680 3
-0.129949 0.523680 -0.372785 2
0.062019 -0.150245 0.142594 2
-0.016405 -0.658705 0.045639 0
0.086358 0.079740 0.128011 2
-0.003850 0.254420 0.099207 2
-0.102927 0.559992 -0.301028 2
0.052709 0.295710 0.042196 2
0.148529 -0.242042 0.222754 1
0.212971 -0.179195 0.255231 1
0.003583 -0.433935 0.134806 1
-0.157362 0.558078 -0.420444 2
0.116088 -0.280636 0.224475 1
0.080876 -0.260170 0.141815 1
0.068450 -0.243153 0.137083 1
-0.004854 0.370154 0.013498 2
-0.203950 0.588678 -0.506816 2
0.040403 -0.414092 0.122640 1
-0.013489 -0.722958 0.045701 0
0.054550 0.065571 0.133793 2
-0.013494 0.475757 -0.114858 2
-0.028746 -0.811661 0.018235 0
-0.125136 0.509389 -0.355490 2
-0.157925 0.593224 -0.437888 2
-0.045620 -0.860069 -0.015072 0
0.126682 -0.226424 0.192826 1
0.025317 0.279092 0.066051 2
-0.057493 -0.899200 -0.021648 0
0.041942 -0.144853 0.139949 2
0.215984 -0.148247 0.233507 1
-0.238700 0.557713 -0.533034 2
-0.069699 0.494473 -0.129088 2
0.018583 -0.354047 0.123888 0
0.013181 -0.499382 0.101526 0
0.026585 -0.196839 0.156269 2
0.022934 0.193778 0.117348 2
0.076926 0.010067 0.214770 3
0.026114 -0.177993 0.157813 2
-0.151267 0.591519 -0.413518 2
0.004091 -0.614010 0.082972 0
0.057586 0.249662 0.068429 2
0.041632 0.081259 0.137973 2
0.077364 0.000849 0.140511 2
0.079844 -0.296292 0.199992 1
-0.029348 0.346945 0.023564 2
0.014740 -0.474809 0.106669 1
0.067104 -0.149858 0.187773 3
-0.117455 0.529515 -0.354133 2
0.158818 -0.236385 0.228040 1
-0.059809 0.479253 -0.101996 2
-0.117972 0.565671 -0.350564 2
-0.066733 0.504230 -0.259894 2
0.067166 -0.088991 0.144146 2
0.098856 0.223374 0.259481 3
-0.033039 -0.792308 0.005770 0
0.142136 -0.220664 0.203945 1
0.019372 -0.430679 0.102134 0
0.086731 -0.014507 0.139625 2
0.018863 -0.487534 0.115138 1
-0.019339 -0.690826 0.035787 0
-0.240483 0.575499 -0.529207 2
0.131416 -0.215763 0.187400 1
0.024231 0.085786 0.147765 2
0.183949 -0.160165 0.204352 1
-0.143415 0.520825 -0.362362 2
0.049179 -0.191185 0.139322 2
-0.059512 -0.916234 -0.024568 0
0.063233 -0.317579 0.207289 1
0.012858 0.262360 0.083645 2
0.048569 -0.233005 0.136004 3
-0.013161 0.397231 -0.007083 2
0.192742 -0.162980 0.219428 1
0.067635 -0.175092 0.186334 3
-0.047320 -0.903301 -0.019632 0
-0.175576 0.543675 -0.444357 2
0.022360 0.069915 0.153819 2
-0.107950 0.562123 -0.288931 2
-0.070533 0.516078 -0.185218 2
0.010972 0.211036 0.120350 2
0.089094 -0.305752 0.225019 1
0.025570 0.430994 -0.034427 2
-0.006580 -0.673630 0.047844 0
-0.000860 0.269078 0.086349 2
0.090245 0.005622 0.229856 3
0.035810 -0.357422 0.143739 0
0.021920 -0.363066 0.175048 1
0.070048 0.213073 0.086708 2
-0.066842 0.519522 -0.256115 2
0.025156 -0.345042 0.117112 0
-0.034908 0.469181 -0.193151 2
-0.269962 0.587465 -0.589139 2
0.012550 -0.520189 0.096836 0
0.201316 -0.143667 0.214558 1
0.040350 -0.339673 0.184173 1
0.024722 -0.362647 0.130581 0
0.031239 0.107445 0.137958 2
0.032870 -0.157912 0.153874 2
0.030247 -0.213507 0.144428 2
0.053576 0.219476 0.089681 2
0.048150 -0.384859 0.124959 1
0.022791 -0.270693 0.143276 0
-0.069235 -0.925794 -0.038117 0
-0.007590 -0.691377 0.055699 0
0.029696 -0.267792 0.154355 0
0.026388 -0.436676 0.118258 1
0.013218 -0.561890 0.097490 0
0.154323 -0.252362 0.239942 1
0.056403 0.080107 0.131754 2
0.025262 -0.226451 0.159083 3
-0.037221 0.456178 -0.063749 2
0.027880 -0.131818 0.162597 2
0.023729 -0.235869 0.150262 3
-0.113475 0.562007 -0.312188 2
-0.056921 -0.933532 -0.018290 0
-0.066016 -0.976847 -0.058847 0
0.074039 -0.314031 0.219334 1
0.075681 -0.054672 0.217007 3
0.012959 -0.387101 0.136131 0
-0.010524 -0.598427 0.073165 0
-0.032318 -0.832569 0.010512 0
-0.156489 0.575362 -0.438988 2
-0.047373 0.498065 -0.155292 2
0.070755 -0.303639 0.131987 1
-0.069881 0.481313 -0.116544 2
0.030708 -0.277536 0.144187 0
-0.058848 0.477161 -0.238702 2
0.067359 -0.303868 0.166661 1
0.094143 0.181106 0.253795 3
0.139023 -0.198687 0.184802 1
0.067123 0.201776 0.094217 2
0.143936 -0.251850 0.223726 1
-0.008239 0.434307 -0.047453 2
0.002235 0.469810 -0.124637 2
0.092450 0.153649 0.254941 3
0.004427 0.220684 0.115307 2
0.096756 0.206133 0.256477 3
0.075098 -0.020363 0.141270 2
0.026638 -0.165212 0.158481 2
0.018852 0.375459 0.007003 2
0.029158 -0.384698 0.142773 1
0.050096 -0.454478 0.102496 1
-0.016446 0.318324 0.048300 2
0.017150 0.202423 0.119274 2
0.068293 0.150637 0.111030 2
0.010169 -0.381764 0.163839 1
-0.006108 0.474659 -0.145672 2
-0.159320 0.532444 -0.416360 2
0.021476 -0.367397 0.113605 0
0.239121 -0.142883 0.252935 1
0.062102 -0.312862 0.185479 1
0.053671 -0.416876 0.113543 1
0.005596 -0.545736 0.098791 0
-0.037424 -0.785431 0.019707 0
0.053488 0.096863 0.128242 2
-0.216095 0.596351 -0.522486 2
0.011749 0.323070 0.045223 2
0.046075 0.012918 0.139710 2
0.041819 -0.200166 0.171240 3
0.057156 -0.174312 0.141246 2
0.031655 0.356010 0.018943 2
0.221736 -0.120224 0.222656 1
0.060425 -0.330558 0.138876 1
0.053861 -0.053173 0.143997 2
-0.158645 0.558992 -0.437800 2
-0.011635 0.307961 0.057579 2
0.181163 -0.223945 0.246619 1
0.033784 -0.349641 0.202737 1
-0.248262 0.567102 -0.537085 2
-0.130949 0.574638 -0.387803 2
0.056315 -0.355680 0.128229 1
0.088403 -0.256622 0.147980 1
0.043488 0.312021 0.045024 2
-0.043818 0.469159 -0.081377 2
-0.073423 0.526282 -0.230193 2
-0.016528 0.453411 -0.073430 2
0.038060 0.289908 0.057573 2
-0.218977 0.574996 -0.501757 2
0.167486 -0.219863 0.227103 1
-0.072532 0.483170 -0.278495 2
0.041617 -0.126476 0.148739 2
-0.050851 -0.922960 -0.037624 0
0.063416 -0.251789 0.156030 3
0.015367 0.448554 -0.060959 2
0.253567 -0.119803 0.248760 1
0.030605 -0.422088 0.130300 1
-0.010834 -0.615141 0.059672 0
0.043428 -0.132449 0.140569 2
0.081695 0.009477 0.139309 2
0.027230 -0.427115 0.120061 1
0.007455 -0.441823 0.127906 1
0.077109 -0.279787 0.145770 1
0.084691 -0.282670 0.189539 1
-0.101168 0.548384 -0.300439 2
-0.043907 -0.856869 0.009145 0
-0.173002 0.533306 -0.424131 2
0.079493 0.058355 0.134075 2
0.024658 0.013945 0.166558 2
-0.105804 0.519906 -0.336173 2
-0.072854 -0.961671 -0.050605 0
0.025937 -0.304917 0.147439 0
0.004270 -0.501971 0.101791 0
-0.050340 -0.967062 -0.038801 0
-0.063069 -0.947249 -0.047421 0
-0.044985 -0.887346 -0.012257 0
0.023586 0.212036 0.103991 2
-0.007737 -0.569623 0.076909 0
-0.024202 0.381811 0.005896 2
-0.087008 0.532640 -0.221753 2
-0.002089 -0.481808 0.116688 1
0.049463 -0.336106 0.127975 0
0.031284 0.250484 0.077030 2
0.072015 -0.231668 0.164187 3
0.037429 -0.212874 0.160027 3
0.132321 -0.274735 0.235019 1
-0.023489 -0.691296 0.048931 0
-0.070276 0.520614 -0.200868 2
0.128075 -0.203081 0.164393 1
0.038142 -0.069077 0.153434 2
0.043448 0.261937 0.071449 2
0.035007 0.341845 0.027106 2
0.069290 0.104738 0.124106 2
0.048651 -0.212886 0.137635 2
0.032154 0.207507 0.101984 2
-0.032003 0.425193 -0.025269 2
-0.072227 -0.956094 -0.038961 0
0.071210 -0.081581 0.210182 3
0.023050 -0.105597 0.171581 2
0.104081 -0.262930 0.190732 1
0.107956 -0.296201 0.235114 1
-0.057428 -0.961323 -0.033831 0
-0.120142 0.539072 -0.360687 2
0.057582 0.197881 0.097822 2
0.031895 -0.229938 0.135681 2
0.003209 -0.511406 0.088831 0
0.075303 -0.293455 0.179578 1
-0.025937 -0.698610 0.040182 0
-0.057892 0.510487 -0.205075 2
-0.226333 0.565539 -0.505519 2
0.027094 0.442900 -0.055141 2
0.220339 -0.169346 0.259152 1
0.027797 -0.286278 0.133325 0
-0.058612 0.490715 -0.130405 2
-0.088891 0.510140 -0.314588 2
0.036728 0.001232 0.157110 2
0.021530 -0.335737 0.123944 0
0.039257 0.130440 0.126706 2
-0.219206 0.542529 -0.496363 2
0.039062 0.325229 0.037356 2
0.064403 -0.382195 0.112545 1
0.087365 -0.265712 0.163121 1
0.006977 0.240262 0.101494 2
-0.048540 -0.860522 -0.002289 0
-0.015060 0.291442 0.069803 2
-0.191393 0.550594 -0.474465 2
-0.055096 0.484989 -0.115115 2
0.003376 0.463136 -0.087724 2
0.027340 -0.373081 0.137659 0
-0.097750 0.537031 -0.314791 2
0.108474 -0.285420 0.220356 1
-0.105885 0.551506 -0.264156 2
0.016399 0.172956 0.129923 2
0.042215 -0.279468 0.130054 0
0.015693 0.208923 0.112693 2
0.086173 -0.278890 0.177053 1
0.086062 0.086452 0.245149 3
0.207203 -0.130240 0.214607 1
0.027814 -0.255060 0.138563 0
-0.033261 0.486042 -0.181599 2
-0.038090 0.470130 -0.204220 2
-0.115605 0.502344 -0.329410 2
0.064571 0.248821 0.059488 2
0.048801 -0.004645 0.144016 2
-0.064758 -0.956642 -0.052562 0
0.028603 -0.284937 0.152000 0
-0.262841 0.581066 -0.570145 2
0.034395 0.037723 0.153651 2
-0.153230 0.570282 -0.429919 2
0.001560 0.364238 0.015910 2
0.246039 -0.134529 0.254871 1
-0.181183 0.530806 -0.434544 2
0.017825 0.158170 0.133157 2
0.040065 -0.284194 0.160108 3
0.030234 0.261361 0.075546 2
0.162702 -0.248152 0.246997 1
0.051849 0.042178 0.137298 2
-0.037683 -0.811371 -0.000861 0
-0.121340 0.566571 -0.362931 2
0.031422 -0.006188 0.163235 2
0.163406 -0.169006 0.188343 1
0.028825 -0.257688 0.154112 0
0.065346 -0.311125 0.151265 1
-0.071726 0.529259 -0.249100 2
-0.252852 0.560974 -0.545873 2
0.066675 -0.315780 0.119784 1
0.078855 0.173039 0.101452 2
0.022351 -0.084166 0.173825 2
-0.163174 0.531645 -0.401245 2
0.070514 -0.015635 0.217553 3
-0.262597 0.572247 -0.583593 2
0.053166 0.164163 0.110051 2
0.021705 -0.297493 0.135730 0
0.040125 -0.325436 0.124543 0
-0.059682 0.515517 -0.215105 2
0.032679 -0.244352 0.150444 3
-0.091268 0.496537 -0.301612 2
-0.009055 -0.652899 0.068507 0
0.072492 -0.110695 0.144593 2
0.067051 0.225707 0.075453 2
0.035424 0.075443 0.140898 2
-0.006731 -0.642656 0.072273 0
0.011554 -0.497991 0.110600 0
0.027228 -0.067442 0.164597 2
0.045618 0.362202 0.009249 2
-0.225263 0.596759 -0.546891 2
-0.132626 0.554093 -0.392595 2
-0.251862 0.572105 -0.545148 2
-0.200893 0.583382 -0.498014 2
0.046297 0.243843 0.079710 2
0.012206 0.196520 0.130420 2
0.084655 0.064074 0.240796 3
-0.125866 0.519351 -0.355128 2
-0.073515 -0.978149 -0.044261 0
0.017229 -0.539082 0.092427 0
-0.258856 0.577790 -0.560634 2
-0.056785 -0.952115 -0.029238 0
0.077179 0.017690 0.139273 2
0.013816 -0.542308 0.078574 0
-0.138986 0.532437 -0.376374 2
-0.020729 0.406734 -0.012787 2
0.001236 -0.525742 0.099578 0
0.026693 -0.141627 0.160579 2
0.054062 -0.086180 0.143821 2
0.033079 0.122967 0.131555 2
-0.062122 0.512051 -0.255964 2
0.073757 -0.111649 0.203015 3
0.210789 -0.171663 0.241292 1
0.056233 -0.337855 0.145535 1
0.038901 -0.300943 0.157019 0
-0.054340 0.465908 -0.070589 2
0.149980 -0.188755 0.185825 1
-0.095393 0.551382 -0.307917 2
-0.036789 -0.816896 0.018271 0
-0.183488 0.559856 -0.458895 2
-0.008316 -0.588433 0.068219 0
-0.195033 0.582055 -0.486974 2
-0.204433 0.554772 -0.480424 2
0.055950 0.281250 0.044819 2
-0.033966 -0.833418 0.001954 0
0.043731 -0.350509 0.155868 1
0.023780 -0.489605 0.105379 1
-0.087734 0.519626 -0.180752 2
0.022838 -0.150039 0.167002 2
-0.062253 0.490934 -0.261184 2
0.067640 0.089414 0.128340 2
0.055268 0.260197 0.061064 2
-0.010881 -0.679897 0.060946 0
-0.190546 0.567010 -0.471756 2
0.037575 -0.399748 0.133598 1
-0.001896 -0.599865 0.083835 0
0.030829 0.012227 0.156925 2
0.167292 -0.239841 0.243083 1
-0.245970 0.580506 -0.549845 2
-0.021248 0.470590 -0.188510 2
-0.050582 0.499612 -0.179533 2
-0.128910 0.578178 -0.361291 2
0.059299 -0.375003 0.114994 1
0.054615 -0.251528 0.168653 3
0.094028 -0.254953 0.164092 1
0.067020 -0.044859 0.214652 3
-0.086918 0.491006 -0.281458 2
0.057890 -0.204353 0.138983 2
0.007746 -0.565683 0.069449 0
-0.186371 0.547018 -0.458453 2
-0.168869 0.572941 -0.443207 2
0.037472 -0.392060 0.118646 0
0.046475 0.285534 0.058145 2
-0.248817 0.594969 -0.579995 2
-0.033535 0.435664 -0.037102 2
0.034570 -0.289451 0.125833 0
-0.188731 0.584848 -0.472667 2
-0.261037 0.587925 -0.593865 2
-0.038739 0.479707 -0.110686 2
0.198057 -0.168099 0.228173 1
-0.051551 0.457652 -0.063750 2
-0.175136 0.585716 -0.452724 2
0.092530 -0.277115 0.193430 1
0.173764 -0.179123 0.209688 1
0.057973 -0.327816 0.157337 1
-0.071906 0.489468 -0.118679 2
0.039509 -0.300525 0.126993 0
-0.009811 0.447557 -0.065039 2
-0.033504 0.493926 -0.176056 2
0.026165 -0.419672 0.108152 0
0.064908 -0.320933 0.130531 1
-0.001508 -0.582946 0.087165 0
0.004500 0.299863 0.062328 2
-0.086399 0.536991 -0.306172 2
-0.241869 0.560046 -0.524570 2
0.092955 0.078457 0.245426 3
-0.257749 0.589858 -0.567350 2
0.053774 -0.206803 0.177769 3
-0.059784 -0.907923 -0.026760 0
-0.107575 0.501267 -0.326529 2
0.046714 -0.399388 0.119562 1
0.046207 -0.333381 0.184123 1
0.022324 -0.207469 0.155103 2
-0.092209 0.524813 -0.304796 2
-0.006818 0.265225 0.092078 2
-0.042306 0.450184 -0.051148 2
-0.084315 0.536372 -0.240068 2
0.004542 0.248669 0.099414 2
0.057402 -0.319316 0.189032 1
0.078983 -0.138213 0.192875 3
-0.189653 0.539314 -0.455312 2
0.063811 0.062078 0.134211 2
0.040733 -0.242442 0.165953 3
0.077559 0.067409 0.132308 2
-0.019068 0.482502 -0.135882 2
-0.142564 0.515983 -0.386307 2
0.036989 -0.022800 0.157555 2
-0.029021 0.394982 -0.003838 2
0.007080 -0.407900 0.145817 1
0.023448 -0.391648 0.109058 0
0.033676 -0.353778 0.165595 1
0.084249 -0.024778 0.224562 3
0.041007 0.369336 0.008462 2
0.041035 -0.049264 0.149165 2
0.040937 -0.038317 0.149363 2
0.157017 -0.201719 0.208125 1
-0.169704 0.561608 -0.455069 2
0.016920 0.087135 0.155661 2
0.026568 0.316915 0.043305 2
-0.027958 0.476334 -0.200038 2
-0.046773 0.428056 -0.028162 2
0.123322 -0.240801 0.198718 1
-0.111035 0.524198 -0.345078 2
-0.056880 0.475952 -0.090499 2
0.041296 0.394044 -0.009249 2
0.084146 -0.295994 0.207328 1
-0.049606 -0.915999 -0.027553 0
-0.127773 0.553078 -0.382134 2
0.023064 0.241098 0.091894 2
-0.210050 0.596392 -0.513799 2
0.060193 -0.270641 0.152373 3
-0.083154 0.520224 -0.190448 2
0.022855 -0.306028 0.130709 0
-0.070863 0.498908 -0.139942 2
-0.045851 0.499602 -0.168502 2
0.043208 -0.387499 0.131317 1
-0.031310 0.443246 -0.047536 2
0.189866 -0.157875 0.210705 1
0.021418 -0.314854 0.135580 0
0.098648 -0.245424 0.161279 1
0.020223 -0.396103 0.143908 1
-0.009333 0.295969 0.065526 2
-0.148799 0.559591 -0.423027 2
-0.015163 0.461622 -0.082618 2
0.053457 0.204962 0.095791 2
-0.063600 0.508840 -0.236773 2
-0.223882 0.583637 -0.516086 2
0.163146 -0.183996 0.199936 1
0.069077 -0.120608 0.200857 3
0.093943 0.053093 0.240650 3
0.038737 0.177061 0.103042 2
-0.205364 0.542848 -0.480788 2
0.050460 -0.326524 0.187506 1
-0.080800 0.506350 -0.285490 2
0.080156 -0.308261 0.219775 1
0.010052 0.279340 0.075502 2
-0.037634 -0.848608 -0.002007 0
0.066156 -0.329137 0.114281 1
-0.110767 0.506955 -0.334823 2
0.055466 -0.024217 0.143168 2
0.107534 -0.231229 0.162165 1
0.177051 -0.234129 0.254063 1
-0.209577 0.574295 -0.492964 2
0.072117 -0.064903 0.214495 3
0.038420 -0.450142 0.109755 1
0.081294 0.025151 0.138677 2
-0.035470 0.418962 -0.019794 2
0.115354 -0.246376 0.195552 1
0.010801 -0.417121 0.126833 1
0.048142 -0.161553 0.178949 3
-0.170183 0.524719 -0.396641 2
-0.032660 -0.824069 0.006778 0
0.038971 0.034333 0.146284 2
-0.178839 0.568436 -0.454495 2
-0.255598 0.593854 -0.598250 2
-0.143537 0.534492 -0.399898 2
0.053955 -0.073368 0.144099 2
-0.050792 -0.892011 -0.025350 0
0.000169 -0.537262 0.084081 0
-0.006694 0.409854 -0.021951 2
-0.033342 0.485991 -0.134769 2
0.013237 0.391976 -0.006098 2
-0.093422 0.540530 -0.321818 2
0.176266 -0.196084 0.223266 1
-0.002615 -0.565271 0.089279 0
-0.197342 0.536063 -0.460200 2
0.148590 -0.182179 0.177396 1
-0.145702 0.592416 -0.430331 2
-0.123744 0.576097 -0.369391 2
0.143669 -0.181171 0.165736 1
0.043644 -0.088772 0.149718 2
0.032852 -0.043328 0.162012 2
-0.168731 0.573715 -0.455036 2
-0.001043 -0.642398 0.057136 0
0.222530 -0.146033 0.238104 1
0.071461 -0.184294 0.140712 2
-0.136448 0.518964 -0.370717 2
0.033445 -0.360171 0.118400 0
0.008415 -0.511927 0.106117 0
0.035385 0.232336 0.089572 2
0.045938 -0.191191 0.176190 3
-0.164763 0.565470 -0.441569 2
-0.076403 0.497166 -0.291341 2
-0.179556 0.576660 -0.468929 2
0.082155 -0.050474 0.141838 2
-0.007050 -0.584064 0.081117 0
0.038585 0.092309 0.137560 2
0.218435 -0.161399 0.244529 1
-0.095792 0.528941 -0.313726 2
0.013547 0.313394 0.051294 2
0.015981 0.105558 0.147963 2
0.202876 -0.181718 0.238239 1
0.085952 0.110612 0.247057 3
-0.040630 -0.797065 0.005652 0
0.031687 -0.015561 0.159551 2
0.037412 0.387494 -0.003254 2
0.012513 -0.401990 0.120827 0
0.026607 -0.272720 0.134958 0
0.019316 -0.524246 0.099213 0
-0.049823 -0.881555 -0.021661 0
0.067876 -0.310665 0.203589 1
-0.146203 0.514107 -0.376910 2
0.073478 0.161021 0.107341 2
0.042553 -0.229661 0.168519 3
-0.221627 0.596377 -0.529658 2
-0.003049 0.349676 0.027210 2
0.021487 -0.522789 0.087057 0
0.033973 0.019601 0.153225 2
-0.160396 0.542104 -0.430060 2
0.025795 0.403238 -0.012162 2
0.047751 0.152313 0.113180 2
0.014280 -0.409131 0.109468 0
0.033191 -0.062194 0.162552 2
0.032530 0.171512 0.116143 2
-0.043348 0.438908 -0.038190 2
0.056417 -0.157476 0.142411 2
0.051744 -0.101705 0.143925 2
0.105284 -0.267338 0.202973 1
-0.023668 0.360685 0.015502 2
0.013064 -0.378934 0.135561 0
-0.017169 0.426081 -0.033998 2
-0.060749 -0.932895 -0.027837 0
0.035058 -0.290984 0.154073 0
0.046307 -0.411666 0.117522 1
-0.037802 -0.865889 0.001266 0
0.066288 -0.196785 0.180622 3
0.027892 0.168037 0.122370 2
-0.122803 0.570836 -0.346473 2
0.201081 -0.152724 0.222149 1
0.083729 -0.082316 0.142510 2
-0.059124 0.509794 -0.247215 2
-0.045666 -0.838978 0.003355 0
-0.015743 0.479117 -0.124538 2
0.019633 -0.287603 0.141860 0
0.011577 -0.400543 0.130211 0
0.068802 -0.032917 0.215378 3
-0.063194 0.469203 -0.080979 2
0.053880 0.274776 0.055534 2
0.014623 -0.418696 0.105788 0
0.005361 -0.557403 0.073458 0
0.029728 0.390273 -0.002846 2
0.067987 -0.039673 0.143376 2
-0.200454 0.563095 -0.482135 2
-0.228627 0.574369 -0.511894 2
0.013187 -0.561283 0.080083 0
0.076648 0.126668 0.116062 2
0.033848 -0.442065 0.118008 1
-0.027754 -0.707688 0.033825 0
-0.084958 0.506905 -0.297875 2
-0.041429 0.414872 -0.014898 2
0.028159 -0.469240 0.103470 1
-0.007045 0.464879 -0.158520 2
0.138417 -0.215148 0.199287 1
0.043432 -0.369954 0.123429 0
0.071368 -0.160278 0.142412 2
0.228421 -0.131531 0.232019 1
-0.031774 -0.761498 0.031530 0
0.046709 -0.334050 0.205195 1
0.007558 0.385379 -0.002597 2
-0.131913 0.536411 -0.379058 2
0.166802 -0.192170 0.211361 1
0.045791 0.094903 0.126661 2
-0.095858 0.551529 -0.293757 2
0.025293 0.449275 -0.071836 2
-0.086584 0.524653 -0.199581 2
0.002714 -0.489591 0.111729 1
0.225674 -0.152477 0.247761 1
-0.143053 0.581716 -0.419266 2
-0.106002 0.559937 -0.319009 2
0.013890 -0.524213 0.089406 0
0.191264 -0.170320 0.222454 1
-0.006228 -0.644198 0.050818 0
-0.086485 0.499196 -0.295676 2
0.038153 0.145765 0.122922 2
-0.242689 0.591016 -0.558541 2
0.061255 -0.086297 0.198438 3
-0.004564 -0.578829 0.069506 0
-0.072397 0.486246 -0.126506 2
0.006623 0.414636 -0.024059 2
-0.112727 0.558300 -0.351608 2
0.043093 -0.250066 0.133097 3
0.061170 -0.223050 0.173655 3
-0.042403 0.483894 -0.119022 2
-0.087591 0.524032 -0.293663 2
0.206347 -0.190020 0.257100 1
0.086801 0.041833 0.137729 2
0.008194 0.306247 0.057017 2
-0.094553 0.502753 -0.310559 2
-0.017736 -0.701780 0.053689 0
0.041957 -0.350564 0.122985 0
-0.153550 0.583851 -0.419645 2
-0.188914 0.556891 -0.464017 2
0.046235 -0.021809 0.143129 2
0.061719 -0.051606 0.144379 2
-0.123545 0.555093 -0.368457 2
-0.018354 -0.644539 0.055067 0
0.041803 0.192841 0.100244 2
-0.216917 0.550361 -0.491840 2
-0.025060 -0.712835 0.044630 0
-0.174831 0.586459 -0.465258 2
0.038590 -0.259786 0.130495 0
0.085488 0.022333 0.234645 3
0.026912 -0.095020 0.166410 2
0.068208 -0.137849 0.196847 3
-0.250243 0.589425 -0.555638 2
-0.023622 0.466458 -0.089436 2
-0.090665 0.544782 -0.273223 2
-0.170030 0.553717 -0.453822 2
0.024840 -0.374637 0.111720 0
0.111308 -0.219910 0.153276 1
-0.145555 0.535655 -0.385643 2
-0.109302 0.555584 -0.272837 2
-0.058118 -0.963826 -0.053392 0
0.042662 -0.027932 0.152784 2
0.110949 -0.238074 0.182789 1
0.045809 0.054210 0.140113 2
-0.202674 0.595802 -0.510174 2
0.002703 0.427014 -0.035607 2
0.055172 0.149371 0.114312 2
-0.079966 0.493796 -0.130644 2
0.121185 -0.228578 0.186726 1
0.247355 -0.112918 0.236678 1
0.080607 0.083470 0.240166 3
0.037001 0.296953 0.054009 2
-0.026431 0.449298 -0.058553 2
-0.030122 0.469389 -0.186314 2
-0.082786 0.525733 -0.274328 2
0.071734 0.044126 0.137321 2
0.073594 0.024994 0.222504 3
0.048831 -0.274654 0.131959 3
0.007980 0.286149 0.071416 2
-0.000024 -0.510328 0.105086 0
-0.247429 0.592487 -0.570014 2
0.061188 -0.152381 0.192443 3
0.058212 0.130731 0.119732 2
0.179893 -0.184430 0.219080 1
0.004695 -0.422047 0.139085 1
0.011289 -0.437473 0.106548 0
0.028952 0.435262 -0.040303 2
0.057227 -0.278044 0.158438 3
-0.001602 0.470376 -0.107282 2
0.060712 -0.340744 0.119974 1
0.037969 -0.160786 0.148522 2
-0.158493 0.584163 -0.445698 2
-0.158344 0.545364 -0.415900 2
0.058621 -0.259757 0.134836 3
0.012916 0.143328 0.140371 2
0.012404 -0.410877 0.117098 0
0.178888 -0.161532 0.198343 1
0.022187 -0.372534 0.161419 1
0.041612 0.341581 0.022742 2
-0.104839 0.535625 -0.334226 2
-0.257115 0.588696 -0.587035 2
-0.055161 -0.916418 -0.013519 0
-0.074243 0.509048 -0.166148 2
0.032654 -0.137039 0.158150 2
-0.165608 0.548595 -0.444598 2
0.023122 0.150646 0.131880 2
0.076699 -0.066591 0.143012 2
0.154388 -0.170936 0.174439 1
-0.010787 -0.610935 0.073060 0
-0.103455 0.548273 -0.333385 2
0.000352 0.343460 0.031274 2
0.022478 -0.319264 0.128533 0
-0.031627 -0.729758 0.029714 0
0.074236 -0.300054 0.193844 1
-0.093755 0.515655 -0.322517 2
0.010830 -0.582132 0.082019 0
0.047028 -0.358942 0.148179 1
0.014155 -0.372147 0.176991 1
-0.045461 0.497790 -0.197074 2
-0.122472 0.522681 -0.361805 2
