-0.162203 0.254171 0.129030 4
-0.120416 -0.884575 0.088098 0
0.553336 0.667055 -0.107688 3
-0.747772 0.008627 -0.041874 2
-0.167338 -0.314193 0.055403 2
0.163441 0.428697 -0.135103 3
-0.410631 -0.034306 0.124792 2
-0.175626 0.509523 0.338554 4
-0.056946 -0.025008 0.031762 3
0.114954 -0.419585 0.060994 1
-0.117599 -0.595468 0.094261 0
0.038668 0.236679 -0.025590 3
0.327969 0.589929 -0.093618 3
-0.553818 0.064675 0.012883 2
-0.267749 -0.140447 0.037648 2
-0.198338 0.089389 0.057484 4
-0.186739 0.402474 0.209206 4
-0.016915 -0.496344 0.007073 1
-0.114914 -0.163292 0.090762 3
-0.024607 0.124953 0.056520 3
0.103568 0.369552 -0.008129 3
-0.095483 -0.741174 0.091532 0
-0.130384 -0.449414 0.089985 0
0.232654 0.505782 -0.060200 3
0.452361 0.597242 -0.139703 3
-0.663434 0.009376 0.050675 2
-0.175879 -0.032557 0.056990 4
-0.523361 -0.000274 0.107435 2
0.026224 -0.476785 0.115800 1
-0.440557 0.038119 0.033352 2
-0.348923 -0.056923 0.031793 2
0.297979 0.496423 -0.151705 3
-0.208813 -0.224410 0.108440 2
-0.071628 0.071323 -0.026299 3
-0.120117 0.159894 0.091521 4
0.048643 0.326321 -0.087874 3
-0.106150 0.046830 0.091046 4
-0.316788 -0.094513 0.122714 2
-0.024623 0.160936 -0.050866 3
0.162790 0.444037 -0.036888 3
-0.042048 -0.538530 0.097299 1
-0.639978 0.062788 -0.021042 2
-0.122239 -0.098488 0.021405 3
-0.142857 0.342035 0.157956 4
-0.106800 -0.247531 0.054178 0
-0.206163 0.182127 0.091523 4
0.374980 0.555304 -0.156467 3
0.051601 -0.446195 0.006043 1
-0.171754 0.450521 0.277261 4
0.024680 0.191030 0.042476 3
-0.074225 -0.554535 0.021869 1
0.119773 0.375462 -0.088918 3
0.076425 0.296361 0.016204 3
-0.091061 -0.071342 0.088935 3
-0.134190 -0.672819 0.084176 0
-0.585701 0.010820 0.060572 2
-0.113115 -0.368245 0.072075 0
-0.134261 -0.808754 0.099539 0
-0.138984 -0.525132 0.071062 0
-0.241210 -0.151381 0.107925 2
-0.041219 0.052330 0.042365 3
0.233098 0.467343 -0.126727 3
0.393032 0.625383 -0.103327 3
0.480756 0.659006 -0.116679 3
-0.229055 -0.202790 0.043152 2
-0.157737 -0.110973 0.079050 4
-0.393999 -0.009979 0.052785 2
-0.148220 -0.193552 0.040241 0
-0.094201 0.007138 -0.014463 3
-0.201472 0.306241 0.146419 4
0.283491 0.532215 -0.096670 3
-0.455278 -0.007141 0.080173 2
-0.506696 0.030223 0.044909 2
-0.172221 0.029326 0.076203 4
-0.694451 0.017926 -0.005264 2
0.009576 0.283320 -0.061111 3
0.029878 -0.484650 0.051068 1
-0.117582 -0.015241 0.079601 4
-0.311568 -0.101716 0.060334 2
-0.146273 0.103199 0.093017 4
-0.200808 -0.261787 0.049959 2
-0.090282 -0.615488 0.041887 1
-0.361926 -0.060469 0.091749 2
-0.182004 -0.279148 0.106432 2
-0.001574 0.144990 0.003118 3
-0.011359 0.223825 -0.056338 3
0.090053 0.321145 -0.044899 3
-0.108973 -0.307459 0.066070 0
0.194891 0.444047 -0.087651 3
0.067579 -0.446950 0.086503 1
-0.195838 0.355175 0.176565 4
-0.086064 -0.135704 0.049590 3
0.055659 0.238278 0.028574 3
-0.130573 0.213502 0.105617 4
-0.108128 -0.046509 0.004647 3
-0.132441 -0.216499 0.094667 4
-0.615864 0.029172 0.017295 2
-0.050279 0.006944 0.076998 3
0.329409 0.543441 -0.125338 3
-0.033464 0.099441 0.001737 3
-0.147184 -0.333433 0.102889 2
-0.074331 -0.078930 0.036857 3
-0.066955 -0.581925 0.076405 1
-0.012028 -0.517431 0.059049 1
0.009111 0.193110 -0.016343 3
-0.094706 -0.194684 0.053622 3
0.139300 0.398187 -0.045369 3
-0.092583 -0.837679 0.091227 0
-0.284798 -0.126443 0.097047 2
-0.148755 -0.404851 0.070030 0
-0.153155 -0.142631 0.039349 4
-0.206790 0.227308 0.114999 4
-0.186013 0.136244 0.083487 4
-0.167500 -0.079079 0.040513 4
-0.135887 -0.269302 0.089892 0
0.156496 0.409974 -0.090160 3
-0.137977 0.296816 0.129255 4
0.061514 0.282638 -0.035567 3
-0.157322 0.414778 0.247429 4
0.405869 0.585684 -0.128269 3
-0.144172 0.381030 0.200290 4
-0.145645 -0.064155 0.080797 4
-0.100782 -0.638879 0.083191 1
0.188430 0.479887 -0.053648 3
0.436057 0.645283 -0.116311 3
-0.152925 -0.240374 0.054040 0
-0.161853 0.179062 0.108254 4
-0.094461 -0.788678 0.086653 0
-0.007795 -0.508972 0.105994 1
-0.103430 -0.119240 0.090735 3
-0.182046 0.006052 0.033832 4
-0.042483 0.115017 -0.039795 3
-0.235035 -0.193108 0.086906 2
0.087164 -0.425957 0.024909 1
-0.062177 0.039939 0.005101 3
0.364388 0.575703 -0.115717 3
-0.130999 -0.716840 0.079408 0
0.084896 0.351462 -0.101244 3
-0.551672 0.030103 0.040340 2
-0.595585 0.068003 -0.000201 2
-0.269819 -0.161607 0.076588 2
-0.071712 -0.032726 0.086841 3
-0.114254 -0.488883 0.083904 0
-0.192377 0.047060 0.041255 4
-0.155670 -0.169025 0.078852 4
0.257968 0.496144 -0.107074 3
-0.044823 -0.523725 0.026177 1
-0.482569 -0.007747 0.117300 2
0.018214 -0.472507 0.010700 1
-0.177996 0.483054 0.303946 4
-0.204753 0.268309 0.128002 4
0.133859 0.400032 -0.125613 3
-0.143483 -0.352292 0.047695 0
-0.145769 0.061559 0.087396 4
-0.626376 0.005939 0.069815 2
-0.654792 0.029282 0.001320 2
-0.129944 -0.764329 0.088694 0
-0.111015 -0.551983 0.086008 0
-0.073322 -0.560826 0.112160 1
-0.028857 0.083137 0.066738 3
-0.116556 -0.160568 0.035998 3
0.114138 0.358672 -0.052472 3
0.198648 0.447219 -0.142770 3
-0.005321 0.159288 0.047554 3
0.220893 0.477044 -0.085721 3
0.087251 0.329011 -0.004294 3
-0.139489 -0.627779 0.085405 0
0.066426 -0.453943 0.044502 1
-0.562055 0.004103 0.092000 2
-0.493715 0.003457 0.078724 2
-0.414088 -0.025699 0.086233 2
-0.509993 0.061842 0.021338 2
-0.134669 -0.277647 0.051355 0
0.482944 0.619829 -0.129641 3
-0.678612 0.047707 -0.025292 2
0.262128 0.476933 -0.151185 3
-0.156138 -0.009884 0.083120 4
0.515840 0.641967 -0.118499 3
-0.049776 -0.548247 0.056118 1
-0.531461 0.012170 0.068944 2
-0.098712 -0.698546 0.091034 0
-0.447884 -0.024320 0.121301 2
-0.051087 0.015513 0.036891 3
0.300634 0.566835 -0.079411 3
-0.099808 -0.099392 0.057971 3
-0.712511 0.031834 -0.035973 2
-0.468802 0.018027 0.053650 2
0.057696 0.263940 0.000369 3
-0.129844 -0.845677 0.090969 0
-0.166601 0.217629 0.116811 4
-0.132403 0.020223 0.085181 4
-0.220875 -0.226184 0.072635 2
-0.111274 0.089024 0.094946 4
0.027357 0.212647 0.010358 3
-0.143519 -0.568400 0.076429 0
0.262262 0.528803 -0.066274 3
-0.427323 0.006168 0.056358 2
-0.241922 -0.168295 0.046888 2
-0.337396 -0.075113 0.068258 2
-0.165897 0.313285 0.152773 4
-0.084394 -0.599893 0.109209 1
-0.473766 0.052220 0.027623 2
-0.372856 -0.038240 0.062115 2
-0.147983 -0.365155 0.082265 0
-0.344574 -0.070952 0.123955 2
0.327775 0.517180 -0.153211 3
-0.086830 -0.017938 0.010227 3
-0.729771 0.009574 -0.010855 2
-0.199072 -0.251317 0.085902 2
-0.116438 -0.419894 0.072959 0
0.040373 0.301192 -0.063494 3
-0.128083 0.249064 0.120131 4
-0.185981 0.436294 0.247875 4
-0.581188 0.040737 0.023591 2
-0.328107 -0.087571 0.032404 2
-0.188209 -0.292500 0.074388 2
0.013277 -0.497241 0.080300 1
-0.146054 -0.475270 0.071883 0
-0.121093 -0.216103 0.044397 0
0.359476 0.607558 -0.101773 3
-0.115240 -0.645307 0.051986 1
-0.154559 0.140926 0.098018 4
-0.695058 0.006541 0.027453 2
-0.378276 -0.046665 0.124582 2
0.009454 0.248583 -0.044250 3
0.044309 -0.472110 0.084659 1
-0.137251 -0.303461 0.087951 0
-0.120203 0.125716 0.092660 4
-0.098130 -0.043189 0.067876 4
-0.180092 0.101775 0.083564 4
0.300919 0.521717 -0.124046 3
-0.177726 0.065420 0.076188 4
-0.162469 -0.044451 0.028329 4
-0.017997 0.119850 0.023780 3
-0.032758 0.067930 0.013738 3
-0.126571 -0.094227 0.077473 4
-0.080666 -0.047731 0.025490 3
-0.024910 0.141371 -0.020165 3
0.009310 0.178881 0.015750 3
0.004239 -0.495541 0.033278 1
-0.297852 -0.121086 0.037453 2
-0.079919 -0.583190 0.036887 1
-0.138053 -0.137220 0.079053 4
0.167875 0.427268 -0.064734 3
-0.094804 -0.867946 0.076384 0
-0.309662 -0.105031 0.092664 2
-0.282326 -0.132085 0.065335 2
0.432483 0.613218 -0.117865 3
-0.037697 0.042796 0.072933 3
-0.163348 -0.111205 0.047342 4
-0.016681 0.191325 -0.044196 3
-0.081562 -0.610438 0.074484 1
-0.086972 0.038253 -0.016580 3
-0.121315 -0.338418 0.079740 0
-0.113864 -0.819347 0.076446 0
-0.114804 -0.127840 0.030755 3
-0.151876 -0.205634 0.069260 4
-0.165381 0.360149 0.183150 4
-0.165391 -0.306319 0.101894 2
-0.097589 -0.164432 0.064466 3
-0.371114 -0.022464 0.034897 2
-0.173834 0.285046 0.141479 4
-0.634540 0.011846 0.038559 2
0.089748 0.341496 -0.068582 3
-0.106256 -0.222062 0.072058 0
0.032613 0.269246 -0.044834 3
-0.009850 0.168567 -0.016592 3
-0.069686 -0.040033 0.056131 3
-0.181041 -0.286999 0.044825 2
-0.219065 -0.233575 0.042725 2
-0.137406 -0.320714 0.059053 0
-0.028288 0.094458 0.038070 3
-0.072609 0.009387 0.009918 3
-0.126944 -0.188985 0.078921 4
0.043042 -0.465751 0.028758 1
0.088610 -0.434904 0.060642 1
-0.163738 -0.336608 0.077548 2
0.099019 0.347080 -0.027858 3
0.125712 0.388676 -0.015730 3
0.174467 0.429098 -0.105073 3
-0.332938 -0.084389 0.099367 2
-0.103129 0.013521 0.082980 4
0.104694 0.369423 -0.115043 3
-0.099880 -0.668477 0.088136 0
0.348142 0.538833 -0.149731 3
-0.387638 -0.042465 0.096476 2
0.276349 0.495972 -0.130650 3
-0.109999 -0.276683 0.068191 0
0.007788 0.221190 -0.032473 3
-0.113185 -0.521738 0.085320 0
0.075911 0.305433 -0.018250 3
0.309309 0.550726 -0.102735 3
-0.120657 -0.243582 0.086340 0
-0.141081 -0.599312 0.076711 0
-0.099941 -0.074732 0.022814 3
-0.187027 0.198677 0.106662 4
0.148135 0.420523 -0.026939 3
-0.160568 0.397541 0.221148 4
-0.176938 -0.002682 0.061203 4
-0.403661 0.013447 0.038467 2
-0.127067 -0.392080 0.084418 0
0.206966 0.453502 -0.112198 3
0.068110 0.320288 -0.063745 3
0.143324 0.390644 -0.073014 3
-0.187550 0.378380 0.193357 4
-0.201852 0.121683 0.064377 4
-0.143665 -0.496565 0.090819 0
-0.060427 -0.010615 0.056214 3
-0.128398 0.187797 0.093386 4
-0.197650 0.332395 0.157192 4
0.182498 0.451690 -0.062702 3
-0.109734 -0.861079 0.104057 0
0.519630 0.667769 -0.107074 3
0.384141 0.596109 -0.113150 3
-0.116745 -0.063131 0.075299 4
-0.141753 -0.432205 0.070479 0
-0.116202 -0.616277 0.074337 0
0.040603 0.215579 0.035833 3
-0.110281 -0.137611 0.063771 4
-0.119045 -0.741883 0.074837 0
0.048347 -0.458359 0.108850 1
-0.030905 -0.534549 0.071743 1
-0.227149 -0.181615 0.111124 2
-0.118847 -0.463213 0.068638 0
-0.081265 -0.079480 0.063781 3
-0.167208 -0.017154 0.030581 4
-0.183421 0.166619 0.094899 4
0.338297 0.569153 -0.108991 3
-0.054067 0.092119 -0.021029 3
-0.618223 0.052049 0.000281 2
-0.104312 -0.618690 0.105250 0
0.240564 0.498240 -0.085761 3
-0.056665 0.067230 -0.003557 3
-0.661570 0.014173 0.023708 2
-0.157730 -0.039524 0.080634 4
-0.018188 -0.511321 0.032574 1
-0.606221 0.014001 0.042695 2
-0.112819 -0.652135 0.105862 0
0.398503 0.568737 -0.152770 3
0.461498 0.630195 -0.116362 3
-0.169487 0.336252 0.166986 4
-0.078440 -0.110394 0.043148 3
-0.151668 -0.244797 0.080737 0
-0.139484 -0.116325 0.035675 4
-0.205152 0.157658 0.080087 4
0.042671 0.237197 0.004903 3
-0.139522 0.320830 0.141427 4
-0.104573 -0.765558 0.098568 0
-0.532394 0.046790 0.031795 2
-0.114920 -0.576584 0.075351 0
-0.168727 -0.061824 0.060962 4
-0.121144 -0.793599 0.076976 0
-0.117582 -0.692648 0.073043 0
-0.135662 -0.544131 0.092500 0
-0.155043 -0.167741 0.052274 4
0.282751 0.547884 -0.074198 3
0.262750 0.517320 -0.090055 3
-0.264130 -0.142688 0.098675 2
-0.184953 0.242169 0.124098 4
0.422374 0.583580 -0.148436 3
-0.058898 -0.558879 0.085705 1
-0.105902 -0.809517 0.099259 0
-0.590137 0.003631 0.085213 2
-0.131785 -0.037061 0.080088 4
0.088434 -0.424826 0.084587 1
-0.163926 -0.087902 0.068935 4
0.208423 0.496863 -0.057822 3
-0.143850 -0.077465 0.030122 4
-0.296401 -0.109955 0.119297 2
-0.137100 -0.379633 0.063908 0
-0.150233 -0.280712 0.071885 0
-0.109811 -0.721162 0.098745 0
-0.068721 -0.565008 0.052266 1
-0.026279 -0.523117 0.116536 1
0.068379 0.271609 0.022236 3
0.238247 0.480169 -0.105171 3
-0.120189 -0.069034 0.008501 3
-0.439656 -0.019071 0.096320 2
-0.184756 0.025816 0.054350 4
0.351894 0.557599 -0.128430 3
-0.556781 0.012255 0.067086 2
-0.177370 0.414547 0.229586 4
-0.043876 0.036346 0.022891 3
-0.245767 -0.170815 0.091896 2
0.137720 0.395142 -0.097908 3
-0.120709 -0.653167 0.075215 0
0.051367 0.261930 -0.025631 3
0.025536 0.211920 -0.016051 3
-0.096047 -0.095609 0.086201 3
0.200192 0.464773 -0.074862 3
-0.355593 -0.056158 0.063289 2
-0.028165 0.136886 -0.045650 3
-0.145513 0.230775 0.116426 4
0.153600 0.414870 -0.116969 3
-0.010108 0.143578 0.026386 3
-0.238205 -0.188330 0.062817 2
0.381916 0.570485 -0.134477 3
0.101674 0.359127 -0.084739 3
-0.159161 -0.130807 0.064480 4
-0.163561 0.084525 0.089496 4
-0.031631 -0.527380 0.048032 1
-0.014403 -0.517604 0.084017 1
-0.124052 -0.189569 0.039176 0
-0.099562 -0.100153 0.030535 3
-0.142522 0.166947 0.099351 4
-0.137372 0.271222 0.124641 4
-0.131042 -0.253783 0.047585 0
-0.032789 0.119120 -0.012512 3
0.120874 0.376341 -0.035982 3
-0.121880 -0.695358 0.097233 0
-0.194479 -0.245551 0.108889 2
-0.122291 -0.863810 0.076003 0
-0.433444 -0.012736 0.071779 2
0.054315 -0.466463 0.063625 1
0.252696 0.481122 -0.126685 3
0.281124 0.513294 -0.113674 3
-0.114395 -0.834831 0.105495 0
-0.134181 -0.416878 0.088522 0
0.411539 0.635611 -0.114183 3
-0.169263 0.122163 0.092734 4
-0.131343 -0.502654 0.071216 0
-0.142524 0.366311 0.181377 4
0.011271 -0.500412 0.056883 1
-0.298980 -0.117104 0.075287 2
0.065372 0.302738 -0.047481 3
-0.160716 -0.336102 0.047082 2
0.105288 -0.418802 0.038312 1
0.010083 -0.493687 0.103939 1
-0.111281 -0.772239 0.076359 0
-0.101988 -0.019813 -0.007674 3
-0.059165 -0.540282 0.036071 1
-0.465985 -0.012773 0.100260 2
-0.132264 -0.472764 0.090841 0
-0.574396 0.024356 0.040702 2
-0.165499 0.431303 0.261893 4
0.066221 0.285513 -0.010725 3
-0.110900 -0.842994 0.077528 0
-0.150837 0.038749 0.086824 4
-0.099733 -0.721274 0.077659 0
-0.392558 -0.027959 0.069233 2
0.224495 0.459319 -0.146829 3
-0.122160 -0.120582 0.075648 4
-0.135006 -0.648819 0.094236 0
-0.092936 -0.118855 0.069993 3
-0.326168 -0.097684 0.078042 2
-0.157693 0.014258 0.086239 4
-0.128764 -0.548651 0.070831 0
-0.675134 0.028951 -0.011553 2
-0.121025 0.064494 0.090575 4
-0.147924 -0.219481 0.045719 0
-0.104471 -0.183902 0.074638 3
-0.183698 0.046293 0.064803 4
-0.538261 0.005219 0.089768 2
0.066723 -0.444454 0.023616 1
0.493840 0.636107 -0.116052 3
-0.077393 -0.580279 0.099787 1
-0.142929 -0.298535 0.059174 0
-0.049378 0.023252 0.058324 3
-0.167972 0.383723 0.203731 4
-0.481859 0.033858 0.043831 2
0.152513 0.407843 -0.061303 3
0.068811 0.336569 -0.085657 3
-0.192145 0.067966 0.050146 4
-0.015791 0.127452 0.001140 3
-0.001386 0.263099 -0.057840 3
-0.099857 -0.624199 0.060833 1
-0.257801 -0.154339 0.054962 2
0.130342 0.376069 -0.061664 3
-0.079229 -0.058488 0.074662 3
-0.034826 0.073766 0.045010 3
-0.193006 -0.268731 0.069906 2
-0.124617 -0.738192 0.096320 0
-0.142034 -0.162869 0.034619 3
-0.098796 -0.879146 0.096410 0
-0.528402 0.026159 0.048841 2
-0.577239 0.062726 0.011568 2
-0.207703 -0.240908 0.060533 2
-0.091890 -0.157325 0.044046 3
-0.136840 0.082965 0.092320 4
-0.411393 -0.014071 0.066134 2
-0.083892 -0.594562 0.059049 1
-0.215510 -0.203380 0.111287 2
0.411527 0.605902 -0.116823 3
0.122743 0.384517 -0.114235 3
-0.445361 0.017910 0.050841 2
-0.152916 0.201740 0.109476 4
-0.176526 -0.311050 0.077869 2
-0.496248 0.048805 0.032875 2
-0.148497 -0.387218 0.087016 0
-0.106588 -0.143382 0.085983 3
-0.514802 0.004420 0.085222 2
-0.060531 -0.013366 0.078106 3
-0.424525 0.022125 0.041461 2
-0.313437 -0.103513 0.036147 2
-0.129008 -0.567456 0.092905 0
-0.182102 0.468554 0.284195 4
-0.506491 0.015192 0.060843 2
-0.100313 -0.219977 0.051133 3
-0.137256 -0.787170 0.101090 0
0.347277 0.588508 -0.103713 3
-0.653821 0.046880 -0.015407 2
0.184851 0.439970 -0.127580 3
-0.066920 -0.058548 0.038567 3
-0.028188 0.104689 0.063895 3
-0.124363 -0.401711 0.064099 0
-0.142113 -0.519753 0.091859 0
-0.165975 0.465825 0.298551 4
-0.641678 0.020203 0.016014 2
-0.273371 -0.125357 0.115406 2
0.001556 -0.485964 0.013650 1
-0.129964 -0.340948 0.060102 0
-0.131666 -0.141443 0.040747 4
-0.115465 -0.441371 0.071751 0
-0.428380 -0.028038 0.112316 2
-0.065552 -0.007563 0.021119 3
-0.034295 -0.508513 0.010443 1
-0.217870 -0.213955 0.092010 2
0.032503 -0.457893 0.004120 1
-0.035438 0.062882 0.064184 3
-0.557493 0.046984 0.024382 2
-0.197287 0.287406 0.137123 4
0.177521 0.426997 -0.083846 3
-0.471384 0.002277 0.069685 2
-0.228312 -0.206567 0.067775 2
0.101827 0.341446 -0.050124 3
-0.598830 0.044795 0.012384 2
-0.114426 -0.784407 0.098844 0
-0.500033 -0.002366 0.106415 2
-0.675238 0.017612 0.006423 2
-0.251596 -0.174084 0.071737 2
-0.637588 0.041355 -0.002936 2
-0.715586 0.008538 0.004847 2
0.452885 0.609660 -0.122315 3
0.317021 0.569223 -0.095885 3
-0.360873 -0.040852 0.038349 2
-0.004016 0.202895 -0.031978 3
-0.110541 -0.203630 0.081301 3
-0.082331 0.021849 -0.004256 3
-0.123083 -0.617890 0.094103 0
0.425310 0.593571 -0.128204 3
-0.184694 0.263748 0.132087 4
-0.137229 -0.159082 0.079780 4
-0.136095 -0.349189 0.094801 2
0.095391 0.351572 -0.001311 3
0.173262 0.460340 -0.044701 3
-0.530552 0.063775 0.018422 2
-0.206286 0.205828 0.103332 4
-0.155246 -0.097616 0.033830 4
-0.728725 0.014221 -0.031105 2
-0.155762 0.295359 0.139912 4
-0.179426 0.496070 0.320082 4
-0.204848 0.247463 0.126764 4
-0.141307 -0.452759 0.067729 0
-0.016652 0.141152 0.046308 3
0.024411 -0.478289 0.029621 1
-0.062044 -0.533958 0.016557 1
0.249121 0.513919 -0.074869 3
-0.146270 -0.224873 0.079551 4
-0.360445 -0.059292 0.112309 2
0.155305 0.421914 -0.046469 3
-0.147959 -0.261268 0.065377 0
-0.054956 -0.543216 0.112678 1
0.005182 0.173362 0.036928 3
-0.117950 -0.263408 0.081766 0
-0.125575 0.103141 0.091390 4
0.006527 0.168138 -0.001347 3
0.455226 0.652151 -0.116782 3
-0.106712 -0.083203 0.068142 4
-0.153866 -0.185804 0.065313 4
-0.140485 0.125046 0.093197 4
-0.130511 0.046738 0.088158 4
0.031470 -0.484645 0.075221 1
0.082842 0.314591 0.010130 3
-0.155441 -0.147576 0.079833 4
-0.134549 -0.323447 0.086397 0
-0.150005 -0.313447 0.075885 0
-0.327436 -0.083779 0.052229 2
0.025332 -0.484471 0.094407 1
0.088440 0.328136 -0.026076 3
-0.597208 0.026343 0.029653 2
-0.136302 -0.007190 0.082826 4
-0.100467 -0.177196 0.045762 3
0.318379 0.529406 -0.134361 3
-0.459323 0.036119 0.039961 2
-0.122559 -0.291426 0.081854 0
-0.128831 -0.360706 0.062275 0
0.535993 0.657231 -0.111267 3
-0.126208 -0.506044 0.092133 0
-0.135094 0.147129 0.094376 4
-0.045455 -0.548039 0.075849 1
-0.384984 -0.002039 0.036956 2
-0.183858 0.084945 0.073727 4
0.116012 0.366242 -0.071742 3
-0.608336 0.007540 0.061727 2
-0.112774 -0.673413 0.072561 0
-0.645737 0.008473 0.059493 2
-0.110402 -0.597367 0.074989 0
-0.147729 -0.461243 0.085724 0
0.219695 0.465486 -0.102961 3
-0.691632 0.032844 -0.024996 2
0.503528 0.655854 -0.111734 3
-0.394830 -0.040307 0.114707 2
-0.169551 -0.058453 0.040159 4
-0.145920 -0.091551 0.079264 4
-0.343361 -0.065490 0.048521 2
-0.280408 -0.140852 0.082747 2
-0.173583 -0.288398 0.091368 2
0.222762 0.492050 -0.073337 3
-0.149455 -0.347233 0.069513 2
-0.095731 -0.118139 0.037058 3
-0.118117 -0.153003 0.073528 4
0.294130 0.549774 -0.090538 3
0.191500 0.442398 -0.106761 3
-0.058382 0.021135 0.016128 3
0.085753 -0.438398 0.041708 1
0.298878 0.533618 -0.108509 3
-0.093226 -0.818504 0.087563 0
-0.135436 -0.693800 0.080655 0
0.241895 0.467557 -0.149367 3
-0.117775 -0.636563 0.093768 0
-0.027493 0.088955 0.019468 3
-0.483597 -0.004245 0.093395 2
-0.112263 -0.325769 0.060612 0
-0.003173 0.159132 0.017149 3
-0.092930 -0.621296 0.085794 1
-0.449606 0.002559 0.064412 2
-0.074609 0.052594 -0.012569 3
0.280653 0.487867 -0.152401 3
0.043959 -0.471961 0.047266 1
-0.007802 0.242798 -0.057019 3
-0.708519 0.018765 -0.018469 2
-0.172941 0.150443 0.096115 4
-0.102055 -0.024972 0.072888 4
-0.101798 -0.139554 0.038867 3
-0.375644 -0.049940 0.083260 2
-0.123355 -0.298829 0.056607 0
-0.155285 0.272145 0.131569 4
-0.130073 -0.826608 0.093043 0
-0.181481 0.301418 0.147908 4
-0.207691 -0.234341 0.088193 2
-0.410141 -0.032142 0.103843 2
0.046753 0.284137 -0.047684 3
-0.096926 -0.054801 0.017773 3
-0.130365 -0.232789 0.044888 0
-0.046000 0.054281 0.012027 3
-0.041307 0.081473 0.003355 3
0.033298 0.311678 -0.077775 3
0.027896 0.287324 -0.057639 3
-0.189158 0.220304 0.116561 4
-0.220955 -0.218057 0.053573 2
0.038527 0.225174 0.019251 3
-0.096789 -0.760491 0.079869 0
-0.163367 0.052819 0.084578 4
-0.129981 -0.367612 0.087674 0
-0.091424 -0.035838 0.014332 3
0.016127 0.192676 0.004768 3
0.303587 0.512675 -0.140359 3
0.140208 0.404206 -0.021888 3
-0.153972 0.350426 0.171799 4
-0.016698 0.176513 -0.032654 3
0.213393 0.454736 -0.132402 3
0.022258 0.200867 0.024046 3
0.036052 0.253319 -0.033745 3
0.074630 -0.446942 0.063717 1
-0.572775 0.007770 0.077184 2
-0.142326 -0.585937 0.089603 0
-0.122773 -0.664781 0.096583 0
-0.614176 0.067513 -0.009158 2
-0.023561 0.113481 0.041983 3
0.059179 0.255875 0.018962 3
-0.046710 0.034657 0.042954 3
-0.150447 -0.058499 0.028746 4
-0.294445 -0.118901 0.057470 2
0.379200 0.611574 -0.104488 3
-0.020631 0.159029 -0.028022 3
-0.075980 -0.061218 0.054334 3
-0.486273 0.008792 0.061151 2
0.367192 0.560457 -0.138784 3
-0.027478 -0.527054 0.098700 1
-0.121526 -0.309654 0.080712 0
-0.115404 0.026927 0.085822 4
0.466263 0.610107 -0.134753 3
-0.120435 0.002699 0.081558 4
0.109842 0.362738 -0.030783 3
-0.124190 -0.484598 0.069201 0
-0.110410 -0.681207 0.096156 0
-0.111246 -0.345261 0.066173 0
0.047420 0.251400 -0.007932 3
-0.105064 -0.121293 0.056641 3
-0.181271 0.446753 0.262229 4
-0.033056 0.127921 -0.029216 3
-0.072673 -0.025603 0.022787 3
-0.186764 0.025525 0.036355 4
-0.191230 0.102741 0.067437 4
0.019180 0.237168 -0.034151 3
-0.203550 0.138020 0.071931 4
0.066613 0.281076 0.006957 3
-0.168401 -0.022023 0.069586 4
-0.172190 -0.298113 0.061970 2
-0.113996 -0.388340 0.070228 0
-0.463859 -0.016224 0.119642 2
-0.109604 -0.242659 0.071241 0
-0.350620 -0.070755 0.079608 2
-0.099914 -0.066770 0.065613 4
0.073447 0.299254 -0.001271 3
-0.155756 -0.323262 0.090876 2
-0.137931 -0.240653 0.091446 0
-0.187509 -0.263235 0.100385 2
-0.144335 -0.541502 0.075967 0
-0.078386 -0.594948 0.082840 1
-0.125795 -0.631350 0.073716 0
-0.131150 -0.584017 0.075221 0
-0.160693 0.237094 0.123376 4
-0.115640 -0.537402 0.075165 0
-0.000700 -0.507945 0.077629 1
-0.136565 -0.605702 0.092701 0
-0.283423 -0.131413 0.036017 2
-0.350451 -0.071088 0.100210 2
-0.148123 -0.443501 0.085455 0
-0.139578 -0.119104 0.078709 4
-0.133334 -0.205735 0.080588 4
-0.045715 0.027304 0.075918 3
-0.136534 -0.099227 0.032200 4
0.015628 0.267649 -0.049485 3
-0.103151 -0.206554 0.064214 3
-0.122795 -0.172165 0.075831 4
0.443725 0.629467 -0.115847 3
-0.055559 0.006917 0.056297 3
-0.515038 0.045723 0.034182 2
-0.043067 0.106956 -0.019857 3
-0.002695 -0.507015 0.048473 1
-0.124319 -0.430878 0.084789 0
-0.160301 -0.145738 0.055046 4
-0.114666 -0.712730 0.074441 0
-0.113781 -0.266306 0.054631 0
-0.146630 0.251504 0.121548 4
-0.015603 0.206880 -0.055846 3
-0.171106 0.009801 0.071929 4
-0.145710 -0.336741 0.084639 0
0.325257 0.557627 -0.108575 3
-0.127478 -0.195259 0.095151 3
0.272786 0.533412 -0.083051 3
-0.088448 -0.605655 0.092086 1
0.032640 0.226177 -0.009244 3
-0.186197 -0.272560 0.085849 2
-0.056608 -0.008571 0.037179 3
-0.092985 -0.857454 0.090024 0
-0.081943 -0.601033 0.037358 1
-0.011798 0.152737 -0.008471 3
-0.132914 -0.416639 0.065720 0
0.038655 -0.471068 0.102284 1
0.289819 0.506999 -0.131607 3
-0.140240 -0.178035 0.080173 4
-0.064866 -0.025109 0.047942 3
-0.146152 0.184366 0.103420 4
-0.317752 -0.096876 0.105660 2
-0.065068 -0.040641 0.027356 3
0.050895 0.318323 -0.072781 3
-0.157166 -0.076962 0.080964 4
-0.081573 -0.094949 0.050104 3
-0.158865 0.373028 0.193765 4
-0.166813 -0.094289 0.048541 4
-0.057288 -0.560922 0.065007 1
-0.157460 0.328009 0.157871 4
0.381042 0.581113 -0.120991 3
-0.182882 0.182519 0.102638 4
-0.095925 -0.146927 0.062628 3
0.475540 0.640009 -0.115774 3
0.204119 0.483060 -0.067019 3
-0.161952 -0.128214 0.045827 4
-0.123394 -0.808671 0.086307 0
-0.067563 -0.029551 0.070541 3
-0.173474 -0.038894 0.040198 4
-0.178124 -0.013403 0.047917 4
-0.690504 0.011663 0.011357 2
0.211196 0.463139 -0.087885 3
-0.148922 -0.424658 0.084836 0
-0.188342 0.315970 0.153577 4
-0.019698 0.102863 0.013475 3
-0.178653 0.351573 0.176803 4
-0.377890 -0.025347 0.052215 2
-0.103850 -0.882311 0.075509 0
-0.183107 0.119738 0.080771 4
-0.115958 -0.467927 0.084687 0
-0.676731 0.008369 0.040211 2
-0.115682 -0.046218 0.074913 4
0.312463 0.536624 -0.118189 3
-0.118728 -0.753933 0.098403 0
-0.117079 -0.218452 0.086161 4
-0.069070 -0.554880 0.038775 1
-0.114533 -0.514741 0.070034 0
-0.146889 0.390075 0.214257 4
-0.101461 -0.802361 0.079739 0
0.363546 0.592400 -0.107768 3
-0.114409 -0.230572 0.049622 0
-0.124297 -0.531505 0.093194 0
-0.248987 -0.190069 0.078178 2
-0.090557 -0.002693 -0.001432 3
-0.405526 0.002501 0.050972 2
-0.123349 -0.177578 0.092638 3
-0.102565 -0.685916 0.080829 0
-0.088806 -0.099002 0.070498 3
-0.249093 -0.154796 0.040301 2
-0.100671 -0.829698 0.077750 0
-0.270205 -0.142088 0.059904 2
-0.147890 -0.024245 0.081639 4
-0.165499 -0.321707 0.070120 2
-0.005065 0.183724 -0.021461 3
-0.126807 -0.115160 0.024988 3
-0.150379 -0.224134 0.063464 0
0.077239 -0.432599 0.094089 1
-0.234279 -0.187057 0.042485 2
-0.214805 -0.244155 0.075148 2
-0.106227 -0.635012 0.107251 0
-0.566821 0.017229 0.053582 2
0.060531 -0.459713 0.077401 1
-0.165970 0.485785 0.314950 4
-0.138359 -0.129515 0.025784 3
-0.159009 0.156983 0.102103 4
-0.135236 -0.614488 0.073899 0
-0.081328 -0.065599 0.030142 3
0.163885 0.409416 -0.075443 3
-0.144513 -0.283296 0.089313 0
-0.087755 -0.087639 0.033154 3
-0.105263 -0.652864 0.090536 0
-0.162469 -0.104844 0.064574 4
-0.336323 -0.082153 0.083041 2
-0.122870 -0.861037 0.092159 0
-0.297505 -0.115308 0.096531 2
0.080612 0.314823 -0.031532 3
0.335147 0.536750 -0.140055 3
-0.659437 0.055482 -0.028105 2
0.088078 0.348647 -0.085483 3
-0.260940 -0.155988 0.089042 2
-0.116434 -0.402807 0.078334 0
-0.336687 -0.073734 0.032213 2
0.099448 -0.422413 0.072845 1
-0.021042 0.176625 -0.053213 3
0.109724 0.368226 -0.099402 3
0.070778 0.292540 -0.026605 3
-0.149406 -0.202740 0.053532 4
-0.223621 -0.199607 0.096686 2
-0.035887 0.066982 0.030393 3
-0.234521 -0.168690 0.104853 2
0.023151 0.300778 -0.071574 3
-0.329529 -0.084637 0.123280 2
0.075896 -0.431447 0.014768 1
-0.111608 -0.203245 0.046531 3
-0.211889 -0.247615 0.046485 2
-0.148283 -0.191964 0.079173 4
-0.069526 -0.565820 0.097331 1
0.100075 -0.426700 0.051328 1
-0.129237 -0.078384 0.078226 4
-0.625057 0.037876 0.006519 2
-0.132056 -0.053100 0.079083 4
0.092586 0.339504 -0.015239 3
-0.073435 -0.577960 0.060505 1
-0.129913 -0.709526 0.093646 0
-0.098637 -0.135027 0.074836 3
-0.113191 -0.882580 0.102598 0
-0.489039 0.022635 0.052746 2
-0.043614 0.042421 0.056623 3
-0.617063 0.018284 0.031727 2
-0.132762 -0.748402 0.087071 0
-0.006141 0.216268 -0.040507 3
0.080115 -0.435989 0.076706 1
-0.076800 -0.569230 0.027565 1
0.269141 0.506576 -0.102457 3
-0.121011 -0.083185 0.015826 3
-0.125053 -0.564061 0.072468 0
-0.165173 -0.048873 0.069526 4
0.062880 -0.444776 0.101552 1
-0.000956 -0.500547 0.117634 1
-0.192683 -0.275038 0.046669 2
-0.101540 -0.824768 0.099587 0
-0.146865 -0.294845 0.078732 0
-0.144466 -0.404894 0.087550 0
0.113460 0.377952 -0.017174 3
0.015721 -0.491790 0.044428 1
-0.120804 -0.757333 0.077922 0
0.426546 0.627302 -0.114017 3
-0.184053 0.364466 0.184084 4
-0.365705 -0.059442 0.074907 2
-0.175281 0.424582 0.241535 4
-0.039357 0.051762 0.026069 3
0.362169 0.543640 -0.154970 3
-0.543321 0.055915 0.023141 2
-0.163568 0.407815 0.234796 4
-0.009266 -0.500316 0.025790 1
-0.128793 -0.171269 0.035502 3
-0.026107 0.114748 0.000992 3
-0.650117 0.010117 0.037992 2
-0.386030 -0.039350 0.078177 2
-0.371822 -0.051802 0.100260 2
-0.312996 -0.110806 0.078339 2
0.264803 0.484422 -0.137698 3
-0.110036 -0.103125 0.069221 4
-0.002560 0.234121 -0.045088 3
0.166777 0.437335 -0.050427 3
0.053870 -0.461024 0.091467 1
-0.146989 -0.327728 0.070342 0
-0.083134 -0.055522 0.089468 3
-0.181916 -0.283807 0.063104 2
-0.546620 0.020974 0.051869 2
-0.055714 0.004459 0.020584 3
-0.139709 -0.257288 0.080841 0
-0.109438 -0.642589 0.066114 1
0.128971 0.389402 -0.033948 3
-0.142199 -0.490877 0.076481 0
-0.105796 -0.005265 0.078327 4
-0.161693 0.104433 0.093757 4
-0.051142 0.083285 -0.008461 3
-0.121076 -0.137358 0.074854 4
-0.124866 -0.793899 0.092529 0
-0.074737 0.035269 -0.003559 3
0.047061 -0.455300 0.018160 1
0.056455 0.306873 -0.059341 3
0.071530 0.343887 -0.100148 3
-0.588780 0.019004 0.041899 2
-0.128208 0.234779 0.114413 4
0.338269 0.557114 -0.118567 3
0.315173 0.508386 -0.152730 3
-0.197605 0.169495 0.089650 4
-0.038013 -0.531706 0.111622 1
-0.095597 -0.848098 0.078144 0
-0.120451 -0.814361 0.103166 0
-0.054350 0.097611 -0.035347 3
-0.189910 0.154741 0.087692 4
-0.104388 -0.157295 0.078812 3
0.043279 -0.476120 0.068052 1
-0.188709 0.342943 0.169119 4
-0.059989 -0.553385 0.099959 1
-0.182325 0.009382 0.053468 4
-0.172810 -0.049358 0.052027 4
-0.100308 -0.031368 0.002710 3
0.395979 0.611759 -0.109625 3
0.087839 0.331658 -0.055773 3
0.144731 0.412068 -0.129099 3
-0.183494 0.329440 0.162103 4
-0.174270 0.230221 0.120782 4
-0.159345 0.067805 0.090442 4
-0.138235 -0.654455 0.080468 0
-0.088461 -0.120042 0.055498 3
0.058259 0.275029 -0.022137 3
0.182868 0.439298 -0.076692 3
-0.105943 -0.290482 0.063291 0
-0.173953 0.395225 0.213049 4
0.141607 0.401473 -0.111154 3
-0.117870 -0.142600 0.032482 3
-0.428516 -0.018813 0.084779 2
0.104466 0.350181 -0.062214 3
-0.469049 -0.006016 0.087056 2
-0.159400 -0.062303 0.074796 4
-0.259531 -0.135634 0.111234 2
-0.126232 -0.602347 0.073677 0
-0.146833 -0.179614 0.045873 4
-0.172581 -0.301441 0.047257 2
-0.023682 0.106522 0.027956 3
-0.046588 -0.538110 0.045427 1
-0.105528 -0.631672 0.049037 1
-0.088401 -0.080979 0.077657 3
0.080779 0.315602 -0.006600 3
-0.072869 -0.043449 0.072804 3
-0.092900 -0.611269 0.057607 1
-0.600974 0.005173 0.074912 2
0.012666 0.185043 0.029030 3
0.264248 0.494135 -0.120567 3
-0.140434 -0.558187 0.089927 0
-0.326219 -0.086192 0.068393 2
0.409576 0.577654 -0.143342 3
0.054978 -0.462875 0.041027 1
0.186694 0.465907 -0.060974 3
-0.130630 -0.489354 0.090383 0
-0.147951 0.308555 0.141657 4
0.024881 0.224579 -0.023859 3
-0.146581 0.284800 0.130983 4
-0.156230 -0.129192 0.078969 4
-0.110469 -0.706536 0.096164 0
-0.568267 0.035226 0.032635 2
-0.115760 0.139894 0.092567 4
-0.705642 0.007240 0.017064 2
-0.128122 -0.781520 0.081998 0
-0.118253 -0.031711 0.077413 4
-0.235405 -0.180632 0.095777 2
-0.155301 0.118745 0.096176 4
0.006756 0.179693 -0.010616 3
-0.125829 -0.432427 0.066198 0
-0.045577 -0.517811 0.012565 1
-0.230475 -0.208980 0.082170 2
-0.110640 -0.625296 0.087461 0
0.468269 0.618409 -0.122082 3
0.164767 0.419267 -0.099902 3
0.130302 0.383143 -0.048725 3
0.175967 0.437199 -0.139015 3
-0.125437 -0.723774 0.093435 0
0.127001 0.377873 -0.075881 3
-0.150099 -0.374055 0.067966 0
-0.122651 -0.656987 0.061142 0
-0.168408 -0.004906 0.076724 4
-0.105635 -0.657323 0.076531 1
-0.169223 0.270575 0.135972 4
-0.115896 -0.282068 0.055852 0
0.439186 0.592185 -0.143790 3
-0.132715 0.199741 0.100769 4
0.144174 0.409441 -0.037284 3
-0.119741 -0.882334 0.073598 0
-0.126770 -0.681661 0.095190 0
-0.362166 -0.045120 0.054765 2
-0.188112 0.070511 0.064033 4
-0.304112 -0.107255 0.106872 2
-0.147795 0.003602 0.084361 4
-0.144211 -0.481234 0.090430 0
-0.137338 -0.203287 0.041332 0
0.167628 0.426851 -0.117818 3
-0.113357 -0.607691 0.087445 0
-0.176245 0.207595 0.112390 4
-0.128172 -0.232396 0.080726 0
0.222288 0.463169 -0.117869 3
-0.144979 -0.512360 0.074756 0
-0.318442 -0.094903 0.046793 2
-0.011050 0.135616 0.014211 3
0.139180 0.391260 -0.058180 3
-0.146720 0.214773 0.111327 4
-0.153149 -0.121250 0.036098 4
-0.625613 0.009647 0.049785 2
-0.140835 -0.143407 0.029683 3
-0.398853 -0.033791 0.093478 2
-0.117563 -0.726893 0.073717 0
0.044272 0.249704 -0.022403 3
-0.426225 -0.024100 0.098213 2
-0.548197 0.008459 0.079772 2
0.438877 0.598449 -0.129268 3
-0.520666 0.017420 0.059099 2
0.039604 0.239417 -0.010005 3
-0.168703 -0.077884 0.059685 4
-0.017148 0.125617 0.037478 3
-0.019234 -0.523779 0.069830 1
-0.666173 0.039580 -0.017007 2
-0.165478 0.194912 0.111460 4
-0.660493 0.019249 0.009979 2
-0.455059 -0.019102 0.108581 2
-0.537649 0.035471 0.039008 2
-0.197403 0.191455 0.099750 4
-0.100373 -0.849923 0.099833 0
-0.138381 -0.104760 0.079052 4
0.094146 0.334213 -0.037811 3
-0.096817 -0.110717 0.081218 3
-0.056699 -0.002199 0.067952 3
0.151033 0.409776 -0.103446 3
0.021414 0.202830 -0.003911 3
-0.094953 -0.772635 0.087283 0
0.097501 0.361162 -0.105785 3
0.312019 0.578265 -0.085958 3
0.153714 0.431844 -0.036276 3
-0.127255 -0.668688 0.072377 0
-0.034854 -0.534178 0.085472 1
0.077921 0.333531 -0.069238 3
-0.191920 0.391847 0.201222 4
-0.132323 -0.472732 0.068968 0
-0.116884 -0.581820 0.088447 0
-0.061648 0.074628 -0.014651 3
0.006936 -0.480346 0.001731 1
-0.109463 -0.092149 0.024181 3
-0.111222 -0.107693 0.027441 3
-0.134006 -0.021225 0.081210 4
-0.155608 -0.161057 0.067085 4
-0.105960 -0.734317 0.077209 0
-0.096226 -0.727010 0.090693 0
-0.173875 0.046222 0.077690 4
-0.148528 -0.419740 0.070284 0
-0.541390 0.001201 0.103006 2
-0.148923 -0.389691 0.073062 0
-0.108717 -0.189423 0.045300 3
0.196286 0.446124 -0.119570 3
-0.093619 -0.802224 0.091536 0
0.338996 0.598475 -0.096069 3
0.078870 0.312510 -0.045877 3
-0.321679 -0.093194 0.090691 2
-0.111698 0.105622 0.092286 4
0.019210 -0.494362 0.066859 1
-0.099518 -0.232825 0.056912 3
0.000736 -0.504927 0.091289 1
-0.173067 -0.289984 0.105883 2
0.101129 0.357600 -0.018782 3
-0.630673 0.060570 -0.010752 2
0.007414 0.207514 -0.025241 3
0.130094 0.384980 -0.088970 3
0.031419 -0.468581 0.021411 1
0.341439 0.527468 -0.154515 3
0.189841 0.451487 -0.074645 3
-0.161615 0.440946 0.275823 4
-0.149380 -0.350254 0.084163 2
0.031021 0.204821 0.034228 3
-0.122376 -0.835247 0.085183 0
-0.121276 -0.545147 0.093789 0
-0.109699 -0.735141 0.098755 0
0.275606 0.518926 -0.101445 3
-0.351790 -0.054415 0.047320 2
-0.446983 0.029269 0.042883 2
-0.118219 -0.453138 0.078725 0
-0.170508 0.169179 0.103583 4
-0.291156 -0.128038 0.078970 2
-0.405958 -0.025847 0.072404 2
-0.164166 -0.312985 0.086675 2
-0.589690 0.056692 0.010041 2
-0.091179 -0.622235 0.072017 1
0.351014 0.548464 -0.140111 3
-0.176604 -0.006924 0.031341 4
-0.108032 0.067668 0.094390 4
-0.056756 0.054804 0.002692 3
0.123119 0.371318 -0.050127 3
-0.200773 -0.257513 0.072597 2
0.076723 -0.445372 0.049640 1
-0.148132 -0.275146 0.059339 0
-0.125655 -0.355430 0.082644 0
-0.026890 0.145420 -0.033277 3
0.146906 0.400404 -0.087227 3
0.013111 0.176799 0.047762 3
0.246009 0.487837 -0.096628 3
-0.109590 -0.058524 0.011394 3
-0.140023 -0.263760 0.051017 0
-0.045182 0.022290 0.026353 3
0.415530 0.619007 -0.112727 3
-0.108852 -0.785855 0.077006 0
-0.105229 -0.702918 0.076938 0
0.521434 0.654362 -0.109873 3
-0.188993 0.413401 0.222218 4
-0.153641 -0.336142 0.061669 2
0.203425 0.452038 -0.098954 3
0.245692 0.515249 -0.061582 3
0.095103 -0.428624 0.038615 1
-0.285465 -0.118858 0.114210 2
-0.453027 -0.013343 0.092270 2
0.328995 0.577291 -0.099013 3
-0.281038 -0.131882 0.049579 2
-0.115204 -0.507076 0.081461 0
-0.027054 0.102127 0.050418 3
0.397587 0.592157 -0.119393 3
-0.115448 -0.319429 0.073179 0
-0.230833 -0.198966 0.056239 2
-0.379887 -0.013778 0.041917 2
-0.036987 0.126251 -0.045448 3
-0.364090 -0.055507 0.124985 2
-0.115981 -0.178483 0.039649 3
-0.106409 -0.795527 0.098948 0
0.251585 0.504659 -0.090766 3
-0.111588 -0.555504 0.072797 0
0.315113 0.519112 -0.144270 3
0.015688 -0.485320 0.117456 1
-0.027465 -0.507851 0.023171 1
-0.148546 -0.247066 0.065101 0
-0.123509 -0.379380 0.080930 0
-0.137122 -0.431343 0.089415 0
-0.062556 0.080624 -0.030349 3
0.046712 0.268831 -0.036397 3
-0.077532 -0.095890 0.036700 3
-0.159480 -0.072872 0.031452 4
-0.143892 -0.046621 0.080741 4
0.034699 -0.476666 0.038316 1
-0.122840 -0.317575 0.058527 0
-0.202723 0.318840 0.151206 4
-0.104017 -0.163129 0.042486 3
-0.029834 -0.518156 0.031888 1
-0.172372 0.372594 0.193470 4
-0.108363 -0.263037 0.066573 0
0.248699 0.485862 -0.111556 3
-0.031621 0.081914 0.034337 3
-0.174637 -0.024122 0.040518 4
-0.157988 -0.322002 0.104102 2
0.284658 0.495828 -0.142309 3
-0.337129 -0.079794 0.111305 2
0.394272 0.579111 -0.130140 3
-0.151101 -0.269464 0.079218 0
-0.151534 0.403079 0.231118 4
-0.077313 -0.003090 0.011615 3
-0.122635 -0.275716 0.084450 0
-0.525675 0.003186 0.094656 2
-0.125648 -0.681633 0.075604 0
0.271512 0.538201 -0.068823 3
-0.117682 -0.496805 0.073174 0
-0.678677 0.007862 0.026936 2
-0.635912 0.029991 0.006948 2
0.061510 0.326310 -0.074671 3
-0.141859 -0.364111 0.064333 0
-0.382737 -0.046364 0.108321 2
0.368587 0.569253 -0.126675 3
-0.083006 -0.594346 0.096726 1
-0.018631 -0.518151 0.106750 1
-0.720196 0.022114 -0.041000 2
-0.144073 0.027289 0.085551 4
0.013392 -0.485753 0.028376 1
-0.368204 -0.034924 0.048590 2
0.209651 0.475217 -0.076308 3
-0.511524 0.000733 0.100373 2
0.231481 0.482094 -0.092089 3
-0.054281 0.034112 0.014146 3
-0.179452 0.459219 0.270693 4
-0.107111 -0.170101 0.081352 3
-0.489196 0.057142 0.025220 2
-0.303446 -0.112068 0.045521 2
0.050772 0.242858 0.017050 3
-0.131266 -0.155176 0.033095 3
0.097442 0.351638 -0.074574 3
0.106134 0.351015 -0.041929 3
-0.126916 -0.775231 0.095712 0
-0.170467 0.324962 0.160000 4
-0.345251 -0.065981 0.061686 2
0.020632 0.255575 -0.042450 3
-0.014410 0.139827 -0.003517 3
-0.199336 -0.240457 0.097621 2
-0.080075 -0.081667 0.050735 3
-0.458395 0.045915 0.031049 2
-0.151605 0.089693 0.092054 4
-0.706957 0.013657 -0.003820 2
0.381349 0.562614 -0.147446 3
-0.441153 -0.023960 0.108530 2
-0.214895 -0.230032 0.054777 2
0.478442 0.626395 -0.119069 3
-0.167173 -0.030382 0.030659 4
-0.167018 0.455049 0.288749 4
-0.089676 0.025322 -0.017097 3
-0.085904 -0.126755 0.039871 3
-0.132845 0.173943 0.093713 4
-0.111044 -0.132159 0.091308 3
0.031251 0.212563 0.022958 3
-0.060393 -0.568845 0.075079 1
-0.066447 -0.035293 0.039718 3
-0.076285 -0.572649 0.044656 1
-0.068658 0.027701 0.005341 3
0.493408 0.660551 -0.119979 3
-0.125898 -0.521376 0.069836 0
-0.175443 0.254700 0.129692 4
-0.185146 0.279713 0.137424 4
-0.443428 -0.012427 0.083335 2
-0.335287 -0.075688 0.045129 2
-0.124290 0.086667 0.091159 4
0.001809 0.156425 -0.004960 3
-0.060127 -0.555126 0.051311 1
-0.177851 0.021511 0.067279 4
-0.187822 0.040230 0.053913 4
-0.519068 0.033908 0.042602 2
-0.165383 0.301444 0.146419 4
-0.664236 0.009624 0.035709 2
0.128727 0.386907 -0.102689 3
0.009967 0.180186 0.002464 3
-0.130477 -0.593194 0.093545 0
-0.014545 -0.511494 0.117254 1
-0.169555 0.502726 0.329171 4
-0.100016 -0.181468 0.062590 3
-0.141975 0.354252 0.168301 4
-0.134567 -0.380338 0.087828 0
-0.245645 -0.174520 0.060118 2
0.066224 -0.455288 0.058228 1
-0.142570 -0.572888 0.089725 0
-0.200508 0.106296 0.058989 4
-0.128805 -0.258402 0.090936 0
-0.094466 -0.610007 0.102793 1
-0.119706 -0.847638 0.098913 0
0.319532 0.546133 -0.110720 3
0.183609 0.434651 -0.097653 3
-0.179592 -0.298204 0.082253 2
-0.195329 -0.278808 0.077750 2
0.061532 -0.454166 0.030479 1
0.340413 0.548900 -0.129520 3
-0.094934 -0.758991 0.092617 0
0.349710 0.564839 -0.117919 3
-0.480386 0.000251 0.078760 2
-0.121092 -0.852165 0.081519 0
-0.139450 -0.395064 0.066073 0
-0.604847 0.060079 0.004132 2
0.469403 0.656220 -0.122202 3
0.154915 0.419944 -0.130276 3
0.198074 0.488773 -0.057123 3
-0.130314 0.033990 0.086026 4
-0.004504 0.160342 0.034701 3
-0.092919 -0.863780 0.101291 0
-0.124560 -0.372879 0.062860 0
0.072871 -0.446755 0.035939 1
-0.085221 0.009572 -0.001551 3
-0.021714 -0.517293 0.043431 1
-0.598120 0.011112 0.052279 2
-0.259282 -0.167132 0.081472 2
-0.073652 -0.580570 0.087487 1
-0.594706 0.036496 0.022173 2
-0.127214 -0.406079 0.088314 0
-0.035568 -0.534969 0.057628 1
0.061590 -0.440292 0.011563 1
-0.133510 -0.638877 0.080704 0
-0.166813 -0.034616 0.071540 4
-0.146585 -0.251760 0.053321 0
-0.174550 0.404098 0.222701 4
0.291605 0.523423 -0.111250 3
-0.005182 -0.488460 0.003040 1
-0.642783 0.013858 0.028175 2
-0.196122 0.368599 0.183066 4
-0.123835 -0.769881 0.077119 0
-0.024195 -0.526737 0.058417 1
-0.479390 -0.008372 0.104730 2
-0.518284 0.011186 0.069992 2
-0.143140 -0.555650 0.075751 0
-0.001448 -0.510503 0.060834 1
-0.131225 -0.285998 0.089496 0
-0.666863 0.026883 -0.002032 2
0.054968 0.266013 -0.013767 3
-0.194850 0.208323 0.109473 4
-0.118359 0.050513 0.088591 4
-0.420178 -0.018032 0.074450 2
-0.164905 0.038266 0.081934 4
-0.078687 -0.598188 0.070557 1
-0.163786 -0.116968 0.058657 4
-0.105603 -0.747062 0.096457 0
-0.112998 -0.564306 0.083685 0
-0.127023 -0.731788 0.080624 0
-0.471811 0.042985 0.036100 2
0.055983 0.292803 -0.046917 3
-0.087465 -0.107138 0.060866 3
-0.090116 -0.875164 0.085682 0
0.531756 0.668823 -0.103558 3
-0.420241 -0.003389 0.060701 2
-0.419202 0.012272 0.048806 2
-0.101237 -0.632811 0.094287 1
-0.125186 -0.705864 0.077012 0
-0.186714 0.428568 0.237875 4
0.060463 0.336097 -0.095139 3
0.246874 0.473516 -0.134935 3
0.258594 0.521994 -0.077069 3
-0.099021 -0.634646 0.071413 1
-0.122549 -0.652243 0.095117 0
-0.496918 -0.000038 0.090425 2
-0.495797 0.038928 0.040717 2
-0.120731 -0.204912 0.090624 3
-0.151788 -0.213450 0.079162 4
-0.045747 0.097432 -0.012050 3
0.033774 0.223290 0.007733 3
-0.157396 -0.098379 0.078793 4
-0.116805 -0.086656 0.075044 4
-0.114249 -0.192521 0.085928 3
-0.528819 0.007685 0.080401 2
-0.124055 -0.106439 0.075788 4
-0.030588 0.089806 0.056218 3
-0.168115 0.138956 0.097809 4
-0.034274 0.074637 0.057541 3
-0.573007 0.011252 0.065108 2
-0.456349 0.013599 0.055163 2
-0.533371 0.017851 0.057898 2
-0.691654 0.042919 -0.032503 2
0.209988 0.452191 -0.144893 3
0.080735 -0.436865 0.030293 1
0.496909 0.627434 -0.124604 3
-0.142776 -0.530689 0.082159 0
-0.148987 0.323566 0.149749 4
0.079699 0.322227 -0.057244 3
0.290624 0.556268 -0.080399 3
-0.099146 -0.205521 0.049153 3
0.158449 0.418621 -0.058945 3
-0.189314 0.053579 0.056313 4
-0.239622 -0.196832 0.073369 2
-0.129772 -0.628691 0.093225 0
-0.010767 0.149290 0.038866 3
-0.202708 -0.252002 0.057682 2
0.001620 0.166926 0.026029 3
0.166067 0.416975 -0.085144 3
-0.049084 -0.546478 0.090733 1
-0.260003 -0.159113 0.066268 2
0.118448 0.376638 -0.102322 3
-0.104545 -0.750934 0.077908 0
-0.153521 -0.362312 0.070347 2
-0.118803 0.014851 0.083779 4
0.007864 -0.502129 0.068740 1
-0.103345 -0.055235 0.068793 4
-0.610335 0.046001 0.007769 2
-0.156130 0.385865 0.207094 4
-0.470054 0.030360 0.045399 2
-0.175611 0.090241 0.082646 4
-0.160574 -0.324476 0.056942 2
-0.092452 -0.129365 0.063430 3
-0.090717 -0.172166 0.051542 3
-0.222860 -0.221806 0.041873 2
-0.025319 -0.526302 0.084726 1
-0.192149 -0.268618 0.057250 2
0.111488 0.367362 -0.084547 3
-0.142341 -0.463193 0.074750 0
-0.169181 -0.300044 0.088687 2
0.396434 0.573214 -0.141427 3
0.137034 0.400142 -0.033129 3
-0.102532 -0.784126 0.095486 0
-0.132518 -0.220846 0.080556 4
-0.394990 0.005031 0.040962 2
-0.128670 -0.388596 0.063014 0
-0.146560 -0.308901 0.064780 0
-0.630913 0.020888 0.021978 2
0.220216 0.500441 -0.057846 3
-0.434998 0.028486 0.040126 2
0.272917 0.502673 -0.118651 3
-0.109233 -0.668257 0.096132 0
-0.370649 -0.048123 0.072168 2
-0.037319 -0.543605 0.066440 1
0.074835 0.305025 -0.036208 3
0.240906 0.477328 -0.116826 3
-0.144349 -0.129778 0.036983 4
-0.195639 0.236453 0.122114 4
0.020666 0.278064 -0.053598 3
-0.132764 -0.291356 0.054096 0
-0.426281 -0.030937 0.124053 2
-0.568837 0.049718 0.020605 2
0.194592 0.474647 -0.064390 3
-0.272926 -0.134428 0.100866 2
-0.110070 -0.123004 0.067691 4
-0.252770 -0.152849 0.097611 2
0.488256 0.646874 -0.114348 3
-0.105756 0.034130 0.088025 4
-0.131811 0.261168 0.120427 4
0.081006 0.316502 -0.019360 3
-0.152939 -0.085766 0.031861 4
0.452829 0.621491 -0.117601 3
-0.134663 0.008321 0.083512 4
-0.273621 -0.148106 0.075617 2
0.026967 0.214173 -0.001767 3
-0.100798 -0.815832 0.078346 0
-0.191222 0.127333 0.075725 4
-0.456664 0.023889 0.048610 2
0.351205 0.579156 -0.110492 3
0.022583 -0.489703 0.082619 1
-0.080286 -0.035040 0.021536 3
-0.115868 -0.478188 0.078131 0
-0.140378 -0.615329 0.084896 0
-0.176588 0.077466 0.079989 4
-0.183614 0.015563 0.042570 4
-0.118203 -0.805519 0.075777 0
-0.109281 -0.855021 0.077853 0
-0.111005 -0.868272 0.076267 0
-0.382491 -0.030559 0.062973 2
-0.119007 -0.766277 0.097853 0
-0.719735 0.014179 -0.017779 2
-0.413289 0.021271 0.036954 2
-0.055325 0.005716 0.042665 3
-0.113654 -0.290077 0.072650 0
-0.354303 -0.062648 0.124343 2
0.040870 0.291512 -0.056198 3
-0.097928 -0.086030 0.060274 3
-0.432633 -0.002997 0.064604 2
-0.135885 -0.219684 0.044387 0
-0.127532 -0.267879 0.050841 0
-0.126639 -0.127393 0.028256 3
-0.130260 -0.447839 0.067292 0
0.237769 0.505744 -0.071139 3
-0.115984 -0.355712 0.062422 0
-0.136318 0.113761 0.092230 4
-0.320378 -0.091190 0.059108 2
-0.130123 -0.149451 0.078397 4
-0.301545 -0.111570 0.064904 2
-0.036376 0.054882 0.073114 3
0.113149 -0.418835 0.047397 1
-0.112990 -0.228565 0.081128 0
0.073380 0.282055 0.019062 3
-0.200546 0.344787 0.168290 4
-0.155850 0.169924 0.103293 4
0.048373 0.247763 0.004994 3
-0.131614 -0.341259 0.085206 0
-0.370971 -0.052050 0.115785 2
-0.134130 0.064310 0.088329 4
-0.155729 -0.156466 0.048269 4
-0.039184 0.116423 -0.026097 3
-0.542597 0.014235 0.065030 2
-0.067316 -0.545641 0.025957 1
0.091020 0.336525 0.004206 3
-0.046411 0.106452 -0.032469 3
-0.582691 0.028491 0.033193 2
-0.039702 0.058589 0.052397 3
-0.222198 -0.192395 0.109979 2
0.020489 0.201140 -0.016646 3
-0.101860 -0.713351 0.091552 0
-0.109184 -0.149628 0.036584 3
-0.012544 0.119445 0.009323 3
0.305260 0.562407 -0.089441 3
-0.095718 -0.020401 0.002448 3
-0.141413 0.204895 0.107378 4
-0.131853 -0.129670 0.038688 3
-0.141848 -0.333098 0.061075 0
0.179725 0.434516 -0.114238 3
0.366473 0.552908 -0.148537 3
-0.162240 0.024256 0.081726 4
-0.074311 0.060187 -0.023179 3
-0.131871 -0.659310 0.089650 0
-0.122402 -0.202480 0.041656 0
-0.133467 -0.304973 0.055733 0
-0.098744 -0.122363 0.080024 3
-0.013028 0.187802 -0.033480 3
-0.416920 -0.029619 0.114875 2
-0.014348 0.149573 0.054314 3
-0.036978 0.108623 -0.008971 3
-0.290463 -0.123856 0.067845 2
-0.168592 0.474229 0.306471 4
0.502912 0.644123 -0.113181 3
-0.194608 0.143248 0.079371 4
-0.193192 -0.263045 0.085210 2
-0.179851 0.474643 0.294081 4
-0.128500 0.137465 0.092679 4
-0.179074 0.387780 0.203826 4
-0.116840 -0.441537 0.083489 0
-0.142446 -0.581264 0.077344 0
-0.651033 0.037714 -0.008490 2
-0.563512 0.066863 0.006512 2
-0.117281 -0.874563 0.094962 0
0.406396 0.625239 -0.108633 3
0.007898 0.237267 -0.040644 3
-0.171969 0.111209 0.089315 4
-0.150467 -0.212956 0.059282 4
-0.702544 0.032903 -0.029407 2
-0.149818 0.050510 0.087525 4
0.198685 0.455412 -0.081819 3
-0.026815 0.113556 0.054737 3
-0.130779 -0.229525 0.091810 4
0.027050 0.245856 -0.034815 3
-0.128881 -0.329285 0.059314 0
-0.154512 -0.053338 0.080579 4
-0.550772 0.039584 0.033493 2
-0.110175 -0.038582 -0.003747 3
-0.175643 -0.017242 0.058715 4
-0.134836 0.225418 0.111982 4
-0.109388 -0.586768 0.079894 0
-0.628787 0.049395 -0.004051 2
-0.159142 0.281401 0.137631 4
-0.154302 -0.182038 0.077605 4
0.040695 0.319299 -0.082902 3
-0.055998 -0.533402 0.027137 1
-0.349126 -0.067683 0.113671 2
0.034679 0.280253 -0.051235 3
-0.145466 -0.151450 0.039553 4
-0.169666 -0.070896 0.048575 4
-0.505032 0.008883 0.070572 2
-0.542186 0.065733 0.013177 2
-0.141955 -0.233331 0.046239 0
-0.692287 0.023968 -0.015023 2
-0.073750 -0.052933 0.062248 3
-0.158447 -0.117925 0.068992 4
-0.148284 0.150766 0.098006 4
-0.317929 -0.095430 0.070092 2
-0.076147 -0.571768 0.107666 1
-0.014443 0.130891 0.024939 3
0.291959 0.540219 -0.096936 3
-0.112467 -0.152139 0.093031 3
-0.290622 -0.122834 0.047203 2
0.145139 0.401527 -0.054855 3
-0.022884 0.131568 -0.007106 3
-0.054834 -0.006205 0.025404 3
0.236011 0.465542 -0.139556 3
-0.072890 -0.067785 0.042298 3
-0.150275 -0.191332 0.051557 4
-0.149883 -0.294374 0.067531 0
0.002851 0.166093 0.010077 3
-0.396355 -0.033424 0.082149 2
0.001406 -0.501029 0.106282 1
-0.163203 -0.055786 0.030678 4
-0.126103 -0.874074 0.079818 0
-0.063751 -0.550748 0.112311 1
-0.389355 -0.042146 0.124749 2
-0.643635 0.052379 -0.015021 2
-0.124711 -0.519942 0.092694 0
-0.014328 -0.516477 0.096129 1
-0.552261 0.002360 0.099192 2
-0.006109 0.148015 0.015810 3
0.425362 0.641092 -0.117607 3
0.028828 -0.477845 0.104593 1
-0.182898 0.033934 0.062356 4
-0.125932 -0.161093 0.076830 4
-0.115788 -0.803578 0.098636 0
0.077989 0.343623 -0.087964 3
-0.104586 -0.195390 0.073555 3
-0.137103 -0.190681 0.039140 0
-0.164883 0.423485 0.253434 4
-0.076856 -0.042798 0.083600 3
-0.139275 -0.506922 0.088307 0
-0.138583 -0.353126 0.065523 0
-0.460664 0.005792 0.064360 2
-0.138293 -0.392477 0.087978 0
-0.182758 0.057577 0.069417 4
-0.130504 -0.248659 0.083204 0
-0.049235 0.017839 0.068480 3
-0.050171 0.023098 0.045497 3
-0.031230 0.078363 0.021926 3
-0.643125 0.009101 0.047058 2
-0.116003 -0.054327 0.001657 3
-0.152869 0.340111 0.163254 4
0.539237 0.668176 -0.112559 3
-0.211001 -0.222812 0.094515 2
0.181626 0.471043 -0.050951 3
-0.161355 0.005163 0.080287 4
-0.266565 -0.143347 0.049100 2
-0.681945 0.022761 -0.004719 2
-0.105399 -0.643234 0.096744 0
0.028881 -0.487563 0.064455 1
0.003055 0.274324 -0.058355 3
-0.177641 0.128299 0.087953 4
-0.082236 -0.591426 0.044459 1
0.088085 0.325803 0.006843 3
0.169597 0.447879 -0.047061 3
-0.398503 -0.015961 0.061405 2
-0.224800 -0.220683 0.081837 2
-0.065059 0.055751 -0.005084 3
-0.158790 -0.020869 0.081416 4
0.413493 0.596136 -0.122392 3
0.125134 0.391618 -0.122831 3
-0.157358 -0.143558 0.065842 4
-0.122443 -0.417818 0.082418 0
-0.098612 -0.007384 -0.007986 3
-0.099775 -0.779198 0.079315 0
0.171561 0.419889 -0.075599 3
0.016443 -0.491915 0.091955 1
-0.027323 0.148097 -0.047482 3
-0.131390 0.160471 0.093010 4
-0.105014 -0.111774 0.063788 3
-0.047014 0.064113 0.006384 3
-0.093037 -0.155291 0.055483 3
-0.092808 -0.085458 0.090173 3
-0.073906 -0.014722 0.018299 3
-0.677011 0.013338 0.016783 2
-0.733542 0.013430 -0.041346 2
0.200213 0.447930 -0.130059 3
-0.137019 -0.355143 0.085193 0
-0.119246 0.075650 0.091552 4
-0.112215 -0.253208 0.074467 0
0.373426 0.597902 -0.108447 3
-0.147527 -0.472818 0.082845 0
-0.119409 -0.640626 0.074910 0
-0.090802 -0.105229 0.035608 3
0.153902 0.400460 -0.069772 3
-0.193122 0.077608 0.056773 4
-0.253416 -0.143465 0.105820 2
-0.101713 -0.104837 0.089535 3
-0.122751 -0.556346 0.093434 0
-0.080952 -0.069636 0.069318 3
-0.185364 0.108318 0.076027 4
-0.557936 0.021917 0.048468 2
-0.268421 -0.147577 0.089272 2
0.177701 0.441827 -0.065218 3
-0.044204 -0.529563 0.035775 1
-0.118522 0.114557 0.092659 4
-0.352850 -0.062677 0.072104 2
0.369982 0.585355 -0.114311 3
-0.158506 -0.351501 0.077730 2
-0.122553 0.178532 0.090905 4
0.001343 0.167791 0.050590 3
0.015461 0.291570 -0.065918 3
-0.201524 0.297765 0.137807 4
-0.134095 -0.064124 0.079059 4
-0.141184 -0.794835 0.093916 0
-0.201320 -0.267569 0.077517 2
0.072603 -0.445793 0.074678 1
0.036318 -0.467395 0.112607 1
-0.066308 0.003354 0.016941 3
0.063720 0.284803 -0.021935 3
-0.133608 0.093563 0.090710 4
-0.133540 -0.461736 0.067280 0
-0.020395 0.140459 0.056832 3
-0.581585 0.052712 0.016643 2
-0.031559 0.082072 0.008796 3
-0.150783 0.240251 0.119147 4
-0.104509 -0.128324 0.035052 3
-0.221860 -0.215058 0.064487 2
-0.525245 0.054185 0.027477 2
0.285653 0.543096 -0.087732 3
-0.135751 -0.242590 0.045978 0
-0.436953 -0.026513 0.121304 2
-0.048764 0.009730 0.027650 3
-0.052258 -0.557770 0.074435 1
-0.195648 0.253744 0.126992 4
-0.406893 -0.035613 0.114380 2
-0.204813 -0.247476 0.069953 2
-0.067656 -0.047595 0.040435 3
-0.122531 -0.478669 0.087030 0
-0.716130 0.019803 -0.026678 2
0.188764 0.443411 -0.139371 3
-0.097613 -0.620392 0.095843 1
-0.136171 -0.194980 0.080724 4
-0.212691 -0.212909 0.106307 2
-0.111545 -0.845679 0.106193 0
-0.017521 -0.500274 0.018356 1
-0.579866 0.016879 0.048177 2
0.149542 0.412293 -0.046581 3
-0.103087 -0.835683 0.098229 0
-0.144407 -0.501434 0.079135 0
-0.325564 -0.088210 0.113538 2
-0.121342 -0.325730 0.080165 0
-0.084300 -0.065550 0.082318 3
-0.717356 0.011664 -0.007120 2
-0.065731 -0.568346 0.084786 1
-0.606704 0.027044 0.023974 2
-0.149914 -0.237223 0.069993 0
0.131939 0.394846 -0.022494 3
0.055644 -0.453108 0.100669 1
0.063969 0.267771 0.012842 3
-0.000889 0.247829 -0.050003 3
-0.027307 0.092186 0.007416 3
-0.146282 -0.321296 0.085522 0
-0.133344 0.281443 0.125893 4
-0.681942 0.032715 -0.019678 2
0.066774 0.294321 -0.040460 3
-0.116513 -0.337088 0.060923 0
-0.065231 -0.023173 0.061825 3
-0.135775 -0.683006 0.088149 0
0.256630 0.477500 -0.140392 3
-0.180877 -0.003040 0.050894 4
-0.169067 -0.311406 0.068365 2
-0.199216 -0.235581 0.109032 2
0.036942 -0.476305 0.091725 1
-0.091063 -0.634781 0.079945 1
-0.010145 -0.516666 0.069888 1
-0.020671 0.170228 -0.044239 3
-0.176855 0.138894 0.090896 4
-0.122022 -0.247625 0.049064 0
-0.172421 0.183942 0.105800 4
-0.172500 0.440495 0.264466 4
-0.129838 -0.537868 0.072726 0
0.507111 0.635692 -0.120782 3
-0.127746 -0.791404 0.104609 0
-0.104708 -0.870200 0.100609 0
-0.155922 0.365105 0.185650 4
-0.165128 -0.090048 0.038580 4
-0.089603 -0.146683 0.045281 3
0.090994 -0.428923 0.070373 1
-0.108408 -0.608093 0.075957 0
-0.217851 -0.229739 0.082537 2
0.093806 0.354856 -0.092443 3
-0.097343 -0.086883 0.027941 3
-0.146228 -0.174775 0.036082 4
0.059779 -0.460019 0.050710 1
-0.195478 0.113394 0.067569 4
0.382000 0.621273 -0.100297 3
0.002667 -0.490412 0.023756 1
-0.130211 -0.093919 0.015490 3
-0.168074 0.097615 0.088095 4
0.133905 0.394698 -0.114898 3
-0.586564 0.066297 0.005900 2
-0.107047 -0.694248 0.096608 0
-0.168015 0.345521 0.172545 4
0.226900 0.471790 -0.097737 3
0.308177 0.541055 -0.109193 3
-0.137429 -0.481939 0.071980 0
-0.125014 -0.462480 0.087365 0
-0.088080 -0.077350 0.029569 3
-0.227020 -0.188078 0.101211 2
-0.185658 -0.279750 0.053711 2
-0.583126 0.007223 0.073833 2
-0.485836 0.046318 0.034876 2
0.063616 0.277250 -0.002788 3
-0.202441 0.217407 0.113731 4
-0.115352 -0.112933 0.071959 4
-0.068005 -0.023368 0.082709 3
0.348462 0.603749 -0.097024 3
-0.089356 -0.045315 0.019256 3
0.295364 0.503003 -0.143448 3
0.016228 0.193304 -0.006085 3
-0.112059 -0.537582 0.085426 0
-0.149341 -0.256771 0.075839 0
-0.102530 -0.675121 0.079651 0
-0.702734 0.010928 0.005805 2
-0.212483 -0.227749 0.065929 2
0.020966 -0.485651 0.037176 1
-0.150298 -0.207256 0.043717 0
-0.067657 0.065613 -0.014296 3
-0.186386 0.038097 0.042345 4
-0.088162 -0.059143 0.024784 3
-0.144703 0.016510 0.084919 4
-0.249922 -0.161288 0.052401 2
-0.113619 -0.175938 0.088224 3
-0.266506 -0.150588 0.067582 2
-0.185465 0.232027 0.120454 4
-0.133752 -0.108472 0.020147 3
-0.120636 -0.498936 0.086241 0
-0.142606 -0.276079 0.079801 0
-0.178901 -0.296359 0.070224 2
-0.141445 -0.149179 0.079181 4
0.463902 0.645756 -0.116813 3
-0.505943 0.040774 0.037598 2
0.173563 0.432826 -0.129470 3
0.026854 -0.464253 0.012680 1
0.427791 0.587120 -0.139840 3
-0.342810 -0.076065 0.089091 2
-0.018209 0.196457 -0.055308 3
0.222960 0.459646 -0.132524 3
-0.194958 0.276641 0.134274 4
-0.171370 -0.010592 0.068092 4
-0.108435 -0.033647 0.073500 4
-0.116619 -0.299983 0.075558 0
-0.190307 0.086452 0.063981 4
-0.110099 -0.627799 0.077031 0
0.115003 0.379120 -0.119362 3
-0.144753 -0.080891 0.079818 4
0.038552 -0.479704 0.059104 1
-0.176219 0.432239 0.249752 4
-0.078781 -0.581589 0.050041 1
-0.093502 -0.879603 0.076311 0
-0.154127 0.191184 0.108037 4
-0.150601 0.074004 0.090261 4
-0.119075 -0.781841 0.076258 0
-0.169045 0.415972 0.240191 4
-0.563105 0.060546 0.016273 2
-0.399911 -0.036907 0.103666 2
-0.153158 -0.341850 0.052632 2
-0.146914 -0.453571 0.078314 0
-0.146751 -0.350564 0.059118 0
-0.152972 -0.373859 0.078262 0
0.052503 -0.466332 0.080955 1
0.021014 -0.491941 0.053708 1
-0.292161 -0.117522 0.105504 2
-0.118911 -0.349481 0.076892 0
-0.298407 -0.117425 0.085941 2
-0.127524 -0.823635 0.102968 0
-0.154173 -0.175655 0.069070 4
0.016381 -0.478193 0.019524 1
0.230145 0.488839 -0.083949 3
-0.337832 -0.071978 0.056947 2
-0.149930 -0.106829 0.034279 4
0.292106 0.515879 -0.122809 3
-0.400707 -0.038145 0.124580 2
-0.111000 -0.818808 0.100192 0
0.079058 0.304792 0.008448 3
0.337689 0.582899 -0.101477 3
-0.133699 -0.724255 0.086534 0
-0.115939 -0.117564 0.028277 3
-0.127753 -0.574332 0.072158 0
0.014137 0.188193 0.017433 3
0.310447 0.527039 -0.127709 3
-0.111226 -0.830526 0.077056 0
0.451794 0.602643 -0.130589 3
-0.082547 0.051555 -0.019525 3
-0.134808 -0.179896 0.036814 0
-0.146069 0.265610 0.126901 4
-0.172141 0.239830 0.124698 4
-0.070958 0.045065 -0.004949 3
-0.144340 -0.128561 0.078629 4
0.005323 0.259470 -0.050498 3
-0.242207 -0.159841 0.101638 2
-0.080487 -0.586996 0.107359 1
-0.166529 -0.323398 0.048266 2
-0.110281 -0.082258 0.020526 3
-0.153047 0.221950 0.115831 4
0.329255 0.529160 -0.144468 3
-0.144635 0.373894 0.192506 4
-0.014321 0.204051 -0.045744 3
-0.252628 -0.161996 0.091585 2
0.023725 -0.463608 0.002612 1
-0.150625 -0.396873 0.083306 0
-0.651681 0.057059 -0.020006 2
-0.135884 -0.462897 0.089843 0
0.510165 0.665269 -0.111022 3
-0.508899 -0.000888 0.111946 2
-0.098022 -0.710169 0.079538 0
-0.083723 -0.089537 0.061782 3
-0.063687 -0.571919 0.065547 1
-0.169703 0.064383 0.082949 4
-0.195229 0.178554 0.094491 4
-0.135733 -0.404869 0.064991 0
0.001055 0.225887 -0.039602 3
-0.442619 -0.008521 0.068777 2
-0.062214 -0.015982 0.043403 3
-0.124797 0.221276 0.109750 4
-0.205145 0.257989 0.125363 4
-0.096332 -0.737579 0.079943 0
-0.458595 -0.000896 0.072388 2
-0.140473 -0.596278 0.089269 0
-0.142090 -0.240527 0.080156 0
0.116819 0.365892 -0.043720 3
0.047149 0.222475 0.031402 3
0.283019 0.507189 -0.123626 3
-0.442986 0.007077 0.057655 2
-0.118026 -0.713661 0.097586 0
-0.252137 -0.166225 0.061379 2
-0.118747 -0.662022 0.069462 0
-0.149197 -0.413613 0.084174 0
-0.108377 -0.760636 0.076951 0
0.227895 0.469539 -0.111733 3
-0.057826 -0.547420 0.044608 1
-0.015472 0.138789 0.036187 3
-0.381266 -0.048377 0.074588 2
-0.114720 -0.335363 0.072234 0
-0.130448 -0.137011 0.029654 3
-0.310903 -0.103090 0.071001 2
-0.171208 -0.041151 0.060602 4
0.316850 0.558961 -0.102552 3
-0.305048 -0.104222 0.120306 2
-0.650438 0.016140 0.019916 2
0.061427 -0.459533 0.066764 1
-0.154693 0.129129 0.096560 4
-0.100371 -0.645918 0.075548 1
-0.043825 0.042097 0.036288 3
-0.486676 0.005195 0.070893 2
-0.098080 -0.620687 0.051215 1
-0.142309 0.139679 0.095006 4
-0.116291 -0.527038 0.074870 0
0.367585 0.612457 -0.097527 3
-0.118393 -0.586131 0.073230 0
-0.226085 -0.209037 0.053560 2
-0.131116 -0.582853 0.093090 0
-0.108116 -0.275239 0.056166 0
-0.489143 -0.005530 0.109625 2
0.215221 0.483785 -0.074691 3
-0.685072 0.016799 0.003360 2
-0.188105 0.290660 0.140533 4
0.008413 -0.498821 0.047094 1
-0.342820 -0.065576 0.033699 2
-0.133515 -0.737707 0.086012 0
0.319634 0.535579 -0.126208 3
-0.007488 -0.504744 0.034921 1
-0.193645 -0.251055 0.100220 2
-0.141748 -0.530593 0.092409 0
-0.086777 -0.605830 0.045063 1
-0.110836 -0.315655 0.059445 0
-0.625542 0.030974 0.014334 2
-0.167210 0.075621 0.085882 4
-0.142204 -0.342403 0.102272 2
0.304466 0.507749 -0.149338 3
-0.136158 0.182400 0.098523 4
-0.107096 -0.234537 0.065470 0
-0.250719 -0.179795 0.080232 2
0.423907 0.607570 -0.118133 3
-0.154788 -0.138489 0.074397 4
0.072405 0.297454 -0.012842 3
-0.386633 -0.022309 0.058504 2
-0.118332 -0.547782 0.072697 0
-0.136184 0.243557 0.117145 4
-0.116288 -0.743735 0.098455 0
-0.117083 -0.414068 0.064582 0
0.386647 0.606410 -0.109216 3
0.450355 0.637155 -0.114849 3
0.163259 0.427667 -0.055649 3
0.037025 0.262536 -0.038549 3
-0.111672 -0.354938 0.071615 0
-0.194986 0.263366 0.130247 4
-0.509280 0.052767 0.029619 2
0.036984 -0.461337 0.016935 1
-0.206186 0.196401 0.098384 4
-0.035315 0.058407 0.016218 3
-0.090116 -0.091563 0.079007 3
-0.042853 0.034259 0.069087 3
-0.154478 0.313375 0.147760 4
-0.087931 -0.611838 0.084051 1
-0.116178 -0.305879 0.057957 0
-0.502088 0.021587 0.054308 2
-0.163508 0.227672 0.120867 4
-0.073614 -0.559802 0.030514 1
0.048838 -0.471209 0.056532 1
-0.156330 -0.341322 0.082617 2
-0.227198 -0.212666 0.041234 2
-0.102058 -0.247308 0.063128 0
-0.646384 0.027662 0.006731 2
-0.130144 -0.648481 0.079277 0
-0.120407 -0.822795 0.083363 0
-0.191421 0.305050 0.146625 4
0.441748 0.610475 -0.120877 3
0.387596 0.563864 -0.155300 3
-0.194675 0.055944 0.045498 4
-0.561728 0.029095 0.040055 2
-0.053386 0.014219 0.049101 3
-0.135078 -0.491645 0.069349 0
-0.146608 -0.201928 0.079323 4
-0.204276 0.147386 0.075644 4
-0.141860 -0.287039 0.053283 0
-0.111819 -0.216466 0.048382 0
-0.128453 -0.859170 0.082524 0
-0.686067 0.008963 0.020140 2
-0.238519 -0.179729 0.047977 2
-0.653167 0.009180 0.048052 2
-0.051934 0.043669 0.011926 3
0.270154 0.524008 -0.091534 3
0.046550 -0.466900 0.095155 1
-0.032386 0.085209 0.047424 3
-0.130312 -0.691402 0.089320 0
0.254342 0.512854 -0.085581 3
-0.145266 -0.441076 0.076105 0
-0.121713 0.039061 0.087344 4
-0.005123 0.135911 0.005639 3
-0.038926 0.091110 0.000315 3
-0.165932 -0.094037 0.058560 4
-0.151867 -0.224940 0.053194 0
-0.118415 -0.432496 0.076807 0
-0.232169 -0.216870 0.076159 2
-0.165225 -0.075926 0.068906 4
-0.144472 -0.386435 0.064497 0
0.048620 0.297880 -0.056615 3
-0.615798 0.008424 0.055077 2
-0.575187 0.004750 0.086441 2
0.187186 0.436986 -0.088577 3
-0.027406 0.131726 -0.016057 3
0.143137 0.406789 -0.120724 3
-0.121732 -0.364020 0.079282 0
-0.127997 0.119306 0.091539 4
0.397260 0.602720 -0.113763 3
-0.145966 0.115671 0.094219 4
-0.163134 -0.322431 0.083513 2
-0.121635 -0.604916 0.092348 0
-0.131481 -0.624148 0.077722 0
-0.126176 -0.804585 0.095012 0
-0.047071 0.027787 0.018204 3
-0.008836 0.233189 -0.053856 3
-0.174522 0.461159 0.286199 4
-0.124023 0.199383 0.095825 4
-0.164848 0.204436 0.114448 4
0.017983 0.246297 -0.039011 3
-0.613118 0.037829 0.012803 2
-0.205627 0.166877 0.084303 4
-0.122525 -0.071062 0.077177 4
0.276517 0.541946 -0.079452 3
-0.142923 -0.032882 0.080980 4
0.214219 0.459576 -0.109011 3
-0.081162 -0.023157 0.016569 3
-0.103843 -0.220712 0.062471 0
-0.020987 0.150289 -0.018013 3
-0.139103 0.305701 0.133650 4
0.087223 0.329485 -0.014257 3
-0.284853 -0.132278 0.085428 2
-0.162053 -0.104673 0.039957 4
-0.307728 -0.111986 0.036550 2
-0.001540 0.156060 0.007844 3
0.055905 -0.452672 0.022441 1
-0.735391 0.008660 -0.026304 2
0.092107 0.340848 -0.004655 3
-0.186045 -0.286554 0.082027 2
-0.312183 -0.098569 0.114923 2
-0.207195 -0.242966 0.083328 2
0.069405 0.287055 -0.000437 3
-0.039264 -0.515892 0.019958 1
0.035922 0.227465 -0.023200 3
-0.244607 -0.183730 0.068814 2
-0.436860 0.013141 0.052599 2
-0.027508 0.096582 0.028434 3
0.008673 -0.492303 0.117482 1
-0.133530 -0.170786 0.079660 4
-0.132277 -0.668057 0.094229 0
0.300080 0.542864 -0.101900 3
-0.144061 0.333933 0.152436 4
-0.124823 0.151231 0.091329 4
-0.018761 0.129919 0.046201 3
-0.383079 -0.016638 0.051268 2
-0.118135 -0.626394 0.094653 0
0.273659 0.484568 -0.146297 3
-0.047081 0.030238 0.034159 3
-0.099268 -0.151433 0.072775 3
-0.137932 0.073480 0.089922 4
0.179147 0.456985 -0.055113 3
-0.055584 -0.000385 0.080861 3
-0.378950 -0.037440 0.069796 2
-0.244194 -0.179530 0.087612 2
-0.129882 -0.640706 0.092074 0
0.437084 0.621837 -0.116720 3
-0.130214 -0.756305 0.080592 0
-0.127212 -0.130977 0.079131 4
