-0.004847 -0.626267 0.306331 0
0.967782 -0.120027 -0.148440 1
-0.844225 -0.189276 -0.169965 2
-0.007579 0.394335 0.385102 3
0.371859 0.174218 -0.120186 1
-0.276971 0.127822 -0.139855 2
0.027828 -0.145294 0.159097 0
0.729950 0.137469 0.036022 1
-0.632165 0.097944 -0.055097 2
-0.098186 0.175324 0.141668 3
-0.601622 -0.061338 -0.321811 2
0.187352 0.117558 0.103363 0
0.713929 -0.009744 -0.194305 1
0.487868 0.218714 0.112666 1
-0.017307 -0.380263 0.241614 0
-0.421179 0.177802 0.024335 2
-0.477903 0.074173 -0.208429 2
0.070335 0.241950 0.246430 3
0.012212 -0.816278 0.390765 0
0.573427 0.112898 -0.102223 1
0.891701 0.019594 -0.015831 1
-0.722972 -0.040824 -0.157178 2
-0.722220 -0.214991 -0.314228 2
-0.841423 -0.369305 -0.227107 2
-0.187375 0.069446 0.015634 2
0.333460 0.184850 0.046347 1
-0.083788 0.282567 0.293555 3
0.034292 0.095421 0.183160 3
0.847866 -0.032234 -0.147350 1
0.761826 0.061623 -0.080999 1
0.594204 0.175710 0.023602 1
-0.604491 0.018675 -0.200211 2
-0.497453 0.132615 -0.081528 2
0.463391 0.161277 -0.013656 1
-0.290107 0.155667 0.006336 2
-0.003488 -0.490344 0.316001 0
-0.038605 0.163722 0.267022 3
0.015643 -0.241796 0.245136 0
0.067171 -0.022617 0.141620 0
-0.360265 0.099865 -0.235632 2
-0.694394 -0.110576 -0.256522 2
0.480628 0.139306 -0.168565 1
-0.380537 0.144338 -0.079880 2
-0.512729 0.014690 -0.302373 2
-0.057273 -0.046185 0.118334 0
-0.800651 -0.264844 -0.248152 2
0.617090 0.049183 -0.187046 1
-0.063358 0.069510 0.131323 3
-0.009814 -0.703543 0.386639 0
0.279643 0.169155 -0.048481 1
0.034283 0.322888 0.308993 3
0.672332 0.120410 -0.051520 1
-0.802949 -0.104381 -0.122269 2
0.941439 -0.058435 -0.065397 1
0.379486 0.211465 0.134772 1
0.101350 0.064273 0.102412 0
-0.710704 0.028130 -0.085036 2
-0.867698 -0.292245 -0.171417 2
-0.761257 -0.176792 -0.229427 2
-0.098526 0.029534 0.047459 0
-0.570516 0.082916 -0.129527 2
0.805799 0.076467 0.003965 1
0.245945 0.146675 0.036961 1
0.023032 0.189515 0.185766 3
-0.002945 -0.240889 0.154161 0
-0.078685 0.328258 0.373937 3
-0.231425 0.127596 -0.061426 2
0.684446 0.073115 -0.127515 1
-0.408153 0.111745 -0.158523 2
-0.012802 -0.537569 0.241505 0
0.884389 -0.105243 -0.178722 1
0.018519 -0.315534 0.195381 0
-0.015813 0.246999 0.247396 3
0.371703 0.182120 -0.034352 1
-0.640734 -0.044041 -0.246883 2
-0.007821 0.016838 0.170315 3
-0.107248 0.206464 0.238268 3
0.428077 0.188451 0.059862 1
0.281193 0.171797 0.112315 1
0.787348 -0.056204 -0.200612 1
-0.558246 0.137926 -0.024086 2
0.837997 0.016739 -0.080692 1
-0.050745 0.125608 0.191437 3
0.541012 0.158101 -0.041431 1
-0.442488 0.063847 -0.282085 2
-0.640530 0.040119 -0.123535 2
0.547350 0.087875 -0.178319 1
0.773514 0.014428 -0.146782 1
0.564874 0.202983 0.092754 1
-0.668625 -0.145153 -0.323580 2
0.476299 0.137762 -0.089509 1
-0.761675 -0.109074 -0.190031 2
0.663113 0.170939 0.057106 1
0.024673 -0.080736 0.116116 0
0.513162 0.192449 0.034618 1
-0.017511 -0.456099 0.243950 0
-0.485848 0.165568 -0.014682 2
-0.539188 0.038570 -0.229442 2
-0.311027 0.117219 -0.052366 2
-0.029275 -0.711695 0.317578 0
-0.007759 0.210685 0.312135 3
-0.471875 0.085961 -0.137043 2
0.735711 0.098895 -0.024502 1
-0.579424 -0.011225 -0.275632 2
0.008723 -0.011189 0.102763 0
-0.026483 -0.557268 0.313419 0
-0.765449 -0.048423 -0.101015 2
-0.232886 0.124985 0.032734 2
-0.666854 -0.013147 -0.188694 2
0.919701 -0.071395 -0.129882 1
-0.356515 0.170515 -0.003867 2
-0.341205 0.121422 -0.164829 2
-0.808643 -0.332159 -0.272360 2
0.601864 0.128673 -0.044119 1
-0.029936 0.330289 0.328668 3
-0.027324 -0.771169 0.362729 0
0.884453 -0.031299 -0.090830 1
-0.522650 0.054244 -0.164520 2
-0.001641 -0.192095 0.197736 0
0.423766 0.175210 -0.073035 1
-0.127203 0.087435 0.039888 0
-0.072024 0.211499 0.295396 3
0.976505 -0.108342 -0.086037 1
-0.046013 0.018944 0.084616 0
-0.428716 0.146908 -0.039096 2
-0.837314 -0.244518 -0.199541 2
-0.694491 -0.063338 -0.214243 2
0.075327 0.179711 0.218193 3
-0.844863 -0.303939 -0.228840 2
0.426961 0.149104 -0.138958 1
-0.721087 -0.161429 -0.282889 2
-0.433475 0.118262 -0.100787 2
0.632014 0.093823 -0.100610 1
-0.762057 -0.263936 -0.296171 2
-0.648932 -0.091591 -0.296809 2
0.017859 -0.673162 0.338805 0
-0.025958 0.068296 0.196580 3
0.643035 0.145216 -0.003111 1
-0.421697 0.084346 -0.229195 2
-0.034376 0.353695 0.420476 3
-0.019513 -0.113263 0.141375 0
-0.560890 0.115025 -0.080144 2
-0.015009 -0.630189 0.364655 0
0.156192 0.083268 0.066629 0
-0.002441 -0.040003 0.155481 0
0.524196 0.132064 -0.127838 1
-0.027456 0.189604 0.215315 3
0.014465 0.262582 0.296935 3
0.022033 -0.430947 0.278803 0
-0.686311 0.005162 -0.133012 2
-0.060002 0.127545 0.132276 3
-0.797378 -0.156428 -0.180279 2
-0.010595 -0.323410 0.247529 0
0.671186 0.029767 -0.185789 1
0.842689 0.047416 -0.032413 1
0.408121 0.166961 0.007239 1
0.293089 0.179400 0.006337 1
0.331539 0.174122 -0.080190 1
-0.331381 0.137563 -0.111412 2
0.721628 0.036342 -0.150083 1
-0.304817 0.115053 -0.207096 2
-0.778316 -0.216571 -0.265113 2
0.329361 0.197497 0.101526 1
0.022008 -0.547176 0.288396 0
0.007042 0.137090 0.207663 3
0.604503 0.092552 -0.148590 1
0.013856 0.347663 0.356977 3
0.424622 0.221349 0.103596 1
0.087615 0.010433 0.103555 0
0.710346 0.089959 -0.075657 1
-0.492918 0.044115 -0.257144 2
0.234333 0.151789 0.093986 1
-0.031788 0.289141 0.280751 3
0.837986 -0.069342 -0.188287 1
-0.199998 0.113065 -0.013080 2
0.694729 0.125747 -0.002985 1
-0.121734 0.039304 0.094573 0
-0.864085 -0.344751 -0.185612 2
-0.523527 0.105340 -0.119653 2
-0.277315 0.140509 -0.088478 2
-0.810087 -0.198126 -0.209502 2
0.380961 0.191485 0.082556 1
-0.062176 0.288447 0.344401 3
-0.007671 -0.266412 0.199477 0
0.912497 -0.014642 -0.050915 1
0.010896 -0.760304 0.395508 0
-0.612891 0.083006 -0.100640 2
-0.661645 0.064770 -0.080616 2
0.030994 0.213544 0.230333 3
-0.763906 -0.076435 -0.143515 2
-0.263871 0.116122 -0.023934 2
-0.602873 0.048894 -0.159353 2
-0.734805 -0.010578 -0.113831 2
0.818421 0.000142 -0.123711 1
-0.724267 -0.124099 -0.219190 2
0.009740 -0.591000 0.338101 0
0.022737 0.127176 0.146854 3
0.284892 0.170805 0.055574 1
0.618406 0.185388 0.072430 1
0.194352 0.125154 0.055422 0
-0.824323 -0.145227 -0.140878 2
0.798572 -0.021551 -0.168072 1
0.474662 0.193668 0.072418 1
-0.058059 0.222489 0.250258 3
0.770978 0.114475 0.024573 1
0.009052 -0.488692 0.269287 0
0.146883 0.071065 0.117261 0
-0.026212 0.328633 0.376768 3
0.023257 -0.372565 0.266571 0
-0.563241 0.048386 -0.189279 2
-0.329946 0.162971 0.035181 2
0.021424 -0.718756 0.351995 0
0.800943 0.057994 -0.054201 1
-0.089243 -0.000373 0.088757 0
-0.170747 0.074100 0.059914 0
0.791294 0.025917 -0.091252 1
0.515643 0.160538 -0.001531 1
-0.003893 -0.189451 0.150811 0
0.486143 0.166817 -0.054393 1
-0.856490 -0.231369 -0.154178 2
0.462264 0.191603 0.027570 1
-0.069859 0.177680 0.230435 3
0.321443 0.182595 -0.033260 1
-0.342084 0.151626 -0.050311 2
0.024790 -0.597049 0.285944 0
0.055712 0.220856 0.192619 3
0.554932 0.179798 0.047812 1
-0.539367 0.003435 -0.259596 2
0.363394 0.164724 0.018543 1
-0.383430 0.104747 -0.196769 2
-0.448914 0.094773 -0.180149 2
-0.055711 0.252278 0.312242 3
0.641798 0.066990 -0.151049 1
-0.573917 0.002429 -0.229372 2
0.977944 -0.154559 -0.121088 1
0.724469 0.049865 -0.103478 1
-0.556556 -0.017674 -0.313990 2
0.519485 0.197252 0.088677 1
0.880726 -0.067097 -0.151685 1
-0.640883 0.010948 -0.161259 2
0.925316 -0.118483 -0.162515 1
0.012077 -0.351807 0.220729 0
0.525431 0.151840 -0.082840 1
0.022591 -0.778348 0.356389 0
-0.026133 -0.662722 0.336189 0
-0.728892 -0.078918 -0.179578 2
-0.381658 0.129332 -0.121638 2
-0.519352 0.150594 -0.041217 2
0.576303 0.147478 -0.013243 1
-0.699499 -0.178367 -0.323945 2
-0.024436 -0.811907 0.346070 0
-0.028473 0.050832 0.151327 3
-0.611919 -0.042537 -0.283552 2
0.013381 -0.285104 0.238872 0
-0.038054 0.093487 0.162994 3
0.875526 0.004883 -0.062333 1
0.755859 -0.020673 -0.194071 1
0.774865 0.080790 -0.027880 1
-0.020238 -0.068173 0.115606 0
-0.628615 -0.010902 -0.219635 2
0.029135 0.241951 0.262492 3
0.569288 0.145413 -0.070848 1
0.516435 0.116082 -0.168771 1
-0.345313 0.115458 -0.077745 2
0.054753 -0.016492 0.100655 0
-0.138513 0.047134 0.053311 0
-0.457076 0.142617 -0.072827 2
-0.380485 0.145515 -0.033305 2
0.004910 0.304452 0.333362 3
-0.589911 0.118502 -0.044224 2
-0.013043 -0.454080 0.296801 0
-0.013807 -0.525943 0.282820 0
0.555543 0.105230 -0.139445 1
-0.378186 0.170431 0.032002 2
-0.162450 0.106133 0.027380 0
0.609088 0.126521 -0.085316 1
0.958456 -0.090156 -0.118969 1
-0.785866 -0.293817 -0.279407 2
0.672732 0.098342 -0.092788 1
0.014337 -0.527287 0.323966 0
0.048190 0.148941 0.212733 3
0.423319 0.182364 -0.032343 1
-0.005647 -0.134664 0.180635 0
-0.109309 0.157020 0.176846 3
-0.041663 0.145410 0.230262 3
-0.032100 -0.016037 0.105146 0
0.015626 -0.233691 0.191058 0
-0.745276 -0.193918 -0.276568 2
0.690674 0.153741 0.026595 1
-0.685771 -0.136714 -0.287659 2
-0.459945 0.066651 -0.244131 2
0.631729 0.160095 0.033648 1
0.126343 0.052493 0.073000 0
-0.472374 0.122632 -0.111478 2
-0.653005 -0.082733 -0.257704 2
0.385848 0.192425 0.037182 1
0.582821 0.068967 -0.179625 1
0.384549 0.181305 -0.079493 1
-0.768626 -0.138091 -0.216964 2
-0.032784 -0.612540 0.331695 0
-0.447117 0.171300 -0.005781 2
0.266335 0.155829 -0.012057 1
0.006551 0.061198 0.174246 3
0.554521 0.174098 0.007189 1
0.449045 0.162702 -0.108599 1
-0.069199 0.047361 0.067767 0
-0.006251 -0.740664 0.332006 0
-0.017686 -0.790873 0.396427 0
0.740517 0.007365 -0.170482 1
-0.407451 0.080086 -0.265881 2
-0.248660 0.126957 -0.112137 2
0.016583 -0.101345 0.152296 0
0.007439 -0.410740 0.239458 0
-0.690003 -0.043627 -0.179842 2
-0.330952 0.142083 -0.012139 2
-0.004357 0.104699 0.179204 3
-0.399869 0.171482 -0.011568 2
-0.029266 0.201208 0.272258 3
-0.004558 0.356739 0.394696 3
-0.514381 0.060789 -0.208341 2
0.469406 0.132409 -0.127334 1
-0.493540 0.087822 -0.169184 2
-0.290949 0.144472 -0.033490 2
0.002926 0.280160 0.254419 3
0.411294 0.170819 -0.110389 1
0.847569 -0.020794 -0.109476 1
0.035201 -0.038621 0.125420 0
-0.681592 0.041204 -0.106539 2
-0.004678 -0.148110 0.134594 0
-0.197385 0.097432 0.045002 2
-0.005927 0.209805 0.239722 3
-0.053907 0.355138 0.385094 3
-0.785842 -0.115468 -0.161186 2
-0.005120 0.163877 0.183278 3
-0.303447 0.117489 -0.168266 2
-0.725475 -0.153563 -0.245920 2
0.099018 0.008160 0.139721 0
-0.012458 -0.590011 0.298404 0
-0.018484 -0.224873 0.206174 0
-0.009828 -0.412477 0.287227 0
0.129161 0.038216 0.111971 0
-0.656943 -0.052176 -0.213879 2
-0.446483 0.113654 -0.139052 2
-0.808880 -0.225309 -0.235442 2
0.007673 -0.668823 0.374710 0
0.914449 -0.055768 -0.096178 1
-0.030263 -0.700652 0.355355 0
0.633389 0.112757 -0.060318 1
0.241301 0.125704 0.067992 1
0.014130 -0.633808 0.337748 0
-0.235564 0.131781 -0.005071 2
-0.604509 -0.031549 -0.239507 2
0.162066 0.123513 0.076419 0
-0.340688 0.106918 -0.199209 2
0.681050 0.046472 -0.154126 1
0.757006 0.044414 -0.120502 1
-0.003948 0.310813 0.297902 3
-0.538410 0.084003 -0.149150 2
-0.077872 0.145446 0.161154 3
-0.819824 -0.291185 -0.265601 2
0.329263 0.184081 0.008581 1
-0.047969 0.244792 0.277342 3
-0.838843 -0.264240 -0.230085 2
-0.755494 -0.224982 -0.292497 2
0.746093 0.084710 -0.057733 1
0.345396 0.196083 0.134053 1
-0.469699 0.041118 -0.289267 2
0.021343 0.002558 0.154596 0
0.874961 -0.047719 -0.122024 1
0.002758 0.360504 0.325473 3
-0.056204 0.300024 0.307945 3
-0.009806 0.174436 0.242292 3
-0.419725 0.144571 -0.073361 2
-0.016538 -0.739593 0.374267 0
0.307394 0.185396 0.131575 1
-0.485397 0.151752 -0.050369 2
0.124898 0.085794 0.087626 0
-0.575936 0.017277 -0.179087 2
-0.747253 -0.040787 -0.129928 2
0.423978 0.192575 0.024997 1
0.697586 0.105224 -0.032718 1
0.011324 -0.815947 0.355870 0
0.346341 0.177939 0.078210 1
0.025195 0.144703 0.179087 3
0.458441 0.214850 0.094598 1
-0.154507 0.060922 0.022704 0
0.731384 0.118574 0.007067 1
-0.856277 -0.334892 -0.218518 2
0.268097 0.152282 0.086799 1
0.006702 -0.167183 0.175178 0
-0.600369 0.098256 -0.069961 2
-0.564225 0.055451 -0.149180 2
0.488018 0.181458 -0.001014 1
0.837503 0.064532 -0.001127 1
0.050108 0.250910 0.220326 3
-0.116455 0.192379 0.165010 3
-0.526033 0.113904 -0.083121 2
0.612852 0.151214 -0.020999 1
-0.310713 0.144211 -0.073163 2
-0.851339 -0.283811 -0.200093 2
-0.612434 0.063650 -0.130203 2
-0.061266 0.322657 0.345256 3
-0.829190 -0.342803 -0.247493 2
0.019234 -0.210707 0.163554 0
0.018405 -0.279386 0.182300 0
-0.582936 -0.038337 -0.305575 2
0.179094 0.086424 0.093501 0
0.513647 0.138246 -0.054424 1
-0.228184 0.099180 -0.001101 2
-0.004977 0.017231 0.114306 0
-0.716282 -0.091580 -0.220039 2
-0.786270 -0.197844 -0.236268 2
0.321433 0.156903 0.032772 1
-0.690182 -0.013526 -0.164945 2
-0.018229 0.356272 0.359118 3
-0.092188 0.133594 0.127014 3
0.004847 -0.046608 0.113685 0
0.038323 0.183512 0.218440 3
0.604015 0.108058 -0.119336 1
-0.254203 0.142336 -0.042456 2
-0.263121 0.143592 0.021203 2
-0.679710 -0.089607 -0.235653 2
-0.016091 0.257229 0.285833 3
0.455038 0.179067 -0.040466 1
-0.399630 0.114689 -0.098353 2
0.761437 0.099424 -0.004141 1
-0.040018 0.208561 0.306716 3
0.580420 0.195107 0.065105 1
0.959183 -0.080627 -0.081395 1
0.012120 -0.559786 0.323252 0
0.657514 0.123385 -0.022689 1
0.213253 0.123581 0.084605 1
0.399124 0.199420 0.108363 1
-0.578915 0.090899 -0.093264 2
0.698254 0.019779 -0.170823 1
-0.844927 -0.170315 -0.140295 2
0.064672 0.215540 0.228516 3
-0.629063 -0.091091 -0.322371 2
-0.017826 -0.518299 0.323633 0
0.016686 -0.507871 0.294084 0
0.305989 0.184576 0.075706 1
-0.009149 -0.011152 0.142866 0
-0.772311 -0.248027 -0.268259 2
0.500982 0.146185 -0.110685 1
-0.005463 -0.698143 0.334292 0
-0.859872 -0.254245 -0.178952 2
-0.017768 0.182077 0.301738 3
0.787637 0.009077 -0.118537 1
-0.111051 0.062135 0.060132 0
-0.007075 -0.304420 0.222016 0
-0.784302 -0.167023 -0.207468 2
0.904686 -0.087541 -0.161527 1
0.079233 0.042723 0.110531 0
0.824133 -0.048002 -0.169020 1
0.009397 -0.071760 0.142636 0
-0.421718 0.094086 -0.196710 2
0.825183 0.030565 -0.055039 1
-0.369632 0.119695 -0.150684 2
0.058284 0.017145 0.113831 0
0.978265 -0.120174 -0.118427 1
0.359664 0.186373 -0.005266 1
-0.662133 -0.119707 -0.305962 2
-0.020467 0.134517 0.190710 3
-0.068188 -0.021239 0.102484 0
0.867491 0.027450 -0.041893 1
0.438293 0.181986 -0.000887 1
-0.523498 0.030513 -0.258328 2
0.407773 0.208142 0.073496 1
-0.628830 -0.001689 -0.189626 2
-0.061371 0.114475 0.163806 3
0.454452 0.149927 -0.154997 1
0.658328 0.091217 -0.119672 1
-0.009380 -0.099507 0.115222 0
0.006108 0.171130 0.211511 3
0.399610 0.178358 -0.052311 1
0.359177 0.206377 0.104050 1
-0.024344 -0.481753 0.287861 0
-0.060478 0.184546 0.274829 3
0.933989 -0.030967 -0.035471 1
0.856919 -0.095277 -0.189308 1
0.361729 0.194584 0.056663 1
-0.863446 -0.312354 -0.198003 2
-0.315888 0.128928 -0.142205 2
0.512432 0.166748 -0.032970 1
0.017345 -0.253953 0.214487 0
-0.018485 -0.430719 0.261689 0
-0.784021 -0.071543 -0.109848 2
-0.629233 -0.068068 -0.285865 2
-0.537021 0.134008 -0.060418 2
0.152950 0.053963 0.088666 0
0.539469 0.126727 -0.094100 1
-0.066174 0.147596 0.211611 3
-0.381617 0.078162 -0.249090 2
0.697509 0.068741 -0.094004 1
0.008753 -0.456914 0.268862 0
0.021331 -0.323301 0.227779 0
0.345144 0.183462 -0.052808 1
-0.837341 -0.213892 -0.197701 2
-0.020422 0.225687 0.288418 3
0.012758 -0.750632 0.364942 0
-0.418680 0.122941 -0.130229 2
-0.460938 0.161197 -0.031905 2
0.616799 0.162838 0.007026 1
0.734807 0.074228 -0.087235 1
-0.097320 0.032043 0.077933 0
0.541003 0.202327 0.062744 1
-0.210788 0.133571 -0.032756 2
-0.392813 0.090182 -0.221828 2
-0.640565 0.067712 -0.102286 2
-0.706278 0.010328 -0.109204 2
-0.665746 -0.107697 -0.277373 2
-0.027487 -0.812975 0.378180 0
0.022621 -0.612486 0.318030 0
0.745642 0.022090 -0.137453 1
0.501560 0.204916 0.064385 1
-0.010536 -0.381435 0.212171 0
0.657931 0.160749 0.018665 1
-0.004445 -0.562400 0.289219 0
0.941712 -0.107828 -0.139393 1
-0.824911 -0.158638 -0.168187 2
0.810794 0.067232 -0.024292 1
0.453040 0.168254 -0.071731 1
0.263767 0.165853 0.016201 1
-0.015667 -0.491864 0.252431 0
0.544631 0.132970 -0.058919 1
0.102922 0.037910 0.084995 0
0.913908 -0.039649 -0.070827 1
-0.576365 0.030779 -0.209784 2
0.308573 0.173584 -0.060922 1
0.010633 -0.731158 0.388570 0
-0.661865 0.026661 -0.139677 2
-0.039832 0.091774 0.133205 3
-0.000232 -0.391001 0.267032 0
-0.449600 0.081989 -0.213375 2
-0.003300 0.366390 0.422833 3
-0.013821 -0.264585 0.228517 0
-0.495911 0.103825 -0.108763 2
0.449328 0.208308 0.065956 1
-0.510364 0.084924 -0.139502 2
-0.075242 0.264296 0.333210 3
-0.543843 0.002595 -0.288869 2
-0.712311 -0.019364 -0.139944 2
-0.007802 -0.543967 0.338185 0
-0.004858 -0.788791 0.353793 0
0.293534 0.179674 -0.024248 1
0.011374 0.204690 0.210210 3
-0.055206 0.272502 0.287275 3
0.858865 -0.009019 -0.082232 1
-0.046636 0.195280 0.236847 3
-0.773706 -0.139205 -0.178401 2
-0.734749 -0.104226 -0.200409 2
0.015471 -0.787371 0.385479 0
0.579767 0.150552 -0.044064 1
0.311653 0.174478 0.104681 1
-0.667135 -0.061189 -0.243948 2
0.218918 0.143628 0.047277 1
0.634774 0.135484 -0.042215 1
0.358636 0.174332 -0.094277 1
-0.007286 -0.217183 0.180527 0
0.580103 0.118655 -0.073188 1
-0.002567 -0.351169 0.249335 0
0.609010 0.068070 -0.163374 1
-0.029250 -0.039814 0.121785 0
0.251803 0.158039 0.062923 1
0.450571 0.221792 0.121567 1
0.413500 0.211636 0.130304 1
-0.179024 0.095080 -0.004508 2
-0.204692 0.095223 0.015282 2
-0.811278 -0.181891 -0.178490 2
-0.705668 -0.137983 -0.266812 2
0.010869 0.331888 0.326830 3
-0.317337 0.165076 0.005839 2
-0.700610 -0.158177 -0.303420 2
0.629425 0.094269 -0.129299 1
-0.027900 0.162935 0.204429 3
0.015655 -0.472644 0.292253 0
-0.719867 -0.186699 -0.296579 2
0.052059 -0.053125 0.143653 0
0.024325 -0.663255 0.312605 0
-0.512028 0.157420 -0.006102 2
0.855000 -0.065521 -0.164301 1
0.190215 0.100453 0.071129 0
0.530048 0.171525 0.024722 1
-0.429501 0.096824 -0.119360 2
-0.627418 0.037911 -0.149527 2
0.040209 0.165970 0.191163 3
-0.305016 0.149420 0.031519 2
0.644521 0.047425 -0.179160 1
0.679712 0.093938 -0.065411 1
-0.004303 -0.653819 0.320019 0
0.486652 0.177483 0.032373 1
0.397254 0.184527 -0.012515 1
0.768264 -0.009233 -0.161824 1
-0.488868 0.059643 -0.230384 2
0.540976 0.153637 -0.013293 1
0.084577 -0.012437 0.121508 0
-0.355011 0.137808 -0.092426 2
-0.083030 0.290756 0.325199 3
-0.604084 -0.000522 -0.229549 2
-0.237859 0.140384 -0.089575 2
-0.742889 -0.167168 -0.265667 2
-0.303245 0.136253 -0.108041 2
-0.361037 0.130400 -0.059484 2
-0.010308 -0.331709 0.215129 0
0.011089 -0.115746 0.128555 0
0.499964 0.133165 -0.148868 1
0.671060 0.141749 -0.002113 1
0.492862 0.159714 -0.083133 1
0.010667 0.282714 0.316373 3
-0.030135 0.223789 0.236283 3
-0.017144 -0.762478 0.396898 0
-0.667721 0.003444 -0.164977 2
-0.556895 0.097848 -0.109994 2
0.483653 0.151452 -0.030451 1
-0.563667 0.130652 -0.050671 2
-0.045922 0.343385 0.356101 3
0.866068 0.037144 -0.015749 1
0.798906 -0.003371 -0.146910 1
-0.762675 -0.096698 -0.162636 2
0.018100 -0.584750 0.312261 0
0.594907 0.175358 0.051815 1
0.941110 -0.068763 -0.112273 1
-0.711015 -0.059398 -0.189009 2
-0.007289 0.258132 0.223399 3
0.773411 0.061544 -0.055187 1
-0.278669 0.132136 -0.002991 2
-0.617773 0.027390 -0.177446 2
-0.809520 -0.119641 -0.147339 2
-0.277551 0.107709 -0.166839 2
-0.280327 0.142130 -0.060989 2
-0.512486 0.047146 -0.237671 2
-0.065674 0.099275 0.139456 3
-0.008531 -0.604816 0.356034 0
-0.142132 0.074654 0.059210 0
-0.256782 0.111103 -0.148200 2
-0.186884 0.121038 0.009748 2
0.018364 0.237932 0.231188 3
0.790539 0.099611 0.012503 1
-0.727596 0.007167 -0.092360 2
0.813656 0.010384 -0.093533 1
-0.010430 0.040878 0.183015 3
0.003114 0.234672 0.266418 3
-0.721952 -0.118669 -0.245765 2
0.892792 0.007530 -0.041475 1
-0.003880 0.017973 0.143456 3
0.428810 0.199257 0.088360 1
0.579258 0.083837 -0.157197 1
-0.017998 -0.077453 0.141008 0
-0.685213 0.049501 -0.080957 2
-0.081850 0.204568 0.247630 3
0.302144 0.179385 0.031904 1
0.591347 0.197641 0.090863 1
-0.824453 -0.311887 -0.248792 2
0.901768 -0.051144 -0.121872 1
-0.005294 -0.291651 0.186561 0
-0.021302 0.383041 0.405406 3
0.712229 0.058462 -0.125915 1
0.693493 0.007789 -0.195674 1
0.960672 -0.145999 -0.149572 1
-0.532930 0.064149 -0.189086 2
0.010430 -0.694789 0.368089 0
-0.006884 0.329025 0.358054 3
-0.033657 0.262282 0.260442 3
-0.012764 -0.673139 0.357033 0
0.710769 0.136416 0.017248 1
-0.785049 -0.234776 -0.246601 2
0.016201 -0.294367 0.211628 0
-0.757458 -0.195339 -0.248298 2
-0.744606 -0.155020 -0.227414 2
-0.616321 -0.050479 -0.255435 2
0.811788 -0.058747 -0.190282 1
-0.797813 -0.263820 -0.274632 2
-0.120180 0.029196 0.064543 0
-0.075935 0.009183 0.067770 0
-0.468549 0.101966 -0.158031 2
-0.745034 -0.068812 -0.160549 2
-0.588477 0.053896 -0.137629 2
-0.643318 -0.030984 -0.205556 2
-0.813468 -0.224437 -0.209201 2
0.016612 -0.207577 0.209169 0
0.772965 0.045679 -0.099356 1
-0.031226 0.307568 0.299799 3
-0.534227 0.149417 -0.018170 2
-0.824855 -0.284747 -0.239345 2
0.016774 0.113497 0.200634 3
-0.057446 0.161597 0.248552 3
0.911937 -0.003336 -0.026790 1
-0.066401 0.007485 0.099321 0
-0.680806 -0.038294 -0.203936 2
-0.028858 0.104030 0.188809 3
0.056163 0.196316 0.202124 3
-0.797492 -0.139203 -0.160167 2
-0.016498 -0.578783 0.324774 0
0.778471 -0.030000 -0.182733 1
0.023838 -0.385447 0.243720 0
0.002506 -0.259320 0.176388 0
-0.816954 -0.252961 -0.221125 2
-0.380851 0.176969 0.005560 2
-0.018602 -0.634153 0.335567 0
-0.561041 0.014407 -0.248710 2
-0.316465 0.152026 -0.031484 2
-0.850085 -0.206426 -0.149896 2
-0.016447 -0.720589 0.345165 0
-0.549856 0.064682 -0.168884 2
0.469353 0.146744 -0.051685 1
-0.435911 0.068820 -0.257422 2
0.403079 0.169126 -0.135002 1
-0.005861 0.290360 0.280200 3
0.554086 0.125282 -0.123025 1
-0.379675 0.155353 -0.009160 2
0.409919 0.200285 0.045369 1
0.110454 0.020354 0.113730 0
-0.785981 -0.087555 -0.132303 2
-0.395873 0.133607 -0.061958 2
0.713088 0.090198 -0.049922 1
0.144380 0.102575 0.090124 0
0.891983 -0.021099 -0.065228 1
0.656519 0.112612 -0.071755 1
-0.343082 0.155386 0.014312 2
-0.212621 0.119199 0.008529 2
0.001284 -0.111045 0.173029 0
0.440160 0.152234 -0.007211 1
-0.590521 0.075570 -0.110996 2
-0.355310 0.160248 -0.029992 2
-0.746247 -0.244194 -0.306852 2
0.017191 -0.174826 0.149658 0
-0.028856 0.360689 0.386056 3
-0.118993 0.050971 0.037079 0
0.540738 0.106961 -0.160340 1
-0.354862 0.129510 -0.132141 2
-0.842503 -0.220967 -0.172984 2
0.222867 0.135432 0.110020 0
0.060212 -0.040991 0.120569 0
0.476266 0.154118 -0.115915 1
0.502520 0.216065 0.092037 1
-0.539418 0.040754 -0.177998 2
0.517411 0.162780 -0.059745 1
0.020169 -0.241273 0.164524 0
0.282846 0.177211 0.082784 1
0.358532 0.173058 0.043797 1
0.188460 0.141547 0.073683 0
-0.487108 0.108365 -0.131947 2
0.501536 0.136258 -0.080364 1
0.521960 0.211703 0.109087 1
-0.369774 0.117760 -0.089188 2
-0.497772 0.031311 -0.278185 2
-0.595781 -0.012114 -0.256610 2
-0.031398 0.231503 0.263968 3
-0.861629 -0.363766 -0.201803 2
-0.003876 -0.760034 0.347763 0
0.000457 -0.647106 0.354512 0
0.579072 0.109299 -0.131964 1
0.734242 0.046968 -0.130533 1
-0.747845 -0.125979 -0.210135 2
0.853822 0.017214 -0.061225 1
-0.649468 0.082059 -0.067317 2
-0.471559 0.170695 0.005157 2
0.477989 0.175751 -0.029415 1
0.640005 0.180250 0.055552 1
0.032432 -0.081097 0.140377 0
-0.276339 0.134116 -0.112568 2
-0.401588 0.158767 -0.034212 2
-0.511946 0.132808 -0.061280 2
0.787250 0.048986 -0.072938 1
-0.287926 0.116647 -0.043159 2
-0.368343 0.113593 -0.179082 2
0.708215 0.154687 0.044181 1
-0.471566 0.086910 -0.186559 2
0.520285 0.185913 0.057476 1
-0.006541 -0.578791 0.352296 0
-0.024162 0.072984 0.164322 3
-0.083530 0.155816 0.133699 3
-0.589933 0.037668 -0.180413 2
-0.516886 0.079672 -0.168882 2
-0.461185 0.122225 -0.089496 2
-0.018767 0.008268 0.095945 0
0.395086 0.187270 0.060138 1
0.463205 0.184092 0.004126 1
0.125887 0.066026 0.102587 0
0.016954 0.240655 0.285839 3
-0.306913 0.132437 -0.019198 2
-0.028672 0.286834 0.256504 3
0.035933 0.232520 0.212437 3
-0.627334 0.087450 -0.081339 2
-0.618916 -0.074680 -0.307265 2
-0.612823 0.112845 -0.050778 2
-0.160592 0.086643 0.009229 0
-0.333072 0.130688 -0.041389 2
-0.434645 0.106946 -0.159391 2
-0.592027 -0.005311 -0.208806 2
0.945416 -0.059729 -0.089954 1
0.569610 0.167666 0.025334 1
-0.578099 0.109574 -0.063688 2
0.815560 0.033826 -0.077249 1
0.163039 0.092088 0.110974 0
0.018450 -0.029664 0.140675 0
-0.626880 -0.039723 -0.227330 2
-0.252371 0.137937 -0.070193 2
0.748377 0.126231 0.024831 1
-0.067859 0.251882 0.289413 3
-0.021237 0.143000 0.216525 3
-0.047077 0.175155 0.212827 3
-0.293718 0.105888 -0.187166 2
-0.460328 0.055497 -0.265618 2
0.008737 0.365644 0.376525 3
-0.498528 0.072508 -0.194319 2
-0.015400 -0.411350 0.247393 0
-0.056644 0.229450 0.300433 3
0.826714 -0.021588 -0.130272 1
-0.640702 -0.058531 -0.266857 2
-0.032237 -0.089776 0.125880 0
-0.009698 -0.156604 0.161006 0
0.298447 0.151558 0.037743 1
0.012974 -0.126416 0.157061 0
0.594518 0.162612 -0.002167 1
-0.355361 0.173518 0.024955 2
-0.537634 -0.000093 -0.311965 2
0.668262 0.065903 -0.147972 1
-0.009856 -0.048888 0.134440 0
-0.333627 0.141373 -0.079737 2
-0.419984 0.158440 -0.011529 2
-0.040198 0.188441 0.293740 3
0.569106 0.134064 -0.091902 1
0.386419 0.160580 -0.000465 1
-0.077008 0.030031 0.090340 0
-0.817522 -0.203243 -0.187404 2
0.008105 0.085211 0.173347 3
-0.015017 -0.458807 0.268041 0
0.384282 0.212200 0.093890 1
0.465784 0.162277 -0.091648 1
0.346941 0.183835 0.026063 1
0.005886 0.258016 0.263009 3
0.684017 0.126888 -0.024149 1
0.169991 0.099440 0.056059 0
-0.049394 0.305437 0.333868 3
-0.368790 0.152915 -0.052557 2
-0.086086 0.171707 0.161731 3
-0.672198 -0.098606 -0.256529 2
0.018552 -0.185121 0.187632 0
0.015566 0.304904 0.309896 3
0.764563 0.021372 -0.123466 1
-0.756569 -0.028873 -0.110608 2
0.541119 0.209848 0.085015 1
0.514600 0.143254 -0.031484 1
-0.003461 0.054688 0.154015 3
-0.650531 -0.033333 -0.228471 2
-0.806249 -0.175059 -0.205868 2
0.007225 0.124232 0.173538 3
0.556612 0.142694 -0.033252 1
-0.008075 0.341489 0.336591 3
-0.500069 0.070013 -0.154267 2
0.048562 -0.019583 0.123473 0
0.488457 0.186398 0.053867 1
-0.449294 0.122137 -0.117472 2
0.875592 -0.083674 -0.179337 1
-0.739672 -0.205148 -0.296199 2
-0.174087 0.093167 0.042791 0
0.719271 0.015178 -0.162030 1
-0.041623 0.144245 0.203608 3
0.749309 0.056171 -0.099737 1
-0.030596 0.164394 0.244124 3
0.642874 0.112147 -0.090435 1
-0.131620 0.048255 0.075363 0
-0.338648 0.107048 -0.222238 2
-0.798123 -0.284518 -0.261258 2
0.477732 0.202139 0.094991 1
0.616598 0.182035 0.047571 1
0.399120 0.186428 0.015758 1
0.720525 0.115204 -0.013009 1
-0.354328 0.148263 -0.010317 2
0.034176 0.212961 0.200360 3
0.448861 0.155581 -0.130524 1
0.785086 0.094278 -0.012237 1
0.035041 -0.060232 0.114462 0
0.935891 -0.089260 -0.123496 1
0.578756 0.128769 -0.052574 1
0.699130 0.045340 -0.139967 1
-0.004242 -0.246536 0.210499 0
-0.657365 0.049925 -0.097612 2
-0.751659 -0.213300 -0.266065 2
0.008929 -0.430593 0.260000 0
-0.014973 -0.536039 0.309440 0
-0.046628 -0.032226 0.098001 0
-0.866697 -0.271850 -0.161071 2
0.218259 0.142038 0.072154 1
-0.436228 0.129027 -0.075889 2
0.813943 -0.029478 -0.153217 1
-0.446363 0.141913 -0.052727 2
-0.015078 0.044644 0.103067 0
0.321966 0.166665 0.053820 1
-0.000302 -0.390825 0.230217 0
-0.062585 0.201295 0.259302 3
0.440310 0.201550 0.045832 1
0.527562 0.112626 -0.139187 1
0.333560 0.182775 -0.013728 1
0.873455 -0.019994 -0.107216 1
-0.673367 -0.070211 -0.219001 2
0.251151 0.156204 0.108552 1
-0.856580 -0.262872 -0.207051 2
0.370465 0.183522 -0.061870 1
0.023227 0.154374 0.200655 3
-0.705092 -0.030798 -0.168858 2
-0.702349 -0.098822 -0.238888 2
0.016597 -0.702265 0.337245 0
0.091293 0.028148 0.122958 0
-0.690193 0.024825 -0.119564 2
-0.135487 0.066366 0.035403 0
-0.408921 0.138352 -0.092227 2
-0.104444 0.201251 0.148036 3
0.671506 0.163364 0.036534 1
-0.013816 -0.509033 0.297787 0
0.476982 0.127807 -0.149536 1
-0.017896 -0.603382 0.315701 0
-0.354674 0.138644 -0.036932 2
0.494473 0.127992 -0.122191 1
0.669284 0.078102 -0.101959 1
-0.254104 0.127755 0.006995 2
-0.213202 0.114127 0.032828 2
0.866225 -0.049954 -0.150928 1
-0.498989 0.146538 -0.032834 2
0.594091 0.137521 -0.072860 1
0.515221 0.131454 -0.097407 1
-0.013634 -0.175266 0.189156 0
0.800199 -0.042096 -0.180856 1
-0.011566 -0.676217 0.325889 0
-0.549341 0.045707 -0.206587 2
-0.263165 0.142483 -0.015328 2
-0.002857 -0.723806 0.366361 0
0.931436 -0.089842 -0.147717 1
0.945871 -0.130611 -0.156061 1
-0.059460 0.135494 0.153118 3
-0.693331 -0.088695 -0.218027 2
-0.776964 -0.187827 -0.218106 2
0.008221 -0.309725 0.239590 0
-0.072562 0.269668 0.307812 3
-0.522719 0.019176 -0.277450 2
-0.536759 0.137420 -0.036973 2
-0.235404 0.133707 -0.034310 2
0.048865 0.235308 0.236112 3
-0.009567 -0.135564 0.153860 0
-0.009361 -0.193311 0.171997 0
-0.595213 -0.027900 -0.283195 2
-0.716977 -0.072799 -0.205668 2
0.350854 0.199604 0.076706 1
0.022770 0.224036 0.248049 3
-0.307569 0.141311 0.001106 2
-0.009916 -0.815397 0.391590 0
-0.007942 0.326630 0.312899 3
-0.015660 0.085674 0.180370 3
0.015185 -0.406898 0.266365 0
0.502037 0.184725 0.015822 1
0.837989 -0.000836 -0.109301 1
-0.015731 -0.241449 0.191854 0
-0.566159 0.043401 -0.167975 2
0.437544 0.167248 -0.090372 1
0.021190 -0.053274 0.140583 0
-0.837203 -0.284222 -0.216959 2
0.593694 0.125577 -0.101003 1
-0.394141 0.123123 -0.138636 2
0.385561 0.174757 -0.100419 1
-0.316813 0.115996 -0.188752 2
0.736525 -0.010937 -0.190518 1
-0.015041 -0.370217 0.260982 0
-0.649154 0.004444 -0.184106 2
-0.019763 0.343544 0.403403 3
0.064327 -0.002055 0.122534 0
-0.027379 0.066753 0.136290 3
0.018314 -0.146426 0.139383 0
0.346335 0.183965 0.104544 1
0.011304 -0.779379 0.406291 0
-0.031220 -0.578830 0.308545 0
-0.048983 0.126622 0.221703 3
-0.642008 -0.110727 -0.304914 2
-0.549972 0.075661 -0.131712 2
-0.741705 -0.050536 -0.148715 2
-0.781319 -0.254966 -0.286922 2
-0.304891 0.143048 -0.052134 2
0.526267 0.179760 0.004841 1
-0.460433 0.099595 -0.124386 2
-0.769983 -0.128502 -0.197070 2
0.537478 0.189835 0.034003 1
-0.760074 -0.059847 -0.129867 2
-0.065850 0.224017 0.278647 3
0.490507 0.142654 -0.055008 1
-0.008670 -0.498560 0.277271 0
0.007759 0.273131 0.279122 3
-0.242095 0.100830 -0.017739 2
-0.818795 -0.122404 -0.127880 2
0.013548 -0.206476 0.184098 0
0.631337 0.130945 -0.021246 1
-0.009942 -0.656334 0.372313 0
-0.187758 0.104905 0.024832 2
-0.301988 0.154644 -0.015508 2
0.018931 -0.361770 0.238757 0
-0.745456 -0.174669 -0.244142 2
-0.003419 -0.442341 0.279338 0
-0.154823 0.063027 0.046033 0
0.169515 0.105861 0.093570 0
-0.003042 -0.316193 0.201890 0
-0.474560 0.135727 -0.062117 2
-0.819625 -0.311133 -0.273953 2
-0.661205 0.043855 -0.118414 2
-0.104332 0.011107 0.078395 0
0.438493 0.176614 0.025992 1
0.383201 0.171139 0.024281 1
-0.724351 -0.177722 -0.268938 2
-0.411500 0.151488 -0.051942 2
0.612497 0.112058 -0.069681 1
-0.774484 -0.281746 -0.293167 2
0.566166 0.161339 -0.028253 1
-0.784444 -0.147728 -0.197958 2
-0.037522 -0.644553 0.337609 0
-0.726929 -0.058087 -0.174650 2
-0.616828 -0.028913 -0.256893 2
0.084056 0.229672 0.235391 3
0.282123 0.172012 0.034218 1
0.722442 0.072718 -0.069763 1
-0.562727 0.027899 -0.226094 2
-0.379756 0.133361 -0.100667 2
-0.535273 0.106666 -0.101036 2
-0.809217 -0.245499 -0.244993 2
-0.797482 -0.314367 -0.276209 2
-0.011623 0.345181 0.378208 3
-0.003546 0.194010 0.221076 3
0.160587 0.070837 0.099216 0
-0.023417 0.173315 0.278489 3
-0.069512 0.309848 0.328403 3
-0.732124 -0.225026 -0.297386 2
-0.823603 -0.263442 -0.244934 2
0.982596 -0.128451 -0.099298 1
0.262111 0.142834 0.052182 1
-0.707331 -0.195393 -0.313899 2
-0.001253 0.230516 0.238600 3
-0.746872 -0.096728 -0.181080 2
0.331168 0.192203 0.073730 1
0.660934 0.070005 -0.128474 1
-0.334429 0.162099 -0.018222 2
0.002281 0.378674 0.395417 3
0.681872 0.081151 -0.084512 1
-0.487433 0.096026 -0.149116 2
0.111600 0.041277 0.123338 0
0.602258 0.064248 -0.187163 1
-0.028283 -0.747355 0.358505 0
0.566485 0.101919 -0.157219 1
-0.067513 -0.008185 0.085187 0
-0.696531 -0.153660 -0.281056 2
-0.613634 -0.009324 -0.202134 2
0.597232 0.137677 -0.025275 1
0.817371 0.056099 -0.041132 1
0.321461 0.172702 0.083665 1
0.020877 -0.640052 0.318797 0
0.930558 -0.041312 -0.053482 1
-0.045247 0.364221 0.405862 3
0.752692 0.093901 -0.040003 1
-0.538595 0.093283 -0.130202 2
0.697772 0.103850 -0.061339 1
-0.011582 -0.286796 0.211537 0
-0.512024 0.115202 -0.101595 2
0.011763 -0.022161 0.120389 0
0.197826 0.102622 0.090533 0
-0.578370 0.132822 -0.034189 2
-0.317038 0.141171 -0.092866 2
0.552372 0.153610 -0.061696 1
0.906245 -0.106705 -0.169726 1
-0.004988 -0.480380 0.297691 0
-0.407957 0.176859 0.008179 2
0.684010 0.165020 0.053161 1
0.791066 0.074820 -0.039583 1
-0.005301 -0.360929 0.227785 0
0.712333 0.074697 -0.107398 1
-0.000085 -0.079539 0.125782 0
-0.039854 -0.057563 0.124366 0
-0.717407 -0.002448 -0.128920 2
0.021251 -0.800408 0.365535 0
0.005580 0.006722 0.092549 0
-0.608372 -0.059280 -0.295334 2
-0.009448 -0.731283 0.393871 0
-0.840306 -0.323863 -0.232454 2
0.901192 -0.069090 -0.148978 1
-0.004005 -0.130496 0.123697 0
-0.146162 0.096602 0.035938 0
0.645125 0.083549 -0.137510 1
0.866794 -0.034414 -0.135625 1
0.276416 0.158573 -0.030982 1
-0.061174 0.181843 0.250643 3
0.571475 0.156947 0.004504 1
-0.694424 -0.120612 -0.274603 2
0.621203 0.078541 -0.139909 1
0.303917 0.178518 0.053283 1
-0.673408 -0.029433 -0.177816 2
0.618039 0.115359 -0.100208 1
0.486361 0.160979 -0.003045 1
-0.836128 -0.265117 -0.208571 2
0.311174 0.181931 -0.003253 1
0.011365 0.095665 0.191794 3
-0.003708 -0.097828 0.151372 0
0.419098 0.158080 -0.007778 1
0.761659 0.074534 -0.042408 1
-0.105986 0.156742 0.137493 3
-0.489015 0.116703 -0.094267 2
-0.760947 -0.155982 -0.210328 2
-0.175447 0.075551 0.032269 0
-0.783320 -0.098578 -0.149732 2
-0.577078 -0.021497 -0.295332 2
-0.038497 0.182512 0.258673 3
-0.024775 -0.501021 0.313217 0
-0.015527 0.241628 0.272475 3
-0.844306 -0.351061 -0.236105 2
-0.371912 0.095265 -0.219359 2
0.687013 0.138143 0.013770 1
-0.018737 -0.791679 0.375960 0
0.555108 0.183261 0.025880 1
-0.576545 0.000926 -0.259385 2
-0.006890 -0.683700 0.373577 0
0.050918 0.243600 0.254731 3
-0.789449 -0.215122 -0.225740 2
-0.643595 -0.086181 -0.275565 2
0.636342 0.155253 0.013437 1
0.612888 0.132579 -0.060922 1
-0.122458 0.030544 0.044260 0
-0.555609 0.029916 -0.184222 2
-0.563211 0.076552 -0.147508 2
0.380345 0.201705 0.064883 1
0.008176 0.292610 0.294848 3
-0.693313 -0.013270 -0.144227 2
0.042042 -0.036956 0.106270 0
0.396092 0.216619 0.118910 1
0.465388 0.168676 -0.055507 1
-0.409509 0.104605 -0.177560 2
-0.040353 0.143849 0.250524 3
-0.627556 0.054275 -0.110323 2
0.768531 -0.041252 -0.196460 1
0.401086 0.179017 0.038399 1
-0.836771 -0.186140 -0.151314 2
-0.589872 0.017695 -0.217475 2
-0.002803 0.144540 0.190590 3
-0.015897 -0.761694 0.376660 0
-0.016018 0.211171 0.222173 3
-0.075334 0.311995 0.355228 3
0.643976 0.117440 -0.043011 1
-0.062893 0.339030 0.393494 3
0.850771 -0.021997 -0.130107 1
0.751704 0.066009 -0.063130 1
-0.007083 -0.001501 0.161744 3
0.969474 -0.135900 -0.134390 1
0.408339 0.172692 -0.090466 1
0.011716 -0.562375 0.301354 0
0.892287 -0.053248 -0.140138 1
0.019944 0.164099 0.181226 3
-0.683462 -0.156431 -0.315781 2
0.630849 0.059302 -0.170227 1
0.720456 0.007610 -0.186331 1
0.364653 0.188929 0.094157 1
0.748669 0.115003 -0.003072 1
0.006857 -0.332651 0.238259 0
-0.729928 -0.029002 -0.138089 2
0.930653 -0.049064 -0.081327 1
0.475506 0.201705 0.051884 1
-0.445526 0.175449 0.013871 2
0.486388 0.119177 -0.165112 1
-0.038276 -0.048871 0.105665 0
-0.019296 0.054661 0.171081 3
0.551606 0.190864 0.075409 1
-0.000733 -0.430748 0.242377 0
0.190325 0.124413 0.084022 0
0.590246 0.092652 -0.133315 1
-0.077793 0.124148 0.140970 3
0.526452 0.099732 -0.174751 1
-0.003764 0.027437 0.093282 0
-0.599304 0.019827 -0.179633 2
0.141043 0.074117 0.076095 0
0.622000 0.141939 -0.005747 1
0.012402 -0.771589 0.373495 0
-0.007608 0.274627 0.292507 3
0.406510 0.219004 0.095328 1
-0.038844 0.077030 0.151286 3
0.010918 -0.614070 0.339131 0
0.488397 0.142091 -0.135049 1
-0.760169 -0.161115 -0.243997 2
0.441359 0.206432 0.112683 1
-0.016330 0.274395 0.266130 3
-0.002041 -0.027897 0.104813 0
0.000668 0.180654 0.192457 3
-0.214596 0.113977 -0.032001 2
0.015916 -0.094685 0.127414 0
0.787349 0.029444 -0.110505 1
-0.808733 -0.206853 -0.227401 2
-0.011289 -0.564732 0.337951 0
0.441012 0.173635 -0.053573 1
-0.651589 -0.119074 -0.322883 2
-0.004382 -0.410525 0.267712 0
0.014470 -0.253592 0.194753 0
-0.700166 0.028004 -0.102277 2
-0.778207 -0.198738 -0.254488 2
0.297387 0.162601 0.068743 1
0.551096 0.142387 -0.090103 1
0.580002 0.182955 0.035527 1
-0.791870 -0.236346 -0.265232 2
-0.716976 -0.108358 -0.209375 2
0.969712 -0.090772 -0.102606 1
-0.004426 -0.748435 0.402834 0
0.020351 0.071393 0.184128 3
-0.006411 0.036942 0.162273 3
-0.037902 0.316802 0.316569 3
-0.408821 0.128214 -0.113908 2
0.000031 -0.168045 0.142528 0
0.021114 -0.187821 0.164028 0
-0.642240 -0.052277 -0.228984 2
0.697102 0.036675 -0.160193 1
-0.795499 -0.174626 -0.189307 2
0.451613 0.185369 0.045978 1
0.958628 -0.108008 -0.129258 1
0.009747 -0.226076 0.171536 0
0.301566 0.177233 -0.042085 1
0.625586 0.103380 -0.081593 1
-0.394585 0.162625 0.005214 2
-0.728856 -0.150918 -0.265125 2
-0.054421 0.165546 0.229348 3
-0.561363 -0.006001 -0.291238 2
0.339630 0.162992 0.028620 1
0.011746 -0.714903 0.375991 0
-0.766973 -0.244869 -0.295700 2
-0.355314 0.144253 -0.072131 2
-0.032976 0.274490 0.293733 3
-0.778284 -0.160684 -0.225005 2
-0.093466 0.018430 0.092959 0
-0.642362 0.067789 -0.082232 2
0.595506 0.105702 -0.101865 1
-0.876436 -0.330422 -0.190635 2
0.647221 0.034857 -0.193915 1
-0.428437 0.136962 -0.092386 2
0.011363 -0.272550 0.213477 0
-0.544831 0.024624 -0.252641 2
-0.005626 -0.002273 0.113164 0
0.690847 0.083662 -0.112357 1
-0.004380 -0.626610 0.346645 0
0.214511 0.141608 0.093510 0
-0.028177 0.205547 0.291239 3
0.257258 0.163201 0.034390 1
0.854350 -0.077593 -0.181561 1
0.097404 0.039330 0.104406 0
0.526972 0.133898 -0.067914 1
-0.273407 0.139294 -0.041910 2
-0.786028 -0.254483 -0.256117 2
-0.643534 -0.009296 -0.199774 2
-0.869081 -0.314394 -0.179548 2
-0.472039 0.068723 -0.227100 2
-0.383858 0.113041 -0.167454 2
0.010835 -0.663648 0.356290 0
-0.331340 0.132862 -0.130226 2
-0.334767 0.120074 -0.062145 2
0.126189 0.048421 0.094493 0
-0.739063 -0.139847 -0.247496 2
0.295135 0.184581 0.105228 1
0.893797 -0.033419 -0.107626 1
-0.064064 0.335954 0.363903 3
-0.011797 -0.117437 0.160074 0
0.564517 0.079703 -0.175208 1
0.006382 0.324147 0.343891 3
-0.695192 -0.049428 -0.197437 2
0.724090 0.103430 -0.041328 1
-0.232620 0.119212 0.014393 2
-0.466188 0.158881 -0.013552 2
0.619314 0.172091 0.025209 1
-0.010200 -0.292802 0.236993 0
-0.793669 -0.089830 -0.113845 2
-0.553522 0.118331 -0.062726 2
0.312261 0.192961 0.114615 1
0.019090 0.183290 0.203493 3
0.018941 -0.733019 0.369411 0
0.534638 0.162588 0.006666 1
-0.586197 0.006455 -0.194818 2
-0.838310 -0.243891 -0.218689 2
-0.004676 -0.780750 0.386628 0
-0.022937 -0.597716 0.338839 0
0.012982 -0.652948 0.338006 0
0.802638 0.008389 -0.130808 1
0.320599 0.182147 0.027588 1
0.719708 0.132324 0.000639 1
0.856588 0.049508 -0.004625 1
-0.829779 -0.165657 -0.151055 2
-0.705857 -0.176985 -0.305282 2
0.451595 0.197724 0.081726 1
0.214344 0.125256 0.063855 1
0.365055 0.184244 0.074786 1
-0.283185 0.153614 -0.012215 2
0.758558 0.010522 -0.158024 1
0.646346 0.095621 -0.081497 1
0.258921 0.173282 -0.009743 1
0.478425 0.188034 0.014972 1
-0.449480 0.133314 -0.099711 2
0.672581 0.114088 -0.032477 1
0.530189 0.168768 -0.017611 1
0.363747 0.201161 0.137894 1
0.477220 0.165154 -0.073680 1
-0.008338 0.312082 0.345055 3
0.466421 0.149929 -0.135332 1
-0.663853 -0.030769 -0.208335 2
-0.617090 -0.012909 -0.235912 2
0.346611 0.183741 -0.033821 1
0.016353 -0.529029 0.287219 0
0.401023 0.183213 -0.031124 1
0.008379 -0.224695 0.210294 0
-0.017417 -0.542594 0.291265 0
0.668154 0.144760 0.017490 1
0.596458 0.083593 -0.165277 1
0.757036 -0.003986 -0.176223 1
-0.092827 0.154342 0.150971 3
-0.785024 -0.215517 -0.244190 2
-0.826186 -0.228983 -0.222530 2
-0.644377 -0.068160 -0.249155 2
-0.001595 -0.032032 0.131696 0
-0.630290 -0.088228 -0.295909 2
0.015790 -0.267880 0.231337 0
-0.379992 0.109505 -0.102848 2
0.697614 0.087883 -0.092554 1
-0.524520 0.069375 -0.153325 2
-0.446306 0.151358 -0.025062 2
0.009226 0.215557 0.258162 3
-0.590993 0.073467 -0.129772 2
-0.778016 -0.070508 -0.127737 2
0.233750 0.151279 0.056103 1
0.827921 0.059390 -0.025437 1
-0.011247 -0.342883 0.230304 0
-0.498319 0.025341 -0.296074 2
0.371212 0.185653 0.025368 1
-0.108324 0.176016 0.169643 3
-0.624710 0.070509 -0.092494 2
0.072372 -0.010787 0.107270 0
0.010183 -0.512088 0.313675 0
0.268200 0.171063 0.092872 1
0.657134 0.056304 -0.168384 1
-0.116943 0.176390 0.142272 3
-0.544094 0.123306 -0.078593 2
0.280357 0.152594 0.055207 1
0.024136 0.126918 0.189805 3
-0.047431 0.059986 0.133995 3
0.076995 0.016175 0.124863 0
0.814164 0.044671 -0.060577 1
0.006150 -0.149118 0.170241 0
0.672504 0.038246 -0.169139 1
0.553317 0.126342 -0.080701 1
0.617729 0.142714 -0.039413 1
-0.031604 0.202810 0.228294 3
-0.488838 0.162260 -0.032916 2
-0.393225 0.179730 0.026003 2
-0.711135 -0.116305 -0.229930 2
-0.115290 0.074363 0.045853 0
0.060140 0.219974 0.210962 3
-0.732112 -0.137010 -0.230410 2
-0.149127 0.060328 0.068895 0
0.447813 0.187909 0.014015 1
0.479429 0.168859 0.012362 1
0.489658 0.210386 0.077641 1
0.877475 -0.009615 -0.081456 1
0.348051 0.182113 -0.071166 1
-0.843090 -0.286158 -0.235771 2
0.683894 0.057567 -0.139431 1
0.517311 0.208212 0.073742 1
-0.104423 0.039451 0.062411 0
-0.302823 0.132785 -0.129530 2
0.574174 0.121621 -0.118943 1
-0.666191 0.009069 -0.143765 2
0.554892 0.166387 -0.014399 1
-0.472824 0.137647 -0.081294 2
-0.460170 0.058747 -0.284394 2
0.645819 0.171550 0.037389 1
-0.054033 0.097132 0.153709 3
-0.729318 -0.107787 -0.226357 2
0.006203 -0.608217 0.310632 0
0.659054 0.107690 -0.053332 1
-0.432726 0.166423 -0.022262 2
0.512233 0.150213 -0.096597 1
-0.355293 0.101232 -0.213958 2
0.066891 0.196127 0.218704 3
0.595080 0.156083 -0.020181 1
0.030133 0.247487 0.244927 3
-0.253959 0.124503 -0.129618 2
-0.185823 0.087756 0.014235 2
-0.019962 -0.086441 0.107688 0
0.505392 0.158621 -0.018013 1
0.388228 0.165833 -0.119203 1
0.323399 0.181838 -0.053763 1
-0.149984 0.077707 0.034864 0
0.852819 -0.002446 -0.098507 1
-0.408799 0.104261 -0.110436 2
-0.371624 0.161384 0.008837 2
-0.527850 0.049138 -0.219519 2
0.001426 -0.724779 0.343934 0
-0.818305 -0.186935 -0.197490 2
0.324186 0.194128 0.128524 1
-0.555844 0.009533 -0.265628 2
-0.187585 0.082970 0.050627 2
-0.797303 -0.189245 -0.219220 2
0.239232 0.137996 0.082925 1
-0.001141 -0.236810 0.181664 0
-0.091665 0.012530 0.047625 0
-0.010954 -0.702342 0.368378 0
-0.671583 -0.135376 -0.304872 2
-0.618186 -0.057752 -0.275476 2
0.016821 -0.332608 0.212665 0
-0.003482 -0.352621 0.211125 0
-0.421206 0.075007 -0.248462 2
-0.422799 0.111987 -0.144282 2
0.753036 0.038578 -0.103046 1
-0.380204 0.134969 -0.052649 2
0.631276 0.121553 -0.079903 1
0.008929 -0.009710 0.149282 0
-0.862703 -0.273852 -0.178747 2
-0.515588 0.102022 -0.135723 2
0.837814 -0.086133 -0.195376 1
0.556667 0.120017 -0.101596 1
-0.000161 -0.471262 0.262050 0
0.343846 0.172609 0.054922 1
-0.020432 -0.614253 0.346012 0
0.167379 0.105445 0.075515 0
0.448903 0.181085 -0.023484 1
-0.059290 0.272846 0.331658 3
0.230514 0.145601 0.027438 1
-0.042945 -0.002340 0.100180 0
0.735820 0.087988 -0.043135 1
-0.332601 0.126819 -0.148945 2
0.594750 0.143437 -0.051885 1
0.763048 0.097977 -0.022139 1
0.819051 0.069625 -0.006331 1
-0.044882 0.243657 0.259526 3
-0.014998 0.175403 0.199884 3
0.015173 -0.533727 0.307069 0
-0.858917 -0.236235 -0.177614 2
-0.406843 0.080237 -0.238806 2
0.840542 -0.047036 -0.161514 1
0.906828 -0.039815 -0.092448 1
0.619322 0.124019 -0.043956 1
-0.771183 -0.175404 -0.244860 2
-0.393517 0.152688 -0.053079 2
-0.000740 -0.744565 0.384490 0
-0.015934 -0.692325 0.348223 0
-0.255701 0.138257 -0.091113 2
-0.720413 -0.204590 -0.298737 2
0.040695 0.191515 0.182790 3
-0.044623 0.292627 0.296283 3
0.330876 0.181904 0.113576 1
-0.569372 0.080722 -0.111676 2
-0.497566 0.064032 -0.213953 2
0.368860 0.204829 0.082923 1
0.318367 0.191463 0.086820 1
-0.031476 0.339961 0.345918 3
-0.611396 0.067687 -0.112692 2
-0.667751 -0.090286 -0.273278 2
0.541129 0.113590 -0.127407 1
-0.602222 0.094788 -0.087515 2
0.008217 -0.590224 0.284460 0
-0.579067 0.069464 -0.142854 2
-0.722590 -0.088720 -0.199479 2
0.417163 0.183425 0.045131 1
0.362500 0.209571 0.121423 1
0.815320 -0.008295 -0.141494 1
0.503508 0.169178 -0.048378 1
-0.014924 -0.654512 0.348910 0
0.010983 -0.505554 0.277227 0
-0.008547 -0.573932 0.305342 0
0.146554 0.058017 0.104929 0
0.423721 0.182185 -0.014409 1
-0.372409 0.086666 -0.235387 2
0.439818 0.212333 0.082952 1
-0.759506 -0.234279 -0.277713 2
0.424602 0.173099 0.015240 1
-0.005428 -0.215255 0.198583 0
0.422847 0.163360 -0.128950 1
-0.677846 -0.118202 -0.285313 2
0.000682 -0.588670 0.313241 0
-0.473194 0.144980 -0.039213 2
0.262017 0.165725 0.075394 1
-0.511334 0.094674 -0.112137 2
-0.550820 0.106354 -0.092074 2
0.397948 0.192713 0.076897 1
0.424854 0.180915 -0.051433 1
-0.582934 0.041071 -0.162339 2
-0.021160 0.220040 0.254913 3
0.479322 0.142013 -0.068889 1
0.123721 0.053994 0.120263 0
0.603182 0.189619 0.064166 1
-0.332605 0.116361 -0.179588 2
0.529952 0.122051 -0.114299 1
-0.019463 0.367423 0.415462 3
0.005666 0.125690 0.193967 3
-0.466120 0.105324 -0.140230 2
-0.089254 0.024237 0.064152 0
0.022543 0.339398 0.337930 3
-0.832629 -0.360213 -0.246991 2
0.769955 0.043941 -0.081955 1
0.525767 0.140693 -0.108279 1
-0.000785 0.187149 0.301072 3
0.602931 0.147184 -0.004565 1
-0.680978 -0.109336 -0.268443 2
0.731705 0.133373 0.016821 1
-0.863705 -0.293521 -0.188641 2
0.009605 -0.372142 0.249697 0
0.682137 0.102204 -0.049921 1
0.000595 0.258106 0.239268 3
0.267238 0.164488 0.055818 1
-0.861780 -0.252419 -0.161437 2
-0.071593 0.142755 0.133009 3
0.917699 -0.067927 -0.112634 1
-0.054873 -0.014420 0.111942 0
0.479126 0.133779 -0.112607 1
0.089976 0.054553 0.092958 0
0.006955 -0.373417 0.225189 0
0.902070 -0.070165 -0.130325 1
0.072177 0.032353 0.098076 0
0.396700 0.207488 0.134722 1
-0.008173 0.066894 0.182172 3
0.924170 -0.016069 -0.026889 1
0.278824 0.173913 -0.002505 1
-0.008985 -0.806387 0.352585 0
-0.681148 -0.063779 -0.233475 2
-0.811863 -0.274457 -0.265878 2
0.565833 0.194751 0.055196 1
0.448692 0.169065 0.005070 1
0.424400 0.208167 0.067658 1
0.006290 -0.060663 0.124213 0
0.318327 0.186420 0.063143 1
-0.799879 -0.107087 -0.139400 2
-0.008746 0.362422 0.376088 3
0.023924 -0.168173 0.164494 0
-0.793889 -0.139295 -0.178360 2
-0.598960 -0.050561 -0.307364 2
0.642822 0.102960 -0.111048 1
0.009764 -0.576732 0.327289 0
-0.707834 -0.048091 -0.170400 2
-0.302676 0.124952 -0.034526 2
0.463014 0.151305 -0.035941 1
0.487611 0.152746 -0.101360 1
-0.569484 -0.029564 -0.313845 2
-0.654339 -0.107978 -0.290724 2
0.048479 -0.000188 0.115215 0
-0.020083 -0.095661 0.137081 0
0.514098 0.174176 -0.013190 1
-0.614512 0.024206 -0.160507 2
-0.661233 -0.012711 -0.167123 2
-0.445280 0.157308 -0.041523 2
-0.771327 -0.118255 -0.178632 2
0.853446 0.008456 -0.080878 1
0.641348 0.082034 -0.120462 1
0.714568 0.112651 -0.029876 1
-0.614703 0.047297 -0.142028 2
-0.589825 0.004684 -0.238239 2
-0.813539 -0.172009 -0.164242 2
-0.286020 0.127712 -0.018217 2
-0.742490 -0.122014 -0.226285 2
-0.638803 0.027270 -0.141639 2
0.284001 0.159973 0.079649 1
0.829990 -0.037366 -0.151509 1
0.424043 0.204696 0.114100 1
-0.747647 -0.020201 -0.098361 2
-0.002091 0.084565 0.191586 3
0.535225 0.156646 -0.060691 1
0.603148 0.160787 0.024821 1
-0.017127 0.116866 0.190148 3
-0.408260 0.065516 -0.255280 2
-0.743711 -0.185865 -0.257397 2
0.001061 -0.011474 0.087113 0
-0.810249 -0.148883 -0.167000 2
-0.291857 0.127911 -0.148880 2
0.878383 0.016756 -0.033527 1
-0.289154 0.155140 0.023704 2
-0.533971 0.071773 -0.169259 2
-0.856983 -0.352147 -0.216401 2
-0.810251 -0.286614 -0.248605 2
-0.680739 -0.052876 -0.216197 2
-0.334061 0.169628 0.007191 2
0.791327 0.043154 -0.089071 1
0.201182 0.113660 0.073782 0
-0.422396 0.167334 0.006687 2
0.700856 0.059445 -0.112834 1
0.762949 0.113897 0.006734 1
0.787778 -0.014532 -0.154181 1
-0.021874 -0.789288 0.350426 0
-0.765505 -0.206579 -0.274071 2
-0.081739 -0.016176 0.092912 0
-0.006803 -0.107161 0.130567 0
-0.211400 0.091510 -0.000271 2
-0.022882 -0.695587 0.318151 0
0.889815 -0.081606 -0.168169 1
0.251030 0.148462 0.090108 1
-0.615511 0.010430 -0.180154 2
0.495689 0.171169 -0.032933 1
-0.768562 -0.212376 -0.248540 2
0.006440 -0.458319 0.295360 0
0.793061 0.078923 -0.012414 1
0.361748 0.192773 0.114413 1
-0.405187 0.128366 -0.078611 2
0.851993 0.034885 -0.040012 1
-0.016185 -0.733970 0.357935 0
0.070091 -0.021741 0.122867 0
-0.239573 0.134936 0.016008 2
-0.068167 0.133326 0.168689 3
-0.318212 0.161116 -0.012417 2
-0.059836 0.206727 0.275437 3
-0.449992 0.075170 -0.229209 2
-0.109260 0.046961 0.085474 0
0.503233 0.196973 0.082976 1
-0.723649 -0.137495 -0.255681 2
0.003595 -0.641152 0.308155 0
-0.212492 0.124878 -0.013494 2
-0.045951 0.195325 0.279069 3
0.013347 -0.312801 0.211540 0
0.741453 -0.029096 -0.198148 1
-0.810878 -0.138142 -0.149466 2
-0.000403 -0.546460 0.294156 0
-0.434127 0.147195 -0.064391 2
0.659364 0.131090 -0.037919 1
-0.837033 -0.206359 -0.180146 2
-0.578561 -0.008782 -0.245380 2
-0.765545 -0.228563 -0.262704 2
0.712691 0.069347 -0.083471 1
-0.629032 -0.021648 -0.203816 2
0.100242 0.006731 0.122671 0
0.359785 0.185548 0.012577 1
0.657681 0.085896 -0.092027 1
0.507745 0.119198 -0.142697 1
0.673538 0.111099 -0.070468 1
-0.016892 0.026466 0.153692 3
0.952700 -0.087411 -0.103080 1
0.044439 0.106950 0.190722 3
-0.243931 0.116881 -0.004067 2
0.028897 0.176754 0.173969 3
0.010622 0.313293 0.289273 3
0.362399 0.189863 0.039420 1
-0.734027 -0.185967 -0.286720 2
-0.327572 0.150211 0.009290 2
-0.810103 -0.165741 -0.189329 2
0.507977 0.168738 0.014692 1
0.371930 0.179447 0.052271 1
-0.044699 0.329454 0.337236 3
-0.798947 -0.226363 -0.251896 2
-0.827572 -0.186527 -0.167371 2
-0.550151 0.065070 -0.148460 2
0.009145 -0.489714 0.295734 0
0.500542 0.196451 0.045360 1
-0.459589 0.152669 -0.052519 2
-0.757474 -0.141228 -0.229470 2
0.164443 0.083893 0.085162 0
0.305715 0.161574 0.053276 1
-0.537386 0.018005 -0.268860 2
0.587373 0.161373 0.017433 1
-0.577919 0.038008 -0.192485 2
0.009345 0.204776 0.227118 3
0.602939 0.181065 0.037201 1
-0.631271 -0.029237 -0.239998 2
0.496173 0.174257 -0.014101 1
0.807411 0.025062 -0.099457 1
0.631039 0.039596 -0.188752 1
-0.031391 0.173102 0.219078 3
-0.008167 -0.175013 0.172645 0
0.594286 0.113421 -0.080920 1
0.411345 0.184009 -0.002927 1
0.545293 0.133141 -0.110815 1
-0.657259 -0.026925 -0.191159 2
0.688912 0.120831 -0.039226 1
0.523532 0.108451 -0.155130 1
-0.033080 0.351743 0.365954 3
-0.010964 -0.556200 0.320177 0
0.010694 -0.131438 0.134971 0
0.001307 -0.059056 0.150399 0
0.028546 -0.122362 0.151768 0
0.246946 0.164559 0.017682 1
0.234323 0.151125 0.073439 1
0.019484 -0.238854 0.206706 0
0.344567 0.204138 0.112288 1
-0.370624 0.164032 -0.023875 2
0.385842 0.184407 0.005492 1
0.007330 -0.544573 0.317661 0
-0.019015 0.302375 0.289337 3
-0.332746 0.154060 -0.035514 2
-0.484966 0.054397 -0.246357 2
-0.345083 0.141926 -0.022953 2
-0.021420 -0.025311 0.114371 0
-0.618524 -0.028177 -0.218307 2
0.502422 0.125444 -0.169382 1
-0.277699 0.139711 0.013673 2
-0.657159 -0.065404 -0.231033 2
-0.498531 0.142804 -0.063299 2
0.795552 0.034441 -0.074760 1
-0.446450 0.088567 -0.198196 2
0.917214 -0.081023 -0.149581 1
0.763539 -0.019254 -0.179060 1
-0.240506 0.141492 -0.052205 2
0.000199 -0.284157 0.226979 0
-0.085621 0.049264 0.070898 0
0.113695 0.074079 0.092095 0
0.525891 0.191287 0.074322 1
-0.028546 0.194317 0.305743 3
-0.512727 0.125812 -0.083052 2
0.606638 0.192859 0.081788 1
-0.045291 0.211955 0.238256 3
-0.032298 0.243913 0.247941 3
-0.332199 0.144420 -0.061796 2
0.452281 0.191859 0.064842 1
-0.006493 -0.595354 0.336715 0
-0.851222 -0.293331 -0.215994 2
0.421946 0.213935 0.084138 1
0.831875 -0.017938 -0.114560 1
0.687676 0.033352 -0.174247 1
0.007534 0.242299 0.252200 3
0.725683 0.059130 -0.089604 1
-0.575636 0.107145 -0.080583 2
-0.356638 0.135851 -0.108956 2
0.646422 0.123054 -0.062212 1
0.011736 -0.251670 0.231315 0
-0.030849 0.117072 0.199675 3
-0.043953 -0.031932 0.121091 0
-0.303585 0.161241 0.014491 2
-0.022023 -0.557778 0.296451 0
0.034420 0.241866 0.228936 3
-0.644367 0.048896 -0.109882 2
0.006124 -0.686346 0.336454 0
0.738631 0.082390 -0.072461 1
-0.031518 0.021719 0.092362 0
-0.054364 0.115100 0.141800 3
0.918134 -0.027530 -0.042007 1
0.503843 0.162311 -0.070891 1
-0.420744 0.161216 -0.032580 2
0.776472 0.010293 -0.130815 1
-0.540119 0.088896 -0.114231 2
0.011144 -0.808796 0.375738 0
0.477719 0.192574 0.033636 1
0.735493 0.018339 -0.159041 1
0.346318 0.201155 0.094902 1
0.033864 0.166076 0.206525 3
-0.421364 0.068593 -0.265442 2
-0.821359 -0.332170 -0.257565 2
-0.021332 -0.060610 0.131868 0
-0.393468 0.107774 -0.180423 2
-0.054293 0.316003 0.322040 3
0.203578 0.133369 0.073521 0
0.478381 0.218710 0.094699 1
-0.711441 -0.176743 -0.286334 2
0.384315 0.197454 0.115560 1
-0.642829 -0.021501 -0.219782 2
0.235899 0.159667 0.039212 1
-0.086203 0.141226 0.141097 3
0.680869 0.017041 -0.190144 1
0.695058 0.084637 -0.072116 1
0.384900 0.182928 -0.044336 1
0.347876 0.179156 -0.105914 1
-0.565238 0.067304 -0.131153 2
0.177441 0.113260 0.064958 0
0.779902 -0.000386 -0.150775 1
0.980147 -0.138207 -0.119941 1
-0.368144 0.179906 0.016631 2
-0.512271 0.156012 -0.022576 2
0.005538 0.153182 0.204185 3
-0.568361 0.018669 -0.193715 2
0.462312 0.213295 0.113620 1
0.033053 -0.095087 0.149151 0
-0.643031 -0.104939 -0.323105 2
-0.762845 -0.254210 -0.282710 2
-0.219024 0.139554 -0.045768 2
0.657402 0.036907 -0.180173 1
0.566896 0.201987 0.076405 1
-0.812696 -0.305317 -0.258329 2
-0.549265 0.056991 -0.187627 2
-0.785357 -0.274265 -0.277431 2
-0.681560 0.006229 -0.149013 2
0.295883 0.178010 0.122370 1
-0.162161 0.084562 0.026172 0
-0.002888 -0.718427 0.385566 0
-0.654019 -0.068460 -0.265819 2
-0.031940 0.087858 0.181046 3
-0.018808 0.314511 0.310630 3
-0.576125 0.063667 -0.157941 2
-0.406591 0.092831 -0.213298 2
-0.523721 0.091328 -0.146580 2
-0.617922 0.009255 -0.200586 2
0.839063 -0.052414 -0.176946 1
0.642646 0.140328 -0.028659 1
0.086800 0.026772 0.104594 0
0.865857 -0.020399 -0.092697 1
-0.847017 -0.235264 -0.190120 2
0.829995 0.027940 -0.071815 1
-0.004012 -0.126847 0.141156 0
-0.433842 0.085030 -0.218239 2
0.606652 0.088848 -0.132804 1
-0.528785 0.081013 -0.134735 2
-0.614552 -0.075144 -0.323015 2
0.012142 -0.284629 0.199141 0
-0.017120 -0.480202 0.273279 0
0.942020 -0.110652 -0.155482 1
0.518769 0.214535 0.091897 1
0.426501 0.170711 -0.101880 1
0.018594 0.201624 0.195905 3
0.052696 0.204833 0.225740 3
0.655694 0.136085 -0.012636 1
0.040280 -0.021447 0.095056 0
0.735869 0.057479 -0.112277 1
0.916745 -0.098322 -0.159638 1
-0.032543 0.230384 0.298200 3
-0.071633 0.251595 0.315479 3
0.278971 0.168112 -0.017694 1
0.814346 -0.031038 -0.169395 1
-0.088105 0.288137 0.309986 3
-0.175313 0.114005 0.019707 2
0.953001 -0.122416 -0.142145 1
-0.824566 -0.244188 -0.209773 2
0.674924 0.091618 -0.108977 1
0.011326 0.320561 0.310591 3
-0.524119 0.131885 -0.071975 2
0.398215 0.181853 -0.070758 1
-0.668600 -0.049714 -0.226491 2
-0.021079 0.180807 0.252064 3
0.502823 0.177677 0.033523 1
0.671322 0.124147 -0.014229 1
0.058868 0.237374 0.222002 3
-0.478919 0.040585 -0.275950 2
0.009704 -0.627003 0.354652 0
0.016392 -0.158686 0.150856 0
0.467078 0.207964 0.071619 1
-0.707771 -0.119675 -0.255680 2
-0.847059 -0.255462 -0.188787 2
-0.003549 0.349679 0.357286 3
0.657482 0.105409 -0.092296 1
0.437390 0.162274 -0.119802 1
0.462771 0.177408 -0.014537 1
-0.718913 0.000458 -0.113095 2
0.128112 0.066598 0.082195 0
-0.293138 0.139617 -0.091595 2
-0.759149 -0.081496 -0.158594 2
0.528031 0.196582 0.048205 1
0.564878 0.151199 -0.051820 1
-0.734135 -0.007551 -0.092874 2
0.001264 0.115765 0.161193 3
-0.187692 0.105221 0.004518 2
-0.443990 0.103790 -0.119552 2
0.015860 0.369159 0.362554 3
0.360490 0.183705 -0.022958 1
0.145407 0.087071 0.094200 0
-0.626542 -0.042864 -0.265203 2
-0.488305 0.080980 -0.143576 2
0.823852 0.007587 -0.110562 1
-0.382898 0.129278 -0.070359 2
0.877902 -0.032030 -0.120418 1
0.970745 -0.107830 -0.111471 1
0.887550 -0.005725 -0.062585 1
-0.708415 -0.027901 -0.152944 2
0.019262 0.106206 0.182653 3
-0.040497 0.215772 0.291759 3
-0.354888 0.111635 -0.187540 2
-0.603581 -0.046612 -0.264331 2
0.229113 0.135484 0.056556 1
-0.612735 0.004358 -0.216997 2
0.555803 0.159000 0.001991 1
-0.016123 0.154016 0.189424 3
-0.718942 -0.135137 -0.239303 2
0.372767 0.173723 0.036522 1
-0.850918 -0.314347 -0.218318 2
0.566893 0.135086 -0.043934 1
0.543695 0.173080 -0.004513 1
0.461667 0.199142 0.044330 1
-0.016026 -0.623913 0.317492 0
-0.021767 -0.779142 0.385375 0
0.613571 0.097135 -0.112690 1
0.319221 0.167784 -0.072260 1
0.437475 0.155661 -0.149015 1
-0.265588 0.147851 0.006025 2
-0.668682 -0.079794 -0.257733 2
0.680000 0.069583 -0.110143 1
-0.835289 -0.324222 -0.247588 2
0.656912 0.156977 0.035807 1
-0.434362 0.119508 -0.122409 2
-0.383172 0.170458 -0.012838 2
-0.171094 0.074824 0.011213 0
0.008248 0.146069 0.179217 3
-0.016543 -0.431574 0.244139 0
-0.472523 0.113238 -0.127827 2
-0.417615 0.118270 -0.099514 2
-0.012747 -0.476423 0.249952 0
-0.160618 0.084838 0.044299 0
-0.331777 0.096405 -0.207131 2
0.014071 -0.683304 0.357727 0
-0.225581 0.127094 -0.022224 2
0.803252 -0.067548 -0.200359 1
-0.394564 0.143080 -0.040496 2
0.491181 0.206530 0.102173 1
-0.627752 -0.002266 -0.206357 2
0.825455 -0.071410 -0.197786 1
0.527232 0.141125 -0.040826 1
0.006162 -0.624725 0.317623 0
0.030676 -0.151588 0.173357 0
-0.004236 -0.459691 0.252024 0
0.499872 0.131894 -0.101309 1
0.346208 0.191682 0.055384 1
-0.696548 0.038929 -0.084173 2
-0.629822 0.049275 -0.130729 2
-0.631351 -0.056762 -0.247349 2
0.363141 0.181984 -0.075888 1
0.044136 -0.059478 0.131534 0
-0.040668 0.182371 0.227907 3
0.580993 0.135694 -0.081515 1
0.580574 0.190272 0.049521 1
0.502609 0.141768 -0.043694 1
0.522745 0.123390 -0.150077 1
-0.537650 0.057684 -0.160988 2
-0.393149 0.137661 -0.092076 2
-0.393532 0.131516 -0.111469 2
-0.485020 0.128902 -0.071760 2
0.440758 0.216218 0.100320 1
0.294815 0.165518 -0.050835 1
0.770800 0.024919 -0.109418 1
0.047915 -0.039758 0.134677 0
0.840250 0.027068 -0.059870 1
0.258837 0.154885 0.006009 1
-0.857006 -0.215765 -0.160535 2
-0.770658 -0.196111 -0.237391 2
-0.017027 0.232336 0.237996 3
0.000514 0.103928 0.199650 3
-0.593388 0.108345 -0.055729 2
-0.511818 0.074056 -0.186040 2
-0.018632 0.366280 0.396626 3
0.009865 -0.042646 0.143060 0
-0.063296 0.245722 0.273960 3
0.008466 -0.771641 0.358002 0
-0.063276 0.303393 0.350022 3
-0.710910 -0.147133 -0.278439 2
-0.059320 0.084972 0.140564 3
-0.848466 -0.369739 -0.207862 2
-0.452182 0.128146 -0.076307 2
0.800313 0.011405 -0.102376 1
-0.756170 -0.176055 -0.255482 2
-0.061230 0.343282 0.377450 3
0.413696 0.216661 0.113788 1
-0.433246 0.078352 -0.237901 2
0.328892 0.171946 0.066826 1
-0.054086 -0.012313 0.095558 0
-0.567636 0.122429 -0.068100 2
0.972211 -0.154103 -0.135641 1
0.710591 0.059522 -0.100590 1
-0.355060 0.122019 -0.155859 2
-0.823187 -0.205753 -0.205685 2
-0.550856 0.009963 -0.237717 2
0.870007 -0.071996 -0.170577 1
0.612152 0.132254 -0.029234 1
0.137201 0.076773 0.103308 0
0.265692 0.161589 0.110409 1
0.590824 0.121093 -0.062101 1
0.863223 -0.023609 -0.118442 1
-0.653676 -0.048712 -0.238998 2
0.022404 0.252463 0.277224 3
-0.057192 0.214667 0.291781 3
-0.771698 -0.057645 -0.119715 2
0.933434 -0.069638 -0.098736 1
0.865630 0.011514 -0.052283 1
0.808348 0.081785 -0.011479 1
0.113803 0.057862 0.094251 0
-0.072699 0.159597 0.144213 3
0.565378 0.185959 0.068026 1
-0.574355 0.017628 -0.232673 2
-0.680072 0.019207 -0.130599 2
0.018405 -0.083295 0.147905 0
0.045786 0.249766 0.240942 3
0.961335 -0.078970 -0.066087 1
0.772445 0.067466 -0.069524 1
0.797775 0.094846 -0.000399 1
0.914349 -0.025443 -0.061927 1
0.008279 -0.800720 0.355467 0
-0.801584 -0.237104 -0.228462 2
0.556403 0.090838 -0.161250 1
-0.872921 -0.350375 -0.197056 2
0.490310 0.194951 0.074644 1
0.898923 -0.021557 -0.079089 1
-0.317580 0.164671 0.025980 2
0.281566 0.174784 0.015631 1
0.073534 0.019066 0.106823 0
-0.640084 -0.042236 -0.217377 2
-0.069422 0.290029 0.317818 3
-0.494108 0.094580 -0.130912 2
-0.029097 0.250508 0.280794 3
0.721456 0.094988 -0.062024 1
-0.344523 0.128561 -0.053648 2
-0.003897 -0.517055 0.306525 0
-0.106651 0.186492 0.152066 3
-0.690379 -0.078736 -0.238260 2
0.004104 -0.417232 0.278740 0
0.903462 0.013727 -0.023935 1
-0.394433 0.085113 -0.254173 2
-0.780224 -0.231848 -0.274303 2
0.036320 0.192033 0.205732 3
0.007231 0.251090 0.279952 3
-0.242689 0.130008 -0.018636 2
0.075207 0.003153 0.132931 0
-0.734195 -0.090756 -0.187901 2
0.015547 -0.444559 0.281989 0
-0.687924 -0.142466 -0.301787 2
-0.824858 -0.179145 -0.185928 2
0.614770 0.064819 -0.178206 1
-0.512083 0.029570 -0.268611 2
-0.393412 0.147481 -0.072055 2
-0.010419 -0.506659 0.316842 0
-0.044162 0.104821 0.171396 3
0.827529 -0.022570 -0.148136 1
-0.434040 0.098536 -0.179236 2
-0.043789 0.074875 0.135012 3
0.733096 0.030428 -0.134446 1
0.759878 0.026462 -0.141218 1
0.579022 0.102960 -0.148410 1
-0.639386 -0.092448 -0.311086 2
-0.200319 0.113771 0.024484 2
0.564898 0.123594 -0.071006 1
0.411603 0.176321 0.027566 1
-0.366086 0.132381 -0.120521 2
0.318846 0.180367 0.045210 1
-0.053574 0.137019 0.211418 3
0.407802 0.198024 0.095820 1
0.503350 0.189712 0.063991 1
