0.050055 0.053656 0.284730 4
-0.076542 -0.955073 -0.284152 0
-0.391353 0.109662 -0.418922 3
0.031924 -0.428462 -0.050364 0
0.249197 0.274261 -0.161234 5
-0.104403 -0.018047 -0.115679 0
-0.235398 -0.590925 -0.017711 1
0.253433 -0.519738 -0.241190 2
0.024991 -0.726213 -0.110697 0
-0.363985 0.127377 -0.121506 3
-0.203719 -0.037606 0.165604 6
0.057949 -0.192892 0.123644 0
-0.131276 0.178356 -0.318606 3
0.169625 0.232443 0.105882 5
0.095145 0.041334 -0.006022 0
-0.021575 -0.205465 -0.070161 0
0.174266 0.203348 0.349530 4
0.330142 0.319953 0.019408 5
0.062879 0.198379 -0.124935 5
-0.054873 0.069644 0.109419 6
0.130086 -0.559178 -0.114615 2
-0.054222 -0.580834 -0.047970 0
-0.214057 0.044543 0.013211 6
0.138417 0.053127 0.433679 4
-0.300690 0.148090 -0.278377 3
-0.202902 0.109795 -0.148983 3
-0.025768 -0.067508 0.018266 0
-0.454145 0.138663 -0.274839 3
0.168831 0.125095 0.215254 4
-0.011511 -0.843322 -0.204082 0
0.056033 -0.046962 0.172437 4
0.058716 -0.324287 0.054434 0
-0.262004 0.182025 -0.419213 3
0.171334 0.252186 -0.040882 5
0.071483 0.172442 0.025916 5
0.118865 -0.525265 -0.239116 2
-0.162278 -0.528781 -0.103886 1
-0.098434 0.160317 -0.194829 3
0.066762 -0.143803 -0.000627 0
-0.097521 0.041227 0.002931 6
-0.131201 -0.570850 0.038098 1
0.037881 0.010190 0.389006 4
0.079494 0.063230 0.174714 4
-0.110994 0.020157 0.192921 6
0.023760 -0.306587 -0.054531 0
0.224809 0.319624 0.065808 5
0.049360 -0.621493 -0.074850 0
0.129735 0.105474 0.335406 4
0.145932 0.237905 -0.177927 5
-0.061402 -0.106520 -0.081297 0
0.312155 0.305911 -0.084523 5
-0.156165 0.025691 0.097391 6
0.226899 -0.530137 -0.141546 2
-0.203159 0.144916 -0.246788 3
0.035251 -0.527296 -0.047942 0
0.066324 -0.050042 -0.023126 0
-0.289541 0.141984 -0.184726 3
0.177822 0.139346 0.417922 4
-0.378553 0.141002 -0.213535 3
-0.223687 0.176318 -0.335135 3
-0.381172 0.134493 -0.331271 3
-0.238329 -0.012005 0.082752 6
-0.279421 0.143476 -0.091944 3
-0.124415 0.070410 -0.127936 3
0.243237 0.309717 -0.021906 5
0.055701 -0.230677 -0.016899 0
0.007612 0.002335 0.227316 4
0.080532 0.123685 -0.044571 5
0.205588 0.149255 0.288686 4
0.155671 0.277534 0.037651 5
0.113743 0.195757 -0.060874 5
0.118350 0.069919 0.244326 4
-0.034770 0.007205 0.044122 6
-0.013601 0.029582 0.325020 4
0.037019 -0.248066 0.071199 0
-0.315511 0.160376 -0.366295 3
0.069259 -0.122881 0.158751 4
0.114158 0.177789 0.090148 5
0.235392 0.266194 -0.085960 5
-0.126170 -0.557087 -0.038040 1
0.010758 -0.789875 -0.154346 0
0.045662 -0.387197 0.013446 0
0.137792 0.204043 0.011672 5
-0.045371 -0.892155 -0.249266 0
0.186628 -0.527155 -0.208022 2
0.082135 0.000961 0.227688 4
0.102530 -0.513925 -0.166515 2
-0.447028 0.116554 -0.359486 3
0.083871 0.065577 0.373830 4
-0.154487 0.116570 -0.200173 3
0.178114 0.237288 -0.115495 5
0.129135 0.135232 0.271865 4
0.125131 0.176749 0.395667 4
-0.212631 -0.563289 -0.075687 1
0.181222 -0.528071 -0.275000 2
-0.133741 0.160975 -0.254578 3
-0.012972 -0.642598 -0.082454 0
-0.156417 0.063785 -0.017246 6
-0.334790 0.152833 -0.429052 3
-0.077051 -0.556789 0.007119 1
-0.092182 0.035640 0.070253 6
-0.178668 0.018155 0.155237 6
-0.188877 -0.592840 0.022745 1
-0.106776 0.044101 0.136252 6
0.019988 -0.180454 -0.018001 0
0.127543 0.167125 0.333489 4
-0.052477 0.052020 0.167830 6
0.117533 0.110725 0.178994 4
-0.193788 0.190654 -0.385930 3
0.054051 -0.360003 -0.040088 0
-0.150799 0.043890 0.039581 6
0.090303 0.100781 0.009873 5
-0.232538 0.124565 -0.198800 3
0.119283 0.222445 -0.113623 5
-0.392764 0.140755 -0.273536 3
-0.105358 -0.531759 -0.087256 1
0.118898 0.150768 -0.008694 5
0.076355 -0.583229 -0.117066 0
0.156735 0.092169 0.389901 4
0.183366 0.288236 0.092926 5
0.061654 0.026590 0.336980 4
0.212369 0.279004 0.026187 5
0.274649 0.308007 0.030194 5
0.092232 0.092228 0.293173 4
0.343672 0.314562 -0.036369 5
0.162172 -0.532943 -0.156713 2
0.008454 -0.247150 -0.042958 0
0.185741 -0.556293 -0.106659 2
-0.184362 0.166972 -0.296106 3
-0.246035 0.161824 -0.278674 3
-0.410183 0.130963 -0.168567 3
0.011922 -0.106929 0.007037 0
0.064614 0.165131 -0.080482 5
-0.047666 -0.021114 -0.002841 0
-0.433651 0.140406 -0.219667 3
0.033537 -0.674382 -0.093204 0
-0.020293 0.027177 0.267981 4
-0.199258 0.025147 0.063143 6
-0.041504 0.060779 0.053926 6
0.069506 0.007439 0.174758 4
-0.068220 -0.053979 -0.095750 0
-0.178275 -0.570039 -0.025887 1
-0.040379 -0.156828 -0.085811 0
-0.278314 0.164573 -0.327482 3
0.165612 0.189573 0.298213 4
0.204018 0.246210 -0.168433 5
-0.326843 0.144544 -0.227068 3
0.063760 0.007365 -0.032965 0
0.057685 -0.100924 -0.037192 0
-0.122975 0.122474 -0.157648 3
-0.259142 0.136083 -0.140595 3
-0.344648 0.132710 -0.173720 3
0.295426 0.301796 -0.018527 5
0.083459 0.035175 0.416886 4
-0.270009 0.142113 -0.236406 3
0.037690 0.004463 0.270000 4
0.052942 -0.475013 -0.039366 0
0.275408 0.281603 -0.115746 5
0.091442 0.230748 -0.156312 5
0.145982 0.215996 0.063287 5
-0.132775 0.019566 -0.136039 0
-0.163620 0.077490 -0.160114 3
0.250790 -0.523537 -0.186311 2
-0.361379 0.136263 -0.378402 3
-0.314458 0.134983 -0.130874 3
-0.335558 0.151883 -0.317188 3
0.031843 -0.573933 -0.073612 0
0.217835 0.270221 -0.038740 5
-0.197872 0.001408 0.112561 6
0.265659 0.300068 -0.063955 5
0.174508 0.118770 0.266354 4
0.090399 0.030869 0.270393 4
0.073250 0.076341 -0.037764 5
0.155824 0.146775 0.366714 4
0.044567 -0.277463 -0.018478 0
0.078317 0.051433 0.225172 4
-0.172353 0.198655 -0.332979 3
0.171864 0.087001 0.435542 4
-0.257751 0.176527 -0.368645 3
0.178553 0.246689 0.005674 5
0.052674 -0.146456 0.120525 0
0.139116 -0.526844 -0.197385 2
0.158530 0.188016 0.112787 5
0.156908 0.133625 0.310843 4
0.147659 0.223958 -0.074310 5
0.110016 0.189648 0.045213 5
0.223210 0.249092 -0.126573 5
0.043976 -0.018379 0.205975 4
-0.153092 0.004314 0.197521 6
-0.346324 0.147990 -0.273802 3
-0.162001 -0.554759 -0.064787 1
-0.436925 0.130185 -0.318169 3
0.188388 0.264777 -0.082075 5
0.136096 0.219910 -0.031042 5
-0.044854 -0.877764 -0.207346 0
0.074022 -0.085919 0.183357 4
0.082392 -0.017435 0.002055 0
-0.020198 -0.600089 -0.068456 0
0.073812 -0.090517 0.002078 0
0.021669 0.035753 0.351852 4
-0.226509 -0.028471 0.126209 6
0.075164 0.066698 0.324089 4
0.124230 0.110732 0.230342 4
-0.403975 0.116381 -0.364844 3
-0.015297 -0.825805 -0.164670 0
0.081608 -0.040841 0.206775 4
0.060938 -0.283352 0.066580 0
0.128132 0.205504 0.352271 4
0.116136 0.070304 0.401515 4
0.022768 0.014822 0.308722 4
-0.074434 0.008784 0.017301 6
0.002937 -0.751323 -0.136343 0
0.211767 -0.523707 -0.245102 2
0.133431 0.092869 0.276139 4
0.267240 0.311375 0.071416 5
0.060498 -0.240561 0.105215 0
-0.238064 0.015399 0.050377 6
-0.222933 0.129782 -0.117990 3
0.031008 -0.394608 -0.025036 0
0.112009 0.060503 0.202277 4
-0.059823 -0.935243 -0.251620 0
0.060029 -0.190557 -0.006835 0
0.191327 0.285142 -0.009093 5
0.173658 0.164771 0.334082 4
0.184685 0.302761 0.052704 5
-0.300173 0.169096 -0.410603 3
0.042234 -0.341554 0.021046 0
-0.138571 0.029102 0.157275 6
0.165283 0.256247 0.071165 5
-0.146343 -0.567557 0.000319 1
-0.132890 0.150290 -0.214307 3
-0.192174 0.105956 -0.188678 3
-0.427666 0.099024 -0.393165 3
0.109664 0.128027 0.308312 4
0.133899 0.239027 0.032186 5
0.097865 0.141729 0.026468 5
-0.070825 -0.549337 -0.066824 1
0.034863 -0.141685 -0.027926 0
0.235345 0.311902 0.024780 5
0.098020 -0.517107 -0.206414 2
0.053372 0.052112 0.395242 4
-0.015762 -0.171251 -0.051064 0
-0.084890 -0.560784 -0.031662 1
-0.023380 -0.029239 0.027769 0
-0.164623 0.137564 -0.242202 3
-0.110722 0.023868 -0.103586 0
0.159371 -0.536819 -0.234207 2
0.113845 0.071436 0.344866 4
0.094901 0.163679 -0.050480 5
0.031867 -0.382535 -0.062208 0
0.116554 0.186815 -0.021300 5
0.053744 -0.082592 0.151161 4
-0.230003 0.188324 -0.399420 3
-0.120865 0.039390 0.097206 6
-0.184738 0.089635 -0.122587 3
0.198104 -0.527576 -0.167352 2
0.059323 -0.323134 -0.034570 0
-0.186007 -0.009401 0.183039 6
0.051680 0.033486 0.250928 4
-0.105553 0.169973 -0.230195 3
0.219598 0.303530 0.098937 5
0.013792 -0.149211 0.001731 0
0.021727 -0.330262 -0.026023 0
0.086223 0.133264 -0.008396 5
0.151016 0.234311 -0.140558 5
0.174424 0.159831 0.271840 4
-0.210001 -0.000547 0.150226 6
-0.177807 0.051364 0.009993 6
0.096351 0.027503 0.200227 4
-0.054010 0.036788 0.028746 6
0.093882 0.202227 -0.097122 5
-0.015057 -0.084448 -0.012040 0
0.082613 0.069116 0.256568 4
-0.113858 0.035448 0.034569 6
-0.325630 0.132950 -0.096694 3
-0.360970 0.132053 -0.415654 3
0.154510 0.296278 0.071243 5
-0.161974 0.188165 -0.365648 3
-0.000056 -0.212389 -0.041527 0
0.059042 0.022793 0.300483 4
-0.210093 -0.575745 -0.041187 1
0.046201 -0.206516 0.092753 0
-0.403268 0.139354 -0.239443 3
-0.112963 -0.555323 -0.000679 1
-0.086417 0.036755 0.173312 6
0.037860 -0.209676 -0.039084 0
0.143515 0.160601 0.292583 4
0.157264 0.166192 0.408165 4
-0.194743 -0.543006 -0.098205 1
-0.121999 0.067516 -0.011374 6
0.104340 0.175754 0.013521 5
-0.158208 0.061295 -0.129376 3
-0.190366 0.136169 -0.215420 3
0.128165 -0.532719 -0.148533 2
0.097413 0.057664 0.292982 4
0.052926 0.052168 0.359125 4
-0.140463 0.042961 0.006298 6
0.045172 -0.428902 -0.018142 0
-0.113922 0.171253 -0.281295 3
-0.236168 0.118889 -0.160077 3
0.035341 -0.359384 -0.007823 0
0.298273 0.326374 0.005553 5
-0.236123 0.135567 -0.237315 3
0.238878 0.279171 -0.120573 5
-0.081578 0.049693 0.099835 6
-0.377875 0.135776 -0.151862 3
0.120792 0.093142 0.370491 4
0.222823 -0.531457 -0.204312 2
-0.152980 0.161813 -0.283898 3
0.224474 0.274655 -0.005660 5
0.149493 0.180796 0.372436 4
0.145925 0.247592 -0.003364 5
0.047855 0.010594 0.226329 4
0.313217 0.311593 -0.051248 5
-0.358521 0.143375 -0.240489 3
-0.076291 0.055823 0.144193 6
0.083396 0.068148 0.408579 4
-0.196092 0.185135 -0.352942 3
-0.134303 0.021943 0.124813 6
-0.027321 0.051585 0.082770 6
0.025700 -0.644997 -0.072543 0
0.041430 -0.299587 0.040274 0
-0.403964 0.137419 -0.307313 3
-0.213215 0.157355 -0.280579 3
-0.132116 0.029467 0.062836 6
0.152906 0.122948 0.401552 4
0.155824 0.102898 0.236165 4
-0.289800 0.132728 -0.152750 3
-0.343252 0.149145 -0.349178 3
0.195509 0.180384 0.308300 4
0.103653 0.037774 0.240799 4
0.101007 -0.554174 -0.128811 2
0.067298 0.028054 0.375975 4
0.257006 0.296347 0.005200 5
0.009053 0.029751 0.282213 4
0.359081 0.310431 -0.007863 5
-0.263506 0.137038 -0.203777 3
-0.000032 -0.288765 -0.041081 0
0.043750 -0.172548 0.102519 0
-0.246956 0.170610 -0.313233 3
-0.274316 0.158882 -0.295799 3
0.034521 0.043099 0.323040 4
-0.365060 0.142663 -0.299643 3
-0.126259 0.142649 -0.183750 3
0.071257 -0.604102 -0.093106 0
0.154851 0.206461 0.324209 4
-0.159332 -0.586096 0.036328 1
0.146509 0.116148 0.368128 4
0.324917 0.325923 -0.012223 5
0.182130 0.138420 0.242247 4
-0.301335 0.144311 -0.246408 3
0.143331 0.117318 0.196667 4
-0.203586 -0.582354 -0.010638 1
0.032070 -0.487027 -0.060308 0
-0.138605 -0.540802 -0.081394 1
0.143436 -0.526553 -0.259856 2
0.252167 0.284864 -0.039571 5
0.072636 0.042993 -0.028338 0
0.032885 -0.708563 -0.085636 0
-0.132817 0.092448 -0.156149 3
-0.179209 0.152739 -0.265875 3
0.048578 -0.556568 -0.053186 0
0.058384 -0.504965 -0.047847 0
0.106858 0.086669 0.219619 4
0.019977 -0.363550 -0.035063 0
0.211556 0.291116 0.068270 5
0.040629 -0.017137 0.239471 4
-0.034212 -0.140497 -0.059655 0
0.164156 0.227298 -0.019089 5
-0.408464 0.137139 -0.201261 3
0.194282 -0.536528 -0.137576 2
-0.320077 0.145039 -0.196491 3
-0.373664 0.141078 -0.182365 3
-0.250541 0.142288 -0.110403 3
0.042646 -0.116359 0.143764 4
-0.163033 0.034193 0.068139 6
-0.423088 0.141214 -0.282921 3
-0.238639 -0.583454 -0.051161 1
-0.324177 0.155495 -0.396064 3
0.225887 0.286964 -0.064774 5
0.102736 0.098282 0.264484 4
-0.014629 -0.867761 -0.223054 0
0.185113 0.268167 0.040910 5
0.252807 0.327697 0.049301 5
0.093596 0.072258 -0.004328 0
0.084867 0.100903 -0.022894 5
0.089800 0.166304 0.050094 5
-0.083406 0.046076 0.031304 6
-0.081401 -0.026045 -0.095062 0
0.116166 0.085328 0.316457 4
0.049409 -0.598215 -0.054724 0
0.070744 0.010183 0.257248 4
-0.101024 -0.551720 -0.061648 1
-0.292477 0.147310 -0.214840 3
-0.164430 0.171890 -0.318954 3
0.090398 0.211263 -0.129118 5
0.148966 0.234650 -0.106326 5
-0.134463 -0.515986 -0.102999 1
0.195673 0.262102 -0.112057 5
-0.302993 0.155792 -0.311712 3
0.243383 0.298728 0.051482 5
0.281006 0.301353 -0.093264 5
-0.214170 0.174992 -0.306264 3
0.163343 0.262145 0.104570 5
-0.283309 0.136884 -0.122313 3
0.087379 -0.012515 0.197697 4
-0.209391 0.006810 0.084966 6
0.181992 0.289794 0.019998 5
-0.135939 0.052931 -0.149750 0
0.175580 0.237786 -0.162623 5
0.084939 0.012590 0.000149 0
0.097949 0.046317 0.392855 4
0.123493 0.236730 -0.157900 5
-0.064353 0.056965 0.076254 6
-0.073307 -0.083390 -0.099545 0
-0.181043 0.041990 0.038388 6
0.146284 0.069790 0.409926 4
0.273971 0.321899 -0.012308 5
0.137795 0.188234 0.071358 5
0.058326 -0.114326 -0.010369 0
0.005150 -0.620434 -0.073531 0
0.093924 0.088737 0.168682 4
-0.218160 0.199127 -0.367419 3
0.000182 -0.124584 -0.014002 0
0.068579 -0.163990 0.138728 0
0.045504 -0.171979 -0.030974 0
-0.164487 0.020689 0.125620 6
0.135306 0.134337 0.340493 4
-0.093876 -0.047769 -0.111250 0
0.201065 0.257354 -0.013750 5
0.015446 0.018406 0.251169 4
-0.033339 -0.052402 -0.006257 0
-0.386849 0.114916 -0.389958 3
-0.286487 0.170592 -0.363673 3
0.173873 0.238928 -0.084653 5
-0.434676 0.146529 -0.248732 3
0.033333 -0.457421 -0.058884 0
0.016771 -0.272570 -0.059393 0
0.154244 -0.545079 -0.124405 2
0.068738 0.016803 0.202863 4
-0.216683 0.033868 0.040690 6
-0.264354 0.131763 -0.169397 3
0.110603 0.043544 0.433608 4
-0.147569 0.175600 -0.342800 3
0.029357 0.039962 0.383739 4
-0.224473 -0.594109 0.009210 1
-0.183876 0.020306 0.089423 6
0.036743 -0.252894 -0.032055 0
0.253920 0.286607 -0.096720 5
0.208854 0.306867 0.036973 5
-0.341538 0.132132 -0.141070 3
0.154167 0.130882 0.244824 4
0.162599 0.243557 0.031494 5
-0.183547 -0.009771 0.142606 6
0.141345 0.257703 0.054994 5
0.021583 -0.543575 -0.067428 0
-0.187541 -0.563885 -0.055037 1
-0.136204 0.045863 -0.118571 0
0.064197 -0.020941 -0.028173 0
0.029481 -0.341162 -0.051422 0
0.067773 -0.025521 0.226675 4
0.051791 -0.409956 -0.041204 0
-0.032634 0.033008 0.056390 6
0.150580 0.114863 0.282466 4
0.109683 0.117781 -0.003567 5
0.070315 0.075201 0.286641 4
0.216538 0.302041 0.005802 5
0.116402 0.069441 0.272679 4
0.198771 0.239724 -0.137575 5
-0.112840 0.043881 0.163878 6
-0.012503 -0.796509 -0.168955 0
0.269566 0.309503 -0.037675 5
0.015567 -0.699708 -0.110661 0
0.156338 0.209494 0.088611 5
0.133416 0.173819 0.110227 5
-0.158399 0.099283 -0.177058 3
0.249040 0.311034 0.092774 5
0.066507 0.185322 -0.099878 5
0.131239 0.210897 0.038083 5
-0.006622 -0.229060 -0.067517 0
-0.408245 0.128771 -0.335794 3
-0.352275 0.140882 -0.203857 3
0.100772 -0.578374 -0.104255 0
0.062092 -0.060603 0.203509 4
-0.050551 -0.004231 0.023614 6
0.034229 0.015603 0.337186 4
0.301951 0.313427 0.031358 5
0.181879 0.135045 0.291650 4
0.033945 -0.451281 -0.030073 0
0.197597 0.257804 -0.053009 5
-0.050404 -0.081141 -0.082763 0
0.029298 -0.602830 -0.078452 0
0.181917 -0.527253 -0.246943 2
0.213453 -0.523944 -0.272652 2
0.003755 -0.080849 0.010747 0
0.032825 -0.300574 -0.027883 0
-0.275039 0.148307 -0.268289 3
-0.317285 0.131953 -0.170620 3
-0.042546 0.055694 0.142435 6
-0.190607 0.179885 -0.321611 3
0.173112 0.265779 -0.016078 5
0.176341 0.112130 0.421332 4
0.059270 -0.019327 0.183195 4
-0.153366 -0.560416 -0.037203 1
0.113316 0.108667 0.287530 4
0.291830 0.293298 -0.060610 5
0.075513 0.033839 0.177691 4
-0.327448 0.150319 -0.253665 3
-0.111282 0.038467 -0.126514 0
-0.274642 0.178193 -0.389846 3
-0.250360 0.176119 -0.339543 3
0.270515 0.292387 -0.140048 5
-0.302409 0.164180 -0.339733 3
0.094099 0.185160 0.068934 5
0.132618 0.089626 0.212119 4
0.165724 0.145876 0.391796 4
0.091731 0.186639 -0.075215 5
0.059292 -0.074425 -0.032608 0
0.010085 -0.666985 -0.082245 0
0.078871 -0.045891 0.000236 0
0.225802 0.261134 -0.160381 5
0.119080 0.207252 -0.084500 5
-0.458834 0.132788 -0.300556 3
0.246502 -0.517628 -0.212005 2
0.156675 0.140175 0.276668 4
-0.059045 0.036676 0.055899 6
0.182882 0.153226 0.311964 4
-0.013263 0.031396 0.296562 4
-0.381006 0.127542 -0.357514 3
0.094284 0.079016 0.195451 4
-0.039936 -0.870543 -0.234897 0
0.083123 0.073488 0.348452 4
-0.179474 -0.579833 0.001652 1
-0.249515 0.146200 -0.257613 3
0.074981 0.147460 -0.056667 5
0.202325 0.129910 0.271030 4
0.035260 0.029092 0.285047 4
-0.191407 0.090550 -0.162853 3
0.123890 0.152272 0.312092 4
0.214874 0.293526 -0.021253 5
-0.455945 0.125251 -0.335617 3
0.098130 0.146667 -0.030813 5
0.144804 0.183144 0.317740 4
-0.115855 0.004767 -0.121384 0
0.199760 0.315454 0.071974 5
-0.207209 0.118300 -0.206651 3
-0.030787 -0.181665 -0.075449 0
-0.036964 -0.916465 -0.245090 0
0.068583 -0.167789 -0.016108 0
0.130869 0.112966 0.309123 4
-0.105099 -0.550805 0.023693 1
0.081451 -0.071403 -0.013811 0
0.166470 0.267401 0.015689 5
0.131835 0.111155 0.257770 4
0.130536 0.228117 0.004011 5
0.027507 -0.227007 -0.022899 0
0.226510 -0.526564 -0.177925 2
0.055742 0.020927 0.404236 4
0.141168 0.274472 0.074812 5
0.188039 0.280505 0.068551 5
-0.064034 -0.910129 -0.255594 0
0.248961 -0.530343 -0.154846 2
0.067180 0.046942 0.266490 4
-0.051812 -0.129788 -0.085989 0
0.074540 0.040602 0.310365 4
-0.153884 0.014918 0.172039 6
0.161602 -0.530030 -0.185668 2
0.254057 0.278301 -0.070376 5
0.052955 -0.263283 0.083988 0
-0.168507 -0.548439 -0.089132 1
-0.007261 -0.805872 -0.146002 0
0.040839 0.017002 0.364827 4
-0.330677 0.143489 -0.293860 3
-0.100829 0.033575 0.111441 6
0.153771 0.237569 -0.051635 5
0.137388 0.162178 0.359001 4
0.048099 -0.073783 0.174106 4
0.056028 0.065407 0.307722 4
0.052798 -0.363765 0.026467 0
-0.195142 0.059378 -0.006374 6
-0.220149 -0.015368 0.105721 6
0.215758 0.274429 -0.099292 5
-0.110269 0.169739 -0.256374 3
0.091884 0.085185 0.328025 4
0.319046 0.300976 -0.026974 5
-0.010061 -0.048197 0.015103 0
0.083928 0.056492 0.201247 4
0.144779 0.202607 -0.012380 5
-0.156574 0.137988 -0.213055 3
-0.004672 -0.770388 -0.151005 0
0.085736 0.155057 0.009077 5
0.056102 -0.217486 0.113789 0
-0.044230 -0.605156 -0.073017 0
0.109333 0.071407 0.377559 4
0.131509 -0.525636 -0.172186 2
0.043796 -0.211177 -0.007062 0
-0.357664 0.141383 -0.327101 3
0.017899 -0.269802 -0.034728 0
0.123642 0.172132 0.034120 5
0.045692 -0.341975 -0.025263 0
-0.141666 0.121521 -0.173841 3
0.159805 0.230058 0.007223 5
0.141795 0.184742 0.343309 4
-0.003830 -0.189571 -0.063656 0
-0.208063 -0.036829 0.141326 6
-0.224981 0.148745 -0.258006 3
-0.213513 0.133693 -0.224828 3
0.131165 0.196562 0.376923 4
0.010759 0.034236 0.329995 4
0.046200 -0.614866 -0.098167 0
0.048937 -0.406689 -0.000930 0
0.193711 0.263560 0.014673 5
0.133471 0.088641 0.240376 4
0.232174 -0.530609 -0.233761 2
0.203271 0.278947 -0.068811 5
0.130989 0.217682 -0.057736 5
-0.130716 0.014986 0.179469 6
0.165209 0.253106 -0.066880 5
0.185449 0.116560 0.230795 4
-0.347820 0.145374 -0.400216 3
-0.222885 -0.020994 0.152302 6
-0.393041 0.156566 -0.253121 3
0.265656 0.322174 0.010467 5
0.074684 0.023973 0.229328 4
0.076851 0.186645 0.047695 5
0.133650 0.082572 0.390135 4
0.156554 0.234352 0.076736 5
0.292807 0.316502 -0.037591 5
0.000652 -0.824225 -0.182811 0
-0.068763 0.020602 0.038987 6
-0.285028 0.176298 -0.427946 3
0.061276 -0.452394 -0.038539 0
-0.213450 0.107020 -0.127483 3
-0.301530 0.135862 -0.106614 3
-0.217485 0.116184 -0.174963 3
-0.020630 -0.619815 -0.082498 0
0.245072 0.283923 -0.013758 5
0.058793 -0.342680 0.038373 0
0.160831 -0.531218 -0.211003 2
0.283721 0.304596 0.002118 5
0.189489 0.178964 0.285222 4
-0.403963 0.098726 -0.401862 3
0.041215 -0.663116 -0.072569 0
-0.095177 0.024583 0.024492 6
-0.304910 0.167350 -0.386471 3
-0.145101 0.150125 -0.234762 3
0.033237 -0.492532 -0.037165 0
0.159436 0.145670 0.333996 4
-0.372874 0.141568 -0.260467 3
-0.187473 0.015497 0.128682 6
0.015192 -0.690881 -0.088653 0
-0.127191 -0.566180 0.015204 1
0.061828 -0.105227 0.172711 4
-0.084980 0.036281 0.131201 6
0.234670 0.300406 0.075541 5
0.129523 0.226232 -0.134608 5
0.103916 0.051216 0.264293 4
-0.115243 0.051018 0.015066 6
0.186693 0.195213 0.331230 4
-0.098693 0.003644 -0.103597 0
0.145391 0.102212 0.409740 4
0.112355 -0.519491 -0.187956 2
0.121951 0.204517 -0.005666 5
0.208900 0.252973 -0.092839 5
0.271793 0.295208 -0.019315 5
0.033306 -0.162332 -0.011645 0
0.168776 0.166027 0.293614 4
0.097975 0.085910 0.241173 4
0.124171 0.175108 0.001274 5
0.205473 -0.546152 -0.119556 2
0.113498 0.056364 0.226025 4
0.082244 -0.066085 0.192358 4
0.193911 0.149823 0.262423 4
0.039415 -0.323575 0.041470 0
0.045461 -0.376505 -0.026099 0
-0.311804 0.164019 -0.430004 3
-0.180250 0.124388 -0.198214 3
0.160630 0.066992 0.432392 4
-0.130836 -0.561165 -0.015641 1
0.124359 0.197793 -0.040439 5
0.133931 0.137514 0.294360 4
-0.339747 0.130321 -0.114802 3
0.059297 -0.141058 0.148599 4
-0.115181 0.024223 0.144354 6
0.043614 -0.051589 0.191295 4
-0.229135 0.005380 0.069115 6
-0.053732 -0.580234 -0.070989 0
0.135975 -0.527689 -0.223920 2
0.024509 -0.624697 -0.061840 0
0.132015 0.224360 -0.092717 5
0.121036 0.192336 0.022091 5
0.044138 -0.270428 0.057857 0
0.181214 0.242378 -0.021179 5
0.275475 0.325383 0.047421 5
0.033562 -0.509883 -0.062612 0
-0.021594 -0.836467 -0.184825 0
-0.038186 -0.112620 -0.079795 0
0.229689 0.289593 -0.040462 5
-0.178905 0.082175 -0.143947 3
0.107301 0.104865 0.323929 4
0.147820 0.222313 0.025659 5
-0.112858 0.143365 -0.165458 3
-0.123876 -0.550198 -0.059521 1
0.073059 0.209145 -0.143554 5
0.051724 -0.002402 0.253605 4
0.087139 0.043268 0.371924 4
0.021912 -0.003138 0.253614 4
0.076506 0.065482 -0.017492 0
0.162491 0.174715 0.354965 4
-0.235439 0.187557 -0.376285 3
-0.135691 0.171311 -0.294925 3
0.233885 0.266386 -0.139942 5
0.042647 -0.228735 0.094745 0
0.147572 0.120130 0.220890 4
0.144152 0.162904 0.384954 4
0.240065 0.313428 0.002873 5
0.197967 0.276669 -0.030517 5
-0.153695 0.154273 -0.262782 3
0.119405 0.088025 0.293788 4
0.235711 0.289956 0.020304 5
0.101894 0.068113 0.316090 4
0.080084 -0.001498 -0.020513 0
0.075867 0.049129 0.399552 4
-0.019425 -0.155055 -0.067943 0
0.147852 0.201491 0.362944 4
0.176526 -0.545638 -0.124495 2
0.300002 0.302747 -0.104797 5
0.071918 0.022311 0.279381 4
-0.046686 0.059809 0.090017 6
-0.167611 0.119538 -0.218741 3
-0.334537 0.153167 -0.375263 3
0.012858 -0.160009 -0.022982 0
0.102706 0.093592 -0.007085 5
-0.126067 0.041679 0.118988 6
-0.206777 -0.015048 0.124438 6
-0.016943 -0.088417 0.013050 0
-0.160982 0.007541 0.143099 6
-0.146904 -0.573568 0.022057 1
0.003728 0.023361 0.355555 4
0.054578 0.049469 0.329804 4
-0.068075 0.057219 0.123732 6
-0.232618 0.122052 -0.136276 3
-0.046327 -0.893987 -0.227278 0
-0.030745 -0.862315 -0.200316 0
0.115943 0.157123 0.015481 5
0.092030 0.018019 0.241543 4
0.150531 0.236505 0.048517 5
-0.188559 0.012575 0.174079 6
0.123152 0.057851 0.418216 4
0.045676 -0.172718 0.124408 0
0.152075 0.145207 0.412088 4
-0.246376 0.123857 -0.181758 3
0.128863 0.086336 0.350769 4
0.018820 0.010224 0.284580 4
-0.094196 -0.557086 -0.011924 1
0.026387 -0.204618 -0.018701 0
0.168061 0.208372 0.107125 5
0.189156 -0.533560 -0.187200 2
0.033079 -0.406020 -0.051939 0
0.043691 -0.639351 -0.086144 0
0.212678 0.285585 0.047024 5
0.210630 0.256620 -0.144732 5
0.196982 -0.525823 -0.229182 2
0.118071 0.098909 0.198754 4
0.004573 -0.810178 -0.163812 0
-0.251510 0.184911 -0.400099 3
-0.068251 -0.935801 -0.271696 0
0.165164 0.093202 0.410751 4
-0.040103 -0.038085 0.008653 0
0.180741 0.302391 0.076635 5
0.234315 0.258556 -0.110481 5
-0.144136 0.076065 -0.147481 3
0.071279 0.024484 -0.011778 0
0.015125 -0.749069 -0.118563 0
-0.094482 0.052106 0.155827 6
0.106495 0.227810 -0.141007 5
-0.235666 0.183343 -0.355068 3
0.316819 0.309664 -0.000485 5
0.190607 0.243061 -0.098674 5
-0.183197 0.152800 -0.244349 3
-0.233480 0.169417 -0.294517 3
-0.425199 0.112715 -0.363470 3
0.010002 -0.770966 -0.130962 0
0.154767 0.245855 -0.024549 5
-0.184518 -0.558236 -0.078676 1
-0.007633 0.018931 0.252715 4
-0.427338 0.121493 -0.342307 3
-0.067252 -0.120357 -0.097443 0
0.146587 0.262606 0.022012 5
0.057238 -0.000459 0.208126 4
-0.326127 0.155365 -0.338156 3
-0.146512 0.036688 0.112857 6
0.078671 0.042332 0.249179 4
0.041226 -0.291703 0.060027 0
0.073841 0.034126 0.356696 4
0.033483 0.024970 0.260271 4
0.285691 0.326094 0.026337 5
0.094603 0.033521 0.220489 4
-0.150961 0.188209 -0.319892 3
0.030202 0.002095 0.234323 4
0.253063 0.266080 -0.129221 5
0.338773 0.306522 -0.012255 5
0.176468 0.200184 0.312915 4
0.113852 0.130766 0.285719 4
-0.101151 0.043012 0.090653 6
0.054068 -0.430717 -0.037173 0
0.040210 -0.387119 -0.007610 0
0.122540 -0.544741 -0.132160 2
0.077914 0.042983 0.331029 4
0.068023 0.051114 0.375986 4
-0.036200 -0.589609 -0.054282 0
-0.133806 0.159200 -0.275703 3
0.095663 0.068921 0.219136 4
0.052822 -0.121085 -0.029456 0
0.275430 0.283863 -0.083124 5
0.108448 0.091043 0.350606 4
0.045463 0.018026 0.315708 4
-0.031336 -0.011125 0.034669 0
0.304485 0.320503 -0.020442 5
0.128454 0.197076 0.054933 5
-0.191744 -0.020978 0.161719 6
0.147300 0.160361 0.313091 4
0.155940 0.109439 0.255956 4
0.174570 0.241597 -0.142172 5
0.240664 0.290565 -0.080565 5
-0.112677 0.039066 0.071306 6
0.158119 0.272341 0.057634 5
0.219027 0.263091 -0.073563 5
-0.071806 -0.565478 -0.053831 1
-0.027019 -0.887183 -0.230577 0
0.059201 -0.032934 0.198839 4
-0.199839 0.041496 0.029672 6
0.050529 -0.309246 -0.021493 0
-0.143462 0.034403 0.083539 6
0.105325 0.169536 -0.019266 5
-0.182653 0.189854 -0.368513 3
0.294697 0.291166 -0.081416 5
0.283852 0.298878 -0.123193 5
0.108957 -0.526178 -0.144930 2
-0.093423 0.029772 0.044349 6
-0.061677 -0.000098 0.003829 0
0.215557 0.267886 -0.118785 5
-0.100681 -0.032298 -0.098524 0
0.083228 0.040219 0.291733 4
-0.395589 0.135190 -0.182372 3
-0.135951 0.131401 -0.197910 3
0.050617 -0.580443 -0.064901 0
-0.405844 0.107301 -0.383331 3
0.124211 0.074023 0.222394 4
-0.017082 -0.063447 0.000166 0
0.116486 -0.525577 -0.218065 2
0.019547 -0.129591 0.001635 0
-0.440362 0.137832 -0.293307 3
0.163749 0.114736 0.386309 4
-0.107377 0.026429 0.172950 6
0.091936 0.126045 -0.027831 5
0.255936 0.300232 0.027975 5
0.007127 -0.639920 -0.079193 0
0.073465 -0.137798 -0.018899 0
0.165786 0.246788 -0.101562 5
0.114289 0.097621 0.244204 4
-0.413428 0.145660 -0.255859 3
0.029945 -0.007473 0.216417 4
-0.365253 0.136187 -0.348066 3
-0.243172 0.126199 -0.216010 3
0.229001 0.311111 0.044360 5
0.173253 0.291362 0.038218 5
0.071729 0.055191 0.352229 4
-0.092146 0.055093 0.127584 6
0.111839 0.179957 -0.039748 5
0.049607 0.039266 0.374350 4
0.045616 -0.247810 -0.013157 0
-0.179617 0.178450 -0.343325 3
0.039337 0.043850 0.346326 4
0.141493 0.098567 0.378309 4
0.096197 0.119937 0.012241 5
0.074756 -0.114666 0.001323 0
0.003683 0.028998 0.307198 4
0.022916 -0.173415 -0.037139 0
0.050411 -0.520524 -0.036550 0
-0.400949 0.144407 -0.220117 3
0.009772 -0.728128 -0.123699 0
0.203216 0.287189 0.008273 5
-0.273086 0.172135 -0.345360 3
0.073004 0.039643 0.200333 4
0.217459 -0.529474 -0.159273 2
0.119947 0.140022 0.328922 4
-0.074646 -0.948963 -0.258000 0
0.169279 0.135999 0.257605 4
-0.180795 0.033971 0.058951 6
-0.381566 0.143849 -0.233086 3
0.302093 0.298839 -0.038612 5
-0.043271 -0.030970 0.027629 0
0.274458 0.291695 -0.048132 5
-0.115774 0.159733 -0.210432 3
0.045808 -0.134542 0.134899 4
0.097782 0.176683 0.032272 5
0.152269 0.262821 0.086486 5
0.079723 0.076381 0.307339 4
0.013746 -0.303324 -0.032628 0
-0.083205 0.051278 0.078761 6
-0.071680 0.043043 0.161617 6
0.163379 0.252058 0.051871 5
0.206759 -0.526555 -0.193777 2
-0.175302 0.144778 -0.227136 3
-0.373055 0.143989 -0.280130 3
-0.311742 0.141980 -0.214504 3
-0.182183 0.016016 0.108675 6
-0.204005 -0.589926 0.010322 1
0.282489 0.306941 -0.071747 5
0.099202 0.151669 -0.009475 5
0.067514 -0.001765 0.241843 4
0.019582 -0.741896 -0.100086 0
0.130472 0.111148 0.357888 4
-0.315515 0.133607 -0.150463 3
0.098405 0.047632 0.414102 4
0.151394 0.189736 0.094564 5
0.184946 0.247017 -0.070593 5
0.181014 0.127918 0.402276 4
-0.085807 0.025919 0.006673 6
0.126338 0.074108 0.368136 4
0.136934 0.120829 0.241372 4
-0.422121 0.134416 -0.187464 3
-0.197753 0.091977 -0.137051 3
0.048267 0.011595 0.284873 4
0.087520 0.073525 0.277419 4
0.052590 0.036731 0.275197 4
-0.163840 -0.572953 -0.007927 1
0.093670 -0.511881 -0.188062 2
0.004774 -0.252054 -0.061531 0
0.232365 -0.520707 -0.250623 2
0.084771 -0.031415 -0.011479 0
0.029267 -0.283220 -0.043205 0
-0.162769 -0.578670 0.011658 1
0.088142 0.010112 0.196972 4
0.105158 0.092043 0.185842 4
0.017579 0.025575 0.369075 4
-0.174539 0.110115 -0.181550 3
0.092965 0.058678 0.235739 4
0.102647 0.210918 -0.112154 5
0.030979 -0.564780 -0.052115 0
0.038938 -0.368417 0.013647 0
0.258344 0.309779 -0.008795 5
0.194401 0.122111 0.255083 4
-0.202381 0.105381 -0.169230 3
0.164389 0.126606 0.291101 4
0.051971 -0.148967 -0.022315 0
0.261948 0.304304 0.050461 5
0.031373 -0.586457 -0.058798 0
0.131692 0.112051 0.211257 4
0.080668 0.199993 -0.111138 5
-0.226494 -0.570920 -0.064534 1
-0.108213 -0.558689 -0.031030 1
-0.142821 -0.550519 -0.063382 1
0.139599 0.122150 0.323723 4
-0.160438 0.048081 0.023374 6
0.186415 0.261400 -0.033182 5
-0.127949 0.023731 0.105888 6
-0.119487 0.156740 -0.229456 3
0.024335 0.013531 0.355600 4
0.140632 0.135131 0.364957 4
-0.006103 -0.106749 -0.017446 0
-0.386220 0.140010 -0.300399 3
0.075725 -0.099256 -0.014930 0
-0.361406 0.130975 -0.143240 3
-0.127813 0.007848 0.197045 6
0.150522 0.239848 -0.084660 5
-0.081938 -0.068570 -0.090965 0
0.008159 -0.142728 -0.016127 0
-0.174795 0.165359 -0.279591 3
-0.058291 0.017783 0.023204 6
0.202504 0.243504 -0.119177 5
0.118998 0.181338 0.060372 5
0.214282 -0.523090 -0.219255 2
0.031277 -0.688106 -0.078676 0
0.181156 -0.533863 -0.154540 2
0.201452 0.292662 0.084437 5
0.045821 -0.193229 0.106493 0
-0.282456 0.175894 -0.408423 3
0.325690 0.319679 -0.032480 5
0.187688 0.173271 0.324310 4
-0.151308 0.026748 0.143249 6
0.031057 -0.376126 -0.044195 0
-0.174492 0.060697 -0.006310 6
-0.106335 0.147407 -0.183247 3
0.047188 -0.340621 -0.044419 0
0.208359 0.266876 0.001047 5
-0.253620 0.165764 -0.296071 3
-0.153979 0.054798 0.000073 6
0.027775 0.037009 0.306366 4
0.154422 0.132928 0.383750 4
-0.362658 0.132607 -0.167765 3
-0.165535 0.163656 -0.301910 3
0.105376 0.098964 0.305058 4
0.138986 0.211681 0.338016 4
-0.144515 0.104787 -0.165397 3
0.118480 0.121719 0.323850 4
-0.437167 0.140394 -0.266648 3
0.041959 -0.183332 -0.016254 0
-0.394802 0.139614 -0.161737 3
-0.120058 -0.538480 -0.077423 1
-0.007673 -0.195225 -0.043823 0
0.070754 0.029124 0.396160 4
-0.075234 -0.561653 -0.011065 1
0.325151 0.311704 -0.065914 5
0.033864 -0.237322 -0.042323 0
-0.133381 0.033719 0.139528 6
0.101860 0.181141 -0.059997 5
0.124711 0.186574 0.351044 4
-0.051506 0.066261 0.127642 6
0.157368 0.233869 -0.159838 5
0.143038 0.245069 0.016128 5
-0.001619 -0.230909 -0.044577 0
0.169450 0.287126 0.060394 5
-0.194680 0.161750 -0.271645 3
-0.376749 0.124497 -0.422542 3
0.030729 -0.406875 -0.005546 0
-0.039013 0.068457 0.075225 6
0.146335 0.101486 0.219155 4
0.045294 -0.100581 0.153511 4
0.034289 -0.411010 -0.033447 0
-0.030116 -0.018100 0.002931 0
0.114699 0.113391 0.264953 4
0.030673 -0.545369 -0.049551 0
-0.015584 -0.814941 -0.183394 0
-0.211819 0.192616 -0.398443 3
0.069698 0.066848 0.269943 4
0.160367 -0.527782 -0.252067 2
0.072187 -0.006170 0.187257 4
-0.178744 -0.004367 0.159788 6
0.035868 -0.470212 -0.045103 0
0.027846 -0.621162 -0.081460 0
0.198837 0.299882 0.022914 5
-0.108140 0.061232 -0.000640 6
-0.217890 0.110728 -0.193421 3
0.110484 0.140324 0.009658 5
0.344722 0.314558 0.003413 5
-0.052625 0.012741 0.043805 6
-0.147808 0.047245 -0.135664 0
0.163346 0.182721 0.316774 4
-0.299337 0.136996 -0.169761 3
0.248545 0.294046 -0.060133 5
-0.372055 0.129732 -0.392078 3
-0.128494 0.042619 0.024941 6
-0.318395 0.145527 -0.273532 3
0.233027 0.275141 -0.051567 5
0.302584 0.311199 -0.066416 5
-0.078501 0.038906 0.050428 6
0.229263 0.276192 -0.023475 5
-0.174158 0.007006 0.184235 6
0.030255 -0.144165 -0.004962 0
-0.437148 0.107904 -0.376672 3
-0.031302 -0.050470 0.022618 0
0.157559 0.261603 -0.000558 5
0.178750 0.262781 -0.058972 5
-0.221510 0.020920 0.056282 6
0.041823 -0.188986 -0.036984 0
0.053797 -0.264252 -0.027355 0
0.074845 0.180954 -0.084076 5
0.079948 -0.584493 -0.099083 0
0.346579 0.322398 -0.020008 5
0.047435 0.043848 0.300037 4
-0.361014 0.142884 -0.219884 3
-0.116609 -0.518388 -0.092850 1
0.174291 -0.528383 -0.227683 2
0.034162 0.040969 0.364634 4
-0.137145 0.055467 -0.007095 6
-0.059356 0.062659 0.145455 6
0.025785 0.008636 0.375361 4
0.111650 0.070083 0.290335 4
0.046291 -0.281150 -0.036840 0
0.251848 0.279322 -0.143858 5
-0.034370 -0.136839 -0.077575 0
0.012140 0.004659 0.268493 4
-0.402606 0.141871 -0.288894 3
0.251410 0.322425 0.066738 5
0.172092 0.276216 0.000709 5
-0.220961 0.110462 -0.151647 3
0.150495 0.129330 0.263336 4
-0.283567 0.145839 -0.250285 3
0.199850 -0.527310 -0.258439 2
-0.214467 0.185233 -0.356222 3
0.247761 0.267773 -0.102346 5
-0.195784 0.013605 0.150988 6
0.102596 0.080087 0.265081 4
0.142229 -0.530294 -0.240803 2
-0.203275 0.000872 0.133405 6
0.171100 0.127665 0.430110 4
0.024268 -0.658870 -0.095042 0
0.158868 0.157272 0.351574 4
0.168978 0.109563 0.224606 4
-0.121770 0.052902 -0.131798 0
-0.096195 0.035111 0.149777 6
-0.197045 -0.022499 0.140128 6
0.056949 -0.601573 -0.104155 0
-0.127182 0.110430 -0.144818 3
0.066121 -0.016706 0.202850 4
0.191322 0.292196 0.038524 5
0.037709 -0.358012 -0.027759 0
0.085829 0.171082 -0.064241 5
0.058517 -0.306726 0.058678 0
-0.109508 0.032827 0.054651 6
0.108613 0.240283 -0.167495 5
0.079769 0.105717 -0.039533 5
0.168811 0.279231 0.102589 5
0.153577 0.223751 -0.033347 5
0.056140 -0.066019 0.157883 4
0.032212 -0.691348 -0.099200 0
-0.295710 0.157276 -0.295277 3
0.254139 0.287577 -0.115947 5
-0.338332 0.147301 -0.213458 3
0.068056 0.024861 -0.032801 0
0.089184 0.073495 0.389112 4
0.031851 -0.359003 -0.050857 0
0.083132 -0.013099 0.216489 4
0.103616 0.073557 0.360625 4
-0.095558 -0.556175 0.009425 1
0.030440 -0.318095 -0.042443 0
-0.148436 -0.563924 -0.018044 1
0.173524 0.275342 0.085198 5
0.249300 0.320092 0.032575 5
0.090158 -0.567060 -0.122594 0
-0.396811 0.124371 -0.349608 3
0.082760 0.082960 -0.013836 0
0.314633 0.320986 0.041554 5
-0.002160 -0.782529 -0.137283 0
-0.095704 0.052890 0.016407 6
-0.193038 -0.571364 -0.038007 1
0.186466 0.240491 -0.176559 5
0.175496 0.254697 0.026069 5
0.062488 -0.075381 0.192040 4
0.047203 -0.008367 0.220959 4
0.132376 0.104590 0.293412 4
-0.069639 0.042619 0.179351 6
0.053596 0.022420 0.352356 4
-0.260879 0.170673 -0.324405 3
0.170991 0.240308 -0.055445 5
-0.192254 0.138294 -0.234311 3
-0.381901 0.129057 -0.135831 3
-0.296199 0.137513 -0.089668 3
0.128305 0.240481 -0.177295 5
0.207447 0.305273 0.058328 5
-0.342429 0.144629 -0.189545 3
-0.379260 0.121958 -0.375515 3
0.113771 -0.566017 -0.113073 2
-0.392249 0.143753 -0.197562 3
-0.144797 0.167813 -0.309756 3
0.155908 0.188279 0.331901 4
-0.371735 0.138581 -0.316672 3
-0.252533 0.131936 -0.231673 3
-0.091965 -0.011599 -0.097572 0
0.050898 0.017217 0.242474 4
0.099843 0.159631 0.036603 5
-0.086166 -0.063702 -0.110675 0
0.059947 -0.181287 0.136865 0
-0.006412 -0.065434 0.016831 0
0.121550 0.087090 0.334665 4
0.086466 0.140350 -0.043930 5
0.164020 -0.528858 -0.269354 2
-0.220536 -0.006825 0.086759 6
-0.201729 0.177552 -0.335163 3
0.168776 0.110625 0.402757 4
-0.215081 -0.582947 -0.024001 1
0.171071 -0.537410 -0.140521 2
0.104270 0.044746 0.203856 4
0.036955 -0.510343 -0.041635 0
-0.093359 -0.558508 -0.047308 1
0.286033 0.311810 0.043584 5
-0.196376 0.010202 0.096620 6
0.139081 0.227114 -0.015254 5
-0.188828 0.089273 -0.180215 3
0.150815 0.175828 0.394929 4
0.131743 0.185326 -0.012556 5
0.226039 0.281919 -0.085046 5
0.228212 0.294511 0.059262 5
-0.057834 -0.065564 -0.087604 0
0.087220 -0.032831 0.192188 4
0.142058 0.097693 0.252729 4
0.109391 0.134466 -0.009025 5
-0.271530 0.142008 -0.107550 3
-0.126990 0.031337 -0.123300 0
-0.314824 0.158180 -0.324439 3
-0.217039 0.188166 -0.381061 3
-0.146884 0.037661 0.058134 6
-0.032768 -0.872429 -0.219025 0
-0.174485 -0.564106 -0.043361 1
0.253654 0.302253 -0.045527 5
-0.419580 0.132416 -0.313466 3
-0.162024 0.185453 -0.341977 3
-0.284350 0.154016 -0.282308 3
-0.046768 0.041098 0.044085 6
-0.148094 -0.534260 -0.095234 1
0.140370 0.147197 0.277913 4
0.176001 0.257325 -0.091903 5
0.165294 0.243266 0.092858 5
-0.067287 -0.100723 -0.096700 0
0.135171 0.202934 -0.027030 5
0.201086 0.276435 -0.047697 5
0.084308 0.053392 0.317458 4
-0.133062 0.086077 -0.138466 3
-0.199398 0.000362 0.167987 6
0.054828 -0.245339 0.089449 0
0.006467 -0.265331 -0.047353 0
-0.262369 0.129465 -0.186544 3
0.058756 -0.208183 -0.015454 0
-0.001908 -0.096387 0.005312 0
0.264907 0.299786 -0.081338 5
0.171731 -0.529509 -0.171540 2
0.054879 -0.084719 -0.019306 0
0.034345 0.013854 0.246600 4
-0.019862 -0.193386 -0.057772 0
-0.454240 0.129054 -0.317094 3
0.334179 0.311935 -0.051088 5
0.123142 0.210444 0.018421 5
0.126684 0.081936 0.254860 4
-0.179433 -0.000921 0.128272 6
0.035122 -0.608381 -0.063097 0
-0.352131 0.142580 -0.362539 3
-0.290486 0.147816 -0.232051 3
-0.054666 -0.912389 -0.241191 0
-0.318504 0.161691 -0.411215 3
-0.085780 0.034113 0.190407 6
0.090501 -0.004927 -0.006741 0
-0.175902 0.074200 -0.128882 3
-0.081824 -0.041546 -0.087379 0
0.162836 -0.550968 -0.110591 2
0.104527 0.200182 -0.078406 5
0.153248 0.178120 0.302013 4
0.171661 0.112596 0.241394 4
-0.302053 0.143502 -0.200302 3
0.159022 0.123948 0.418358 4
0.148540 0.122751 0.300395 4
-0.332336 0.137162 -0.162505 3
0.037748 -0.324157 -0.027717 0
0.292832 0.310333 0.017084 5
-0.346460 0.141843 -0.422769 3
0.235346 0.285206 0.003766 5
0.063697 0.029580 0.320158 4
-0.263646 0.161349 -0.282527 3
0.210976 -0.535817 -0.133519 2
0.232861 0.291764 0.039816 5
-0.350161 0.133946 -0.156059 3
0.114911 0.187886 0.076284 5
0.143889 -0.539729 -0.136993 2
0.145512 0.220086 0.080562 5
0.084408 0.054704 -0.006044 0
-0.028546 -0.845362 -0.199067 0
0.192308 0.243055 -0.156337 5
-0.168459 0.025947 0.084540 6
-0.318788 0.151282 -0.306900 3
-0.219049 0.149904 -0.241993 3
0.114516 0.055734 0.392683 4
-0.010885 -0.619394 -0.067649 0
0.168706 0.131212 0.234484 4
0.061395 -0.029814 0.169860 4
-0.256069 0.126318 -0.155483 3
0.169278 0.238230 -0.178486 5
0.082814 0.112883 -0.010930 5
0.090999 0.017645 0.215410 4
0.052730 0.020418 0.380476 4
0.141052 0.235721 -0.155261 5
0.145611 0.111048 0.389145 4
0.173384 0.140235 0.305469 4
0.067257 -0.025448 -0.012037 0
0.022183 -0.636466 -0.086857 0
-0.123763 -0.556238 0.028598 1
0.174132 0.235732 -0.007195 5
-0.261437 0.136166 -0.123731 3
0.201520 0.167120 0.299554 4
0.128724 0.188636 0.040207 5
0.216215 0.266675 -0.057228 5
0.244406 -0.523831 -0.170605 2
0.066903 0.035760 0.238905 4
-0.115994 0.039010 -0.110249 0
0.018950 -0.679662 -0.100776 0
-0.347048 0.146950 -0.256914 3
0.046831 -0.394621 -0.036006 0
0.001945 0.025115 0.267571 4
-0.343383 0.141815 -0.304906 3
0.138197 0.222461 0.048276 5
0.147861 -0.529188 -0.169739 2
-0.284803 0.137317 -0.203563 3
0.157029 0.163571 0.374035 4
0.139542 0.230838 -0.119817 5
0.130959 0.183598 0.086089 5
-0.055539 0.053245 0.062353 6
-0.423475 0.143822 -0.206655 3
-0.265652 0.151237 -0.254585 3
0.156492 0.280799 0.077874 5
0.151715 0.140843 0.348183 4
0.019487 -0.712687 -0.094982 0
-0.106968 0.047668 0.118336 6
0.047428 -0.540016 -0.056031 0
0.083944 0.130996 0.008938 5
-0.011513 -0.211956 -0.058333 0
0.127256 0.119770 0.278203 4
-0.280529 0.134098 -0.138807 3
0.134330 0.151763 0.333233 4
-0.092291 -0.545774 -0.074698 1
-0.342626 0.148332 -0.238543 3
-0.138782 0.064338 -0.136776 3
0.066269 -0.229241 0.120031 0
0.113015 0.187682 -0.004955 5
-0.233186 -0.584304 -0.032932 1
-0.263159 0.147026 -0.093755 3
-0.030962 -0.606587 -0.083114 0
-0.174085 0.190151 -0.353911 3
0.055257 -0.087353 0.167471 4
-0.141888 0.070932 -0.013102 6
-0.062045 0.062735 0.095916 6
0.132588 0.181801 0.369227 4
-0.077070 -0.039537 -0.103871 0
0.251974 0.305751 0.063930 5
0.192260 0.164566 0.277299 4
0.256402 0.302105 -0.029091 5
-0.232253 0.170921 -0.321063 3
-0.197730 0.016990 0.077589 6
-0.199467 -0.031127 0.180345 6
0.144189 -0.532159 -0.153025 2
-0.281483 0.163770 -0.311158 3
0.131627 0.065719 0.397541 4
0.224600 0.303351 -0.012001 5
-0.177670 0.099093 -0.166614 3
0.106432 0.075406 0.207438 4
0.129211 0.082931 0.406113 4
0.106153 0.094385 0.280227 4
0.073785 0.059511 -0.032707 0
0.102811 0.116592 0.298474 4
0.150504 0.257428 0.037252 5
0.286317 0.287702 -0.104883 5
0.093673 0.182303 0.048300 5
-0.233071 -0.020559 0.095913 6
-0.273027 0.142523 -0.220142 3
0.062693 -0.038652 0.218002 4
-0.016008 -0.171190 -0.069092 0
0.077929 0.050401 0.187097 4
-0.212589 -0.013899 0.140869 6
0.094951 0.023092 -0.007719 0
0.156986 0.117458 0.206682 4
-0.050198 -0.923595 -0.258233 0
0.223325 0.300997 0.021913 5
0.145226 0.172985 0.330710 4
0.013285 -0.286316 -0.051000 0
0.123360 0.093855 0.228460 4
0.108993 0.220648 -0.126394 5
0.095444 0.039661 0.428200 4
-0.192856 0.048896 0.016732 6
-0.199030 0.160380 -0.288360 3
0.266117 0.323254 0.026881 5
-0.123593 0.144286 -0.199901 3
-0.093539 0.029046 0.085255 6
-0.002393 0.010121 0.237771 4
0.272231 0.285274 -0.066714 5
-0.310637 0.142514 -0.183305 3
0.064364 -0.009095 -0.016824 0
0.182463 0.247480 -0.127579 5
0.033553 -0.557637 -0.066642 0
0.048801 -0.492739 -0.042266 0
0.173339 0.187176 0.347122 4
0.163161 0.240910 -0.121072 5
0.032698 0.012415 0.295970 4
0.209673 0.287118 -0.006728 5
0.131541 0.220570 -0.073796 5
-0.155669 0.154692 -0.246334 3
0.271625 0.295357 -0.107823 5
0.037500 -0.036662 0.193739 4
0.151694 0.201406 0.075226 5
-0.154596 0.083699 -0.174109 3
0.108251 0.172022 0.043874 5
0.230391 -0.523571 -0.216765 2
0.282745 0.297018 -0.031261 5
0.095249 0.084812 0.005947 0
-0.162578 0.018684 0.157809 6
0.154954 0.082706 0.403041 4
-0.357555 0.143023 -0.181027 3
0.056817 -0.017272 0.237850 4
0.118335 -0.522674 -0.163129 2
-0.449582 0.141054 -0.252155 3
0.057244 -0.132592 -0.018896 0
0.034167 -0.533926 -0.064059 0
-0.166239 0.041667 0.044976 6
0.252999 0.312595 0.013724 5
0.154514 0.219094 -0.003451 5
-0.119153 0.026815 0.121990 6
-0.155567 0.064849 -0.149644 3
-0.054171 -0.016261 0.013460 0
0.036188 -0.445951 -0.045148 0
-0.080766 0.057768 0.113801 6
0.117403 0.214523 -0.098791 5
0.048987 -0.151812 0.135261 4
0.098352 0.080743 0.343463 4
0.077670 -0.068108 0.001471 0
0.096609 0.086570 0.310356 4
0.174562 0.267842 0.065050 5
0.193887 0.278674 0.053722 5
0.089198 0.220569 -0.142118 5
-0.031338 -0.164772 -0.072485 0
-0.202468 -0.556281 -0.085908 1
-0.125752 0.037954 0.045002 6
0.053892 -0.122764 0.153198 4
0.107614 0.056911 0.241923 4
0.020030 0.027595 0.296008 4
-0.279589 0.132307 -0.174241 3
0.293267 0.309586 -0.052007 5
0.198835 0.253760 -0.074744 5
-0.136574 0.037172 -0.140901 0
0.096987 0.070255 0.245963 4
0.116019 0.081858 0.387593 4
0.041937 -0.200594 -0.026063 0
-0.114628 -0.009926 -0.106541 0
0.049425 -0.406941 -0.025736 0
0.064315 0.017166 0.219325 4
0.132231 0.164254 0.318466 4
-0.213092 0.012608 0.066931 6
0.035800 -0.435617 -0.032184 0
0.140946 0.149267 0.303429 4
0.113783 0.111555 0.311059 4
-0.001168 0.028222 0.338596 4
-0.248247 0.126871 -0.199085 3
-0.378956 0.120482 -0.402979 3
0.280231 0.319953 0.004075 5
-0.090571 -0.051749 -0.095789 0
-0.146068 0.111446 -0.185262 3
0.118947 0.140791 0.298311 4
-0.156316 0.091533 -0.159724 3
-0.009399 0.025259 0.282502 4
-0.069408 -0.563370 -0.029720 1
0.063718 0.061372 0.294510 4
0.055333 0.050481 0.314052 4
-0.183585 0.168074 -0.311849 3
0.029465 -0.253048 -0.046072 0
0.166253 0.149409 0.421708 4
0.129887 0.193315 0.003196 5
0.021435 -0.194219 -0.029502 0
0.105798 0.163319 -0.001109 5
0.165516 0.152738 0.282741 4
0.117003 0.199725 0.361817 4
-0.147551 0.030069 0.128316 6
-0.259480 0.175046 -0.352709 3
-0.183021 0.096755 -0.148190 3
0.095563 0.042332 0.279851 4
-0.138781 -0.560707 0.027240 1
0.012408 -0.231241 -0.037479 0
0.196597 0.254844 -0.133849 5
0.230596 -0.520790 -0.195780 2
0.140524 0.123979 0.351092 4
0.155972 0.210720 0.339267 4
-0.105597 0.023647 -0.118412 0
0.063912 -0.621769 -0.080692 0
0.212356 0.284203 -0.055339 5
0.116024 0.103987 0.346074 4
0.039619 -0.230289 -0.013537 0
0.037377 -0.356036 0.024470 0
0.135015 0.198821 0.082544 5
-0.114219 0.032454 0.019228 6
-0.028164 0.045512 0.064630 6
0.031570 -0.335649 -0.036891 0
-0.127678 0.030921 0.168315 6
-0.121223 0.048761 0.000819 6
-0.418844 0.139405 -0.238351 3
-0.208709 0.156022 -0.256223 3
0.143104 0.196680 0.328964 4
0.215813 0.268285 -0.023403 5
0.161916 0.197555 0.357072 4
0.149227 0.151172 0.393872 4
-0.301368 0.166470 -0.361573 3
-0.176622 0.019979 0.139908 6
0.249318 0.272962 -0.087592 5
-0.325475 0.135552 -0.185391 3
0.181933 0.255002 -0.110287 5
0.165413 0.144568 0.319670 4
-0.257802 0.140259 -0.217929 3
0.137834 0.146223 0.352663 4
-0.290174 0.170685 -0.382811 3
0.033435 -0.269642 -0.034825 0
0.062066 -0.071413 -0.015743 0
-0.127934 0.131580 -0.169218 3
-0.211228 -0.570957 -0.061676 1
-0.231082 0.158444 -0.268478 3
0.298874 0.307566 0.000546 5
-0.199019 0.100896 -0.124413 3
-0.211179 -0.003020 0.098539 6
0.131880 0.222295 0.023318 5
-0.031254 -0.168584 -0.090191 0
0.235445 0.320882 0.054541 5
-0.003055 -0.784957 -0.159370 0
0.013273 -0.715323 -0.115703 0
-0.006845 -0.246022 -0.045075 0
0.122376 0.098303 0.322186 4
0.045836 -0.229590 0.079619 0
-0.066739 -0.564383 -0.068405 0
-0.025795 -0.047490 0.006311 0
0.038098 -0.338989 0.035706 0
0.096924 0.053086 0.379016 4
-0.310058 0.152668 -0.291960 3
-0.228089 0.128966 -0.223130 3
-0.366957 0.144239 -0.200630 3
-0.121979 0.029465 -0.140754 0
0.047031 -0.296473 -0.035746 0
0.188669 0.249592 -0.005535 5
-0.197712 -0.010634 0.152044 6
0.071023 0.026755 0.003419 0
0.185332 0.250477 -0.046976 5
0.083384 0.192107 -0.090263 5
0.267735 0.302879 0.014018 5
0.073542 0.030334 0.212513 4
0.050334 -0.275943 0.075737 0
0.095508 0.028189 0.256187 4
-0.407023 0.146246 -0.272342 3
-0.324700 0.132751 -0.116376 3
0.239946 0.295406 -0.026257 5
0.163643 0.233004 -0.094378 5
0.123627 0.078141 0.207493 4
-0.392102 0.136007 -0.144873 3
-0.213837 0.178117 -0.321228 3
0.084061 0.038008 0.393010 4
-0.272087 0.176074 -0.373893 3
-0.299510 0.135640 -0.121751 3
-0.225258 -0.579127 -0.045226 1
0.194350 0.296681 0.099287 5
0.043380 -0.462847 -0.033160 0
-0.218958 0.169641 -0.289965 3
-0.319615 0.161187 -0.382711 3
0.147389 0.104440 0.267505 4
-0.111344 0.028347 0.101552 6
0.057530 0.055933 0.343257 4
-0.164574 0.077017 -0.144940 3
-0.311255 0.148116 -0.257289 3
0.111363 0.184073 0.030409 5
0.238462 0.279609 -0.100254 5
0.092415 0.162211 0.020700 5
0.311637 0.311683 0.013654 5
0.154887 0.253750 0.012247 5
-0.349480 0.145536 -0.385135 3
0.081388 0.170411 0.037229 5
0.215934 0.297166 0.084706 5
-0.198057 0.035669 0.043553 6
-0.186479 0.024961 0.071359 6
0.048905 -0.522993 -0.052836 0
0.086679 0.052798 0.302537 4
0.176830 -0.528508 -0.194336 2
-0.422361 0.138387 -0.297748 3
-0.355722 0.143553 -0.284768 3
0.174646 0.172079 0.280664 4
0.150710 0.256939 0.066801 5
-0.206123 0.050100 0.001646 6
0.060614 -0.229479 0.094991 0
-0.176724 -0.558850 -0.064250 1
0.095201 0.075507 0.373343 4
0.067693 -0.126143 -0.005429 0
0.137629 0.162772 0.343943 4
0.062266 -0.154981 -0.009680 0
0.062420 0.064433 0.331816 4
0.077724 -0.017159 -0.019019 0
0.079849 0.018549 -0.022656 0
0.261447 0.286288 -0.129689 5
0.067943 -0.181636 0.123385 0
0.102826 0.061811 0.411674 4
0.149972 0.284223 0.061976 5
-0.091399 -0.035883 -0.120137 0
0.202082 0.268194 -0.098889 5
-0.121715 0.173863 -0.299843 3
0.143540 0.227305 -0.047643 5
-0.398555 0.134027 -0.325586 3
0.078399 0.015158 0.184084 4
-0.057747 0.048949 0.154107 6
-0.232186 0.118570 -0.176866 3
0.120073 0.112446 0.248533 4
-0.163288 0.026893 0.110547 6
-0.077143 0.040834 0.147815 6
0.062793 -0.107173 -0.022765 0
0.126737 0.146966 0.285221 4
-0.395581 0.139549 -0.258869 3
-0.234525 0.133769 -0.126602 3
0.239846 0.273969 -0.068543 5
0.084639 0.054506 0.259077 4
-0.056493 -0.092254 -0.090714 0
-0.093184 0.048552 0.140989 6
0.178950 0.180202 0.295748 4
-0.254864 0.156024 -0.268101 3
-0.409713 0.139870 -0.180977 3
0.278522 0.311748 0.061643 5
0.068291 0.061403 0.403402 4
-0.198965 0.189772 -0.371964 3
-0.126438 0.037977 0.010911 6
0.312439 0.327137 0.010165 5
-0.178107 0.043538 0.023850 6
0.056010 -0.178427 -0.015387 0
0.037184 -0.657928 -0.087666 0
0.168672 0.241351 0.015453 5
0.186586 0.271608 -0.018562 5
-0.220875 0.120026 -0.212304 3
0.108419 0.058642 0.279094 4
-0.154327 -0.543301 -0.085197 1
0.028197 -0.374287 -0.028879 0
0.020527 -0.677559 -0.081937 0
-0.126852 -0.530345 -0.087834 1
0.036432 -0.627537 -0.070753 0
-0.163078 0.105572 -0.195109 3
0.127711 0.108495 0.192800 4
0.047613 -0.291136 0.073411 0
-0.369734 0.131548 -0.366293 3
0.092106 0.048983 0.006323 0
0.172628 0.110716 0.435627 4
0.085276 0.041062 0.233169 4
-0.167194 0.147638 -0.252774 3
0.127596 0.203842 -0.053580 5
-0.252326 0.144551 -0.243165 3
0.063297 0.004127 0.193105 4
-0.172923 -0.537981 -0.099293 1
-0.198662 0.171543 -0.298061 3
0.016160 -0.284408 -0.036192 0
-0.216995 -0.588188 -0.008513 1
0.272657 0.307749 -0.053452 5
0.080167 0.088317 -0.032569 5
-0.227565 0.159498 -0.283542 3
0.156795 0.241201 -0.069259 5
0.245355 -0.523920 -0.225317 2
0.266641 0.279237 -0.098104 5
0.188154 0.267776 -0.047585 5
-0.111168 -0.559845 -0.014620 1
0.143684 -0.553466 -0.115303 2
0.057795 -0.064176 0.179734 4
0.092426 0.141811 0.003547 5
0.080842 0.029110 0.190619 4
0.071835 -0.034672 -0.022605 0
-0.358933 0.137413 -0.394666 3
0.088758 0.074655 0.175665 4
0.192889 -0.535338 -0.218556 2
0.116277 0.197385 0.009092 5
-0.440548 0.140170 -0.236814 3
0.063519 -0.135252 0.164299 4
0.125795 0.080378 0.277613 4
0.167305 0.303479 0.070340 5
0.174339 0.276089 0.024547 5
0.130131 0.118079 0.180591 4
0.188975 0.130006 0.279836 4
0.058781 0.177246 -0.090370 5
0.345869 0.303678 -0.024774 5
0.145833 -0.528891 -0.210257 2
-0.419967 0.104299 -0.380778 3
-0.007393 -0.242854 -0.062628 0
-0.116762 -0.009149 -0.125878 0
0.081767 0.075977 0.333302 4
0.033170 -0.420900 -0.015615 0
0.113657 -0.522699 -0.202177 2
0.085985 0.030323 0.001310 0
-0.327862 0.131594 -0.135645 3
-0.047086 -0.101040 -0.080537 0
0.089417 0.063016 0.189377 4
0.081001 0.019373 0.262126 4
0.189326 0.282751 0.009099 5
-0.233234 0.024622 0.040135 6
-0.331630 0.139091 -0.203424 3
0.091857 0.087016 0.272119 4
0.096297 0.056076 -0.014371 0
0.123797 0.099987 0.304263 4
-0.136103 0.116150 -0.157972 3
0.073286 0.160986 -0.069534 5
0.023429 -0.662020 -0.079158 0
-0.119638 0.018712 -0.123229 0
0.246175 0.279887 -0.055652 5
-0.172209 -0.589293 0.030343 1
0.052460 -0.106463 0.139575 4
0.173034 0.261015 0.045686 5
-0.198708 -0.032579 0.152904 6
-0.035550 0.068364 0.093806 6
0.031563 -0.589329 -0.073047 0
0.075400 -0.107062 0.167848 4
0.132632 0.125313 0.254666 4
0.288012 0.321762 -0.008043 5
-0.022793 -0.083618 0.000205 0
-0.288257 0.142932 -0.265685 3
-0.037470 -0.151792 -0.070411 0
-0.169688 0.087425 -0.169834 3
0.201530 0.270407 -0.084457 5
0.206933 -0.528302 -0.178817 2
0.044214 -0.214608 0.104606 0
-0.155419 0.139091 -0.227449 3
0.117413 0.097840 0.213181 4
-0.147287 0.172224 -0.328723 3
-0.113802 -0.561387 0.012438 1
0.099293 -0.519083 -0.220695 2
0.167952 0.134101 0.408748 4
0.089882 0.052370 0.216548 4
-0.360862 0.145829 -0.267276 3
0.138619 0.250290 0.041307 5
-0.138887 0.040398 0.101181 6
-0.078958 0.041253 0.068963 6
-0.379549 0.144321 -0.247981 3
0.213430 0.253830 -0.159153 5
0.199898 0.258792 -0.028044 5
0.280567 0.317103 -0.030006 5
-0.144877 0.010293 0.182283 6
0.042272 0.033187 0.385149 4
0.083662 0.075157 0.292003 4
0.134455 0.186230 0.386370 4
-0.180346 0.126162 -0.212915 3
0.022045 0.030082 0.322112 4
0.042364 -0.572980 -0.055249 0
0.075455 0.062264 0.385000 4
0.052404 -0.265275 -0.013095 0
0.146964 0.132917 0.332226 4
-0.026850 -0.066813 -0.009808 0
0.210487 0.312399 0.081016 5
0.036342 -0.224665 -0.036014 0
-0.138300 -0.555596 -0.045561 1
0.161371 0.200345 0.313004 4
-0.427834 0.126468 -0.328606 3
-0.253856 0.183152 -0.386072 3
-0.336565 0.151597 -0.414891 3
0.085379 -0.047179 -0.012458 0
0.108251 0.088309 0.329490 4
-0.154437 0.180929 -0.354182 3
-0.317845 0.159322 -0.349146 3
-0.345864 0.148065 -0.331697 3
-0.100305 0.168411 -0.206487 3
0.167472 0.278315 0.045714 5
0.074653 0.065109 0.340520 4
0.074236 -0.085451 -0.011466 0
0.138012 0.093508 0.401122 4
0.305524 0.296052 -0.063641 5
-0.228112 -0.025722 0.111520 6
0.121812 0.052668 0.431463 4
0.066416 -0.209436 0.108056 0
0.117791 0.099478 0.265905 4
0.250045 0.307282 0.078000 5
-0.087267 -0.555107 -0.059871 1
0.032121 -0.241091 -0.025482 0
0.209287 -0.533046 -0.229687 2
0.103165 0.072836 0.396113 4
0.139257 0.102020 0.364471 4
0.210434 0.282620 -0.034117 5
0.182201 0.129917 0.226945 4
0.123343 0.175643 0.020287 5
0.099295 0.105335 0.286279 4
-0.118010 0.152830 -0.189941 3
0.219223 0.254342 -0.102582 5
0.068943 -0.592652 -0.103034 0
0.059188 -0.036978 -0.016460 0
0.034499 0.029194 0.372634 4
0.149376 0.238204 0.062601 5
0.145826 0.211984 -0.024332 5
0.070571 -0.011286 0.231740 4
0.063616 0.018335 0.236239 4
-0.193877 0.122670 -0.208883 3
-0.392303 0.116508 -0.374128 3
-0.024431 -0.160734 -0.055020 0
-0.080182 -0.944127 -0.270138 0
0.122362 0.164501 -0.009568 5
0.232714 0.252270 -0.139176 5
0.150034 -0.528670 -0.225524 2
0.033148 -0.172736 -0.024058 0
-0.121352 0.041767 0.132360 6
-0.164301 0.128162 -0.206364 3
0.130569 0.139802 0.307935 4
-0.120405 0.038359 0.153256 6
-0.150526 -0.575006 0.036393 1
-0.101940 0.030236 0.188801 6
0.047406 -0.166253 -0.018165 0
-0.192000 0.150870 -0.260115 3
0.220889 0.265080 -0.131587 5
0.160558 0.121178 0.226398 4
-0.123495 0.051901 -0.117160 0
-0.185577 -0.576167 -0.010559 1
0.077050 -0.054824 0.199135 4
0.144915 0.159694 0.405932 4
0.059849 0.064381 0.279767 4
0.007002 -0.117892 -0.000391 0
-0.209845 0.105423 -0.181220 3
-0.113778 0.163862 -0.240225 3
-0.106893 0.046170 0.103153 6
-0.104826 0.029291 0.136213 6
0.137810 0.228429 -0.063916 5
0.171186 0.238636 -0.037024 5
-0.142640 0.138218 -0.208267 3
0.199883 0.272607 0.027445 5
0.051500 0.007228 0.269804 4
0.084686 0.055389 -0.022925 0
0.232130 0.302021 -0.000181 5
0.172986 0.099631 0.426867 4
0.052684 -0.375753 0.019102 0
0.076554 0.055195 0.365444 4
-0.126911 0.036772 0.073672 6
-0.169852 0.181725 -0.327419 3
-0.440413 0.119909 -0.347235 3
0.107735 0.083798 0.371106 4
-0.210093 -0.006674 0.113650 6
-0.202368 0.147005 -0.229945 3
0.239841 -0.534839 -0.144303 2
0.045639 -0.217478 -0.019470 0
-0.357820 0.140253 -0.311424 3
0.036689 -0.499206 -0.054054 0
0.090729 0.074349 0.231090 4
0.160556 0.076647 0.422233 4
0.012212 0.028385 0.342742 4
0.217217 0.244449 -0.142641 5
0.054809 0.038390 0.357541 4
0.165809 0.254407 -0.025387 5
-0.376624 0.133223 -0.168104 3
-0.041252 -0.015312 0.025763 0
0.176742 0.238171 -0.100745 5
0.061925 -0.038793 -0.031529 0
0.137847 0.109375 0.226923 4
-0.038972 -0.898377 -0.238289 0
-0.285268 0.138742 -0.108627 3
0.102120 0.104714 0.001301 5
0.219556 0.277082 0.007145 5
-0.049115 0.049556 0.031325 6
0.056724 -0.047694 0.188734 4
-0.126623 0.165848 -0.265489 3
0.105029 0.100385 0.174722 4
-0.040748 0.069008 0.106680 6
-0.049236 0.000320 0.036676 6
0.133368 0.071985 0.414536 4
-0.088327 -0.953263 -0.276683 0
0.324056 0.306316 -0.011844 5
0.085975 0.060685 0.393897 4
0.311593 0.327981 -0.009012 5
0.142234 0.169524 0.304014 4
-0.139525 0.018399 0.166016 6
0.034252 0.035981 0.334908 4
-0.165932 0.005549 0.160579 6
-0.068073 -0.925662 -0.257236 0
0.076544 0.164527 0.015761 5
-0.160557 -0.565671 -0.024464 1
-0.060104 0.036521 0.042114 6
0.075621 0.037457 -0.013771 0
0.094685 0.123533 -0.014519 5
-0.102898 0.031612 0.011343 6
0.173093 0.124800 0.280521 4
-0.169038 0.013827 0.173378 6
0.017432 -0.756618 -0.129890 0
-0.159628 0.113329 -0.183505 3
0.170249 0.238447 -0.070637 5
0.065146 -0.195674 0.135076 0
0.190798 0.188684 0.319796 4
0.255936 -0.521251 -0.198896 2
0.156214 0.165301 0.287996 4
0.095670 0.139410 -0.019371 5
-0.026167 -0.177745 -0.062510 0
0.081172 0.010345 0.245085 4
0.143957 0.197979 0.346369 4
0.160812 0.197043 0.102660 5
-0.001436 -0.202796 -0.056396 0
0.247284 0.282335 -0.130986 5
0.159492 0.162335 0.387507 4
-0.231863 -0.593157 -0.004613 1
0.242110 0.295370 -0.041606 5
0.015856 0.007237 0.237158 4
-0.098034 0.031334 0.164154 6
-0.145495 0.091415 -0.150974 3
0.038754 -0.006472 0.251659 4
0.124413 0.210082 -0.068543 5
-0.264605 0.180811 -0.399793 3
0.211868 -0.533934 -0.147085 2
0.039566 -0.370846 -0.001569 0
0.054923 0.051763 0.270334 4
-0.289366 0.169598 -0.398397 3
0.171253 0.121059 0.411375 4
-0.410192 0.120291 -0.353276 3
-0.182789 -0.000838 0.172838 6
0.053248 -0.365243 -0.026163 0
-0.171791 0.019647 0.100537 6
-0.190133 -0.584836 0.008632 1
-0.045880 -0.909426 -0.252723 0
0.295807 0.304668 -0.076351 5
0.185289 -0.527903 -0.172481 2
0.264980 0.322264 0.055629 5
0.045259 -0.182078 0.114402 0
-0.193056 0.120069 -0.195479 3
-0.363866 0.135351 -0.190428 3
-0.107058 0.043581 0.149910 6
0.116299 -0.551796 -0.122262 2
0.130880 0.197971 0.363334 4
-0.076554 0.031070 0.034937 6
0.312958 0.315079 -0.030643 5
0.229019 0.270018 -0.117865 5
-0.165120 0.055968 0.007932 6
0.076726 0.057051 0.248246 4
-0.029529 -0.856643 -0.212663 0
-0.071656 -0.572705 -0.042274 1
0.048419 0.026345 0.262066 4
0.083561 -0.001048 0.210152 4
-0.111055 0.010251 -0.103482 0
-0.417247 0.095915 -0.402886 3
-0.305041 0.162438 -0.399771 3
-0.141903 0.056431 -0.126143 0
0.086871 -0.577858 -0.108743 0
-0.039687 0.017707 0.051247 6
-0.273368 0.174864 -0.358688 3
-0.153660 -0.558221 -0.050629 1
0.033422 0.015633 0.321569 4
0.042565 -0.308331 0.050633 0
0.054574 0.052002 0.377741 4
0.298443 0.330440 0.028110 5
0.186362 0.118132 0.244891 4
-0.243787 0.170224 -0.328191 3
0.072331 0.027466 0.417744 4
0.064167 -0.091373 -0.030069 0
0.023513 -0.160735 -0.032361 0
0.194403 0.140223 0.291162 4
0.105438 0.091567 0.199390 4
-0.199787 -0.565874 -0.072219 1
0.169240 0.178584 0.305295 4
0.050342 -0.166183 0.112490 0
0.102725 0.067147 0.301057 4
-0.148524 0.049858 0.017229 6
0.137169 0.175249 0.355563 4
0.158135 0.245560 -0.008784 5
-0.217562 0.118952 -0.132308 3
0.046053 -0.445321 -0.030436 0
0.010929 -0.738898 -0.110001 0
0.142975 0.235236 0.001180 5
0.176862 0.148386 0.265139 4
0.156991 0.111050 0.409290 4
0.205274 0.270462 0.014815 5
-0.033635 -0.601270 -0.060509 0
0.097085 0.087116 0.255007 4
0.113737 0.084811 0.231072 4
-0.015322 -0.847219 -0.191774 0
-0.248047 0.181258 -0.359901 3
-0.177046 0.081879 -0.160038 3
0.156358 0.231563 0.020927 5
-0.428635 0.145708 -0.230954 3
0.204527 0.278781 0.038796 5
0.137999 0.151486 0.316971 4
0.106116 0.204187 -0.091120 5
0.053135 -0.026486 0.228812 4
-0.011147 -0.100968 -0.006444 0
0.175957 0.255579 -0.075669 5
0.066039 -0.063217 -0.025574 0
0.084432 -0.025166 0.210847 4
0.065202 0.073712 0.302654 4
-0.314342 0.148934 -0.228873 3
-0.214769 0.037035 0.027847 6
0.004582 -0.655255 -0.078965 0
0.118963 0.232503 -0.141967 5
0.146407 0.272289 0.051221 5
0.140263 0.134314 0.281422 4
0.178364 0.289486 0.050410 5
0.209923 0.257473 -0.131316 5
-0.294411 0.167643 -0.350243 3
0.033718 -0.393446 -0.038181 0
0.044751 -0.258941 0.071126 0
0.253745 0.291159 -0.078002 5
0.221498 -0.522267 -0.230448 2
-0.132940 0.151497 -0.229454 3
0.143540 0.083619 0.409848 4
-0.104612 -0.002207 -0.119836 0
-0.268282 0.168067 -0.313642 3
0.161886 0.246763 -0.085132 5
-0.108091 -0.541175 -0.072291 1
-0.022453 -0.142230 -0.069700 0
0.214558 0.262035 -0.009668 5
-0.295153 0.163455 -0.319227 3
0.300591 0.304418 -0.090890 5
0.075590 -0.056772 -0.006642 0
-0.331386 0.147972 -0.272237 3
0.012007 0.014558 0.300957 4
-0.111427 -0.555978 -0.043618 1
0.027831 0.029557 0.271367 4
0.031542 0.008331 0.281324 4
-0.273877 0.133113 -0.192029 3
0.227775 0.300451 -0.024817 5
-0.275464 0.131085 -0.161715 3
0.066680 0.035262 0.252137 4
0.106241 0.168592 -0.035898 5
0.267942 0.317025 -0.001575 5
-0.075492 0.016231 0.006406 6
-0.189853 0.002424 0.147129 6
0.198174 -0.534602 -0.247527 2
0.136716 0.170474 0.396870 4
0.134143 0.225376 -0.109045 5
0.055305 -0.611787 -0.089088 0
0.272985 0.308115 0.044282 5
-0.219596 -0.030544 0.139966 6
0.223229 -0.530240 -0.245474 2
-0.128266 0.074126 -0.141358 3
0.200472 0.285478 0.063864 5
-0.218242 0.153230 -0.269101 3
0.242545 0.259543 -0.124690 5
0.095232 0.073873 0.407734 4
0.337968 0.327138 -0.010938 5
0.137187 0.233510 0.018496 5
0.117102 0.056265 0.405585 4
0.203171 0.287522 -0.021890 5
0.042651 -0.598327 -0.067038 0
0.132055 -0.530594 -0.249148 2
0.027323 -0.350629 -0.030980 0
-0.127467 0.054415 0.010905 6
0.098197 0.083346 0.285546 4
-0.070727 0.065204 0.136873 6
-0.049445 0.023215 0.036545 6
0.323006 0.327537 0.002396 5
0.175610 -0.528075 -0.263148 2
-0.163639 0.021425 0.145031 6
0.133622 0.082746 0.374781 4
-0.148592 0.081107 -0.161584 3
-0.000617 0.028049 0.324202 4
-0.394475 0.107191 -0.405009 3
0.218035 0.312871 0.051301 5
0.019288 -0.298671 -0.043538 0
0.139805 0.184004 0.096565 5
0.108395 -0.523666 -0.231454 2
0.040025 0.037530 0.310884 4
0.106983 0.189700 -0.070267 5
0.054091 -0.155089 0.146826 4
-0.102587 0.035806 0.027987 6
0.123677 0.128642 0.297650 4
0.075202 0.202646 -0.125421 5
0.053167 -0.165231 0.132032 0
0.141278 0.204242 0.066432 5
0.140183 0.164106 0.371589 4
0.070250 0.000120 0.208559 4
0.072490 -0.112174 -0.011266 0
0.090295 0.099369 -0.011148 5
-0.144504 0.148454 -0.219914 3
0.129564 0.198237 0.341557 4
0.129535 -0.525242 -0.206061 2
0.039875 -0.289658 -0.027018 0
0.051006 -0.122860 0.132439 4
0.224042 0.284196 0.020710 5
-0.146461 0.163648 -0.268184 3
