-0.030565 0.121406 -0.433616 2
0.265718 -0.829294 0.491594 0
0.235525 0.018244 0.373072 1
-0.676445 0.146562 -0.268614 3
-0.159830 0.279593 0.081908 3
0.195900 -0.416709 0.373396 0
-0.413385 0.263283 -0.120994 3
0.060800 0.233379 -0.144177 2
-0.147733 -0.015695 -0.696148 2
0.073681 0.090162 0.126817 2
0.134480 -0.193497 0.298755 0
0.231687 -0.623693 0.430163 0
-0.036309 0.239399 -0.295675 2
0.075974 -0.033495 0.252753 3
-0.105696 0.098027 -0.582001 2
-0.269152 0.267072 -0.043383 3
-0.551860 0.194732 -0.174481 3
-0.051629 0.186052 0.158366 3
0.027951 0.180235 0.000836 2
0.212496 -0.118781 0.393987 1
0.215068 -0.285373 0.343642 1
0.217569 -0.514563 0.418791 0
0.251669 -0.726927 0.457805 0
0.130130 0.019773 0.180538 2
0.200371 -0.065360 0.305196 1
0.031331 0.053443 0.217439 3
-0.057690 0.210990 -0.391906 2
-0.072903 0.231800 0.068129 3
0.039316 0.255249 -0.237150 2
0.101866 0.155596 0.058285 2
-0.146099 0.013496 -0.606041 2
0.188620 -0.209831 0.392021 1
-0.088344 0.149362 -0.501451 2
-0.361502 0.265493 -0.040203 3
0.128443 -0.107354 0.257415 2
-0.237911 0.283007 0.037018 3
0.011053 0.181930 -0.347184 2
-0.001539 0.115920 0.166868 3
-0.595143 0.168943 -0.244072 3
0.079354 0.200605 -0.064660 2
-0.487294 0.222249 -0.130053 3
0.163554 -0.342622 0.369476 0
-0.096375 0.067156 -0.508450 2
0.007093 0.217061 -0.088667 2
0.187697 -0.142049 0.324891 1
-0.003810 0.231564 -0.181425 2
-0.167599 0.267286 0.009732 3
0.143264 -0.039471 0.225875 2
0.201069 -0.214374 0.310472 1
0.226595 -0.050187 0.387718 1
0.150283 -0.253840 0.327839 1
0.046961 0.121259 0.074684 2
-0.057334 0.180056 -0.449723 2
0.036963 0.227973 -0.296278 2
-0.108963 0.253077 0.116987 3
0.091379 0.181810 -0.000914 2
-0.115847 0.059863 -0.636385 2
-0.101344 0.037199 -0.567728 2
-0.031536 0.189487 0.100617 3
0.164406 -0.277552 0.381499 1
0.075348 0.042979 0.170769 2
-0.023095 0.245245 -0.236619 2
0.213021 -0.010233 0.323030 1
-0.012430 0.163634 -0.397717 2
0.122754 0.068920 0.151285 2
-0.121325 0.260904 0.043984 3
0.217744 -0.359626 0.368623 1
-0.065468 0.097811 -0.472329 2
0.083831 0.013326 0.217965 3
0.248426 -0.783063 0.459980 0
0.244273 -0.670066 0.458592 0
-0.222323 0.266254 -0.013380 3
0.219527 -0.570842 0.419171 0
-0.312513 0.271956 -0.009413 3
0.216478 -0.463162 0.395027 0
-0.368429 0.275874 -0.092863 3
-0.072926 0.110719 -0.535993 2
0.112814 0.116935 0.101660 2
-0.027557 0.222472 -0.349170 2
-0.156942 0.019536 -0.657582 2
0.154088 -0.147235 0.280804 0
-0.002867 0.155861 0.129589 3
0.043784 0.086532 0.178331 3
-0.316354 0.273514 -0.065475 3
-0.507147 0.220355 -0.182316 3
0.213110 -0.090417 0.348844 1
0.031932 0.209030 -0.041255 2
-0.071542 0.218456 0.121084 3
-0.409349 0.256139 -0.070799 3
0.051482 0.157965 0.038864 2
0.192953 -0.164465 0.372377 1
-0.450447 0.237687 -0.100689 3
0.045091 0.254469 -0.185286 2
0.010962 0.234278 -0.133994 2
0.102600 -0.071736 0.237198 2
0.172606 -0.307448 0.337797 0
-0.047451 0.139935 -0.478582 2
0.051025 0.225540 -0.099659 2
0.180002 -0.226916 0.350416 1
-0.196100 0.286499 0.054905 3
-0.454952 0.252098 -0.143643 3
-0.021662 0.155768 0.174455 3
-0.561582 0.191403 -0.218509 3
-0.638650 0.158334 -0.247739 3
-0.264860 0.281703 -0.001364 3
0.113973 -0.014456 0.202813 2
0.004420 0.243059 -0.271562 2
0.219993 -0.048481 0.340678 1
0.190903 -0.106178 0.303676 1
0.183958 -0.187336 0.336993 1
0.003825 0.224000 -0.322752 2
0.115148 -0.135547 0.284893 3
-0.096744 0.077043 -0.547883 2
0.012207 0.092032 0.202787 3
0.170546 -0.381546 0.376326 0
-0.119790 0.058190 -0.596547 2
0.199957 -0.251007 0.325477 1
0.162118 -0.221310 0.308724 0
0.150318 -0.073582 0.244348 2
-0.022414 0.197990 -0.381599 2
0.206006 -0.325219 0.354953 1
-0.036940 0.187260 -0.416209 2
-0.104200 0.251947 0.078268 3
0.061869 0.194419 -0.021420 2
0.227907 -0.016933 0.360688 1
0.084582 0.129634 0.079842 2
0.047088 0.021813 0.230654 3
0.100381 -0.084632 0.272581 3
0.200993 -0.130299 0.359832 1
0.016468 0.247371 -0.208300 2
0.177844 -0.268060 0.349112 1
-0.148870 0.042345 -0.627899 2
-0.156000 0.271619 0.044411 3
-0.202091 0.276514 0.015873 3
0.225992 0.023437 0.338543 1
0.232782 -0.840023 0.481803 0
-0.032230 0.157045 -0.437800 2
0.175485 -0.244421 0.386358 1
-0.069487 0.089805 -0.506758 2
0.220230 -0.084420 0.384082 1
0.108650 0.089264 0.126050 2
-0.113486 0.021016 -0.596008 2
0.221643 -0.393811 0.376015 0
0.059615 0.042105 0.201441 3
0.087722 0.064636 0.147270 2
-0.058560 0.122640 -0.507296 2
0.085833 -0.021138 0.222789 3
-0.533080 0.203482 -0.201272 3
-0.133441 0.002899 -0.639760 2
-0.482501 0.236654 -0.159954 3
0.096849 0.019208 0.184564 2
-0.069030 0.166994 -0.480596 2
0.059781 0.176841 0.009425 2
-0.034615 0.163012 0.141870 3
0.187173 -0.170759 0.308565 1
-0.513766 0.208978 -0.152311 3
-0.132312 0.267606 0.095000 3
0.068322 0.111725 0.101686 2
0.108806 0.042806 0.165547 2
0.025344 0.241922 -0.162693 2
0.157325 -0.307540 0.371165 1
0.188568 -0.359526 0.354384 0
0.264626 -0.757080 0.470544 0
0.093902 0.167270 0.027691 2
0.064817 -0.002542 0.241367 3
-0.099060 0.117203 -0.553124 2
-0.052897 0.191261 0.124226 3
-0.067741 0.196166 -0.424350 2
0.045366 0.214958 -0.070435 2
-0.058344 0.213897 0.089500 3
-0.088003 0.236079 0.100887 3
-0.328007 0.277224 -0.036184 3
-0.131078 0.040692 -0.655906 2
-0.087276 0.063574 -0.576991 2
0.156840 -0.118801 0.268132 0
0.126746 -0.164424 0.285939 0
0.108528 -0.043670 0.225260 2
-0.646204 0.148328 -0.276109 3
0.159557 -0.175885 0.294107 0
-0.162156 -0.009040 -0.668333 2
0.223437 -0.595183 0.438892 0
0.248774 -0.812705 0.471851 0
-0.379419 0.266031 -0.065182 3
-0.141081 0.011211 -0.683099 2
-0.120538 0.030759 -0.627898 2
0.042795 0.242537 -0.270091 2
0.205533 -0.434943 0.398763 0
0.095377 -0.055950 0.263529 3
0.002465 0.164858 -0.370723 2
-0.104017 0.049545 -0.537505 2
0.237943 -0.701531 0.448763 0
-0.106436 0.079198 -0.615245 2
0.206594 -0.491160 0.400110 0
0.027745 0.111384 0.162244 3
-0.345656 0.277533 -0.070349 3
0.214473 -0.543270 0.408607 0
0.183419 -0.193739 0.366190 1
0.010427 0.247242 -0.237442 2
-0.042238 0.231922 -0.323763 2
0.067223 0.143638 0.059387 2
-0.585585 0.174557 -0.214961 3
-0.293868 0.279891 -0.030904 3
0.012799 0.132974 0.147584 3
0.200009 -0.112910 0.330829 1
-0.029272 0.245473 -0.265173 2
0.229461 -0.647336 0.447032 0
0.206864 -0.038536 0.314210 1
0.018815 0.063875 0.193460 3
-0.011618 0.240242 -0.208830 2
-0.043789 0.109851 -0.456563 2
-0.397155 0.267470 -0.094363 3
-0.001346 0.206464 -0.355802 2
0.071976 0.208037 -0.091787 2
-0.078658 0.137638 -0.529320 2
-0.094177 0.247221 0.052231 3
-0.423682 0.249835 -0.094296 3
-0.020998 0.140018 -0.414713 2
-0.060093 0.211648 0.150297 3
-0.090356 0.236879 0.129638 3
0.204161 -0.148341 0.391852 1
-0.230687 0.280796 0.010459 3
0.115201 -0.107923 0.281621 3
0.196190 -0.388510 0.366765 0
0.014823 0.198854 -0.324508 2
0.012232 0.214652 -0.059207 2
0.039770 0.234286 -0.122844 2
0.084770 0.194210 -0.036022 2
-0.051466 0.222358 -0.362005 2
0.196660 -0.182005 0.392738 1
-0.140094 0.266493 0.023067 3
-0.246611 0.270215 -0.024224 3
0.221610 -0.067140 0.359922 1
0.042186 0.136114 0.051387 2
0.177873 -0.331171 0.349104 0
0.058933 0.206733 -0.048526 2
0.174512 -0.242639 0.327798 0
0.265114 -0.789959 0.479592 0
0.003880 0.116558 0.192942 3
-0.465678 0.236945 -0.122505 3
0.169563 -0.279075 0.326356 0
-0.009755 0.239898 -0.294388 2
0.234705 0.041441 0.360179 1
-0.084752 0.083873 -0.485905 2
-0.132648 0.267671 0.066864 3
-0.017980 0.139850 0.153855 3
0.135670 -0.001663 0.195325 2
0.185530 -0.137160 0.299216 1
0.192137 -0.153170 0.348167 1
-0.181838 0.276269 0.032354 3
0.045208 0.061492 0.191819 3
-0.136712 0.038294 -0.605307 2
-0.084703 0.093611 -0.563849 2
-0.016648 0.130322 0.182098 3
0.212884 -0.072120 0.330705 1
0.065522 0.221268 -0.121945 2
-0.018950 0.173516 0.116403 3
-0.620007 0.173481 -0.238649 3
0.153654 -0.096394 0.256038 2
-0.437194 0.254839 -0.116553 3
-0.077531 0.069888 -0.525584 2
-0.525872 0.203303 -0.174014 3
-0.134840 0.065483 -0.620569 2
0.015373 0.229579 -0.109497 2
0.010978 0.094552 0.177622 3
0.211106 -0.106926 0.371678 1
-0.292849 0.270853 -0.056711 3
0.131197 -0.060858 0.234144 2
0.196873 -0.302481 0.346281 1
0.107584 0.138926 0.083352 2
0.034178 0.197872 -0.018961 2
-0.616185 0.157517 -0.258734 3
0.001253 0.231673 -0.156924 2
-0.036735 0.133802 -0.455715 2
-0.085649 0.054391 -0.553716 2
-0.155901 0.012377 -0.633694 2
0.034456 0.162272 0.021169 2
0.119954 -0.085368 0.248596 2
-0.081190 0.110893 -0.512663 2
-0.045031 0.161337 -0.460041 2
-0.089401 0.093263 -0.531030 2
-0.062719 0.146497 -0.496400 2
0.248381 -0.755468 0.452521 0
0.138361 -0.215753 0.307650 0
-0.173160 0.282966 0.061627 3
-0.291225 0.273058 0.001778 3
0.229719 -0.026799 0.383149 1
-0.196133 0.263211 -0.003176 3
0.182909 -0.199155 0.314160 1
-0.558067 0.201786 -0.197185 3
-0.049681 0.116732 -0.484183 2
0.138897 -0.020388 0.212128 2
0.040284 0.258523 -0.208171 2
0.090943 -0.003166 0.202508 2
0.131806 -0.129615 0.269124 2
0.178118 -0.216282 0.371473 1
0.093929 0.101516 0.112153 2
0.053619 0.245033 -0.163453 2
-0.122627 0.036829 -0.581183 2
-0.259103 0.278829 0.021254 3
0.078455 0.157596 0.044245 2
0.169195 -0.291309 0.359180 1
0.233982 -0.003890 0.381171 1
0.060608 0.014807 0.212905 3
0.160190 -0.199170 0.302577 0
0.016774 0.244259 -0.185487 2
0.203182 -0.090042 0.320057 1
0.067323 0.075109 0.145902 2
0.224640 -0.003639 0.341574 1
0.185651 -0.222685 0.327706 1
0.176853 -0.403095 0.380016 0
0.016179 0.237071 -0.294853 2
0.224804 -0.549361 0.427732 0
-0.141896 -0.003442 -0.660167 2
-0.215902 0.284732 0.044322 3
0.226116 -0.044649 0.365901 1
-0.070762 0.111496 -0.489979 2
-0.009288 0.247539 -0.254147 2
-0.096752 0.049651 -0.591801 2
-0.037983 0.168808 0.166330 3
0.197541 -0.274075 0.335667 1
-0.110427 0.076319 -0.587557 2
0.027666 0.222907 -0.082602 2
-0.003639 0.185810 -0.374863 2
0.025272 0.250943 -0.253810 2
0.093830 -0.049486 0.240833 3
0.039242 0.241435 -0.145533 2
-0.270073 0.278624 -0.024592 3
0.215477 -0.426752 0.380842 0
0.190732 -0.438966 0.382980 0
-0.106487 0.058164 -0.563623 2
0.222051 -0.026335 0.341734 1
-0.497556 0.220343 -0.162572 3
0.115337 0.005858 0.191974 2
-0.016972 0.229362 -0.327089 2
-0.035028 0.214557 -0.375038 2
0.022114 0.211513 -0.308382 2
0.169872 -0.256454 0.365681 1
-0.662649 0.141282 -0.288373 3
0.215292 -0.475722 0.412446 0
-0.141516 0.024885 -0.643517 2
-0.125353 0.011149 -0.621052 2
0.187249 -0.175389 0.354320 1
-0.580950 0.184402 -0.233148 3
0.108321 -0.101378 0.262312 2
-0.115732 0.042106 -0.609653 2
0.241441 -0.744705 0.469341 0
0.203426 -0.408470 0.391348 0
0.182330 -0.205139 0.348069 1
-0.024448 0.162856 -0.414917 2
0.189498 -0.366433 0.374169 0
-0.656434 0.153110 -0.257530 3
-0.545139 0.211961 -0.184232 3
0.024692 0.076910 0.209930 3
-0.035930 0.201460 -0.397111 2
0.144168 -0.233556 0.316701 0
0.246884 -0.767313 0.473363 0
-0.053235 0.203474 0.106603 3
0.215783 -0.307064 0.353250 1
0.189062 -0.123821 0.314572 1
0.091070 0.079139 0.129761 2
0.185840 -0.163785 0.331692 1
-0.021825 0.184367 -0.396982 2
0.073440 -0.003885 0.221852 3
0.237254 -0.628636 0.449400 0
0.038899 0.035928 0.210305 3
-0.077576 0.223562 0.139850 3
0.073456 0.170612 0.023087 2
0.190676 -0.342607 0.365359 0
0.086568 0.144280 0.065177 2
0.118704 -0.031449 0.212809 2
-0.096247 0.127932 -0.536429 2
-0.114819 0.257933 0.095316 3
0.184679 -0.314602 0.357909 0
-0.052329 0.200249 -0.412394 2
-0.311187 0.279538 -0.047319 3
0.231101 0.008545 0.355801 1
-0.006984 0.216978 -0.340015 2
-0.130504 0.046679 -0.635054 2
-0.072524 0.174541 -0.461085 2
0.073494 0.030312 0.209067 3
-0.346489 0.274370 -0.050883 3
-0.075917 0.128489 -0.499971 2
0.205177 -0.233319 0.318550 1
0.066205 -0.021103 0.235020 3
-0.101989 0.076592 -0.568757 2
-0.131900 0.021433 -0.589091 2
0.050647 0.187471 -0.006896 2
-0.241956 0.278683 -0.007193 3
0.127149 0.036375 0.170701 2
-0.137399 0.024394 -0.669181 2
-0.038122 0.174936 -0.432765 2
0.235025 -0.669629 0.441441 0
-0.114060 0.258871 0.061933 3
0.197994 -0.457230 0.395163 0
-0.572698 0.181322 -0.202152 3
0.206743 -0.112171 0.353541 1
0.025144 0.242452 -0.278074 2
-0.006388 0.247795 -0.225885 2
0.047951 0.200010 -0.033582 2
0.245837 -0.710376 0.465771 0
-0.099717 0.088053 -0.598437 2
-0.344796 0.268886 -0.031313 3
0.094086 0.116823 0.097379 2
0.248175 -0.828814 0.483498 0
0.061405 0.099637 0.115670 2
0.212541 -0.342265 0.362639 1
0.171200 -0.359962 0.371444 0
-0.157358 0.001361 -0.683910 2
-0.158596 0.001921 -0.650550 2
0.111037 -0.052714 0.248308 3
0.080755 0.189694 -0.014597 2
-0.060925 0.105954 -0.516131 2
0.212213 -0.445233 0.383980 0
0.265155 -0.808326 0.484544 0
0.145048 -0.168216 0.282415 0
-0.072579 0.144514 -0.512686 2
0.183501 -0.285459 0.341501 1
0.135426 -0.146880 0.276044 0
0.025146 0.082649 0.181592 3
0.087327 -0.071932 0.257403 3
-0.113780 0.060121 -0.615046 2
0.183331 -0.260192 0.332823 1
0.128615 -0.147759 0.294634 0
0.098210 -0.027727 0.235435 3
-0.071674 0.219583 0.102243 3
-0.018547 0.212697 -0.362541 2
0.162148 -0.239521 0.313557 0
0.114841 -0.122632 0.264870 2
-0.081093 0.111245 -0.552945 2
0.052900 0.113043 0.091072 2
-0.035436 0.183653 0.117993 3
0.195079 -0.084562 0.304123 1
0.141059 -0.177007 0.304562 0
-0.088296 0.083362 -0.512871 2
0.009689 0.207995 -0.339913 2
0.090960 0.047823 0.161831 2
0.168682 -0.322451 0.363327 1
-0.151322 0.024741 -0.620575 2
0.117692 0.101849 0.115774 2
-0.472068 0.232610 -0.139406 3
0.205434 -0.129850 0.377847 1
0.231498 -0.686362 0.457266 0
-0.051496 0.187751 -0.433213 2
0.212111 -0.508796 0.400548 0
0.002880 0.221809 -0.123139 2
-0.023609 0.244583 -0.283228 2
0.018823 0.205564 -0.028966 2
-0.603671 0.179714 -0.232005 3
0.211333 -0.376687 0.369920 0
0.217871 -0.084065 0.365699 1
-0.161846 0.271973 0.027109 3
-0.123864 0.075452 -0.609921 2
-0.076581 0.094450 -0.547429 2
0.216834 -0.532015 0.423953 0
0.180958 -0.244862 0.347489 1
0.228449 -0.578205 0.434706 0
-0.067995 0.204634 0.135490 3
-0.092066 0.064665 -0.535417 2
-0.328261 0.270507 -0.019303 3
0.124557 0.052212 0.162190 2
0.210221 -0.055975 0.318015 1
-0.518717 0.208657 -0.189963 3
-0.023714 0.237158 -0.312161 2
0.166590 -0.256582 0.319346 0
-0.274758 0.275810 0.012644 3
0.196707 -0.128921 0.338594 1
-0.138475 0.267993 0.049739 3
-0.284674 0.281001 -0.013098 3
-0.030679 0.151972 0.159285 3
0.216548 -0.101391 0.391344 1
0.055166 0.001971 0.226797 3
-0.042868 0.179020 0.141198 3
-0.056912 0.191810 0.142142 3
-0.635801 0.160453 -0.265365 3
-0.362126 0.272317 -0.065385 3
-0.027556 0.139124 -0.433703 2
0.025699 0.253595 -0.225574 2
-0.090373 0.110618 -0.568279 2
-0.078584 0.231943 0.085138 3
-0.153816 0.275776 0.061709 3
0.106258 0.061977 0.150370 2
0.174059 -0.233164 0.366122 1
0.108780 0.076965 0.139077 2
0.224300 -0.612717 0.442453 0
0.069698 0.061559 0.157355 2
-0.043040 0.226808 -0.340885 2
0.197625 -0.147286 0.371210 1
0.067897 0.133084 0.074558 2
0.226560 -0.606604 0.425580 0
-0.012900 0.144283 -0.399430 2
0.180599 -0.227358 0.386496 1
-0.394522 0.263634 -0.077036 3
-0.438365 0.253936 -0.137840 3
-0.090545 0.111054 -0.535780 2
-0.216014 0.282928 0.026821 3
0.247925 -0.796634 0.478948 0
0.215903 -0.492785 0.416635 0
0.243945 -0.654568 0.439845 0
0.185568 -0.153264 0.308210 1
0.112158 -0.069771 0.252214 3
0.223231 -0.067152 0.383694 1
-0.065387 0.094801 -0.490491 2
-0.499138 0.215598 -0.141079 3
0.050547 0.170263 0.022717 2
-0.003357 0.145155 0.143371 3
-0.110687 0.059978 -0.581425 2
0.144357 -0.199702 0.311737 0
0.188058 -0.193939 0.383357 1
0.167425 -0.273606 0.363791 1
-0.092112 0.139075 -0.518360 2
0.033263 0.049187 0.200538 3
0.211371 -0.262253 0.332228 1
0.217279 -0.526669 0.404317 0
0.113415 0.024385 0.179525 2
0.102643 -0.025168 0.214560 2
0.197249 -0.394386 0.383355 0
-0.328380 0.278493 -0.053465 3
0.080516 -0.055489 0.250158 3
-0.311396 0.278980 -0.030007 3
0.043508 0.249829 -0.254397 2
-0.109188 0.041993 -0.553136 2
-0.569698 0.175779 -0.223340 3
0.223461 -0.589088 0.422325 0
-0.099771 0.247739 0.096257 3
-0.547227 0.189771 -0.209179 3
-0.067862 0.088495 -0.523785 2
0.197752 -0.165271 0.388821 1
-0.019029 0.161714 0.134908 3
0.078377 -0.016869 0.249559 3
0.080207 -0.032504 0.234247 3
0.203453 -0.474368 0.400100 0
0.000156 0.245675 -0.197740 2
-0.065829 0.121396 -0.522667 2
-0.165563 -0.013502 -0.684979 2
-0.100802 0.065836 -0.596847 2
-0.002917 0.129732 0.157068 3
-0.152715 0.007345 -0.668613 2
0.233530 0.025254 0.354286 1
-0.144607 0.273364 0.077951 3
-0.397281 0.267467 -0.111260 3
0.263497 -0.825128 0.475370 0
0.046979 0.038104 0.226197 3
-0.010906 0.162729 -0.380748 2
-0.468130 0.243500 -0.154473 3
-0.561946 0.188953 -0.187107 3
0.183403 -0.205115 0.331335 1
0.065524 0.203466 -0.077003 2
0.147023 -0.055359 0.234262 2
-0.216429 0.276061 -0.001146 3
-0.198076 0.281099 0.031473 3
0.136641 -0.084953 0.247330 2
-0.000576 0.176554 -0.359156 2
0.168069 -0.291020 0.338302 0
-0.579958 0.190105 -0.217279 3
-0.078067 0.156800 -0.490222 2
0.057205 0.217539 -0.081890 2
0.081136 0.024755 0.184970 2
-0.345748 0.271239 -0.085747 3
0.067937 0.200022 -0.036255 2
0.215976 -0.032684 0.326831 1
-0.055984 0.156927 -0.478388 2
0.245340 -0.681645 0.446715 0
-0.112374 0.042936 -0.593400 2
0.245760 -0.692818 0.462837 0
-0.093564 0.100412 -0.548179 2
0.031203 0.227456 -0.104925 2
-0.086960 0.240359 0.073540 3
0.263561 -0.773587 0.469374 0
-0.087362 0.122683 -0.523449 2
0.073410 0.121094 0.089053 2
-0.152180 0.035982 -0.649475 2
0.005206 0.232639 -0.306298 2
-0.181713 0.273234 0.015723 3
-0.542567 0.193811 -0.188011 3
0.027966 0.234542 -0.134277 2
0.127492 -0.043658 0.223955 2
0.258077 -0.744869 0.460491 0
-0.435668 0.244096 -0.104219 3
-0.449121 0.244717 -0.121487 3
-0.423378 0.249309 -0.077908 3
-0.071697 0.185209 -0.443909 2
0.184220 -0.422340 0.383249 0
-0.511064 0.212971 -0.168359 3
-0.147032 -0.009661 -0.674277 2
0.100282 0.030214 0.171933 2
0.079251 0.178671 0.009431 2
-0.042761 0.122425 -0.466794 2
0.027388 0.217527 -0.064239 2
0.142792 -0.113108 0.262390 2
-0.137768 0.019243 -0.627580 2
-0.122073 0.263319 0.078316 3
-0.126478 0.024800 -0.604855 2
0.075158 0.193933 -0.049353 2
0.183238 -0.296832 0.353465 1
-0.408953 0.258304 -0.088287 3
0.183846 -0.181883 0.319755 1
-0.138889 0.013894 -0.657040 2
-0.539646 0.199586 -0.165214 3
0.031319 0.098519 0.171203 3
0.168767 -0.262112 0.382380 1
0.009932 0.246324 -0.254594 2
0.067173 0.187217 -0.006439 2
-0.378092 0.262246 -0.049664 3
0.160647 -0.160886 0.288674 0
0.066858 0.214844 -0.105267 2
-0.328131 0.271756 -0.075983 3
-0.046369 0.203716 0.091276 3
0.122592 -0.120141 0.288388 0
-0.242144 0.283070 0.021089 3
0.209902 -0.452878 0.405041 0
-0.420281 0.263904 -0.106813 3
0.052325 0.026988 0.207260 3
0.211892 -0.406006 0.378240 0
0.149168 -0.187365 0.291190 0
0.083694 0.089781 0.114474 2
0.099728 0.159121 0.039831 2
-0.490955 0.231019 -0.172050 3
0.103220 -0.082641 0.251447 2
-0.109193 0.026947 -0.582143 2
-0.068133 0.221047 0.078492 3
0.259639 -0.801850 0.468827 0
0.018726 0.214257 -0.323405 2
0.142573 -0.159445 0.295115 0
-0.000889 0.105958 0.182492 3
0.031923 0.253334 -0.196084 2
0.087531 -0.043682 0.257512 3
0.010730 0.241901 -0.168054 2
0.052190 0.133064 0.066016 2
-0.016243 0.130602 0.166204 3
0.033771 0.070860 0.186825 3
0.004661 0.191117 -0.357906 2
0.216589 -0.480697 0.394608 0
0.099413 0.006386 0.193774 2
0.039273 0.174895 0.013205 2
0.114784 -0.062392 0.235669 2
-0.379061 0.271651 -0.082568 3
-0.009641 0.198969 -0.369603 2
0.191498 -0.238229 0.324356 1
-0.094209 0.087963 -0.580448 2
0.011009 0.122516 0.158656 3
-0.094273 0.240898 0.115382 3
-0.055524 0.216513 -0.377834 2
-0.078802 0.100939 -0.501335 2
-0.133050 0.054487 -0.610140 2
0.053715 0.231642 -0.128378 2
0.019461 0.226393 -0.306675 2
0.240970 -0.716014 0.452220 0
-0.062548 0.203999 0.118590 3
0.101856 -0.072649 0.262974 3
0.066087 0.159519 0.035072 2
-0.081357 0.127786 -0.540530 2
-0.437081 0.245354 -0.088844 3
0.176901 -0.336410 0.364417 0
0.040043 0.148130 0.038300 2
-0.523700 0.218155 -0.175352 3
0.060166 0.062384 0.193293 3
0.214178 -0.559980 0.428153 0
0.039945 0.248517 -0.168469 2
0.220824 0.007365 0.332190 1
0.275811 -0.821408 0.482998 0
0.189461 -0.376828 0.360354 0
0.165804 -0.268057 0.335666 0
0.058874 0.013362 0.235579 3
-0.475690 0.226535 -0.119127 3
-0.009279 0.243642 -0.277207 2
0.012173 0.075455 0.187011 3
-0.058521 0.106517 -0.501518 2
0.161269 -0.290795 0.371686 1
-0.029592 0.229993 -0.334804 2
-0.009332 0.234789 -0.309583 2
0.223571 -0.630522 0.444084 0
0.236777 -0.641059 0.435814 0
0.016746 0.239028 -0.151020 2
-0.099476 0.094022 -0.563890 2
0.039485 0.235952 -0.282883 2
-0.088477 0.070750 -0.558335 2
0.206544 -0.101217 0.336968 1
0.099886 -0.055289 0.228720 2
0.085255 0.012823 0.192542 2
0.224337 -0.554875 0.414105 0
0.217558 -0.067162 0.343718 1
-0.037448 0.151921 -0.450517 2
0.082257 0.101794 0.103302 2
-0.055285 0.133901 -0.495623 2
-0.024011 0.151301 -0.426394 2
0.096155 -0.037227 0.219723 2
-0.581845 0.169810 -0.233574 3
0.059563 0.151361 0.049622 2
0.197201 -0.423014 0.389922 0
0.156160 -0.228119 0.323029 0
0.170752 -0.228570 0.317982 0
0.161554 -0.130737 0.275054 0
-0.609278 0.168207 -0.251635 3
-0.282199 0.273429 -0.044501 3
-0.173193 0.277699 0.043967 3
0.079989 0.076984 0.139003 2
-0.099913 0.059645 -0.524262 2
0.108603 0.127431 0.092536 2
-0.056226 0.167117 -0.467251 2
0.016590 0.211774 -0.041894 2
-0.043917 0.210472 -0.387362 2
-0.153556 0.267387 0.016148 3
-0.040964 0.118420 -0.443250 2
0.171798 -0.308155 0.359440 1
0.180518 -0.347499 0.354039 0
0.182864 -0.388745 0.378643 0
-0.054042 0.105768 -0.465876 2
0.230218 -0.003906 0.366451 1
-0.085409 0.077451 -0.535821 2
-0.483987 0.226873 -0.145149 3
0.092781 0.177866 0.014355 2
-0.250865 0.282547 0.009638 3
0.188573 -0.181308 0.376469 1
-0.030987 0.171564 0.130937 3
0.024522 0.189270 -0.009757 2
0.087674 -0.003428 0.223459 3
-0.074124 0.074911 -0.512606 2
-0.084280 0.228774 0.119511 3
-0.002568 0.126238 0.184600 3
0.168815 -0.208770 0.310356 0
0.120881 -0.146252 0.277346 3
0.058497 0.212605 -0.065315 2
-0.102051 0.061277 -0.545416 2
-0.045082 0.172840 -0.448419 2
0.045591 0.208168 -0.053382 2
-0.119503 0.047268 -0.622393 2
0.148307 -0.135849 0.273961 0
-0.129428 0.032870 -0.644127 2
-0.098740 0.054480 -0.576028 2
-0.105785 0.042662 -0.580077 2
-0.126703 0.034879 -0.615775 2
0.103104 -0.107301 0.274104 3
-0.146254 0.007677 -0.646680 2
-0.116027 0.081850 -0.599312 2
0.136467 -0.071879 0.241257 2
0.197809 -0.103716 0.320319 1
0.118328 -0.091071 0.261425 3
-0.596178 0.170376 -0.224499 3
0.005634 0.220342 -0.105119 2
0.207947 -0.504081 0.413832 0
0.197019 -0.140138 0.350384 1
-0.357281 0.274763 -0.078466 3
0.130154 -0.169894 0.298465 0
-0.009899 0.179972 -0.386037 2
-0.567566 0.195320 -0.206403 3
-0.053612 0.199214 0.153896 3
0.154561 -0.209284 0.310682 0
0.106023 0.149815 0.070381 2
-0.076103 0.099807 -0.523402 2
0.240052 -0.653075 0.454143 0
0.251773 -0.733091 0.470356 0
0.184023 -0.233553 0.336321 1
0.224268 -0.032523 0.354034 1
-0.143078 0.053635 -0.622120 2
0.016290 0.104944 0.170027 3
-0.525128 0.205163 -0.159322 3
0.205773 -0.118897 0.366141 1
0.136542 -0.136629 0.285329 0
0.010396 0.105063 0.198465 3
-0.043659 0.145407 -0.466449 2
0.182541 -0.319766 0.342823 0
0.190968 -0.406616 0.384657 0
-0.036494 0.243376 -0.278495 2
-0.152929 0.030584 -0.633769 2
-0.253520 0.265302 -0.035044 3
0.204297 -0.434644 0.379694 0
0.131203 -0.031244 0.218484 2
0.208555 -0.135589 0.394386 1
-0.030756 0.174060 -0.419712 2
0.045389 0.221954 -0.087249 2
0.094459 -0.062155 0.246007 3
-0.104599 0.253107 0.045590 3
0.001957 0.226176 -0.144422 2
-0.298203 0.279609 -0.014485 3
0.220200 -0.014326 0.334357 1
-0.022326 0.141236 0.176229 3
0.046040 0.042833 0.200486 3
0.055035 0.251970 -0.176318 2
0.028238 0.248153 -0.179246 2
-0.258980 0.279483 -0.013439 3
0.157161 -0.330620 0.368884 0
0.182774 -0.204682 0.376799 1
0.182555 -0.352940 0.368947 0
0.205568 -0.353901 0.362869 0
0.216073 -0.095475 0.376978 1
-0.115469 0.041909 -0.570633 2
0.187020 -0.123699 0.299474 1
-0.103568 0.105230 -0.570300 2
-0.152929 0.007794 -0.621314 2
0.093767 -0.014621 0.209128 2
0.021929 0.233098 -0.122262 2
0.197264 -0.315234 0.350756 1
0.007727 0.090366 0.190145 3
0.251849 -0.767611 0.457310 0
-0.076271 0.089751 -0.473150 2
-0.390912 0.259386 -0.062764 3
0.232489 -0.664240 0.453750 0
-0.380204 0.273331 -0.098935 3
-0.090404 0.077143 -0.496112 2
-0.459784 0.235060 -0.110007 3
-0.209012 0.266725 -0.007310 3
-0.626873 0.162607 -0.242467 3
0.233697 -0.594884 0.428764 0
-0.027983 0.244867 -0.249091 2
0.227938 -0.032044 0.370951 1
0.228559 -0.566389 0.428404 0
0.016288 0.225420 -0.093598 2
-0.142310 0.032399 -0.657731 2
0.062900 0.086490 0.133783 2
0.010852 0.241834 -0.283181 2
0.253375 -0.749315 0.473068 0
-0.027399 0.180216 -0.408348 2
0.226014 -0.532381 0.414312 0
-0.043185 0.174781 0.153815 3
0.131425 0.009160 0.188871 2
0.102368 0.110200 0.106365 2
-0.037294 0.235808 -0.312056 2
-0.093287 0.059295 -0.564456 2
0.236301 -0.612151 0.434807 0
0.217643 -0.078461 0.353680 1
0.211416 -0.084216 0.335935 1
0.244287 -0.737908 0.457147 0
-0.024055 0.153984 0.144404 3
-0.008407 0.235695 -0.196369 2
-0.082290 0.239754 0.061191 3
0.111809 -0.096124 0.276729 3
0.004859 0.247663 -0.214570 2
0.049460 0.076054 0.183993 3
-0.021424 0.152073 -0.407987 2
-0.609746 0.167056 -0.233473 3
0.111039 -0.124069 0.279938 3
0.250272 -0.704610 0.452170 0
0.233580 -0.602125 0.443561 0
0.224280 -0.061523 0.371862 1
0.153478 -0.188904 0.307267 0
0.196470 -0.377210 0.376912 0
-0.081227 0.082954 -0.523922 2
0.251635 -0.779198 0.476259 0
0.187598 -0.210072 0.319943 1
-0.032481 0.128323 -0.444622 2
0.222477 -0.055210 0.354630 1
0.179706 -0.209880 0.359973 1
-0.097350 0.076273 -0.587362 2
-0.057550 0.106319 -0.484975 2
-0.144940 0.037195 -0.616552 2
-0.127924 0.043014 -0.596874 2
0.128462 -0.095189 0.249883 2
-0.431207 0.258380 -0.127879 3
0.161898 -0.239459 0.326857 0
0.119075 -0.132277 0.272502 2
-0.024875 0.130265 -0.422397 2
0.016500 0.220545 -0.076377 2
0.054472 0.106359 0.102108 2
0.191166 -0.331117 0.359308 0
-0.128896 0.264084 0.029205 3
0.191710 -0.159133 0.359702 1
0.025795 0.060102 0.203726 3
-0.126820 0.264507 0.055714 3
-0.140362 0.024104 -0.598536 2
0.203080 -0.078631 0.313940 1
0.004929 0.243161 -0.179550 2
0.078313 -0.016571 0.235376 3
-0.155802 0.019576 -0.644706 2
0.176828 -0.283034 0.352300 1
-0.463441 0.242227 -0.139623 3
-0.084116 0.088671 -0.501866 2
0.184072 -0.158951 0.319703 1
0.198916 -0.449988 0.384517 0
0.213293 -0.045109 0.324256 1
0.218541 -0.497640 0.399800 0
-0.084007 0.129869 -0.513278 2
0.241057 -0.727410 0.465993 0
0.085266 0.036027 0.175139 2
0.061870 0.125566 0.083090 2
-0.117315 0.016703 -0.608857 2
0.044176 0.259803 -0.220362 2
-0.121085 0.261127 0.106072 3
-0.190328 0.282800 0.044038 3
0.127833 -0.007896 0.203369 2
0.033575 0.212689 -0.053494 2
0.079407 0.053412 0.161831 2
-0.018107 0.240448 -0.225812 2
-0.201681 0.273307 0.003463 3
0.165248 -0.187440 0.301475 0
-0.078387 0.088682 -0.535718 2
0.148912 -0.222041 0.313797 0
-0.031146 0.206793 -0.384712 2
0.127574 -0.118581 0.273999 3
-0.145902 0.001508 -0.689883 2
0.172396 -0.253274 0.334558 0
0.190987 -0.192288 0.307031 1
-0.110621 0.091609 -0.592818 2
0.069199 -0.032181 0.240703 3
0.200007 -0.285954 0.339624 1
0.206433 -0.462776 0.387181 0
-0.029278 0.162908 -0.426766 2
0.053089 0.240472 -0.151560 2
0.056487 0.225323 -0.111149 2
-0.030793 0.191444 -0.403423 2
-0.094059 0.103037 -0.580955 2
0.184542 -0.187803 0.354032 1
0.074675 0.194394 -0.024717 2
-0.109499 0.070623 -0.604754 2
0.042834 0.050879 0.222141 3
-0.062661 0.134617 -0.507833 2
0.218641 -0.486187 0.405840 0
-0.025695 0.181533 0.108555 3
-0.090583 0.082284 -0.569732 2
0.075236 -0.043513 0.245052 3
0.153198 -0.084571 0.249850 2
0.216160 -0.055495 0.330918 1
0.039248 0.186410 -0.001599 2
0.216995 -0.320383 0.358814 1
0.061894 -0.008531 0.228601 3
-0.000759 0.247737 -0.243169 2
-0.095790 0.048344 -0.558038 2
0.156322 -0.107632 0.262383 2
0.171249 -0.245736 0.372103 1
0.209631 -0.021629 0.318950 1
0.183975 -0.273722 0.337052 1
0.109135 -0.095851 0.251067 2
-0.230515 0.277453 -0.002170 3
0.191014 -0.145290 0.336556 1
0.103423 -0.007675 0.202663 2
-0.407885 0.271490 -0.105905 3
-0.035318 0.219594 -0.363558 2
0.187207 -0.170589 0.342739 1
0.183471 -0.193327 0.325239 1
0.031716 0.220029 -0.304409 2
-0.070449 0.084426 -0.495327 2
0.220841 -0.504137 0.412722 0
-0.132262 0.035073 -0.628277 2
-0.230728 0.283937 0.026834 3
-0.545075 0.201800 -0.204311 3
-0.282234 0.281233 -0.025506 3
0.103116 -0.037994 0.240505 3
0.051039 0.013483 0.220767 3
0.131455 -0.181067 0.293148 0
0.096812 0.138633 0.077144 2
-0.024448 0.207983 -0.374303 2
0.186103 -0.136026 0.314130 1
0.100976 -0.090210 0.261053 3
-0.551678 0.191132 -0.197347 3
0.007524 0.199229 -0.348946 2
0.197427 -0.261912 0.330858 1
-0.078174 0.145424 -0.495520 2
0.138147 -0.157807 0.281244 0
0.108646 0.012499 0.183915 2
-0.113093 0.070525 -0.621760 2
-0.084731 0.082503 -0.547123 2
-0.045808 0.193354 0.114276 3
0.096179 0.093041 0.120906 2
0.211562 -0.273640 0.337101 1
-0.485355 0.224605 -0.160037 3
-0.110411 0.054037 -0.604808 2
-0.366910 0.268433 -0.054652 3
0.209642 -0.118822 0.381954 1
-0.333613 0.277912 -0.064647 3
-0.185497 0.285932 0.061223 3
0.177657 -0.371747 0.373896 0
0.142459 -0.101469 0.257224 2
-0.540811 0.202068 -0.177249 3
-0.306027 0.275389 -0.057731 3
-0.258148 0.274278 -0.025825 3
-0.080319 0.226769 0.107294 3
0.206974 -0.417084 0.383281 0
0.097123 0.053390 0.152728 2
-0.068952 0.134397 -0.518713 2
0.194130 -0.222349 0.316801 1
0.094078 0.070602 0.138582 2
-0.055230 0.145336 -0.486438 2
0.079376 0.148614 0.056184 2
0.093016 0.125465 0.088704 2
-0.356487 0.270187 -0.091629 3
0.073683 0.099390 0.115781 2
0.239217 -0.641107 0.451518 0
-0.002703 0.173371 -0.378596 2
0.149136 -0.198542 0.297289 0
0.148028 -0.170393 0.296077 0
-0.132738 0.019511 -0.615948 2
-0.076576 0.116311 -0.501145 2
-0.094981 0.088415 -0.552071 2
-0.148293 0.019454 -0.666559 2
-0.091899 0.240884 0.089856 3
0.024971 0.247707 -0.265610 2
-0.054607 0.116768 -0.496101 2
-0.091943 0.060218 -0.587937 2
0.015104 0.189512 -0.338499 2
-0.076768 0.099136 -0.489440 2
0.136611 -0.050361 0.230335 2
0.143195 -0.124416 0.266946 2
-0.017117 0.223754 -0.339756 2
-0.086516 0.065490 -0.518619 2
-0.052190 0.206083 -0.401610 2
0.135474 -0.204504 0.303885 0
0.174753 -0.251815 0.355336 1
0.122143 -0.107589 0.267838 3
-0.032388 0.150737 0.171662 3
0.212061 -0.297220 0.347149 1
0.079864 0.164411 0.034277 2
0.119925 -0.072590 0.239834 2
0.078259 0.136103 0.068613 2
0.079713 0.184652 -0.002789 2
0.206079 -0.365507 0.366428 0
-0.099373 0.106202 -0.558949 2
-0.063647 0.210059 0.108138 3
0.073844 0.018210 0.213111 3
-0.046318 0.127865 -0.478459 2
0.258545 -0.818798 0.484445 0
0.065079 0.007400 0.222429 3
-0.119261 0.041583 -0.633164 2
-0.300050 0.280018 -0.041310 3
0.028061 0.232983 -0.289787 2
-0.013843 0.153131 -0.387499 2
-0.091977 0.054376 -0.541774 2
0.080520 0.111338 0.096090 2
0.182528 -0.215870 0.342545 1
-0.144208 0.269013 0.039167 3
0.203502 -0.050254 0.309785 1
-0.085665 0.093559 -0.518754 2
0.221582 -0.514191 0.406111 0
-0.147500 0.275718 0.089396 3
0.089024 -0.039607 0.245740 3
-0.045396 0.182294 0.127068 3
0.212494 -0.543233 0.424153 0
-0.040820 0.224423 -0.352462 2
0.214389 -0.573653 0.429673 0
0.235010 0.030802 0.365772 1
-0.087622 0.067459 -0.546228 2
0.211170 -0.101934 0.360749 1
-0.493180 0.221266 -0.151421 3
-0.089759 0.124148 -0.550079 2
0.045647 0.194436 -0.018239 2
0.033156 0.204021 -0.030434 2
-0.133805 0.268633 0.080094 3
-0.085646 0.072428 -0.507954 2
0.221601 -0.073140 0.372857 1
-0.116123 0.030780 -0.604773 2
0.165794 -0.268030 0.322687 0
-0.000916 0.239389 -0.167753 2
-0.216133 0.279366 0.015453 3
0.242068 -0.756398 0.471510 0
0.211199 -0.388869 0.373131 0
0.184962 -0.245406 0.335994 1
-0.021663 0.168051 -0.403735 2
0.197002 -0.399943 0.369822 0
0.228966 -0.038583 0.387107 1
0.168916 -0.279457 0.340776 0
0.120173 -0.055397 0.227773 2
-0.010023 0.213079 -0.350779 2
0.203038 -0.116931 0.343356 1
-0.201984 0.284793 0.043798 3
0.029139 0.239799 -0.151456 2
0.086781 0.190706 -0.024690 2
0.172897 -0.313320 0.348892 0
0.210647 -0.465372 0.409221 0
0.218186 -0.584006 0.434411 0
0.127080 -0.136281 0.292331 0
0.184615 -0.176514 0.332397 1
-0.047226 0.111918 -0.473243 2
-0.593779 0.183929 -0.227217 3
0.194884 -0.095524 0.308398 1
-0.101118 0.070316 -0.558850 2
0.119714 0.080895 0.137289 2
0.178441 -0.296310 0.336702 0
-0.160894 0.002031 -0.662073 2
0.108326 0.053301 0.158001 2
-0.425389 0.260725 -0.116888 3
0.045217 0.237397 -0.134021 2
0.093228 -0.015339 0.229773 3
0.256407 -0.789847 0.465210 0
0.232396 0.007266 0.370477 1
-0.181947 0.267611 0.005459 3
-0.115973 0.048262 -0.581430 2
-0.029336 0.233621 -0.323693 2
-0.125249 0.048355 -0.645360 2
-0.011579 0.246244 -0.266046 2
0.201821 -0.446016 0.398871 0
0.051677 0.140775 0.056343 2
-0.148954 0.046808 -0.638689 2
0.069686 0.204225 -0.059242 2
0.231391 -0.577792 0.423436 0
0.010653 0.247445 -0.225792 2
0.039719 0.244762 -0.156691 2
-0.064492 0.155744 -0.489544 2
0.236908 -0.833712 0.490680 0
-0.301984 0.273501 -0.002634 3
-0.132907 0.018607 -0.638862 2
-0.276387 0.280408 -0.001594 3
0.199430 -0.153495 0.382599 1
-0.270833 0.280545 -0.013184 3
-0.037034 0.166974 -0.442521 2
-0.191937 0.272801 0.009685 3
-0.034229 0.163158 0.153434 3
-0.084606 0.139275 -0.506565 2
0.033254 0.064730 0.215785 3
-0.657550 0.147637 -0.278235 3
-0.041001 0.179767 0.164204 3
0.139588 -0.147739 0.290990 0
0.195397 -0.147210 0.359877 1
0.077759 0.203321 -0.075770 2
0.025312 0.253249 -0.237109 2
0.045881 0.229904 -0.109024 2
-0.449022 0.252541 -0.133645 3
-0.368459 0.272986 -0.076249 3
0.045965 0.258120 -0.196187 2
0.215115 -0.451830 0.393436 0
0.191089 -0.131121 0.326151 1
0.186228 -0.182640 0.365045 1
-0.031998 0.142479 -0.446901 2
0.058949 0.219341 -0.094120 2
-0.023783 0.242584 -0.294536 2
-0.162461 0.002209 -0.673661 2
-0.072580 0.127818 -0.529368 2
-0.103199 0.087846 -0.573327 2
0.033195 0.224344 -0.094072 2
0.206820 -0.486629 0.410629 0
0.245074 -0.681521 0.461132 0
0.231363 -0.014525 0.377896 1
0.097331 -0.072857 0.250952 3
-0.561314 0.184659 -0.209297 3
0.091659 -0.081214 0.262449 3
-0.067861 0.214200 0.142330 3
0.226534 -0.543497 0.416842 0
0.181800 -0.216608 0.382861 1
-0.100449 0.246767 0.107802 3
-0.007293 0.115015 0.179886 3
0.250510 -0.721318 0.467809 0
0.226331 -0.050208 0.376331 1
-0.016222 0.173786 -0.393179 2
-0.147847 -0.009757 -0.685607 2
0.084419 0.005564 0.205706 2
-0.118712 0.025867 -0.615408 2
-0.525059 0.200082 -0.193844 3
0.181344 -0.256912 0.347675 1
-0.190746 0.275810 0.022036 3
0.094093 0.156174 0.050091 2
-0.100335 0.250445 0.061148 3
0.156959 -0.318710 0.369464 0
-0.094738 0.245509 0.079912 3
-0.068070 0.221955 0.089752 3
0.022123 0.093739 0.175683 3
-0.501464 0.215541 -0.173713 3
0.233694 -0.675420 0.452768 0
-0.504683 0.226121 -0.169127 3
-0.041614 0.186103 -0.426400 2
-0.085702 0.105586 -0.524608 2
-0.144329 0.001547 -0.673405 2
-0.666012 0.151321 -0.263182 3
0.176997 -0.221799 0.359989 1
-0.535293 0.214678 -0.179507 3
-0.062704 0.189503 -0.438695 2
0.164763 -0.144443 0.282814 0
-0.264858 0.280242 0.009742 3
0.183560 -0.170124 0.319982 1
-0.095968 0.070004 -0.522525 2
0.228536 -0.003715 0.355402 1
0.238677 -0.629806 0.436374 0
0.005279 0.105926 0.171519 3
-0.163910 0.280168 0.067193 3
0.021357 0.122276 0.154505 3
-0.471275 0.226935 -0.129349 3
0.157155 -0.262061 0.332065 0
0.011322 0.225948 -0.314242 2
-0.147417 0.025330 -0.610184 2
0.141843 -0.187700 0.307482 0
-0.156289 0.002287 -0.639694 2
-0.106303 0.069276 -0.577239 2
0.248348 -0.693753 0.450900 0
0.110485 -0.111525 0.258370 2
-0.066496 0.172395 -0.471237 2
0.115046 -0.004676 0.197677 2
0.016172 0.245895 -0.197307 2
0.210023 -0.525529 0.418094 0
0.212309 -0.435081 0.388419 0
-0.073110 0.099652 -0.536487 2
-0.008418 0.222782 -0.329596 2
0.006336 0.216645 -0.330647 2
-0.132802 0.265547 0.039461 3
-0.081099 0.140256 -0.518844 2
-0.341019 0.274307 -0.041259 3
0.142023 -0.029201 0.219583 2
-0.082469 0.227202 0.130618 3
-0.124484 0.025930 -0.580830 2
0.124548 -0.153601 0.285323 0
0.034172 0.061144 0.192391 3
0.016026 0.245609 -0.271760 2
0.014505 0.079026 0.197208 3
-0.235496 0.272640 -0.013818 3
0.114230 0.033949 0.174065 2
-0.431273 0.254119 -0.105679 3
-0.530520 0.212508 -0.195468 3
-0.252235 0.280137 -0.003490 3
0.209987 -0.246470 0.324949 1
0.011023 0.231525 -0.122214 2
0.244522 -0.669806 0.447020 0
0.188036 -0.181728 0.307989 1
0.172400 -0.302346 0.348211 0
-0.592542 0.179173 -0.240964 3
0.059471 0.181814 -0.000378 2
0.248677 -0.797271 0.467660 0
-0.448733 0.242990 -0.110646 3
0.219933 -0.003740 0.331441 1
0.128358 -0.158533 0.296699 0
-0.139910 0.007858 -0.632424 2
0.216367 -0.330956 0.361613 1
-0.533292 0.198648 -0.184422 3
-0.070095 0.122365 -0.490997 2
0.005265 0.237605 -0.294749 2
-0.125639 0.065585 -0.605574 2
0.075448 0.123292 0.078545 2
-0.118132 0.031401 -0.571963 2
0.028337 0.254485 -0.215019 2
0.223351 -0.043392 0.353773 1
0.085435 0.172464 0.020346 2
0.236608 -0.698080 0.460132 0
-0.575442 0.181236 -0.212870 3
0.073726 -0.014475 0.225745 3
0.225351 -0.015817 0.350189 1
-0.510647 0.209685 -0.182769 3
0.127836 -0.082142 0.241647 2
0.250668 -0.716149 0.457113 0
0.086460 -0.061769 0.261500 3
0.205843 -0.307983 0.348844 1
-0.091700 0.079773 -0.524418 2
-0.118509 0.030332 -0.593733 2
0.191917 -0.113418 0.313667 1
-0.053740 0.194559 -0.425102 2
0.148932 -0.244874 0.321937 0
-0.114131 0.258687 0.084004 3
-0.009786 0.162670 0.124830 3
0.128135 -0.021393 0.211966 2
0.220317 -0.038288 0.337125 1
0.259509 -0.813176 0.470835 0
0.091578 -0.024291 0.213383 3
0.208427 -0.071544 0.320061 1
-0.016503 0.189679 -0.385086 2
-0.580337 0.176800 -0.224703 3
-0.570720 0.189739 -0.223969 3
-0.415774 0.256223 -0.097848 3
-0.117778 0.071142 -0.597890 2
-0.107006 0.052643 -0.593143 2
-0.059927 0.202476 0.142277 3
-0.092560 0.088255 -0.541598 2
0.226254 0.006981 0.341943 1
-0.010589 0.138884 0.179752 3
-0.000258 0.244928 -0.259355 2
-0.106789 0.052466 -0.553112 2
-0.029423 0.162113 0.170603 3
0.164210 -0.302191 0.364143 1
0.252090 -0.807554 0.480665 0
0.062763 0.024783 0.209585 3
-0.353652 0.273823 -0.058838 3
-0.122277 0.262860 0.067610 3
0.128886 -0.118150 0.263372 2
-0.153360 0.270899 0.033549 3
-0.156788 -0.008840 -0.679792 2
0.006782 0.235568 -0.145989 2
0.107512 -0.034339 0.220191 2
0.074567 0.007835 0.217619 3
0.000086 0.211167 -0.345453 2
-0.651207 0.161572 -0.253767 3
0.046442 0.025932 0.216040 3
-0.077171 0.226700 0.096593 3
0.174698 -0.233268 0.376720 1
-0.505812 0.214222 -0.156998 3
-0.242245 0.280162 0.003309 3
0.232791 -0.590213 0.438382 0
-0.224533 0.284000 0.038214 3
-0.027249 0.193142 -0.393592 2
0.214882 -0.533083 0.412378 0
-0.153568 0.276720 0.073450 3
0.263546 -0.779609 0.478115 0
-0.065599 0.098674 -0.501862 2
-0.089883 0.100343 -0.571645 2
-0.181875 0.282817 0.050351 3
0.222637 -0.078207 0.392247 1
-0.629207 0.152282 -0.266268 3
0.035253 0.043577 0.221796 3
0.188253 -0.402078 0.375556 0
-0.105751 0.082609 -0.605096 2
-0.009451 0.247945 -0.237271 2
-0.482049 0.230353 -0.134188 3
0.197197 -0.359946 0.365916 0
0.003702 0.226721 -0.133566 2
-0.621495 0.166535 -0.259240 3
0.209628 -0.513845 0.410449 0
0.215287 -0.077882 0.343496 1
0.060362 0.052689 0.197218 3
-0.038360 0.123509 -0.454879 2
-0.387404 0.270615 -0.088781 3
-0.043151 0.135080 -0.467985 2
-0.161241 0.276709 0.054416 3
-0.092870 0.069804 -0.570749 2
-0.276996 0.275655 -0.035727 3
-0.159640 -0.007072 -0.657121 2
0.034060 0.248205 -0.260514 2
0.187379 -0.153359 0.331044 1
0.191271 -0.198639 0.392088 1
-0.095938 0.119579 -0.542651 2
0.000800 0.105819 0.194483 3
0.096133 0.038360 0.166950 2
0.101872 -0.094874 0.273704 3
0.213380 -0.107125 0.383260 1
-0.476413 0.236546 -0.151517 3
0.160265 -0.250943 0.328142 0
0.261996 -0.835005 0.483746 0
0.214121 -0.091337 0.359297 1
-0.065722 0.111354 -0.525288 2
0.039633 0.155761 0.031297 2
-0.099318 0.244732 0.123585 3
0.092190 -0.055450 0.253681 3
0.182580 -0.325554 0.360942 0
-0.173361 0.273801 0.026945 3
0.216232 -0.020813 0.326885 1
-0.338604 0.273106 -0.076494 3
-0.011224 0.122480 0.170168 3
-0.023659 0.140981 0.165989 3
-0.552686 0.198777 -0.210596 3
-0.408325 0.263133 -0.099639 3
-0.138555 0.002094 -0.650669 2
0.004141 0.138513 0.146744 3
-0.044038 0.219150 -0.369032 2
-0.073035 0.097818 -0.479322 2
0.234273 -0.657872 0.438551 0
0.156267 -0.216075 0.318239 0
0.008332 0.181361 -0.357293 2
-0.350842 0.271267 -0.041595 3
-0.085876 0.083890 -0.560692 2
0.232199 0.034544 0.350072 1
0.046818 0.115087 0.083035 2
-0.516541 0.218354 -0.185977 3
0.203854 -0.141966 0.383802 1
-0.552631 0.197037 -0.184459 3
-0.017979 0.247403 -0.248688 2
0.059175 0.166633 0.026927 2
-0.050765 0.185775 0.148148 3
0.163869 -0.279485 0.371448 1
-0.157818 -0.012677 -0.691636 2
-0.389069 0.272567 -0.104005 3
0.083829 0.197594 -0.053375 2
0.060574 0.093323 0.123681 2
-0.044998 0.198943 0.102562 3
-0.135015 0.025966 -0.654571 2
-0.513578 0.222472 -0.172605 3
0.020642 0.087047 0.205705 3
0.216966 -0.416785 0.379195 0
-0.093797 0.245707 0.067399 3
-0.002614 0.157067 -0.382603 2
-0.058660 0.217462 0.079728 3
0.069005 -0.014631 0.246219 3
0.024856 0.212972 -0.047733 2
0.068366 0.174617 0.015220 2
-0.150062 0.001640 -0.656089 2
0.041920 0.205218 -0.039903 2
0.206409 -0.478792 0.391432 0
0.221650 -0.383811 0.374185 0
0.049551 0.183471 0.002381 2
0.173021 -0.393747 0.378926 0
0.049872 0.051545 0.196929 3
0.207078 -0.426851 0.391271 0
0.106960 -0.062009 0.247879 3
-0.103714 0.047556 -0.570518 2
0.059327 0.198856 -0.031019 2
-0.072158 0.214158 0.130246 3
-0.312559 0.276320 -0.020302 3
0.150399 -0.175325 0.287252 0
0.196519 -0.205450 0.309057 1
-0.051169 0.185182 0.137101 3
0.200334 -0.334708 0.357003 1
0.080483 0.083601 0.131385 2
0.126020 0.003541 0.195289 2
0.027656 0.229679 -0.299792 2
0.116037 -0.117585 0.274039 3
0.052381 0.231666 -0.138892 2
0.189560 -0.170845 0.365344 1
0.062070 0.135442 0.062191 2
0.199714 -0.130557 0.348810 1
-0.064466 0.099918 -0.523381 2
0.196457 -0.434156 0.389721 0
0.112919 -0.084097 0.256610 2
-0.002841 0.242533 -0.185880 2
-0.550194 0.204625 -0.191637 3
0.209115 -0.103417 0.349276 1
0.250342 -0.835651 0.476508 0
0.247097 -0.819551 0.479851 0
0.216014 -0.549453 0.417145 0
-0.604894 0.159242 -0.251124 3
0.246609 -0.773406 0.463535 0
0.145881 -0.150781 0.276355 0
-0.114685 0.258131 0.050907 3
0.116077 -0.041615 0.219058 2
-0.206065 0.286766 0.054356 3
0.035354 0.257638 -0.224493 2
0.001068 0.240225 -0.284220 2
-0.175272 0.284972 0.071153 3
-0.061329 0.199624 0.130048 3
-0.063364 0.178112 -0.459538 2
0.108478 0.098372 0.117205 2
0.148847 -0.159035 0.281931 0
0.065550 0.212151 -0.082244 2
0.114272 0.070240 0.146298 2
0.099776 -0.063758 0.267790 3
0.033456 0.086975 0.178321 3
0.129698 -0.136173 0.278167 0
0.176888 -0.291613 0.347328 0
0.231966 -0.618245 0.445450 0
-0.147461 0.271555 0.055380 3
-0.069566 0.147909 -0.503876 2
0.038513 0.251046 -0.178714 2
-0.291423 0.275406 -0.047518 3
-0.015368 0.232853 -0.317184 2
0.002441 0.180056 -0.367907 2
-0.128368 0.025167 -0.633032 2
0.229559 -0.637718 0.449263 0
-0.145145 0.019324 -0.650822 2
-0.153282 -0.004981 -0.666844 2
0.058738 0.216960 -0.115877 2
-0.061453 0.201264 -0.416002 2
0.062062 0.209428 -0.098566 2
0.023864 0.062153 0.213174 3
0.204106 -0.400001 0.377543 0
0.183088 -0.233241 0.323139 1
0.075670 0.035562 0.177297 2
0.059717 0.188965 -0.012628 2
0.257227 -0.778731 0.463864 0
0.241572 -0.726806 0.456187 0
-0.265561 0.271400 -0.035322 3
-0.207559 0.283335 0.032726 3
-0.141767 0.008432 -0.666899 2
0.018156 0.205217 -0.331182 2
0.253984 -0.735902 0.454622 0
0.056576 0.222340 -0.127242 2
-0.092052 0.099724 -0.559541 2
0.018701 0.249656 -0.219974 2
0.033706 0.252195 -0.249001 2
-0.600941 0.177481 -0.245687 3
0.171293 -0.348514 0.368442 0
0.033666 0.229967 -0.116541 2
0.102465 0.069765 0.143524 2
-0.251799 0.280233 0.027588 3
0.024017 0.250757 -0.203115 2
0.024821 0.248922 -0.191045 2
0.208575 -0.083672 0.326632 1
0.203833 -0.157635 0.394748 1
-0.118913 0.063870 -0.628055 2
-0.114048 0.258585 0.071662 3
0.257908 -0.796493 0.479567 0
-0.403097 0.263613 -0.082658 3
0.167528 -0.244578 0.319835 0
-0.108363 0.252322 0.107144 3
-0.132541 0.041973 -0.645258 2
0.202034 -0.463230 0.401606 0
-0.097240 0.115168 -0.563185 2
0.099787 0.083154 0.131025 2
0.119257 -0.020691 0.208173 2
0.140832 -0.183923 0.294693 0
-0.050393 0.182041 -0.440945 2
0.119940 0.042118 0.167793 2
0.144642 -0.210642 0.312918 0
-0.048333 0.157259 -0.468150 2
0.108342 -0.078821 0.244205 2
-0.027271 0.176486 0.120297 3
-0.086537 0.116391 -0.559034 2
-0.084978 0.063087 -0.567633 2
-0.101476 0.059823 -0.535899 2
0.176733 -0.239389 0.354207 1
-0.076579 0.104915 -0.547253 2
0.195559 -0.123749 0.330452 1
-0.334136 0.272857 -0.030170 3
-0.319313 0.278571 -0.042240 3
0.122134 0.059858 0.156859 2
0.094578 0.149980 0.061123 2
-0.251079 0.276577 -0.018551 3
0.175384 -0.284576 0.331689 0
0.095197 -0.027930 0.221989 3
0.085106 0.087291 0.123804 2
0.017086 0.249475 -0.248984 2
-0.416389 0.254216 -0.082316 3
0.084965 -0.034003 0.256084 3
-0.130518 0.008851 -0.628811 2
0.033403 0.243100 -0.271982 2
0.069208 0.147605 0.050879 2
0.182859 -0.411251 0.382478 0
-0.145909 0.053360 -0.632383 2
0.034507 0.217676 -0.070661 2
0.067902 0.181252 0.004145 2
-0.506409 0.211947 -0.146948 3
-0.028928 0.240662 -0.302366 2
0.014751 0.083942 0.183444 3
0.182111 -0.310786 0.346037 0
0.120409 -0.126921 0.280289 3
-0.541039 0.198265 -0.196421 3
-0.637927 0.153075 -0.271020 3
0.041833 0.130173 0.058828 2
0.056061 0.128764 0.073582 2
0.001120 0.229518 -0.315481 2
0.188688 -0.342637 0.354533 0
0.051434 0.195602 -0.025706 2
0.118987 0.087456 0.130433 2
-0.090522 0.100576 -0.539164 2
-0.097979 0.082559 -0.558940 2
0.257842 -0.762238 0.462354 0
-0.134540 0.029912 -0.593795 2
-0.325391 0.275337 -0.026952 3
0.018507 0.250161 -0.231263 2
0.156663 -0.232199 0.311043 0
-0.561036 0.192129 -0.196233 3
-0.015366 0.150248 0.143953 3
0.246336 -0.761706 0.462243 0
-0.075371 0.220570 0.112435 3
-0.125483 0.052669 -0.629749 2
0.079499 0.064747 0.151914 2
-0.122961 0.262711 0.095564 3
-0.078056 0.116845 -0.541019 2
0.079481 -0.032110 0.243643 3
0.219064 -0.371459 0.371250 1
-0.000693 0.196771 -0.363215 2
-0.080433 0.149926 -0.506527 2
0.229482 -0.021200 0.371538 1
0.264184 -0.752006 0.460821 0
-0.009232 0.206737 -0.360886 2
-0.107016 0.082823 -0.581724 2
-0.041037 0.162745 -0.449871 2
-0.053588 0.172491 -0.460039 2
0.138194 -0.169682 0.288635 0
0.201489 -0.135569 0.371561 1
-0.043650 0.197970 -0.409707 2
-0.017847 0.176502 -0.402415 2
-0.040964 0.175628 0.131927 3
-0.050630 0.149253 -0.478052 2
-0.087471 0.093908 -0.553077 2
-0.087097 0.070140 -0.529683 2
-0.017751 0.246029 -0.274058 2
0.031069 0.170823 0.011350 2
-0.006001 0.168795 -0.370840 2
0.166661 -0.267846 0.371100 1
0.253530 -0.761181 0.470561 0
-0.517602 0.209148 -0.173801 3
0.222958 -0.538307 0.427086 0
0.050651 0.230523 -0.117007 2
-0.236560 0.267155 -0.021273 3
-0.083585 0.104498 -0.558866 2
0.004838 0.143963 0.139108 3
-0.062309 0.202491 0.151278 3
0.093695 -0.038371 0.237781 3
0.198152 -0.427835 0.378132 0
0.223288 -0.606591 0.434282 0
-0.071566 0.158630 -0.483765 2
0.156820 -0.209875 0.301685 0
0.190308 -0.307535 0.350488 1
-0.167095 0.273532 0.038337 3
-0.120138 0.260764 0.034777 3
-0.002293 0.235287 -0.301542 2
0.100255 0.133361 0.084426 2
-0.117666 0.038209 -0.622994 2
0.044061 0.257744 -0.229390 2
-0.388169 0.264500 -0.070355 3
-0.001457 0.246414 -0.207924 2
-0.080887 0.081873 -0.507247 2
0.020935 0.228920 -0.102134 2
0.128615 -0.071085 0.236439 2
-0.102382 0.077330 -0.595046 2
0.072368 -0.005160 0.230942 3
0.085050 -0.049777 0.243679 3
-0.637262 0.167327 -0.246177 3
0.174279 -0.273856 0.332326 0
-0.112615 0.036656 -0.586647 2
-0.016041 0.247102 -0.219766 2
0.153549 -0.199543 0.312452 0
0.041959 0.166734 0.024128 2
-0.122836 0.020820 -0.621924 2
-0.440378 0.258841 -0.127201 3
0.021870 0.220093 -0.317015 2
0.202800 -0.411188 0.377589 0
0.207964 -0.498394 0.405594 0
0.182017 -0.199085 0.354963 1
0.184892 -0.336981 0.348037 0
-0.050317 0.209582 0.085436 3
-0.064064 0.216699 0.096103 3
0.082405 0.119717 0.087994 2
0.122607 -0.100470 0.255848 2
-0.141653 0.030481 -0.605280 2
0.120191 -0.141831 0.289983 0
-0.386306 0.265574 -0.057856 3
-0.146352 0.273200 0.066313 3
0.219899 -0.089263 0.391825 1
0.024332 0.230298 -0.111086 2
0.039879 0.054512 0.194973 3
-0.016741 0.152480 -0.398373 2
0.142799 -0.090054 0.251690 2
0.194887 -0.371704 0.365573 0
-0.060764 0.117853 -0.515990 2
-0.460597 0.247548 -0.149137 3
0.171928 -0.261784 0.331384 0
-0.046936 0.111823 -0.445112 2
0.172573 -0.254726 0.386068 1
0.265905 -0.808239 0.474984 0
0.244344 -0.751133 0.463620 0
-0.083360 0.130055 -0.530971 2
0.012166 0.111849 0.165831 3
-0.134850 0.053220 -0.630518 2
0.225536 -0.623683 0.436827 0
0.086766 0.042616 0.169098 2
0.066739 0.047692 0.201314 3
0.060424 0.114702 0.095819 2
-0.065507 0.089863 -0.515155 2
0.218791 -0.560881 0.417980 0
0.108472 -0.112394 0.268900 3
0.221866 -0.594494 0.429400 0
-0.072499 0.093246 -0.530133 2
0.191363 -0.354533 0.370225 0
-0.319352 0.278707 -0.053019 3
-0.124620 0.058027 -0.637568 2
0.087423 -0.003594 0.210823 3
0.197003 -0.325305 0.354362 1
0.025217 0.198622 -0.019649 2
0.064526 0.204630 -0.087099 2
-0.469203 0.228845 -0.113320 3
0.050650 0.030366 0.228985 3
-0.018249 0.247335 -0.260096 2
-0.283312 0.268881 -0.052190 3
-0.098885 0.042226 -0.587179 2
-0.300390 0.279986 -0.024700 3
0.229693 0.012746 0.347929 1
-0.097530 0.070151 -0.539992 2
0.189638 -0.164686 0.349067 1
-0.670303 0.140160 -0.283801 3
0.215540 -0.472700 0.403988 0
0.163376 -0.314200 0.365085 1
-0.025671 0.149175 0.152379 3
0.108553 -0.054777 0.230999 2
0.046170 0.161896 0.031633 2
0.047244 0.144100 0.049290 2
0.005104 0.169871 -0.363772 2
0.032754 0.047869 0.210562 3
-0.044533 0.192171 -0.420483 2
0.113345 0.110236 0.107588 2
0.238232 -0.687009 0.445714 0
0.008010 0.109153 0.190059 3
-0.229311 0.262902 -0.017863 3
-0.224564 0.273434 -0.008530 3
-0.084594 0.076776 -0.517668 2
0.176687 -0.319282 0.354354 0
0.209234 -0.125271 0.388808 1
0.189710 -0.428993 0.385483 0
0.050342 0.203058 -0.041849 2
0.025102 0.071373 0.188814 3
0.198002 -0.342642 0.360293 0
-0.424240 0.258501 -0.100960 3
-0.082520 0.099076 -0.512526 2
0.212390 -0.469067 0.389186 0
0.191424 -0.249417 0.327392 1
-0.121977 0.048061 -0.592616 2
-0.139827 0.271731 0.091428 3
0.170989 -0.250586 0.325980 0
-0.076292 0.089619 -0.512460 2
0.094306 -0.072442 0.267643 3
-0.039040 0.111780 -0.449173 2
0.051344 0.211329 -0.059348 2
0.025001 0.104789 0.168388 3
-0.079943 0.089324 -0.554023 2
-0.474941 0.235683 -0.131604 3
0.142913 -0.078269 0.245654 2
0.102335 -0.055284 0.244453 3
-0.008763 0.169071 -0.386530 2
0.192163 -0.175445 0.382034 1
-0.017801 0.202101 -0.370951 2
-0.345131 0.276516 -0.059354 3
0.137282 -0.165364 0.301087 0
0.103235 -0.014685 0.208050 2
0.189154 -0.159074 0.342255 1
0.224039 -0.520571 0.411699 0
-0.127517 0.052661 -0.603509 2
0.005571 0.129338 0.154680 3
0.072951 0.207346 -0.082098 2
-0.429979 0.246010 -0.082747 3
0.147775 -0.205241 0.302864 0
-0.173134 0.271017 0.015497 3
-0.157005 0.018203 -0.667131 2
0.108069 -0.112613 0.279412 3
-0.064242 0.163669 -0.473984 2
0.011162 0.216222 -0.070853 2
0.024558 0.208874 -0.036430 2
0.161648 -0.250394 0.315480 0
0.238704 -0.715236 0.463995 0
-0.501211 0.224913 -0.177670 3
0.211010 -0.032816 0.319470 1
0.004071 0.220731 -0.113777 2
-0.154232 0.018599 -0.627690 2
-0.002554 0.112625 0.188398 3
0.257175 -0.831415 0.491766 0
0.188738 -0.290866 0.346064 1
-0.085594 0.116797 -0.547621 2
0.076931 0.193299 -0.040760 2
-0.099473 0.087635 -0.587484 2
0.252452 -0.738587 0.462965 0
0.101952 0.120645 0.096528 2
-0.016900 0.163421 -0.409478 2
-0.106148 0.252676 0.092791 3
0.051112 0.175136 0.015440 2
-0.127120 0.015407 -0.610607 2
-0.024340 0.217070 -0.357621 2
0.240783 -0.647148 0.445360 0
0.002539 0.099293 0.187033 3
0.203937 -0.268869 0.332708 1
0.106354 -0.079256 0.269091 3
-0.142256 0.003446 -0.640139 2
-0.008766 0.147809 -0.392573 2
0.204396 -0.067556 0.312647 1
0.018645 0.217637 -0.064426 2
0.039428 0.092724 0.173961 3
-0.098354 0.062209 -0.515376 2
0.202816 -0.123828 0.353437 1
0.231560 -0.658113 0.447596 0
0.202406 -0.222832 0.314065 1
0.265472 -0.797243 0.474794 0
0.074267 -0.026156 0.233518 3
0.113721 0.059929 0.154559 2
0.084811 -0.026239 0.230304 3
-0.353151 0.266644 -0.032390 3
-0.109951 0.053646 -0.570515 2
-0.054732 0.209002 0.095728 3
0.069990 0.068753 0.151215 2
-0.105382 0.064590 -0.569387 2
-0.573107 0.190329 -0.210887 3
0.164013 -0.355084 0.371947 0
-0.115268 0.257553 0.111455 3
0.075553 -0.025046 0.248710 3
0.224774 -0.067007 0.392243 1
0.108212 0.000909 0.192300 2
0.227925 -0.038648 0.376579 1
-0.532674 0.203921 -0.168014 3
-0.224726 0.277911 0.004264 3
-0.299029 0.275335 -0.052612 3
-0.036038 0.180974 -0.422103 2
0.225209 -0.054719 0.366601 1
0.016441 0.248066 -0.260015 2
-0.098376 0.094472 -0.576078 2
0.115876 0.093369 0.123685 2
-0.566838 0.185804 -0.197185 3
0.013084 0.195668 -0.332337 2
0.174753 -0.261864 0.354255 1
-0.208367 0.280737 0.023493 3
0.074156 0.107429 0.106360 2
0.006754 0.096629 0.197945 3
0.142966 -0.066476 0.239599 2
0.087727 -0.032648 0.240174 3
-0.293307 0.277981 -0.007601 3
0.239101 -0.635990 0.442364 0
0.189639 -0.383450 0.378803 0
0.184800 -0.366180 0.358319 0
0.073330 0.082351 0.135988 2
0.046059 0.125783 0.067430 2
-0.285040 0.277822 -0.001813 3
-0.135250 0.013580 -0.621631 2
-0.053882 0.194909 0.134726 3
0.032770 0.245842 -0.164480 2
0.157023 -0.297498 0.374955 1
-0.070761 0.104951 -0.484430 2
-0.460161 0.240540 -0.127996 3
-0.044818 0.229390 -0.332906 2
0.194391 -0.153620 0.365694 1
-0.017636 0.216879 -0.351724 2
-0.133058 0.024492 -0.645074 2
0.019524 0.070994 0.198143 3
0.121517 0.075778 0.143892 2
-0.207578 0.276999 0.009343 3
-0.078520 0.122366 -0.506847 2
-0.141379 0.013086 -0.674049 2
0.040589 0.217412 -0.077074 2
0.034131 0.238204 -0.139504 2
-0.151725 0.013243 -0.674705 2
0.211812 -0.254634 0.328406 1
0.059565 0.143005 0.051352 2
-0.371176 0.277306 -0.084914 3
-0.069060 0.105442 -0.530521 2
-0.155061 0.025529 -0.650763 2
-0.131142 0.064774 -0.612030 2
-0.035075 0.225771 -0.346314 2
-0.152383 0.036921 -0.639440 2
0.185840 -0.141869 0.307946 1
-0.224505 0.282827 0.021135 3
-0.095078 0.064351 -0.581192 2
-0.277715 0.280592 -0.018187 3
0.017616 0.204464 -0.318754 2
0.107060 -0.089086 0.269766 3
0.202662 -0.100748 0.326644 1
0.219734 -0.581798 0.424627 0
-0.526959 0.204237 -0.185416 3
-0.492615 0.220831 -0.139537 3
-0.090079 0.055646 -0.575803 2
0.188921 -0.266547 0.333491 1
-0.128777 0.030934 -0.586174 2
0.217603 -0.044538 0.331543 1
0.089445 -0.009208 0.217506 3
-0.008362 0.244105 -0.197472 2
0.217153 -0.348166 0.366617 1
0.178096 -0.222444 0.377292 1
-0.019461 0.166649 0.128033 3
0.137626 -0.135770 0.269200 2
-0.092709 0.081980 -0.535912 2
-0.009720 0.138745 0.152352 3
0.147389 -0.179499 0.299526 0
-0.061755 0.110419 -0.508989 2
0.010344 0.245504 -0.191203 2
-0.138184 0.025200 -0.633556 2
0.265106 -0.766650 0.464807 0
-0.008807 0.132653 0.185169 3
-0.410002 0.269112 -0.115903 3
-0.319859 0.272376 -0.018725 3
0.211908 -0.453498 0.385690 0
-0.151714 0.014201 -0.615950 2
-0.058633 0.098622 -0.497097 2
-0.010404 0.190258 -0.379285 2
-0.127835 0.042247 -0.627933 2
0.054334 0.017873 0.227162 3
0.087613 0.185486 -0.007496 2
-0.244333 0.281633 0.031739 3
0.209897 -0.094373 0.342144 1
-0.057418 0.102003 -0.472604 2
-0.189988 0.266159 0.001755 3
-0.135479 0.012702 -0.644271 2
0.079298 0.093373 0.120677 2
-0.072534 0.166758 -0.472801 2
-0.114150 0.035914 -0.564895 2
-0.012102 0.156967 0.135175 3
-0.080279 0.094117 -0.495190 2
0.094266 0.013647 0.190305 2
0.092950 -0.065714 0.257894 3
0.232115 -0.584075 0.429969 0
-0.012351 0.131022 0.174936 3
0.234138 -0.600690 0.434790 0
-0.095966 0.071464 -0.531866 2
0.010626 0.239582 -0.156711 2
0.219964 -0.060993 0.348843 1
0.131490 -0.014892 0.207898 2
-0.587298 0.172335 -0.227751 3
0.122828 0.018681 0.184467 2
-0.423534 0.256113 -0.110164 3
0.177075 -0.279587 0.342592 0
0.039013 0.254774 -0.191013 2
0.088645 0.188000 -0.016764 2
0.213060 -0.060655 0.325133 1
0.229599 0.029404 0.344029 1
-0.396093 0.263998 -0.067784 3
-0.018199 0.238174 -0.305981 2
-0.026885 0.128710 -0.431967 2
-0.063703 0.105145 -0.495125 2
-0.134066 0.025061 -0.622031 2
0.183645 -0.193184 0.342931 1
0.039146 0.200071 -0.026197 2
0.248538 -0.784595 0.468168 0
0.094541 0.059896 0.147860 2
0.266017 -0.819368 0.480826 0
0.087629 -0.016750 0.214501 3
0.073624 0.115988 0.095615 2
0.188816 -0.393909 0.381300 0
0.120108 0.012132 0.189329 2
-0.006942 0.246081 -0.214162 2
-0.056563 0.191459 0.153395 3
0.177019 -0.265060 0.337080 1
0.129270 -0.171698 0.289067 0
0.211123 -0.313944 0.353247 1
-0.035557 0.231353 -0.329182 2
-0.034467 0.157356 0.164347 3
0.163292 -0.275557 0.330510 0
0.122565 -0.130185 0.288958 0
0.084697 0.153239 0.051803 2
-0.000605 0.122534 0.161941 3
0.203611 -0.480031 0.406164 0
0.183264 -0.278828 0.349193 1
-0.325801 0.276275 -0.069432 3
-0.403159 0.258350 -0.076250 3
0.096087 -0.056058 0.236316 3
-0.088126 0.116195 -0.528546 2
0.068141 0.095863 0.120828 2
0.099818 0.076252 0.136649 2
0.225986 -0.026763 0.359729 1
-0.078168 0.081636 -0.496391 2
-0.097444 0.097690 -0.586287 2
-0.563657 0.180070 -0.219656 3
-0.432392 0.244507 -0.095609 3
-0.075636 0.106422 -0.496009 2
-0.063378 0.170753 -0.463318 2
0.204770 -0.383673 0.373317 0
0.192039 -0.187866 0.389181 1
-0.242343 0.275841 -0.017169 3
0.065374 0.080968 0.140407 2
-0.071620 0.226512 0.083840 3
0.214021 -0.519405 0.402108 0
0.213501 -0.096264 0.366285 1
0.204062 -0.126255 0.369479 1
0.026512 0.060828 0.195454 3
0.180972 -0.233640 0.345726 1
0.058544 0.002517 0.239584 3
0.183280 -0.221984 0.337053 1
0.050834 0.218500 -0.076734 2
-0.052368 0.128473 -0.490145 2
0.218376 -0.567035 0.432551 0
0.199497 -0.401496 0.386870 0
0.143162 -0.142154 0.272652 2
-0.362757 0.273429 -0.087374 3
-0.481471 0.224645 -0.124686 3
0.186015 -0.181370 0.348790 1
-0.456928 0.239270 -0.116487 3
-0.063822 0.142017 -0.503650 2
-0.087992 0.061092 -0.525415 2
-0.147971 0.014046 -0.656457 2
-0.020697 0.150798 -0.416073 2
0.179206 -0.216301 0.354297 1
-0.104708 0.047996 -0.586655 2
0.191672 -0.354409 0.360003 0
0.149767 -0.127029 0.271107 0
-0.043445 0.204295 -0.398785 2
0.134948 -0.153727 0.297514 0
-0.073924 0.179472 -0.454701 2
0.190026 -0.417027 0.385482 0
-0.084849 0.237181 0.084669 3
-0.116002 0.036669 -0.598254 2
-0.602908 0.168692 -0.229296 3
-0.152607 0.269118 0.024072 3
-0.006930 0.229920 -0.316781 2
-0.063135 0.128320 -0.513005 2
0.142816 -0.193795 0.299325 0
0.175845 -0.251542 0.341748 1
0.091958 0.160347 0.041989 2
-0.137936 0.266646 0.033219 3
0.033968 0.234300 -0.128575 2
0.084662 0.096857 0.110538 2
-0.079515 0.138877 -0.500189 2
-0.085707 0.155033 -0.492447 2
-0.492382 0.226448 -0.164059 3
-0.165077 -0.005411 -0.684237 2
0.189268 -0.279659 0.338773 1
0.210189 -0.497635 0.396743 0
-0.093804 0.071370 -0.501984 2
0.257386 -0.821232 0.471679 0
-0.374684 0.269769 -0.070626 3
0.256049 -0.755537 0.458125 0
0.016442 0.236636 -0.139503 2
0.189140 -0.118586 0.308055 1
0.045755 0.036014 0.204874 3
-0.044827 0.171532 0.162940 3
-0.540704 0.193246 -0.205850 3
0.025256 0.225904 -0.093596 2
-0.075648 0.086554 -0.502314 2
0.016382 0.242634 -0.173809 2
0.225333 -0.037699 0.360171 1
0.080555 -0.047705 0.256666 3
0.019596 0.113998 0.163439 3
0.039018 0.194092 -0.013607 2
0.056966 0.022952 0.214929 3
0.016736 0.234450 -0.128317 2
0.114910 -0.048580 0.226013 2
0.187014 -0.130115 0.308689 1
-0.499955 0.216892 -0.150853 3
-0.025085 0.150231 0.164854 3
0.040229 0.211747 -0.058258 2
-0.069443 0.116625 -0.530155 2
-0.016094 0.184438 -0.391288 2
0.217263 -0.089723 0.371428 1
0.225502 0.013721 0.337563 1
0.100582 -0.043815 0.223845 2
-0.037823 0.169864 0.150318 3
0.091761 -0.015795 0.221587 3
-0.036675 0.242442 -0.288211 2
0.182759 -0.199177 0.336752 1
0.039486 0.181705 0.004944 2
0.096116 -0.090942 0.267442 3
0.024783 0.237211 -0.145188 2
-0.102621 0.093233 -0.592988 2
-0.401153 0.270191 -0.101671 3
0.231551 -0.612508 0.428311 0
0.010540 0.234761 -0.300648 2
0.188645 -0.204398 0.310354 1
0.088983 0.006771 0.196317 2
-0.083216 0.116454 -0.518116 2
0.038922 0.225357 -0.099624 2
0.052879 0.069923 0.187911 3
0.185572 -0.324563 0.348515 0
-0.072865 0.133821 -0.494795 2
-0.031901 0.186729 -0.409978 2
0.093726 0.030249 0.176570 2
0.087748 0.165150 0.032945 2
0.067657 0.138644 0.066979 2
-0.090342 0.092590 -0.575161 2
0.011175 0.225106 -0.099768 2
0.166863 -0.284841 0.331229 0
-0.442576 0.248122 -0.110515 3
0.198241 -0.141352 0.365857 1
0.010149 0.190920 -0.352069 2
0.155649 -0.187516 0.295893 0
0.183221 -0.246385 0.328243 1
0.208236 -0.090261 0.331766 1
0.200438 -0.239345 0.320843 1
-0.118419 0.058813 -0.621881 2
0.100540 -0.100762 0.268462 3
-0.025627 0.166499 0.134020 3
0.137010 -0.107288 0.256647 2
0.172112 -0.296128 0.331829 0
0.085533 0.001692 0.216503 3
0.148460 -0.107154 0.261071 2
0.196866 -0.366009 0.371125 0
-0.036393 0.195129 -0.407976 2
-0.368091 0.264892 -0.047599 3
-0.000033 0.221247 -0.329283 2
0.257456 -0.788576 0.477867 0
0.039087 0.057354 0.219397 3
-0.052590 0.196013 0.117838 3
-0.109740 0.047710 -0.558782 2
0.084664 0.057098 0.157119 2
-0.135880 0.019225 -0.650328 2
-0.144204 -0.004092 -0.667793 2
0.037651 0.228452 -0.109479 2
0.216225 -0.491039 0.396023 0
-0.016460 0.204874 -0.363622 2
0.199342 -0.072961 0.307276 1
-0.063016 0.105034 -0.479359 2
0.095515 0.170840 0.016849 2
-0.017631 0.145156 -0.409685 2
-0.035847 0.189794 0.107275 3
0.240928 -0.664183 0.451316 0
0.222160 -0.537812 0.409996 0
0.137344 -0.118761 0.261237 2
0.233488 0.019409 0.359646 1
-0.031615 0.171822 0.169969 3
0.190146 -0.256141 0.332684 1
-0.106484 0.036122 -0.575649 2
0.236882 -0.619324 0.439324 0
-0.010104 0.157070 -0.393933 2
0.169770 -0.371137 0.374363 0
0.087477 -0.061217 0.249632 3
-0.114389 0.257941 0.039440 3
-0.090881 0.060287 -0.547063 2
0.045725 0.245312 -0.162858 2
0.061895 -0.002721 0.223217 3
0.205962 -0.279241 0.337168 1
-0.423525 0.259945 -0.126758 3
0.186156 -0.353056 0.350508 0
-0.028802 0.145518 -0.438204 2
0.155330 -0.238744 0.317506 0
0.110972 -0.106523 0.274516 3
-0.090001 0.079736 -0.503579 2
-0.001215 0.248228 -0.231857 2
-0.104654 0.253353 0.067103 3
-0.467636 0.246936 -0.145591 3
-0.064823 0.181996 -0.446107 2
