0.289643 0.241101 -0.147921 1
0.203360 -0.940461 0.251947 0
-0.864766 -0.179821 0.064973 2
0.059005 -0.328936 0.079453 0
-0.348635 0.066381 -0.136689 2
0.785996 0.072174 -0.055237 1
0.015664 0.064156 0.068579 1
-0.605766 0.045143 0.084072 2
0.530920 0.237915 0.094236 1
0.212489 -0.605261 0.198225 0
0.594912 0.260895 -0.206739 1
0.261236 0.186963 0.123416 1
-0.247336 0.019577 0.115441 2
-0.684030 -0.106971 -0.117712 2
0.074409 0.158476 -0.136095 1
-0.151923 -0.009709 -0.084481 2
-0.002419 -0.136571 0.006743 0
-0.539235 0.029263 -0.098097 2
-0.419347 0.081233 0.049084 2
-0.788587 -0.004873 0.037045 2
0.455210 0.307107 -0.067553 1
0.683948 0.235289 -0.040473 1
0.120979 -0.492293 0.090938 0
0.235569 -0.767010 0.260217 0
0.129021 0.173085 0.019599 1
0.379786 0.281468 0.070096 1
0.444166 0.282336 -0.220278 1
0.717895 0.148465 -0.165410 1
-0.262305 0.070325 -0.018870 2
-0.669355 0.016011 -0.040809 2
0.252110 0.252035 -0.010607 1
-0.121966 0.011042 0.053272 2
-0.779188 -0.177122 -0.042704 2
0.014299 0.060085 -0.066257 1
0.572989 0.295601 -0.024646 1
0.183661 0.205931 -0.097240 1
0.072024 -0.212104 0.060537 0
-0.436834 -0.007631 -0.160927 2
-0.495371 0.017988 0.106986 2
-0.046292 -0.028976 -0.021866 0
-0.574581 -0.082137 -0.124920 2
-0.437563 0.072085 -0.069389 2
-0.523545 0.076139 0.009277 2
0.144228 -0.388969 0.125865 0
0.110047 0.120664 0.115676 1
0.353028 0.265802 -0.059036 1
-0.246369 0.011972 -0.134999 2
-0.755086 -0.068047 -0.048046 2
-0.353062 0.033065 0.116891 2
0.476638 0.306677 0.036019 1
0.525304 0.310599 -0.146620 1
0.625460 0.194555 0.035811 1
0.714593 0.145683 -0.001442 1
0.668319 0.262314 -0.136860 1
0.206418 -0.705753 0.185350 0
-0.833610 -0.098129 0.007544 2
-0.703890 0.039610 0.066313 2
0.182745 -0.517390 0.164546 0
0.237437 -0.856431 0.213201 0
0.378143 0.297303 -0.149548 1
0.087593 0.082603 0.005644 1
0.204391 0.217031 -0.189328 1
0.172466 0.197471 0.097127 1
-0.353780 0.078256 -0.021880 2
0.350966 0.204783 0.116651 1
0.760330 0.156043 -0.080198 1
0.022186 -0.023158 0.036293 1
-0.172483 0.046129 -0.011625 2
-0.298975 0.074170 0.062234 2
-0.609351 0.065187 0.000735 2
0.082458 0.146919 -0.052300 1
0.286994 0.246793 0.069847 1
0.438221 0.234716 0.105107 1
0.589673 0.270407 -0.101473 1
-0.643122 -0.038663 -0.097668 2
0.777163 0.098653 -0.134553 1
-0.509599 -0.039778 -0.149959 2
0.337176 0.261484 -0.209135 1
0.169799 -0.587044 0.128311 0
0.195887 0.190921 -0.017636 1
-0.279938 0.075930 -0.100289 2
0.406787 0.306381 0.001417 1
-0.216764 0.053759 0.051854 2
0.249392 0.263466 -0.087625 1
0.137329 0.200791 -0.157921 1
0.581189 0.255725 0.039149 1
0.456995 0.278743 -0.142553 1
0.685340 0.216720 -0.194266 1
0.719693 0.206841 -0.117946 1
0.323450 0.282833 0.007686 1
0.230825 0.200756 0.047397 1
-0.202808 0.049062 -0.087481 2
-0.060954 -0.092084 0.016417 0
0.232341 -0.833354 0.291554 0
-0.114973 0.001597 -0.020850 2
0.069987 -0.440346 0.083811 0
-0.731826 -0.001596 -0.007853 2
-0.425223 0.038872 0.107342 2
0.034238 -0.267285 0.033163 0
0.526663 0.282846 -0.215140 1
0.063658 0.124106 0.061423 1
-0.000968 0.036133 0.003986 1
0.148483 -0.456195 0.152280 0
-0.472974 0.039523 -0.122278 2
-0.599708 0.034006 -0.062350 2
-0.727314 -0.146508 -0.078267 2
0.101385 -0.276320 0.061386 0
-0.841255 -0.180080 -0.000764 2
-0.827257 -0.057371 0.062879 2
0.526069 0.280596 -0.077807 1
0.118609 -0.365748 0.066714 0
-0.534284 0.065191 0.076344 2
0.190578 -0.687912 0.249236 0
0.753485 0.039538 -0.104822 1
0.055027 0.106056 -0.099347 1
0.011706 -0.193828 0.037370 0
0.627326 0.260552 -0.009477 1
-0.366755 0.014441 -0.173056 2
0.137464 0.191415 -0.052537 1
-0.495994 0.050301 -0.050037 2
-0.581160 -0.018446 -0.111349 2
-0.648788 -0.003062 0.083897 2
0.507057 0.311052 -0.020497 1
-0.855881 -0.116423 0.065488 2
0.205370 -0.794217 0.210771 0
-0.699500 -0.037032 -0.059930 2
0.315762 0.286566 -0.106333 1
0.186916 -0.651863 0.157660 0
-0.060164 -0.004300 0.034514 0
-0.357224 0.063282 0.040654 2
-0.175883 0.014962 0.085657 2
-0.670994 0.050025 0.012005 2
-0.002747 -0.070741 0.003853 0
-0.404051 0.043417 -0.118427 2
0.392816 0.303857 -0.088545 1
-0.448095 0.063100 -0.002682 2
-0.556443 0.009625 0.094950 2
-0.474140 0.074287 0.081639 2
-0.302515 0.031952 -0.156462 2
0.185523 -0.553592 0.213182 0
-0.795585 -0.119469 -0.045314 2
0.037939 -0.117262 0.046547 0
0.640758 0.267554 -0.067390 1
0.217553 0.243494 -0.137579 1
0.595983 0.292625 -0.156024 1
0.113476 0.165739 0.076206 1
-0.359664 0.060804 -0.078835 2
0.683792 0.194590 0.009069 1
0.481987 0.266314 0.078719 1
-0.794294 -0.048063 -0.002217 2
0.238146 -0.888788 0.262106 0
0.306703 0.242381 -0.031094 1
0.403398 0.253107 -0.178284 1
0.527768 0.278973 0.036974 1
0.719494 0.186121 -0.042884 1
0.030339 0.087062 0.017423 1
0.049015 0.096919 -0.038296 1
-0.745008 -0.007128 0.074974 2
0.155007 -0.603400 0.192418 0
0.153770 -0.432492 0.089076 0
-0.552893 0.042388 -0.030007 2
0.066101 0.079259 0.097145 1
0.752970 0.111643 -0.029966 1
0.278679 0.243684 -0.203527 1
-0.307706 0.053425 0.010497 2
0.131334 0.116688 -0.003332 1
0.217047 0.233175 -0.049832 1
0.452606 0.280239 -0.018674 1
0.348535 0.250380 -0.152710 1
-0.628061 -0.095773 -0.118535 2
0.633998 0.236709 -0.175737 1
0.076881 -0.386897 0.096406 0
-0.311081 0.059179 -0.052604 2
0.232296 -0.661424 0.224709 0
0.151160 -0.534422 0.109761 0
0.430124 0.275058 0.049181 1
0.114913 0.166147 -0.100079 1
0.234456 -0.718571 0.235043 0
-0.298067 0.032695 0.100171 2
0.172993 -0.480508 0.110239 0
0.342463 0.249762 0.046675 1
0.098301 -0.340878 0.115459 0
0.172831 0.200509 0.035386 1
0.206201 -0.899981 0.213373 0
0.153475 0.150947 0.123894 1
-0.715143 -0.087307 -0.077645 2
0.182847 -0.637706 0.233702 0
0.480650 0.299538 -0.185308 1
-0.571057 0.071930 0.036775 2
0.047835 -0.166029 0.010363 0
-0.202270 -0.000171 -0.106233 2
0.079979 0.134031 0.001507 1
-0.160787 0.044615 0.044383 2
0.410518 0.274001 -0.048675 1
0.374028 0.266855 -0.011469 1
-0.100129 -0.041571 0.004052 2
0.202529 0.167108 0.126922 1
0.220412 0.219168 0.094451 1
-0.215479 0.065168 -0.039480 2
-0.377041 0.071385 0.092972 2
-0.741220 0.028804 0.031799 2
0.568120 0.223795 -0.184664 1
0.762825 0.146950 -0.135405 1
0.288230 0.232754 0.018600 1
-0.152044 0.030842 -0.054756 2
0.672173 0.234775 -0.089121 1
0.299391 0.216595 0.107644 1
0.484504 0.312781 -0.107579 1
0.757850 0.098627 -0.086449 1
0.201316 -0.563415 0.165196 0
-0.412292 0.035477 -0.166551 2
-0.406438 0.058358 -0.028897 2
0.547055 0.270756 -0.165775 1
0.047601 0.039418 0.011516 1
0.187724 -0.729851 0.223818 0
0.435450 0.314595 -0.116858 1
-0.628201 0.042640 0.039804 2
-0.260013 0.049392 0.030039 2
0.016886 -0.029011 -0.011693 1
0.423352 0.297353 -0.176852 1
-0.239414 0.056079 -0.117738 2
0.233389 -0.940005 0.214761 0
0.293145 0.273545 -0.064506 1
0.375557 0.242842 0.097633 1
0.110796 -0.412585 0.069753 0
0.722603 0.195730 -0.165431 1
-0.249351 0.052355 -0.070189 2
-0.854018 -0.140343 0.021475 2
0.232956 -0.817196 0.241488 0
-0.033837 -0.043381 0.031840 0
0.115739 -0.427635 0.116460 0
0.186438 0.206613 -0.147250 1
0.367777 0.269096 -0.107575 1
0.234499 0.210261 0.000538 1
-0.814652 -0.142671 -0.008606 2
-0.247926 0.056483 0.086301 2
0.068234 -0.252150 0.083738 0
-0.637664 0.009896 -0.074183 2
0.138456 -0.503727 0.162243 0
0.396003 0.274231 -0.218853 1
-0.495348 0.006250 -0.145405 2
0.250400 0.224931 -0.165311 1
-0.017935 0.008842 -0.028373 1
0.623360 0.259650 -0.130122 1
0.599373 0.262208 -0.049332 1
0.114202 -0.321762 0.077265 0
-0.144683 0.007903 0.012552 2
0.555642 0.301193 -0.104910 1
-0.006145 0.011344 0.042485 1
-0.484120 0.064242 0.027309 2
-0.552946 -0.043781 -0.138742 2
-0.220001 0.056970 0.007228 2
0.789382 0.068453 -0.099782 1
0.157826 -0.553594 0.155906 0
0.105997 0.137837 0.037665 1
0.081176 -0.243451 0.030047 0
0.414648 0.276231 -0.128901 1
0.028049 -0.104507 0.001445 0
0.111735 0.159401 -0.019104 1
0.361794 0.290430 0.028648 1
0.186635 -0.670388 0.203209 0
-0.754891 -0.114597 -0.065382 2
0.694437 0.229830 -0.153200 1
0.575812 0.218891 0.062586 1
0.209822 -0.853594 0.259721 0
0.424693 0.275166 0.094824 1
0.051963 -0.173269 0.057168 0
0.483453 0.278610 -0.049983 1
0.260690 0.231772 -0.051549 1
0.136656 0.202588 -0.110195 1
0.747469 0.155130 -0.030553 1
-0.015443 -0.106061 0.034665 0
-0.396398 0.083322 0.012641 2
-0.660055 0.048351 0.068266 2
-0.612919 -0.051199 -0.125140 2
0.061102 -0.300070 0.048167 0
-0.099687 0.016822 0.017452 2
0.331279 0.235012 0.086533 1
0.040903 -0.222575 0.026319 0
-0.641239 0.045893 -0.019549 2
-0.700554 0.028567 -0.009580 2
-0.539499 -0.001510 -0.127244 2
0.266825 0.269515 -0.126446 1
0.533371 0.278525 -0.026350 1
0.157706 0.173045 -0.020147 1
-0.337019 0.055134 0.084663 2
0.292993 0.250062 -0.099618 1
0.223128 -0.756917 0.219311 0
0.507249 0.263551 -0.177682 1
-0.208735 0.038874 0.096927 2
0.656428 0.225491 0.000969 1
-0.802918 -0.085850 -0.018340 2
0.580146 0.294973 -0.068801 1
-0.674755 -0.066207 -0.098617 2
0.002852 -0.153571 0.044770 0
0.030238 0.060822 -0.019919 1
0.740735 0.081719 -0.120478 1
-0.774299 -0.011222 -0.001355 2
0.260753 0.214776 0.086387 1
0.192005 -0.604145 0.158572 0
0.778379 0.125938 -0.058848 1
0.211544 0.245639 -0.097068 1
0.319769 0.281286 -0.146712 1
-0.500368 0.051233 -0.090533 2
0.084473 0.139224 -0.098315 1
0.372506 0.296636 -0.039092 1
0.174502 0.215962 -0.058932 1
-0.127805 -0.019897 -0.053411 2
0.248388 0.240207 0.028048 1
-0.306927 0.055632 -0.124042 2
0.463643 0.257071 -0.195515 1
-0.736385 -0.033115 -0.040639 2
0.160782 -0.425855 0.128174 0
0.070856 -0.293495 0.094012 0
0.087559 0.110156 -0.029782 1
0.194230 -0.825450 0.235934 0
-0.268654 0.060970 -0.144335 2
0.047558 0.087880 0.058728 1
-0.416587 0.074947 0.091791 2
0.078448 -0.337674 0.045982 0
0.304218 0.263994 0.038558 1
0.710000 0.213317 -0.080125 1
-0.391632 0.079775 -0.058674 2
0.596338 0.254413 -0.166204 1
0.552250 0.294766 0.010342 1
0.147893 0.186378 0.068323 1
-0.825640 -0.057305 0.019862 2
-0.389822 0.019971 0.112256 2
-0.327452 0.079534 -0.091285 2
0.022111 -0.081792 0.032868 0
0.258366 -0.783170 0.232701 0
0.481362 0.313678 -0.146640 1
0.105584 0.180713 -0.143929 1
-0.701358 -0.009727 -0.030921 2
0.364559 0.275172 -0.184876 1
-0.076863 -0.007324 -0.010861 2
0.494356 0.284955 0.008868 1
0.134951 -0.485537 0.126691 0
0.426292 0.283994 -0.087134 1
-0.570788 0.071747 -0.002165 2
0.109936 -0.449903 0.080413 0
-0.016963 -0.011287 0.004791 1
0.782031 0.124923 -0.101342 1
-0.439430 0.056227 -0.109370 2
-0.377118 0.047874 -0.156242 2
0.322190 0.281246 -0.040205 1
0.075295 0.127954 0.098059 1
-0.668283 -0.013427 -0.077202 2
-0.462049 0.072386 -0.039544 2
0.736508 0.185165 -0.088734 1
-0.804428 -0.193033 -0.018325 2
-0.058342 -0.063276 -0.009278 0
0.444552 0.309171 0.007933 1
0.520988 0.288252 -0.115250 1
-0.463862 0.039904 0.106740 2
0.028926 0.006579 -0.003860 1
0.024284 0.095332 -0.077656 1
0.288492 0.269842 -0.001138 1
-0.190152 0.030449 -0.051032 2
0.654562 0.172757 0.020433 1
-0.436599 0.027062 -0.138299 2
-0.698916 0.026493 0.030777 2
0.394640 0.269800 0.036438 1
-0.550427 0.049011 -0.067663 2
-0.473601 -0.029446 -0.156149 2
0.195217 0.190663 0.064175 1
-0.280303 0.079666 -0.060324 2
0.608949 0.230648 0.043901 1
0.552375 0.258178 0.063342 1
0.423968 0.307336 -0.037429 1
0.216490 -0.640239 0.185046 0
0.352269 0.294946 -0.082496 1
0.132993 -0.352970 0.108514 0
-0.837313 -0.154487 0.065101 2
-0.157715 0.001901 -0.021937 2
-0.571100 0.059016 0.076889 2
0.116611 0.157287 0.113026 1
0.627968 0.275588 -0.164781 1
0.028449 0.038555 0.043474 1
-0.028080 -0.097732 -0.000343 0
0.183448 -0.524848 0.125602 0
-0.625006 0.017770 -0.040143 2
0.481269 0.283795 -0.219775 1
0.247518 0.232603 -0.108133 1
-0.682141 -0.133192 -0.091546 2
0.140591 -0.393335 0.080536 0
0.204556 -0.899987 0.250396 0
-0.569464 0.009557 -0.089862 2
-0.453059 0.064462 0.052911 2
0.055504 0.130728 -0.071559 1
-0.522273 0.066225 -0.029729 2
-0.389494 0.073808 -0.095923 2
-0.524411 0.032124 0.088819 2
0.523234 0.299539 -0.181508 1
0.001425 0.038240 -0.039836 1
0.166527 -0.640058 0.200205 0
-0.464832 0.049171 -0.077401 2
0.585282 0.279903 0.006504 1
-0.613190 0.003935 0.087055 2
0.032716 -0.240251 0.057329 0
0.069328 0.108369 0.024813 1
-0.191625 0.036773 0.027047 2
-0.615434 -0.007562 -0.096702 2
0.206137 0.195490 0.017329 1
0.496495 0.306093 -0.069434 1
-0.768442 0.017391 0.057009 2
-0.335942 0.078415 0.009411 2
-0.136946 0.031233 -0.019854 2
0.464985 0.311677 -0.031055 1
0.169641 -0.486458 0.152032 0
0.695531 0.238818 -0.116003 1
-0.292790 0.051455 -0.021968 2
-0.860988 -0.180254 0.029021 2
-0.813862 -0.028666 0.045137 2
-0.767295 -0.143843 -0.038091 2
0.244925 0.232307 -0.203951 1
-0.675507 0.016532 0.064442 2
0.665322 0.245962 -0.191437 1
0.474687 0.235563 0.094912 1
-0.845955 -0.085907 0.038416 2
0.400555 0.308816 -0.124655 1
0.689130 0.187227 -0.173274 1
0.649867 0.237979 -0.031702 1
0.539584 0.304981 -0.048870 1
0.237570 -0.820436 0.206649 0
0.351935 0.294398 -0.009591 1
-0.508768 0.015985 -0.114292 2
-0.593839 0.046306 0.046765 2
-0.000162 -0.052467 0.036947 1
-0.499249 0.076223 0.057054 2
0.739793 0.184819 -0.136612 1
-0.538048 0.059974 0.038684 2
0.084306 -0.357147 0.074601 0
-0.176527 0.025920 -0.088899 2
0.122305 0.159988 -0.054885 1
0.141986 -0.465501 0.098711 0
0.449464 0.289342 0.074719 1
-0.337251 0.035059 -0.155471 2
0.228191 -0.737648 0.277515 0
0.341293 0.256153 -0.006147 1
0.176467 0.178015 0.008758 1
0.568784 0.275215 -0.138970 1
-0.594411 0.040824 -0.018934 2
0.263023 0.216023 0.048102 1
-0.493667 0.075975 -0.008220 2
0.508601 0.284633 0.066690 1
0.159518 -0.561468 0.192034 0
0.319536 0.251982 -0.128691 1
0.153362 0.181724 -0.134200 1
0.084694 -0.472833 0.076053 0
0.350292 0.263496 0.084586 1
0.332474 0.262016 -0.089186 1
0.031789 -0.058913 0.009233 1
0.700578 0.203909 -0.020529 1
0.410164 0.300985 0.039032 1
0.060130 -0.192353 0.029949 0
0.205589 -0.775976 0.241640 0
0.207726 -0.742586 0.248342 0
0.206581 0.223301 -0.017651 1
-0.187090 0.044034 0.065743 2
0.204319 -0.863374 0.213720 0
0.434588 0.266740 -0.164849 1
0.422519 0.278267 0.011616 1
0.158474 0.170108 0.038519 1
0.101285 0.134375 0.074525 1
0.490531 0.281276 -0.147266 1
0.053695 0.136505 -0.121249 1
0.629121 0.274889 -0.098088 1
0.553033 0.273095 -0.059152 1
0.188654 -0.582113 0.193050 0
0.030709 -0.135878 0.019508 0
0.054754 0.092468 -0.005018 1
-0.320005 0.022820 0.123619 2
-0.128799 0.033712 0.027036 2
-0.371836 0.061258 0.000680 2
-0.773072 -0.093733 -0.036391 2
0.790746 0.096088 -0.078082 1
0.687259 0.158852 0.012512 1
-0.097434 -0.027669 -0.027419 2
-0.403846 0.003742 -0.172235 2
0.718009 0.177506 -0.010365 1
0.321142 0.266876 -0.176597 1
-0.434778 0.084671 0.019907 2
-0.787195 -0.010621 0.069695 2
0.183084 0.228669 -0.122695 1
0.171974 0.207004 -0.177098 1
0.354100 0.295948 -0.126777 1
-0.235755 0.044942 -0.019334 2
0.104108 -0.373216 0.111416 0
0.180176 -0.611524 0.212207 0
0.380697 0.259172 -0.155074 1
0.208256 -0.738232 0.196763 0
0.233029 -0.691554 0.211675 0
-0.278808 0.049693 0.077594 2
-0.802699 -0.154609 -0.038782 2
-0.217948 0.031349 -0.117508 2
0.148086 0.167545 0.095076 1
0.018781 0.083646 -0.044061 1
-0.762087 -0.038265 -0.021157 2
0.258191 0.256260 -0.160765 1
0.005917 0.058140 0.026986 1
0.551067 0.265356 -0.197568 1
-0.725658 0.012514 0.057912 2
-0.321567 0.075775 0.039055 2
0.264322 0.222031 -0.020877 1
-0.640860 0.060990 0.015942 2
0.233765 -0.884930 0.230362 0
-0.653408 -0.113666 -0.109686 2
0.451337 0.278220 -0.052698 1
-0.028412 -0.077454 0.027467 0
-0.642455 -0.067105 -0.115789 2
0.570946 0.294371 -0.176139 1
0.604987 0.290555 -0.121259 1
0.051028 0.106930 0.085388 1
-0.289750 0.072042 0.029370 2
0.106410 -0.310147 0.048465 0
-0.415888 0.053775 -0.084186 2
0.452768 0.305281 -0.167125 1
-0.442646 0.056595 0.082098 2
-0.749799 0.000839 0.019007 2
0.555618 0.306455 -0.137537 1
0.135164 -0.416570 0.144787 0
-0.396306 0.063648 0.068773 2
0.161367 0.191639 -0.079564 1
0.407024 0.265107 0.068601 1
0.658120 0.262119 -0.106784 1
0.451990 0.259408 0.086462 1
0.406627 0.233981 0.106535 1
0.275425 0.264454 -0.039937 1
-0.029554 -0.132004 0.023350 0
0.630064 0.246317 -0.205565 1
-0.508021 0.058332 0.095244 2
-0.640866 0.023494 0.065085 2
-0.127812 0.011030 -0.059702 2
0.150445 -0.525077 0.142378 0
0.743338 0.129303 -0.005687 1
0.304106 0.231523 0.045779 1
-0.071216 -0.037511 0.015858 0
0.644355 0.241600 -0.146408 1
0.220540 0.194179 0.113603 1
-0.421801 0.079415 -0.011276 2
-0.709620 -0.114743 -0.091937 2
0.219601 0.222253 0.027435 1
0.750062 0.112453 -0.142404 1
0.170118 -0.583062 0.166436 0
0.775147 0.046549 -0.082461 1
0.209453 -0.802037 0.258615 0
0.748534 0.135257 -0.056799 1
0.522595 0.303369 0.018024 1
-0.142756 0.029310 0.067916 2
-0.250980 0.075470 -0.049212 2
0.012826 -0.163509 0.010779 0
-0.269954 0.048559 0.107501 2
-0.327826 0.051961 0.115655 2
0.380958 0.273638 -0.070422 1
0.041714 -0.202621 0.055519 0
0.292738 0.254178 -0.176962 1
-0.835274 -0.115057 0.036555 2
0.654114 0.215148 -0.185614 1
-0.303745 0.066027 0.091823 2
-0.312519 0.074891 -0.017222 2
-0.466092 0.019362 -0.144777 2
0.611711 0.258917 -0.077555 1
-0.318885 0.059949 -0.154858 2
0.232976 0.212833 -0.030227 1
0.034818 -0.272051 0.063674 0
-0.583495 0.020279 0.084527 2
0.392518 0.289890 -0.175842 1
-0.682445 -0.097878 -0.088285 2
0.322983 0.249074 0.019181 1
0.467593 0.288691 -0.088927 1
-0.525885 0.043076 -0.049653 2
0.237029 -0.807732 0.270964 0
0.322008 0.261112 0.072830 1
0.307837 0.253336 -0.203728 1
0.228639 0.227805 -0.078824 1
0.090613 0.097492 0.094025 1
0.200754 -0.930419 0.223046 0
-0.774884 -0.066172 -0.020646 2
0.101776 0.153911 0.010021 1
-0.366543 0.054968 -0.108180 2
0.057742 0.074363 0.022760 1
-0.334018 0.056164 -0.029683 2
0.125425 -0.455446 0.124608 0
-0.722251 -0.056470 -0.066084 2
-0.746051 -0.163173 -0.060878 2
-0.200622 0.036226 -0.017867 2
0.483449 0.312141 0.000687 1
0.669514 0.253230 -0.060239 1
0.216599 0.221952 -0.115340 1
-0.271637 0.021355 -0.148854 2
0.103195 0.152688 -0.128688 1
-0.433611 0.058425 -0.042663 2
0.187716 -0.699069 0.212745 0
-0.670946 0.022613 -0.010264 2
0.066236 -0.271783 0.038929 0
0.322236 0.284906 -0.070156 1
0.163441 -0.532205 0.185854 0
0.220151 -0.693603 0.247820 0
0.599835 0.278345 -0.019853 1
0.628372 0.269932 -0.038057 1
0.452902 0.282493 0.019069 1
-0.390985 0.066500 0.036988 2
-0.584221 -0.051423 -0.134107 2
0.217293 0.229241 -0.165075 1
0.114670 -0.397958 0.124737 0
-0.391762 0.049606 0.116591 2
0.236474 -0.914752 0.231975 0
-0.669795 0.031952 0.039382 2
0.324352 0.257130 -0.057854 1
-0.093382 0.003130 -0.041543 2
0.157889 -0.506110 0.116614 0
-0.007541 -0.021671 0.033516 1
0.018833 0.011373 0.026087 1
0.616082 0.244701 0.018548 1
0.169084 -0.552558 0.125169 0
0.275162 0.274318 -0.097897 1
0.485312 0.281018 0.048511 1
0.173980 0.175508 0.117130 1
-0.247833 0.047108 0.058099 2
0.156148 -0.454617 0.122475 0
0.449073 0.304137 0.046632 1
-0.264327 0.047809 0.000302 2
-0.374495 0.059058 -0.030838 2
0.043608 0.059460 0.077164 1
-0.231243 0.040726 -0.090519 2
0.750264 0.132515 -0.112829 1
0.135245 0.152839 -0.002372 1
0.335725 0.277263 0.038074 1
-0.540921 0.054836 -0.001642 2
-0.828781 -0.155083 0.017259 2
0.534989 0.306011 -0.010762 1
-0.556272 0.040498 0.094394 2
0.158040 0.213859 -0.127428 1
0.124036 0.186704 -0.078337 1
-0.570501 0.026588 -0.065891 2
0.243056 0.228188 0.067108 1
0.250722 0.212894 0.114444 1
0.288960 0.270421 -0.146489 1
-0.260949 0.051432 -0.098342 2
0.205609 -0.669266 0.172039 0
0.741377 0.165037 -0.057427 1
-0.820571 -0.116705 -0.020768 2
-0.624849 0.057880 0.064552 2
0.190676 -0.542696 0.183897 0
-0.216427 0.041212 -0.057993 2
0.367882 0.255920 0.059697 1
0.031860 -0.154053 0.048178 0
0.247954 -0.741605 0.220552 0
0.192456 0.231389 -0.080237 1
0.233244 -0.854792 0.242391 0
0.059322 0.123944 -0.043463 1
0.275500 0.250881 0.037553 1
0.103064 0.107143 0.008496 1
0.089413 -0.323166 0.094132 0
0.076929 0.136448 0.038126 1
0.746064 0.155700 -0.157514 1
0.790518 0.098014 -0.108396 1
0.124515 0.173148 0.050355 1
-0.790223 -0.027452 0.018828 2
0.772383 0.097142 -0.049338 1
0.205464 -0.679397 0.224552 0
0.392909 0.298880 -0.059574 1
-0.337160 0.057098 -0.106832 2
-0.347495 0.074811 0.066167 2
-0.598301 0.069501 0.027241 2
-0.365808 0.082465 0.019461 2
-0.444540 0.063112 0.110249 2
0.502130 0.282537 -0.021515 1
0.518659 0.306505 -0.092955 1
0.207566 -0.630781 0.210873 0
0.235133 0.256910 -0.117685 1
0.382970 0.218513 0.112474 1
0.102619 -0.290945 0.086237 0
0.645084 0.212884 0.025257 1
-0.697120 -0.056811 -0.080797 2
0.279559 0.244938 -0.068877 1
-0.595385 0.008908 -0.077336 2
0.331997 0.235558 -0.171028 1
-0.727448 0.025336 0.006760 2
0.758397 0.164015 -0.107773 1
-0.466660 -0.001317 -0.164706 2
0.422248 0.307261 -0.149959 1
0.263273 0.236320 -0.137754 1
-0.726418 -0.117604 -0.066574 2
-0.222094 -0.001665 -0.126836 2
0.178169 0.193509 -0.041557 1
0.669459 0.246551 -0.160643 1
0.000329 0.036973 0.053246 1
0.233611 -0.793769 0.223445 0
0.526114 0.262125 0.073605 1
0.464454 0.269382 -0.168383 1
0.235135 -0.856105 0.272399 0
0.231688 -0.938540 0.251192 0
0.152364 -0.406146 0.104790 0
-0.328964 0.081155 -0.054149 2
0.555197 0.277180 -0.089850 1
0.027252 0.059121 0.008193 1
-0.303519 0.060339 -0.079802 2
0.467832 0.286733 -0.117775 1
-0.688035 -0.008066 -0.057805 2
0.088002 0.165623 -0.089144 1
0.263407 0.223820 0.008771 1
0.289308 0.235639 -0.009373 1
0.555809 0.233627 0.081873 1
0.106500 -0.408655 0.098016 0
0.419679 0.304223 -0.068909 1
0.767578 0.060725 -0.116550 1
-0.654189 -0.087599 -0.099514 2
0.405550 0.274417 -0.010286 1
0.755391 0.105174 -0.115660 1
0.453341 0.313571 -0.138259 1
-0.225561 0.066730 -0.067814 2
0.053691 -0.225455 0.076780 0
0.241342 0.250121 -0.059720 1
-0.087756 -0.008300 0.019389 2
-0.550702 0.046905 0.062304 2
0.060638 -0.281942 0.069293 0
0.189051 0.211391 0.000370 1
-0.114434 -0.006038 0.011686 2
-0.856918 -0.139073 0.049399 2
0.221627 -0.717395 0.210434 0
0.131625 0.176867 -0.028781 1
0.673202 0.232756 -0.135630 1
-0.487673 0.053632 -0.023470 2
0.597627 0.266609 -0.137568 1
0.376620 0.264874 -0.038949 1
0.361870 0.264399 0.019325 1
0.218172 -0.670637 0.201441 0
0.501756 0.279949 -0.199188 1
-0.365227 0.059412 0.114842 2
-0.262569 0.040732 -0.126621 2
0.344710 0.284104 -0.158079 1
0.101490 0.133993 -0.016245 1
0.699796 0.213963 -0.047724 1
0.216236 0.221950 0.067070 1
0.212965 -0.588899 0.176083 0
-0.480966 0.047239 0.086449 2
0.003601 -0.039468 0.010035 1
-0.829847 -0.164182 -0.020088 2
0.031499 -0.194545 0.018303 0
-0.029584 -0.035705 0.004955 0
-0.840122 -0.086910 0.065221 2
0.555197 0.279693 0.037108 1
0.370097 0.266388 -0.214707 1
0.399680 0.278573 -0.096268 1
0.245184 0.212869 0.026878 1
-0.377155 0.079873 0.058157 2
0.202621 0.205399 -0.040625 1
-0.581051 0.047559 -0.047928 2
0.003059 0.001422 -0.012776 1
0.001783 -0.126736 0.040604 0
0.379337 0.299006 0.009771 1
0.130802 -0.346689 0.082183 0
0.552340 0.300023 -0.072315 1
-0.650932 0.058316 0.044744 2
-0.273005 0.065273 0.056171 2
0.102342 -0.338320 0.058778 0
0.028514 -0.017388 0.009856 1
-0.233308 0.060632 0.030541 2
0.258015 0.237342 -0.083413 1
0.566606 0.255234 -0.176034 1
0.436360 0.283357 -0.114563 1
0.189366 -0.630331 0.173674 0
-0.033493 -0.055044 -0.015637 0
0.522892 0.279931 -0.158241 1
0.639022 0.250648 -0.088256 1
0.230419 0.241231 -0.022309 1
0.186906 -0.494759 0.133258 0
0.333398 0.251844 -0.031416 1
-0.234800 0.033054 0.094445 2
0.494045 0.289255 -0.099039 1
0.206446 -0.825977 0.212107 0
-0.528409 -0.021067 -0.146676 2
-0.148179 0.036559 0.008899 2
0.454069 0.312643 -0.097865 1
0.523275 0.283974 -0.001373 1
-0.054054 -0.058786 0.016647 0
0.084885 -0.246564 0.063693 0
0.114533 0.189628 -0.117424 1
0.688228 0.233764 -0.067901 1
0.124757 -0.427424 0.086887 0
-0.646627 0.004622 -0.048696 2
0.390750 0.264534 0.095237 1
0.578509 0.299218 -0.118278 1
0.519310 0.277521 -0.048857 1
-0.470693 0.079912 0.010617 2
0.001538 -0.103852 0.001362 0
0.399183 0.303320 -0.023751 1
-0.471221 0.081649 0.042506 2
-0.740201 -0.087225 -0.069157 2
-0.839789 -0.139783 -0.018294 2
0.714336 0.213448 -0.147470 1
0.642891 0.242128 -0.060620 1
-0.670154 -0.042732 -0.087460 2
0.085812 -0.292763 0.042532 0
-0.259617 0.075370 -0.077970 2
0.506990 0.235835 0.083372 1
-0.831115 -0.124236 0.010149 2
-0.074503 -0.038343 -0.020025 0
0.543512 0.282638 -0.138509 1
0.209438 -0.875637 0.241669 0
-0.697493 0.008092 0.076159 2
0.074882 0.133219 -0.024405 1
-0.389675 0.078122 -0.020972 2
0.371935 0.302049 -0.108480 1
0.126213 -0.377432 0.095704 0
0.017808 -0.221470 0.046630 0
0.029202 0.068236 0.046454 1
0.410240 0.291126 0.067520 1
0.090908 -0.387224 0.074247 0
0.198135 0.189746 0.100728 1
0.582766 0.266600 -0.069129 1
0.605731 0.241295 -0.186795 1
-0.574761 0.053337 0.018795 2
-0.192591 0.028269 -0.109364 2
-0.524634 0.010449 0.103390 2
0.298019 0.194684 0.121773 1
-0.177547 -0.000144 -0.089366 2
0.600702 0.285363 -0.083173 1
0.305430 0.277009 -0.020686 1
0.031553 0.072815 -0.088557 1
-0.275560 0.057321 -0.047830 2
0.302159 0.226631 0.076246 1
0.173855 -0.610034 0.139816 0
0.763447 0.126448 -0.080144 1
0.554774 0.278126 -0.011607 1
0.192931 0.212090 0.047103 1
-0.600023 -0.077158 -0.126613 2
0.308927 0.256290 -0.078734 1
0.591095 0.289666 -0.042286 1
0.615023 0.269760 -0.192931 1
0.082170 0.120226 -0.055191 1
0.600171 0.207076 0.050119 1
-0.291998 0.071334 -0.001873 2
0.346719 0.288436 -0.048267 1
0.163335 0.195595 -0.153538 1
-0.175171 0.047305 -0.038660 2
-0.354398 0.060733 -0.046782 2
0.185067 -0.541691 0.144940 0
0.352064 0.263301 -0.127050 1
-0.553881 0.066681 -0.021744 2
-0.512779 0.058527 -0.069294 2
0.014197 -0.105251 0.047097 0
-0.423520 0.048850 -0.135051 2
-0.172948 0.030225 0.010313 2
-0.293934 0.062995 -0.150008 2
0.235909 0.205836 0.077334 1
0.453671 0.287859 -0.197171 1
0.004889 0.058112 -0.021874 1
0.089205 -0.429653 0.096750 0
0.152564 0.186251 0.019694 1
-0.509437 0.062826 0.029911 2
-0.746158 0.027290 0.064392 2
-0.621305 0.045012 0.012576 2
0.387054 0.292223 0.045768 1
0.387963 0.272547 0.009005 1
0.233896 0.225615 -0.146000 1
0.274500 0.242121 -0.115125 1
0.508424 0.301087 0.038966 1
0.623917 0.284355 -0.136958 1
-0.117450 0.021693 0.000062 2
0.278419 0.221010 0.069357 1
-0.436920 0.017533 -0.163687 2
0.098507 0.153187 0.056347 1
0.173198 -0.611047 0.176394 0
-0.672618 -0.084145 -0.116506 2
0.377085 0.267678 -0.131552 1
0.047765 0.097835 -0.068723 1
-0.013320 -0.152850 0.022633 0
0.497468 0.309239 -0.165528 1
-0.043893 -0.110592 0.017741 0
0.346458 0.226712 0.104865 1
0.202642 -0.718896 0.241403 0
-0.482578 0.065333 -0.069776 2
-0.687446 0.049681 0.036504 2
-0.480316 0.037252 -0.096573 2
-0.331575 0.061390 -0.069523 2
0.179012 -0.570913 0.146274 0
-0.616852 0.045935 -0.029038 2
-0.406775 0.059735 -0.058504 2
-0.012528 0.010487 0.018223 1
-0.813334 -0.076811 0.009971 2
-0.303496 0.076757 -0.108891 2
-0.715359 -0.020770 -0.049273 2
0.068019 -0.222397 0.026651 0
0.116096 -0.329624 0.101891 0
0.104143 0.142631 -0.039573 1
0.167506 0.176855 0.080587 1
-0.495360 -0.011533 -0.162996 2
-0.155916 0.007455 -0.062578 2
0.570860 0.280108 -0.201261 1
-0.644493 -0.019637 -0.081472 2
0.513028 0.307437 -0.050790 1
0.270751 0.255677 0.009204 1
-0.336728 0.056083 -0.001677 2
-0.554962 0.074489 0.017921 2
0.191101 0.222548 -0.165815 1
-0.325352 0.058283 0.056333 2
-0.522274 0.036048 -0.074029 2
0.095712 0.145478 0.106663 1
0.159931 0.194245 -0.108510 1
0.409975 0.264651 -0.157378 1
0.083904 0.137502 -0.125697 1
-0.612995 -0.028640 -0.109377 2
0.406851 0.283633 -0.194964 1
0.229072 0.234498 0.008317 1
-0.285462 0.041858 -0.140772 2
0.289146 0.277039 -0.117873 1
0.532071 0.309129 -0.121743 1
-0.558048 -0.017222 -0.119422 2
-0.351257 0.071787 0.095644 2
-0.745786 -0.020102 -0.019001 2
-0.308514 0.055023 0.038857 2
0.205901 0.216030 -0.066739 1
-0.421988 0.066160 0.010312 2
0.317167 0.247747 -0.009685 1
-0.499155 0.056052 0.070828 2
-0.373537 0.060910 -0.135899 2
-0.142012 0.011331 -0.039841 2
0.218982 -0.916483 0.261101 0
0.646269 0.274620 -0.137193 1
-0.208787 0.035062 0.072848 2
-0.292625 0.076769 -0.031180 2
-0.101160 0.001590 0.037159 2
-0.194926 0.053138 -0.058436 2
0.072486 0.061457 0.008343 1
0.115122 -0.389632 0.076543 0
-0.391637 0.028195 -0.156000 2
0.122309 0.147567 0.021364 1
0.275294 0.213832 0.106529 1
-0.567915 0.048152 -0.011834 2
0.023361 0.028808 0.009819 1
0.041530 0.080689 0.088677 1
0.462717 0.278697 0.056935 1
0.213180 -0.874769 0.270979 0
-0.247265 0.063672 0.006749 2
0.235535 -0.834749 0.261091 0
-0.435717 0.077748 0.066487 2
0.009709 0.030560 -0.018513 1
-0.262955 0.070661 -0.116580 2
0.165099 -0.458855 0.100365 0
0.310055 0.240372 -0.162295 1
0.261640 0.261560 -0.065857 1
0.136525 0.159912 0.066445 1
-0.455403 0.042008 -0.098412 2
-0.406275 0.049266 0.096840 2
-0.854502 -0.162882 0.047513 2
0.439437 0.309451 -0.019214 1
0.191489 0.207184 0.085665 1
0.287554 0.240245 -0.045369 1
0.053266 -0.242635 0.030740 0
-0.370118 0.080862 -0.048154 2
-0.508080 0.058844 0.000351 2
0.105717 0.170679 -0.068491 1
0.580377 0.270566 -0.031476 1
-0.684865 0.025757 0.008985 2
-0.239011 0.034270 -0.130378 2
-0.747357 -0.134896 -0.055218 2
-0.726223 -0.008406 -0.030064 2
-0.522726 0.076275 0.046998 2
0.477489 0.280977 -0.027009 1
-0.004912 -0.078688 0.031323 0
0.548507 0.290631 -0.183263 1
-0.464303 0.056766 -0.020001 2
0.208075 -0.844437 0.232035 0
0.611945 0.280098 -0.058743 1
0.681078 0.214191 -0.011559 1
-0.610230 0.030071 0.066233 2
0.181486 -0.650499 0.184961 0
0.423948 0.311313 -0.096315 1
0.321969 0.213436 0.114340 1
-0.026098 -0.058834 0.008955 0
-0.833092 -0.122914 0.066003 2
0.022876 0.040575 0.066407 1
-0.817092 -0.201246 -0.000078 2
0.066831 0.107267 0.105860 1
-0.041806 -0.080048 0.007300 0
-0.703847 -0.145275 -0.080381 2
-0.176864 0.041145 -0.067707 2
-0.858846 -0.115537 0.036936 2
-0.373298 0.043419 0.099528 2
-0.166395 0.023782 -0.020803 2
-0.411302 0.066467 -0.103501 2
-0.848440 -0.152129 -0.000189 2
-0.350338 0.078194 -0.096618 2
0.228705 -0.722601 0.259424 0
-0.620766 0.064394 0.034781 2
-0.435763 0.067657 0.037303 2
0.181067 0.181681 0.046764 1
0.152086 -0.570543 0.140714 0
-0.687952 0.009751 -0.020072 2
-0.643786 0.038680 0.009287 2
0.057171 0.138457 -0.098138 1
-0.615157 0.011961 -0.060575 2
0.019816 0.057224 -0.040535 1
-0.200103 0.028296 -0.077122 2
0.425738 0.274846 -0.021929 1
-0.448643 0.043930 -0.126882 2
0.047053 0.107442 0.018221 1
0.001669 -0.174026 0.030492 0
0.137452 0.135050 0.118362 1
0.505187 0.258909 0.085374 1
0.244522 0.243763 -0.177561 1
0.015469 -0.123909 -0.000844 0
0.147699 -0.380070 0.104004 0
-0.214391 0.041059 0.027790 2
0.498006 0.313683 -0.126396 1
0.150902 0.162085 0.011999 1
-0.331491 0.079170 -0.030890 2
0.227453 -0.787189 0.252231 0
0.170924 -0.467048 0.135267 0
0.051848 -0.256485 0.061649 0
0.189231 -0.659681 0.230170 0
0.023773 -0.175736 0.048323 0
-0.524414 -0.056249 -0.143306 2
0.156518 0.212777 -0.087595 1
-0.627847 0.039249 0.080536 2
0.568231 0.278349 -0.108871 1
0.427143 0.252232 0.094277 1
0.091921 0.170735 -0.119792 1
-0.550854 0.002063 -0.107490 2
0.205179 -0.805230 0.234162 0
0.769636 0.145198 -0.100611 1
-0.569527 0.034935 0.073550 2
-0.330027 0.057724 0.027532 2
-0.117229 0.016070 -0.039890 2
-0.144470 0.011087 0.035329 2
0.146778 -0.432881 0.110971 0
0.214951 -0.824663 0.260037 0
0.035746 0.112439 -0.088692 1
0.160650 -0.514075 0.172116 0
0.171705 -0.551911 0.174933 0
0.135255 -0.437236 0.154644 0
-0.766781 -0.118492 -0.046227 2
0.696749 0.206021 -0.162687 1
0.164403 0.194880 -0.021122 1
0.765735 0.134544 -0.041801 1
0.035776 -0.109155 0.022413 0
0.112483 -0.464210 0.098011 0
0.120573 0.147417 0.055722 1
0.727953 0.194262 -0.069646 1
0.627834 0.227379 0.028796 1
0.495787 0.308291 0.019478 1
0.200365 -0.590756 0.210971 0
0.479460 0.291578 0.067851 1
-0.570802 0.052055 0.047928 2
-0.288971 0.056131 -0.107005 2
0.129605 -0.504784 0.137613 0
-0.099587 -0.005745 -0.005547 2
-0.189172 0.049875 0.008618 2
0.655201 0.263901 -0.157074 1
0.691277 0.225882 -0.097803 1
0.122480 0.162562 -0.135541 1
0.498531 0.284038 -0.074446 1
-0.214633 0.060490 -0.017282 2
0.158204 0.202523 -0.050623 1
0.669982 0.239479 -0.114196 1
-0.245214 0.052321 -0.038587 2
0.146205 -0.484850 0.146370 0
0.199233 -0.524248 0.147825 0
0.207087 0.215868 -0.148315 1
-0.303316 0.080760 -0.070009 2
0.338417 0.272262 0.059958 1
0.102450 0.129640 0.006411 1
0.731445 0.156641 -0.011761 1
-0.686891 -0.027403 -0.076018 2
0.772098 0.127577 -0.128437 1
0.727268 0.175517 -0.156520 1
-0.789579 -0.134394 -0.029482 2
0.241826 -0.759782 0.232415 0
0.085246 -0.271698 0.076427 0
0.639516 0.242453 -0.003845 1
0.598687 0.261942 0.008783 1
-0.385371 0.060751 -0.068964 2
0.033065 0.087929 -0.008996 1
0.132000 0.197590 -0.136291 1
-0.404765 0.048258 -0.147475 2
-0.644345 0.019063 -0.028737 2
-0.541148 0.060283 -0.040407 2
-0.569950 -0.036276 -0.120259 2
0.726461 0.165212 -0.038471 1
0.050065 -0.301739 0.068456 0
0.084595 -0.263131 0.048539 0
-0.600478 0.026217 -0.041309 2
-0.832841 -0.066504 0.039018 2
0.424685 0.254702 -0.185176 1
0.195359 -0.717646 0.202764 0
-0.279126 0.051672 0.018530 2
0.147188 -0.485997 0.106179 0
-0.324231 0.074667 -0.117163 2
-0.441247 0.051513 -0.077488 2
-0.511116 0.028159 -0.095627 2
-0.712100 0.042852 0.038562 2
0.665170 0.231301 -0.058745 1
-0.365437 0.059486 0.077954 2
-0.550430 -0.065681 -0.134776 2
0.200094 -0.748376 0.221501 0
0.003658 -0.008403 0.019373 1
-0.410933 0.074065 -0.075198 2
0.180905 -0.630842 0.152845 0
0.485453 0.271761 -0.175770 1
0.183589 -0.671542 0.177629 0
-0.312660 0.054433 0.074338 2
-0.800036 -0.107920 -0.021736 2
0.181112 0.203814 -0.119339 1
-0.220046 0.050982 -0.106907 2
0.186277 -0.640397 0.210636 0
0.090529 -0.351299 0.097296 0
-0.333123 0.049058 -0.138569 2
0.263138 0.237062 0.055587 1
-0.016634 -0.119449 0.005030 0
-0.068751 -0.018624 -0.028744 0
0.057532 0.114537 -0.000135 1
0.655068 0.231666 -0.168908 1
0.421565 0.307505 0.018067 1
-0.720379 0.020555 0.029834 2
-0.418564 0.063369 0.069058 2
0.740706 0.187132 -0.110507 1
-0.158028 0.029774 0.028022 2
0.212467 -0.772202 0.207171 0
0.043232 0.058373 0.028011 1
-0.060245 -0.019424 0.009075 0
0.551732 0.302304 -0.030481 1
-0.474264 0.054793 -0.050089 2
0.343850 0.287831 0.015875 1
0.335152 0.290579 -0.116588 1
-0.279981 0.023970 0.109543 2
0.377937 0.300751 -0.012270 1
-0.449254 0.067360 0.019027 2
-0.407768 0.078201 -0.043579 2
0.079081 0.114792 -0.009419 1
0.132219 0.179310 -0.104262 1
-0.695023 0.021121 0.055077 2
0.435858 0.277523 -0.136128 1
0.397822 0.268258 -0.030077 1
0.070331 -0.309480 0.078737 0
-0.217234 0.041990 -0.031203 2
0.571632 0.248183 0.059324 1
0.083711 0.121552 0.078187 1
0.072262 0.155001 -0.107685 1
0.597036 0.281914 -0.175255 1
-0.508133 0.049389 -0.031208 2
0.635823 0.268445 -0.184089 1
0.112579 -0.301261 0.067657 0
-0.541198 -0.027590 -0.129084 2
0.475018 0.308891 -0.084330 1
-0.697757 -0.077499 -0.088263 2
-0.749657 -0.054150 -0.031874 2
-0.364549 0.080668 -0.070746 2
-0.837718 -0.143573 0.035885 2
0.663626 0.204219 0.017231 1
0.181448 -0.710988 0.233199 0
0.658929 0.259744 -0.078345 1
-0.436665 0.075471 -0.029176 2
0.765461 0.148895 -0.059820 1
-0.294756 0.072904 -0.129942 2
0.609194 0.258816 -0.023340 1
0.156586 0.184822 0.105554 1
0.032834 0.078200 -0.059958 1
-0.808916 -0.038721 0.016988 2
0.276122 0.233677 -0.163471 1
0.068179 0.146140 -0.080842 1
0.568999 0.296251 -0.087583 1
-0.248554 0.069450 -0.098489 2
-0.234866 0.067047 -0.022373 2
0.742740 0.155594 -0.135650 1
-0.590464 0.065552 -0.010280 2
-0.508126 -0.009924 -0.138135 2
0.371846 0.295668 -0.064432 1
0.178269 0.203983 0.067727 1
-0.616262 -0.067802 -0.111362 2
0.320897 0.238971 0.105315 1
-0.248816 0.043310 0.108858 2
0.428478 0.288173 -0.206310 1
-0.161647 0.040101 0.067020 2
-0.755914 0.002332 0.047503 2
0.134175 0.156731 0.037150 1
0.025776 0.043382 -0.006774 1
-0.683127 0.046122 0.065872 2
0.305109 0.242596 0.008610 1
-0.307469 0.074782 0.017066 2
-0.814009 -0.037143 0.065158 2
-0.600403 0.058628 0.067888 2
0.142994 0.178830 -0.071197 1
0.320186 0.256967 -0.107550 1
-0.712879 0.008955 -0.008898 2
0.234848 0.244731 -0.156239 1
-0.006847 0.030901 0.024207 1
0.180627 0.227746 -0.098050 1
0.522529 0.261599 -0.192944 1
0.573489 0.265127 -0.158022 1
-0.182031 0.036861 0.085547 2
0.227483 -0.747380 0.255820 0
-0.470824 0.020118 0.112142 2
0.584654 0.242961 -0.191446 1
0.683693 0.225754 -0.174682 1
-0.596317 0.049909 0.008761 2
-0.654571 -0.056945 -0.099138 2
0.156668 0.191932 0.046860 1
-0.814022 -0.095916 -0.001257 2
-0.307120 0.079915 -0.048119 2
0.205489 -0.611162 0.173881 0
-0.318938 0.037986 0.098991 2
-0.410616 0.063789 0.112168 2
-0.353546 0.049043 -0.156556 2
0.653769 0.244999 -0.127396 1
0.721697 0.200643 -0.092904 1
-0.008038 0.019585 -0.010010 1
-0.070398 -0.070378 0.008970 0
0.138076 0.175921 0.000361 1
-0.132271 0.010339 -0.011674 2
-0.172829 0.020022 -0.058135 2
-0.804361 -0.175203 -0.030202 2
0.010628 -0.065858 0.019835 0
0.504201 0.283151 0.027759 1
0.570862 0.298008 -0.049786 1
-0.293179 0.054594 0.056009 2
0.063662 -0.319934 0.055519 0
0.516369 0.286197 -0.135975 1
-0.846290 -0.175073 0.074520 2
0.114062 0.145045 0.095750 1
-0.297073 0.052674 0.107500 2
-0.092961 0.007759 -0.020753 2
0.245277 0.259136 -0.136282 1
0.080426 0.129193 -0.074419 1
0.757357 0.090863 -0.134235 1
0.208302 -0.911793 0.233108 0
0.129773 -0.435958 0.131912 0
0.247301 -0.870169 0.238168 0
0.087879 0.145606 0.086602 1
-0.556274 0.067244 0.059671 2
0.017728 -0.097588 0.018683 0
-0.814233 -0.161331 0.001544 2
-0.498992 0.039298 0.097968 2
0.493741 0.287524 -0.127224 1
0.690149 0.245458 -0.136814 1
-0.623701 -0.047864 -0.107184 2
0.323068 0.239323 0.051141 1
0.082361 0.141226 0.063080 1
0.083997 -0.231939 0.047614 0
0.784979 0.069611 -0.079090 1
0.131639 -0.468333 0.140214 0
0.281561 0.224028 0.041745 1
0.613049 0.256206 -0.148286 1
0.157793 -0.533880 0.163527 0
-0.464130 0.077089 -0.009268 2
0.064418 -0.231698 0.058455 0
-0.770001 -0.155344 -0.055598 2
-0.133711 0.036984 0.047291 2
-0.037323 -0.008899 -0.000161 1
0.298502 0.269339 0.017408 1
0.625665 0.251217 -0.047373 1
-0.151016 0.036978 -0.034462 2
0.023734 -0.036831 0.016443 1
-0.452852 0.055588 -0.060393 2
-0.800909 -0.066530 -0.010211 2
0.105335 0.163523 -0.041860 1
0.054724 -0.172956 0.036085 0
0.228713 -0.903219 0.247984 0
-0.668275 -0.000864 -0.057518 2
0.350972 0.242293 0.086999 1
0.002505 -0.019277 0.001444 1
0.348932 0.245888 0.066264 1
0.785723 0.116451 -0.078877 1
-0.392487 0.064745 -0.114605 2
0.054886 0.070824 0.001816 1
0.569860 0.301976 -0.156620 1
-0.622816 0.037222 -0.010917 2
-0.349163 0.081277 -0.048276 2
0.230278 -0.835867 0.232383 0
0.702319 0.179456 0.003352 1
0.511944 0.310269 -0.000159 1
0.337553 0.288698 -0.028107 1
-0.734480 -0.067005 -0.051525 2
-0.729181 0.035291 0.055162 2
-0.859164 -0.153877 0.065794 2
0.200063 0.238669 -0.115719 1
0.261841 0.246722 -0.188871 1
0.255882 0.257093 -0.039275 1
0.195087 -0.757918 0.241268 0
-0.756965 -0.001910 -0.008379 2
0.474449 0.309030 -0.049491 1
-0.472435 0.064277 0.063384 2
0.753738 0.136369 -0.155613 1
0.211290 0.239678 -0.076731 1
0.044883 0.105664 0.048175 1
0.532592 0.283821 -0.097346 1
0.187155 -0.563300 0.184219 0
0.228848 0.224758 0.045926 1
0.449735 0.309344 -0.045029 1
-0.477467 0.019567 -0.127349 2
-0.493060 0.080074 0.037429 2
0.524681 0.303878 -0.067654 1
0.067828 0.107837 0.049176 1
0.362876 0.268555 -0.087385 1
-0.454124 0.063284 -0.088769 2
0.188805 0.183797 0.027604 1
0.018258 0.075120 0.029363 1
0.644699 0.186770 0.036152 1
0.201840 0.215890 -0.098050 1
0.598863 0.250932 0.028266 1
0.468756 0.284078 -0.068753 1
-0.584681 -0.001988 -0.097896 2
-0.816773 -0.047006 0.035991 2
0.134102 -0.446377 0.099023 0
0.205732 0.193019 0.037842 1
-0.783655 -0.135670 -0.050007 2
0.570497 0.269654 0.016659 1
0.047610 0.105986 -0.019807 1
0.217896 0.202240 -0.020980 1
0.129902 0.174616 0.088408 1
-0.260878 0.040952 0.090232 2
0.394700 0.300137 0.023425 1
-0.160191 0.008288 -0.000971 2
0.178109 -0.512413 0.145123 0
0.205595 -0.700069 0.233636 0
-0.480334 0.058814 0.103437 2
-0.530552 0.017705 -0.112722 2
0.385274 0.278819 -0.191584 1
-0.391828 0.059892 -0.011719 2
-0.576991 0.041015 0.091710 2
0.193233 -0.690135 0.187476 0
0.364836 0.249539 -0.165182 1
-0.522361 0.055576 0.062657 2
0.148904 0.204639 -0.069710 1
0.551091 0.302569 -0.166784 1
0.234349 0.204430 0.097736 1
0.215113 -0.649794 0.212213 0
-0.255967 0.048150 -0.020376 2
0.227894 -0.690064 0.191899 0
0.281196 0.231014 -0.028228 1
0.464772 0.281836 -0.002311 1
-0.817990 -0.144517 -0.029691 2
0.277966 0.232257 0.086425 1
0.087398 -0.405344 0.104506 0
0.339519 0.270419 -0.184799 1
-0.497848 0.039238 -0.106882 2
0.209854 -0.661505 0.233328 0
0.180753 0.158755 0.126569 1
0.571660 0.263393 -0.212901 1
0.134109 -0.407088 0.095778 0
0.216609 0.199563 0.079195 1
-0.113348 -0.009935 -0.043109 2
0.099169 0.141259 -0.084393 1
-0.793652 -0.151111 -0.018625 2
0.075341 0.097255 -0.019887 1
0.441839 0.280182 -0.001427 1
-0.496481 0.067967 -0.039995 2
0.074189 -0.341278 0.084949 0
-0.223323 0.054273 0.071076 2
0.438296 0.281505 -0.067923 1
0.235029 0.222033 -0.048217 1
0.407193 0.249140 0.092073 1
0.414205 0.274737 0.034225 1
-0.215443 0.039537 -0.002119 2
-0.546774 0.025542 -0.079642 2
0.230114 0.255858 -0.098075 1
0.307071 0.250030 -0.049996 1
-0.855416 -0.164965 0.016939 2
0.666787 0.203138 -0.175341 1
-0.305723 0.046359 -0.142012 2
0.090519 -0.319507 0.056838 0
0.749837 0.116614 -0.099900 1
0.193806 -0.582116 0.163298 0
-0.447391 0.032874 0.116146 2
0.170211 0.198711 -0.002131 1
0.292940 0.279221 -0.089595 1
-0.482722 0.060088 -0.002165 2
0.148277 0.175025 -0.047721 1
0.585783 0.299069 -0.137134 1
-0.493128 0.079892 0.017230 2
0.751980 0.117565 -0.066094 1
0.751679 0.133353 -0.023625 1
-0.657238 0.029636 0.075259 2
-0.769530 -0.034096 -0.002873 2
-0.759565 -0.096764 -0.057218 2
0.063822 0.117187 -0.113665 1
-0.550662 0.037308 -0.049378 2
0.071777 -0.205311 0.040047 0
0.202504 0.216097 -0.128476 1
0.105182 -0.310803 0.092141 0
0.665615 0.237116 -0.019243 1
0.222614 0.202171 0.026699 1
0.290378 0.245976 -0.126820 1
0.592091 0.232202 0.054723 1
-0.463480 0.068403 0.098201 2
-0.569210 0.058121 -0.031414 2
0.183032 0.205976 0.018688 1
0.761471 0.079748 -0.117823 1
0.089309 0.165664 -0.147361 1
-0.674615 -0.116431 -0.102800 2
-0.273121 0.070652 0.016486 2
0.187467 -0.602446 0.195937 0
-0.585809 0.065151 0.049798 2
0.716004 0.205999 -0.058722 1
0.656514 0.253870 -0.041842 1
-0.193744 0.054562 -0.021828 2
0.641685 0.259552 -0.023334 1
0.531210 0.282816 0.017673 1
-0.080079 -0.048927 -0.004025 0
0.011188 0.030399 0.037601 1
0.247333 0.207139 0.056664 1
0.043274 0.089968 -0.100503 1
-0.344331 0.073730 -0.115201 2
0.351860 0.257412 -0.023015 1
-0.390037 0.053974 -0.097916 2
0.377821 0.301734 -0.127527 1
0.531013 0.271992 -0.178216 1
-0.723738 0.006735 0.076857 2
0.234602 0.253638 -0.078657 1
0.537972 0.302817 -0.089929 1
0.528682 0.286714 -0.195731 1
-0.031169 -0.095340 0.019150 0
0.093458 -0.463037 0.092365 0
-0.632867 -0.004655 -0.087409 2
0.106704 0.148601 -0.109565 1
-0.586788 0.026799 -0.077869 2
0.049780 -0.281729 0.043883 0
-0.701258 0.042631 0.019452 2
0.672005 0.226625 -0.154472 1
0.749897 0.170320 -0.090994 1
0.133616 -0.503155 0.117679 0
-0.635412 0.034654 -0.037123 2
0.510854 0.279201 0.047307 1
0.114828 0.187479 -0.097742 1
0.005878 0.018049 0.008156 1
0.041694 0.080601 -0.029898 1
0.638060 0.254232 -0.118083 1
0.216557 -0.883202 0.212121 0
0.129874 0.156598 0.098300 1
0.319200 0.275139 0.027474 1
-0.831338 -0.077506 0.018026 2
-0.286103 0.053122 0.037648 2
0.032121 -0.174847 0.019033 0
0.439156 0.269444 0.075367 1
-0.658057 0.028497 0.054814 2
-0.758499 0.021283 0.040482 2
-0.274692 0.077180 -0.039259 2
-0.319840 0.070295 -0.135824 2
-0.666308 0.056039 0.030111 2
0.454388 0.245783 0.100407 1
-0.551078 0.074586 0.037296 2
0.484582 0.283062 0.027651 1
-0.333922 0.076076 -0.009962 2
-0.846291 -0.107121 0.051135 2
0.125537 0.157625 -0.035701 1
-0.527303 0.055270 0.093567 2
0.229296 -0.737368 0.216421 0
-0.592547 0.005646 0.093850 2
-0.481793 0.057000 -0.088455 2
0.204970 -0.695408 0.168826 0
0.174493 -0.592985 0.183692 0
0.782636 0.082012 -0.125957 1
-0.788159 -0.028102 -0.000563 2
0.396669 0.299690 -0.155182 1
0.128226 -0.481863 0.108151 0
0.576010 0.269163 -0.050433 1
0.246436 0.233171 0.046269 1
0.389261 0.273440 -0.117461 1
0.437113 0.307991 -0.082331 1
-0.144195 -0.010994 -0.059062 2
0.406045 0.274924 0.089110 1
-0.594890 -0.038376 -0.124342 2
-0.379216 0.082480 0.038992 2
0.191874 0.219308 -0.048943 1
0.219788 0.175841 0.124937 1
0.435908 0.275193 -0.041261 1
-0.201413 0.052668 0.039974 2
-0.346060 0.059453 0.016677 2
-0.740439 -0.126914 -0.076299 2
-0.393527 0.069050 0.104557 2
-0.558433 0.052824 0.006537 2
0.090899 0.158030 -0.065824 1
0.165742 0.218334 -0.106250 1
-0.641354 0.020738 -0.058493 2
0.416339 0.279873 -0.070972 1
-0.383265 0.061233 -0.049668 2
0.092450 0.126882 0.029100 1
0.025879 -0.085266 0.002696 0
0.283641 0.269481 -0.019919 1
-0.060193 -0.020595 -0.010290 0
-0.162322 0.017232 -0.078952 2
0.608045 0.280616 -0.039651 1
0.306068 0.281621 -0.126158 1
0.202609 -0.648715 0.174492 0
-0.796167 -0.020191 0.046192 2
0.150327 0.198212 -0.172047 1
-0.464533 0.071029 -0.059916 2
0.006672 -0.087612 0.044427 0
0.182005 -0.621005 0.195210 0
0.220644 -0.865248 0.223955 0
-0.726352 -0.047967 -0.047943 2
-0.570124 -0.064675 -0.133644 2
-0.315218 0.053919 -0.025683 2
-0.361955 0.078767 -0.004349 2
0.334159 0.291066 -0.088070 1
-0.461787 0.054063 0.083233 2
-0.322541 0.067389 0.096166 2
0.173907 0.177502 -0.010594 1
0.118083 0.143584 -0.009991 1
0.045384 -0.144891 0.028278 0
0.473557 0.309762 0.017197 1
-0.338401 0.076474 0.048499 2
-0.351224 0.057060 -0.020954 2
-0.771732 -0.002182 0.028027 2
0.643366 0.273360 -0.118150 1
-0.118289 0.012201 0.019724 2
-0.322864 0.061134 -0.087702 2
0.445387 0.286640 -0.086299 1
0.439917 0.279864 0.033273 1
0.075564 -0.338114 0.065975 0
0.146526 0.166555 0.114962 1
0.366180 0.288862 -0.162080 1
-0.278039 0.057824 -0.066924 2
-0.227912 0.063270 -0.086604 2
-0.691077 0.004026 -0.039619 2
0.346981 0.265808 -0.101255 1
0.202756 0.234488 -0.145958 1
0.305420 0.234110 0.094968 1
0.308856 0.238978 0.028691 1
0.183436 -0.538413 0.201563 0
0.172785 0.221238 -0.137319 1
0.030476 -0.155093 0.018865 0
0.307694 0.269370 -0.163090 1
0.769086 0.115655 -0.041158 1
-0.308279 0.079876 -0.090538 2
0.356647 0.258819 0.036920 1
-0.051875 -0.040672 0.025925 0
0.389513 0.256431 0.077904 1
-0.564960 0.028005 -0.087245 2
-0.207640 0.018146 -0.103194 2
-0.011056 -0.088002 0.003709 0
0.248140 0.230952 -0.127208 1
0.163444 -0.531688 0.124203 0
-0.119873 0.022568 -0.020396 2
0.159532 -0.504280 0.155696 0
-0.437601 0.076031 -0.049055 2
-0.350977 0.049603 0.096531 2
0.591341 0.289683 -0.099293 1
0.117345 -0.379226 0.127441 0
0.367990 0.287130 0.046423 1
0.058188 -0.193022 0.056509 0
0.199444 -0.545530 0.156890 0
0.067384 0.107389 0.069813 1
-0.434976 0.072433 0.096148 2
-0.832593 -0.097848 0.028805 2
0.554336 0.276245 -0.030570 1
0.124562 0.186949 -0.160845 1
0.095859 -0.388388 0.095599 0
0.338721 0.289218 -0.135782 1
0.491984 0.301349 0.048585 1
-0.480184 0.071124 -0.024365 2
0.553590 0.299849 -0.011685 1
0.706968 0.215622 -0.101123 1
0.028380 0.099092 -0.059447 1
0.468762 0.314848 -0.118084 1
-0.610453 0.047815 0.027956 2
0.070894 0.131108 0.020898 1
-0.167787 0.022090 -0.039693 2
-0.291691 0.051187 0.000498 2
-0.405591 0.084283 0.029239 2
0.667658 0.186143 0.023622 1
-0.523311 0.061887 -0.050165 2
0.628261 0.249756 -0.070027 1
-0.016582 -0.028434 0.018250 1
-0.695671 -0.097410 -0.106165 2
0.271761 0.241962 -0.095640 1
-0.624064 0.028489 -0.057633 2
-0.190235 0.037399 0.048258 2
-0.116511 0.027664 0.045955 2
-0.495099 0.012279 -0.127430 2
0.350995 0.295964 -0.107697 1
-0.070711 -0.018915 0.028729 2
0.304486 0.274594 -0.039646 1
0.185895 -0.678261 0.231359 0
0.532538 0.269718 0.057519 1
0.611085 0.251522 -0.209562 1
0.060306 0.108379 -0.059301 1
-0.772968 -0.006575 0.047542 2
0.244070 0.179094 0.123092 1
0.218374 -0.927102 0.244274 0
-0.477668 0.000392 -0.148410 2
0.072463 0.088098 0.015471 1
0.579475 0.271249 -0.009213 1
0.539581 0.285586 -0.116586 1
-0.039048 -0.086127 -0.010319 0
-0.652711 -0.008814 -0.067699 2
-0.663979 0.003576 0.074999 2
0.131989 -0.416634 0.126243 0
0.561364 0.262459 0.047382 1
0.551852 0.277766 0.018377 1
0.468448 0.312615 -0.010647 1
0.202025 -0.612907 0.212555 0
0.692022 0.219139 -0.080288 1
0.032058 -0.076011 0.018021 0
0.614988 0.262564 -0.097073 1
0.146726 -0.446297 0.136437 0
0.021510 -0.121539 0.038588 0
0.193409 0.211021 -0.082028 1
-0.671181 0.043424 -0.005540 2
-0.524259 0.073084 -0.012396 2
0.542267 0.272484 -0.215609 1
0.216467 -0.622407 0.191845 0
-0.410176 0.018441 -0.159105 2
-0.449169 0.011958 -0.147751 2
-0.598001 -0.011473 -0.107130 2
0.045654 0.105501 0.066859 1
0.187624 -0.568345 0.224432 0
0.318122 0.246085 -0.146471 1
0.227034 -0.652016 0.194953 0
-0.349219 0.080569 0.027776 2
-0.541809 0.057373 0.016811 2
-0.190229 0.033451 -0.002638 2
-0.180271 0.048299 0.036880 2
0.235294 0.244518 -0.040000 1
-0.463911 0.067198 0.030546 2
0.503953 0.276677 -0.159336 1
0.262627 0.220737 0.027120 1
0.701152 0.224284 -0.126179 1
0.671524 0.252361 -0.098336 1
0.102957 0.156085 0.035726 1
-0.435783 0.058214 -0.022294 2
0.362697 0.221889 0.112503 1
0.449301 0.262211 -0.176348 1
-0.232204 0.044140 0.022117 2
-0.702118 0.018987 0.008173 2
-0.372144 0.078643 -0.026990 2
0.031706 0.088039 0.068328 1
-0.821541 -0.187428 -0.011592 2
0.014598 0.057339 0.049791 1
0.188762 -0.782146 0.236977 0
0.229355 -0.941458 0.232771 0
0.769832 0.107368 -0.097528 1
-0.408686 0.066187 0.047502 2
-0.371707 0.064538 0.029211 2
-0.234949 0.041040 0.076729 2
-0.127064 -0.008565 -0.001586 2
0.174316 0.221553 -0.076553 1
-0.410068 0.062694 -0.003384 2
0.482324 0.283431 -0.007875 1
0.119643 -0.356919 0.096371 0
0.323212 0.284108 -0.010741 1
0.138303 -0.502189 0.099840 0
0.017083 0.073762 -0.019721 1
-0.394928 0.071221 0.086290 2
0.567256 0.249929 -0.193691 1
0.192005 0.186123 -0.000258 1
0.106414 0.114272 0.098770 1
-0.580441 0.034407 -0.035024 2
0.372984 0.264174 0.090333 1
-0.458929 -0.018390 -0.157664 2
-0.382433 0.078698 -0.079613 2
-0.536662 -0.036505 -0.152447 2
-0.495044 0.046888 -0.068118 2
-0.644374 -0.087315 -0.117398 2
-0.407590 0.040256 0.112839 2
0.126313 0.167892 -0.011300 1
0.003884 0.057067 -0.049740 1
-0.371372 0.030440 -0.157246 2
-0.536728 0.040293 0.077906 2
-0.254863 0.066146 0.024535 2
0.246788 0.242683 0.009917 1
0.010923 -0.038248 0.033440 1
-0.545520 0.023229 0.089209 2
0.235418 -0.776955 0.231335 0
0.216865 -0.814283 0.221682 0
0.036867 -0.224575 0.048726 0
-0.419391 0.068094 0.029016 2
0.629178 0.242991 -0.156624 1
-0.599847 0.044499 -0.039891 2
0.395555 0.274833 -0.059226 1
-0.523560 0.078130 0.028784 2
0.464298 0.282677 0.039126 1
0.260066 0.214629 0.067491 1
-0.246883 0.045398 0.007901 2
0.512673 0.293506 -0.204876 1
0.085250 0.117949 0.008466 1
0.316425 0.286566 -0.088047 1
0.463246 0.285969 -0.217561 1
0.025259 -0.194977 0.053252 0
0.109371 -0.347095 0.073190 0
-0.619686 0.000529 -0.075878 2
0.541095 0.275673 -0.043127 1
0.044947 0.021656 0.008234 1
-0.379449 0.043674 -0.136952 2
0.105786 -0.484124 0.084978 0
0.244954 -0.894321 0.241291 0
-0.336348 0.060116 -0.049301 2
0.631432 0.236782 0.012703 1
-0.657607 0.038229 -0.021952 2
0.089993 -0.446204 0.086279 0
-0.498262 0.065442 -0.059934 2
0.349684 0.259870 -0.042127 1
0.362566 0.275548 0.070147 1
0.303362 0.253723 0.065899 1
-0.653922 0.030822 -0.003633 2
-0.241571 0.040020 -0.109485 2
0.000542 0.019826 -0.029944 1
-0.483413 0.066040 0.049027 2
-0.451484 0.072846 0.085338 2
0.087598 0.117869 0.106770 1
-0.704157 -0.054246 -0.064280 2
0.317133 0.265340 0.051206 1
0.219981 -0.692251 0.225869 0
0.755552 0.165190 -0.127162 1
0.143958 0.187060 -0.115987 1
0.419854 0.307579 -0.019802 1
0.393501 0.266438 -0.144582 1
-0.759150 -0.171473 -0.051600 2
-0.089744 -0.027524 0.008631 2
-0.710844 -0.104713 -0.075487 2
-0.643426 0.046725 0.075291 2
0.116063 -0.446029 0.099452 0
-0.363110 0.070104 -0.117389 2
-0.522144 0.055213 -0.011039 2
0.318407 0.247644 0.087162 1
-0.742246 0.012052 -0.002306 2
0.335108 0.260718 -0.116975 1
-0.434532 0.067359 -0.086530 2
0.337900 0.245857 0.099320 1
0.236115 -0.837783 0.215437 0
-0.466822 0.055917 -0.099312 2
-0.323537 0.068479 0.077329 2
0.626006 0.212336 0.038616 1
0.425264 0.308536 0.000478 1
-0.293286 0.059102 -0.057437 2
-0.423402 0.051376 0.091711 2
-0.626858 -0.068442 -0.125900 2
-0.628809 -0.027787 -0.098606 2
0.040165 -0.252574 0.046534 0
-0.353925 0.051860 -0.127468 2
0.438620 0.297113 0.062650 1
-0.511560 0.062248 0.048365 2
0.381723 0.264112 0.047576 1
-0.424403 0.057061 -0.060791 2
-0.784832 -0.105311 -0.047957 2
0.016264 0.080918 -0.070524 1
0.103728 0.098070 -0.007001 1
0.491112 0.273898 0.065224 1
0.026670 -0.140745 0.036327 0
0.217081 -0.711076 0.250592 0
0.012391 -0.008147 0.035331 1
0.041107 0.057256 -0.003054 1
0.280493 0.197921 0.119725 1
-0.203249 0.021802 0.096508 2
-0.133796 0.029308 -0.002304 2
-0.014622 -0.046591 0.028120 0
-0.195162 0.055531 -0.039676 2
0.713730 0.165847 -0.164077 1
-0.785271 -0.077465 -0.029899 2
0.212557 0.225976 -0.000978 1
-0.844283 -0.126399 0.049631 2
0.088718 0.124602 0.061219 1
0.277846 0.272768 -0.080281 1
0.213639 -0.759089 0.251893 0
-0.453550 0.077731 0.067668 2
0.611723 0.285086 -0.159853 1
0.581319 0.289460 -0.010090 1
-0.600392 -0.059269 -0.115308 2
-0.449810 0.083177 0.029419 2
0.020240 -0.048558 0.000398 1
-0.422501 0.002885 -0.159363 2
-0.481585 0.039002 0.104945 2
0.234216 0.233748 -0.188102 1
-0.668102 0.033129 0.016872 2
0.235665 -0.812218 0.222337 0
0.480423 0.252402 0.094076 1
0.070405 0.126590 -0.099179 1
-0.202677 0.036960 -0.040110 2
0.448613 0.307882 0.029255 1
0.484531 0.297438 -0.202531 1
0.127448 -0.402329 0.136300 0
-0.456929 0.033523 -0.138674 2
0.016128 -0.181895 0.022244 0
-0.419964 0.028842 -0.144286 2
0.163909 -0.483493 0.125211 0
0.192465 -0.736562 0.204714 0
0.345168 0.258804 0.017071 1
-0.449792 0.080302 0.001369 2
0.229228 -0.736472 0.241928 0
0.048093 0.084078 0.011514 1
0.027671 -0.213562 0.033891 0
-0.009878 -0.132987 0.028836 0
-0.568391 -0.000281 -0.107513 2
0.124725 -0.457150 0.087374 0
-0.273756 0.068502 0.038797 2
0.193178 -0.943351 0.232431 0
0.382230 0.251830 -0.171087 1
-0.715695 -0.133888 -0.086879 2
0.766818 0.146735 -0.117987 1
0.061844 0.115544 -0.077998 1
-0.844771 -0.106312 0.018519 2
-0.275631 0.055744 -0.089527 2
0.097776 0.176627 -0.098901 1
0.438695 0.305834 -0.061444 1
-0.739352 -0.108419 -0.074320 2
-0.803099 -0.125756 -0.022126 2
0.053072 -0.218013 0.060793 0
0.088570 0.145512 0.018168 1
0.216119 -0.893234 0.261880 0
-0.372526 0.031550 0.112553 2
0.684631 0.219631 -0.032389 1
0.684988 0.204612 -0.181455 1
-0.246792 0.052913 -0.133426 2
-0.567270 0.044754 -0.064782 2
-0.188428 0.009499 -0.099298 2
-0.281845 0.066872 0.075228 2
0.011581 0.059254 0.000183 1
-0.420884 0.084550 0.009120 2
0.117967 0.123112 0.011508 1
-0.524778 0.060559 0.019827 2
0.175318 0.197187 -0.058516 1
-0.583312 0.072613 0.018589 2
0.220239 -0.700955 0.204118 0
0.392146 0.300266 -0.039555 1
0.161660 0.168290 -0.000417 1
0.177524 0.187669 -0.146901 1
-0.289870 0.069919 0.046775 2
0.163091 0.184584 -0.041660 1
-0.246648 0.048542 -0.087595 2
-0.289039 0.037730 0.115502 2
0.624986 0.251610 -0.029882 1
0.203935 -0.645613 0.228992 0
-0.136845 0.028261 -0.039899 2
-0.345912 0.081215 -0.065473 2
-0.320516 0.041387 -0.149918 2
-0.317861 0.074569 -0.000576 2
0.206425 0.224164 -0.039263 1
0.085202 -0.301379 0.083071 0
-0.729705 0.007920 0.009139 2
0.163485 0.213970 -0.163508 1
-0.570178 0.032149 -0.048982 2
0.207492 -0.889525 0.231259 0
0.424473 0.270131 0.065951 1
0.625207 0.228449 -0.188352 1
-0.232023 0.048985 -0.049510 2
-0.264096 0.030255 0.106066 2
0.277735 0.254338 -0.185818 1
0.175797 -0.466981 0.151992 0
-0.802053 -0.020579 0.029611 2
0.542118 0.243891 0.078619 1
0.292393 0.225094 0.056951 1
0.115489 -0.360659 0.115394 0
0.130276 0.176850 0.066358 1
-0.426897 0.044928 -0.105101 2
-0.406282 0.065874 0.017800 2
0.069681 0.107559 0.088704 1
0.309421 0.278323 -0.001860 1
-0.278586 0.048713 -0.010662 2
-0.538303 0.050248 -0.018208 2
-0.347189 0.049284 0.119071 2
0.643918 0.250874 -0.173981 1
-0.626920 0.018061 0.073917 2
-0.261002 0.025653 -0.135115 2
-0.340188 0.060274 -0.088742 2
0.495665 0.307906 -0.050582 1
0.038845 0.078187 0.035983 1
0.502411 0.309509 -0.098300 1
0.048136 0.124481 -0.103099 1
0.199927 -0.658803 0.216529 0
-0.013986 -0.065588 0.038198 0
-0.005124 0.039304 -0.020671 1
-0.013912 -0.001456 -0.010675 1
0.102427 -0.366936 0.072824 0
-0.658286 -0.028608 -0.086924 2
0.118670 0.175911 -0.049107 1
0.088554 -0.309330 0.104521 0
0.362500 0.294985 0.010319 1
0.234790 -0.922807 0.216233 0
-0.278214 0.049616 -0.127091 2
0.720313 0.202037 -0.135903 1
0.012734 -0.144578 0.009186 0
-0.518882 0.048282 -0.085796 2
0.171503 -0.585057 0.198777 0
0.499815 0.263201 -0.195304 1
-0.771175 -0.065678 -0.037528 2
0.106019 0.137690 0.057887 1
-0.216608 0.035664 -0.082835 2
0.155943 0.187868 0.087201 1
-0.832725 -0.072352 0.056235 2
0.073805 0.088636 -0.002839 1
-0.210023 0.059241 -0.068764 2
0.152684 -0.418204 0.141353 0
-0.370461 0.064294 0.054954 2
0.596465 0.270067 -0.117330 1
-0.482948 0.070171 -0.050463 2
0.046043 -0.184701 0.045691 0
0.597647 0.262484 -0.011071 1
0.210342 -0.942907 0.230064 0
0.147331 0.186738 -0.088279 1
-0.465050 0.062333 0.000243 2
-0.102389 0.013382 0.000143 2
-0.042609 -0.064941 -0.000886 0
0.205556 0.215859 0.036045 1
0.203390 0.215904 0.076779 1
0.228347 0.226739 -0.103726 1
-0.802483 -0.134593 -0.040836 2
-0.217687 0.009788 -0.114351 2
0.613276 0.281496 -0.098402 1
0.054224 0.080378 -0.018171 1
-0.624355 0.064651 0.012986 2
0.351670 0.281884 0.045710 1
0.117936 0.135841 0.114349 1
0.467126 0.298975 0.058502 1
0.232827 -0.875506 0.216074 0
0.052742 0.092311 0.075193 1
-0.631893 -0.000261 0.084383 2
0.130682 -0.369684 0.078212 0
0.551837 0.281439 -0.204579 1
-0.832613 -0.123962 -0.011001 2
0.643516 0.262701 -0.048624 1
0.196860 -0.673114 0.189758 0
0.566827 0.232836 0.066782 1
0.483684 0.287519 -0.082206 1
-0.726949 -0.076421 -0.068542 2
0.249982 0.217525 0.000138 1
-0.404988 0.079923 0.058286 2
0.031211 -0.125575 0.005865 0
0.664569 0.230277 -0.035827 1
0.508327 0.312376 -0.147624 1
-0.376481 0.071379 -0.106735 2
-0.610466 0.042354 0.046824 2
-0.458834 0.030927 -0.118007 2
0.193683 0.183166 0.115854 1
-0.419257 0.058684 -0.116461 2
0.205578 -0.581373 0.195207 0
0.317929 0.233127 0.075396 1
-0.452429 0.081361 0.050548 2
0.221862 0.221118 -0.060909 1
-0.593798 0.051000 0.026044 2
0.116499 0.145499 0.078867 1
-0.337052 0.023408 0.123147 2
-0.639712 0.056300 -0.000416 2
0.160582 -0.545094 0.137920 0
0.229411 -0.905628 0.219430 0
0.781691 0.109295 -0.057271 1
0.028946 0.032546 0.025480 1
0.653303 0.245749 -0.096136 1
-0.247629 0.061478 0.048968 2
0.169174 -0.569379 0.122567 0
0.117831 -0.408459 0.084693 0
0.127097 -0.464068 0.110046 0
0.090860 0.148082 -0.030464 1
-0.230546 0.020166 -0.119780 2
-0.450534 0.075252 -0.019357 2
-0.495148 0.066962 0.088280 2
0.200897 0.216498 0.011424 1
-0.620040 0.057780 -0.010194 2
0.204163 -0.775768 0.224721 0
0.177956 0.181431 0.096208 1
0.064670 -0.223618 0.043526 0
0.703311 0.178009 -0.171907 1
-0.535952 0.048734 -0.076504 2
-0.767367 -0.001406 0.010618 2
0.463885 0.278125 -0.036733 1
-0.232883 0.056777 0.056182 2
0.531923 0.276906 -0.060179 1
-0.278195 0.072080 -0.126381 2
0.092145 0.131567 -0.034972 1
0.565338 0.293652 -0.000370 1
-0.695121 0.044598 0.052693 2
0.234761 -0.875320 0.248338 0
0.022141 0.077181 0.059536 1
-0.377735 0.049526 -0.119658 2
0.434590 0.284974 0.081523 1
-0.233281 0.047133 -0.069261 2
-0.455696 0.056856 -0.041739 2
0.097728 0.133007 0.095404 1
-0.410116 0.058890 0.083464 2
-0.084833 -0.019512 -0.019611 2
0.032469 0.098754 -0.041277 1
0.025396 0.087273 -0.028925 1
-0.706935 0.022536 0.066975 2
-0.103724 0.020140 0.037872 2
-0.034363 -0.115272 0.030880 0
0.719427 0.188716 -0.022919 1
0.145924 0.163208 -0.013100 1
0.196286 0.206774 -0.162735 1
0.145245 0.164190 0.047493 1
0.705494 0.198160 -0.035621 1
-0.825367 -0.106947 -0.007138 2
-0.419815 0.076327 -0.029578 2
-0.406632 0.050756 -0.097971 2
-0.308908 0.057825 -0.107435 2
0.073603 0.136609 -0.042312 1
-0.220794 0.028933 0.103268 2
0.218271 0.211641 -0.041247 1
-0.377946 0.081729 0.007789 2
-0.144762 0.013991 0.061179 2
0.143211 0.188665 -0.036937 1
0.255136 0.223920 -0.037715 1
0.371165 0.268783 -0.054401 1
0.273112 0.265234 -0.148852 1
-0.541055 0.072068 -0.011740 2
0.405682 0.302956 -0.049201 1
0.210078 -0.720190 0.193185 0
-0.147227 0.018942 -0.002233 2
-0.762649 -0.135130 -0.062205 2
0.230304 0.224588 0.077446 1
0.176247 -0.506515 0.127737 0
-0.786604 -0.162509 -0.046381 2
0.614791 0.264116 -0.116388 1
0.292984 0.251116 -0.077825 1
0.251449 0.233986 -0.068336 1
0.040862 0.086983 -0.079501 1
0.266545 0.260569 -0.010068 1
-0.234569 0.072140 -0.048232 2
0.338485 0.288270 -0.067704 1
0.771914 0.107138 -0.117774 1
0.107920 -0.412899 0.118189 0
-0.289446 0.079695 -0.079366 2
0.318655 0.265725 -0.193133 1
-0.122744 0.016004 0.035427 2
0.612923 0.255990 -0.061100 1
0.773788 0.138262 -0.069735 1
0.289914 0.269269 -0.048637 1
-0.171361 -0.014642 -0.083702 2
0.406397 0.310725 -0.109086 1
-0.365246 0.078548 -0.089041 2
-0.129170 0.007546 -0.029816 2
-0.249325 0.071810 -0.029311 2
-0.725152 -0.112245 -0.082365 2
0.044951 0.118429 -0.067455 1
-0.610569 0.062832 0.047922 2
-0.511374 0.076000 -0.002170 2
-0.233869 0.061092 -0.002893 2
-0.598997 0.022286 0.078661 2
0.216028 0.196639 0.097723 1
-0.681280 -0.087708 -0.101468 2
0.163955 -0.445286 0.133898 0
0.452553 0.283036 -0.127052 1
0.554152 0.282372 -0.125664 1
-0.536541 0.056967 -0.059045 2
0.649800 0.249496 -0.196368 1
0.610106 0.254057 -0.000437 1
0.053608 -0.183139 0.017698 0
0.059077 0.099129 0.034136 1
0.147280 0.204068 -0.137660 1
-0.761528 -0.008474 0.073459 2
0.742405 0.169974 -0.038652 1
0.474075 0.282184 0.080487 1
0.235247 -0.797343 0.241617 0
0.030567 0.069901 -0.040343 1
-0.698807 -0.094069 -0.087981 2
0.167291 -0.574363 0.185114 0
0.580806 0.274334 -0.127604 1
0.197120 0.237568 -0.098141 1
