-0.076823 0.233206 0.070331 8
0.033272 -0.999300 0.011397 0
0.517173 -0.123950 0.093015 1
-0.205626 0.193902 -0.557429 4
0.009762 -0.407639 -0.018449 0
-0.436463 -0.148911 0.078170 2
0.019329 0.108158 0.527693 3
0.078018 0.204487 -0.288258 6
0.155833 -0.050392 -0.002935 1
0.186986 0.168594 0.215450 5
-0.171164 -0.037142 -0.042441 2
0.027771 -0.701913 0.014453 0
-0.198128 0.272109 -0.188635 7
-0.090131 0.246588 0.339596 3
0.370015 -0.032968 -0.033571 1
-0.002545 -0.192547 -0.019043 0
-0.111007 0.261525 -0.379066 4
-0.000531 0.072842 -0.028205 0
0.077768 0.169345 0.364302 3
-0.032248 0.228222 -0.124580 0
-0.262500 -0.078337 0.108379 2
0.091632 0.213368 0.043150 0
0.029128 0.234899 0.202522 3
-0.335658 -0.098470 -0.023046 2
0.381275 -0.059319 0.115159 1
0.055466 -0.849752 0.014097 0
0.009690 -0.554940 0.001274 0
-0.235452 0.195739 -0.351821 4
-0.047602 0.256878 -0.258196 4
-0.148055 0.259215 -0.042180 9
0.018640 -0.059577 -0.017294 0
0.262068 -0.016676 0.074963 1
-0.029149 0.185006 0.438141 3
-0.142345 -0.050181 0.079643 2
-0.183585 0.230873 0.122763 8
-0.112780 0.227220 -0.492230 4
0.257099 -0.011572 -0.056071 1
0.464040 -0.070501 0.009772 1
0.020141 -0.299776 -0.033130 0
-0.221242 0.235829 -0.452532 4
0.042758 0.254847 -0.198063 6
-0.004303 0.168124 0.025860 0
-0.171533 0.264785 -0.292228 4
0.127367 0.217653 0.143940 5
0.009629 0.228280 0.309949 3
-0.082779 -0.083243 -0.002755 2
0.092698 0.192905 0.267025 3
0.084564 -0.132989 -0.016336 0
-0.101684 0.277385 -0.177880 7
-0.352020 -0.114944 0.114462 2
0.013780 0.226732 0.103898 0
-0.251651 -0.065757 0.009148 2
0.059652 0.138407 0.450242 3
0.079765 0.142774 -0.355410 6
-0.018120 0.161545 -0.064286 0
-0.046191 0.230630 -0.430941 4
0.053705 0.231078 -0.112872 0
-0.045702 0.254441 0.250128 3
0.011970 -0.919675 0.027434 0
0.340465 -0.034037 0.042532 1
-0.070725 0.235391 -0.051957 9
0.011682 -0.782441 0.013973 0
-0.002325 0.209165 -0.303570 6
-0.396618 -0.136624 0.012177 2
0.450510 -0.092927 0.117726 1
-0.100704 0.244055 0.141211 8
0.022241 -0.480875 -0.005362 0
0.024858 -0.628412 -0.003777 0
-0.188729 0.251122 -0.371383 4
0.066184 0.128154 0.302824 3
-0.308840 -0.091923 0.048951 2
-0.052944 0.258660 -0.332614 4
-0.030162 0.216589 0.371346 3
0.219834 -0.016902 0.009578 1
-0.117796 0.266111 -0.245436 4
0.187830 0.183752 0.145745 5
0.009905 0.008132 -0.006419 0
-0.151500 0.245377 -0.432566 4
0.410247 -0.053599 0.049451 1
-0.028814 0.257119 -0.191886 6
-0.037031 -0.132440 -0.016471 0
-0.181666 -0.057838 0.021574 2
-0.019019 0.150221 0.494976 3
0.125004 0.202814 0.207468 5
0.029407 0.181518 0.410006 3
0.283954 -0.024963 0.002247 1
0.186812 -0.020506 -0.050767 1
-0.181118 0.224126 -0.500812 4
0.022445 -0.120691 -0.036168 0
-0.204254 -0.056491 0.094472 2
0.062938 0.224646 0.144180 5
0.029157 0.239744 -0.259032 6
-0.087682 0.194059 0.372908 3
0.319640 -0.029949 0.099797 1
-0.111730 0.266102 -0.318258 4
-0.043768 0.227773 0.122510 8
0.484237 -0.079473 0.068990 1
-0.365324 -0.110155 0.055498 2
-0.221624 0.243005 -0.318692 4
0.233869 0.136872 0.197704 5
0.042070 0.185016 -0.332882 6
0.036583 0.199463 0.055470 0
0.009638 0.211185 -0.080925 0
0.029034 -0.240738 -0.024616 0
0.107131 -0.080263 -0.018053 0
0.042502 0.221128 0.256474 3
-0.129951 0.246474 0.092059 8
0.040511 -0.360281 -0.009698 0
0.316673 -0.019666 -0.048922 1
-0.236706 -0.045838 -0.041920 2
-0.130670 -0.049277 -0.004674 2
0.052107 -0.179786 -0.017973 0
0.008602 0.116890 0.007660 0
0.062016 0.192312 0.316034 3
-0.291503 -0.066915 -0.029521 2
-0.151319 0.283799 -0.156036 7
0.020031 0.202405 0.356905 3
0.413303 -0.048092 -0.005751 1
-0.046093 0.250451 0.309240 3
0.013802 0.209655 0.156147 0
-0.232065 0.218160 -0.512268 4
-0.101024 -0.058300 0.039235 2
-0.048853 0.235304 -0.379134 4
-0.097147 0.235524 -0.439758 4
0.175454 -0.021830 0.035583 1
0.004946 -0.848722 0.007557 0
-0.244155 -0.070481 0.062076 2
-0.398179 -0.133560 0.108204 2
0.015796 0.166854 0.455950 3
-0.076909 0.190769 -0.432085 4
-0.075883 0.257572 -0.218089 4
-0.017466 0.249604 0.206447 3
-0.160875 0.204008 -0.540253 4
-0.150694 0.275338 -0.203821 7
-0.009119 0.122548 -0.037669 0
-0.151414 0.266111 -0.345462 4
0.331051 -0.031944 -0.004248 1
0.027468 -0.951470 -0.004571 0
-0.042291 0.191807 0.041529 0
0.001014 0.246360 0.250257 3
-0.037148 0.209372 -0.072767 9
0.083335 0.217595 0.190664 5
-0.008986 -0.025245 -0.034461 0
-0.310287 -0.097317 0.095683 2
0.033136 0.131789 0.488495 3
-0.062354 0.260277 -0.159957 7
0.076145 0.154671 0.410294 3
0.163397 0.194833 0.182802 5
0.002557 0.253856 -0.225000 6
0.220471 -0.013347 0.056989 1
-0.110328 0.248618 -0.069764 9
0.420537 -0.071501 0.089114 1
0.086134 0.175874 -0.326898 6
-0.204641 0.244629 -0.412005 4
-0.084376 0.262725 -0.285041 4
0.300028 -0.027180 0.055691 1
0.002150 0.190899 0.079516 0
0.042252 -0.890295 0.009853 0
-0.294524 -0.085741 0.008670 2
0.018019 -0.741732 0.002994 0
0.008589 0.256457 -0.171635 6
0.357126 -0.045117 0.083209 1
-0.404897 -0.123832 0.062402 2
-0.352439 -0.111001 0.015178 2
0.210011 0.164578 0.176731 5
0.069657 0.229804 -0.253242 6
0.370249 -0.039247 0.008949 1
0.092290 0.160122 0.295588 3
-0.033068 0.215927 0.083871 8
0.019242 -0.439561 0.006615 0
-0.151056 0.233988 -0.472489 4
-0.020826 0.227833 -0.271584 6
-0.151163 0.256590 -0.392812 4
0.223084 -0.016695 -0.031596 1
0.451149 -0.065656 0.048594 1
-0.011170 0.197607 0.403366 3
0.027024 -0.520187 -0.016391 0
-0.141327 0.244535 0.135032 8
-0.077467 0.248118 -0.405676 4
-0.141582 -0.052704 0.036125 2
-0.157930 0.262585 -0.252605 4
-0.204837 -0.048557 -0.010775 2
0.009554 -0.333785 -0.012698 0
-0.225106 0.234408 -0.365410 4
0.022737 -0.591957 0.013070 0
0.034137 -0.815234 0.010997 0
0.260155 -0.019880 0.035331 1
0.036325 0.217009 -0.290814 6
0.186949 -0.024864 -0.011226 1
-0.021623 0.234364 0.336058 3
-0.038819 0.267621 -0.296687 4
-0.181547 -0.054677 0.062205 2
0.017759 -0.668089 -0.003258 0
-0.070771 0.229651 0.370753 3
0.485754 -0.111139 0.112888 1
0.010945 -0.155929 -0.019382 0
-0.078191 0.246770 0.109455 8
-0.060859 0.195824 0.400969 3
0.092497 0.209629 0.123927 5
-0.131311 0.269566 -0.285294 4
-0.005176 0.041685 -0.049824 0
-0.028970 0.176534 -0.097603 0
0.005720 -0.371057 -0.026992 0
-0.078241 0.258770 -0.359987 4
-0.273202 -0.081120 0.041387 2
-0.046116 -0.101572 0.002200 0
-0.188483 0.257806 -0.325990 4
0.019036 -0.271880 -0.007352 0
-0.213172 -0.063117 0.043360 2
-0.035620 0.244203 -0.225793 6
0.155273 -0.032964 -0.036597 1
-0.181449 0.240069 -0.452978 4
-0.141348 0.218989 -0.513357 4
0.047609 0.186096 0.375955 3
0.037848 0.208688 0.290353 3
-0.010968 0.040396 -0.014011 0
-0.019664 0.251427 0.284509 3
0.489837 -0.084826 0.030306 1
0.055372 0.224499 -0.212389 6
0.003769 -0.090054 -0.028454 0
-0.062706 0.227809 -0.089300 9
-0.024074 0.249847 -0.157607 6
0.007795 0.238828 0.137104 0
-0.117041 0.251143 -0.415088 4
-0.165453 -0.051694 -0.010862 2
0.509687 -0.105518 0.064060 1
-0.278844 -0.084728 0.075869 2
0.160333 0.205260 0.142965 5
-0.066165 0.240862 0.282324 3
-0.021542 -0.162221 -0.007331 0
0.282018 -0.017107 -0.032554 1
0.012918 -0.975422 0.026066 0
0.029366 -0.205831 -0.015950 0
0.019410 -0.024564 -0.011342 0
0.048943 0.226425 0.175532 5
0.017922 -0.873287 0.027717 0
-0.108463 0.265299 -0.210660 7
0.391269 -0.055095 0.082147 1
0.310102 -0.031705 0.022838 1
-0.344745 -0.106305 0.082450 2
0.250591 -0.024722 -0.004005 1
0.003403 -0.457358 -0.020962 0
-0.027601 0.170762 0.469629 3
0.373136 -0.043973 0.042102 1
0.048312 0.216771 0.223723 3
0.431570 -0.058506 0.022310 1
0.043422 -0.147441 -0.019834 0
-0.211194 0.227859 -0.486463 4
0.408907 -0.077337 0.121002 1
0.003900 0.232780 0.178099 3
-0.422152 -0.144557 0.042793 2
0.457881 -0.076165 0.089056 1
0.115672 0.217167 0.174999 5
-0.378649 -0.115160 0.088742 2
-0.191440 0.213656 -0.531945 4
-0.003416 0.154896 -0.033920 0
-0.080800 0.258208 -0.250512 4
0.065112 0.223771 0.111650 5
-0.101428 0.255577 -0.039219 9
0.154840 0.187286 0.213294 5
0.125188 -0.060456 0.001410 0
0.048410 0.161799 0.427590 3
0.002321 0.132544 0.511933 3
0.002872 0.181435 0.430231 3
-0.012897 0.193354 -0.058763 0
-0.202166 0.253097 -0.295042 4
0.029524 -0.948226 0.027976 0
-0.158986 0.244398 0.107639 8
0.290669 -0.022633 0.088945 1
-0.206092 -0.037739 -0.041773 2
0.034687 -0.092734 -0.022955 0
0.019980 0.037992 -0.006834 0
-0.056108 0.234570 -0.177044 0
-0.261750 -0.058569 -0.024183 2
0.011649 0.181541 0.049193 0
0.035663 0.207745 0.322834 3
0.034982 0.216683 0.132684 5
-0.324034 -0.097639 0.022324 2
-0.101930 -0.060264 -0.011510 2
0.032591 -0.647990 0.019200 0
0.138421 0.200791 0.120243 5
-0.124649 0.241196 -0.453082 4
-0.100163 0.248735 0.083538 8
0.008155 -0.523962 0.007829 0
-0.068635 0.238890 0.137787 8
0.012055 0.234664 0.276662 3
0.005584 -0.682486 0.023588 0
0.043339 0.245274 -0.231670 6
0.034948 -0.766920 0.026704 0
0.004193 0.015174 -0.035747 0
0.351062 -0.042808 0.113187 1
0.009099 0.152875 0.482376 3
0.441765 -0.059125 -0.007891 1
-0.050626 0.240817 0.343336 3
-0.020726 0.211508 -0.101745 0
0.063014 0.167357 -0.348437 6
0.397824 -0.049376 0.021893 1
-0.117972 0.281298 -0.152457 7
0.009842 0.227283 -0.278994 6
0.020321 -0.379963 0.001631 0
-0.170854 0.281326 -0.179115 7
-0.048887 0.239557 0.095184 8
0.013594 -0.588150 -0.015384 0
0.026963 -0.841921 0.026924 0
0.004113 0.101536 -0.017809 0
-0.071574 0.220423 -0.444173 4
-0.237236 -0.067750 0.096127 2
0.025813 0.222690 -0.105861 0
-0.383909 -0.123812 0.036058 2
0.069264 0.201043 0.283538 3
-0.237324 0.221708 -0.332149 4
-0.018041 0.224362 0.108129 8
-0.141514 -0.044467 -0.031810 2
0.068171 0.209133 0.244301 3
0.063127 0.207612 0.037869 0
0.062631 0.197963 -0.312623 6
0.212903 0.154384 0.208863 5
-0.037748 0.259593 -0.366587 4
0.326341 -0.036433 0.071844 1
-0.119711 -0.047539 0.060972 2
-0.004654 0.242681 -0.251953 6
-0.193349 0.278913 -0.160386 7
0.020177 0.229302 0.235996 3
-0.221456 -0.058828 0.015543 2
-0.007386 -0.116923 -0.031835 0
-0.223289 0.203439 -0.536009 4
-0.149094 0.265937 -0.310982 4
0.099287 -0.107538 -0.010985 0
0.099389 0.224085 0.149175 5
-0.419994 -0.158193 0.100377 2
0.059090 0.123625 0.478025 3
0.050318 0.192088 0.342724 3
-0.432669 -0.177476 0.082207 2
0.041586 0.112854 0.509578 3
-0.130905 0.282137 -0.178400 7
-0.363829 -0.120884 -0.009566 2
-0.309927 -0.084712 -0.015999 2
0.074759 0.175973 0.336190 3
-0.000499 0.203758 0.377200 3
-0.176958 0.250731 -0.404330 4
0.010496 0.218127 0.075536 0
0.019533 -0.265226 -0.036286 0
0.154226 -0.034396 0.020948 1
0.035720 0.146894 0.463553 3
-0.084235 0.263092 -0.325688 4
-0.031326 0.215409 -0.150167 0
0.035801 -0.926264 0.010795 0
-0.089139 0.270809 -0.153059 7
-0.172505 0.244834 -0.269457 4
-0.124171 0.262247 -0.352794 4
-0.008868 -0.876878 0.019025 0
0.005489 -0.501256 -0.015827 0
-0.320887 -0.107716 0.119819 2
0.004861 0.141550 0.022549 0
-0.008994 -0.063960 -0.020506 0
0.031746 -0.125204 -0.007114 0
0.344148 -0.026842 -0.042839 1
0.020197 -0.179976 -0.030486 0
-0.232206 -0.054494 -0.010909 2
0.489476 -0.088488 0.094974 1
0.019551 0.199721 -0.318074 6
-0.338736 -0.100181 0.056034 2
0.136925 -0.049659 -0.024126 0
-0.286207 -0.091293 0.114762 2
0.011930 -0.218899 -0.033123 0
-0.077792 0.265150 -0.184788 7
-0.111162 0.249841 0.116299 8
-0.002697 0.216971 0.351228 3
0.002860 0.261371 -0.198593 6
-0.020702 0.254740 0.235978 3
-0.084947 0.241299 -0.076397 9
-0.211640 0.247281 -0.345567 4
0.051934 0.171129 0.398932 3
0.015628 0.066081 -0.007571 0
-0.246848 -0.070872 0.035261 2
0.203635 -0.016705 0.036214 1
-0.046727 0.240716 -0.405295 4
0.139241 0.206963 0.182653 5
0.067481 -0.157893 -0.014368 0
0.019677 -0.903379 0.003928 0
0.003002 -0.827349 0.023531 0
0.017413 -0.866426 -0.008147 0
0.309456 -0.023921 -0.017670 1
-0.071087 0.244863 0.316640 3
0.251054 -0.018307 -0.031011 1
-0.277607 -0.070780 -0.005429 2
-0.134716 0.257651 -0.226763 4
0.190060 0.176095 0.189950 5
0.079336 0.154606 0.318100 3
0.059436 0.221798 -0.278915 6
-0.046527 0.242770 -0.145694 0
0.229699 -0.011014 -0.056494 1
0.390651 -0.039288 -0.018423 1
-0.116499 -0.055119 0.016766 2
-0.053174 0.259758 -0.204901 6
-0.102299 0.235453 -0.465727 4
-0.091488 -0.065665 0.015845 2
-0.020914 0.242868 0.309830 3
0.003445 0.244713 0.222829 3
0.019000 -0.302497 -0.007014 0
0.115643 0.220737 0.118318 5
-0.108383 0.266674 -0.272830 4
0.016963 -0.066925 -0.042321 0
0.085946 0.186020 0.296844 3
-0.048966 0.247949 -0.282896 4
-0.158041 -0.048837 0.013919 2
-0.412097 -0.138883 0.082311 2
0.079344 0.224685 0.165627 5
0.027195 0.231690 0.158163 5
-0.221665 -0.064182 0.075832 2
0.029499 -0.174816 -0.006529 0
-0.049413 0.239503 -0.349541 4
-0.043929 0.254301 0.276524 3
0.079972 0.143114 0.435237 3
-0.037445 0.202713 0.391631 3
0.004539 -0.605617 0.001313 0
0.033904 -0.778309 0.001955 0
0.019235 -0.975339 -0.002475 0
0.009864 -0.432487 -0.023118 0
0.430543 -0.065222 0.063090 1
0.082380 0.232340 0.127961 5
0.189386 -0.024722 0.015023 1
-0.374860 -0.123833 0.012643 2
0.283309 -0.025960 0.028450 1
0.356915 -0.032922 -0.011075 1
-0.011452 0.195437 -0.085214 0
-0.164983 0.259047 -0.372310 4
-0.177232 0.244620 -0.428969 4
0.012191 0.193556 0.396543 3
0.004225 -0.577349 0.020212 0
-0.076071 0.212302 0.387417 3
-0.020804 0.186054 0.029407 0
-0.124824 0.255290 -0.051050 9
-0.061092 0.262122 -0.305448 4
-0.157988 -0.052532 0.055695 2
-0.171554 -0.051162 0.084334 2
0.011251 -0.039830 -0.029791 0
0.027353 -0.391165 -0.022853 0
0.035034 -0.862622 0.010276 0
0.236783 -0.018888 0.028534 1
0.017478 0.203063 0.108297 0
0.022949 -0.332817 -0.033014 0
-0.051353 0.228585 -0.065009 9
0.008197 0.042425 -0.028841 0
-0.164904 0.217258 -0.518949 4
-0.097620 0.263570 -0.232265 4
-0.101085 0.263421 -0.345626 4
-0.157563 0.224686 -0.495461 4
0.012129 -0.720227 0.016254 0
-0.001484 0.128104 -0.011196 0
-0.002753 -0.014094 -0.013977 0
-0.052215 0.260386 -0.232477 4
-0.053164 0.227976 0.074469 8
-0.181222 0.234037 -0.478858 4
0.037983 -0.906622 0.027018 0
-0.215040 0.270357 -0.171661 7
-0.064695 0.253746 -0.379178 4
-0.204491 0.220792 -0.513182 4
0.034226 -0.982503 0.034092 0
-0.070405 0.237030 -0.427122 4
-0.029898 0.238511 -0.252332 6
-0.372568 -0.125846 0.109508 2
-0.135308 0.258043 -0.375152 4
0.347594 -0.036923 0.015643 1
0.026503 -0.720499 -0.003363 0
0.083718 0.164969 0.386849 3
-0.065913 -0.094095 -0.015389 2
0.013262 0.218747 0.333860 3
-0.010613 0.174438 0.453616 3
-0.006218 0.209803 0.090925 8
-0.319507 -0.096376 0.069422 2
0.088167 0.135241 0.307147 3
0.067514 0.243855 -0.206942 6
0.011789 -0.647983 0.008302 0
0.209248 -0.016909 -0.011367 1
0.024883 -0.799993 0.026246 0
0.276914 -0.023205 0.056174 1
-0.061074 0.208349 -0.427144 4
0.027228 -0.567028 0.010763 0
-0.181190 0.203053 -0.551619 4
0.012282 0.212392 0.129767 0
-0.232612 0.210281 -0.369778 4
0.012503 -0.139599 -0.045376 0
0.243332 -0.017026 0.054975 1
0.026642 0.169158 0.430953 3
0.470409 -0.072984 0.034867 1
0.169189 -0.032085 0.002035 1
-0.131749 0.268492 -0.331850 4
0.183399 0.184973 0.169734 5
-0.035642 0.254898 -0.317838 4
-0.013283 0.142253 -0.050459 0
0.008929 0.159645 0.008896 0
-0.334521 -0.100281 0.002015 2
-0.008259 0.179581 0.060510 0
0.507554 -0.103386 0.089617 1
0.019752 -0.542058 -0.014808 0
-0.254481 -0.075932 0.081791 2
-0.101367 0.255408 -0.398987 4
0.430760 -0.085028 0.109594 1
0.026957 -0.456172 -0.006862 0
0.027890 -0.835686 0.003302 0
0.349833 -0.039366 0.062534 1
-0.271648 -0.073487 0.016481 2
0.283394 -0.015052 -0.055075 1
0.227627 0.148210 0.179128 5
0.019365 0.248115 -0.239020 6
-0.229316 0.228120 -0.472953 4
0.025993 -0.673425 0.020124 0
-0.218866 0.237262 -0.427935 4
0.019352 -0.353356 -0.024218 0
0.028252 -0.423738 -0.006623 0
0.084244 0.193222 -0.306726 6
-0.174199 0.260073 -0.351835 4
-0.009743 0.012836 -0.018306 0
0.040218 -0.880641 0.029969 0
-0.405348 -0.130268 0.035794 2
0.010942 -0.253910 -0.018984 0
-0.383293 -0.125142 0.069266 2
0.089322 0.158410 -0.342602 6
0.012001 -0.992580 0.010163 0
-0.141565 0.251125 -0.413460 4
-0.165839 0.263477 -0.325438 4
0.140854 0.212011 0.161065 5
0.013647 -0.112785 -0.017416 0
-0.019859 -0.145752 -0.022038 0
0.022912 -0.615339 0.013981 0
-0.334813 -0.107538 0.102173 2
-0.198767 0.239796 -0.439393 4
0.012985 -0.761146 0.019335 0
-0.141067 0.267576 -0.265625 4
0.390246 -0.049648 0.057346 1
0.017988 -0.500492 0.003234 0
0.030875 -0.969411 0.015287 0
-0.050563 0.216788 0.378991 3
0.499444 -0.087904 0.055902 1
0.196003 -0.024442 -0.031485 1
0.005789 -0.524566 -0.015418 0
0.060163 0.211156 0.264335 3
-0.021291 0.253220 -0.211829 6
0.102449 0.209624 0.197022 5
0.403538 -0.067582 0.102430 1
0.469167 -0.088108 0.107893 1
-0.302116 -0.086043 0.028892 2
0.017525 -0.695155 -0.003320 0
0.089046 0.174791 0.278096 3
-0.202941 0.244204 -0.386008 4
0.012251 -0.945757 0.009554 0
-0.118904 -0.053795 -0.023045 2
0.013409 -0.407249 0.002722 0
-0.020911 0.253475 0.263163 3
-0.091245 0.262409 -0.305377 4
-0.005859 0.095898 -0.035934 0
-0.137815 -0.056947 0.015387 2
-0.070998 0.239976 0.349898 3
-0.181526 -0.047084 0.002506 2
-0.010303 -0.172908 -0.022566 0
-0.124919 0.275682 -0.197895 7
-0.181276 -0.044337 -0.025038 2
0.001788 0.244314 0.195960 3
-0.045348 -0.112552 -0.016081 0
-0.043590 0.251072 -0.171946 0
-0.164242 0.240978 0.128020 8
0.042950 0.203905 -0.307185 6
-0.157740 0.239988 -0.452162 4
-0.198009 0.234580 -0.465831 4
-0.164999 -0.052340 0.035649 2
-0.352255 -0.111224 0.036406 2
0.040066 -0.193137 -0.029263 0
-0.040942 0.216668 -0.092334 9
-0.028151 0.197474 0.416093 3
0.230549 -0.014981 -0.011836 1
0.201688 0.172804 0.157447 5
0.049941 0.235732 -0.258229 6
-0.091029 0.249418 -0.057811 9
-0.090601 0.256038 -0.379305 4
0.003908 0.096627 0.002743 0
-0.010715 0.262436 -0.177746 6
-0.188843 -0.055416 0.042420 2
0.307035 -0.028826 0.075567 1
-0.162947 0.265562 -0.273011 4
0.340526 -0.038053 0.095643 1
-0.199382 -0.057311 0.010294 2
-0.045116 0.232230 0.361698 3
-0.130464 0.258358 -0.397166 4
0.451051 -0.073030 0.069471 1
-0.131186 0.233118 -0.479156 4
-0.204899 -0.058757 0.062136 2
0.260410 -0.024620 0.014958 1
0.025986 -0.734840 0.021911 0
0.008264 0.162152 0.041399 0
-0.077532 0.245168 0.088690 8
0.037214 0.154817 0.444351 3
0.011360 -0.892085 0.021612 0
0.410634 -0.059021 0.075624 1
0.317175 -0.032233 0.042388 1
0.004544 -0.461503 -0.000634 0
0.030035 -0.576738 -0.007385 0
0.010758 -0.280181 -0.024861 0
-0.187419 0.254966 -0.279755 4
0.019615 -0.802154 0.004000 0
0.029480 0.254230 -0.219088 6
-0.422855 -0.139386 0.062862 2
0.330712 -0.027915 -0.024578 1
-0.003878 0.164340 0.470996 3
0.023826 -0.606607 -0.006181 0
-0.130898 0.247119 -0.432819 4
0.027192 0.192780 0.038315 0
-0.007254 0.170456 -0.049137 0
-0.358565 -0.120238 0.088886 2
0.018935 0.195838 0.377165 3
0.367849 -0.050164 0.102507 1
0.019125 0.192869 0.068030 0
0.027883 0.257008 -0.184010 6
-0.061066 0.263791 -0.272134 4
0.163233 0.199852 0.162856 5
-0.015431 0.218313 -0.288961 6
0.470560 -0.072329 0.055525 1
0.011982 -0.006041 -0.025677 0
0.081204 0.181312 0.316176 3
0.122575 -0.064073 -0.022480 0
0.210035 -0.012852 -0.051393 1
0.011625 -0.226544 -0.014223 0
-0.178150 0.275323 -0.197115 7
-0.057116 0.241365 0.115497 8
0.270205 -0.024139 -0.012649 1
0.019940 0.227997 0.256222 3
-0.013640 0.178190 -0.074862 0
-0.131332 0.248847 0.115545 8
-0.234847 0.221462 -0.352201 4
0.170411 -0.027466 -0.024424 1
0.077629 0.146425 0.293411 3
-0.097723 0.247158 -0.419352 4
0.304092 -0.025454 0.002528 1
0.040216 0.222429 -0.091790 0
0.011252 -0.135847 -0.020193 0
-0.002646 0.236590 0.290199 3
0.005228 -0.423645 -0.005443 0
0.019185 -0.079615 -0.017120 0
-0.085857 0.228818 0.357604 3
-0.085077 0.245900 0.128752 8
0.019486 0.122287 0.511316 3
0.018603 0.213111 -0.299083 6
-0.033325 0.196675 -0.097488 0
0.389185 -0.042737 0.003849 1
-0.076633 0.188597 0.388525 3
0.019763 0.221668 0.289601 3
0.008999 0.185736 0.029941 0
0.009627 -0.313916 -0.023935 0
-0.278133 -0.086300 0.095668 2
-0.151787 0.281618 -0.184997 7
-0.221125 -0.045711 -0.024828 2
0.004844 -0.355441 -0.010877 0
0.059297 0.181142 0.356588 3
0.008701 -0.640362 -0.009648 0
0.428075 -0.058712 0.042736 1
0.451414 -0.065331 0.028890 1
-0.003809 0.228922 0.329712 3
0.141021 -0.045187 0.008923 1
-0.292905 -0.089985 0.063207 2
0.029095 0.235118 0.182915 3
-0.117575 0.270164 -0.299255 4
0.065901 0.171231 0.379740 3
-0.090267 0.263387 -0.199753 7
-0.051564 0.225097 -0.139035 0
-0.229489 0.221093 -0.493125 4
0.003212 0.027088 -0.012348 0
-0.389976 -0.131047 0.088328 2
-0.029607 0.228529 -0.105224 0
-0.151240 0.269566 -0.291950 4
0.048842 0.227329 0.124060 5
-0.188534 -0.028740 -0.040481 2
0.019490 -0.884068 0.002539 0
0.035763 -0.166486 -0.022837 0
0.008853 -0.570562 -0.021919 0
0.203108 -0.030911 0.000492 1
0.172449 0.180270 0.209471 5
0.023905 -0.152290 -0.033253 0
0.155674 -0.038496 -0.018144 1
-0.068748 0.251565 0.298068 3
-0.191504 0.254539 -0.345603 4
0.063298 0.221665 0.187340 5
-0.131502 0.226233 -0.498602 4
0.372023 -0.047319 0.062739 1
-0.034419 0.250016 0.223495 3
0.049459 0.198432 0.302967 3
-0.000697 0.079984 -0.010484 0
-0.366636 -0.109605 0.074550 2
0.009258 -0.581503 0.001994 0
0.039919 -0.468539 -0.000270 0
0.330184 -0.032078 0.021775 1
-0.170351 0.282865 -0.156644 7
0.004612 0.228671 0.120473 0
-0.060900 0.257378 -0.352263 4
0.004999 -0.482316 -0.014036 0
-0.004180 0.246509 0.268941 3
0.142385 0.197143 0.202333 5
-0.076666 0.242288 -0.444261 4
-0.346552 -0.108304 -0.011049 2
0.009678 0.209938 -0.099829 0
0.049237 0.230220 0.156002 5
-0.231654 -0.065290 0.048848 2
-0.061388 -0.091306 0.006587 2
0.036208 0.185032 0.391011 3
0.144235 0.212438 0.136227 5
0.035830 0.194681 0.363651 3
-0.020005 0.203269 0.384545 3
0.029566 0.218466 0.269894 3
0.059210 0.236169 -0.238938 6
-0.039037 0.211731 -0.130497 0
0.005467 0.139082 0.002361 0
0.018312 0.208245 0.090273 0
0.033914 -0.756630 0.011062 0
-0.091325 0.263502 -0.265093 4
0.438438 -0.071430 0.083555 1
-0.141298 0.261962 -0.243988 4
0.025912 -0.373342 -0.017243 0
-0.059905 0.250971 -0.185225 0
0.086031 -0.115239 -0.022053 0
-0.261742 -0.076761 0.061665 2
-0.204907 0.251904 -0.313462 4
-0.038756 -0.119328 -0.000008 0
0.020831 -0.094336 -0.035315 0
0.036271 -0.793252 0.013133 0
0.009024 -0.207097 -0.018077 0
-0.312746 -0.091738 0.008752 2
-0.001766 0.061234 -0.013718 0
-0.020954 0.247376 -0.238666 6
-0.130884 0.269566 -0.312168 4
0.011035 0.119681 -0.021985 0
-0.037569 0.241619 0.329981 3
-0.203053 -0.055955 0.029574 2
0.026128 -0.144761 -0.013672 0
0.500909 -0.093011 0.075869 1
0.009997 -0.387362 -0.017916 0
0.026472 -0.396090 -0.004829 0
-0.294372 -0.074235 -0.012226 2
-0.124349 -0.054550 0.042339 2
-0.158521 -0.041668 -0.025442 2
0.010130 -0.240117 -0.031022 0
0.002340 0.144003 0.496916 3
-0.123474 0.245250 0.138907 8
0.018226 0.230934 0.216629 3
0.122402 0.209565 0.190152 5
0.004798 -0.441794 -0.006780 0
0.029272 -0.219970 -0.027723 0
0.020382 -0.541025 0.006051 0
0.020018 0.215118 0.316909 3
0.023161 -0.198296 -0.033397 0
-0.191081 -0.053661 0.082326 2
0.236301 -0.024500 0.009218 1
0.067428 0.191134 0.298770 3
0.025850 -0.319943 -0.018643 0
0.279823 -0.022908 0.074462 1
0.028156 0.205866 0.341141 3
0.099800 0.227651 0.128853 5
-0.117029 0.263286 -0.226398 4
0.035806 0.230335 -0.272890 6
-0.205002 0.245468 -0.366132 4
0.019179 -0.768000 0.002696 0
0.356907 -0.039017 0.036131 1
-0.132376 0.260974 -0.033546 9
-0.052625 0.224600 -0.415266 4
-0.178553 0.251925 -0.386189 4
0.169871 -0.025376 -0.043812 1
-0.027194 0.189708 -0.077302 0
0.026860 -0.338546 -0.012803 0
0.076255 0.195883 0.260586 3
-0.076581 0.272359 -0.165730 7
0.120969 -0.077004 -0.007176 0
-0.229616 -0.069844 0.030562 2
-0.110499 0.245096 -0.432677 4
0.444043 -0.063391 0.009316 1
0.069552 0.180967 -0.331182 6
-0.030596 0.229022 0.095769 8
-0.252458 -0.064010 -0.009932 2
0.027626 -0.681600 0.002986 0
0.040894 -0.983066 0.009651 0
0.018449 -0.821911 0.016156 0
-0.075103 0.202101 -0.445699 4
0.007251 -0.036743 -0.006834 0
0.025273 -0.287170 -0.017381 0
0.099556 0.221870 0.169206 5
0.018906 0.223557 0.141861 0
-0.019749 0.221825 0.350773 3
-0.245173 -0.052364 -0.024677 2
0.010330 0.236657 0.156183 0
-0.327497 -0.103168 0.084791 2
-0.102009 0.266871 -0.291598 4
0.501778 -0.104368 0.106259 1
0.082443 0.224082 0.144316 5
0.004486 0.114709 0.520876 3
-0.070974 0.256721 -0.198650 7
0.027099 -0.654222 0.002304 0
0.026481 -0.929514 0.028744 0
-0.225799 0.239439 -0.338776 4
-0.003745 0.174837 0.042713 0
-0.034983 0.208358 -0.111379 0
0.205159 0.164916 0.197248 5
0.011191 -0.628420 0.007110 0
0.290376 -0.021837 -0.017969 1
0.043640 0.132197 0.474573 3
-0.366108 -0.117870 0.028188 2
0.018507 -0.920759 0.003864 0
0.004983 -0.060117 -0.030154 0
0.019053 0.259405 -0.204683 6
-0.040343 0.236903 -0.162368 0
0.470967 -0.085534 0.082425 1
-0.061341 0.240970 0.082669 8
0.067104 -0.140713 -0.011603 0
-0.292934 -0.092298 0.082724 2
-0.031282 0.240046 -0.137773 0
0.068640 0.166750 0.396901 3
-0.434914 -0.164648 0.070717 2
-0.140922 0.264098 -0.359141 4
0.059836 0.149132 0.430725 3
-0.291771 -0.085966 0.042809 2
-0.141125 -0.050096 0.062352 2
0.512834 -0.117272 0.076375 1
-0.324639 -0.094787 0.042497 2
0.138283 -0.059638 -0.010064 0
0.300196 -0.016513 -0.044874 1
0.238369 -0.016409 -0.042589 1
0.100926 -0.087203 -0.003562 0
0.413501 -0.056212 0.023906 1
-0.008929 -0.007842 -0.028775 0
0.063595 0.204687 0.054814 0
-0.276590 -0.061092 -0.035809 2
-0.077856 -0.075990 0.014079 2
0.022832 -0.360753 -0.005978 0
0.029064 -0.942389 0.010077 0
0.349564 -0.027635 -0.026588 1
-0.108552 -0.070229 0.000751 2
-0.012788 0.191609 0.420877 3
0.010910 -0.857999 0.024515 0
-0.028922 -0.146787 -0.007205 0
-0.205028 0.206596 -0.545989 4
0.035859 0.227988 0.229349 3
-0.302054 -0.097624 0.115143 2
-0.070847 0.260636 -0.338822 4
-0.003190 0.127251 0.014216 0
0.018261 -0.467854 -0.015649 0
0.014827 -0.862704 0.008238 0
-0.101224 0.249979 0.102596 8
-0.024452 0.206267 -0.086093 0
0.269589 -0.017012 -0.044036 1
0.019062 -0.470392 0.007509 0
0.012932 -0.945124 0.028355 0
-0.285339 -0.081502 0.022240 2
0.190378 -0.016504 0.046621 1
0.051788 0.249413 -0.211199 6
0.042163 -0.996113 0.025323 0
-0.151211 0.211696 -0.526935 4
0.075175 0.226304 -0.275188 6
0.220006 -0.018837 0.029066 1
-0.101015 0.262308 -0.365608 4
-0.261857 -0.077781 0.029483 2
-0.305920 -0.075486 -0.029577 2
-0.197768 -0.042586 -0.027463 2
0.177070 0.191905 0.155876 5
0.260364 -0.020763 0.055845 1
-0.023549 0.129501 -0.042469 0
0.009873 0.238322 -0.258985 6
-0.084340 0.221578 0.376223 3
-0.062042 0.240543 -0.413107 4
0.040438 -0.194026 -0.011886 0
-0.158198 0.251344 -0.412220 4
-0.325084 -0.093186 -0.011310 2
-0.050979 0.217296 -0.079075 9
-0.078276 0.239015 0.330728 3
0.382007 -0.044309 0.022082 1
0.245681 -0.014550 0.073312 1
0.484718 -0.084532 0.049007 1
0.010408 0.185824 0.411130 3
-0.066085 0.227198 -0.072522 9
0.029132 -0.517190 -0.000213 0
-0.001532 0.198332 0.065152 0
-0.029029 0.258941 -0.172892 6
0.033753 -0.119183 -0.022418 0
0.373243 -0.035447 -0.012075 1
0.330524 -0.033595 0.055751 1
-0.151474 -0.046667 -0.003598 2
-0.173901 0.235837 0.110324 8
-0.410344 -0.144636 0.106729 2
0.006909 -0.021064 -0.036092 0
0.116241 0.218467 0.156112 5
-0.236892 -0.063633 0.002138 2
0.045833 0.205050 0.043039 0
0.421979 -0.055319 0.009304 1
-0.036612 0.252132 -0.205888 6
0.410277 -0.045001 -0.021641 1
-0.032574 0.245772 0.243034 3
-0.181208 0.262009 -0.305257 4
0.300619 -0.027209 0.035514 1
-0.141095 0.241551 -0.452710 4
0.023098 -0.440819 -0.011250 0
0.021225 -0.851647 -0.002082 0
-0.171276 0.236419 -0.466055 4
-0.027650 0.179598 0.455843 3
0.131351 0.218294 0.122132 5
0.051149 0.116303 0.496781 3
0.059272 0.207859 -0.300080 6
0.020758 0.149804 0.471378 3
-0.053075 0.249500 0.263896 3
0.114664 0.225332 0.135123 5
-0.100771 0.280962 -0.158264 7
0.050430 -0.161675 -0.016156 0
0.041911 0.173819 0.416979 3
-0.011453 0.211814 0.368301 3
0.029469 0.214659 0.302923 3
0.449966 -0.080657 0.102483 1
-0.191846 0.247823 -0.398618 4
0.018906 -0.688067 0.015017 0
-0.057517 0.247507 -0.392270 4
-0.380911 -0.114470 0.055940 2
-0.032091 0.233481 0.348358 3
-0.228300 0.228338 -0.319978 4
-0.060744 0.207920 0.390104 3
0.027139 -0.556530 -0.001510 0
-0.004328 0.208525 -0.091390 0
0.028415 -0.259996 -0.023882 0
-0.204481 0.252495 -0.332097 4
0.029148 -0.036548 -0.015936 0
-0.164076 0.231298 -0.482321 4
0.019574 0.134741 0.496595 3
0.504680 -0.119642 0.102259 1
-0.037356 0.235194 0.108955 8
-0.181588 0.217207 -0.519782 4
-0.038405 0.232690 0.078592 8
0.009149 -0.173006 -0.021210 0
0.049373 0.211461 0.276172 3
0.176899 0.185220 0.189768 5
-0.117157 0.250896 0.101310 8
0.011864 -0.703630 0.014903 0
-0.011029 0.251432 0.223078 3
-0.059974 -0.105374 -0.004698 2
-0.125203 0.268898 -0.265098 4
0.023896 -0.990478 0.024967 0
0.004542 -0.881329 0.011725 0
-0.157733 -0.049851 0.075681 2
-0.334198 -0.103451 0.033228 2
-0.046122 0.253959 -0.300138 4
-0.398428 -0.132374 0.074095 2
-0.005826 0.232639 -0.269745 6
-0.000518 0.131636 -0.027929 0
-0.212319 -0.058797 0.001248 2
-0.002629 0.114301 -0.003491 0
0.034551 -0.689165 0.020910 0
0.058198 0.219448 0.237698 3
-0.164369 0.265684 -0.307015 4
0.156569 0.192026 0.197682 5
0.039177 0.222872 0.212399 3
-0.057942 0.244638 0.329913 3
-0.429923 -0.151687 0.054475 2
0.310486 -0.024517 -0.033357 1
-0.076349 0.264573 -0.298418 4
0.203685 -0.017654 0.008887 1
0.027845 -0.783105 0.021642 0
0.020019 0.190255 0.083477 0
-0.398587 -0.121432 0.048239 2
-0.319422 -0.085839 -0.028426 2
-0.213128 0.236572 -0.376160 4
-0.037451 0.253941 0.296647 3
0.230573 -0.017042 0.042794 1
0.395759 -0.048647 0.042723 1
0.049899 0.175842 -0.342867 6
-0.352100 -0.105362 0.062371 2
-0.010537 0.156057 0.483192 3
-0.002003 0.031000 -0.032034 0
-0.070907 0.260905 -0.238698 4
0.027794 -0.889496 0.026525 0
-0.332016 -0.106491 0.068659 2
-0.093884 -0.072120 -0.004233 2
0.098038 -0.097142 -0.022550 0
-0.025498 0.160566 0.485264 3
0.024970 -0.105817 -0.025604 0
0.015981 0.240790 0.189157 3
-0.141597 0.248494 0.102225 8
0.086328 0.167935 0.310049 3
-0.110936 0.275630 -0.191057 7
-0.132958 0.277439 -0.150880 7
0.002672 0.246712 -0.238841 6
0.027207 0.189282 -0.331413 6
0.019251 -0.419212 -0.022522 0
0.027071 -0.226425 -0.013059 0
0.005343 -0.508491 -0.000748 0
0.019773 -0.002364 -0.012826 0
0.139804 0.195686 0.134778 5
0.033494 -0.716480 0.009830 0
0.083773 -0.120336 -0.007488 0
0.085926 0.190554 0.282064 3
-0.060697 0.260265 -0.218701 4
-0.304930 -0.097891 0.074791 2
0.075844 0.211659 0.048555 0
-0.001247 -0.050137 -0.020187 0
0.011155 -0.568515 -0.006087 0
-0.048856 0.248903 -0.371900 4
0.169174 -0.031030 0.022478 1
-0.218848 -0.061287 0.095401 2
-0.010917 0.181808 0.437038 3
-0.060864 0.261769 -0.252136 4
0.002127 0.175378 0.444342 3
0.023248 -0.635561 0.013424 0
-0.045067 0.254396 -0.218519 6
-0.278335 -0.082251 0.055825 2
-0.211039 0.214962 -0.525791 4
-0.043749 0.253708 -0.191238 6
0.079415 0.217444 0.122301 5
0.292196 -0.022056 0.014828 1
0.204467 -0.014814 0.052377 1
0.059110 0.160378 0.416731 3
0.019441 -0.653189 -0.010909 0
-0.171660 0.211290 -0.532211 4
0.019312 -0.494133 -0.012396 0
0.019035 0.178801 0.421603 3
-0.091252 0.261301 -0.218574 4
-0.004146 0.234841 0.309699 3
-0.003373 0.130545 -0.049326 0
-0.196940 0.231938 -0.482937 4
-0.051012 0.255903 0.290003 3
0.028785 0.228090 0.124728 5
0.477235 -0.075808 0.021565 1
0.183606 -0.036298 -0.000359 1
-0.434370 -0.159740 0.088608 2
-0.041835 0.251006 -0.238377 4
0.175991 0.190708 0.139283 5
0.196211 0.174200 0.176210 5
-0.126090 0.218634 -0.510566 4
-0.006335 0.114141 -0.025351 0
-0.185643 0.277951 -0.179065 7
0.472753 -0.103823 0.115599 1
0.270395 -0.018182 0.002496 1
-0.084580 0.251517 -0.392444 4
-0.247132 -0.072281 0.106653 2
0.065767 0.131465 0.462224 3
-0.123967 -0.060881 0.002341 2
0.363741 -0.038997 0.022594 1
0.032977 -0.860359 0.025082 0
0.004923 -0.396079 -0.006655 0
-0.237462 -0.070254 0.075625 2
-0.002527 0.088305 -0.023302 0
-0.117355 0.236389 -0.466450 4
-0.190880 -0.053411 -0.007660 2
0.395191 -0.071040 0.121318 1
0.190281 -0.020166 0.029385 1
0.012532 -0.373802 -0.010315 0
0.037126 0.243523 -0.246818 6
0.027602 -0.132756 -0.024590 0
0.380615 -0.054892 0.096075 1
0.029306 -0.186457 -0.018618 0
-0.191936 0.244715 -0.425761 4
0.015629 -0.841830 0.015591 0
-0.117955 0.258262 -0.038016 9
-0.084294 0.261112 -0.345499 4
0.276970 -0.020673 0.015764 1
-0.252142 -0.072540 0.049204 2
-0.017207 0.149743 -0.031024 0
-0.117206 0.263165 -0.339557 4
-0.059846 0.253724 0.276542 3
0.231901 -0.012071 0.066544 1
0.004889 0.219215 -0.290533 6
0.043944 0.143258 0.451643 3
-0.013324 -0.149879 -0.009285 0
0.013886 -0.743531 0.021355 0
0.005464 -0.074973 -0.031289 0
0.340531 -0.038830 0.075727 1
-0.198160 0.225052 -0.500383 4
-0.004108 -0.162293 -0.014141 0
-0.235116 0.208285 -0.338214 4
-0.002359 -0.027755 -0.021362 0
-0.371651 -0.113053 0.042334 2
0.284138 -0.025351 0.043337 1
0.011218 -0.728508 0.003340 0
0.007785 -0.541325 -0.004404 0
-0.084873 0.240132 -0.432057 4
-0.004281 0.219613 0.105129 8
0.042548 0.228191 0.142893 5
0.034955 -0.847774 0.010713 0
-0.071422 0.244500 0.122468 8
0.005038 -0.493680 -0.001648 0
-0.104551 0.267933 -0.251870 4
-0.392437 -0.126988 0.022645 2
-0.171253 -0.053499 0.049157 2
-0.085749 0.222721 -0.447836 4
-0.045714 0.253470 -0.346263 4
-0.037613 0.255606 0.263190 3
0.323991 -0.027678 0.008049 1
-0.157128 0.262781 -0.358665 4
-0.060392 0.221365 -0.434601 4
-0.013169 0.251472 0.250773 3
0.009685 0.215721 0.115585 0
0.011112 0.238944 0.262592 3
0.011665 -0.808922 0.014392 0
-0.071154 0.263031 -0.318929 4
-0.111509 -0.051777 0.048972 2
-0.358783 -0.113403 0.002055 2
-0.062125 0.234785 0.295097 3
0.019248 0.216718 -0.090952 0
0.055572 0.235922 -0.224718 6
0.403702 -0.062006 0.088860 1
0.464351 -0.073907 0.075585 1
0.015776 -0.929083 0.015621 0
0.004324 0.154767 0.028850 0
-0.211102 0.233006 -0.472210 4
0.011498 0.238718 0.243088 3
0.022372 -0.956296 0.009258 0
-0.404321 -0.128204 0.088561 2
0.017687 0.230316 0.173929 3
-0.091367 0.248335 0.115789 8
0.076401 0.160848 -0.348954 6
0.032191 -0.901813 0.014528 0
0.330247 -0.023309 -0.038403 1
0.220271 0.155362 0.189480 5
0.065392 0.185313 0.330090 3
-0.007054 0.251370 -0.214279 6
-0.005650 0.140811 -0.037985 0
-0.158116 0.283503 -0.172035 7
-0.411523 -0.127949 0.049526 2
0.238332 -0.018463 -0.023971 1
0.008900 0.263845 -0.184151 6
-0.064480 0.242493 0.103018 8
-0.141200 0.285512 -0.166323 7
0.018695 -0.454059 0.006150 0
-0.059928 0.250231 -0.170140 0
0.047750 0.199735 0.323151 3
0.350544 -0.033071 0.001975 1
0.002203 0.001078 -0.017711 0
0.219712 -0.023577 -0.003901 1
0.019845 -0.708112 0.002698 0
-0.238242 -0.065452 0.016430 2
-0.117926 0.281914 -0.172009 7
0.423818 -0.050094 -0.015475 1
0.036826 0.231098 -0.109995 0
0.015088 -0.674934 0.009193 0
0.020526 -0.661894 0.013337 0
0.019533 -0.908939 0.021402 0
0.075140 0.190389 -0.317563 6
-0.141567 -0.045667 -0.017435 2
0.416603 -0.076687 0.108819 1
-0.083465 0.244836 -0.418374 4
0.018912 -0.080123 -0.031631 0
0.316663 -0.030917 0.062721 1
-0.117699 0.262417 -0.365653 4
0.019093 -0.514826 0.009854 0
0.014420 -0.959287 0.026328 0
0.010892 0.203594 0.368113 3
0.012291 -0.293337 -0.016997 0
0.063106 0.231979 0.131818 5
0.404061 -0.049771 0.008973 1
-0.151035 0.267966 -0.325056 4
-0.164834 0.279032 -0.193308 7
-0.104808 0.263508 -0.331792 4
-0.085270 -0.076541 -0.015159 2
0.044574 0.122908 0.485426 3
-0.077855 0.262421 -0.272302 4
0.073796 0.137133 0.448516 3
-0.205282 0.237689 -0.451940 4
-0.422270 -0.146283 0.089096 2
-0.013587 0.245546 0.296020 3
-0.151682 0.259538 -0.378846 4
0.031023 -0.066596 -0.016123 0
0.010377 -0.327211 -0.029093 0
-0.049164 0.236891 -0.131352 0
0.017299 -0.165938 -0.030551 0
-0.020213 0.222072 0.088883 8
-0.006830 0.251021 0.236706 3
0.074280 0.175916 0.350443 3
-0.164347 0.244423 -0.438647 4
0.018951 0.231810 -0.269038 6
-0.172264 -0.048796 0.014379 2
0.035890 0.227655 0.170008 5
-0.123974 0.270567 -0.211133 7
0.043554 0.193811 -0.321823 6
0.310170 -0.026406 0.089205 1
0.011112 -0.191833 -0.029577 0
0.012732 0.212501 0.350100 3
0.026726 -0.826927 0.026533 0
-0.083690 0.234693 0.343854 3
0.226960 0.143096 0.208397 5
-0.370194 -0.124860 0.095576 2
-0.010721 0.261389 -0.191873 6
0.028727 -0.875276 0.009444 0
0.004672 0.209048 0.099948 8
0.249963 -0.018910 0.022589 1
0.019865 0.142119 0.484538 3
-0.111640 -0.056307 0.029980 2
0.026997 0.158350 0.454713 3
0.009702 0.020785 -0.024032 0
-0.151706 0.245265 0.123171 8
0.019353 -0.787837 0.003441 0
0.060860 0.123334 0.314950 3
0.017171 -0.044322 -0.013373 0
-0.405883 -0.138009 0.022705 2
0.027420 -0.305676 -0.022607 0
0.167836 -0.037071 -0.011213 1
0.147868 0.203778 0.170042 5
-0.155353 0.263321 -0.030892 9
0.059575 0.228799 -0.265720 6
-0.221071 -0.064751 0.061831 2
0.010391 -0.341046 -0.024665 0
0.002802 0.220415 0.089337 8
-0.017033 0.237194 0.322040 3
0.042048 0.224360 0.242858 3
0.370403 -0.049551 0.082965 1
0.396415 -0.054203 0.069056 1
0.014780 -0.019706 -0.024602 0
-0.351410 -0.114372 0.073165 2
-0.064330 0.238578 -0.064582 9
0.051942 0.205803 0.288702 3
0.025883 0.224141 -0.280555 6
0.010900 -0.126747 -0.030792 0
-0.005992 0.155114 -0.047638 0
-0.087772 0.208295 0.378775 3
0.069754 0.228033 0.155865 5
-0.218145 0.217907 -0.512845 4
0.010714 0.236321 0.203048 3
-0.009117 0.019701 -0.035968 0
0.010798 -0.103402 -0.032028 0
0.514473 -0.102178 0.077611 1
-0.358468 -0.118919 0.102796 2
0.209726 -0.016266 -0.037919 1
0.486200 -0.090482 0.077228 1
-0.017762 -0.159471 -0.022494 0
0.002292 0.048216 -0.011101 0
-0.111035 0.253918 -0.051842 9
-0.370865 -0.121991 0.079160 2
-0.325162 -0.097402 0.056637 2
-0.148326 0.229470 -0.486293 4
0.015835 -0.093060 -0.016786 0
-0.165632 -0.055193 0.002544 2
-0.252037 -0.071864 0.021711 2
-0.005972 0.223795 -0.280457 6
-0.271876 -0.065056 -0.017343 2
-0.164600 0.253951 -0.399015 4
0.209004 -0.023267 -0.023646 1
0.037616 0.196654 0.350084 3
-0.048862 0.258911 -0.317588 4
-0.073796 0.246088 0.074256 8
0.026138 -0.273509 -0.025419 0
0.028876 0.205846 -0.309982 6
0.074250 -0.138819 -0.023353 0
-0.010443 0.136648 0.508797 3
-0.189633 0.258487 -0.292878 4
0.010848 0.204594 -0.308590 6
0.016515 -0.379303 -0.029199 0
-0.141836 -0.055630 0.000413 2
-0.298319 -0.094026 0.102402 2
-0.003662 0.200480 0.390166 3
0.015593 0.174642 0.436995 3
0.021565 -0.982728 0.010417 0
-0.349422 -0.104558 0.048603 2
0.391860 -0.063327 0.096592 1
0.317975 -0.027775 -0.004658 1
-0.204473 -0.058544 0.075856 2
0.025265 -0.721146 0.021297 0
-0.110860 0.231645 -0.479385 4
0.011943 0.160193 0.469812 3
0.021375 -0.246359 -0.035768 0
0.042814 0.180498 0.402986 3
-0.250982 -0.049239 -0.036668 2
0.142826 -0.044966 -0.004641 1
-0.020822 0.250520 -0.225228 6
0.340424 -0.037882 0.029410 1
-0.021884 0.240432 -0.263241 6
-0.208942 0.245088 -0.399036 4
-0.284686 -0.076922 0.004510 2
0.149325 0.200526 0.189243 5
0.041445 0.199410 0.335397 3
-0.020232 0.173669 -0.058407 0
0.070940 0.203943 0.270211 3
-0.102204 0.239040 -0.451917 4
-0.213055 0.243813 -0.306132 4
-0.130866 0.237986 -0.465855 4
0.015288 0.221577 0.163769 0
-0.047750 0.256260 -0.272186 4
-0.228028 0.234725 -0.352122 4
0.183812 0.175432 0.203759 5
0.069378 0.214494 -0.285041 6
0.357172 -0.043568 0.048950 1
0.095580 0.217768 0.184737 5
0.040353 -0.831806 -0.000526 0
0.004169 0.054823 -0.024958 0
0.486990 -0.096796 0.105453 1
-0.091003 0.249291 -0.405618 4
-0.221486 -0.040790 -0.037481 2
0.009877 -0.593973 0.007336 0
0.028585 -0.734734 0.008584 0
0.203105 -0.018994 0.022363 1
0.024781 -0.407762 -0.011500 0
-0.089809 0.271199 -0.183208 7
-0.007795 0.106748 -0.043773 0
-0.079265 0.243885 -0.064412 9
-0.111430 0.247811 0.129654 8
-0.053413 0.249694 -0.158319 0
-0.004558 0.255616 -0.167847 6
0.018757 -0.755100 0.008727 0
0.010580 -0.266696 -0.024633 0
0.031876 -0.962965 0.027090 0
0.221451 0.159114 0.172173 5
0.435361 -0.090802 0.120854 1
0.012507 -0.553105 -0.017400 0
-0.036876 0.229474 -0.143948 0
-0.151064 0.268575 -0.278540 4
-0.341856 -0.104744 0.022254 2
0.027208 -0.748099 0.020058 0
-0.171682 0.263007 -0.338971 4
-0.112743 -0.054780 -0.005729 2
0.063251 0.182769 0.343866 3
-0.076601 0.266048 -0.152659 7
0.049701 0.216300 -0.290073 6
0.032898 -0.664749 0.008262 0
-0.164914 0.255930 -0.385754 4
0.001533 0.243800 0.209359 3
-0.011306 0.146450 -0.063020 0
-0.060827 0.255389 -0.365504 4
0.021994 -0.527609 -0.004647 0
-0.385960 -0.130683 0.103600 2
0.018318 -0.881898 0.016457 0
0.029091 -0.893892 0.003631 0
0.025498 -0.247062 -0.013383 0
0.027937 -0.938125 -0.004324 0
0.014999 -0.619876 -0.006655 0
-0.140950 0.278859 -0.192288 7
0.008207 -0.473882 -0.003988 0
0.420658 -0.058805 0.055956 1
0.081559 0.170245 -0.338084 6
-0.275417 -0.082538 0.108159 2
-0.118095 0.267928 -0.285684 4
-0.104309 0.264987 -0.305266 4
-0.164949 -0.056884 0.022018 2
-0.114069 0.258309 -0.396247 4
0.054341 0.243455 -0.199571 6
-0.346650 -0.107951 0.002501 2
0.008694 0.233648 0.296514 3
0.042850 -0.916896 0.004505 0
0.251532 -0.016831 -0.044449 1
-0.060596 0.263704 -0.285423 4
-0.085258 0.250114 -0.045856 9
0.042008 0.207020 0.309853 3
-0.038209 0.213178 0.382291 3
0.090927 -0.095153 -0.007207 0
-0.060687 0.236005 0.357263 3
-0.052967 0.235595 0.128033 8
0.409425 -0.055333 0.062933 1
-0.124304 0.260201 -0.385563 4
0.002809 0.169365 0.456804 3
0.088194 0.147961 0.303427 3
0.259922 -0.017732 -0.018009 1
-0.015432 0.192110 -0.071741 0
0.076132 0.147421 0.423332 3
0.333540 -0.033714 0.106005 1
0.052056 0.133027 0.464419 3
-0.385716 -0.130547 0.007837 2
0.270170 -0.015559 -0.026912 1
-0.229033 0.222782 -0.372082 4
0.155411 -0.038423 0.008433 1
0.092163 0.224088 0.118693 5
-0.131366 0.269256 -0.298984 4
-0.068562 -0.086372 -0.005062 2
0.018336 -0.507229 -0.011501 0
-0.102270 -0.061667 0.009449 2
-0.423145 -0.145644 0.075996 2
0.438054 -0.064826 0.049345 1
-0.405537 -0.139998 0.095418 2
-0.058129 0.226903 0.375407 3
0.021337 -0.580390 0.007024 0
0.012056 0.200491 0.076041 0
-0.124500 -0.054118 0.028544 2
0.050596 0.179202 0.388678 3
-0.181458 0.281619 -0.165221 7
0.000181 0.016367 -0.003326 0
-0.030833 0.254811 0.276518 3
-0.060934 0.249562 0.309824 3
0.508448 -0.096431 0.051681 1
0.026948 -0.641187 0.001040 0
-0.191696 0.246554 -0.411989 4
0.470429 -0.082818 0.095216 1
0.443990 -0.064527 0.062470 1
0.091744 0.174351 0.295671 3
0.026325 0.164618 0.443255 3
-0.096755 0.265362 -0.279721 4
-0.284662 -0.067667 -0.018027 2
0.028394 0.212950 0.122041 5
0.079374 0.142094 0.314353 3
-0.084570 0.263229 -0.231938 4
0.026635 0.113053 0.518041 3
-0.046350 0.248645 -0.359093 4
0.107457 -0.097387 -0.010237 0
0.087586 0.186510 -0.318156 6
-0.211733 0.238382 -0.439741 4
0.018365 -0.795276 0.015975 0
-0.312851 -0.104479 0.110065 2
0.033615 -0.207706 -0.028219 0
0.380335 -0.034124 -0.024451 1
0.018152 -0.453888 -0.016164 0
0.017960 -0.066049 -0.029380 0
-0.260891 -0.070170 -0.002185 2
-0.191036 0.252971 -0.358726 4
-0.151005 -0.049156 0.027918 2
0.059364 0.187287 -0.326195 6
0.020552 0.190221 0.052923 0
0.243596 -0.019273 0.042195 1
-0.161941 0.256293 -0.263989 4
-0.084527 0.241475 0.140932 8
0.210083 0.165097 0.163633 5
0.236936 -0.022968 -0.003869 1
-0.191405 0.221878 -0.512728 4
0.437443 -0.078153 0.100314 1
-0.042910 0.228284 0.089895 8
-0.141340 -0.051636 0.049013 2
-0.061356 0.223066 -0.058946 9
0.022254 -0.997720 0.004192 0
0.008191 0.226768 0.322708 3
0.249703 -0.018104 0.009690 1
-0.265208 -0.079768 0.075698 2
0.356898 -0.029671 -0.037021 1
0.019321 -0.969422 0.009521 0
0.043361 0.223550 -0.281503 6
-0.131505 0.265527 -0.251575 4
-0.265038 -0.080219 0.095882 2
0.430490 -0.053921 -0.004442 1
-0.164208 0.246759 -0.425989 4
0.018315 -0.483221 0.006774 0
0.030627 -0.915510 0.015571 0
-0.192310 0.199065 -0.556652 4
0.068961 0.224309 0.176132 5
-0.158126 -0.038621 -0.037898 2
-0.037468 0.255373 0.236106 3
0.020058 -0.278614 -0.035472 0
0.019239 0.243107 -0.251660 6
-0.309383 -0.090530 -0.003544 2
-0.012979 0.259556 -0.204432 6
0.196826 -0.019517 -0.017374 1
0.242485 -0.011618 -0.056213 1
0.006111 0.105724 0.013387 0
0.001999 0.210680 0.362253 3
0.196855 0.165169 0.208067 5
0.036118 0.122461 0.496705 3
-0.032798 0.261180 -0.305926 4
0.430898 -0.064232 0.076193 1
-0.097129 -0.063522 0.028266 2
-0.171138 0.229170 -0.492727 4
-0.431082 -0.171493 0.093348 2
-0.097211 0.243024 -0.073401 9
0.002641 0.259385 -0.212263 6
-0.090527 0.265053 -0.245962 4
-0.204538 0.242922 -0.425852 4
-0.353051 -0.109457 0.092808 2
-0.181554 -0.045300 -0.010699 2
-0.191496 0.207683 -0.545762 4
0.073947 -0.126434 -0.018802 0
-0.345862 -0.117267 0.102802 2
0.003073 0.067676 -0.003887 0
-0.072418 0.239177 -0.076638 9
0.131070 0.212403 0.169164 5
-0.131002 -0.047000 -0.025136 2
-0.009923 0.224752 0.343284 3
0.057994 0.179028 0.369023 3
0.002979 0.187371 0.056375 0
0.330188 -0.031891 0.035432 1
0.089522 0.148801 0.289749 3
0.026202 -0.595052 0.001296 0
-0.371648 -0.120184 0.062402 2
-0.028487 0.228885 0.115392 8
0.420698 -0.081901 0.121183 1
0.150037 0.208519 0.149527 5
0.499717 -0.092170 0.043610 1
-0.067892 0.261057 -0.178104 7
0.190118 -0.021627 0.002806 1
0.007814 0.165978 0.023045 0
0.010668 0.236579 0.229228 3
0.357579 -0.045677 0.095805 1
-0.053114 -0.101848 -0.014682 0
0.270310 -0.022249 0.042423 1
-0.204525 0.276164 -0.165526 7
-0.204818 0.274020 -0.178127 7
-0.111194 0.248822 0.089623 8
-0.174940 0.254280 -0.278185 4
-0.003017 0.206076 -0.079108 0
-0.031373 -0.132565 -0.005234 0
0.020273 -0.259768 -0.012910 0
-0.030841 0.256375 0.249559 3
-0.138222 0.256189 -0.049400 9
-0.142662 0.251512 -0.400522 4
-0.332021 -0.112121 0.116076 2
-0.141451 0.248547 -0.425759 4
0.033093 -0.702964 0.003148 0
-0.236557 0.208223 -0.352145 4
0.002752 0.245169 0.183498 3
-0.211715 -0.064150 0.025740 2
-0.392373 -0.119413 0.062827 2
-0.050937 0.200307 0.394800 3
-0.380830 -0.114971 0.076118 2
-0.413732 -0.129598 0.069110 2
0.079481 0.170004 0.321214 3
0.080312 0.156928 0.395790 3
-0.006552 0.158858 -0.060400 0
-0.064359 0.233755 0.070960 8
-0.323458 -0.102346 0.102512 2
-0.190951 0.258130 -0.312038 4
-0.191281 0.248619 -0.385848 4
0.460586 -0.070891 0.042360 1
0.003741 0.202580 0.088986 0
-0.090824 0.276371 -0.171876 7
0.157816 -0.035287 -0.004050 1
-0.004306 0.237033 0.260874 3
0.010243 -0.314132 -0.011513 0
0.015401 -0.999485 0.023786 0
0.002266 -0.521535 -0.003891 0
0.084502 -0.108343 -0.011831 0
0.014303 0.135633 -0.005639 0
0.026400 -0.917117 0.028300 0
0.049759 0.206379 0.054728 0
-0.010501 0.248590 -0.232124 6
-0.150973 0.222361 -0.506327 4
0.007755 0.067762 -0.018200 0
0.019001 -0.126588 -0.017445 0
0.088871 0.224579 0.155690 5
0.197052 -0.015746 -0.055844 1
0.052482 0.219457 0.249342 3
0.436894 -0.063273 0.035356 1
-0.022613 0.190796 -0.095594 0
0.130190 0.216392 0.155901 5
-0.017078 0.175472 0.034577 0
-0.084897 0.240218 0.362262 3
-0.012931 0.181936 0.020850 0
0.019347 0.227459 0.269802 3
0.029889 -0.768596 0.015586 0
-0.081706 0.199778 0.387409 3
0.030506 0.230593 0.217626 3
-0.028044 0.200975 0.404283 3
-0.210303 0.224257 -0.498475 4
-0.078290 0.255700 -0.379116 4
-0.031240 0.190871 0.036173 0
0.015839 -0.139140 -0.033536 0
-0.071168 0.263641 -0.258603 4
0.029399 0.250133 -0.232187 6
-0.171557 -0.052248 0.068960 2
-0.234645 0.196912 -0.364038 4
0.049229 0.242433 -0.244965 6
-0.090497 0.258691 -0.359097 4
0.029571 0.191226 0.382731 3
0.018959 -0.823362 0.003971 0
0.179492 -0.024327 0.022286 1
0.011480 0.006689 -0.023461 0
0.008232 -0.065215 -0.014062 0
-0.046417 0.250247 -0.325915 4
0.059532 -0.160274 -0.024253 0
0.011321 -0.281835 -0.012728 0
0.404699 -0.052263 0.035161 1
0.078254 0.189678 0.272549 3
0.380144 -0.050411 0.050457 1
0.010336 -0.614294 0.007730 0
0.461408 -0.098498 0.118061 1
0.019418 0.185572 0.402335 3
0.029332 0.227422 0.243863 3
-0.044350 0.245178 0.320477 3
-0.164824 0.224019 -0.505245 4
-0.298819 -0.084443 -0.003285 2
0.059765 0.222040 0.122951 5
-0.049498 -0.118918 -0.005726 0
-0.141449 0.244957 -0.439421 4
0.059630 0.228522 0.162605 5
-0.007461 0.244934 0.282765 3
0.030304 -0.835237 0.015219 0
-0.050403 0.262376 -0.291929 4
-0.198692 -0.058488 0.048847 2
0.009275 -0.012566 -0.013199 0
0.154518 0.205055 0.132310 5
-0.035980 0.249458 -0.159934 0
-0.213686 0.196625 -0.548774 4
0.019603 -0.319763 -0.031652 0
0.014808 -0.050317 -0.034741 0
0.019595 -0.166324 -0.018647 0
0.034014 0.139532 0.475379 3
0.482129 -0.075992 0.034068 1
-0.141162 0.257302 -0.386007 4
0.330819 -0.036492 0.088560 1
-0.385350 -0.123935 0.049830 2
-0.052123 0.236736 -0.393481 4
0.007230 0.170785 0.052556 0
-0.191175 -0.053765 0.028811 2
0.069278 0.207834 0.256281 3
0.019080 0.254082 -0.225260 6
0.004851 -0.038558 -0.018548 0
-0.111199 0.263324 -0.352252 4
-0.069099 0.199961 -0.432907 4
0.028757 -0.875698 0.021524 0
0.011194 -0.196184 -0.013369 0
-0.332148 -0.105014 0.015076 2
0.067253 0.155758 -0.354972 6
-0.091272 0.248586 0.095910 8
0.165439 -0.028404 0.033647 1
-0.263490 -0.076619 0.048802 2
0.012072 0.239637 0.168718 3
-0.252323 -0.075152 0.096157 2
0.269932 -0.019289 0.028331 1
-0.031613 0.208725 -0.097432 0
-0.228160 0.210085 -0.520277 4
0.010174 -0.903861 0.015819 0
0.037696 0.163143 0.432875 3
-0.130857 0.265260 -0.239034 4
0.036523 -0.802519 0.005486 0
-0.130407 0.252914 -0.417542 4
0.026457 0.238201 0.148096 5
0.002104 0.194228 0.403019 3
0.011268 -0.253818 -0.030970 0
-0.084158 0.223960 0.072437 8
0.019651 -0.552595 0.009075 0
0.023295 -0.386872 -0.011789 0
0.290421 -0.025058 0.069310 1
0.115265 0.204227 0.198151 5
0.005516 -0.567898 0.004457 0
-0.036987 0.221569 -0.111579 0
0.234312 0.146055 0.190041 5
0.007544 0.080207 -0.023331 0
0.017821 0.222973 0.303029 3
-0.100051 0.265082 -0.320644 4
0.070545 0.203898 -0.300608 6
-0.180973 0.209087 -0.539359 4
-0.017011 0.160721 -0.052425 0
0.391275 -0.062739 0.109607 1
-0.034755 0.240041 -0.126352 0
0.010951 0.034138 -0.018082 0
-0.252062 -0.075443 0.069514 2
0.460541 -0.071166 0.061887 1
0.054549 0.190236 0.329792 3
-0.006193 -0.178676 -0.012990 0
-0.032570 0.217836 -0.138417 0
0.172049 0.191879 0.175178 5
0.028915 0.217758 0.283082 3
-0.002333 0.094420 -0.010792 0
0.035614 0.201451 0.038150 0
-0.171495 -0.044096 -0.018293 2
-0.396553 -0.122675 0.081478 2
0.019891 -0.963513 -0.001611 0
-0.009714 0.028728 -0.015785 0
-0.365641 -0.116857 0.015318 2
-0.032262 0.244778 -0.241596 6
-0.028189 0.223274 0.358971 3
0.269790 -0.031467 0.012583 1
-0.017608 0.256071 -0.165328 6
0.011758 -0.433352 -0.011261 0
-0.181175 -0.052497 0.075826 2
0.362542 -0.043873 0.068887 1
0.493950 -0.086193 0.069085 1
0.069864 0.228864 0.122647 5
0.028908 0.259987 -0.198208 6
-0.008898 0.248955 0.198352 3
-0.305468 -0.096685 0.063061 2
0.018506 0.225935 0.130113 0
-0.113859 0.271648 -0.202302 7
0.089339 0.162025 0.284324 3
0.018025 0.213423 0.102690 0
0.062653 0.176225 -0.339483 6
-0.131498 -0.049763 0.055560 2
-0.121453 0.251910 -0.061825 9
0.089084 0.221762 0.175763 5
0.420407 -0.059570 0.069080 1
0.169604 0.197932 0.149053 5
0.403215 -0.043752 -0.012319 1
0.052779 0.167897 0.410293 3
0.013522 0.132696 0.508433 3
0.041502 0.251676 -0.216371 6
-0.023369 0.176681 -0.087299 0
-0.070879 0.221597 0.382521 3
0.005156 0.147912 0.010052 0
0.015890 -0.146447 -0.024156 0
0.018890 -0.346989 -0.011306 0
0.180180 -0.024708 -0.038318 1
0.018798 -0.560525 -0.009913 0
0.009065 -0.514320 -0.010698 0
-0.142659 0.224546 -0.495530 4
0.033190 -0.983294 0.022472 0
0.012219 0.019677 -0.011562 0
0.227558 -0.012342 -0.044361 1
0.018905 -0.401202 -0.021838 0
-0.388141 -0.121574 0.094912 2
-0.420726 -0.135064 0.050502 2
-0.002362 0.122337 0.515117 3
-0.221657 -0.059977 0.035988 2
0.147939 -0.039417 -0.030216 1
0.050697 0.185909 0.363067 3
0.192097 0.180614 0.163311 5
-0.151595 -0.052984 0.042083 2
0.229856 -0.016718 0.015495 1
-0.131315 0.247640 0.129982 8
0.010336 -0.239717 -0.019404 0
-0.093448 -0.068087 -0.015118 2
0.002545 0.000442 -0.029302 0
0.318037 -0.031173 0.082120 1
-0.317943 -0.096154 0.080923 2
-0.092849 0.232375 -0.450235 4
0.031842 -0.887622 0.014228 0
0.420087 -0.054637 0.035374 1
0.460720 -0.066583 0.022079 1
-0.227930 0.231016 -0.460696 4
-0.131233 -0.049197 0.068325 2
-0.030453 0.192653 0.429536 3
0.029202 0.226871 0.136241 5
0.022834 0.265652 -0.178184 6
-0.211573 -0.040012 -0.031543 2
0.380362 -0.051372 0.077344 1
0.002476 0.221240 0.337244 3
0.178871 -0.030716 -0.017100 1
0.339974 -0.028458 -0.010734 1
0.066924 -0.147764 -0.022981 0
-0.374493 -0.124344 0.001092 2
0.116254 -0.072396 -0.017528 0
-0.023744 0.254312 0.222375 3
0.049690 0.228436 -0.273154 6
0.010330 -0.535411 -0.015611 0
-0.084166 0.242649 0.079578 8
0.019008 -0.327157 -0.012739 0
0.015833 0.227458 0.118070 0
0.002958 -0.012041 -0.030085 0
-0.020591 0.186473 0.040932 0
0.095951 0.182559 0.270940 3
0.009354 -0.204172 -0.029225 0
0.300239 -0.019645 -0.031309 1
0.027548 0.235605 0.169986 0
0.013043 -0.053144 -0.007222 0
-0.181035 -0.034562 -0.033963 2
0.051606 0.229846 0.135978 5
0.038392 0.179472 -0.342272 6
-0.231372 -0.045302 -0.031740 2
0.076711 0.168524 0.376925 3
0.011388 -0.600405 -0.006303 0
0.010088 0.198799 0.383868 3
0.034159 -0.804641 0.021327 0
0.050550 0.149375 0.437473 3
-0.101459 0.248558 0.122298 8
0.005873 -0.079358 -0.020689 0
0.010723 -0.662092 0.003544 0
0.027526 -0.046936 -0.020539 0
0.022749 -0.467666 -0.005103 0
-0.140927 0.268026 -0.338697 4
0.364553 -0.038413 -0.004539 1
-0.164876 0.239368 0.116388 8
-0.036671 0.208584 -0.084161 9
0.012764 -0.387339 -0.006825 0
-0.320393 -0.096803 0.001933 2
-0.289609 -0.090760 0.095762 2
0.001613 0.013818 -0.017488 0
-0.190707 -0.044717 -0.017514 2
0.008032 -0.454589 -0.010889 0
0.000117 -0.445933 -0.016344 0
0.000414 0.181136 0.067781 0
-0.050835 0.235841 0.082401 8
0.010600 -0.360676 -0.024276 0
-0.221287 -0.054328 -0.004209 2
0.339935 -0.032364 0.008523 1
0.139613 0.213121 0.148992 5
-0.001483 0.162190 0.035265 0
-0.149524 -0.056888 0.008732 2
-0.141266 0.269206 -0.319323 4
-0.243307 -0.055918 -0.013037 2
0.002494 0.236548 0.269988 3
0.059676 0.235322 -0.252349 6
-0.070461 -0.084529 0.007620 2
-0.068316 0.250973 -0.391487 4
-0.173184 0.255651 -0.265536 4
0.087665 0.149238 -0.349108 6
0.017264 0.224985 -0.098496 0
0.089473 0.228991 0.136173 5
0.127098 -0.060297 -0.011891 0
-0.010135 0.180347 -0.053891 0
-0.233015 0.229345 -0.339344 4
0.059977 0.170812 0.390832 3
0.010468 -0.448107 -0.022142 0
0.025848 -0.360298 -0.016881 0
-0.191455 -0.051235 0.015621 2
-0.084652 -0.072477 0.002305 2
-0.415222 -0.139178 0.035642 2
-0.030975 0.244845 0.314617 3
-0.181794 0.242128 -0.439016 4
0.009405 -0.300400 -0.029625 0
0.078062 0.131964 0.303286 3
0.371122 -0.043742 0.029703 1
-0.358691 -0.109823 0.082571 2
0.031395 -0.955703 0.016016 0
0.020216 -0.765539 0.026804 0
0.027039 -0.086563 -0.012952 0
-0.100786 0.267392 -0.199063 7
0.002306 0.244426 0.236466 3
0.026894 -0.991574 0.035771 0
0.243036 -0.017232 -0.011401 1
-0.000322 -0.182922 -0.024452 0
-0.044420 0.215528 -0.066767 9
0.026192 -0.614438 0.001549 0
0.020655 -0.935516 0.003846 0
-0.112622 0.244877 0.141838 8
0.015765 0.119245 0.521477 3
0.017433 -0.782835 0.025859 0
0.179912 -0.024325 0.008996 1
0.019757 0.210280 0.330355 3
0.014833 0.175790 0.059119 0
0.252359 -0.016894 0.062682 1
0.009547 0.033993 -0.005938 0
-0.171867 0.206074 -0.545139 4
0.074951 0.224514 -0.264150 6
-0.001499 0.040580 -0.023583 0
-0.043718 0.235622 0.350421 3
0.022978 -0.586736 -0.009492 0
0.047866 -0.172669 -0.025465 0
0.022975 -0.233607 -0.030715 0
0.076001 0.195582 0.290574 3
0.014268 -0.874056 0.009615 0
0.059522 0.234856 -0.212702 6
0.112428 -0.087394 -0.010323 0
0.256751 -0.015923 -0.007029 1
0.029646 0.212384 -0.300487 6
-0.028307 0.221374 -0.276747 6
0.023441 -0.312710 -0.007488 0
-0.064506 0.208384 -0.438575 4
-0.038095 0.223503 0.367687 3
0.012372 -0.683300 0.002361 0
0.400192 -0.056668 0.053128 1
-0.191176 0.228700 -0.491899 4
-0.173830 0.258525 -0.365571 4
0.300219 -0.022946 -0.011533 1
-0.030316 0.251414 -0.218087 6
-0.151883 0.265263 -0.264403 4
-0.222645 0.236248 -0.440131 4
0.006863 0.088067 -0.011597 0
0.080703 0.156876 0.379842 3
-0.010726 0.245633 -0.243126 6
-0.195701 -0.049052 0.001350 2
-0.001978 0.126385 0.003216 0
0.011343 0.239638 0.216345 3
-0.228678 0.238869 -0.326194 4
0.020126 -0.366754 -0.024035 0
0.009525 0.194014 0.062372 0
-0.073374 0.246115 -0.052872 9
-0.213948 0.241801 -0.419107 4
0.481641 -0.076089 0.058767 1
0.069662 0.174534 0.369859 3
0.010197 -0.413771 -0.006115 0
0.026728 -0.545706 -0.003788 0
-0.160570 0.238583 -0.464382 4
0.512004 -0.128997 0.084659 1
0.036158 0.212150 0.276917 3
0.004681 0.174310 0.035607 0
0.283109 -0.016320 -0.044119 1
0.075447 -0.133328 -0.010144 0
0.243799 -0.015469 0.000759 1
0.450719 -0.069191 0.079797 1
0.024696 -0.781135 -0.003487 0
0.477467 -0.094616 0.111085 1
-0.381818 -0.124044 0.022651 2
-0.308980 -0.091137 0.035846 2
0.421466 -0.078644 0.097447 1
-0.190771 -0.054673 0.056186 2
0.130239 0.202285 0.197795 5
-0.093872 0.262331 -0.332229 4
0.017865 -0.842676 0.003331 0
0.380146 -0.039702 -0.004645 1
0.231036 -0.016204 0.053728 1
0.516526 -0.113919 0.088609 1
0.027672 -0.738484 -0.001688 0
0.016691 0.230262 0.196123 3
0.031343 -0.748879 0.003746 0
0.363736 -0.032988 -0.024589 1
-0.029056 0.215647 -0.117022 0
-0.011381 0.105740 -0.033471 0
-0.285257 -0.080872 0.035630 2
0.076064 0.213436 0.037753 0
0.030530 -0.984331 0.004345 0
-0.365442 -0.114430 0.095656 2
-0.052320 0.260030 -0.245531 4
-0.063638 0.244888 -0.403197 4
0.076556 0.229510 0.136866 5
0.029042 0.221347 -0.092453 0
-0.179581 -0.055940 0.010505 2
0.027755 0.126104 0.502726 3
0.106378 0.216930 0.183267 5
-0.364426 -0.121136 0.115068 2
0.029418 0.196075 -0.320996 6
0.025593 -0.815059 0.020760 0
0.073843 0.179112 0.323926 3
-0.110839 0.241484 -0.445727 4
0.034062 -0.850190 0.021306 0
-0.261715 -0.071031 0.008650 2
-0.039135 -0.120299 -0.010853 0
-0.124117 0.279664 -0.186555 7
-0.020638 0.259827 -0.185216 6
-0.077010 -0.091801 0.000728 2
-0.075618 -0.080340 -0.011834 2
0.007425 0.108369 0.000979 0
0.027859 -0.794584 0.004284 0
-0.004525 0.101499 -0.024438 0
-0.130301 0.285162 -0.158079 7
0.147176 0.206900 0.124492 5
-0.219350 0.245540 -0.332482 4
-0.302435 -0.085955 0.016132 2
0.032737 -0.931346 0.020039 0
0.007719 0.115450 -0.012533 0
-0.022571 0.201599 -0.097698 0
0.356573 -0.038156 0.009434 1
0.028707 -0.173375 -0.027370 0
0.471070 -0.079965 0.069599 1
0.007868 -0.765999 0.011096 0
-0.334600 -0.110641 0.088154 2
-0.141729 0.282673 -0.178653 7
0.500198 -0.096310 0.065568 1
0.300515 -0.026672 0.022386 1
0.411508 -0.071954 0.096537 1
0.000255 0.118125 -0.034523 0
-0.142538 -0.056961 0.026223 2
0.316417 -0.026533 0.015683 1
-0.130907 0.250074 0.102428 8
0.389766 -0.038269 -0.029143 1
0.010703 -0.747377 0.011777 0
0.437745 -0.070412 0.069242 1
-0.378463 -0.120389 0.102303 2
0.028550 -0.856114 0.004627 0
-0.301760 -0.094195 0.089867 2
-0.020890 0.181199 -0.066092 0
0.066063 0.143352 0.437348 3
0.033465 -0.623572 0.000527 0
-0.069001 0.242920 0.304488 3
-0.020531 0.199543 0.396722 3
-0.053097 0.221864 -0.425653 4
0.019916 -0.480544 -0.015853 0
0.443558 -0.062270 0.022228 1
0.270405 -0.020183 0.069162 1
0.347171 -0.035902 0.052719 1
0.015890 -0.186491 -0.021575 0
0.019340 -0.600901 0.008206 0
-0.020766 0.182171 0.444214 3
-0.062041 0.249926 0.289856 3
-0.124504 0.256057 -0.405782 4
-0.272472 -0.079272 0.029134 2
0.020363 -0.427235 -0.000256 0
0.437630 -0.057976 0.002451 1
0.197021 -0.016787 -0.045175 1
0.004603 0.219401 0.127167 0
-0.077714 0.234073 -0.437466 4
-0.141194 0.247292 0.122859 8
-0.043308 0.251418 -0.250054 4
0.020750 -0.774623 0.019854 0
-0.120370 0.217056 -0.501662 4
-0.018453 0.217228 0.362294 3
0.339231 -0.035345 0.061709 1
-0.031005 0.227536 0.084338 8
0.500196 -0.098463 0.095593 1
-0.220652 0.242442 -0.352333 4
0.059030 0.198675 0.298268 3
-0.081165 0.229670 0.368381 3
-0.233499 -0.070257 0.062306 2
-0.041771 -0.130490 -0.006336 0
-0.002409 0.137779 0.015688 0
0.080761 0.199824 0.269960 3
-0.211390 0.211114 -0.535718 4
-0.316982 -0.103703 0.090409 2
0.443551 -0.085440 0.109498 1
-0.060797 0.260202 -0.325604 4
0.390083 -0.046206 0.028739 1
-0.067765 0.199334 0.393687 3
0.008443 0.244071 -0.247371 6
0.260030 -0.017098 -0.038070 1
-0.048449 0.236284 -0.155529 0
-0.010360 0.218325 0.095716 8
0.230085 -0.015845 -0.000004 1
-0.141300 0.236274 -0.466700 4
0.010003 -0.420852 -0.017598 0
0.003186 -0.046244 -0.032273 0
0.028610 -0.917006 0.005276 0
-0.021105 0.163998 0.476258 3
0.013339 -0.735490 0.014486 0
-0.040510 0.248364 -0.289256 4
-0.342143 -0.103403 0.068587 2
-0.103769 0.259214 -0.386431 4
-0.317868 -0.092464 0.029179 2
-0.071315 0.224275 0.069072 8
-0.181490 -0.052386 0.087700 2
-0.212771 0.245718 -0.358983 4
0.277371 -0.019219 0.084044 1
0.027671 -0.761800 0.003609 0
0.061192 0.163541 0.405651 3
-0.042240 0.221632 -0.132220 0
-0.181114 0.246967 -0.419448 4
0.001573 0.108297 -0.029707 0
0.234698 0.134901 0.208027 5
-0.150731 0.248198 -0.418952 4
0.028730 -0.146397 -0.023747 0
-0.181420 -0.052978 0.035365 2
-0.030687 0.217433 -0.127574 0
-0.071106 0.263143 -0.285373 4
0.016287 -0.634479 -0.004388 0
-0.171437 0.241774 -0.445945 4
-0.181370 0.258931 -0.338823 4
0.123103 0.223139 0.129255 5
-0.001350 0.199972 0.075539 0
0.019279 0.242157 0.155967 0
0.024838 -0.134370 -0.012816 0
0.220081 -0.016533 0.042644 1
-0.101386 0.250174 -0.064479 9
0.027142 -0.809400 0.002933 0
0.003636 0.238720 0.282059 3
0.300918 -0.025366 0.094058 1
0.203077 0.171183 0.168865 5
-0.130219 0.259082 -0.366047 4
0.019208 0.203940 0.346237 3
-0.266948 -0.057088 -0.036629 2
0.108157 0.223932 0.143204 5
0.012344 -0.653053 -0.001472 0
-0.420596 -0.135010 0.074848 2
-0.097828 -0.070711 0.006668 2
0.016990 -0.032585 -0.017573 0
0.072943 0.191729 0.307607 3
-0.124389 0.229902 -0.486384 4
0.117456 -0.067718 -0.003981 0
0.193212 0.173203 0.199831 5
-0.111194 0.254639 -0.405571 4
0.390327 -0.045960 0.015513 1
0.509335 -0.109105 0.100871 1
0.019598 -0.568186 0.003763 0
-0.131004 -0.052456 0.008912 2
-0.130641 0.266688 -0.345948 4
-0.011250 0.238487 -0.258834 6
-0.013309 0.133080 -0.045537 0
0.026110 -0.502286 -0.006662 0
0.011839 -0.801569 0.021746 0
0.042474 0.234598 -0.265377 6
0.039538 -0.203378 -0.016342 0
0.018613 -0.289749 -0.035403 0
0.129714 0.210991 0.181658 5
0.069332 -0.149689 -0.006876 0
-0.060625 0.255947 -0.198299 0
0.013246 -0.934832 0.027052 0
0.023432 -0.647638 0.014334 0
0.158942 0.197921 0.172099 5
0.019583 0.190303 0.390049 3
0.028941 -0.348992 -0.012829 0
0.015641 -0.855354 0.015686 0
-0.046702 0.231936 -0.420678 4
-0.019558 0.169811 -0.070360 0
0.026625 -0.627873 0.007008 0
-0.332291 -0.105175 0.049646 2
0.019001 -0.233456 -0.016478 0
0.477516 -0.076525 0.049106 1
-0.148807 0.246258 0.109311 8
-0.211469 0.234463 -0.459583 4
-0.221143 0.228411 -0.479292 4
0.033671 -0.642420 0.010549 0
-0.035999 0.230066 0.357324 3
0.011115 0.219336 0.095389 0
0.188244 -0.026181 -0.024887 1
