-0.340875 0.177056 0.076715 2
0.153641 -0.979614 -0.129421 0
0.719867 0.067866 -0.139504 1
0.078119 -0.330635 -0.005807 0
0.218783 0.231139 0.057783 1
-0.697675 -0.016989 0.157687 2
0.396288 0.195833 -0.256239 1
-0.048363 -0.004344 0.004661 0
0.112229 -0.646828 -0.126380 0
0.526254 0.247977 -0.006652 1
-0.511939 0.128663 0.261413 2
0.142042 0.180752 -0.173020 1
-0.570482 0.130729 0.029447 2
-0.156010 0.182991 0.163519 2
-0.196474 0.123776 -0.049421 2
0.574781 0.116383 -0.256542 1
0.349586 0.253990 -0.076101 1
0.100234 0.104661 0.005295 1
0.055791 -0.153597 -0.005839 0
0.089589 -0.818168 -0.114793 0
0.113077 -0.493679 -0.047260 0
-0.319317 0.192471 0.241972 2
0.619955 0.187692 -0.123569 1
0.484061 0.223252 -0.145679 1
-0.618529 0.100878 0.164753 2
-0.478472 0.174495 0.128462 2
0.272408 0.226406 -0.196265 1
-0.105724 0.112572 0.058281 2
-0.450978 0.173283 -0.011129 2
0.216996 0.219605 -0.075999 1
-0.327049 0.173125 -0.048337 2
0.338617 0.257179 0.043140 1
-0.223004 0.174043 0.056214 2
0.063607 -0.032950 0.003864 0
0.080404 0.149854 -0.090404 1
-0.417652 0.159891 0.214816 2
-0.660960 0.063754 0.075567 2
-0.260088 0.196142 0.153656 2
0.023160 -0.248064 -0.026979 0
-0.597659 0.043038 0.243537 2
0.658677 0.077374 -0.219122 1
0.055688 -0.413116 -0.059456 0
0.425841 0.260360 -0.004654 1
0.497157 0.176301 -0.245061 1
0.135399 -0.732162 -0.087919 0
0.390812 0.237598 -0.165094 1
0.164160 0.183309 -0.006081 1
-0.013987 -0.092897 0.014119 0
0.076777 -0.576942 -0.072465 0
0.120068 -0.903597 -0.088960 0
0.696743 0.147030 -0.099877 1
0.607847 0.214837 -0.038678 1
-0.004461 0.001538 0.084835 0
0.566753 0.177801 -0.190981 1
-0.537699 0.129658 0.174629 2
0.282586 0.249132 -0.022381 1
-0.354540 0.197503 0.165023 2
-0.422115 0.194610 0.069054 2
0.548751 0.227067 -0.095660 1
-0.505327 0.182822 0.048393 2
-0.130069 0.087523 -0.013867 2
0.433012 0.254112 -0.083747 1
-0.251856 0.177128 -0.023664 2
-0.668952 0.043025 0.200717 2
0.286727 0.238035 -0.120799 1
-0.575407 0.144411 0.108547 2
0.148110 0.188989 -0.090544 1
0.653274 0.136625 -0.170840 1
0.055592 0.042889 0.005889 0
0.149061 -0.600914 -0.069978 0
-0.109799 0.129775 0.135929 2
-0.371620 0.203036 0.004773 2
0.173510 0.168231 0.065879 1
0.202096 0.217724 -0.147688 1
-0.167669 0.148418 0.012369 2
-0.060767 0.058792 0.040952 2
0.103915 -0.669322 -0.058377 0
0.324034 0.213205 -0.244620 1
-0.582547 0.112488 0.227281 2
-0.154925 0.155017 0.088417 2
0.443637 0.211659 -0.208475 1
0.076923 -0.704871 -0.116264 0
-0.292486 0.196878 0.032318 2
0.105025 -0.521040 -0.109574 0
-0.483474 0.168830 0.199148 2
0.051197 -0.298624 -0.059336 0
-0.234461 0.197055 0.214727 2
0.222293 0.224831 -0.010214 1
-0.690259 0.044643 0.130957 2
-0.408874 0.173973 0.129486 2
0.034633 -0.082700 -0.027491 0
0.098793 -0.437382 -0.018132 0
-0.275915 0.174285 0.092379 2
0.147946 -0.851653 -0.113102 0
0.495888 0.246643 -0.066458 1
-0.621592 0.113286 0.073854 2
0.362170 0.264229 -0.014826 1
0.051687 -0.002985 0.057459 0
-0.208643 0.182211 0.121558 2
0.002874 -0.038816 0.037551 0
0.330343 0.236140 -0.175048 1
0.118473 0.150379 -0.030918 1
0.656010 0.186330 -0.074695 1
0.211557 0.208184 -0.206719 1
0.116463 -0.763036 -0.136032 0
-0.086925 0.044004 -0.010361 2
0.283748 0.235166 0.046994 1
0.618551 0.132086 -0.217978 1
0.092425 -0.465600 -0.093742 0
-0.001137 -0.143465 -0.011072 0
0.002350 0.017543 0.021872 0
-0.462048 0.156419 0.253263 2
0.093548 -0.368167 -0.046529 0
0.508044 0.198533 -0.191704 1
0.138370 -0.795433 -0.094423 0
0.140930 -0.920565 -0.139186 0
0.127183 -0.554972 -0.044543 0
-0.517160 0.149341 0.095423 2
0.135998 0.132449 0.038571 1
0.078931 0.068008 -0.038395 1
0.110069 -0.981073 -0.094714 0
0.138299 -0.696514 -0.130581 0
0.014884 -0.197611 -0.006174 0
-0.312767 0.197649 0.128950 2
-0.375511 0.183014 0.241771 2
-0.630165 0.078943 0.218926 2
0.367534 0.225639 -0.214624 1
0.690810 0.053119 -0.182827 1
-0.651095 0.093027 0.120016 2
-0.304753 0.187359 0.182408 2
0.540613 0.206154 -0.149783 1
0.107796 0.173917 -0.128960 1
0.446373 0.180767 -0.259970 1
0.080892 -0.627815 -0.083983 0
0.071524 -0.269197 -0.021249 0
-0.537446 0.088210 0.241307 2
0.695107 0.112665 -0.146933 1
-0.199538 0.169316 0.188720 2
0.070304 -0.507282 -0.072880 0
0.119764 -0.597245 -0.112127 0
0.588745 0.191720 -0.080466 1
0.093458 -0.869325 -0.117890 0
0.543351 0.155867 -0.235705 1
0.351346 0.240063 -0.128550 1
0.473684 0.263983 -0.022250 1
0.041750 -0.351711 -0.034853 0
-0.434858 0.183800 0.173187 2
0.088424 -0.752443 -0.095040 0
0.389079 0.262884 0.029473 1
-0.648335 0.058442 0.156309 2
0.078674 0.123684 -0.045800 1
-0.161819 0.139382 0.139396 2
-0.110739 0.056045 0.044352 2
-0.497980 0.164204 0.002825 2
0.264998 0.232505 -0.076601 1
-0.551814 0.163501 0.063004 2
0.432635 0.232597 -0.139338 1
0.649803 0.143331 -0.113942 1
0.551170 0.238151 -0.047657 1
-0.572755 0.112088 0.145559 2
0.177075 0.198069 -0.052458 1
-0.462937 0.168205 0.067483 2
0.192354 0.199998 0.031837 1
0.613830 0.163262 -0.178392 1
-0.359549 0.177571 0.121090 2
-0.409608 0.179863 0.022923 2
0.030960 -0.074449 0.019520 0
-0.086254 0.106009 0.102044 2
-0.211422 0.150228 -0.012887 2
-0.031462 -0.047852 -0.003947 0
-0.091759 0.088293 0.015156 2
0.055377 -0.460050 -0.063843 0
-0.392282 0.174999 -0.026933 2
0.157174 -0.957723 -0.087988 0
0.390281 0.248105 -0.102346 1
-0.304065 0.195384 -0.014044 2
0.609735 0.087413 -0.245348 1
-0.034181 -0.002251 0.049296 0
-0.636718 0.019790 0.224264 2
0.136646 -0.660249 -0.089505 0
-0.544721 0.137737 0.219227 2
0.391514 0.262147 -0.049644 1
0.245828 0.230032 -0.146340 1
0.058734 0.004831 -0.020297 0
-0.279263 0.176872 0.217902 2
0.112352 -0.963999 -0.137734 0
-0.152371 0.125183 0.047578 2
-0.529792 0.155776 0.139144 2
-0.343777 0.202292 0.039975 2
0.032666 -0.117264 0.007344 0
-0.251423 0.166376 0.022812 2
-0.388108 0.174800 0.185219 2
0.680375 0.101980 -0.187272 1
0.155252 0.199258 -0.135165 1
-0.607372 0.098866 0.120793 2
0.325321 0.257967 -0.038242 1
-0.501500 0.131104 0.217568 2
0.256906 0.240610 0.012927 1
-0.155210 0.122476 -0.021145 2
-0.283729 0.160359 -0.047589 2
0.064403 -0.401483 -0.018752 0
0.112155 -0.407835 -0.046492 0
0.577688 0.204496 -0.128105 1
-0.580094 0.100485 0.186251 2
-0.460855 0.192652 0.032528 2
0.044526 -0.044468 0.050730 0
0.035434 -0.034043 -0.027990 0
0.469487 0.243576 -0.102768 1
0.310372 0.256385 0.011580 1
0.111163 0.170591 -0.067353 1
-0.383082 0.179024 0.066731 2
0.051586 -0.215602 -0.015999 0
0.112440 -0.553906 -0.083875 0
-0.184731 0.156816 0.057667 2
0.309411 0.244591 -0.083624 1
0.031786 -0.173736 -0.036169 0
0.130530 -0.806399 -0.133958 0
-0.349472 0.179959 0.202321 2
0.104269 -0.706049 -0.079602 0
-0.252268 0.169067 0.183959 2
0.043334 -0.313412 -0.019875 0
0.086481 -0.667838 -0.101201 0
-0.077373 0.015433 0.026010 2
0.700456 0.105692 -0.106818 1
-0.221430 0.197127 0.168031 2
-0.131755 0.165395 0.129643 2
-0.601673 0.083228 0.249729 2
-0.135377 0.121414 0.100602 2
0.087208 0.017331 0.006628 0
-0.396947 0.150377 0.252088 2
0.073353 0.030840 0.053309 0
0.583733 0.152286 -0.220158 1
0.508976 0.235615 -0.103742 1
0.281561 0.216744 -0.234274 1
-0.528671 0.153235 0.026273 2
0.246861 0.235621 -0.040058 1
0.006560 -0.027692 -0.001006 0
-0.678833 0.017821 0.163551 2
-0.127351 0.105166 0.023728 2
0.076870 0.068026 0.028443 1
0.151956 -0.894203 -0.111337 0
0.120505 -0.628766 -0.071205 0
-0.584476 0.141952 0.069947 2
-0.440606 0.188383 0.103616 2
0.066864 -0.339336 -0.062925 0
-0.436652 0.129211 0.230871 2
0.093934 -0.440359 -0.059273 0
0.141764 0.137259 -0.000086 1
0.177192 0.196143 -0.191865 1
-0.487499 0.151873 0.164004 2
-0.065191 0.080808 0.073023 2
0.080648 -0.475746 -0.034660 0
0.094381 -0.533751 -0.043519 0
0.312404 0.226812 -0.209880 1
0.111615 -0.841509 -0.092559 0
0.225001 0.222191 -0.113999 1
-0.340060 0.180877 -0.011165 2
-0.170617 0.176527 0.128139 2
0.114661 -0.935409 -0.111682 0
-0.260034 0.188041 0.060013 2
-0.238224 0.182477 0.093096 2
-0.229255 0.145518 -0.046756 2
0.111125 -0.722122 -0.118076 0
-0.042594 0.030686 0.018923 0
-0.493007 0.178863 0.093114 2
0.032214 -0.006001 0.024043 0
0.123452 -0.884737 -0.135558 0
-0.195365 0.156979 0.094049 2
-0.206617 0.169587 0.022400 2
0.293093 0.232721 -0.165276 1
0.158301 0.167463 0.031351 1
0.625718 0.139612 -0.145274 1
0.635094 0.103987 -0.199418 1
0.621643 0.208227 -0.073324 1
0.404184 0.217907 -0.215945 1
0.470006 0.213408 -0.181925 1
0.433244 0.262705 -0.041289 1
-0.569127 0.098514 0.259707 2
-0.392087 0.194057 0.103020 2
-0.310740 0.197516 0.069053 2
0.113037 -0.588325 -0.069851 0
0.023820 -0.118831 -0.028671 0
0.125758 -0.520360 -0.075499 0
0.103556 -0.556090 -0.121230 0
0.061575 -0.072089 -0.000956 0
-0.452115 0.173851 0.217687 2
0.577590 0.231445 -0.023149 1
0.470609 0.194514 -0.228093 1
-0.408311 0.204821 -0.003513 2
0.096985 0.059580 -0.007971 1
0.580063 0.226758 -0.066500 1
0.459042 0.262667 0.010925 1
0.140844 -0.733329 -0.135576 0
-0.624928 0.069921 0.182515 2
-0.516966 0.157162 0.191715 2
0.178600 0.204114 -0.107893 1
-0.371655 0.151507 0.224360 2
0.199967 0.192872 0.067661 1
-0.256985 0.175636 0.123230 2
0.247296 0.213071 -0.223439 1
0.101615 0.095352 -0.032213 1
0.253417 0.226352 0.066148 1
-0.472686 0.122002 0.236985 2
-0.604407 0.109272 0.042608 2
0.019648 -0.018389 0.061650 0
-0.319112 0.161819 0.207510 2
0.420738 0.223119 -0.183545 1
0.104350 -0.787111 -0.101352 0
0.523334 0.181152 -0.218835 1
0.588537 0.185773 -0.156215 1
0.077779 -0.385881 -0.072878 0
0.020570 -0.162360 0.009374 0
0.317885 0.244249 -0.142953 1
0.206768 0.212573 -0.040284 1
-0.284244 0.173244 0.004721 2
0.364196 0.209429 -0.252600 1
0.661228 0.121356 -0.138623 1
-0.592560 0.114482 0.093450 2
0.136834 -0.695785 -0.086120 0
-0.032962 -0.029791 0.028269 0
0.509740 0.148637 -0.261637 1
-0.384198 0.195902 0.139852 2
0.140700 0.176694 -0.050449 1
0.037424 -0.278467 -0.019470 0
-0.174598 0.099333 -0.037537 2
0.621440 0.176947 -0.087504 1
-0.373103 0.181588 0.031333 2
0.089044 -0.622793 -0.119324 0
0.088377 -0.377290 -0.014171 0
0.152604 -0.946730 -0.119839 0
-0.667690 0.044016 0.105538 2
0.045739 -0.261807 -0.048335 0
0.029033 0.015570 0.074582 0
0.075549 -0.539835 -0.080689 0
0.688886 0.082127 -0.160059 1
-0.491878 0.158390 0.235071 2
0.393704 0.271063 -0.004736 1
0.462532 0.254807 -0.067310 1
-0.665180 0.006636 0.192358 2
-0.055051 0.023563 0.055408 0
0.216987 0.221333 0.022849 1
-0.551246 0.136776 0.086409 2
-0.504136 0.105081 0.238510 2
-0.312046 0.177753 0.102059 2
0.111627 -0.689587 -0.110425 0
-0.648087 0.093249 0.086744 2
-0.316865 0.181033 0.013243 2
0.521243 0.223689 -0.050294 1
-0.569976 0.132006 0.181623 2
0.490256 0.254056 0.005176 1
-0.592861 0.077332 0.218609 2
-0.632796 0.087509 0.056820 2
-0.543983 0.132649 0.120718 2
0.194988 0.207136 -0.008489 1
0.114362 -0.841765 -0.124997 0
0.230873 0.220045 -0.183387 1
-0.455810 0.160706 0.184152 2
-0.519356 0.154779 0.057352 2
-0.290186 0.174489 0.059031 2
0.070836 -0.440054 -0.034376 0
0.069992 -0.298933 -0.008462 0
-0.288313 0.181957 0.143196 2
0.645254 0.164545 -0.137837 1
-0.426832 0.161597 0.256603 2
0.055213 0.019568 0.029272 0
-0.196111 0.168019 0.156945 2
-0.305314 0.198372 0.213891 2
0.432637 0.195837 -0.235425 1
-0.438322 0.184480 0.135512 2
0.070764 0.038051 -0.021670 1
-0.015390 -0.062761 0.027312 0
-0.364444 0.197773 0.087855 2
0.070193 0.088156 -0.015479 1
-0.341736 0.170323 0.238668 2
-0.276544 0.198409 0.191676 2
-0.637332 0.044622 0.200623 2
0.015642 -0.092557 -0.002683 0
-0.092716 0.078573 0.057598 2
-0.435863 0.195720 0.013661 2
0.323402 0.248169 -0.111552 1
0.115720 -0.469533 -0.067191 0
0.349154 0.268409 0.013394 1
0.094178 -0.567462 -0.048193 0
-0.128829 0.133278 0.066502 2
-0.399064 0.184935 0.216929 2
-0.501494 0.147566 0.128824 2
-0.190576 0.197861 0.172673 2
0.099111 -0.502825 -0.083880 0
-0.680419 0.048830 0.161298 2
-0.542116 0.113887 0.261370 2
0.174176 0.195868 -0.159605 1
0.116807 0.181356 -0.095956 1
0.080978 -0.593624 -0.098336 0
0.486387 0.237748 -0.038252 1
-0.183764 0.140999 -0.023400 2
0.537470 0.194021 -0.183170 1
0.042111 -0.186414 0.003259 0
0.061418 -0.377290 -0.048113 0
0.124281 -0.874641 -0.098524 0
0.035466 -0.207359 -0.040831 0
0.558003 0.205448 -0.067322 1
0.109105 -0.470703 -0.024377 0
0.403740 0.243014 -0.137810 1
0.129726 -0.757073 -0.104867 0
0.033180 -0.046696 0.006704 0
-0.574873 0.070046 0.242956 2
0.259265 0.235319 -0.107612 1
0.283714 0.244706 -0.055811 1
0.310111 0.248834 0.053976 1
-0.555134 0.111420 0.207858 2
-0.614933 0.098507 0.201175 2
0.360553 0.232694 -0.172971 1
-0.478782 0.169336 0.040399 2
0.524339 0.238506 -0.076690 1
-0.622944 0.080084 0.138948 2
0.579454 0.215462 -0.097018 1
0.678429 0.125544 -0.113460 1
-0.656084 0.069578 0.193518 2
-0.107171 0.130298 0.093705 2
-0.462811 0.179126 0.154040 2
-0.421872 0.179922 -0.016192 2
0.050304 -0.251457 -0.008988 0
0.664677 0.159067 -0.092912 1
-0.156146 0.152067 0.166101 2
-0.318934 0.182653 0.154307 2
-0.492221 0.160780 0.068871 2
-0.408626 0.191916 0.156897 2
-0.672658 0.067665 0.138727 2
0.119952 -0.625483 -0.102002 0
0.097847 0.123957 -0.022767 1
-0.339826 0.193463 0.104387 2
0.510552 0.222800 -0.130776 1
-0.233692 0.190351 0.135835 2
0.125856 -0.955857 -0.091824 0
-0.248156 0.200252 0.182602 2
0.201343 0.201865 -0.172928 1
0.509711 0.212679 -0.165522 1
0.593957 0.121331 -0.230929 1
0.418704 0.245028 -0.110710 1
-0.558628 0.139923 0.155292 2
-0.141090 0.130075 0.015197 2
0.118387 0.125975 0.014925 1
0.140880 0.163482 -0.016724 1
-0.354278 0.178438 -0.038082 2
0.005062 -0.066338 0.006404 0
-0.408054 0.170741 0.095107 2
-0.590921 0.130203 0.129001 2
-0.229315 0.174672 -0.005064 2
-0.087602 0.042435 0.031104 2
-0.688983 0.015848 0.136033 2
-0.450336 0.163478 0.119064 2
0.065842 -0.315549 -0.038335 0
0.082029 0.016306 0.082521 0
0.136454 0.177214 -0.138304 1
-0.424500 0.199302 0.040238 2
0.142002 -0.920106 -0.102634 0
-0.010157 -0.117183 -0.002925 0
0.632947 0.104865 -0.228271 1
0.098228 0.146832 -0.051149 1
0.136478 -0.823285 -0.101637 0
-0.209967 0.193916 0.199403 2
0.537549 0.219273 -0.121736 1
-0.435107 0.174863 0.052802 2
0.086010 -0.412890 -0.057100 0
0.664632 0.105576 -0.163616 1
0.406059 0.256463 -0.073623 1
-0.321745 0.180731 0.048697 2
-0.644374 0.087001 0.156474 2
0.115668 -0.908900 -0.122620 0
-0.333284 0.202973 0.005694 2
0.159126 0.143140 0.051162 1
0.519180 0.251549 -0.033913 1
-0.516992 0.176352 0.075651 2
0.482928 0.161371 -0.264506 1
0.704761 0.036473 -0.164639 1
-0.248268 0.163248 0.067006 2
-0.392610 0.200678 0.038858 2
-0.517786 0.147070 0.235397 2
-0.414609 0.185113 0.192832 2
-0.463434 0.145393 0.224158 2
0.675542 0.056821 -0.209698 1
0.090148 -0.344178 -0.032108 0
0.246165 0.229862 0.039150 1
-0.332208 0.199017 0.182110 2
-0.368549 0.179150 -0.012377 2
-0.532366 0.112041 0.227284 2
-0.182363 0.139758 0.034703 2
0.618061 0.175749 -0.148936 1
0.441937 0.226066 -0.165406 1
-0.129924 0.148885 0.101645 2
0.337639 0.221447 -0.220794 1
0.353819 0.259278 -0.049026 1
0.646939 0.173737 -0.111548 1
-0.007693 -0.004756 0.057864 0
0.189966 0.209853 -0.074167 1
-0.597010 0.097400 0.147410 2
0.283744 0.248365 0.022516 1
0.536617 0.230045 -0.025186 1
0.095055 -0.611583 -0.066450 0
-0.624532 0.114931 0.106023 2
0.552940 0.137990 -0.254640 1
0.123907 -0.529271 -0.034658 0
0.051289 -0.099912 -0.003577 0
-0.654264 0.069764 0.105363 2
-0.260805 0.187869 0.003336 2
0.420161 0.265974 0.021824 1
0.086357 -0.500262 -0.049813 0
-0.369306 0.199613 0.053585 2
0.134388 -0.979184 -0.079836 0
0.496528 0.191544 -0.219167 1
0.032232 -0.144037 -0.021313 0
-0.591227 0.120529 0.164192 2
0.106791 -0.734878 -0.084532 0
-0.616866 0.054891 0.218622 2
0.385993 0.205910 -0.232689 1
0.459223 0.231239 -0.132850 1
0.094730 -0.748047 -0.128781 0
0.607559 0.201546 -0.103531 1
-0.041271 0.056719 0.061489 0
0.023577 -0.226243 -0.010535 0
0.120119 -0.671365 -0.135172 0
-0.475655 0.159946 0.102190 2
0.109968 0.086481 0.023043 1
0.044663 -0.235860 -0.040233 0
0.393943 0.226462 -0.192291 1
0.055509 0.060839 -0.014460 1
-0.479208 0.185237 0.013987 2
0.669727 0.150366 -0.130845 1
0.082890 -0.473928 -0.069831 0
0.379471 0.239871 -0.126336 1
-0.219518 0.169461 0.170335 2
0.130888 -0.670064 -0.059271 0
-0.514305 0.141798 0.156222 2
0.109710 -0.812673 -0.094704 0
0.049023 0.004754 0.004840 0
-0.629220 0.085238 0.104226 2
0.085718 -0.726668 -0.103144 0
-0.167508 0.138386 0.066832 2
0.363479 0.248051 -0.101076 1
0.631596 0.120826 -0.171216 1
0.486798 0.234795 -0.121626 1
-0.465124 0.184224 0.093620 2
-0.550992 0.146413 0.042375 2
-0.135920 0.135545 0.145097 2
0.708773 0.093978 -0.129402 1
0.134364 -0.579711 -0.051691 0
0.202113 0.215564 -0.097789 1
0.019748 -0.137071 0.019603 0
-0.372967 0.189642 0.214688 2
-0.302903 0.175168 -0.031304 2
0.108723 -0.653114 -0.100765 0
-0.372136 0.178851 0.156315 2
-0.064621 0.027645 0.004359 2
0.247683 0.236535 -0.011647 1
0.221035 0.203819 0.055753 1
-0.519476 0.122351 0.200097 2
-0.219654 0.160602 0.084032 2
-0.516081 0.176196 0.022140 2
-0.542443 0.157825 0.112715 2
-0.371328 0.172926 0.093686 2
0.116497 -0.573256 -0.101553 0
-0.259012 0.151300 -0.049759 2
0.085846 0.166069 -0.110525 1
-0.086135 0.061031 0.012470 2
-0.287357 0.194183 0.119877 2
-0.236597 0.155729 -0.022010 2
-0.285308 0.198252 0.163650 2
0.086762 -0.431651 -0.082992 0
0.253263 0.233682 -0.171249 1
-0.510040 0.170219 0.111055 2
-0.426405 0.177305 0.235657 2
-0.157333 0.156415 0.118095 2
-0.354776 0.183309 0.012892 2
0.633554 0.200612 -0.051457 1
0.577808 0.213016 -0.041534 1
-0.211720 0.151429 0.049987 2
-0.020656 0.005416 0.022773 0
-0.557349 0.123986 0.237342 2
0.064976 -0.358762 -0.025545 0
0.327930 0.260679 -0.012551 1
0.124163 -0.786289 -0.118825 0
0.163969 0.183777 -0.032027 1
0.605551 0.149563 -0.203877 1
-0.091537 0.086739 0.085513 2
-0.455728 0.173840 0.014329 2
-0.261894 0.188468 0.031072 2
-0.472880 0.189557 0.056941 2
0.422541 0.190556 -0.258964 1
-0.176663 0.189676 0.149378 2
0.296867 0.235249 -0.191246 1
-0.337616 0.199220 0.135226 2
-0.435877 0.170217 0.086168 2
0.093901 -0.395645 -0.031180 0
-0.604296 0.128723 0.060668 2
0.130651 -0.979663 -0.146320 0
-0.305635 0.173811 0.225591 2
-0.050464 -0.011308 0.030091 0
-0.408505 0.141612 0.229984 2
0.114889 -0.679277 -0.079059 0
0.173080 0.187066 0.021457 1
-0.175363 0.161259 0.179903 2
-0.575286 0.094027 0.211144 2
0.067929 -0.438024 -0.063338 0
0.157522 0.190307 -0.067037 1
-0.579969 0.121390 0.203693 2
0.102197 -0.644287 -0.061816 0
0.547063 0.172532 -0.216887 1
0.082302 0.077736 0.005738 1
0.589909 0.167658 -0.191410 1
-0.657502 0.043576 0.174562 2
-0.263935 0.196877 0.219632 2
-0.122746 0.112219 0.078838 2
-0.331759 0.196070 0.210007 2
0.077435 0.038865 0.029835 0
0.484094 0.202960 -0.200570 1
0.045842 -0.054288 -0.013613 0
0.233256 0.222939 -0.057152 1
0.003969 -0.099552 0.030323 0
-0.109480 0.076881 -0.004281 2
0.286631 0.239008 -0.092507 1
-0.501993 0.164141 0.147630 2
0.522341 0.165788 -0.245023 1
0.675441 0.078455 -0.194134 1
0.708708 0.067965 -0.165656 1
-0.015493 0.022843 0.070719 0
-0.197736 0.146716 0.016295 2
-0.111384 0.102910 0.004764 2
-0.016145 0.022854 0.039823 0
0.576597 0.137310 -0.243379 1
-0.493939 0.147323 0.192650 2
0.406371 0.266102 -0.030233 1
0.129633 -0.858804 -0.134444 0
0.109734 0.159389 -0.104882 1
0.563784 0.191305 -0.170478 1
0.657811 0.103391 -0.209161 1
0.497963 0.258811 -0.023531 1
0.656711 0.121964 -0.190364 1
-0.481261 0.142810 0.260500 2
-0.202377 0.189654 0.146977 2
-0.605574 0.084812 0.180232 2
-0.171605 0.129277 -0.004240 2
-0.678286 0.068124 0.109946 2
0.346801 0.233687 -0.193219 1
0.093687 -0.770845 -0.116241 0
0.128743 -0.941390 -0.135248 0
0.366180 0.237481 -0.147811 1
0.041251 -0.191199 -0.021922 0
-0.681855 -0.002521 0.176755 2
0.042723 -0.020329 0.005092 0
0.023992 -0.048400 0.029265 0
0.199919 0.214751 -0.122072 1
-0.044748 -0.049033 0.019003 0
-0.114783 0.084856 0.065856 2
-0.274653 0.168928 -0.020918 2
0.416302 0.234520 -0.162457 1
0.067945 -0.236218 -0.016022 0
0.313010 0.251537 -0.058241 1
0.634797 0.132801 -0.199914 1
-0.248281 0.177768 0.209463 2
-0.313997 0.174246 0.075236 2
-0.341186 0.200466 0.070223 2
0.072825 -0.602023 -0.077056 0
-0.405519 0.172914 0.259218 2
-0.041125 -0.022915 -0.009170 0
-0.231933 0.169908 0.112869 2
0.135231 0.187085 -0.110953 1
0.599427 0.192556 -0.135440 1
-0.501251 0.159950 0.032239 2
-0.385747 0.182151 0.004384 2
-0.386409 0.175800 0.120685 2
-0.564061 0.144928 0.129906 2
0.100423 -0.607034 -0.093138 0
-0.541155 0.165452 0.084618 2
-0.185564 0.156385 -0.004839 2
0.139950 0.157854 0.012428 1
-0.229291 0.177820 0.021256 2
-0.109924 0.114097 0.111401 2
-0.632585 0.102199 0.137951 2
-0.506064 0.158571 0.213203 2
0.130141 -0.608777 -0.087889 0
0.120919 -0.773187 -0.089224 0
0.632973 0.182144 -0.066956 1
-0.456887 0.132914 0.254810 2
-0.280284 0.190944 -0.012951 2
-0.130495 0.111441 -0.007131 2
-0.397628 0.197811 0.062899 2
0.041299 -0.019432 0.041797 0
-0.316139 0.200726 0.030467 2
0.119580 -0.980603 -0.121966 0
0.366850 0.261002 0.038348 1
0.015004 -0.024115 0.021150 0
0.339534 0.236907 -0.150145 1
0.474586 0.182018 -0.250623 1
0.131916 -0.580642 -0.084818 0
-0.534782 0.133235 0.147294 2
0.182527 0.182828 0.049220 1
-0.430100 0.168977 0.151707 2
-0.172469 0.166650 0.154301 2
0.124554 -0.932452 -0.087602 0
-0.600696 0.097391 0.230429 2
-0.128253 0.108770 0.051558 2
0.060410 -0.287621 -0.031455 0
0.441360 0.241926 -0.119271 1
-0.583426 0.126227 0.049550 2
0.272370 0.230295 -0.153895 1
0.446968 0.259636 -0.022131 1
0.085829 -0.697308 -0.091750 0
0.106329 0.083779 -0.012019 1
0.112606 -0.812935 -0.119844 0
-0.435487 0.163596 0.199618 2
-0.327362 0.179231 0.120096 2
0.142336 -0.733603 -0.110513 0
-0.490702 0.121184 0.252297 2
-0.679529 0.032801 0.181822 2
0.088870 -0.554905 -0.068295 0
-0.450407 0.190117 0.076105 2
-0.571000 0.124036 0.094678 2
-0.234389 0.160634 0.040477 2
-0.072956 0.060801 0.063232 2
-0.355455 0.181363 0.058614 2
0.376191 0.269924 0.010771 1
0.110375 -0.521022 -0.054852 0
-0.227526 0.181316 0.190550 2
-0.373346 0.158011 0.246723 2
-0.172806 0.165996 0.103496 2
0.376866 0.258189 -0.067361 1
0.127618 0.123299 -0.012256 1
0.062605 -0.484505 -0.074096 0
-0.351382 0.190425 0.232096 2
-0.648912 0.068712 0.127942 2
0.685093 0.106657 -0.126871 1
-0.365642 0.203315 0.028073 2
0.222304 0.225517 -0.139394 1
0.126045 -0.708759 -0.102026 0
-0.612503 0.113726 0.138177 2
-0.438802 0.152217 0.220275 2
-0.474301 0.173088 0.177774 2
0.677059 0.125530 -0.154945 1
-0.360485 0.197873 0.138177 2
-0.475586 0.157818 0.145143 2
0.217342 0.221649 -0.164750 1
0.058857 0.018077 0.073155 0
0.022510 -0.172339 -0.011343 0
-0.558207 0.095891 0.226532 2
-0.541869 0.145879 0.190471 2
0.100485 -0.387452 -0.057056 0
-0.408077 0.177464 0.060245 2
0.469199 0.249336 -0.005062 1
0.095276 -0.580663 -0.085794 0
-0.010670 -0.040202 0.007727 0
-0.102489 0.086104 0.038184 2
-0.140373 0.141236 0.121240 2
0.015547 -0.126858 -0.004585 0
0.094741 -0.527261 -0.080738 0
0.086833 -0.421956 -0.036066 0
0.072792 -0.457947 -0.049137 0
0.118677 -0.653708 -0.076967 0
-0.596451 0.132802 0.106537 2
0.065857 -0.412878 -0.039004 0
0.126005 -0.547475 -0.066085 0
0.119885 -0.742264 -0.127303 0
-0.412706 0.193840 0.093336 2
-0.505065 0.164643 0.173802 2
0.136445 -0.964710 -0.129006 0
0.592924 0.209765 -0.058233 1
-0.207172 0.151723 -0.035184 2
-0.279999 0.188773 0.075337 2
0.162124 -0.965128 -0.110491 0
0.183469 0.209077 -0.137975 1
-0.342759 0.179762 0.145725 2
-0.614446 0.034169 0.227503 2
0.103101 -0.455831 -0.040384 0
-0.379463 0.194128 0.171338 2
-0.277062 0.174568 0.040510 2
-0.523004 0.105565 0.252603 2
-0.606841 0.128948 0.083135 2
0.563233 0.201648 -0.145254 1
-0.638489 0.085240 0.192116 2
-0.001018 -0.134869 0.011008 0
-0.573414 0.119801 0.119254 2
0.486116 0.244378 -0.087552 1
-0.663670 0.066843 0.170534 2
-0.616486 0.070595 0.234724 2
0.460257 0.258169 -0.040185 1
-0.169589 0.185779 0.181188 2
0.644771 0.189630 -0.093806 1
-0.532548 0.173464 0.057485 2
-0.526920 0.148664 0.211210 2
0.254159 0.213664 -0.194120 1
0.338573 0.247906 -0.094569 1
-0.291707 0.189872 0.094981 2
0.092726 -0.651842 -0.116722 0
0.086615 0.105206 -0.012397 1
0.138412 -0.679895 -0.101724 0
-0.162700 0.129158 0.022497 2
-0.372224 0.194394 0.113098 2
0.055297 -0.332187 -0.020535 0
-0.000637 -0.003875 0.027148 0
0.677365 0.157861 -0.111127 1
-0.293494 0.179163 0.201017 2
-0.531638 0.133002 0.245478 2
-0.404934 0.172331 0.166588 2
0.687494 0.105599 -0.166610 1
-0.046518 0.041593 0.045785 0
0.075219 0.103819 -0.036642 1
-0.408333 0.201962 0.022291 2
0.114242 -0.542978 -0.103041 0
-0.421410 0.188725 0.114633 2
0.101192 0.150501 -0.082831 1
-0.155593 0.143337 -0.013795 2
0.462407 0.225608 -0.157066 1
-0.351997 0.180631 0.179056 2
-0.434373 0.176252 0.030783 2
-0.239879 0.181963 0.041874 2
0.153926 0.198742 -0.110238 1
0.189380 0.203014 -0.030692 1
0.128928 0.182263 -0.077642 1
0.004898 0.015783 0.066661 0
0.076558 -0.801860 -0.108014 0
0.137253 -0.903459 -0.124722 0
-0.528503 0.154438 0.173267 2
0.308857 0.255768 -0.022165 1
-0.022506 -0.015268 0.015666 0
0.150508 0.194071 -0.155871 1
0.019174 0.006313 0.011544 0
0.038372 -0.141989 0.000419 0
-0.102393 0.104208 0.078279 2
0.670463 0.170019 -0.074530 1
-0.270318 0.168094 0.072247 2
0.313803 0.249607 0.032515 1
-0.077976 0.005246 0.006769 2
0.136529 -0.875304 -0.120922 0
-0.063801 0.047745 0.022456 2
-0.255017 0.166207 -0.005137 2
-0.630239 0.069979 0.159684 2
0.631987 0.154892 -0.109393 1
0.111272 -0.892289 -0.109366 0
-0.655717 0.025029 0.198908 2
-0.162461 0.146263 0.040367 2
-0.474873 0.167652 0.218987 2
0.375467 0.264585 -0.031889 1
0.099549 -0.643901 -0.083243 0
0.234021 0.228565 -0.095446 1
-0.106395 0.106665 0.028575 2
0.068651 -0.360148 -0.068112 0
0.124795 -0.719398 -0.138910 0
0.043085 -0.294928 -0.006843 0
0.269996 0.243740 -0.038955 1
-0.038714 0.022808 0.038547 0
-0.077352 0.068267 0.031086 2
-0.609154 0.075323 0.199163 2
0.044196 -0.171743 -0.013375 0
0.020079 -0.040258 0.050226 0
-0.491445 0.185526 0.031552 2
0.355724 0.211364 -0.226227 1
0.007834 -0.211710 -0.020652 0
-0.463578 0.159479 0.164260 2
0.565482 0.226464 -0.082140 1
0.122417 -0.670464 -0.112318 0
-0.680426 0.033414 0.146250 2
0.594140 0.217319 -0.081615 1
0.694793 0.078415 -0.180240 1
-0.302987 0.179089 0.037689 2
0.506774 0.240960 -0.015920 1
0.085349 0.035765 -0.003886 1
0.058361 0.024774 -0.010569 0
-0.432408 0.147033 0.242174 2
0.558694 0.217422 -0.111745 1
0.161870 -0.978405 -0.088877 0
0.564214 0.160756 -0.221083 1
0.046269 -0.374208 -0.033584 0
-0.266241 0.190388 0.102232 2
-0.589984 0.107766 0.129040 2
0.119435 -0.752167 -0.086877 0
0.147233 -0.799914 -0.113126 0
-0.381785 0.170455 0.213578 2
0.101803 -0.689338 -0.065864 0
0.596858 0.110512 -0.248847 1
0.269413 0.236881 -0.132854 1
-0.571679 0.150604 0.084361 2
-0.200535 0.164802 0.069189 2
0.082682 -0.354900 -0.014701 0
0.096341 -0.481193 -0.050397 0
0.132679 -0.607639 -0.058487 0
-0.426276 0.178179 0.006938 2
0.014738 -0.108629 0.014323 0
-0.374578 0.193100 0.193957 2
-0.664014 0.047845 0.147039 2
0.051544 -0.030053 -0.013156 0
-0.303165 0.179327 0.121086 2
-0.282230 0.194226 0.014123 2
-0.611037 0.103782 0.094384 2
-0.657005 0.084942 0.138559 2
0.024142 -0.064641 -0.002212 0
0.120708 0.140895 -0.003187 1
-0.233861 0.183135 0.155512 2
-0.143135 0.138039 0.081046 2
-0.228022 0.158920 0.012319 2
0.045290 -0.322085 -0.038817 0
0.113100 -0.965002 -0.109634 0
0.132196 -0.652931 -0.127334 0
-0.328025 0.196633 -0.017754 2
0.087216 0.075874 -0.016654 1
0.269173 0.245854 -0.003144 1
0.082697 -0.483874 -0.090997 0
-0.207288 0.174348 0.093739 2
-0.396591 0.163824 0.236122 2
0.089150 0.087632 0.024080 1
-0.196002 0.164004 0.041670 2
0.525939 0.244763 -0.056878 1
0.629521 0.159074 -0.165342 1
0.616418 0.108845 -0.240288 1
0.081372 -0.387138 -0.048829 0
0.259263 0.235775 -0.056763 1
-0.517179 0.138791 0.180954 2
0.041392 -0.083019 0.003400 0
0.127160 -0.494291 -0.062527 0
-0.430028 0.167211 0.116883 2
0.369872 0.229582 -0.191256 1
-0.291969 0.195155 0.058638 2
0.703910 0.131406 -0.111489 1
0.226912 0.224287 -0.037450 1
-0.062891 0.026887 0.036530 2
0.057637 -0.339723 -0.040565 0
0.093717 -0.838357 -0.116647 0
-0.081794 0.093565 0.066759 2
0.115419 0.110927 -0.023470 1
0.479435 0.253487 -0.055474 1
0.312422 0.242155 -0.166671 1
-0.555044 0.122126 0.166328 2
0.085773 -0.518984 -0.058438 0
0.290339 0.252853 -0.003643 1
0.051101 -0.122690 -0.000109 0
-0.336702 0.177610 0.220082 2
0.487179 0.218377 -0.165431 1
-0.599656 0.060221 0.228535 2
0.325847 0.263411 0.023175 1
0.708349 0.086289 -0.154897 1
0.071232 -0.359230 -0.047649 0
-0.319589 0.182634 0.200350 2
0.545259 0.184234 -0.199459 1
-0.146149 0.099549 -0.018062 2
0.676285 0.104629 -0.146145 1
0.654234 0.148056 -0.153896 1
0.058007 -0.011608 -0.005346 0
-0.242787 0.187424 0.114398 2
0.040304 -0.259994 -0.027739 0
-0.463183 0.181343 0.116756 2
0.554329 0.222295 -0.031717 1
0.296575 0.214757 -0.205486 1
-0.317983 0.179510 -0.007044 2
-0.333364 0.182415 0.170361 2
-0.446221 0.179607 0.193029 2
-0.267476 0.189333 0.171369 2
-0.330128 0.199497 0.156646 2
0.161056 0.191315 -0.180489 1
0.039421 -0.225956 0.002161 0
-0.628445 0.094419 0.076903 2
0.070391 0.008224 -0.004039 0
0.227474 0.222341 0.041506 1
0.127347 -0.570026 -0.068072 0
0.683232 0.132835 -0.137082 1
0.149256 -0.752782 -0.101643 0
-0.064352 0.044072 0.055773 2
-0.602289 0.108544 0.188984 2
0.583524 0.179322 -0.176171 1
-0.029967 -0.081587 0.009072 0
-0.143860 0.177426 0.148361 2
-0.265030 0.180677 0.141067 2
-0.638041 0.060459 0.216944 2
0.029977 -0.207805 -0.019845 0
0.157543 0.174380 0.012419 1
0.055378 -0.278959 -0.010312 0
0.416042 0.206401 -0.231041 1
-0.525734 0.136577 0.129606 2
-0.343234 0.182175 0.039021 2
-0.448036 0.168061 0.244660 2
-0.073941 0.077689 0.050402 2
0.089360 -0.454801 -0.077051 0
-0.127491 0.124085 0.030515 2
-0.291029 0.193156 0.227033 2
-0.311471 0.198669 0.167241 2
0.446446 0.269164 -0.003293 1
-0.555412 0.122197 0.145737 2
0.157707 -0.875079 -0.113350 0
-0.292693 0.174428 -0.014044 2
-0.569708 0.148571 0.058096 2
0.629089 0.192516 -0.105969 1
0.534081 0.214037 -0.062289 1
0.097359 -0.589567 -0.057424 0
-0.332994 0.176693 -0.029440 2
-0.260326 0.168566 0.049722 2
-0.493694 0.155786 0.094557 2
-0.139281 0.120542 0.120220 2
0.136191 -0.900011 -0.100448 0
0.413878 0.250122 -0.090880 1
-0.273732 0.178915 0.194972 2
-0.027569 -0.020743 0.045710 0
-0.344670 0.175782 0.096488 2
0.500266 0.253257 -0.048148 1
0.295442 0.250403 -0.040708 1
0.615033 0.194972 -0.059963 1
0.106952 -0.565391 -0.063330 0
0.457382 0.247502 -0.085106 1
-0.451660 0.172793 0.040016 2
0.102468 -0.768308 -0.095154 0
-0.189374 0.177515 0.120130 2
0.145780 -0.777307 -0.097861 0
0.099265 -0.626640 -0.096197 0
0.333440 0.254526 -0.064533 1
0.126896 0.177266 -0.155669 1
0.137117 -0.530464 -0.062781 0
0.131033 -0.832257 -0.120071 0
0.636760 0.145604 -0.177912 1
0.080463 0.057886 -0.021392 1
0.263609 0.220085 -0.214720 1
-0.422241 0.180941 0.210575 2
0.056086 -0.394827 -0.040734 0
-0.389518 0.175838 0.147430 2
0.030909 -0.152198 -0.039247 0
-0.541936 0.163935 0.041508 2
0.082133 -0.412236 -0.076439 0
-0.210755 0.168145 -0.003692 2
-0.478096 0.163415 0.082379 2
-0.182832 0.157829 0.022857 2
-0.570757 0.110886 0.244452 2
0.178174 0.195235 -0.013138 1
0.216088 0.237937 0.033421 1
-0.585541 0.122988 0.075090 2
-0.114718 0.138375 0.118944 2
0.085289 -0.687776 -0.108929 0
0.446493 0.218263 -0.182854 1
0.647707 0.068636 -0.232878 1
0.232963 0.229934 0.015347 1
-0.514454 0.163222 0.129414 2
-0.227025 0.157173 0.065394 2
0.116322 -0.609162 -0.073981 0
-0.586474 0.121279 0.183194 2
-0.084039 0.058993 0.047003 2
-0.451877 0.165314 0.138506 2
-0.489458 0.184357 0.065983 2
0.108031 -0.492014 -0.066096 0
0.553626 0.230801 -0.067190 1
0.296137 0.237536 -0.137942 1
0.113252 -0.589681 -0.091473 0
0.714885 0.050114 -0.145830 1
0.072289 0.061044 0.005218 1
0.001989 -0.082691 0.018537 0
-0.647611 0.077756 0.073416 2
0.601466 0.175249 -0.166221 1
-0.376498 0.198416 0.072626 2
0.300510 0.216751 -0.238581 1
0.029333 -0.109690 -0.012436 0
-0.582842 0.129202 0.148978 2
-0.170797 0.155339 0.075702 2
0.056257 -0.278052 -0.049844 0
0.417280 0.261342 -0.058575 1
0.592334 0.205585 -0.114846 1
0.239492 0.223600 -0.077539 1
0.109614 -0.860232 -0.128262 0
0.402873 0.269212 0.013772 1
-0.477563 0.151371 0.208922 2
-0.013964 -0.025933 0.033015 0
0.705962 0.112483 -0.124670 1
-0.498990 0.144742 0.253153 2
-0.596177 0.095689 0.166599 2
-0.364229 0.177166 0.076279 2
0.147365 -0.938557 -0.101188 0
0.456928 0.186391 -0.238935 1
0.027933 -0.065140 0.037887 0
-0.529909 0.140807 0.110450 2
-0.302487 0.166445 -0.048440 2
-0.386438 0.203521 0.020876 2
0.062937 0.025353 0.012650 0
0.028573 -0.092965 0.015005 0
-0.555733 0.136565 0.199938 2
0.363696 0.254246 0.020659 1
0.041241 -0.018233 0.062636 0
0.634138 0.120787 -0.217632 1
0.087348 0.142057 -0.066206 1
0.110532 0.167482 -0.146804 1
-0.052734 0.015420 0.013328 2
-0.025057 0.006568 0.063628 0
-0.258125 0.161151 -0.032139 2
-0.025808 -0.047572 0.021295 0
-0.516532 0.157733 0.012200 2
0.124820 0.166056 -0.050412 1
0.140881 0.149284 0.030987 1
0.108499 -0.759014 -0.118476 0
0.009460 -0.047882 0.007811 0
0.101194 -0.662838 -0.083738 0
0.071697 -0.376353 -0.028142 0
-0.255570 0.192257 0.199554 2
0.268151 0.240798 0.030298 1
0.342267 0.211548 -0.249689 1
0.097161 0.130977 -0.040745 1
-0.619108 0.100643 0.057556 2
0.527118 0.141077 -0.260517 1
0.167463 0.165950 0.048047 1
0.113314 -0.535820 -0.078232 0
-0.435125 0.165022 0.175775 2
-0.552757 0.136166 0.025550 2
-0.681467 -0.021348 0.166454 2
0.123469 -0.643317 -0.092053 0
0.620063 0.150108 -0.190495 1
-0.537959 0.119374 0.207870 2
-0.210071 0.166641 0.110925 2
-0.322796 0.170285 0.232678 2
-0.467834 0.172884 -0.002604 2
-0.586857 0.094153 0.245477 2
0.167754 0.199293 -0.080125 1
-0.648622 0.078470 0.172777 2
-0.473992 0.154875 0.190675 2
0.270633 0.228947 -0.176930 1
-0.208960 0.151620 0.030660 2
-0.238304 0.177620 0.174588 2
0.536740 0.247005 -0.039337 1
-0.402856 0.183277 -0.013691 2
-0.049399 -0.027917 0.019220 0
0.113371 -0.857449 -0.102474 0
0.669565 0.120281 -0.174327 1
0.125030 0.167377 -0.125037 1
-0.527604 0.148010 0.079810 2
0.135059 -0.847511 -0.100017 0
0.322206 0.210838 -0.218950 1
0.238603 0.223534 -0.165233 1
-0.035048 0.031295 0.056570 0
0.444082 0.257951 -0.055904 1
0.664631 0.091876 -0.185561 1
-0.530671 0.165519 0.100204 2
-0.033560 -0.029003 0.006894 0
0.685292 0.132402 -0.097187 1
0.097442 -0.413646 -0.023001 0
0.229047 0.213260 -0.202270 1
-0.204253 0.180825 0.167944 2
-0.308318 0.199426 0.003745 2
0.455704 0.201676 -0.219296 1
-0.104743 0.122679 0.076245 2
0.072632 -0.323005 -0.021998 0
0.549134 0.239195 -0.014718 1
-0.391223 0.173765 0.087536 2
0.204963 0.210469 0.048883 1
0.122548 -0.619949 -0.119674 0
0.103994 -0.500654 -0.101795 0
-0.406327 0.188901 0.176510 2
0.117929 0.103026 0.026493 1
-0.558819 0.114507 0.189807 2
-0.398599 0.171983 0.200416 2
-0.037529 -0.002124 0.020058 0
0.636626 0.087399 -0.233717 1
-0.623864 0.094420 0.181418 2
0.643024 0.094175 -0.215815 1
0.045277 0.007509 0.039445 0
0.201806 0.210415 -0.190986 1
-0.572226 0.111245 0.164146 2
-0.208627 0.199094 0.181393 2
0.211732 0.213522 -0.058194 1
0.242192 0.229435 -0.112116 1
0.136934 -0.635023 -0.077186 0
0.100833 -0.626355 -0.076080 0
0.104965 -0.726095 -0.100775 0
0.059254 -0.431841 -0.046321 0
0.299820 0.243918 -0.109056 1
-0.369712 0.178511 0.137943 2
-0.559295 0.079123 0.238933 2
-0.479827 0.168192 0.021045 2
0.033604 -0.243609 -0.008505 0
-0.395208 0.192013 0.121302 2
-0.499639 0.122358 0.233833 2
0.251152 0.234495 -0.088589 1
-0.144317 0.123569 -0.006088 2
-0.621878 0.087123 0.121010 2
0.120802 -0.691375 -0.128104 0
-0.465228 0.167248 0.238179 2
0.329375 0.227922 -0.202914 1
0.013191 -0.153731 -0.005888 0
0.438430 0.265368 0.019999 1
0.687363 0.140012 -0.120398 1
-0.258172 0.170106 0.090249 2
0.682734 0.162271 -0.092325 1
-0.049642 0.006963 0.031558 0
0.525695 0.213937 -0.142478 1
-0.355332 0.173605 0.225945 2
0.210097 0.217211 -0.022859 1
0.097021 -0.804247 -0.105460 0
-0.434767 0.186344 0.155041 2
-0.668069 0.052608 0.129425 2
0.190227 0.201821 0.008344 1
-0.479745 0.155573 0.119464 2
0.099456 -0.680589 -0.099412 0
0.617572 0.212718 -0.056081 1
0.693076 0.087668 -0.143157 1
0.636305 0.167801 -0.092916 1
0.615937 0.193833 -0.083244 1
-0.567452 0.133522 0.068176 2
-0.272452 0.176763 0.112669 2
-0.237820 0.177474 0.075548 2
0.092963 -0.725385 -0.119846 0
0.125082 -0.925449 -0.127205 0
-0.095284 0.058867 -0.003144 2
0.006196 -0.004033 0.069638 0
-0.309033 0.198334 0.146769 2
0.633157 0.177067 -0.130244 1
-0.304422 0.194598 0.111255 2
-0.456596 0.166788 0.084487 2
-0.591469 0.118648 0.033888 2
-0.148806 0.138097 0.030131 2
-0.328095 0.200306 0.057595 2
-0.663823 0.077677 0.118647 2
-0.163858 0.106818 -0.024352 2
-0.450494 0.145318 0.242467 2
0.086229 -0.643872 -0.095585 0
-0.196243 0.156646 -0.021548 2
0.086875 -0.493498 -0.074256 0
-0.626615 0.059218 0.199579 2
0.429243 0.264733 -0.021920 1
-0.605421 0.124020 0.120040 2
0.019278 0.014378 0.027779 0
0.050854 -0.199245 -0.006086 0
-0.393133 0.180787 0.030409 2
0.121482 -0.919686 -0.100085 0
-0.690541 -0.000370 0.157084 2
0.147837 -0.929370 -0.121563 0
-0.489431 0.169843 0.164439 2
-0.370414 0.196775 0.154861 2
-0.410886 0.190613 0.136213 2
-0.382147 0.180601 0.048769 2
0.043758 0.015311 0.063664 0
0.110675 -0.795723 -0.086820 0
0.442457 0.247664 -0.102215 1
0.050775 -0.235624 -0.021453 0
-0.350749 0.194937 -0.014635 2
0.044439 -0.075599 -0.012707 0
-0.423478 0.174718 0.069130 2
-0.109623 0.086959 0.013541 2
-0.146773 0.138080 0.058790 2
0.281892 0.222430 -0.217232 1
0.387559 0.225020 -0.209021 1
-0.640584 0.102254 0.100349 2
-0.181840 0.126264 -0.033477 2
-0.674518 0.050002 0.182945 2
-0.492752 0.164536 0.050578 2
0.094625 -0.706479 -0.104370 0
0.126375 0.141996 0.013756 1
-0.290833 0.173812 0.082517 2
-0.644204 0.051842 0.185769 2
-0.549036 0.148614 0.138852 2
-0.185312 0.139613 0.005605 2
0.110269 -0.740501 -0.112380 0
-0.570498 0.148154 0.040282 2
-0.662028 0.079770 0.092813 2
-0.157453 0.122929 0.006660 2
-0.077380 0.097486 0.084560 2
0.034461 0.000489 0.066776 0
0.403547 0.246577 -0.120406 1
0.100534 -0.634914 -0.113304 0
-0.238590 0.174921 0.128541 2
-0.554657 0.131621 0.103037 2
0.180141 0.204073 -0.174151 1
-0.451683 0.165176 0.101466 2
-0.495574 0.151999 0.112319 2
0.339851 0.260237 -0.025663 1
-0.492083 0.175971 0.110572 2
-0.445682 0.154952 0.259870 2
-0.245685 0.181411 -0.004587 2
-0.559364 0.151278 0.111440 2
-0.409874 0.172533 0.149605 2
0.086461 -0.366641 -0.028878 0
-0.554768 0.157864 0.092981 2
0.340011 0.242092 -0.111460 1
0.031899 -0.207372 -0.002303 0
0.108043 -0.885486 -0.125327 0
0.295073 0.247139 0.040688 1
0.041937 -0.065457 0.004650 0
0.104210 -0.455751 -0.057963 0
0.640264 0.129974 -0.147501 1
0.189381 0.209625 -0.156747 1
0.417230 0.237377 -0.128058 1
0.001623 -0.016546 0.048754 0
-0.275517 0.194296 0.132846 2
-0.252525 0.191578 0.135319 2
0.101108 -0.569880 -0.110645 0
0.105047 -0.423777 -0.044711 0
-0.453352 0.158888 0.201422 2
-0.656186 0.054713 0.203493 2
-0.420394 0.194684 0.005491 2
-0.024531 -0.009133 0.031947 0
0.113181 0.113513 -0.002462 1
0.129494 -0.776817 -0.105135 0
0.054163 -0.270032 -0.031298 0
-0.345714 0.196709 0.192956 2
0.027848 -0.101862 -0.029727 0
0.031369 -0.029883 0.023155 0
-0.287762 0.183802 -0.030212 2
0.576719 0.229465 -0.049590 1
0.375986 0.255082 -0.084504 1
0.216460 0.206140 -0.180509 1
-0.147120 0.120762 0.031080 2
0.088242 -0.536702 -0.059570 0
0.062346 -0.323374 -0.057611 0
-0.157867 0.156763 0.149425 2
0.130490 -0.804181 -0.111098 0
0.381493 0.204808 -0.254501 1
-0.608382 0.111280 0.154889 2
-0.417433 0.168148 0.190392 2
0.647785 0.102622 -0.187640 1
-0.223258 0.157936 -0.033120 2
-0.543884 0.146755 0.161400 2
-0.441660 0.197009 0.039138 2
0.016563 -0.012189 0.008651 0
0.511055 0.191645 -0.207322 1
0.097567 -0.439411 -0.040818 0
0.536638 0.202303 -0.166201 1
-0.243150 0.182429 0.058879 2
-0.462900 0.174976 0.193263 2
0.067956 -0.401566 -0.055501 0
-0.411596 0.170337 0.112037 2
-0.369374 0.177764 0.187931 2
0.601512 0.202589 -0.076317 1
0.204723 0.212454 0.031729 1
-0.092458 0.094819 0.049197 2
-0.670277 0.053519 0.085864 2
-0.129239 0.118883 0.009551 2
0.085034 -0.740849 -0.116469 0
0.576259 0.200181 -0.072128 1
-0.608697 0.087036 0.154691 2
-0.007648 -0.056557 0.012689 0
0.104530 -0.724556 -0.070930 0
-0.613823 0.085871 0.227241 2
-0.628249 0.108727 0.122621 2
0.090753 0.044147 -0.020115 1
-0.316700 0.184203 -0.026390 2
0.512520 0.175829 -0.235082 1
0.204685 0.212692 0.004590 1
-0.317681 0.192478 0.095186 2
-0.309213 0.181262 0.140194 2
-0.238825 0.198339 0.161812 2
-0.145355 0.147882 0.137767 2
-0.278231 0.192468 0.040819 2
0.122417 -0.708741 -0.085257 0
-0.575185 0.130890 0.164236 2
0.661133 0.174944 -0.101999 1
0.001812 -0.101004 0.002908 0
0.133218 -0.752019 -0.131875 0
-0.517761 0.158542 0.155011 2
0.078467 -0.404052 -0.031470 0
0.634067 0.199266 -0.084556 1
-0.306891 0.177727 0.057295 2
0.069426 -0.028235 0.019240 0
0.098252 0.156963 -0.067279 1
0.116369 -0.780964 -0.133075 0
-0.344549 0.204163 0.023029 2
-0.231343 0.166234 0.095110 2
0.619548 0.093646 -0.232877 1
-0.595718 0.085818 0.199155 2
0.390494 0.259264 0.007144 1
-0.327921 0.197047 0.121168 2
0.135420 -0.588878 -0.070314 0
-0.600045 0.107641 0.107144 2
-0.328606 0.190874 0.227062 2
0.420308 0.214354 -0.211774 1
0.055952 0.017809 0.047783 0
-0.461045 0.189968 0.015384 2
-0.526050 0.162732 0.116977 2
0.554398 0.187326 -0.184209 1
0.120130 -0.642934 -0.108722 0
0.548723 0.139914 -0.233317 1
0.033807 -0.231644 -0.022978 0
0.269678 0.231936 -0.092918 1
-0.641894 0.068354 0.143404 2
0.576953 0.167945 -0.202379 1
-0.131262 0.165562 0.146611 2
0.136750 0.190512 -0.127761 1
0.116657 0.180739 -0.116194 1
-0.124829 0.138873 0.082010 2
-0.270447 0.170563 0.014206 2
0.671293 0.095734 -0.200660 1
0.400556 0.208651 -0.240908 1
-0.443542 0.170971 0.071079 2
-0.518620 0.120008 0.216848 2
-0.547719 0.139438 0.070060 2
-0.199532 0.137235 -0.039475 2
0.128188 -0.841596 -0.134766 0
0.098347 -0.687028 -0.083799 0
0.122603 -0.768317 -0.119302 0
0.136424 -0.863091 -0.093576 0
0.141773 -0.964216 -0.090535 0
0.383309 0.234502 -0.181900 1
-0.128637 0.130205 0.129099 2
0.118910 -0.484113 -0.034638 0
-0.634131 0.034190 0.215860 2
0.670758 0.138844 -0.146743 1
0.258720 0.241011 -0.023568 1
0.483405 0.184050 -0.236418 1
0.075782 -0.518791 -0.083878 0
0.089349 -0.600485 -0.079880 0
-0.199209 0.174883 0.139555 2
0.103837 0.101338 -0.015915 1
0.286771 0.239904 -0.075705 1
-0.221905 0.175583 0.130574 2
-0.600041 0.114585 0.073933 2
0.336206 0.245088 -0.133786 1
-0.487747 0.185869 0.047920 2
0.567647 0.148505 -0.234665 1
-0.373222 0.168831 0.227897 2
-0.540204 0.145054 0.017270 2
-0.262349 0.191401 0.121369 2
0.650713 0.114735 -0.165245 1
0.095277 -0.403582 -0.046728 0
-0.034233 0.015125 0.023975 0
0.109250 0.132197 -0.013734 1
0.527100 0.189766 -0.195571 1
0.030517 -0.261005 -0.014234 0
0.152886 0.174336 -0.023839 1
0.010903 -0.056452 0.022754 0
0.486642 0.239820 -0.105712 1
-0.023919 -0.037129 0.040367 0
0.070929 0.007152 0.012591 0
-0.253800 0.182198 0.075719 2
0.484367 0.249192 -0.022986 1
-0.131509 0.127651 0.046288 2
0.659745 0.160108 -0.121733 1
0.070817 0.042325 0.014947 0
-0.221988 0.175544 0.039662 2
0.099796 -0.550529 -0.099664 0
0.045274 0.005786 0.021022 0
-0.182187 0.171720 0.141786 2
0.067377 -0.251524 -0.022491 0
-0.228920 0.199530 0.199268 2
-0.303874 0.178683 0.003178 2
-0.511443 0.147247 0.111337 2
-0.140479 0.122751 0.059351 2
0.659426 0.129726 -0.124428 1
-0.319570 0.178861 0.218168 2
0.148481 0.169105 -0.003109 1
0.110058 -0.796577 -0.119257 0
0.111334 -0.570333 -0.085580 0
-0.056659 0.062680 0.065402 0
0.559623 0.237896 -0.030197 1
0.597719 0.143539 -0.221409 1
0.111615 -0.509255 -0.066402 0
0.153114 -0.912112 -0.111898 0
-0.328459 0.198301 0.080529 2
0.062992 0.021345 -0.026049 0
-0.209165 0.151345 0.005308 2
-0.464832 0.160774 0.129342 2
-0.317702 0.198068 0.189909 2
0.345956 0.251850 0.029360 1
0.050172 -0.012924 -0.019800 0
0.127311 -0.732483 -0.103817 0
-0.242875 0.163562 0.005691 2
0.633908 0.146710 -0.123569 1
0.137839 -0.894734 -0.138686 0
-0.377479 0.196414 -0.009129 2
0.259218 0.228054 0.049021 1
-0.284476 0.198260 0.206094 2
0.060197 -0.313610 -0.016735 0
-0.409990 0.177940 0.236352 2
-0.357320 0.196313 0.119751 2
0.123455 -0.821623 -0.130045 0
-0.395247 0.202605 -0.013222 2
-0.329089 0.182140 0.024159 2
-0.167394 0.132539 0.047918 2
0.406080 0.264917 -0.013582 1
-0.156739 0.181335 0.138995 2
-0.087556 0.085613 0.031429 2
-0.142321 0.158282 0.111787 2
0.139486 -0.875547 -0.104519 0
0.015289 -0.073674 0.024181 0
-0.064534 -0.002967 0.030630 2
0.022777 -0.185268 0.001089 0
0.044565 -0.054000 0.037450 0
0.063439 -0.260321 -0.004982 0
-0.535144 0.143159 0.093461 2
-0.390322 0.190979 0.185231 2
0.066878 -0.015674 0.007742 0
0.046053 -0.406995 -0.047800 0
0.148395 -0.838660 -0.103147 0
0.072850 -0.314714 -0.005510 0
-0.385876 0.184693 0.229304 2
0.087273 -0.499828 -0.094638 0
-0.363083 0.176208 0.249773 2
0.072089 -0.421107 -0.058939 0
0.072810 -0.456656 -0.032921 0
-0.101997 0.072855 0.010853 2
0.069726 0.033576 0.086931 0
-0.024704 0.006376 0.038486 0
-0.476495 0.135516 0.228797 2
-0.194807 0.147916 0.066787 2
-0.686345 0.032127 0.162126 2
0.040416 -0.092535 -0.013088 0
0.118557 -0.945927 -0.123388 0
-0.502054 0.147528 0.147290 2
0.109380 -0.833322 -0.112100 0
0.137377 -0.716423 -0.091145 0
0.504945 0.241388 -0.078792 1
-0.212351 0.175447 0.155021 2
0.246436 0.230513 -0.130190 1
0.243875 0.217281 -0.207298 1
0.460678 0.173829 -0.262873 1
0.118795 -0.481248 -0.056503 0
0.109286 -0.918913 -0.111674 0
0.121927 -0.537031 -0.048661 0
-0.035565 0.043721 0.034156 0
0.295250 0.244744 0.058677 1
-0.058016 0.002427 -0.006317 2
0.217675 0.219071 -0.095592 1
0.394242 0.255211 -0.084489 1
0.313142 0.257881 -0.004209 1
-0.183249 0.187908 0.189432 2
-0.557775 0.139513 0.174287 2
0.704705 0.065923 -0.150206 1
0.110041 0.157458 -0.048637 1
-0.618646 0.120724 0.090307 2
-0.047797 0.048253 0.023775 0
0.134405 -0.679948 -0.085196 0
-0.248407 0.184579 0.012975 2
0.163591 0.200215 -0.095575 1
0.498746 0.208270 -0.183027 1
0.085975 -0.563002 -0.081802 0
0.521088 0.228295 -0.111209 1
-0.265031 0.186192 -0.013842 2
-0.108344 0.095392 0.051023 2
0.471730 0.246988 -0.077805 1
0.100045 0.166906 -0.094613 1
0.349898 0.262546 -0.004710 1
0.103477 -0.527808 -0.094116 0
0.161573 0.186175 -0.047641 1
0.179209 0.204089 -0.091927 1
-0.007560 -0.048060 0.026216 0
-0.091524 0.072066 0.023955 2
0.363059 0.247788 -0.120947 1
-0.154322 0.139746 0.013990 2
0.198496 0.205506 -0.051950 1
0.114021 -0.876560 -0.086467 0
0.113637 0.170169 -0.085043 1
0.472195 0.242659 -0.032905 1
0.418928 0.270964 0.005035 1
-0.130855 0.132939 0.111518 2
0.125931 0.122143 0.031760 1
-0.248877 0.186687 0.165910 2
0.078091 -0.482987 -0.057657 0
0.125952 -0.624984 -0.085667 0
-0.481775 0.154370 0.249584 2
0.130732 -0.649420 -0.067518 0
0.298133 0.222669 -0.219188 1
0.099734 -0.629026 -0.058143 0
0.522873 0.237385 -0.022080 1
0.309110 0.232363 -0.181554 1
-0.355856 0.203189 0.002879 2
-0.278336 0.185864 0.156593 2
0.074619 -0.375628 -0.061195 0
-0.171872 0.148471 -0.003735 2
-0.355924 0.176762 -0.022408 2
0.680570 0.082466 -0.174557 1
-0.198733 0.146652 0.042284 2
0.193306 0.194299 0.047501 1
-0.505004 0.139822 0.201123 2
-0.632997 0.108197 0.064151 2
0.113548 -0.706512 -0.118615 0
-0.530881 0.143291 0.225530 2
-0.075009 0.041950 0.040631 2
0.079395 0.050380 -0.004514 1
0.590429 0.222247 -0.039467 1
-0.270777 0.169899 -0.005660 2
-0.526278 0.136631 0.166280 2
-0.295934 0.177829 0.023645 2
-0.667325 0.022829 0.182212 2
-0.521711 0.150066 0.040056 2
0.627279 0.131132 -0.158464 1
-0.008618 -0.020711 0.010593 0
-0.340606 0.179092 0.128629 2
0.198777 0.181524 0.056804 1
0.071476 -0.400246 -0.074279 0
0.014756 -0.107874 -0.006778 0
0.029047 -0.028091 0.005653 0
-0.178048 0.162272 0.087822 2
-0.184807 0.140857 0.050202 2
-0.568959 0.104427 0.201189 2
0.501300 0.220041 -0.154467 1
0.069092 -0.418435 -0.024661 0
-0.266353 0.184825 0.084804 2
-0.102370 0.049586 0.032727 2
0.439154 0.208871 -0.223254 1
-0.437158 0.193692 0.064718 2
0.282879 0.235968 -0.183755 1
0.247848 0.225773 -0.186466 1
-0.435554 0.167152 0.102244 2
0.457375 0.241648 -0.112479 1
0.402770 0.237620 -0.155011 1
-0.355842 0.164272 0.241669 2
-0.121539 0.128701 0.099655 2
0.655341 0.166231 -0.075609 1
-0.100843 0.096660 0.064672 2
-0.019260 -0.074886 0.018220 0
0.137037 0.166642 -0.039108 1
-0.171288 0.149252 0.146903 2
0.699766 0.051166 -0.163345 1
-0.348677 0.180749 0.163847 2
0.445826 0.229364 -0.146934 1
-0.147082 0.173510 0.172034 2
0.152083 -0.976881 -0.108824 0
0.103458 0.172457 -0.110496 1
-0.224210 0.193132 0.147834 2
0.270705 0.235218 0.056648 1
-0.180746 0.156376 0.038184 2
-0.292797 0.178552 0.109547 2
-0.515351 0.138346 0.249763 2
0.585628 0.123214 -0.247794 1
-0.622000 0.104854 0.148983 2
0.106759 -0.468430 -0.049395 0
-0.070683 0.034033 0.020164 2
0.033865 -0.163409 0.001482 0
0.313478 0.239526 -0.128878 1
0.549202 0.209347 -0.137299 1
0.050078 0.031091 0.019092 0
0.387759 0.244078 -0.138720 1
-0.489223 0.169361 0.138340 2
-0.120899 0.101927 0.039788 2
0.073418 -0.332687 -0.034039 0
-0.358621 0.191506 0.209214 2
-0.561804 0.121293 0.129354 2
0.415987 0.235847 -0.147061 1
-0.501887 0.163868 0.188900 2
0.454606 0.251348 -0.000418 1
0.095926 0.131387 -0.059056 1
-0.182197 0.170987 0.165484 2
-0.453227 0.181133 0.128557 2
-0.636125 0.087501 0.171963 2
-0.545141 0.124700 0.246717 2
-0.248727 0.166022 0.038801 2
0.326300 0.261081 0.003124 1
0.098026 -0.474814 -0.067143 0
-0.479178 0.166717 0.057512 2
0.645444 0.194872 -0.067472 1
0.111650 -0.949987 -0.092528 0
-0.372018 0.183145 0.011257 2
-0.265616 0.178567 0.211023 2
-0.501557 0.180943 0.020675 2
-0.297128 0.184093 0.155579 2
0.168211 0.202034 -0.146877 1
-0.505631 0.155731 0.074364 2
-0.355025 0.194868 0.102854 2
0.469504 0.207365 -0.198829 1
-0.220459 0.175882 0.085096 2
0.035722 -0.037165 0.040528 0
-0.421647 0.189664 0.147071 2
0.110404 -0.670150 -0.101809 0
-0.519472 0.111950 0.235540 2
-0.515997 0.176709 0.039277 2
-0.340857 0.178397 0.111077 2
-0.087514 0.026295 0.022355 2
-0.184974 0.160722 0.073683 2
0.641784 0.156700 -0.155957 1
-0.304873 0.191951 0.233412 2
-0.077483 0.033786 -0.004060 2
-0.555495 0.111600 0.254372 2
-0.099685 0.124193 0.116534 2
0.033068 -0.188806 -0.038195 0
0.663208 0.080902 -0.202913 1
0.245373 0.234769 0.022774 1
0.073005 0.068832 -0.013856 1
-0.251951 0.183211 0.148451 2
0.677904 0.096554 -0.158956 1
-0.220355 0.181645 0.111840 2
0.233415 0.212227 0.051218 1
0.099183 -0.511135 -0.051871 0
0.019221 -0.144417 0.004511 0
0.149583 0.178945 -0.145766 1
-0.143297 0.112213 0.003953 2
0.073348 0.023064 -0.005277 0
-0.199022 0.164917 0.005382 2
-0.343457 0.191160 0.219076 2
0.099898 -0.750331 -0.085341 0
0.058617 -0.057727 -0.004832 0
0.153607 0.155816 0.039843 1
-0.463742 0.177604 0.138889 2
-0.463784 0.169992 0.048671 2
0.059717 0.078204 -0.020051 1
0.375160 0.216218 -0.235133 1
0.101314 -0.751414 -0.102936 0
0.692137 0.122112 -0.118923 1
0.158247 -0.948646 -0.105914 0
-0.510149 0.114985 0.248265 2
0.125320 -0.687509 -0.101576 0
0.233752 0.210944 -0.217015 1
-0.594385 0.136174 0.091924 2
0.702144 0.099315 -0.150323 1
-0.290543 0.198980 0.185952 2
0.617133 0.167636 -0.163847 1
0.216874 0.221605 0.005556 1
0.051671 -0.137242 -0.005006 0
0.644271 0.176717 -0.083659 1
0.104124 -0.590536 -0.103485 0
-0.345655 0.200418 0.055794 2
0.617042 0.112837 -0.225739 1
-0.306568 0.180742 0.208380 2
0.028729 -0.127252 -0.011877 0
0.657293 0.149379 -0.102352 1
0.485805 0.255544 -0.041980 1
0.321727 0.230827 -0.190273 1
0.660392 0.115193 -0.152844 1
-0.647117 0.077772 0.092466 2
0.042896 -0.302965 -0.030696 0
-0.529012 0.121277 0.261401 2
-0.340418 0.181522 0.058979 2
0.065653 0.025216 0.038995 0
0.524719 0.210233 -0.161594 1
0.041961 -0.217476 -0.031800 0
-0.643477 0.060120 0.173246 2
-0.528129 0.167070 0.032116 2
-0.030422 -0.061316 0.017348 0
0.178451 0.192779 0.006078 1
0.311857 0.220817 -0.224994 1
-0.235448 0.162245 0.076729 2
-0.356410 0.182028 0.031880 2
0.511150 0.246414 -0.058633 1
0.106845 -0.873549 -0.112657 0
0.122892 -0.893078 -0.099242 0
-0.611743 0.067536 0.211691 2
-0.664602 0.059287 0.102606 2
-0.507306 0.175778 0.089969 2
-0.475303 0.189164 0.030810 2
-0.169267 0.151726 0.093783 2
0.096934 -0.714454 -0.091924 0
-0.606024 0.100951 0.212931 2
-0.557665 0.157477 0.049896 2
-0.369073 0.178862 0.173030 2
-0.328287 0.202990 0.022063 2
0.671467 0.094439 -0.172274 1
0.456337 0.216409 -0.193941 1
-0.477204 0.185807 0.074408 2
0.086068 -0.453332 -0.044098 0
-0.209046 0.152231 0.065547 2
-0.125726 0.148438 0.118356 2
-0.411061 0.180850 0.008108 2
0.084822 0.114092 -0.031672 1
0.283548 0.238849 -0.145831 1
-0.097007 0.096883 0.094977 2
-0.395159 0.165465 0.217884 2
0.647698 0.158416 -0.095002 1
0.322558 0.249630 -0.073466 1
0.032372 -0.029900 0.059925 0
0.144358 0.141181 0.050867 1
0.005611 -0.081251 0.004157 0
0.508880 0.164840 -0.251331 1
0.017940 -0.001637 0.024060 0
-0.586135 0.103676 0.155345 2
0.248031 0.215585 0.057450 1
0.135980 0.157590 -0.004003 1
-0.234267 0.159666 -0.005763 2
0.393771 0.266367 -0.022406 1
0.082316 0.096181 -0.023353 1
0.606815 0.179139 -0.088328 1
-0.658321 0.074797 0.159243 2
-0.276240 0.193088 0.227771 2
-0.306317 0.197973 0.054933 2
-0.168284 0.123407 -0.028015 2
-0.455834 0.191955 0.062461 2
-0.531813 0.120915 0.192058 2
0.109476 0.113184 0.013092 1
0.553325 0.149435 -0.245284 1
-0.589783 0.055010 0.239930 2
-0.483794 0.168269 0.003321 2
-0.567303 0.110819 0.178059 2
0.684694 0.069568 -0.186366 1
0.646568 0.122555 -0.201067 1
-0.518798 0.178762 0.056864 2
0.108370 0.139640 -0.030685 1
-0.639220 0.077259 0.120840 2
-0.093039 0.114547 0.092120 2
0.115130 -0.606124 -0.093502 0
0.360643 0.263622 -0.029468 1
0.675469 0.139698 -0.110634 1
0.106122 -0.517575 -0.083857 0
0.602799 0.197516 -0.121987 1
-0.358199 0.175029 0.102230 2
0.085925 0.028495 0.098906 0
0.379739 0.266439 -0.004986 1
-0.405367 0.198859 0.050435 2
0.311632 0.235333 -0.153665 1
-0.334942 0.182175 0.202625 2
0.363361 0.268259 0.003803 1
-0.440056 0.176994 0.001991 2
-0.168047 0.141093 -0.021253 2
0.606630 0.157641 -0.191657 1
-0.673775 0.060961 0.156370 2
0.416493 0.202539 -0.245196 1
-0.018357 -0.105031 -0.003641 0
0.231015 0.228847 -0.021314 1
0.134659 -0.849072 -0.118756 0
-0.264879 0.199649 0.181463 2
-0.020722 -0.031220 0.013623 0
-0.546388 0.160026 0.028101 2
0.472701 0.237062 -0.118333 1
-0.487851 0.169314 0.181833 2
0.068247 -0.340046 -0.022502 0
0.112060 -0.661611 -0.117632 0
-0.401438 0.195924 0.084252 2
0.104060 -0.599300 -0.066037 0
0.600597 0.202288 -0.048288 1
-0.445438 0.189130 0.089842 2
0.514328 0.253439 -0.016759 1
0.090324 0.093955 0.006082 1
0.217819 0.211668 0.039034 1
-0.436577 0.178602 0.209153 2
-0.603699 0.113815 0.059825 2
0.130892 -0.760642 -0.090022 0
0.311775 0.247065 -0.101310 1
-0.319944 0.200166 -0.005034 2
-0.197991 0.145314 -0.010065 2
-0.420325 0.149783 0.227541 2
-0.288116 0.179530 0.128827 2
-0.340243 0.182526 0.012257 2
0.351023 0.265504 0.029329 1
-0.398215 0.194287 0.147004 2
0.565411 0.221391 -0.045267 1
-0.450498 0.179333 0.179129 2
0.135506 -0.621233 -0.072802 0
-0.002944 0.010316 0.096323 0
0.666447 0.130232 -0.163689 1
0.392112 0.217602 -0.224018 1
-0.183403 0.116885 -0.044430 2
-0.666823 0.040641 0.159310 2
-0.288400 0.188469 0.173878 2
0.013736 0.024485 0.016226 0
0.119611 -0.634108 -0.120423 0
-0.125288 0.099350 0.002863 2
0.259005 0.229376 -0.139552 1
-0.088088 0.105075 0.076252 2
0.062872 0.051165 -0.006606 1
0.172601 0.206232 -0.120893 1
0.120453 -0.830496 -0.095681 0
0.122901 -0.807703 -0.091473 0
0.121039 -0.732497 -0.085205 0
-0.676574 0.041562 0.125585 2
-0.034548 0.011682 0.053999 0
0.697428 0.119530 -0.134429 1
0.136061 0.177843 -0.065883 1
0.094913 0.168461 -0.121493 1
0.607153 0.217312 -0.064935 1
-0.572845 0.122901 0.216141 2
0.084739 -0.617928 -0.093751 0
-0.478765 0.172741 0.147673 2
0.576414 0.185801 -0.165430 1
0.030254 -0.052834 0.045014 0
-0.286575 0.169749 -0.033131 2
0.068424 -0.457470 -0.069367 0
-0.545600 0.128230 0.155368 2
0.565047 0.211247 -0.123092 1
0.041162 -0.333668 -0.031336 0
0.001927 -0.120655 0.004080 0
-0.207214 0.195871 0.166251 2
0.056453 -0.295864 -0.012219 0
0.099658 0.113983 -0.007333 1
0.698518 0.061569 -0.174109 1
0.050386 0.011885 -0.010961 0
-0.196047 0.163905 0.109368 2
0.118235 -0.795145 -0.134488 0
0.120758 -0.972332 -0.090735 0
0.060803 -0.306379 -0.048165 0
0.000364 -0.152858 0.000482 0
0.698099 0.096160 -0.163713 1
-0.020592 -0.011464 0.054126 0
0.052729 -0.005899 0.013693 0
-0.375335 0.175660 0.200797 2
0.339563 0.257828 -0.048920 1
-0.530885 0.152898 0.156015 2
-0.648721 0.039739 0.191918 2
0.538076 0.170111 -0.227741 1
0.123698 -0.787157 -0.090458 0
-0.209631 0.161636 -0.022024 2
0.137185 -0.947481 -0.094202 0
-0.162051 0.093973 -0.033297 2
-0.209060 0.170347 0.042820 2
-0.568505 0.137031 0.145393 2
0.645605 0.138596 -0.126742 1
-0.616770 0.076818 0.173055 2
-0.452047 0.154741 0.215611 2
0.576618 0.196740 -0.145593 1
0.045090 -0.269086 -0.010154 0
0.353759 0.223107 -0.218381 1
0.539922 0.232989 -0.040581 1
0.053702 -0.358848 -0.037897 0
-0.319567 0.184534 0.173210 2
-0.111636 0.117007 0.096227 2
0.083675 0.087247 -0.004776 1
0.567058 0.194036 -0.156663 1
-0.635120 0.084196 0.205906 2
0.377501 0.262286 -0.047229 1
0.457509 0.267562 -0.012065 1
-0.301844 0.191375 0.085142 2
0.339019 0.258479 0.012896 1
-0.360787 0.195149 0.191296 2
-0.396432 0.176411 0.074603 2
-0.420947 0.186582 0.173455 2
-0.515972 0.159551 0.026303 2
-0.249572 0.171061 0.101481 2
-0.225947 0.158437 0.026335 2
0.559122 0.172065 -0.209454 1
0.054695 -0.020924 0.046172 0
-0.026011 0.032918 0.038349 0
-0.447567 0.193459 0.006007 2
-0.154026 0.160009 0.101641 2
-0.372053 0.196600 0.130122 2
0.537541 0.153245 -0.248336 1
0.103673 -0.822060 -0.103398 0
-0.443398 0.135804 0.251676 2
-0.019385 0.028155 0.052532 0
-0.051106 0.033490 0.029867 0
0.071422 0.024466 0.074222 0
0.233385 0.206326 -0.185682 1
-0.244485 0.200849 0.201220 2
0.579322 0.126222 -0.235073 1
-0.409548 0.178713 0.036993 2
-0.452064 0.163393 0.157092 2
0.124866 0.182904 -0.127580 1
0.620261 0.182054 -0.136501 1
0.352547 0.259222 0.042230 1
0.075922 -0.730688 -0.112899 0
0.098586 -0.555103 -0.086193 0
-0.384880 0.166089 0.247327 2
-0.382548 0.177674 -0.011804 2
0.009806 -0.173891 -0.005478 0
-0.078990 0.053295 0.021813 2
0.472406 0.262992 -0.003917 1
0.301123 0.239438 -0.093762 1
0.270147 0.245288 0.013787 1
-0.605809 0.047576 0.233006 2
-0.039287 -0.015081 0.004833 0
0.324290 0.246063 -0.094984 1
-0.503134 0.156674 0.226835 2
-0.586056 0.140027 0.049874 2
-0.440313 0.174551 0.234883 2
-0.429323 0.192114 0.080850 2
0.094553 -0.581940 -0.068882 0
0.540432 0.224607 -0.106702 1
0.035333 -0.163828 -0.020839 0
0.120972 -0.660936 -0.101857 0
-0.644949 0.029667 0.208176 2
0.112980 -0.614268 -0.111155 0
0.018058 -0.012166 0.049196 0
0.178049 0.194779 -0.031076 1
0.540987 0.236763 -0.068197 1
0.354291 0.243146 -0.143044 1
-0.451500 0.182331 0.146440 2
0.499845 0.238010 -0.042091 1
0.350088 0.236760 -0.164615 1
0.127951 -0.670260 -0.093963 0
0.083262 -0.512508 -0.073311 0
-0.181871 0.146839 0.075025 2
0.496949 0.232065 -0.112416 1
0.126759 0.149628 -0.012253 1
-0.542699 0.154533 0.127907 2
0.133232 -0.663289 -0.076316 0
-0.222444 0.179413 0.146061 2
0.542730 0.231826 -0.084027 1
-0.135323 0.112177 0.040045 2
-0.104845 0.067867 0.048776 2
-0.654308 0.086697 0.108031 2
0.473531 0.221171 -0.164177 1
0.025177 -0.189777 -0.011866 0
0.176832 0.201139 -0.066035 1
-0.172147 0.150926 0.058528 2
0.061947 -0.385660 -0.032052 0
-0.499936 0.168275 0.129522 2
-0.405643 0.192518 0.105749 2
-0.306186 0.185244 0.166075 2
-0.547323 0.121177 0.185715 2
0.127459 -0.957681 -0.136946 0
0.563306 0.230573 -0.057218 1
-0.548867 0.127095 0.132485 2
0.648399 0.131882 -0.185303 1
0.095450 0.088033 -0.022140 1
0.450583 0.251463 -0.073561 1
-0.427006 0.170398 0.138238 2
-0.559057 0.139698 0.058953 2
0.119681 -0.528420 -0.065959 0
-0.502816 0.159621 0.059973 2
0.485028 0.209514 -0.184760 1
-0.472930 0.156501 0.174074 2
0.461609 0.257211 -0.023231 1
-0.490396 0.139293 0.219065 2
0.076289 -0.467052 -0.058998 0
0.365298 0.255817 -0.074629 1
0.204063 0.213200 -0.165423 1
0.682452 0.059124 -0.197905 1
0.243884 0.228625 0.055256 1
-0.487837 0.115625 0.236531 2
