0.086333 -0.929219 -0.102781 0
-0.488597 0.277809 -0.050257 2
0.549417 0.032433 0.035715 1
0.048443 -0.308592 -0.114944 0
0.062428 0.232602 -0.007355 1
-0.662300 -0.180335 -0.138959 2
0.565925 -0.312554 -0.064463 1
0.343847 0.256816 0.206789 1
-0.234011 0.323036 0.167850 2
-0.499284 -0.012913 0.098254 2
0.131620 -0.613785 -0.109567 0
0.397389 0.257427 -0.099083 1
0.008316 -0.039659 -0.039535 0
-0.672665 0.092555 -0.071031 2
-0.244692 0.336903 -0.083962 2
-0.426748 0.183442 0.208584 2
0.492227 -0.168912 0.078456 1
0.471404 0.108773 0.207036 1
0.602306 -0.121161 -0.079069 1
0.253997 0.283464 0.030970 1
-0.104127 0.295896 0.042162 2
-0.649387 -0.067215 0.004016 2
-0.535983 0.155724 0.066684 2
0.420039 0.189033 0.060094 1
-0.375323 0.283069 0.082945 2
0.157825 -0.778363 -0.087098 0
0.471995 0.110666 -0.097184 1
0.093842 -0.459439 -0.075242 0
0.475967 -0.031534 0.149619 1
-0.010052 0.103773 -0.001432 0
0.068098 -0.170980 -0.064689 0
0.502497 -0.026319 -0.073758 1
0.220682 0.253333 0.155923 1
-0.579890 0.186541 -0.074875 2
-0.614379 0.052751 0.044247 2
-0.362829 0.302857 -0.043898 2
0.591475 -0.210763 0.010059 1
-0.256171 0.314186 0.039945 2
0.059283 -0.708340 -0.127254 0
0.571056 -0.083737 0.053279 1
-0.354319 0.276729 0.199199 2
-0.480375 0.088946 0.155055 2
-0.576155 -0.142221 -0.045105 2
0.290661 0.297060 -0.077553 1
0.149701 0.255532 0.066418 1
0.503113 0.116312 0.092857 1
-0.701810 -0.026527 -0.083365 2
0.358386 0.260319 0.003216 1
-0.141457 0.303760 -0.059505 2
0.435156 0.207805 0.177093 1
-0.453040 0.220500 0.045087 2
-0.049852 0.209668 0.014954 2
-0.537553 -0.082930 0.031164 2
0.322602 0.265926 0.104879 1
0.453115 0.197795 -0.035140 1
0.164671 0.284665 -0.026598 1
0.074180 -0.536194 -0.131895 0
0.103579 -0.839396 -0.138969 0
-0.686404 -0.130507 -0.062034 2
0.514174 0.104106 -0.013733 1
-0.178908 0.318664 0.092753 2
-0.611854 0.130952 -0.008056 2
0.617809 -0.235272 -0.074766 1
-0.478975 0.182118 0.131456 2
0.050777 0.038188 -0.030812 0
0.068710 0.144713 0.003559 1
-0.676045 0.023033 -0.012070 2
0.526248 -0.268235 0.021801 1
-0.524566 0.207298 -0.010157 2
0.511398 0.047130 0.144423 1
0.092178 -0.346873 -0.051151 0
0.569520 -0.041017 -0.021395 1
-0.412911 0.243118 0.147566 2
-0.182285 0.281594 0.015565 2
-0.581562 -0.023150 0.069074 2
-0.543352 0.064655 0.107441 2
-0.300909 0.305705 0.123908 2
0.060680 -0.403594 -0.123120 0
0.078972 -0.266421 -0.053499 0
0.025652 -0.106298 -0.083363 0
0.127414 -0.685816 -0.077060 0
-0.587255 -0.193204 -0.104488 2
0.502820 -0.095124 0.104234 1
-0.416119 0.254090 -0.014304 2
0.158655 -0.940505 -0.126894 0
0.538003 -0.015425 0.094989 1
0.049863 -0.226404 -0.113804 0
0.601400 -0.135951 -0.000816 1
-0.284341 0.299184 -0.027190 2
0.477072 0.155286 0.027701 1
0.125819 -0.527012 -0.080099 0
0.397592 0.233448 0.119536 1
0.059367 -0.635478 -0.126141 0
0.525616 0.039253 -0.044388 1
-0.427092 0.284546 -0.086691 2
0.473789 0.154506 0.149403 1
0.134208 -0.734534 -0.136300 0
-0.016923 0.171641 -0.033045 0
0.095882 -0.984951 -0.142567 0
0.557099 -0.170821 0.054740 1
-0.339358 0.298737 0.026785 2
-0.312674 0.312540 -0.088945 2
0.453951 0.194658 -0.102997 1
0.227353 0.290693 -0.052026 1
-0.083768 0.273029 -0.018362 2
0.213600 0.274124 0.082972 1
0.086336 -0.776590 -0.119032 0
0.547976 -0.089075 -0.060449 1
0.086481 -0.580172 -0.076088 0
-0.596525 -0.105461 0.014665 2
-0.533805 0.232393 -0.075411 2
-0.621274 0.131634 -0.075455 2
-0.220022 0.327455 -0.025391 2
0.114033 0.273919 0.011326 1
-0.582654 0.114672 0.050811 2
-0.604025 -0.163259 -0.158949 2
0.281584 0.271817 0.161632 1
0.056471 -0.119217 -0.029339 0
0.622684 -0.172715 -0.047991 1
0.138167 -0.882144 -0.107740 0
0.478229 0.039354 -0.086003 1
0.408147 0.241517 -0.038706 1
-0.638568 -0.168460 -0.076648 2
-0.288655 0.300929 0.189160 2
0.288440 0.267774 -0.022584 1
0.199717 0.254273 0.022909 1
-0.636274 -0.003421 0.030087 2
0.582407 -0.267316 -0.025677 1
0.043519 0.102875 -0.034172 1
-0.514095 0.127684 0.121233 2
0.347662 0.282670 -0.060765 1
0.508461 0.082771 0.042708 1
-0.455884 0.142690 0.170882 2
-0.006695 0.020770 -0.033966 0
0.385850 0.237765 0.053293 1
-0.699378 -0.066539 -0.039133 2
0.063792 -0.463000 -0.128012 0
0.116327 0.211911 0.006485 1
-0.637220 -0.119665 -0.025727 2
-0.572234 0.166244 0.017685 2
-0.493824 0.037121 0.128590 2
0.106776 -0.672042 -0.130316 0
-0.648903 0.077375 0.003624 2
0.135695 -0.984267 -0.095211 0
0.472067 0.166747 0.092135 1
0.484876 0.151996 -0.052546 1
-0.454715 0.229829 0.102685 2
-0.391768 0.229738 0.203514 2
0.472281 0.038004 0.186567 1
-0.235761 0.318278 0.104325 2
0.091864 -0.637815 -0.072528 0
0.553671 -0.024928 0.040479 1
0.058573 -0.060204 -0.057932 0
-0.699669 0.037765 -0.062078 2
0.455776 0.167435 0.211815 1
-0.495229 0.196939 0.078867 2
-0.413360 0.269618 0.040448 2
0.055938 -0.882623 -0.114886 0
-0.127516 0.288626 0.093345 2
-0.652378 -0.135266 -0.171941 2
0.095304 -0.404296 -0.062975 0
0.500186 0.104733 0.149402 1
0.536431 0.040663 0.092908 1
0.392039 0.228287 0.207597 1
-0.058223 0.259293 0.039179 2
0.526204 -0.223164 0.054721 1
0.420741 0.221471 0.013484 1
-0.358844 0.282783 0.144392 2
0.200656 0.308440 0.032776 1
0.319064 0.268375 0.040506 1
0.045823 -0.222687 -0.060112 0
0.070461 -0.528851 -0.077450 0
-0.136479 0.308077 0.000974 2
-0.476967 0.246154 0.004360 2
-0.307834 0.303794 0.070647 2
0.356957 0.256609 0.145572 1
-0.693769 -0.082652 -0.089709 2
0.505426 0.068753 0.214254 1
0.535020 -0.305569 -0.022037 1
0.059479 -0.355750 -0.091809 0
0.082972 -0.591206 -0.142849 0
-0.034325 0.254494 -0.017285 2
0.270750 0.275437 0.106459 1
0.529844 -0.130770 0.077078 1
-0.568733 0.025367 0.082722 2
0.439602 0.193757 0.122359 1
0.550081 0.008261 -0.010657 1
0.036182 -0.268293 -0.085224 0
0.104447 -0.430487 -0.119273 0
0.096272 -0.316344 -0.092378 0
-0.195412 0.326280 -0.074926 2
0.033290 0.169802 -0.023346 1
-0.531356 -0.038972 0.068691 2
0.587898 -0.088121 -0.024189 1
0.082756 0.230586 0.039201 1
0.112333 -0.737141 -0.091011 0
-0.676307 -0.027299 -0.012857 2
-0.570554 0.193262 -0.025909 2
-0.690774 -0.149824 -0.111344 2
-0.444149 0.206145 0.159172 2
0.041282 0.065674 0.009451 0
0.054770 -0.313624 -0.065393 0
0.109320 -0.814169 -0.096353 0
0.122743 -0.563748 -0.113025 0
-0.651944 0.127547 -0.036456 2
0.500531 0.078311 -0.065973 1
0.184822 0.239798 0.103176 1
-0.611178 -0.053227 0.031175 2
0.148390 -0.796875 -0.131060 0
0.023891 -0.154799 -0.085374 0
0.535192 -0.066162 0.080884 1
0.102992 -0.899390 -0.136781 0
-0.416441 0.257034 0.094965 2
-0.205040 0.315212 0.040226 2
0.082001 -0.269753 -0.100746 0
-0.153972 0.311712 0.044603 2
0.015070 0.066726 -0.043734 0
-0.444096 0.257707 -0.051789 2
0.513994 -0.001605 0.132764 1
0.465490 -0.074261 0.123354 1
-0.373288 0.287633 -0.086761 2
-0.547971 0.103957 0.082770 2
0.615594 -0.226422 -0.029117 1
0.098585 -0.496818 -0.102723 0
0.590890 -0.064168 0.016078 1
-0.617121 -0.166630 -0.035535 2
0.071148 0.183667 0.028577 1
-0.511124 0.198257 0.033187 2
0.100085 -0.375982 -0.100870 0
-0.624064 0.167537 -0.033459 2
0.148883 0.244351 0.017450 1
-0.258668 0.293194 0.137433 2
0.538873 0.059660 0.000083 1
0.042880 -0.014442 -0.022605 0
0.592907 -0.278212 -0.078522 1
-0.388999 0.286321 0.003754 2
0.567396 -0.247005 0.022520 1
-0.280703 0.282703 0.018721 2
-0.492503 0.233953 -0.040345 2
-0.191957 0.314246 0.135457 2
-0.235444 0.293139 0.006287 2
0.240886 0.271166 -0.014246 1
-0.013649 0.214428 -0.010186 0
-0.180347 0.319681 -0.008008 2
0.360056 0.256186 0.083934 1
-0.284151 0.332624 -0.062126 2
0.267601 0.302872 -0.039204 1
0.427764 0.222127 -0.080868 1
0.059325 -0.425256 -0.076972 0
0.344103 0.228520 0.043397 1
0.097917 -0.865865 -0.101641 0
-0.559991 -0.110942 -0.008915 2
0.508247 0.077585 0.112596 1
0.113307 -0.945346 -0.136619 0
-0.403986 0.289585 -0.037963 2
-0.679470 0.065483 -0.035374 2
-0.030678 0.145424 -0.001227 0
0.505891 -0.052788 0.113394 1
0.456466 0.153345 -0.089968 1
0.082261 -0.221550 -0.085460 0
0.539443 -0.023291 -0.051595 1
0.573710 -0.116905 0.025987 1
-0.310577 0.280000 0.156853 2
-0.570933 -0.062985 0.049259 2
-0.619074 0.099863 0.024624 2
-0.574605 0.064883 0.067253 2
0.094748 -0.638462 -0.154016 0
-0.115265 0.268411 0.011371 2
0.588547 -0.166862 0.025621 1
0.023167 -0.093498 -0.034559 0
-0.648709 0.036665 0.017039 2
-0.626424 -0.174827 -0.117485 2
-0.695996 -0.003191 -0.048895 2
-0.322234 0.314859 -0.048126 2
0.093822 -0.724591 -0.144330 0
-0.007405 0.130597 -0.033239 0
0.487743 0.117434 0.053034 1
0.102562 0.246703 -0.018075 1
-0.531029 0.025008 0.106526 2
-0.499336 0.256390 -0.084160 2
0.280735 0.278111 0.066291 1
0.442957 0.184888 0.025803 1
0.489766 0.141375 -0.013011 1
0.321631 0.268271 0.170413 1
0.391584 0.226138 0.159497 1
-0.387533 0.261432 0.174100 2
0.200473 0.292509 -0.008264 1
0.412699 0.224932 0.081439 1
-0.600329 0.011353 0.057509 2
-0.515289 0.087711 0.129962 2
0.030111 0.129010 -0.005680 0
0.007453 0.041813 -0.002049 0
0.332384 0.277641 -0.022682 1
0.501860 0.013815 0.173127 1
0.360636 0.250913 -0.036103 1
0.096663 -0.697227 -0.100173 0
0.099478 -0.970164 -0.105014 0
0.489933 -0.131191 0.091715 1
0.123491 -0.918046 -0.092905 0
0.565223 -0.209961 0.040132 1
0.014964 -0.003023 -0.057594 0
0.058005 -0.506257 -0.111321 0
-0.481953 0.128420 0.144580 2
0.139071 -0.842550 -0.106297 0
0.073870 0.180724 -0.012079 1
-0.337005 0.302490 -0.012412 2
0.053069 -0.133437 -0.065825 0
0.622233 -0.196524 -0.079258 1
0.610590 -0.120727 -0.035806 1
0.021240 -0.069398 -0.065755 0
-0.107846 0.291532 -0.043032 2
-0.674138 -0.092272 -0.023980 2
0.226776 0.271509 0.121924 1
-0.334313 0.292533 0.108741 2
-0.604539 -0.139588 -0.002291 2
0.383409 0.227999 0.005529 1
0.451245 0.157903 0.056391 1
-0.442246 0.262366 0.015829 2
0.608588 -0.172751 -0.012039 1
0.041730 -0.183273 -0.104356 0
0.520300 -0.062803 -0.064639 1
-0.271662 0.310114 0.081787 2
0.291124 0.281535 0.017764 1
-0.374575 0.285201 0.044711 2
0.497298 0.065423 0.174910 1
0.502516 0.116820 -0.047830 1
0.134087 -0.644480 -0.086969 0
-0.463954 0.275222 -0.083687 2
0.122522 -0.764748 -0.116295 0
0.060733 -0.917209 -0.129689 0
0.073606 -0.615513 -0.097100 0
-0.545078 0.223785 -0.037260 2
0.593518 -0.157601 -0.082333 1
-0.258290 0.326111 -0.035733 2
0.132192 -0.982179 -0.133606 0
-0.508442 0.156807 0.092068 2
0.120422 0.226035 0.040945 1
0.254747 0.307332 -0.076864 1
0.034915 -0.163981 -0.049034 0
0.554313 -0.277388 -0.001082 1
0.542139 0.011506 0.065719 1
0.488797 0.131938 0.123811 1
0.484734 0.140377 0.181955 1
0.070391 -0.491734 -0.079209 0
-0.149055 0.303065 0.119734 2
0.032248 0.203670 -0.008500 0
0.515525 0.010027 -0.064693 1
-0.270266 0.320214 0.161278 2
0.132349 -0.707190 -0.111536 0
-0.612103 0.168659 -0.077294 2
0.073823 -0.740274 -0.115820 0
-0.456800 0.199366 0.082146 2
-0.066678 0.245072 -0.001630 2
0.077811 -0.567314 -0.112761 0
-0.263332 0.315855 -0.000288 2
0.138124 0.261873 -0.013399 1
0.374438 0.254626 -0.069719 1
0.188221 0.274529 0.056708 1
0.453488 0.172657 0.173711 1
-0.015656 0.080392 -0.028865 0
-0.044347 0.182968 -0.011879 2
0.072035 -0.842097 -0.120923 0
0.477552 0.074326 -0.096138 1
-0.585453 -0.168444 -0.077845 2
0.127562 -0.593199 -0.139311 0
-0.544132 0.194369 0.017517 2
-0.701902 -0.117966 -0.092286 2
-0.675276 -0.145752 -0.143820 2
0.464610 0.166974 -0.008320 1
-0.592921 0.168463 -0.011889 2
0.087492 -0.658517 -0.101811 0
-0.034494 0.242244 0.016757 2
0.173264 0.278283 0.018008 1
-0.491833 0.228215 0.038716 2
-0.335074 0.298757 0.175466 2
-0.230385 0.318311 0.065547 2
-0.160577 0.295464 -0.025542 2
-0.649146 -0.143473 -0.049674 2
0.324454 0.248993 0.004679 1
0.527230 0.073815 0.082519 1
0.427367 0.201037 0.211244 1
0.578584 -0.108334 -0.052046 1
0.118328 -0.458926 -0.101075 0
0.109027 -0.606970 -0.082222 0
-0.441073 0.246239 0.066459 2
0.449074 0.193250 0.080022 1
-0.304756 0.306036 0.001815 2
0.238436 0.251827 0.032952 1
0.510817 0.115687 0.026360 1
-0.347473 0.310287 -0.078951 2
0.565612 -0.132168 0.056586 1
0.313685 0.294823 -0.051130 1
0.462268 0.181903 -0.065073 1
-0.448643 0.109943 0.180930 2
-0.420396 0.213520 0.183805 2
0.075555 -0.808868 -0.103898 0
-0.431895 0.144442 0.196268 2
0.044351 -0.053397 -0.026849 0
-0.549953 -0.003842 0.084528 2
0.371917 0.250291 0.187509 1
-0.671677 0.099290 -0.033415 2
0.060645 -0.459291 -0.086240 0
0.251576 0.248934 0.170680 1
-0.672907 0.058215 -0.072544 2
0.113952 -0.799791 -0.127075 0
0.307894 0.269843 0.135494 1
0.527824 -0.184327 0.065862 1
-0.168467 0.323044 -0.051671 2
0.561011 -0.059819 -0.048750 1
-0.295700 0.309002 0.039304 2
0.583583 -0.238198 -0.008413 1
-0.342558 0.293008 0.059999 2
-0.639454 -0.155979 -0.144497 2
0.469143 0.005287 0.172035 1
0.032637 0.015706 -0.011369 0
0.525095 0.074401 -0.026979 1
0.567622 -0.299399 -0.027986 1
0.289458 0.252849 0.188355 1
-0.622893 -0.083016 0.017331 2
0.068547 -0.395698 -0.089882 0
-0.651087 -0.028847 0.014015 2
0.096410 -0.617863 -0.127642 0
-0.662156 -0.169167 -0.100387 2
0.268174 0.260126 0.002923 1
0.321846 0.287962 -0.085194 1
-0.383766 0.271959 0.125217 2
0.245513 0.281042 0.076794 1
0.055814 -0.084446 -0.035477 0
-0.450652 0.241782 -0.015299 2
0.026873 -0.214901 -0.086154 0
0.055155 0.108937 0.002455 1
-0.642577 0.105639 -0.066625 2
-0.636460 0.104148 -0.011309 2
0.474585 0.077444 0.197004 1
-0.129090 0.307098 0.066025 2
0.400662 0.210365 0.042551 1
0.194612 0.297208 -0.040291 1
-0.014371 0.173896 0.000552 0
-0.690181 -0.096493 -0.052302 2
0.066327 -0.202958 -0.043775 0
-0.086226 0.283234 0.014088 2
0.096083 -0.428885 -0.087745 0
-0.427799 0.224782 0.120413 2
0.116772 -0.869204 -0.139887 0
-0.610090 -0.027729 0.051474 2
-0.570515 0.210136 -0.053796 2
0.105533 -0.552362 -0.082957 0
-0.598593 0.182699 -0.048469 2
0.087257 -0.896603 -0.102667 0
0.566201 -0.043115 0.013706 1
0.054864 -0.264225 -0.117814 0
0.265281 0.291706 -0.008749 1
-0.474266 0.250769 -0.064514 2
0.077324 -0.500999 -0.136644 0
-0.482644 0.013494 0.106485 2
-0.240482 0.322949 0.135901 2
0.522254 0.055783 0.053616 1
0.135780 -0.918127 -0.123250 0
0.607808 -0.251857 -0.049052 1
-0.591041 0.128522 0.016364 2
0.040577 -0.029870 -0.050647 0
-0.478303 0.258716 -0.025870 2
-0.446011 0.172803 0.175246 2
0.619182 -0.146182 -0.065440 1
0.019187 -0.133103 -0.062544 0
0.061240 -0.359894 -0.060332 0
-0.507491 0.165731 0.056807 2
-0.556704 0.144105 0.045634 2
-0.457687 0.066852 0.152993 2
0.016987 0.075871 -0.008217 0
0.088161 -0.682182 -0.153916 0
0.528555 0.086485 0.013482 1
-0.525775 0.130293 0.091742 2
0.254457 0.272487 0.145297 1
0.040552 -0.328189 -0.091377 0
0.419962 0.217175 0.134843 1
-0.258055 0.278314 0.040328 2
0.061825 -0.372069 -0.123305 0
-0.113739 0.277916 0.067118 2
-0.224526 0.319531 -0.055465 2
0.589133 -0.073628 -0.052017 1
0.127940 -0.674503 -0.107261 0
0.100591 0.246042 0.018654 1
-0.613202 -0.159978 -0.092866 2
0.473310 -0.105073 0.101825 1
-0.043983 0.219522 -0.015610 2
0.491607 0.126462 -0.078749 1
0.555322 -0.056873 0.052321 1
0.052154 -0.098932 -0.068853 0
0.550846 -0.092989 0.080752 1
-0.568930 -0.091397 0.016213 2
0.428465 0.220562 -0.049021 1
0.591122 -0.286509 -0.048253 1
-0.665375 -0.002677 0.002212 2
-0.710048 -0.056436 -0.066269 2
0.068919 -0.435259 -0.104502 0
0.072710 -0.290192 -0.074253 0
-0.477564 0.205473 0.104059 2
-0.508891 0.222145 0.013851 2
-0.378215 0.261045 0.210548 2
0.006884 0.190523 -0.028561 0
0.009946 -0.006552 -0.027505 0
-0.440384 0.272777 -0.013458 2
0.565565 -0.014413 0.003037 1
0.043827 -0.266734 -0.055611 0
-0.336874 0.287241 -0.039705 2
0.137623 -0.955574 -0.105541 0
-0.399825 0.292222 -0.068115 2
0.208536 0.240620 0.122286 1
0.019485 -0.032263 -0.012288 0
-0.672965 -0.156491 -0.075019 2
0.089285 -0.463447 -0.108506 0
0.493920 0.000814 -0.084184 1
0.474183 0.140844 0.210294 1
-0.102086 0.296362 -0.012594 2
-0.532217 0.104685 0.108541 2
0.099606 -0.552465 -0.131142 0
0.489182 0.143797 0.082588 1
0.539540 0.063264 0.030050 1
-0.623693 0.027230 0.030978 2
0.108806 -0.631629 -0.099555 0
0.073399 0.209536 0.013320 1
-0.142979 0.278642 0.005514 2
0.089408 -0.761531 -0.144929 0
-0.597022 0.077345 0.044129 2
0.448046 0.197438 -0.001066 1
0.503128 -0.201506 0.066291 1
-0.220492 0.321048 0.003992 2
0.228007 0.287930 0.016560 1
0.511716 0.105135 0.066332 1
0.021842 0.137314 -0.034656 0
0.106271 -0.529282 -0.102748 0
-0.627859 0.061146 0.018809 2
0.109297 -0.594198 -0.113680 0
-0.084447 0.276234 0.053336 2
0.354800 0.256221 0.039627 1
-0.519852 0.049855 0.121259 2
0.529359 0.009420 0.109160 1
-0.020031 0.206083 0.017784 2
0.065027 -0.337867 -0.114994 0
-0.674746 -0.119430 -0.036232 2
0.213244 0.282553 0.042755 1
-0.663657 0.050036 -0.010888 2
0.529536 0.010998 -0.036148 1
-0.602454 -0.152187 -0.059809 2
0.046788 0.169288 0.003034 1
0.004697 0.144458 -0.010034 0
-0.493870 0.155854 0.117826 2
-0.479729 0.204776 0.054887 2
0.045373 0.075978 -0.021937 1
0.093835 0.219075 -0.012383 1
0.429306 0.209069 -0.020627 1
-0.202648 0.303681 -0.023973 2
0.333301 0.265277 0.066126 1
-0.434937 0.232659 0.025265 2
0.059604 -0.195797 -0.078091 0
0.241818 0.301292 -0.025110 1
0.015964 0.037667 -0.048257 0
-0.493073 0.224323 -0.012574 2
0.470978 0.164919 0.121345 1
0.589725 -0.092472 0.024249 1
0.110260 -0.944296 -0.095281 0
0.098229 -0.345130 -0.087662 0
-0.647441 0.138737 -0.064561 2
0.410135 0.246436 -0.075199 1
-0.178978 0.312551 0.027432 2
-0.516373 0.247583 -0.050010 2
-0.274282 0.316584 -0.084340 2
0.368167 0.272257 -0.092026 1
-0.128761 0.309529 -0.027013 2
0.088394 -0.489351 -0.056513 0
0.003753 0.101438 -0.033774 0
0.361263 0.251779 0.117262 1
0.084585 -0.941318 -0.137774 0
0.023292 -0.179821 -0.070781 0
0.410239 0.221303 0.183096 1
0.506752 0.076629 0.147567 1
0.502214 -0.027957 0.133223 1
0.175297 0.261761 0.079142 1
0.357865 0.234974 0.018858 1
0.108852 -0.699844 -0.137792 0
-0.637920 -0.094447 -0.011703 2
-0.619573 -0.115036 0.000202 2
-0.400774 0.269011 0.066360 2
0.451530 0.184238 0.146766 1
-0.480007 0.218626 0.012432 2
0.502353 0.051002 -0.074757 1
-0.453970 0.210039 0.123509 2
0.056025 0.129786 -0.017952 1
-0.213016 0.298036 0.124671 2
-0.363622 0.292182 -0.015112 2
0.108321 -0.785636 -0.095873 0
-0.409164 0.257383 0.123126 2
-0.205629 0.318927 0.082763 2
-0.692567 -0.029441 -0.038278 2
-0.441582 0.284286 -0.061810 2
-0.113790 0.296882 0.014051 2
-0.610030 -0.139271 -0.032222 2
0.033589 0.013200 -0.039696 0
-0.689171 0.038774 -0.034463 2
0.214831 0.277778 -0.030024 1
-0.415391 0.266894 -0.050665 2
-0.212061 0.285438 0.020414 2
0.526533 -0.041247 0.097683 1
-0.360924 0.282717 0.107975 2
0.385263 0.251809 -0.022059 1
-0.309434 0.309709 0.170469 2
-0.284792 0.287325 0.146620 2
0.449962 0.205812 -0.074374 1
-0.656880 -0.151994 -0.122574 2
0.055919 -0.147685 -0.039385 0
0.102190 -0.403520 -0.111061 0
0.148045 0.264291 0.039618 1
0.094380 -0.646899 -0.127013 0
0.540603 -0.030710 0.071415 1
-0.465979 0.243783 0.036003 2
0.138305 -0.803191 -0.105573 0
-0.597962 -0.078736 0.029584 2
-0.412713 0.207583 0.211747 2
-0.694701 0.012164 -0.072465 2
-0.572915 0.092801 0.069610 2
0.069575 -0.236570 -0.065488 0
-0.558332 0.219050 -0.077698 2
0.170695 0.264354 -0.008298 1
0.017122 -0.067435 -0.026417 0
-0.333394 0.293810 0.147961 2
-0.088423 0.260665 0.030444 2
0.611989 -0.197151 -0.039663 1
0.409548 0.233375 -0.012045 1
-0.625155 0.140255 -0.039234 2
0.295118 0.272436 0.093236 1
-0.531147 -0.057225 0.039742 2
0.544565 -0.237569 0.039554 1
-0.463729 0.230321 0.069219 2
0.421859 0.218325 0.106859 1
-0.493286 0.063963 0.135863 2
0.591425 -0.110215 0.002106 1
-0.627070 -0.146776 -0.167543 2
0.309329 0.279371 -0.003014 1
-0.207697 0.325135 0.155451 2
0.574910 -0.118155 -0.081577 1
0.114908 -0.710260 -0.080499 0
-0.413594 0.281140 -0.009751 2
-0.545191 0.178103 0.039720 2
-0.587860 0.035809 0.058135 2
-0.463462 0.180065 0.153982 2
-0.190163 0.328077 -0.035671 2
0.524098 0.052749 0.114208 1
0.534117 0.030533 -0.010592 1
-0.688428 -0.000759 -0.022694 2
0.502055 0.104428 0.117485 1
0.075893 -0.526049 -0.105426 0
0.084173 -0.696503 -0.126565 0
0.033246 0.050692 -0.011921 0
-0.546857 0.130862 0.069749 2
-0.401276 0.236748 0.171352 2
0.071467 -0.615845 -0.143628 0
-0.672461 -0.068574 -0.010300 2
-0.493472 0.102889 0.135636 2
-0.267467 0.313250 0.121377 2
0.588328 -0.060254 -0.024638 1
-0.363910 0.274186 0.170450 2
-0.169614 0.316150 0.067429 2
0.349390 0.241369 0.175437 1
-0.520782 0.232676 -0.027886 2
0.092577 -0.719491 -0.115084 0
0.606535 -0.146798 -0.025029 1
-0.002838 0.056781 -0.025954 0
0.554545 0.000111 0.030455 1
-0.238293 0.307641 -0.026603 2
0.060791 -0.238861 -0.092518 0
0.031924 -0.117361 -0.043584 0
-0.677712 -0.127610 -0.103452 2
-0.468807 0.042290 0.137133 2
0.082486 -0.595588 -0.115559 0
0.061140 -0.429508 -0.130304 0
0.384029 0.244372 0.027306 1
-0.469863 0.116151 0.165685 2
0.073301 -0.329914 -0.075915 0
-0.299628 0.301166 0.096046 2
0.489813 0.130198 0.157689 1
0.556094 -0.015206 -0.022118 1
0.467757 0.166855 -0.038347 1
-0.557731 -0.039421 0.064386 2
0.508886 -0.239767 0.042952 1
0.618405 -0.166850 -0.084902 1
0.381942 0.243999 0.093029 1
0.449074 0.191336 0.199209 1
-0.479958 0.154988 0.144545 2
0.116866 -0.575944 -0.078119 0
0.095468 0.199033 0.023830 1
0.083149 -0.358629 -0.114898 0
0.487694 -0.050681 0.135412 1
0.290240 0.293723 -0.027737 1
0.147343 -0.823675 -0.122967 0
0.488047 0.102525 0.187411 1
-0.309332 0.287355 -0.016349 2
0.531210 -0.156423 0.070821 1
-0.374283 0.256550 0.144461 2
-0.599897 -0.161246 -0.132945 2
0.490711 0.131158 0.019059 1
0.096975 -0.760121 -0.101419 0
-0.625843 -0.027974 0.030349 2
0.279996 0.282168 -0.049752 1
0.131559 -0.680384 -0.133054 0
0.109756 -0.840371 -0.098376 0
-0.368446 0.291988 0.019011 2
0.609032 -0.198915 -0.013463 1
0.202659 0.262194 0.108655 1
0.099833 -0.526850 -0.076888 0
0.081009 -0.552125 -0.071827 0
0.189473 0.274623 -0.023861 1
0.522199 -0.097950 0.086901 1
-0.438043 0.257013 0.042828 2
-0.455481 0.091472 0.162639 2
0.104796 -0.497285 -0.075208 0
0.071451 -0.484694 -0.105445 0
0.085995 -0.380200 -0.059472 0
-0.557350 0.049070 0.091948 2
-0.320807 0.302518 0.044644 2
0.122743 0.239715 0.062937 1
0.317289 0.262509 0.195378 1
0.056858 -0.303173 -0.091010 0
-0.427895 0.221970 0.146544 2
-0.523124 -0.012319 0.088099 2
0.569211 -0.068328 0.029614 1
-0.153931 0.312610 0.096170 2
-0.493417 0.180363 0.109516 2
-0.570244 -0.130892 -0.021764 2
0.328676 0.267404 -0.052179 1
0.579028 -0.146852 0.038855 1
0.093983 -0.482800 -0.129104 0
0.123062 0.255019 0.027514 1
0.231232 0.262351 0.007912 1
0.426207 0.210018 0.039627 1
0.277849 0.278090 0.040750 1
-0.061277 0.260243 -0.021656 2
0.278649 0.272311 0.130708 1
0.056060 0.155040 -0.022678 1
0.476875 0.140688 0.052466 1
-0.213830 0.324195 0.126574 2
-0.069724 0.237069 0.022508 2
0.451440 0.183513 0.056229 1
0.031158 0.097098 -0.007406 0
-0.337485 0.273847 0.170397 2
0.555770 0.021714 0.013436 1
-0.559462 0.076782 0.091795 2
0.308903 0.271865 0.069662 1
-0.303722 0.307323 -0.063945 2
0.495359 -0.004120 0.149972 1
0.466606 0.156527 0.189703 1
0.513862 0.023838 0.134205 1
0.042195 -0.188328 -0.050522 0
0.112440 -0.892934 -0.102822 0
0.079722 -0.562958 -0.143000 0
0.478848 0.139836 -0.096174 1
0.095361 -0.785990 -0.141864 0
0.540575 0.036759 0.067394 1
0.072446 -0.721551 -0.098813 0
0.148729 -0.916584 -0.093627 0
-0.283539 0.321559 -0.038902 2
0.256482 0.280288 -0.037125 1
0.433133 0.222408 0.199105 1
0.504859 0.094061 -0.037165 1
-0.332547 0.297266 -0.062966 2
-0.639928 -0.049643 0.022865 2
0.081961 -0.668817 -0.133313 0
0.171296 0.248100 0.028307 1
0.210856 0.267486 -0.007404 1
-0.395375 0.271299 0.092541 2
0.599429 -0.252067 -0.078239 1
0.059283 -0.266075 -0.075578 0
-0.133348 0.286026 -0.016493 2
-0.232477 0.317266 0.025728 2
-0.599782 0.157187 -0.033175 2
-0.242431 0.336926 -0.053520 2
0.071234 0.207366 -0.011476 1
0.092281 -0.873961 -0.138835 0
-0.163657 0.321189 -0.026437 2
0.076356 -0.866046 -0.115862 0
0.062637 -0.146795 -0.084458 0
0.121390 0.235306 -0.000104 1
0.451279 0.179713 0.105543 1
-0.437925 0.245005 0.092003 2
0.332161 0.269141 0.016908 1
0.532956 -0.291662 -0.001611 1
0.489116 -0.079798 0.118290 1
0.150021 0.270812 0.013831 1
-0.178148 0.292007 -0.008451 2
0.021103 -0.039063 -0.062834 0
-0.518665 0.191432 0.055718 2
-0.350893 0.290013 0.083040 2
0.114327 -0.723481 -0.126742 0
-0.510152 0.011974 0.108101 2
-0.556309 0.194662 -0.005852 2
0.063330 -0.684955 -0.120348 0
-0.049561 0.237484 -0.031487 2
0.495921 0.119471 -0.022365 1
0.121896 -0.511783 -0.110090 0
-0.282947 0.311718 0.013919 2
-0.084698 0.260696 0.004274 2
0.258161 0.290174 -0.059553 1
0.515291 0.064111 -0.052450 1
-0.416318 0.275832 0.014039 2
0.574559 -0.186965 0.026776 1
-0.703987 -0.081080 -0.065445 2
-0.219598 0.335338 -0.073539 2
-0.510997 -0.025655 0.071380 2
0.368631 0.269832 -0.049360 1
-0.663288 0.118206 -0.063366 2
0.135110 -0.894624 -0.129807 0
0.379023 0.247021 0.160382 1
0.623080 -0.214072 -0.062356 1
-0.593639 -0.192036 -0.127985 2
0.308262 0.269595 -0.036523 1
-0.441850 0.215876 0.066146 2
0.080954 0.248316 -0.007135 1
-0.020591 0.193291 -0.022946 0
0.051311 -0.114973 -0.086890 0
-0.093844 0.312871 0.028398 2
-0.440358 0.278049 -0.038509 2
0.029203 0.154107 -0.003549 0
0.549646 -0.262843 0.026591 1
0.093681 -0.947825 -0.116237 0
0.099278 -0.577203 -0.096270 0
-0.153091 0.309089 0.018348 2
-0.021800 0.103246 -0.025080 0
-0.437181 0.196887 0.187454 2
-0.689443 -0.052297 -0.022699 2
0.551030 -0.040790 -0.038283 1
0.516032 -0.068703 0.098727 1
0.463330 0.171405 0.039448 1
-0.590002 -0.122203 -0.011600 2
0.594904 -0.158661 0.004157 1
0.507248 0.091903 0.093614 1
-0.308050 0.297173 -0.040902 2
-0.656469 0.081727 -0.018496 2
0.496591 0.099094 -0.076810 1
0.334687 0.264693 0.146946 1
-0.613489 -0.000596 0.041807 2
0.577532 -0.258235 0.002676 1
-0.293404 0.310533 0.145835 2
-0.570552 0.186528 -0.052385 2
-0.560104 -0.081594 0.038127 2
-0.465762 0.272048 -0.048248 2
0.115912 -0.771719 -0.137887 0
0.157556 0.233278 0.065585 1
0.546773 -0.299123 -0.067624 1
-0.180100 0.299695 0.121147 2
0.370390 0.223582 0.042590 1
-0.257152 0.289628 0.014719 2
0.509404 0.080640 0.068746 1
-0.651535 0.013781 0.012421 2
-0.626710 -0.149605 -0.053026 2
-0.688420 -0.144306 -0.087797 2
0.478174 0.141846 0.105383 1
-0.653340 -0.166019 -0.054575 2
-0.192038 0.318830 0.061194 2
0.511475 -0.118118 0.091876 1
0.568153 -0.094657 -0.070820 1
-0.573578 -0.001319 0.071397 2
-0.032849 0.211559 -0.034528 0
0.083485 -0.973584 -0.121651 0
0.501545 0.115488 0.002228 1
0.250075 0.282328 0.053910 1
0.503392 -0.149226 0.083966 1
-0.572895 -0.114168 0.013349 2
-0.031735 0.221217 0.004101 2
0.091132 -0.393532 -0.085044 0
-0.498635 0.239090 -0.062287 2
-0.700362 -0.053262 -0.087072 2
0.583395 -0.082621 0.004282 1
0.143882 -0.671585 -0.084928 0
0.244007 0.306323 -0.048356 1
0.104099 -0.815038 -0.141408 0
0.601867 -0.109584 -0.059062 1
-0.392610 0.273016 -0.049366 2
-0.612199 -0.180276 -0.137308 2
0.560081 -0.110310 0.051697 1
0.497763 0.022166 -0.076388 1
0.475914 0.157388 0.069526 1
-0.311930 0.309638 -0.021906 2
0.437753 0.186239 -0.088945 1
0.252489 0.273236 0.120327 1
-0.559957 0.116593 0.054176 2
-0.246562 0.306036 0.158742 2
-0.232760 0.300471 0.136227 2
0.089518 -0.915513 -0.146118 0
-0.671091 0.079795 -0.051293 2
-0.386797 0.288610 -0.022760 2
0.033426 -0.236478 -0.081842 0
-0.570129 0.169772 -0.009506 2
0.054715 -0.411725 -0.098732 0
-0.623997 0.115263 0.004425 2
0.036514 -0.198474 -0.072584 0
0.349609 0.265032 -0.075264 1
0.082424 -0.383724 -0.113242 0
0.047834 -0.443271 -0.096360 0
0.572327 -0.225697 0.015825 1
0.593080 -0.187083 0.013356 1
0.568520 -0.042293 0.039429 1
0.008618 0.157060 -0.033315 0
0.431437 0.191595 0.094467 1
0.007805 -0.063678 -0.046948 0
0.114724 -0.646528 -0.116612 0
0.096260 -0.575504 -0.123381 0
0.096712 -0.960731 -0.139399 0
-0.377758 0.301913 -0.061069 2
0.057321 -0.214241 -0.091237 0
-0.602096 -0.172212 -0.113121 2
0.060649 0.192916 0.004444 1
-0.317386 0.324710 -0.069283 2
-0.590378 0.146804 -0.005452 2
0.597122 -0.250292 -0.022451 1
0.393528 0.246013 0.193456 1
0.304144 0.257473 -0.006004 1
0.430310 0.199911 0.156399 1
0.603441 -0.223445 -0.010230 1
-0.475862 0.214768 0.080331 2
0.473960 0.165039 -0.074617 1
0.056634 -0.278917 -0.100701 0
0.567872 -0.292766 -0.075244 1
0.125912 -0.825276 -0.115950 0
0.462763 0.161898 -0.109917 1
0.349479 0.262709 0.182870 1
0.583175 -0.132851 0.013078 1
-0.458351 0.246910 -0.037996 2
0.111365 -0.919711 -0.131677 0
0.411804 0.217551 0.209212 1
0.100343 -0.476408 -0.088502 0
-0.133064 0.304540 0.040427 2
0.048130 0.087087 0.008943 1
-0.030620 0.165230 -0.013136 0
0.507639 0.094381 0.015358 1
0.080354 -0.408596 -0.111871 0
0.540508 -0.055758 -0.057918 1
0.016190 0.034095 -0.021209 0
0.092005 0.198418 0.001691 1
0.395021 0.255802 -0.060936 1
-0.573512 0.145759 0.026675 2
-0.694409 -0.106714 -0.074433 2
-0.519998 0.169935 0.078099 2
0.069105 -0.117858 -0.065242 0
-0.203278 0.315498 0.017947 2
-0.202725 0.320118 0.104865 2
-0.457268 0.187221 0.131725 2
0.084561 -0.743217 -0.093937 0
-0.217140 0.298492 -0.007894 2
-0.636345 0.130254 -0.020866 2
0.053587 -0.376704 -0.072665 0
0.003253 0.122531 -0.007006 0
0.537143 0.046521 -0.025639 1
-0.627145 0.087518 0.008125 2
-0.272212 0.298197 0.161832 2
0.124168 -0.854260 -0.117646 0
0.522927 -0.011593 -0.060439 1
0.331210 0.255980 -0.018603 1
0.113365 -0.668745 -0.091725 0
0.072304 -0.315735 -0.100488 0
-0.058851 0.261864 0.017301 2
-0.509080 0.236675 -0.085511 2
0.429448 0.210653 0.081749 1
0.493796 0.034165 0.170860 1
-0.597819 0.102590 0.029600 2
-0.546855 -0.025107 0.077055 2
0.091636 -0.797160 -0.113409 0
-0.390388 0.245652 0.134258 2
0.554008 -0.069668 0.070139 1
0.062861 -0.586692 -0.111382 0
0.084033 -0.250026 -0.091353 0
0.553820 -0.003054 0.052115 1
0.095508 -0.605735 -0.099386 0
0.361903 0.244425 -0.011392 1
0.078697 -0.447040 -0.087719 0
-0.244076 0.317498 0.082575 2
0.427923 0.198852 0.018287 1
0.117882 -0.613147 -0.126462 0
0.086655 -0.708281 -0.156858 0
0.405849 0.230118 0.026805 1
0.117956 -0.757996 -0.093699 0
-0.650841 0.103603 -0.027621 2
0.516958 -0.029363 0.117293 1
0.541151 -0.197769 0.055179 1
0.056278 -0.017614 -0.041981 0
0.068139 -0.079659 -0.056792 0
-0.546360 -0.055703 0.055145 2
0.068403 0.167349 0.014548 1
-0.613085 0.075698 0.025165 2
0.341916 0.260803 0.121067 1
-0.281406 0.307642 0.055522 2
-0.317011 0.307040 0.019642 2
-0.089490 0.281027 -0.037655 2
0.173996 0.273179 0.040439 1
-0.446320 0.266453 -0.073138 2
0.466688 -0.055730 0.136353 1
-0.705159 -0.041441 -0.051484 2
-0.537350 0.086879 0.097411 2
-0.465092 0.259481 -0.007799 2
0.468805 -0.014724 0.163945 1
-0.272947 0.294942 -0.009353 2
0.412462 0.221027 0.161151 1
0.092721 -0.737583 -0.126766 0
0.463487 0.168616 0.017665 1
-0.398696 0.281965 0.024752 2
-0.204405 0.315541 -0.049027 2
0.085124 -0.366982 -0.088341 0
0.031165 0.049323 -0.038525 0
0.063323 -0.653935 -0.115880 0
0.508197 -0.183461 0.076766 1
0.022979 -0.091122 -0.068418 0
0.092170 -0.841492 -0.110618 0
-0.543047 0.216232 -0.016356 2
0.045058 -0.171148 -0.086988 0
0.200847 0.286140 0.012190 1
0.099701 0.259955 0.002395 1
-0.586814 0.169991 -0.063179 2
-0.518690 0.143770 0.107863 2
0.112749 -0.750784 -0.129245 0
-0.422913 0.228412 0.168654 2
0.381069 0.249020 0.002373 1
0.301212 0.280715 -0.061243 1
-0.257293 0.313821 0.066219 2
0.122980 -0.542539 -0.110649 0
-0.281350 0.307578 0.106255 2
0.048234 -0.341101 -0.076299 0
0.464738 0.179872 -0.092130 1
0.000148 0.088560 0.009404 0
0.450216 0.157043 0.077628 1
0.136092 -0.931850 -0.106998 0
0.291235 0.300618 -0.047801 1
0.166070 0.245182 0.094804 1
0.581113 -0.054056 0.000190 1
0.033592 0.074357 -0.050716 0
0.354436 0.269164 -0.027258 1
-0.530520 0.076930 0.119910 2
-0.585438 -0.038700 0.055211 2
-0.337182 0.308545 -0.034501 2
0.011698 0.013384 -0.009117 0
-0.019351 0.144580 -0.022740 0
-0.489367 0.267416 -0.069094 2
0.083273 -0.600751 -0.079681 0
-0.662011 -0.043422 0.003303 2
0.382966 0.243503 0.130967 1
0.501289 0.102493 0.040460 1
-0.243461 0.315486 -0.046336 2
0.490982 0.143348 -0.034307 1
0.065354 -0.214896 -0.061250 0
-0.698950 0.021060 -0.040277 2
0.304365 0.271165 0.158727 1
0.592543 -0.265617 -0.053481 1
0.438070 0.183242 0.215186 1
0.438145 0.170352 0.040186 1
0.438871 0.217616 -0.098117 1
-0.641997 -0.164948 -0.104508 2
-0.609154 0.033486 0.050776 2
0.545693 -0.121511 0.066879 1
0.375133 0.244466 0.207398 1
-0.293723 0.324351 -0.085554 2
-0.073173 0.225147 -0.001565 2
0.549810 -0.142170 0.066019 1
0.499669 0.125101 0.068451 1
0.077148 -0.416104 -0.131715 0
-0.004329 0.078091 -0.011423 0
0.489084 0.066626 -0.079007 1
0.079346 -0.510337 -0.082403 0
0.540616 0.036214 0.017158 1
0.055723 -0.041972 -0.042984 0
-0.258113 0.313737 0.097501 2
-0.350782 0.288548 -0.057968 2
-0.561863 0.196888 -0.076059 2
-0.263335 0.317524 0.180723 2
0.084998 -0.512757 -0.118594 0
0.088939 -0.424662 -0.068684 0
-0.183477 0.309250 -0.041367 2
0.234703 0.266773 0.148039 1
0.628063 -0.188173 -0.061200 1
-0.270871 0.314009 -0.053462 2
0.095784 -0.444330 -0.103900 0
-0.521346 0.205632 0.012815 2
-0.280142 0.314703 -0.012323 2
0.012575 0.010343 -0.039154 0
-0.623997 0.158069 -0.064125 2
-0.497191 0.171783 0.083388 2
-0.101936 0.269615 0.044630 2
0.421674 0.236589 -0.061243 1
0.460297 0.131359 -0.093196 1
0.527973 0.083837 -0.008911 1
-0.499461 0.214160 0.051674 2
0.117028 -0.487982 -0.100496 0
-0.679047 -0.136430 -0.121978 2
0.476994 0.141659 -0.075781 1
-0.598255 0.182497 -0.083564 2
-0.660054 0.101754 -0.051487 2
-0.638573 -0.140162 -0.026141 2
-0.100580 0.273008 -0.006557 2
-0.258272 0.304018 -0.023519 2
0.145326 -0.729020 -0.119949 0
-0.467615 0.229467 -0.002947 2
0.480764 0.157343 -0.000222 1
0.039711 -0.075261 -0.072364 0
-0.507165 0.258120 -0.065105 2
0.031712 -0.133176 -0.078721 0
0.226785 0.280822 0.068562 1
0.081098 -0.475290 -0.069454 0
-0.647859 0.054687 0.001235 2
-0.475647 0.191981 0.084979 2
-0.508505 0.105325 0.122006 2
-0.152643 0.315035 -0.009415 2
0.521350 0.054453 0.093026 1
-0.499951 0.137284 0.132427 2
0.332222 0.237427 0.029416 1
0.028994 0.118425 -0.031889 0
0.372756 0.248231 0.070124 1
0.401140 0.238041 -0.094046 1
-0.492300 0.234830 0.013399 2
0.084413 -0.632153 -0.117128 0
-0.556487 0.011456 0.096251 2
0.508003 0.039610 -0.054555 1
0.344114 0.268531 -0.008802 1
0.096911 -0.855191 -0.128089 0
0.226710 0.295758 -0.012736 1
0.396264 0.234071 0.070308 1
-0.665713 -0.139324 -0.060621 2
-0.619918 -0.144238 -0.015223 2
-0.498530 0.187822 0.061057 2
0.554618 -0.302588 -0.049256 1
0.400309 0.218403 0.139634 1
-0.493150 0.244567 -0.013307 2
0.071552 -0.194703 -0.061772 0
-0.036744 0.197222 0.005823 2
0.090245 -0.816856 -0.117891 0
0.077701 -0.315339 -0.062579 0
0.514270 -0.041191 -0.066706 1
-0.361301 0.287683 0.065454 2
-0.651947 -0.105844 -0.024569 2
-0.425073 0.286081 -0.049023 2
0.119772 0.255376 0.001561 1
0.062380 -0.554758 -0.109241 0
-0.261422 0.329722 -0.075236 2
0.152507 -0.800810 -0.091443 0
0.055879 0.107138 -0.017587 1
0.535156 0.024418 0.051947 1
-0.324036 0.297912 0.092297 2
0.353043 0.257332 -0.053598 1
0.123831 -0.970014 -0.103018 0
0.252562 0.277239 0.095235 1
0.400581 0.233230 0.095123 1
0.293753 0.271903 0.117496 1
-0.584504 -0.144574 -0.025188 2
0.214247 0.261825 0.134207 1
0.025584 -0.109485 -0.060868 0
0.480001 0.089138 -0.081967 1
-0.706517 -0.014888 -0.061280 2
-0.573131 0.130759 0.039931 2
-0.350681 0.287969 0.183035 2
0.502428 0.026174 0.150455 1
0.042739 0.183794 -0.012625 1
0.534497 -0.011660 -0.036115 1
0.605600 -0.185505 -0.080046 1
0.263984 0.269208 -0.014349 1
0.265719 0.264035 0.170906 1
0.449244 0.208385 0.209555 1
0.464879 0.181281 -0.022211 1
-0.426576 0.244606 0.118801 2
0.492544 0.068856 0.197486 1
-0.546798 0.036822 0.103649 2
-0.680219 -0.166606 -0.113135 2
-0.522481 0.221779 -0.044409 2
-0.696060 -0.098181 -0.101878 2
0.450694 0.205306 -0.053342 1
-0.588802 -0.163008 -0.096614 2
0.042323 -0.039601 -0.012760 0
0.117206 -0.869570 -0.104284 0
0.042731 -0.289378 -0.089311 0
0.108778 -0.419240 -0.099500 0
-0.359770 0.310030 -0.062622 2
0.269425 0.306396 -0.060768 1
-0.348980 0.288544 0.160548 2
-0.323314 0.297761 0.131406 2
-0.467050 0.155894 0.161294 2
0.102208 -0.590850 -0.138336 0
0.484233 0.153624 0.130672 1
0.333247 0.250117 0.182613 1
0.348831 0.281639 -0.085819 1
0.579615 -0.210314 0.025769 1
0.609631 -0.160273 -0.039017 1
-0.071705 0.274856 0.000113 2
0.087743 0.231309 0.016703 1
-0.556921 0.180974 0.024225 2
0.610341 -0.223548 -0.050792 1
-0.242630 0.321448 -0.013352 2
-0.205795 0.322723 -0.008896 2
0.533433 0.013059 0.083219 1
0.595659 -0.108283 -0.038260 1
0.117012 -0.724734 -0.105426 0
-0.414872 0.231982 0.187248 2
0.044775 0.142684 -0.000429 1
0.122809 -0.724054 -0.069120 0
-0.164122 0.309011 0.130676 2
-0.610066 0.166878 -0.048172 2
0.058478 -0.383075 -0.100872 0
-0.257720 0.321242 0.144915 2
0.557421 -0.042434 0.065284 1
-0.649069 -0.171272 -0.151884 2
0.150507 -0.904358 -0.122802 0
-0.587054 0.062103 0.051111 2
0.554245 -0.017737 0.064932 1
-0.020379 0.128896 -0.000451 0
-0.353204 0.296881 0.000673 2
-0.610291 0.126330 0.014444 2
0.085577 -0.882330 -0.122588 0
-0.426627 0.254165 0.076773 2
-0.595213 0.159080 -0.077222 2
-0.106580 0.292986 0.077046 2
-0.590250 0.092880 0.053546 2
0.178460 0.256862 0.012569 1
0.281661 0.253030 0.170254 1
0.428427 0.190843 0.041028 1
0.578944 -0.300671 -0.053311 1
0.527010 0.077335 0.043068 1
0.098592 -0.538288 -0.118057 0
0.509803 0.089270 0.133288 1
0.080157 -0.552941 -0.100079 0
0.493652 0.115490 0.132679 1
0.519999 -0.254320 0.033624 1
-0.218264 0.336184 -0.048001 2
-0.420798 0.274659 -0.071375 2
-0.550386 0.214401 -0.053244 2
0.569579 -0.173391 0.039501 1
0.447590 0.193123 0.176261 1
-0.309562 0.300515 0.187389 2
0.331267 0.286301 -0.049692 1
0.131542 0.276970 0.003976 1
-0.557202 0.209040 -0.034962 2
0.543128 -0.214130 0.045286 1
0.305572 0.252008 0.177932 1
-0.491553 0.258529 -0.039777 2
-0.662470 0.033041 0.004154 2
0.400964 0.219444 0.011639 1
0.084055 -0.330485 -0.103974 0
-0.654389 0.089848 -0.065395 2
0.266865 0.280279 0.079306 1
0.036335 0.149820 -0.034621 1
-0.152030 0.286557 -0.009376 2
-0.138938 0.295331 -0.034717 2
0.113891 0.243944 0.041909 1
0.124375 -0.957533 -0.126978 0
0.108352 -0.471252 -0.071519 0
0.050672 -0.100838 -0.027185 0
0.070881 -0.457694 -0.102237 0
0.215534 0.297905 -0.038933 1
0.571598 -0.093693 0.029990 1
0.078081 -0.266633 -0.072562 0
0.095490 -0.663951 -0.085440 0
-0.525348 0.171341 0.053557 2
-0.583083 0.049699 0.074887 2
0.574068 -0.089893 -0.051823 1
-0.216448 0.310478 0.147180 2
0.616787 -0.138644 -0.038748 1
0.388880 0.236060 0.175426 1
-0.372828 0.270824 0.186831 2
0.115807 -0.698364 -0.114274 0
0.504857 0.065442 0.132396 1
-0.191931 0.333262 -0.053791 2
0.463784 0.177763 0.079160 1
-0.468669 0.216517 0.035231 2
-0.526666 0.153751 0.088108 2
-0.232586 0.285448 0.023304 2
-0.547624 -0.091106 0.017446 2
-0.659486 -0.127266 -0.028361 2
-0.114445 0.288094 -0.025693 2
0.024663 -0.047563 -0.034407 0
0.076592 -0.668497 -0.115244 0
-0.689586 0.062279 -0.064763 2
0.491086 0.113194 -0.065373 1
0.125043 -0.653868 -0.102672 0
0.470236 0.163037 0.165810 1
0.491587 0.118948 0.107504 1
-0.640588 0.146081 -0.048290 2
0.464886 0.171152 0.148816 1
-0.600786 -0.011387 0.051875 2
0.229794 0.275805 0.092386 1
-0.389495 0.247277 0.161171 2
0.490945 0.089342 0.174354 1
0.118345 -0.826281 -0.136616 0
-0.074820 0.276386 0.027309 2
0.489344 0.130970 -0.048303 1
-0.543630 0.207479 -0.078707 2
-0.516165 0.064045 0.132879 2
0.501237 0.125289 0.039233 1
-0.583449 -0.090524 0.029568 2
0.041639 -0.251044 -0.065516 0
0.085260 -0.356729 -0.065426 0
0.144420 -0.783691 -0.098945 0
0.438737 0.168533 0.065276 1
-0.009823 0.154251 -0.003590 0
0.138453 0.248000 -0.000926 1
-0.612910 -0.096026 0.008455 2
-0.434579 0.169442 0.199087 2
-0.517824 0.229288 -0.009795 2
-0.046849 0.237563 -0.011915 2
-0.678075 0.051550 -0.022594 2
-0.592856 -0.001157 0.069120 2
0.122470 -0.786616 -0.117026 0
0.594494 -0.120388 -0.013193 1
0.306610 0.286814 -0.022147 1
0.068804 -0.721505 -0.118190 0
0.120674 -0.630060 -0.085322 0
-0.045554 0.225673 0.023306 2
0.176900 0.286193 -0.012732 1
-0.597102 -0.153685 -0.035280 2
0.189103 0.260580 0.096120 1
-0.574984 0.080334 0.056054 2
0.018615 0.168108 -0.012165 0
-0.138577 0.302740 0.099338 2
0.295905 0.274658 0.056243 1
0.072002 -0.370501 -0.105629 0
0.590345 -0.148824 0.022134 1
0.607576 -0.132357 -0.061576 1
0.006522 0.101417 -0.009190 0
0.251795 0.289399 0.013654 1
-0.151933 0.315609 -0.048333 2
0.489819 0.139853 0.039373 1
-0.624329 -0.173592 -0.087358 2
0.055045 -0.109122 -0.053801 0
0.105340 -0.404570 -0.081214 0
0.097974 -0.512083 -0.087674 0
-0.398416 0.255902 0.147230 2
0.396921 0.235774 0.144589 1
0.095545 -0.931535 -0.126740 0
0.575732 -0.123209 0.044147 1
-0.635929 -0.066596 0.017052 2
-0.137930 0.308904 0.082007 2
0.435514 0.206313 0.109295 1
-0.532389 0.191238 0.039277 2
0.042306 -0.131565 -0.048781 0
0.016596 0.089593 -0.039354 0
-0.613985 0.143485 -0.025061 2
0.070110 -0.486527 -0.128022 0
-0.441775 0.219958 0.134764 2
0.521074 0.035395 0.109237 1
0.491280 -0.184832 0.069498 1
0.531867 -0.042041 -0.049449 1
-0.481544 0.225676 0.053619 2
0.382297 0.224932 0.023521 1
0.130907 -0.698654 -0.132715 0
-0.534699 0.010026 0.096721 2
0.075008 0.163485 -0.002049 1
0.483121 0.122532 0.178473 1
0.540505 0.051741 0.044161 1
0.046709 -0.250408 -0.091431 0
-0.460150 0.251088 0.020351 2
0.543959 0.011318 0.040173 1
0.093828 -0.616798 -0.080176 0
0.525604 0.091125 0.031251 1
0.192442 0.296877 0.044191 1
-0.587411 -0.068593 0.040409 2
0.511425 0.090126 -0.053678 1
-0.587298 0.117979 0.030720 2
0.109286 -0.971503 -0.131852 0
0.057648 -0.329055 -0.100912 0
0.083502 -0.827352 -0.103185 0
-0.268854 0.313891 0.026931 2
-0.700216 -0.116452 -0.110301 2
0.395269 0.233541 -0.023253 1
0.069488 -0.420088 -0.091090 0
0.084426 -0.540725 -0.085523 0
-0.627701 -0.166647 -0.153267 2
-0.520692 0.233669 -0.060794 2
0.617517 -0.185669 -0.022464 1
0.564549 -0.014308 0.025932 1
-0.399688 0.244437 0.187658 2
-0.443877 0.132482 0.189924 2
0.120731 -0.592904 -0.082975 0
-0.454769 0.225196 0.027659 2
-0.491823 0.211074 0.023797 2
-0.599362 -0.042565 0.044408 2
-0.404014 0.288357 -0.085211 2
0.086151 -0.645932 -0.087559 0
0.464139 0.180627 0.004259 1
0.030961 -0.157233 -0.065257 0
0.502345 0.092845 0.056312 1
0.543439 -0.001886 0.082541 1
0.095716 -0.763437 -0.126957 0
-0.359591 0.299217 -0.088135 2
0.123794 -0.906313 -0.116941 0
-0.166293 0.315256 0.108928 2
0.028650 -0.027393 -0.026942 0
0.347375 0.258273 0.096467 1
0.476889 0.127700 0.198386 1
0.348800 0.245095 0.000830 1
-0.478599 0.194791 0.118422 2
-0.553216 0.162565 0.043657 2
-0.622656 -0.160031 -0.075761 2
0.595211 -0.079148 -0.008731 1
-0.651604 -0.080009 -0.008314 2
0.045234 -0.068194 -0.049066 0
-0.677998 -0.050797 -0.009034 2
0.159658 0.278297 -0.006397 1
-0.665408 -0.160608 -0.142516 2
0.021408 -0.081202 -0.052328 0
0.114146 -0.694496 -0.088896 0
0.383011 0.247603 -0.050561 1
-0.650985 -0.160710 -0.086888 2
0.084207 -0.553203 -0.121650 0
0.253409 0.258917 0.012890 1
0.238022 0.291854 0.000502 1
0.047191 0.079219 -0.039384 0
-0.310545 0.288059 0.172763 2
-0.541679 -0.072755 0.017111 2
-0.506348 0.222649 -0.024911 2
-0.421434 0.282743 -0.025667 2
-0.680875 -0.079252 -0.034089 2
0.058285 -0.396894 -0.075393 0
0.270115 0.298622 -0.079013 1
-0.287154 0.298633 0.171484 2
-0.573186 0.099621 0.051461 2
0.320511 0.275256 -0.065898 1
0.137990 0.232803 0.056971 1
0.082485 -0.470635 -0.086542 0
0.064238 -0.164124 -0.080929 0
0.119496 -0.798494 -0.090873 0
0.085454 -0.907051 -0.116895 0
0.419723 0.215817 0.067880 1
0.217259 0.256277 0.021623 1
-0.648171 -0.155222 -0.067608 2
0.151643 0.246178 0.081304 1
-0.458252 0.212416 0.060518 2
0.191582 0.268607 0.078704 1
0.088375 -0.750262 -0.115033 0
-0.517970 0.249848 -0.077803 2
-0.583773 0.179167 -0.039556 2
0.371748 0.252356 0.017459 1
0.565771 -0.287721 -0.009647 1
0.371833 0.247040 0.039763 1
-0.244954 0.317464 0.013284 2
0.075464 -0.178722 -0.078694 0
0.434899 0.204832 0.135226 1
0.106275 -0.645203 -0.139880 0
-0.468230 0.218341 0.096504 2
0.087271 -0.566449 -0.087069 0
-0.166678 0.315569 0.002270 2
-0.584597 0.196123 -0.047927 2
0.071246 -0.288554 -0.099035 0
-0.443758 0.153265 0.186751 2
0.334664 0.260839 -0.037037 1
0.569447 -0.159254 0.049885 1
0.128045 -0.756588 -0.135557 0
0.346960 0.263220 0.025600 1
0.107788 0.220796 0.029990 1
0.371754 0.272795 -0.074884 1
-0.359488 0.283711 0.126912 2
-0.294751 0.313008 -0.022306 2
-0.596557 -0.181179 -0.095804 2
0.480301 0.065251 0.185505 1
0.461587 0.193410 -0.078551 1
0.457929 0.187731 0.213857 1
0.542335 -0.052783 0.072171 1
0.521042 0.053059 -0.034673 1
0.085551 -0.489345 -0.114687 0
-0.691835 0.060859 -0.046841 2
0.384014 0.242333 0.110311 1
0.412209 0.208471 0.029277 1
0.579306 -0.286548 -0.026166 1
0.118751 -0.891965 -0.138000 0
-0.426120 0.268248 0.026339 2
-0.533115 0.196702 0.003511 2
-0.434351 0.245639 -0.010402 2
0.607446 -0.137041 -0.084159 1
-0.195188 0.295377 -0.009995 2
0.112575 -0.579491 -0.128070 0
0.440484 0.209250 -0.038764 1
-0.390638 0.278764 0.042676 2
0.092633 -0.694877 -0.141762 0
0.031022 -0.050772 -0.054598 0
0.383230 0.215241 0.050889 1
0.046621 -0.171305 -0.059644 0
-0.533990 0.145025 0.053091 2
-0.046122 0.246684 0.004582 2
-0.695879 -0.011906 -0.076004 2
0.488368 0.139446 0.065752 1
-0.335076 0.296466 0.078918 2
0.476459 0.145535 -0.024977 1
0.143952 -0.968994 -0.114626 0
0.059749 -0.290466 -0.062651 0
0.083345 -0.302430 -0.102422 0
-0.481893 0.169357 0.119999 2
0.482024 -0.156157 0.084440 1
-0.389023 0.250221 0.202306 2
0.490496 0.051079 0.181970 1
0.086210 -0.685400 -0.107416 0
-0.547818 -0.070649 0.043663 2
0.528737 0.062304 0.068338 1
-0.269065 0.331193 -0.052033 2
0.544534 -0.277066 0.013226 1
0.001940 0.208558 -0.005393 0
-0.474801 0.242999 -0.041794 2
0.560790 -0.037229 -0.006914 1
0.079781 0.221915 0.003022 1
-0.430673 0.207615 0.171175 2
-0.126143 0.302359 -0.044031 2
-0.475608 0.141511 0.156860 2
0.462586 0.181679 0.133691 1
-0.321801 0.304022 -0.000423 2
-0.466523 0.238801 -0.025077 2
0.595221 -0.094830 -0.049132 1
0.528781 0.064780 0.013154 1
0.486697 -0.014820 0.160422 1
-0.097975 0.291054 0.004127 2
0.029553 -0.003539 -0.021441 0
0.043203 -0.199923 -0.100072 0
-0.675401 0.075458 -0.021906 2
-0.634826 0.126991 -0.064043 2
0.075912 -0.518173 -0.136476 0
0.108507 -0.739037 -0.141117 0
0.309994 0.276781 0.014008 1
0.098331 -0.340696 -0.071012 0
-0.613564 -0.016731 0.034759 2
0.240124 0.272820 0.132718 1
0.106470 -0.982222 -0.094911 0
-0.123189 0.305628 -0.011203 2
-0.562078 0.062170 0.078725 2
0.244239 0.287017 -0.049969 1
0.135884 0.253214 0.056496 1
0.468688 0.125898 0.216649 1
-0.160294 0.281507 0.004756 2
0.530141 -0.076316 -0.068382 1
0.217268 0.270545 0.105499 1
0.036567 0.061863 -0.025944 0
0.477620 0.140110 0.012638 1
0.239248 0.281846 0.039488 1
-0.209707 0.323714 -0.063075 2
0.455715 0.156941 0.034450 1
-0.377016 0.278553 0.104049 2
-0.678157 -0.158150 -0.091202 2
0.612253 -0.175536 -0.061197 1
0.306187 0.273857 0.030756 1
0.109490 -0.553140 -0.117270 0
0.042829 -0.148057 -0.053059 0
-0.242373 0.300961 -0.011475 2
-0.323544 0.299390 0.065759 2
0.464396 0.182376 -0.048186 1
0.384293 0.252221 -0.089530 1
-0.452397 0.234444 0.002823 2
0.543104 -0.172658 0.064241 1
0.081129 -0.445767 -0.112424 0
0.046979 -0.144301 -0.077416 0
-0.482833 0.193438 0.067178 2
-0.441313 0.193887 0.171236 2
0.112092 -0.607435 -0.102716 0
-0.284289 0.315363 0.170634 2
0.131941 0.236088 0.013189 1
0.068302 -0.420077 -0.117770 0
0.066806 -0.166588 -0.048351 0
-0.559109 0.104306 0.065834 2
-0.625110 0.048464 0.029727 2
-0.413720 0.260444 -0.029842 2
0.073157 -0.929479 -0.113441 0
0.604246 -0.264779 -0.065706 1
-0.241640 0.329082 -0.034792 2
0.120709 -0.736666 -0.116866 0
0.412411 0.214746 0.000078 1
0.124925 0.223503 0.024819 1
0.516581 0.101581 0.002913 1
-0.623005 -0.065028 0.028619 2
0.307144 0.296123 -0.073941 1
-0.195013 0.319894 0.003886 2
0.486984 0.129099 0.094818 1
0.071474 -0.199643 -0.089465 0
0.130051 -0.868502 -0.129484 0
0.512628 0.105215 0.104346 1
0.610317 -0.213481 -0.073384 1
-0.520089 0.120436 0.104197 2
0.266591 0.279460 0.055804 1
0.342393 0.241544 0.016612 1
-0.533172 0.051446 0.105000 2
-0.687999 0.023934 -0.062440 2
-0.663115 0.115185 -0.038912 2
-0.646869 -0.016611 0.024789 2
-0.492904 0.079037 0.143347 2
-0.709806 -0.079221 -0.085951 2
0.578365 -0.271912 -0.010008 1
-0.263407 0.319139 -0.018235 2
0.084938 -0.395177 -0.100595 0
-0.675576 -0.003700 -0.011110 2
-0.583429 0.143619 0.013273 2
0.464558 0.152117 0.014677 1
0.543303 -0.105586 0.071671 1
0.496107 0.083046 0.158871 1
-0.096235 0.289395 0.026089 2
0.202623 0.282464 0.029745 1
-0.006046 0.037545 -0.033688 0
-0.336772 0.298633 -0.084564 2
-0.696809 -0.014733 -0.026725 2
0.554769 -0.001569 0.003520 1
0.428314 0.192206 0.077987 1
0.092573 0.238196 -0.000492 1
0.113347 -0.685385 -0.102954 0
-0.401631 0.275963 -0.064448 2
-0.492342 0.207772 0.065516 2
-0.579326 0.013110 0.078443 2
-0.690177 -0.057447 -0.049778 2
0.317300 0.267479 0.083477 1
0.110484 -0.514084 -0.074853 0
-0.404384 0.221997 0.213586 2
-0.390790 0.270335 0.108865 2
-0.447728 0.281851 -0.079553 2
0.084643 -0.708035 -0.105811 0
0.078731 -0.300574 -0.086444 0
-0.540507 0.122764 0.094207 2
0.569848 -0.065935 -0.035937 1
0.376913 0.260456 -0.033684 1
-0.509170 0.027071 0.115223 2
0.058281 -0.291584 -0.111489 0
-0.665548 0.066388 -0.008014 2
0.066944 -0.396973 -0.109120 0
0.527849 -0.016037 0.108230 1
-0.484906 0.263532 -0.088545 2
-0.522912 0.091022 0.110776 2
-0.055154 0.235355 0.032887 2
0.052821 0.091239 -0.021486 1
0.113767 -0.645931 -0.092661 0
0.064099 -0.145853 -0.066552 0
0.501915 0.050475 0.157657 1
0.082511 -0.604480 -0.129600 0
0.528552 -0.236416 0.044979 1
0.439451 0.195011 0.056009 1
0.019625 -0.015330 -0.015250 0
-0.637742 -0.079050 0.003594 2
-0.052312 0.215863 -0.000241 2
-0.086094 0.286518 -0.008989 2
0.372186 0.231982 0.161856 1
0.082392 -0.341236 -0.090662 0
-0.333569 0.314720 -0.060227 2
0.572759 -0.159751 0.030540 1
-0.646955 -0.144221 -0.153451 2
0.106238 -0.512067 -0.102040 0
-0.388038 0.297290 -0.048932 2
0.520039 0.076346 0.026276 1
0.164521 0.267744 0.052879 1
0.581922 -0.057743 0.029008 1
-0.688352 0.022635 -0.023122 2
0.076904 -0.379362 -0.081066 0
-0.154226 0.313028 0.072619 2
0.042611 -0.213758 -0.074221 0
-0.613479 -0.123582 -0.012570 2
-0.129007 0.302382 0.017418 2
-0.694077 -0.043763 -0.075100 2
0.118912 -0.442424 -0.100444 0
0.081221 -0.464344 -0.122899 0
-0.700479 -0.116060 -0.062238 2
0.582572 -0.133251 0.029579 1
0.000021 0.073361 -0.026627 0
0.489678 -0.105525 0.103886 1
0.527516 -0.077861 0.091206 1
-0.453323 0.244824 0.055498 2
0.584220 -0.280258 -0.061869 1
0.099889 -0.919991 -0.104532 0
-0.411199 0.232591 0.134993 2
0.396276 0.231937 0.040103 1
0.083529 0.182665 0.017771 1
0.093515 -0.813711 -0.100940 0
0.046323 -0.323716 -0.076632 0
0.203462 0.275568 0.069702 1
-0.570234 0.179339 0.007934 2
0.411453 0.218540 0.051882 1
0.045484 0.117571 -0.027097 1
-0.387235 0.299769 -0.075483 2
-0.612260 -0.155879 -0.047163 2
-0.420465 0.261204 0.052629 2
0.294407 0.271525 0.145678 1
0.607893 -0.239651 -0.062446 1
0.337766 0.265347 0.170602 1
-0.011505 0.117093 -0.011644 0
0.496361 0.066908 0.155987 1
-0.596545 -0.133091 -0.021966 2
-0.176864 0.298051 -0.023626 2
-0.676015 -0.132589 -0.049548 2
0.067932 -0.226855 -0.079580 0
-0.577943 0.161076 0.001954 2
-0.545512 0.102022 0.098829 2
-0.611764 0.086045 0.037766 2
-0.006581 0.153976 -0.028126 0
-0.678728 -0.109113 -0.048278 2
0.557333 -0.095087 0.056994 1
0.020904 0.182760 -0.019028 0
-0.578586 0.200631 -0.083043 2
0.039240 -0.143580 -0.037766 0
0.120633 -0.932209 -0.126712 0
0.093302 -0.628509 -0.103634 0
-0.631580 -0.153408 -0.032649 2
0.082263 -0.640711 -0.143736 0
0.594904 -0.104240 -0.022460 1
0.105211 0.221960 0.000019 1
0.484567 0.090022 0.199838 1
0.514166 -0.132347 0.084389 1
0.146814 -0.929473 -0.119358 0
-0.491607 0.206085 0.039307 2
-0.375617 0.260617 0.160181 2
0.281244 0.288599 -0.009283 1
-0.518788 0.214745 0.026049 2
0.050599 -0.090696 -0.054929 0
-0.425845 0.275174 0.000889 2
-0.519879 0.157690 0.065801 2
0.030378 -0.000866 -0.047153 0
0.152141 0.256577 -0.002575 1
-0.002617 0.091160 -0.044608 0
0.086608 -0.418771 -0.100878 0
0.424831 0.220676 -0.033205 1
-0.213135 0.319510 0.068387 2
-0.699951 -0.128071 -0.079741 2
0.557040 -0.227196 0.039696 1
0.057320 0.156742 0.009272 1
-0.597515 0.050335 0.054986 2
0.134198 -0.775235 -0.112231 0
-0.466836 0.080272 0.157121 2
-0.541821 0.167279 0.054175 2
0.096035 -0.776447 -0.106052 0
-0.532636 0.141541 0.079288 2
-0.374762 0.303936 -0.084944 2
0.517488 0.025569 -0.047396 1
-0.002047 0.004349 -0.035642 0
0.098048 -0.799584 -0.130088 0
0.503784 0.115281 0.052735 1
-0.456314 0.195125 0.097753 2
0.332626 0.263128 0.050105 1
0.094028 -0.681877 -0.128758 0
0.422520 0.221409 -0.012671 1
0.294274 0.274898 0.077277 1
-0.321946 0.289636 -0.033973 2
0.445363 0.204289 -0.022532 1
0.477575 0.138912 0.147492 1
0.491038 0.076082 0.213790 1
0.059767 0.194068 -0.011642 1
0.120276 -0.928962 -0.105477 0
0.591300 -0.131726 -0.084351 1
0.416606 0.205682 0.124013 1
-0.114952 0.297961 0.030368 2
0.475680 0.168236 -0.024352 1
-0.348803 0.309231 -0.050810 2
-0.324678 0.292864 0.186311 2
-0.585236 0.101823 0.040964 2
0.072211 -0.500455 -0.102118 0
0.066029 -0.342630 -0.085102 0
0.477015 0.026342 0.176490 1
0.055275 -0.237601 -0.072848 0
0.026966 0.112480 -0.005112 0
0.072820 -0.253395 -0.080300 0
0.542363 -0.080338 0.073248 1
0.538006 -0.053684 0.090645 1
-0.530805 -0.025457 0.078016 2
0.187023 0.280721 0.026252 1
0.115658 -0.849757 -0.141178 0
-0.647045 0.092942 0.000114 2
0.098474 -0.382163 -0.076401 0
0.425445 0.208498 0.196834 1
0.462539 0.181666 0.117641 1
-0.479849 0.103188 0.147676 2
0.121440 -0.803400 -0.106028 0
-0.287355 0.305252 0.070225 2
-0.508198 0.075255 0.122764 2
0.076279 0.198333 0.024417 1
0.410331 0.230449 0.003689 1
0.037123 0.035931 -0.022737 0
-0.447188 0.198003 0.137958 2
0.473907 0.154273 -0.091300 1
0.068948 -0.447962 -0.126086 0
0.015750 -0.027737 -0.047210 0
0.022302 0.132714 -0.049978 0
0.117108 -0.580496 -0.110968 0
0.098535 0.232481 0.037320 1
-0.493910 0.023885 0.118815 2
0.490718 0.054721 -0.089558 1
0.078736 -0.243448 -0.054351 0
0.008718 0.012803 -0.054452 0
-0.582858 -0.109995 0.001591 2
0.502401 0.062701 -0.063206 1
0.083367 -0.486552 -0.087320 0
-0.667563 0.011191 -0.005548 2
0.316952 0.287995 -0.034244 1
0.618758 -0.211083 -0.035891 1
0.353167 0.254999 0.055429 1
0.516636 0.041335 0.130541 1
0.059205 0.131982 0.002523 1
0.032820 0.091835 -0.038287 0
-0.452148 0.262538 0.003374 2
-0.231664 0.320716 0.122845 2
0.041055 -0.209112 -0.053318 0
0.125165 -0.877054 -0.116999 0
-0.536509 0.237706 -0.060678 2
-0.167849 0.315102 0.051554 2
-0.516520 0.179122 0.065520 2
0.569231 -0.292546 -0.043732 1
0.504133 -0.068311 0.110560 1
0.239230 0.301038 -0.062544 1
-0.634542 -0.170150 -0.139292 2
-0.295741 0.323261 -0.048914 2
-0.625834 -0.054120 0.017093 2
0.114146 -0.710374 -0.099301 0
-0.587787 -0.053312 0.045968 2
-0.139492 0.312465 -0.038996 2
-0.491743 0.153683 0.133400 2
0.071817 -0.405019 -0.077019 0
0.465214 0.168810 0.066143 1
0.082247 -0.577002 -0.101013 0
0.028930 -0.078849 -0.083427 0
0.514730 0.099593 0.081938 1
-0.218154 0.306084 -0.026240 2
-0.689318 -0.028958 -0.021761 2
0.448937 0.188926 0.039918 1
-0.559777 -0.015956 0.077593 2
-0.479894 0.062864 0.144245 2
-0.645533 0.021464 0.024899 2
-0.177676 0.323306 -0.064546 2
-0.379620 0.291865 -0.036484 2
0.031108 -0.026823 -0.063474 0
-0.625889 -0.130386 -0.023091 2
0.045896 -0.069119 -0.026025 0
-0.466176 0.260222 -0.074275 2
0.030273 -0.068010 -0.035178 0
-0.142763 0.315349 -0.022531 2
0.068626 -0.357365 -0.079014 0
-0.185311 0.318996 0.078301 2
-0.347848 0.296345 0.039899 2
0.056039 0.178590 -0.019387 1
0.124120 -0.880323 -0.095007 0
0.007784 0.051157 -0.047523 0
-0.545987 0.205161 0.000020 2
-0.220013 0.319347 0.104840 2
0.098345 -0.881286 -0.105019 0
0.375952 0.237369 -0.009999 1
0.119739 -0.776815 -0.104967 0
0.044528 0.138810 -0.026843 1
0.614377 -0.195999 -0.060714 1
0.059690 -0.434024 -0.091594 0
0.617879 -0.159950 -0.025583 1
-0.514570 -0.001436 0.101100 2
0.132836 -0.859279 -0.105484 0
0.592634 -0.081289 -0.038714 1
-0.323569 0.295136 -0.050225 2
0.094221 -0.645256 -0.106921 0
0.369118 0.249925 0.134733 1
-0.625079 0.156923 -0.045005 2
-0.638015 -0.157067 -0.162958 2
-0.501404 0.247167 -0.035254 2
0.609091 -0.145375 -0.052926 1
-0.345912 0.287007 0.134080 2
-0.502633 0.053129 0.129398 2
-0.608548 -0.152032 -0.148949 2
0.514520 0.025623 -0.063191 1
0.060581 -0.356205 -0.107464 0
0.592549 -0.117667 0.015868 1
-0.603950 -0.187704 -0.111504 2
-0.503953 0.232385 0.003044 2
0.569272 -0.080310 -0.063274 1
0.057946 -0.288580 -0.085383 0
0.046636 -0.342659 -0.091812 0
0.412265 0.222922 0.118353 1
-0.699696 0.003357 -0.035162 2
0.550005 -0.013670 -0.036737 1
0.571192 -0.028545 0.016475 1
-0.414987 0.291142 -0.064422 2
0.366214 0.255361 0.163696 1
0.390729 0.229953 -0.008728 1
0.355526 0.257499 0.196307 1
0.028035 0.065078 -0.005834 0
0.583705 -0.079323 0.030146 1
0.086987 -0.617302 -0.142675 0
-0.626310 -0.104781 -0.009442 2
0.536448 0.050174 0.080540 1
0.045189 -0.223390 -0.087729 0
-0.441032 0.232937 0.121580 2
0.241648 0.274690 0.109222 1
0.060747 0.180922 0.014850 1
0.188495 0.290083 -0.022367 1
0.280351 0.276853 0.091088 1
-0.283239 0.311187 0.134076 2
0.516841 0.079489 0.092604 1
-0.241687 0.315365 0.055291 2
-0.478839 0.264244 -0.051356 2
0.108365 -0.633729 -0.122717 0
-0.570478 0.128581 0.055087 2
0.609611 -0.213692 -0.022538 1
-0.594830 0.021640 0.067759 2
-0.627421 -0.171997 -0.066451 2
-0.408107 0.231845 0.157080 2
-0.024310 0.207654 0.002891 0
0.530339 0.025607 0.091787 1
0.552128 -0.299374 -0.028449 1
0.533064 0.038886 0.039741 1
-0.010613 0.115460 -0.033791 0
0.058592 -0.131527 -0.038487 0
0.583192 -0.069445 -0.007709 1
-0.650017 -0.168225 -0.117335 2
-0.564890 0.040220 0.080678 2
0.080855 0.182144 0.001657 1
0.519798 0.000311 0.118547 1
0.461958 0.180831 0.183750 1
0.359824 0.245603 0.205538 1
0.503683 0.012020 0.144367 1
0.067177 0.121054 -0.011761 1
0.556128 -0.183341 0.045727 1
0.491339 0.112383 -0.085123 1
0.451100 0.185751 0.162136 1
0.096952 -0.595409 -0.124550 0
0.062385 -0.186000 -0.052905 0
0.107746 -0.567738 -0.087488 0
0.568482 -0.075858 -0.047679 1
0.041255 -0.015731 -0.038990 0
0.281336 0.275840 -0.035745 1
0.594125 -0.277079 -0.036417 1
-0.638377 0.117590 -0.075748 2
-0.705649 -0.065491 -0.079297 2
-0.505143 0.153222 0.107633 2
0.088277 -0.498246 -0.078543 0
0.492961 0.104360 0.171489 1
0.596651 -0.144646 -0.074578 1
-0.663373 -0.167730 -0.079422 2
0.492135 0.114958 0.157820 1
0.071968 -0.538731 -0.113237 0
0.022082 0.145866 -0.021856 0
0.060375 0.218879 -0.000685 1
0.125155 -0.657017 -0.086979 0
0.575451 -0.098213 0.044186 1
0.062886 -0.238547 -0.051772 0
-0.608979 0.154906 -0.065197 2
0.533491 0.050143 0.013663 1
-0.462179 0.105036 0.173021 2
-0.256304 0.311220 -0.039038 2
0.041719 0.128347 0.004376 1
0.562307 -0.306306 -0.079932 1
0.382372 0.264168 -0.058433 1
0.050512 -0.238578 -0.104446 0
0.083644 -0.903577 -0.138432 0
-0.406667 0.224393 0.197787 2
-0.530602 0.060387 0.118224 2
0.095000 -0.982151 -0.116211 0
-0.663277 -0.142016 -0.163506 2
-0.633954 -0.095206 0.003095 2
0.485070 0.145434 0.159143 1
0.597341 -0.096220 0.000245 1
-0.562871 0.156302 0.029809 2
-0.608994 0.111071 0.021998 2
-0.378081 0.279408 0.068351 2
0.533530 -0.040523 0.084104 1
0.552662 -0.202173 0.045337 1
0.460063 0.180690 0.027749 1
-0.501793 0.181300 0.096763 2
0.606520 -0.238240 -0.022424 1
-0.623863 0.142752 -0.054255 2
0.124077 0.249316 -0.011790 1
0.394351 0.206255 0.056262 1
0.545453 0.014662 0.025354 1
-0.095600 0.261516 0.014925 2
0.007873 -0.015934 -0.039364 0
0.373324 0.236023 0.176529 1
0.448331 0.195505 0.014070 1
-0.658485 0.127449 -0.050238 2
0.448681 0.193838 0.134615 1
0.318489 0.268379 0.124620 1
0.357994 0.263440 -0.012532 1
0.092313 -0.748076 -0.138375 0
0.617683 -0.236849 -0.049554 1
-0.605506 0.065758 0.049237 2
-0.437465 0.227528 0.039392 2
0.541579 0.024138 -0.022239 1
0.544526 -0.000155 -0.022080 1
-0.282953 0.314656 0.185791 2
0.146713 -0.791914 -0.111554 0
-0.298398 0.288509 0.160173 2
0.060410 -0.478622 -0.096906 0
0.082669 -0.422869 -0.083852 0
0.545018 -0.011308 0.042865 1
0.032260 0.038343 -0.003109 0
0.162719 0.271700 0.030355 1
-0.612154 0.061987 0.031638 2
-0.150931 0.292773 0.108722 2
0.437317 0.208048 0.000659 1
-0.636910 0.034342 0.028683 2
-0.638610 0.048598 0.022782 2
-0.228848 0.319578 0.080592 2
0.521684 0.076397 0.004467 1
-0.010395 0.094517 -0.030611 0
-0.375519 0.271322 0.147691 2
0.083605 -0.657912 -0.143731 0
-0.377969 0.283480 -0.072948 2
0.071417 -0.277374 -0.060772 0
-0.490682 0.001122 0.102999 2
-0.484228 0.181574 0.091897 2
0.517894 -0.198137 0.065656 1
0.085345 0.219510 0.029192 1
0.084892 -0.591780 -0.091776 0
0.481059 0.024477 -0.085946 1
-0.698894 -0.129384 -0.101761 2
-0.036977 0.196188 -0.011586 0
