0.100777 -0.634844 -0.188257 1
0.053322 0.784189 0.618227 3
-0.567256 -0.031661 0.320042 2
0.128918 0.274283 -0.076231 3
-0.014679 -0.177339 -0.118028 2
0.136504 0.636490 0.195626 3
-0.252857 0.121899 0.070267 2
0.127075 -0.937351 -0.216036 0
0.283248 -0.411777 -0.279453 1
0.080053 0.044239 -0.144114 3
0.082775 -0.399004 -0.140070 0
0.100496 0.475167 0.033479 3
0.113103 0.706330 0.411853 3
-0.387656 0.071178 0.238791 2
-0.071688 -0.000183 0.008211 2
0.163983 -0.508366 -0.253220 1
0.120217 -0.786825 -0.185247 0
0.048829 0.158451 -0.076759 3
0.065781 -0.271676 -0.156075 3
0.061416 -0.082557 -0.160350 3
0.173417 0.549181 0.108989 3
-0.139508 0.079684 0.068316 2
0.145309 0.384928 -0.032137 3
0.083681 -0.519535 -0.160367 0
-0.049650 -0.067005 -0.087158 2
-0.294150 0.115623 0.180633 2
0.152617 0.659883 0.311351 3
-0.502443 0.036661 0.250497 2
0.075167 0.746929 0.511955 3
0.068062 0.331419 -0.028567 3
0.231491 -0.454217 -0.217446 1
0.054386 -0.026732 -0.089548 3
0.070187 -0.184083 -0.140639 3
-0.130473 0.059598 -0.017433 2
-0.380817 0.107883 0.161629 2
0.054739 0.241791 -0.055262 3
0.165679 -0.516512 -0.172424 1
0.001309 -0.121834 -0.062550 2
0.110984 0.202931 -0.103104 3
0.047200 0.075544 -0.080456 3
0.090761 0.119848 -0.129058 3
0.126082 -0.863042 -0.193912 0
0.105947 -0.712367 -0.182720 0
0.167855 0.495682 0.056746 3
0.082368 0.409905 -0.004437 3
0.037417 -0.343687 -0.155043 0
-0.196731 0.103115 0.112899 2
0.109800 0.535857 0.074286 3
-0.315742 0.122786 0.111969 2
-0.498360 -0.006228 0.307905 2
-0.434519 0.034269 0.278075 2
0.157995 0.441660 0.007633 3
0.129242 0.598800 0.137321 3
-0.086892 -0.014803 -0.058280 2
0.026001 -0.233579 -0.112765 2
-0.452729 0.076469 0.214659 2
0.136591 -0.579275 -0.165435 1
-0.194273 0.102099 0.032974 2
0.213396 -0.466529 -0.282786 1
-0.030227 -0.045283 -0.025353 2
0.114775 -0.541134 -0.220440 1
0.047442 -0.127226 -0.110673 3
0.065786 -0.455543 -0.170763 0
0.168764 0.634992 0.252783 3
0.120972 0.705296 0.347539 3
0.071718 -0.018859 -0.154554 3
0.128184 0.329915 -0.051372 3
-0.258697 0.113499 0.131552 2
0.091428 0.744290 0.451949 3
0.175053 0.591560 0.173818 3
-0.105885 0.041946 0.038181 2
-0.338571 0.093986 0.217833 2
0.061787 0.773726 0.560973 3
-0.031467 -0.123154 -0.106755 2
0.051131 -0.138281 -0.164252 3
0.022817 -0.170228 -0.079163 2
0.130931 0.671139 0.264200 3
0.192756 -0.489163 -0.209615 1
0.063315 -0.310255 -0.120344 0
0.085883 0.286580 -0.049640 3
0.018283 -0.287625 -0.142895 2
0.058312 0.023110 -0.101931 3
0.051247 -0.078070 -0.100708 3
0.045775 -0.220751 -0.164853 3
0.088204 -0.570367 -0.175675 0
-0.099301 0.022267 -0.025377 2
0.099793 0.367349 -0.022324 3
-0.410722 0.091798 0.197711 2
0.249571 -0.443946 -0.262223 1
-0.542840 -0.006605 0.288811 2
-0.148388 0.076920 0.022560 2
0.087530 0.159836 -0.102595 3
0.127757 -0.907457 -0.180167 0
0.072158 0.198161 -0.075161 3
-0.017731 -0.081468 -0.052120 2
-0.337263 0.115281 0.151564 2
0.125895 0.567658 0.101907 3
0.065864 0.119978 -0.091881 3
0.095466 0.241801 -0.073516 3
0.114423 0.435180 0.011231 3
0.072137 -0.353266 -0.130395 0
0.075242 0.076285 -0.115348 3
-0.475077 0.018661 0.281210 2
0.121394 -0.668981 -0.171941 0
0.176479 0.613429 0.216455 3
0.048323 -0.386670 -0.162470 0
-0.463027 0.051844 0.251269 2
0.052317 -0.266342 -0.111896 3
0.126495 0.501526 0.053059 3
0.150884 0.526693 0.078581 3
-0.210379 0.103409 0.071231 2
0.125278 -0.823049 -0.204992 0
0.152703 -0.519716 -0.215392 1
0.135753 -0.620248 -0.166742 0
0.066290 -0.050389 -0.129155 3
0.125863 0.693019 0.309116 3
0.071224 -0.321548 -0.159027 3
0.201486 -0.485878 -0.248518 1
0.140586 -0.546985 -0.188883 1
0.164041 0.577438 0.138249 3
-0.061822 -0.016640 -0.027979 2
-0.425519 0.060412 0.243007 2
0.142236 0.656068 0.229827 3
0.140996 0.471217 0.033080 3
0.119229 -0.745111 -0.198343 0
0.043664 -0.165005 -0.120055 3
-0.172285 0.093956 0.082701 2
-0.054215 -0.043554 -0.055314 2
-0.530034 -0.024849 0.319823 2
-0.282300 0.121289 0.093591 2
0.108696 -0.597741 -0.190884 1
0.012313 -0.197659 -0.102702 2
0.070781 -0.099660 -0.128813 3
0.059997 -0.234449 -0.133495 3
0.089821 -0.482921 -0.165738 0
0.136987 0.414467 -0.009082 3
0.070719 -0.144224 -0.133942 3
-0.231088 0.108093 0.100985 2
0.129194 -0.896739 -0.215056 0
-0.293369 0.116229 0.142260 2
0.060845 -0.420655 -0.161234 0
0.127589 0.693545 0.381493 3
-0.364904 0.099259 0.192696 2
0.136477 0.673399 0.341949 3
0.143266 0.609363 0.168625 3
0.072990 0.009707 -0.133190 3
-0.004363 -0.150193 -0.089688 2
-0.513503 0.011136 0.281430 2
-0.025618 -0.096969 -0.082141 2
-0.111474 0.038060 0.004258 2
0.077348 -0.365383 -0.161967 0
-0.000369 -0.215390 -0.128830 2
-0.327122 0.110405 0.186251 2
0.090832 -0.445386 -0.150698 0
0.093655 0.713699 0.438376 3
0.101096 -0.680826 -0.195576 0
0.153151 0.645485 0.280207 3
0.114078 -0.565166 -0.197119 1
-0.166791 0.085405 0.050332 2
0.050497 -0.172363 -0.164460 3
0.045821 -0.197911 -0.121929 3
0.009587 -0.248086 -0.137451 2
-0.227996 0.104118 0.136301 2
0.099554 0.335986 -0.034431 3
0.071730 -0.018372 -0.117388 3
0.048360 -0.298045 -0.160728 3
0.082367 0.732830 0.480233 3
0.227554 -0.467551 -0.254454 1
0.127093 0.359547 -0.036741 3
0.114189 0.296846 -0.058335 3
0.109374 0.395921 -0.009003 3
0.059945 0.270008 -0.044352 3
-0.088663 0.020958 0.022363 2
-0.127492 0.064845 0.041251 2
0.138331 -0.523531 -0.241868 1
0.118001 0.230213 -0.092203 3
0.060277 0.053075 -0.099735 3
-0.368911 0.087160 0.221616 2
-0.266434 0.109645 0.160306 2
0.110185 0.721171 0.386334 3
0.055725 0.774625 0.589639 3
0.150903 0.628755 0.224749 3
0.027832 -0.316880 -0.149632 2
0.153705 -0.547106 -0.163183 1
0.088019 0.446399 0.013744 3
0.051055 0.214851 -0.065030 3
-0.171734 0.092612 0.016654 2
0.086575 0.092275 -0.136310 3
0.160588 0.611625 0.192652 3
0.047824 -0.249264 -0.163886 3
0.256761 -0.425921 -0.283061 1
0.059296 -0.110441 -0.155072 3
0.044586 -0.289749 -0.126411 2
0.066117 0.304068 -0.036020 3
-0.023045 -0.150818 -0.112241 2
0.035128 -0.215317 -0.093091 2
0.174090 -0.503476 -0.225301 1
0.093883 -0.609480 -0.169862 0
0.140032 -0.932016 -0.186579 0
0.092987 -0.542617 -0.176180 0
-0.129462 0.059621 0.010923 2
-0.227290 0.114106 0.051467 2
0.076156 0.380227 -0.014544 3
0.211803 -0.469962 -0.202509 1
0.186355 -0.492016 -0.271111 1
0.028462 -0.266014 -0.127558 2
-0.411429 0.077097 0.221319 2
-0.082860 -0.000714 -0.019346 2
0.092889 0.214683 -0.083344 3
0.248270 -0.438546 -0.232993 1
0.137001 0.672411 0.292208 3
0.067245 0.764302 0.535524 3
0.100184 0.732460 0.419113 3
0.090663 0.186748 -0.093865 3
0.065548 -0.055655 -0.156781 3
0.180967 -0.496370 -0.183071 1
0.054257 -0.330893 -0.135850 0
-0.409991 0.048778 0.262170 2
0.147430 0.550465 0.100973 3
0.265184 -0.423253 -0.253963 1
0.053613 0.000424 -0.087699 3
0.230721 -0.443448 -0.281659 1
0.070331 -0.212156 -0.144450 3
0.052990 -0.051515 -0.099847 3
0.065627 0.092749 -0.096881 3
0.069743 -0.299061 -0.145185 3
0.119790 0.457527 0.025378 3
0.058083 -0.372562 -0.142446 0
-0.038930 -0.066529 -0.056665 2
0.105022 0.268649 -0.066933 3
0.081740 0.258055 -0.058299 3
0.003508 -0.173291 -0.099493 2
0.215164 -0.475816 -0.227628 1
0.077488 -0.393026 -0.164791 0
0.070716 0.172791 -0.080554 3
-0.070711 -0.032617 -0.072066 2
0.141769 0.577624 0.125006 3
0.097725 0.144281 -0.124057 3
0.047845 0.105901 -0.079744 3
0.048987 0.186814 -0.074329 3
0.051042 -0.101227 -0.112079 3
-0.353212 0.108235 0.170493 2
0.104453 0.176589 -0.112773 3
-0.095409 0.007547 -0.049411 2
-0.401095 0.100954 0.175400 2
0.071832 0.032288 -0.121437 3
-0.281422 0.119369 0.120048 2
-0.480537 0.036342 0.263898 2
0.048202 0.131589 -0.078059 3
-0.145232 0.075337 -0.004328 2
0.011976 -0.143224 -0.071779 2
0.094108 0.313000 -0.043144 3
0.106082 0.515529 0.059970 3
-0.258830 0.116778 0.101364 2
0.070894 0.147430 -0.088466 3
-0.116743 0.041620 -0.027990 2
-0.470149 0.063969 0.227261 2
-0.309978 0.115428 0.160731 2
0.128219 -0.643905 -0.167249 0
-0.336704 0.119664 0.127156 2
-0.548703 -0.026605 0.303626 2
0.164375 0.477109 0.038780 3
0.063323 -0.344574 -0.163317 0
-0.012690 -0.127071 -0.087277 2
0.100155 -0.657793 -0.177601 0
0.064135 -0.073072 -0.137981 3
-0.520312 -0.012154 0.299009 2
-0.458666 0.036140 0.275348 2
0.135342 0.308797 -0.061129 3
0.050267 0.037327 -0.084118 3
0.072839 0.229646 -0.065607 3
0.145552 0.648871 0.252542 3
0.054914 -0.199111 -0.159682 3
0.083415 0.131490 -0.109338 3
-0.086751 0.016184 -0.001100 2
0.121343 0.380483 -0.022958 3
0.083686 -0.426289 -0.165928 0
-0.190376 0.097404 0.059444 2
0.154050 0.592734 0.155144 3
-0.050985 -0.017946 -0.006642 2
0.166331 -0.510613 -0.198035 1
0.028124 -0.194099 -0.084698 2
0.060748 -0.261744 -0.133673 3
-0.359573 0.114532 0.143341 2
0.081154 0.352590 -0.022986 3
-0.434980 0.085584 0.201853 2
-0.387857 0.089477 0.203380 2
0.113106 -0.768207 -0.197945 0
0.046042 -0.243434 -0.105163 2
-0.475514 0.007106 0.301665 2
0.169816 0.513515 0.074505 3
0.125862 0.252149 -0.082608 3
0.127495 -0.886311 -0.194424 0
0.162507 0.460025 0.023231 3
0.104729 0.496233 0.047258 3
-0.019813 -0.063150 -0.038349 2
0.081672 0.065134 -0.134370 3
0.071184 -0.247978 -0.148802 3
0.079799 0.753894 0.490621 3
0.059993 -0.124019 -0.133019 3
0.132602 0.539737 0.082936 3
-0.433930 0.050948 0.262057 2
-0.232963 0.112026 0.078558 2
0.123438 -0.915254 -0.203191 0
0.123219 -0.800479 -0.204107 0
0.148486 0.506440 0.061494 3
0.136212 0.434341 0.005140 3
0.169954 0.532715 0.089193 3
0.096512 -0.579431 -0.197535 1
0.115269 -0.690045 -0.177412 0
0.118878 -0.841752 -0.194172 0
0.104134 0.417994 0.001063 3
0.080093 0.109258 -0.112397 3
0.059842 -0.155995 -0.149611 3
0.125558 -0.581356 -0.184769 1
0.060375 0.000398 -0.108949 3
0.102635 -0.657733 -0.199748 1
-0.194767 0.100224 0.086804 2
-0.446374 0.062862 0.235588 2
0.137047 0.677007 0.319405 3
-0.486470 0.048919 0.241446 2
0.043781 -0.364436 -0.159074 0
0.088365 0.722639 0.457787 3
0.141629 0.451738 0.018261 3
0.125651 -0.602897 -0.175557 1
-0.036704 -0.100423 -0.100690 2
0.126373 0.522930 0.068212 3
0.125825 0.691455 0.331361 3
-0.314537 0.119833 0.133567 2
-0.403658 0.055900 0.242556 2
0.075610 -0.468389 -0.156189 0
0.127783 0.684068 0.358793 3
0.078175 -0.376995 -0.135622 0
-0.498204 0.020567 0.264359 2
0.159544 0.562934 0.118122 3
0.153241 -0.526964 -0.192940 1
-0.060681 -0.050467 -0.078243 2
0.115661 0.711225 0.368222 3
0.085934 -0.419499 -0.145076 0
0.070289 -0.441476 -0.154888 0
-0.519584 0.021064 0.263589 2
-0.064942 -0.026719 -0.046464 2
-0.013148 -0.101045 -0.065537 2
0.141598 0.487764 0.046184 3
0.118768 -0.724423 -0.194477 0
0.045701 -0.271372 -0.162281 3
0.191840 -0.491825 -0.230425 1
0.068288 -0.031425 -0.137941 3
-0.491334 0.006268 0.285811 2
-0.547269 -0.032532 0.328873 2
0.120757 0.478837 0.037194 3
0.209812 -0.480385 -0.266886 1
-0.147828 0.077171 0.043389 2
-0.431927 0.076247 0.224927 2
-0.323659 0.106063 0.206325 2
0.073827 0.055514 -0.115363 3
0.182614 -0.500306 -0.248626 1
-0.032440 -0.084190 -0.067225 2
0.113856 -0.618764 -0.187048 1
0.130916 0.646191 0.215597 3
-0.000418 -0.193244 -0.118396 2
0.091121 -0.503661 -0.171332 0
0.061250 -0.167442 -0.132280 3
0.238394 -0.454096 -0.243272 1
-0.208483 0.105877 0.050188 2
0.099132 -0.586210 -0.168495 0
0.043370 -0.309950 -0.129808 2
0.132823 -0.538737 -0.205905 1
-0.250256 0.105123 0.148694 2
0.195791 -0.484110 -0.189918 1
-0.244969 0.112175 0.115509 2
0.061312 -0.392080 -0.146966 0
-0.046635 -0.035937 -0.032774 2
0.140257 0.346071 -0.049307 3
0.062350 -0.282416 -0.136341 3
0.122690 -0.813780 -0.187208 0
0.059573 -0.233932 -0.157526 3
-0.341867 0.103154 0.198084 2
-0.286079 0.114097 0.161772 2
0.125705 -0.851227 -0.210646 0
0.147789 0.402082 -0.021845 3
0.050913 -0.318024 -0.159946 0
0.058591 -0.032173 -0.111052 3
0.176072 0.582415 0.156000 3
0.016584 -0.216052 -0.110504 2
0.115237 -0.648583 -0.187208 0
0.049633 -0.220200 -0.124425 3
0.053801 -0.353587 -0.138877 0
-0.217539 0.105631 0.119598 2
-0.038154 -0.051177 -0.042457 2
0.115611 0.551131 0.085363 3
0.085410 -0.455037 -0.169262 0
-0.392158 0.081104 0.220990 2
0.232211 -0.461032 -0.272422 1
-0.383233 0.100788 0.183641 2
-0.038390 -0.083572 -0.088684 2
0.060175 -0.083994 -0.122208 3
-0.117984 0.054454 0.025923 2
0.171297 0.628934 0.234347 3
-0.081940 -0.005829 -0.041679 2
0.153755 0.424184 -0.006878 3
0.128155 -0.873736 -0.210082 0
0.070333 -0.337183 -0.146696 0
0.053912 -0.146422 -0.124335 3
0.058169 -0.061613 -0.115582 3
0.113121 0.317934 -0.049288 3
-0.309568 0.114627 0.193074 2
0.100661 -0.612725 -0.199959 1
0.136438 0.625877 0.179539 3
0.109613 0.352213 -0.031893 3
-0.065320 -0.006198 -0.011760 2
-0.176480 0.094656 0.036543 2
0.149265 0.622577 0.206662 3
0.114523 0.697042 0.395186 3
0.141854 -0.561480 -0.170053 1
0.090919 0.732552 0.436860 3
0.089282 -0.556183 -0.163011 0
0.126154 0.582620 0.115402 3
0.272902 -0.425946 -0.272223 1
0.124666 -0.933715 -0.197575 0
0.154938 0.643729 0.236910 3
0.084656 0.427049 0.003283 3
0.103107 -0.556305 -0.209668 1
0.159627 -0.512947 -0.232770 1
0.115692 -0.751470 -0.180979 0
-0.156495 0.087158 0.071223 2
0.131517 0.290797 -0.067741 3
0.104252 -0.625329 -0.172345 0
-0.298899 0.120789 0.104023 2
0.146221 0.663082 0.271262 3
-0.040330 -0.030664 -0.015195 2
0.074729 0.000320 -0.149223 3
0.013918 -0.266051 -0.139952 2
0.137879 -0.597734 -0.162474 1
-0.210998 0.104575 0.101027 2
-0.006887 -0.159766 -0.106926 2
0.175159 0.565832 0.128989 3
0.102600 -0.676072 -0.176134 0
0.131772 0.662108 0.248095 3
0.059662 0.071045 -0.095577 3
0.159703 0.601720 0.173530 3
-0.530192 0.003751 0.279077 2
0.111985 0.723164 0.404548 3
-0.016540 -0.136915 -0.102284 2
0.049461 0.055584 -0.083492 3
0.143697 0.368583 -0.040171 3
0.068125 0.286652 -0.045427 3
0.051671 0.019144 -0.084796 3
0.137121 -0.527888 -0.220211 1
0.060524 -0.289486 -0.117556 3
0.092948 0.387010 -0.012510 3
0.086556 0.747679 0.469152 3
0.130389 0.610760 0.155888 3
-0.267507 0.123554 0.080806 2
-0.364941 0.074619 0.234070 2
-0.113369 0.054508 0.048835 2
0.127791 0.396024 -0.016438 3
-0.160484 0.085957 0.032413 2
0.010419 -0.160606 -0.088717 2
0.109191 0.717022 0.429904 3
0.061451 -0.096028 -0.143762 3
-0.105091 0.032514 -0.011785 2
0.115373 -0.669182 -0.188871 0
-0.354705 0.094544 0.209972 2
0.072515 -0.474356 -0.172767 0
0.059069 -0.128586 -0.151521 3
0.014636 -0.232956 -0.126532 2
0.050670 -0.248995 -0.121479 3
0.059180 -0.204650 -0.132734 3
-0.120664 0.050402 -0.004708 2
0.070558 -0.013878 -0.134572 3
-0.023789 -0.110898 -0.094349 2
-0.128286 0.069585 0.058985 2
-0.460748 0.020113 0.291564 2
0.061117 -0.372320 -0.160240 0
0.140968 0.565330 0.110955 3
0.077249 0.027551 -0.138972 3
0.097860 0.458183 0.022499 3
0.081479 -0.496443 -0.158027 0
0.148433 0.644173 0.214675 3
0.085470 0.325017 -0.033651 3
0.121003 0.413577 -0.000828 3
-0.099488 0.033328 0.016273 2
0.114313 -0.696738 -0.193576 0
-0.328101 0.110772 0.165771 2
0.054392 -0.182906 -0.127944 3
0.130557 -0.565003 -0.188284 1
0.177299 -0.499152 -0.205230 1
0.024841 -0.247934 -0.122486 2
0.114655 -0.730120 -0.178642 0
0.109172 0.253655 -0.074547 3
0.116211 0.340293 -0.044496 3
0.070165 0.014029 -0.113028 3
0.077484 0.214343 -0.072631 3
-0.514396 -0.017305 0.314341 2
0.032511 -0.296970 -0.140281 2
0.080520 -0.409200 -0.157759 0
0.093559 -0.465712 -0.158573 0
0.017658 -0.182021 -0.095252 2
0.052159 -0.403232 -0.164389 0
-0.090017 0.008142 -0.032113 2
0.060119 -0.436466 -0.167689 0
0.125236 -0.552302 -0.198585 1
0.098965 0.297450 -0.050342 3
-0.531787 -0.024323 0.302122 2
-0.244506 0.113353 0.092133 2
0.071663 -0.353893 -0.148548 0
0.153915 0.639748 0.264379 3
-0.507470 -0.000126 0.292385 2
0.065176 0.037663 -0.106978 3
0.055682 -0.013277 -0.099493 3
0.000140 -0.135811 -0.081088 2
0.159274 -0.531168 -0.167598 1
0.142647 0.588893 0.138394 3
-0.007054 -0.094233 -0.050704 2
0.067014 -0.315330 -0.142595 3
0.153407 0.657229 0.292072 3
0.073748 -0.381915 -0.151473 0
0.067568 -0.336565 -0.127566 0
0.099820 -0.641344 -0.171018 0
-0.182764 0.098557 0.098207 2
0.077539 0.092966 -0.114398 3
-0.277306 0.117069 0.138148 2
0.071863 0.761549 0.519820 3
0.064702 -0.303767 -0.160264 3
0.059133 -0.216082 -0.156010 3
0.081190 0.302689 -0.044108 3
0.051259 -0.155867 -0.164507 3
-0.105025 0.017251 -0.040139 2
0.069320 -0.040079 -0.152825 3
0.064958 -0.409264 -0.150026 0
0.065530 0.253476 -0.051038 3
0.042130 -0.322183 -0.142695 0
0.173976 -0.501148 -0.265379 1
-0.405205 0.071164 0.236729 2
0.073249 0.396151 -0.012459 3
0.060577 -0.172272 -0.149760 3
0.131596 -0.901579 -0.198348 0
0.093363 -0.524112 -0.172612 0
-0.221996 0.104175 0.087635 2
-0.452187 0.045954 0.261827 2
0.146283 0.668682 0.329848 3
0.228471 -0.463849 -0.230138 1
-0.050466 -0.055725 -0.066810 2
0.092625 0.269862 -0.056305 3
0.041324 -0.229422 -0.097988 2
0.057583 -0.303434 -0.133835 0
-0.300678 0.121978 0.120016 2
-0.003659 -0.109841 -0.052961 2
0.135453 -0.924810 -0.210399 0
-0.009911 -0.114405 -0.073899 2
0.155642 0.539544 0.092493 3
0.121161 -0.784551 -0.203827 0
-0.368614 0.106642 0.174759 2
0.126558 0.699293 0.363714 3
-0.341804 0.106013 0.181561 2
0.070246 -0.228162 -0.144771 3
0.104078 0.230373 -0.084367 3
0.246613 -0.442786 -0.280213 1
-0.176097 0.092259 0.064381 2
0.118930 -0.769194 -0.183127 0
0.098458 0.158539 -0.116955 3
0.062751 0.760852 0.551642 3
0.088193 0.225941 -0.070511 3
-0.350666 0.085815 0.224202 2
-0.419697 0.085350 0.209170 2
-0.447298 0.053993 0.249003 2
0.085892 0.198090 -0.083158 3
0.119961 -0.634466 -0.176974 0
0.113966 0.281453 -0.064404 3
0.214636 -0.477248 -0.247644 1
-0.237910 0.116480 0.064306 2
0.149656 -0.537683 -0.180047 1
0.083476 0.171039 -0.092413 3
-0.138300 0.066897 0.030110 2
0.162578 0.616382 0.223023 3
0.085988 0.105085 -0.127189 3
0.070681 -0.068196 -0.124696 3
0.172016 0.601052 0.192459 3
0.141107 0.517581 0.070656 3
0.063866 0.774118 0.576353 3
0.260710 -0.434013 -0.267034 1
-0.155654 0.082061 0.004965 2
-0.040229 -0.071634 -0.071871 2
0.088051 -0.537788 -0.162318 0
0.062593 0.134497 -0.086725 3
0.031916 -0.282916 -0.133931 2
-0.314720 0.114309 0.175365 2
0.073477 0.270258 -0.053754 3
0.076720 0.048602 -0.128836 3
0.128384 0.677681 0.280576 3
0.068831 0.000171 -0.121786 3
0.127466 0.445874 0.017282 3
0.109519 0.215415 -0.094365 3
-0.320610 0.116713 0.147267 2
0.065615 -0.288779 -0.157343 3
0.107985 -0.740633 -0.188506 0
0.131696 0.555645 0.094674 3
0.052632 0.092583 -0.085216 3
0.056972 -0.275188 -0.124135 3
-0.265984 0.116512 0.114739 2
-0.448247 0.025130 0.274772 2
0.079302 0.134104 -0.094999 3
0.071011 -0.034256 -0.119410 3
0.115250 -0.800212 -0.190198 0
0.147453 0.620729 0.188509 3
0.207063 -0.479641 -0.213098 1
0.056450 -0.111916 -0.121284 3
0.036943 -0.255383 -0.117393 2
0.115728 0.704435 0.381672 3
0.126629 -0.530313 -0.230707 1
0.055038 -0.332449 -0.160243 0
0.059279 0.105300 -0.089566 3
0.098401 0.201983 -0.095017 3
0.088594 0.147216 -0.110600 3
0.125807 -0.828095 -0.190226 0
-0.419711 0.070809 0.232021 2
0.135961 0.683537 0.303605 3
0.165291 -0.510984 -0.215957 1
-0.364653 0.110286 0.160898 2
-0.525813 0.000214 0.292892 2
0.085992 0.340042 -0.029287 3
0.072213 0.317392 -0.034279 3
0.096759 -0.558496 -0.177228 0
0.115005 0.241872 -0.083756 3
0.142321 0.640356 0.230175 3
0.064388 -0.110709 -0.137426 3
0.161848 0.614366 0.207029 3
0.060789 -0.219799 -0.133970 3
0.221745 -0.461003 -0.208481 1
-0.401460 0.084329 0.210161 2
0.054250 0.201824 -0.070881 3
0.070867 -0.427541 -0.150469 0
0.113050 -0.579345 -0.192079 1
0.060514 -0.188418 -0.151425 3
-0.245209 0.107906 0.131272 2
0.038133 -0.276411 -0.122431 2
0.142148 0.601077 0.153903 3
-0.433610 0.035619 0.263605 2
0.169944 -0.506768 -0.184464 1
0.103041 0.706067 0.422552 3
0.081274 0.244231 -0.062799 3
0.086009 0.368487 -0.017847 3
0.253568 -0.438671 -0.249286 1
0.060473 0.779252 0.602567 3
-0.110863 0.028412 -0.032948 2
-0.424759 0.091436 0.193420 2
-0.140237 0.070531 0.008389 2
0.060760 -0.045796 -0.116602 3
-0.346365 0.116519 0.137798 2
0.076662 -0.441534 -0.167863 0
0.098841 -0.613231 -0.182904 1
-0.097690 0.032059 0.030530 2
0.093040 0.400603 -0.007088 3
0.095296 -0.593095 -0.180548 0
0.102675 0.721888 0.446053 3
0.104172 0.446883 0.016282 3
0.198604 -0.482307 -0.275643 1
0.222016 -0.471267 -0.267161 1
0.077195 -0.344741 -0.158093 0
0.059263 -0.096712 -0.160713 3
0.127220 0.488291 0.045766 3
-0.222211 0.110532 0.064346 2
-0.095004 0.027644 0.003982 2
0.154296 0.491755 0.051240 3
0.045701 -0.234979 -0.164344 0
0.103586 0.711829 0.402663 3
-0.467020 0.031902 0.264287 2
0.196768 -0.489671 -0.261734 1
0.062762 -0.321934 -0.128309 0
0.009794 -0.205814 -0.117517 2
-0.415291 0.059361 0.254435 2
0.104486 0.379118 -0.016065 3
0.113766 0.368730 -0.024983 3
0.125372 -0.922845 -0.188586 0
0.074170 0.104146 -0.100678 3
0.119870 0.263557 -0.074959 3
-0.089950 0.013488 -0.019078 2
-0.153197 0.083286 0.054890 2
0.131677 0.618777 0.168370 3
0.060548 -0.358301 -0.162140 0
0.104049 -0.696593 -0.183985 0
0.155373 0.635208 0.248556 3
-0.396852 0.097320 0.188256 2
0.070032 -0.261229 -0.144146 3
0.080747 -0.491785 -0.171668 0
0.053757 -0.124388 -0.163775 3
-0.381116 0.079681 0.229798 2
0.071537 0.081260 -0.102817 3
0.146210 -0.529421 -0.204757 1
0.053852 -0.131784 -0.122210 3
-0.073206 0.003581 -0.005130 2
0.065661 -0.055108 -0.142851 3
-0.077411 -0.023088 -0.064237 2
0.137947 0.668907 0.308110 3
0.155418 0.468673 0.031534 3
0.086438 -0.469050 -0.170064 0
-0.001630 -0.178098 -0.113250 2
0.241172 -0.454147 -0.257887 1
0.131903 0.511202 0.062421 3
0.078384 -0.482672 -0.157854 0
0.098813 -0.579203 -0.180447 0
0.054015 -0.282452 -0.162290 3
-0.475168 0.055894 0.237330 2
0.098484 0.285219 -0.056808 3
0.144401 0.661709 0.257552 3
0.070128 0.064624 -0.105664 3
0.063808 -0.385811 -0.161233 0
-0.420417 0.042871 0.268992 2
-0.491937 -0.003631 0.295358 2
0.084133 0.078330 -0.137343 3
0.076208 0.013962 -0.148661 3
0.204674 -0.483160 -0.232507 1
0.092224 0.175915 -0.102108 3
0.080820 0.739594 0.492038 3
0.137999 0.634301 0.209048 3
0.073040 -0.455003 -0.155181 0
0.020091 -0.157001 -0.077064 2
0.100496 0.435515 0.009651 3
-0.233439 0.107448 0.124219 2
0.076158 0.759194 0.506016 3
0.070155 -0.404531 -0.165358 0
0.028216 -0.205455 -0.099518 2
0.058922 -0.248043 -0.133005 3
-0.540791 -0.014296 0.304234 2
0.147477 -0.519259 -0.232695 1
0.125834 0.691197 0.347333 3
-0.414076 0.096409 0.185326 2
-0.189948 0.097126 0.073057 2
-0.487624 0.026828 0.270562 2
-0.134261 0.062814 -0.004772 2
-0.180811 0.095044 0.050068 2
0.077457 0.184586 -0.081009 3
-0.026651 -0.071248 -0.051259 2
0.032646 -0.331169 -0.152782 2
0.128196 -0.910967 -0.215166 0
0.122418 -0.759021 -0.194296 0
-0.391972 0.059043 0.248708 2
0.097573 0.253875 -0.067511 3
0.132928 0.462116 0.027066 3
0.106417 0.330469 -0.044750 3
0.059145 -0.255122 -0.159256 3
0.060652 -0.143471 -0.144487 3
0.155248 0.572924 0.129019 3
0.132725 0.373181 -0.033755 3
0.086765 -0.432284 -0.149341 0
0.103454 -0.641434 -0.199721 1
0.070127 -0.197564 -0.140197 3
-0.376117 0.095203 0.198989 2
0.058934 0.147769 -0.082310 3
0.100729 -0.566782 -0.199295 1
0.164856 0.641401 0.274993 3
-0.139268 0.076237 0.055018 2
0.107619 0.189066 -0.108936 3
0.127498 0.592696 0.125495 3
0.120718 0.308417 -0.056512 3
0.073540 0.363730 -0.018945 3
0.115908 -0.814354 -0.198723 0
0.053837 0.120355 -0.082571 3
0.101322 -0.626027 -0.200921 1
-0.497906 0.013820 0.275868 2
-0.424802 0.048964 0.252534 2
0.163551 0.630034 0.220725 3
0.070523 -0.366453 -0.138364 0
0.064150 -0.068810 -0.158156 3
-0.479777 0.043928 0.253027 2
0.049542 -0.188055 -0.164697 3
0.162124 -0.517427 -0.185349 1
0.051988 -0.064664 -0.100939 3
0.137569 0.651185 0.242263 3
0.020878 -0.255921 -0.132243 2
0.271285 -0.415633 -0.262868 1
-0.080807 0.010302 0.009130 2
0.106811 -0.726649 -0.189323 0
0.120496 -0.863191 -0.207985 0
0.221413 -0.456160 -0.284282 1
0.135846 0.528798 0.076330 3
-0.062648 -0.042131 -0.067830 2
0.088045 0.731676 0.468416 3
-0.111052 0.044511 0.015715 2
0.126665 0.424736 0.003218 3
-0.265427 0.111338 0.142641 2
0.110061 0.722938 0.418200 3
0.033079 -0.221691 -0.104684 2
0.118152 -0.717016 -0.183623 0
0.050393 -0.234483 -0.124638 3
0.128929 -0.850836 -0.197992 0
-0.492895 0.035861 0.259689 2
0.055116 0.009273 -0.097191 3
0.119125 -0.653030 -0.175578 0
0.160631 0.508042 0.065971 3
0.068324 -0.156333 -0.138096 3
0.092316 0.132047 -0.124791 3
0.074029 -0.284735 -0.148273 3
0.067276 0.241681 -0.058749 3
-0.027372 -0.137206 -0.109476 2
0.126593 -0.534842 -0.217074 1
0.159946 0.622838 0.236051 3
0.187125 -0.489848 -0.197934 1
0.109226 0.484023 0.040146 3
0.165550 0.485569 0.048558 3
0.135670 0.683021 0.330936 3
0.074990 -0.310094 -0.151377 3
0.095301 0.721353 0.423670 3
0.120089 -0.593027 -0.186905 1
0.091083 -0.569798 -0.163058 0
0.052094 -0.359553 -0.150466 0
0.165762 0.590471 0.160105 3
0.058388 0.166962 -0.078504 3
0.114051 -0.703135 -0.178741 0
-0.381239 0.085743 0.215899 2
0.240820 -0.446378 -0.225942 1
-0.507446 -0.012965 0.299462 2
0.141952 0.660529 0.287144 3
0.132629 0.385482 -0.026697 3
0.159822 0.550472 0.104519 3
-0.012234 -0.073921 -0.043241 2
0.154664 0.450544 0.016325 3
-0.050707 -0.023892 -0.018585 2
0.057971 0.225229 -0.061956 3
0.070294 0.345926 -0.024408 3
-0.451748 0.069733 0.226196 2
-0.160628 0.086022 0.016094 2
0.113672 0.524268 0.067137 3
0.114019 -0.712554 -0.195297 0
0.069892 0.751958 0.528079 3
0.121585 -0.620497 -0.176997 0
-0.507115 0.027416 0.258270 2
0.080124 0.159307 -0.088652 3
0.141517 0.497592 0.054321 3
0.083757 -0.551601 -0.173552 0
-0.458936 0.061420 0.237226 2
-0.276285 0.113833 0.153394 2
0.165040 0.523385 0.082041 3
-0.326573 0.121597 0.119678 2
0.065028 -0.089246 -0.133359 3
0.127753 0.345589 -0.045455 3
-0.305060 0.115590 0.147266 2
-0.369227 0.092348 0.209302 2
0.076165 0.120170 -0.099350 3
0.120967 -0.873729 -0.198436 0
-0.075942 -0.007769 -0.027225 2
0.093587 0.731924 0.450614 3
0.123659 -0.776813 -0.194183 0
0.065300 0.184718 -0.077647 3
0.098372 -0.597402 -0.198123 1
-0.341624 0.110281 0.165973 2
-0.530631 -0.012396 0.291799 2
0.133825 -0.570464 -0.177426 1
0.271819 -0.415523 -0.283125 1
0.153274 -0.514292 -0.250346 1
0.059564 -0.017930 -0.110497 3
0.102586 0.722604 0.396231 3
-0.020054 -0.125047 -0.100151 2
-0.184630 0.098116 0.025985 2
0.065468 0.214329 -0.068987 3
-0.443005 0.042676 0.269738 2
0.141614 0.663485 0.319418 3
0.082405 -0.514838 -0.171931 0
-0.046052 -0.055572 -0.055081 2
0.149994 0.460166 0.023294 3
0.120165 -0.735730 -0.189323 0
0.191302 -0.493299 -0.242829 1
0.136206 0.323063 -0.058078 3
0.021889 -0.275619 -0.138914 2
0.121955 -0.896933 -0.204786 0
0.009985 -0.149382 -0.082452 2
0.120622 -0.543319 -0.209633 1
-0.067013 -0.033393 -0.060082 2
0.104899 0.308715 -0.050888 3
0.143577 0.538441 0.088674 3
-0.072624 -0.013696 -0.039165 2
0.070868 -0.426916 -0.165130 0
0.114276 0.424019 0.005011 3
0.092694 0.350391 -0.027072 3
-0.562073 -0.026174 0.310162 2
-0.056161 -0.028093 -0.034247 2
0.054773 -0.073089 -0.112240 3
0.114096 0.470492 0.030848 3
-0.254006 0.119193 0.082330 2
0.182748 -0.496829 -0.216135 1
-0.282295 0.113595 0.173577 2
0.010022 -0.221550 -0.124988 2
0.054776 0.032654 -0.094671 3
0.119496 -0.835159 -0.204636 0
-0.086064 0.021618 0.010282 2
0.113771 -0.681150 -0.191560 0
0.128082 0.682843 0.291786 3
0.066842 0.157984 -0.083515 3
0.125554 0.703148 0.335298 3
0.049902 -0.254901 -0.107518 3
0.050384 -0.089315 -0.105680 3
0.053982 -0.159680 -0.126067 3
-0.333526 0.117280 0.140001 2
0.116086 0.508806 0.057513 3
0.135740 -0.917673 -0.184478 0
0.083396 -0.531258 -0.171877 0
0.143249 -0.569632 -0.161004 1
0.057937 -0.096287 -0.120914 3
-0.300067 0.115893 0.169917 2
-0.061407 -0.006824 -0.000188 2
-0.437758 0.059490 0.243576 2
0.047343 -0.111853 -0.107335 3
0.045261 -0.151352 -0.117268 3
-0.415375 0.067172 0.243636 2
-0.123622 0.049686 -0.019277 2
-0.097836 0.023056 -0.009286 2
0.155133 0.640159 0.225250 3
0.132182 -0.890092 -0.204991 0
-0.391138 0.104970 0.167346 2
0.119971 -0.882713 -0.210157 0
0.103720 -0.602877 -0.172460 0
-0.273149 0.119805 0.105525 2
0.077967 -0.377350 -0.163815 0
-0.464539 0.026551 0.279855 2
0.109246 0.406929 -0.003948 3
0.110267 -0.752348 -0.194602 0
0.140143 0.425149 -0.001692 3
0.168477 -0.507930 -0.239329 1
0.140537 0.672139 0.280642 3
-0.161562 0.088966 0.085168 2
0.175328 0.574305 0.141203 3
0.218861 -0.471062 -0.217170 1
0.060119 -0.292175 -0.129605 3
-0.431842 0.065636 0.234165 2
0.121123 0.540005 0.079248 3
-0.092891 -0.004094 -0.051272 2
0.148469 0.435086 0.004271 3
-0.475394 0.029259 0.275435 2
0.113760 -0.634501 -0.187280 1
-0.521042 0.010393 0.272095 2
0.083080 0.313667 -0.037822 3
-0.107582 0.046345 0.027066 2
-0.003036 -0.125015 -0.076895 2
0.022864 -0.194580 -0.097882 2
0.173937 0.621396 0.225393 3
0.005271 -0.232614 -0.134001 2
0.152458 0.478307 0.038787 3
0.065900 -0.133271 -0.137799 3
0.037286 -0.311242 -0.142693 2
0.093580 -0.597687 -0.167937 0
-0.210060 0.103602 0.087807 2
0.128075 0.698232 0.321778 3
-0.008077 -0.139744 -0.094127 2
0.044612 -0.337960 -0.147423 0
-0.019647 -0.110054 -0.083180 2
0.240814 -0.452759 -0.272300 1
0.072011 -0.400183 -0.146828 0
-0.375907 0.069104 0.238556 2
0.174649 0.558600 0.119519 3
0.060805 -0.344656 -0.142510 0
-0.287393 0.121914 0.110063 2
0.000073 -0.160673 -0.094582 2
-0.078053 -0.016363 -0.050480 2
-0.028666 -0.053593 -0.033704 2
-0.022308 -0.089818 -0.064603 2
-0.401149 0.054664 0.254831 2
0.155067 0.516993 0.071415 3
0.005799 -0.132484 -0.065203 2
-0.055160 -0.040061 -0.044057 2
0.114925 -0.676193 -0.179363 0
-0.476622 0.006614 0.289906 2
-0.486822 0.018576 0.279962 2
0.158503 -0.518186 -0.205225 1
0.057326 0.083687 -0.091393 3
-0.112701 0.054293 0.036475 2
0.080914 0.055873 -0.142340 3
0.117947 0.387462 -0.014078 3
0.111606 -0.778754 -0.192946 0
-0.508884 0.016848 0.272246 2
-0.355104 0.104006 0.181300 2
0.053243 -0.041026 -0.094542 3
-0.121564 0.051179 0.008791 2
-0.265557 0.120493 0.091938 2
-0.018626 -0.166610 -0.115537 2
0.153149 0.611117 0.183657 3
0.127588 0.407537 -0.009391 3
0.257714 -0.428755 -0.244721 1
0.181775 -0.498559 -0.232575 1
0.155251 0.583545 0.142880 3
-0.442772 0.075618 0.220740 2
0.132133 0.476756 0.038486 3
0.147742 0.567618 0.120133 3
0.131756 0.573022 0.110402 3
0.149272 0.414852 -0.012164 3
0.064902 -0.398917 -0.155931 0
0.157496 -0.525516 -0.177589 1
0.068643 -0.275654 -0.143434 3
0.080078 0.069456 -0.123394 3
0.100251 -0.648397 -0.184414 0
-0.487959 -0.001221 0.306756 2
-0.348420 0.113766 0.154262 2
0.074467 0.021136 -0.129745 3
0.037037 -0.234824 -0.109499 2
-0.006901 -0.149487 -0.101616 2
0.084845 0.122149 -0.115989 3
-0.188818 0.099535 0.043064 2
0.053582 -0.261937 -0.124640 3
0.078185 -0.420433 -0.155840 0
0.125842 -0.795945 -0.191764 0
0.112622 0.710992 0.391145 3
0.065322 -0.062059 -0.132823 3
-0.541691 -0.023780 0.312265 2
0.048043 0.143062 -0.077821 3
0.102583 -0.669043 -0.197805 0
-0.287071 0.117561 0.132147 2
0.050154 -0.376285 -0.157965 0
0.176645 -0.498135 -0.193829 1
0.137543 0.335851 -0.054266 3
0.102715 -0.684600 -0.183775 0
0.165682 0.639079 0.263815 3
0.095443 -0.625278 -0.179635 0
0.076858 0.037517 -0.133393 3
0.137181 0.359200 -0.042052 3
0.146042 -0.547348 -0.175195 1
0.088653 -0.579881 -0.169411 0
0.080749 -0.436741 -0.157915 0
-0.108427 0.035592 -0.023091 2
0.169134 0.600019 0.181500 3
0.045448 -0.179018 -0.122087 3
0.133296 -0.606998 -0.167209 1
0.070279 0.028093 -0.110987 3
-0.300564 0.119022 0.133930 2
-0.463487 0.070702 0.221002 2
0.224811 -0.467497 -0.240230 1
0.079757 0.082983 -0.123296 3
0.022710 -0.299858 -0.145169 2
-0.200040 0.103179 0.043150 2
0.025305 -0.183225 -0.083446 2
0.208357 -0.475231 -0.277627 1
0.130694 -0.594100 -0.170625 1
0.198910 -0.482837 -0.202608 1
-0.193882 0.100155 0.099032 2
0.124095 0.709036 0.358635 3
0.061721 -0.084143 -0.149221 3
0.137764 -0.931179 -0.197561 0
-0.557003 -0.034654 0.334083 2
-0.112851 0.040633 -0.011614 2
0.049888 0.175727 -0.075783 3
0.149666 0.633537 0.204316 3
0.148943 0.649799 0.264482 3
-0.332619 0.100690 0.211099 2
0.113892 -0.607698 -0.185260 1
-0.035759 -0.079990 -0.077854 2
-0.240975 0.103980 0.142518 2
0.170501 0.607026 0.201802 3
-0.525397 -0.019080 0.311443 2
0.103287 0.318818 -0.040523 3
0.168575 0.581826 0.147729 3
0.135050 0.681434 0.349582 3
0.149980 0.656195 0.280384 3
0.058008 -0.381706 -0.149455 0
0.048250 -0.206406 -0.164888 3
0.104550 -0.586396 -0.193735 1
0.104039 0.726297 0.435892 3
0.070852 -0.464219 -0.165918 0
0.067670 -0.022635 -0.126858 3
0.104111 -0.614191 -0.172445 0
0.058185 -0.192745 -0.131471 3
-0.503813 0.005523 0.280320 2
0.105471 -0.703953 -0.192189 0
-0.038588 -0.043707 -0.032492 2
-0.305212 0.115605 0.181612 2
-0.272764 0.116523 0.126392 2
0.159069 0.532384 0.084569 3
0.080058 0.147669 -0.094704 3
0.093074 -0.515374 -0.165814 0
0.142753 0.643404 0.204926 3
0.169689 0.539803 0.097686 3
0.047776 -0.321197 -0.133233 0
-0.122230 0.060742 0.051043 2
0.056252 -0.144754 -0.156911 3
-0.127869 0.058400 0.022974 2
0.135061 -0.911330 -0.206523 0
0.005990 -0.182083 -0.105696 2
-0.452753 0.026042 0.286803 2
-0.313374 0.122075 0.122829 2
0.101348 -0.666775 -0.183889 0
0.060106 -0.176898 -0.139765 3
0.142006 0.633834 0.220680 3
0.125028 0.712504 0.373886 3
0.063209 -0.326545 -0.140555 0
0.140807 0.442430 0.011013 3
0.077441 0.744519 0.501261 3
0.201078 -0.484923 -0.220647 1
-0.009920 -0.188257 -0.120733 2
-0.520056 -0.006897 0.286818 2
0.081969 -0.409261 -0.145025 0
0.055445 -0.041248 -0.105735 3
-0.138346 0.072169 0.041046 2
0.128809 0.686187 0.322219 3
0.072527 0.296488 -0.040666 3
0.055674 0.060407 -0.093023 3
0.120951 0.561345 0.094447 3
0.125579 0.469577 0.033443 3
-0.431474 0.080779 0.214991 2
0.137582 0.394808 -0.021140 3
-0.392822 0.061797 0.236610 2
0.040438 -0.354008 -0.156948 0
0.047915 -0.139130 -0.116729 3
0.045908 -0.238804 -0.115038 2
-0.030246 -0.097000 -0.092615 2
0.056217 -0.349052 -0.156399 0
0.070603 -0.116808 -0.130912 3
-0.056497 -0.059488 -0.082632 2
0.099094 0.187262 -0.102450 3
0.063583 -0.199513 -0.148644 3
0.070643 -0.082829 -0.126641 3
0.256090 -0.436493 -0.276526 1
-0.182865 0.097158 0.087479 2
0.109998 -0.662094 -0.176608 0
0.082901 -0.459517 -0.159787 0
0.085526 0.207518 -0.074802 3
0.073137 -0.000044 -0.137746 3
0.105086 0.241891 -0.078337 3
-0.551863 -0.017199 0.299466 2
0.132664 0.653491 0.225650 3
0.060657 -0.101464 -0.133395 3
-0.254521 0.114043 0.121667 2
-0.470879 0.016586 0.292109 2
0.071962 0.042144 -0.117175 3
0.056399 -0.164974 -0.156425 3
-0.293186 0.116658 0.154161 2
0.158355 0.644820 0.252257 3
0.130260 0.688663 0.372331 3
0.076372 -0.330658 -0.156757 3
-0.470427 0.041735 0.261772 2
-0.514716 0.000560 0.280293 2
0.185209 -0.496250 -0.261368 1
0.110008 -0.763544 -0.188851 0
0.143856 -0.538210 -0.194012 1
-0.249318 0.112121 0.105758 2
0.236658 -0.454471 -0.232745 1
0.247682 -0.432452 -0.282629 1
-0.355770 0.099453 0.198200 2
0.109837 -0.548469 -0.212319 1
0.108411 -0.657424 -0.190789 0
-0.451925 0.036586 0.266893 2
-0.171849 0.094231 0.093336 2
-0.227129 0.107321 0.115299 2
-0.203968 0.104157 0.059669 2
0.054909 0.252928 -0.050683 3
-0.032848 -0.109961 -0.103360 2
-0.022942 -0.104724 -0.074607 2
0.126240 -0.923529 -0.215516 0
0.100824 0.220749 -0.087446 3
-0.442403 0.031501 0.268614 2
0.245224 -0.448897 -0.249603 1
0.231290 -0.454058 -0.281038 1
-0.497805 0.006931 0.294186 2
0.077687 -0.413929 -0.166815 0
0.030913 -0.243545 -0.114988 2
0.126487 -0.814170 -0.198116 0
0.073180 -0.353823 -0.161788 0
0.031621 -0.206248 -0.088902 2
-0.028584 -0.061422 -0.044011 2
0.065380 -0.330874 -0.161782 3
0.149799 0.651657 0.241644 3
0.125589 -0.658512 -0.169275 0
0.108369 0.341555 -0.032756 3
0.084655 0.741458 0.459539 3
0.103069 0.716140 0.414168 3
0.105364 -0.625390 -0.189173 1
0.070466 -0.028953 -0.147959 3
0.131665 -0.629863 -0.168108 0
0.131476 -0.874273 -0.198958 0
0.039741 -0.298665 -0.129191 2
0.098771 -0.574546 -0.168443 0
0.144178 0.630145 0.192236 3
0.063633 -0.243295 -0.154398 3
0.077039 -0.392906 -0.154306 0
0.128016 -0.834699 -0.198077 0
0.077295 0.280761 -0.051219 3
0.080072 -0.503478 -0.165684 0
-0.398150 0.076808 0.231395 2
0.108973 0.359435 -0.024147 3
0.089880 0.723299 0.445953 3
0.098425 -0.602872 -0.184433 0
-0.083739 0.010857 -0.011062 2
0.083172 0.749450 0.478907 3
-0.421241 0.080696 0.220815 2
-0.025348 -0.078943 -0.058824 2
-0.530440 -0.013803 0.302843 2
-0.486539 0.005415 0.298802 2
0.164657 0.568789 0.127112 3
0.055816 -0.426810 -0.168010 0
0.071208 -0.238693 -0.144052 3
0.072511 -0.298806 -0.155451 3
0.060497 -0.321688 -0.162487 3
0.130066 -0.862368 -0.203960 0
0.060715 -0.072882 -0.120786 3
0.072080 -0.371758 -0.149914 0
0.135652 0.676446 0.271808 3
-0.148374 0.083168 0.064107 2
0.116607 -0.827817 -0.197862 0
0.071156 -0.045546 -0.121345 3
0.060505 0.014186 -0.106795 3
0.067056 -0.045640 -0.138371 3
0.103318 0.728204 0.407277 3
-0.245269 0.117853 0.076085 2
-0.038019 -0.038750 -0.023290 2
-0.166766 0.089101 0.060026 2
0.068541 -0.413714 -0.160759 0
-0.437390 0.054446 0.252931 2
0.059342 -0.299232 -0.122050 0
-0.370101 0.077065 0.223641 2
0.018232 -0.225072 -0.115294 2
0.097871 0.733342 0.429150 3
0.060266 -0.187200 -0.140582 3
0.048580 -0.349949 -0.149006 0
0.059495 -0.151329 -0.136170 3
0.055344 -0.392742 -0.157939 0
-0.006177 -0.199574 -0.124178 2
-0.057634 -0.014268 -0.013634 2
0.115599 -0.740149 -0.180899 0
0.128794 0.605547 0.147128 3
-0.045474 -0.043924 -0.042040 2
0.110152 0.456185 0.021962 3
0.160192 0.622263 0.214837 3
0.126608 0.320358 -0.055484 3
-0.486648 0.014494 0.289870 2
0.094932 0.422512 0.002012 3
0.065888 -0.165256 -0.142602 3
0.070731 0.048926 -0.108092 3
0.098009 -0.564302 -0.168757 0
0.142741 0.652290 0.220286 3
-0.396106 0.093967 0.197929 2
-0.465037 0.015595 0.283419 2
-0.167925 0.090926 0.027407 2
0.087451 0.435616 0.008157 3
0.113817 -0.735936 -0.197346 0
0.059181 0.042911 -0.100083 3
0.104544 -0.690145 -0.192150 0
0.081739 -0.446981 -0.155039 0
-0.425836 0.058977 0.254178 2
0.122570 0.291533 -0.062914 3
0.037461 -0.266423 -0.120515 2
0.147239 0.661548 0.298931 3
0.164572 0.556020 0.111617 3
0.064883 -0.067727 -0.148070 3
0.070352 0.276796 -0.044293 3
0.114479 -0.791059 -0.199782 0
-0.158007 0.081045 0.040961 2
0.131001 0.639939 0.204299 3
-0.387706 0.096938 0.192665 2
0.114085 0.501068 0.051241 3
0.137633 0.596829 0.142692 3
0.154143 -0.516421 -0.224886 1
0.093827 0.323999 -0.039321 3
-0.406202 0.063976 0.248148 2
0.119273 -0.846046 -0.204769 0
0.094008 0.230518 -0.077436 3
0.052629 -0.210537 -0.127732 3
0.057665 -0.317013 -0.135540 0
-0.333104 0.109263 0.174434 2
0.015311 -0.172768 -0.091909 2
0.136819 0.671778 0.331592 3
0.137173 0.664015 0.275665 3
0.232852 -0.460570 -0.248640 1
0.088947 0.138462 -0.115545 3
-0.216980 0.108884 0.054651 2
0.082260 0.096899 -0.122350 3
0.157904 0.633579 0.238968 3
0.093861 0.374657 -0.016802 3
0.225981 -0.464549 -0.220437 1
0.081359 0.401000 -0.009096 3
-0.148065 0.076828 0.008899 2
0.114108 0.445791 0.016992 3
0.015392 -0.206488 -0.106305 2
-0.199644 0.098380 0.070865 2
0.128763 0.684628 0.340362 3
-0.149518 0.075773 0.032434 2
-0.073232 -0.001130 -0.016662 2
0.150147 0.602633 0.165920 3
0.110738 0.704647 0.402298 3
-0.125027 0.061006 0.032184 2
0.122034 -0.573957 -0.190471 1
0.077988 0.331252 -0.031459 3
0.127537 0.435641 0.009905 3
0.082922 -0.541742 -0.172234 0
0.120473 0.352080 -0.036948 3
-0.548735 -0.028755 0.319757 2
-0.415367 0.056208 0.244981 2
0.127258 0.281513 -0.069603 3
0.015767 -0.242201 -0.129985 2
0.087552 0.235270 -0.067175 3
0.187267 -0.488816 -0.188010 1
0.131318 0.684789 0.312729 3
-0.443047 0.079266 0.211527 2
-0.540411 -0.021665 0.297638 2
0.133779 0.633126 0.185722 3
0.050765 -0.344175 -0.138736 0
0.063684 -0.353892 -0.138831 0
0.080782 0.175651 -0.083624 3
0.094681 -0.531376 -0.166051 0
-0.320594 0.109857 0.197741 2
-0.222369 0.107089 0.105484 2
0.165571 -0.509246 -0.225857 1
-0.066536 -0.023372 -0.033370 2
0.166400 0.636200 0.243332 3
0.118051 0.695986 0.386095 3
0.072541 -0.450849 -0.165430 0
0.093459 -0.547497 -0.164761 0
0.091056 0.249453 -0.061692 3
0.155105 0.500776 0.057027 3
0.072982 0.253721 -0.058711 3
0.126529 0.689192 0.299061 3
0.260945 -0.432046 -0.253417 1
0.139803 -0.922870 -0.191692 0
0.077360 -0.482402 -0.170201 0
0.047711 -0.276902 -0.120770 2
0.064917 -0.254718 -0.139039 3
0.158972 0.648389 0.271650 3
0.047720 -0.261870 -0.162781 3
-0.520040 0.006902 0.287256 2
0.149677 -0.555938 -0.162734 1
-0.026047 -0.095242 -0.071746 2
0.127928 -0.587590 -0.177703 1
-0.507283 -0.011062 0.308987 2
0.055707 -0.105778 -0.162791 3
0.099884 0.467018 0.028251 3
0.071422 -0.006741 -0.115494 3
-0.359099 0.080618 0.229175 2
0.127140 -0.613908 -0.172547 0
0.105019 -0.676198 -0.188024 0
0.073290 -0.008925 -0.151689 3
-0.047678 -0.062235 -0.073393 2
0.138115 0.545875 0.091556 3
-0.224146 0.108095 0.078193 2
0.132432 0.453426 0.020687 3
0.059254 -0.137770 -0.127515 3
0.071205 -0.322605 -0.147341 3
0.088032 0.359240 -0.021768 3
0.067074 -0.262312 -0.154166 3
0.050791 -0.118192 -0.116645 3
-0.132404 0.070862 0.050366 2
-0.080593 -0.000807 -0.033566 2
-0.447399 0.034278 0.277673 2
0.126523 0.699422 0.352779 3
0.021462 -0.238946 -0.121733 2
0.119809 0.699352 0.374587 3
0.148230 0.578319 0.132764 3
-0.332636 0.105805 0.197934 2
0.077420 0.290781 -0.047912 3
-0.084489 -0.008904 -0.051091 2
-0.348382 0.099073 0.204338 2
-0.002523 -0.111538 -0.062345 2
0.119966 -0.680312 -0.172304 0
0.109305 -0.558319 -0.202616 1
0.136126 -0.558265 -0.184312 1
0.054811 -0.082584 -0.114371 3
0.059091 0.193977 -0.073553 3
0.135964 -0.933739 -0.216316 0
0.070741 0.015854 -0.122431 3
0.105622 -0.717711 -0.192587 0
-0.092346 0.001742 -0.042427 2
-0.391862 0.100835 0.179474 2
0.099257 0.358126 -0.024849 3
0.123021 0.372556 -0.028064 3
-0.034554 -0.073564 -0.061469 2
0.150742 0.625322 0.215815 3
0.085688 0.380093 -0.013732 3
0.078436 -0.390490 -0.140446 0
0.140698 0.667526 0.264174 3
-0.212777 0.105409 0.110382 2
-0.519992 -0.021532 0.303952 2
0.084383 -0.528947 -0.161865 0
0.137103 -0.524284 -0.232424 1
-0.433066 0.042743 0.269946 2
-0.360508 0.084025 0.218341 2
0.065726 -0.381565 -0.143842 0
-0.030487 -0.088763 -0.082160 2
0.059156 -0.271261 -0.132550 3
0.066994 -0.034255 -0.128925 3
0.141724 0.659758 0.241863 3
-0.204393 0.105328 0.118124 2
-0.403222 0.081748 0.219949 2
0.068062 -0.013356 -0.124615 3
0.057201 -0.280831 -0.115359 3
-0.014619 -0.150740 -0.107800 2
-0.498422 0.029185 0.254811 2
0.055786 -0.022504 -0.101839 3
0.064488 0.769316 0.547656 3
-0.018039 -0.116915 -0.089750 2
0.133328 0.663851 0.257310 3
0.159199 0.630052 0.229905 3
0.052942 0.009732 -0.085113 3
0.148446 0.640673 0.243140 3
0.059246 0.261109 -0.047602 3
0.127407 0.533684 0.076026 3
0.106718 -0.648382 -0.193062 0
0.104565 -0.574866 -0.195535 1
-0.396743 0.067761 0.242821 2
0.120253 0.363690 -0.031705 3
0.076992 -0.359300 -0.154761 0
0.058905 0.768034 0.567909 3
0.096666 -0.634620 -0.179588 0
0.278999 -0.420025 -0.276278 1
-0.050918 -0.049307 -0.047519 2
-0.348907 0.103071 0.188323 2
0.238878 -0.437965 -0.282498 1
-0.230863 0.108479 0.086998 2
0.146106 -0.518659 -0.243814 1
0.120056 -0.856644 -0.197185 0
-0.465332 0.056023 0.241454 2
0.085884 0.732352 0.457691 3
0.054564 -0.013390 -0.090195 3
0.131562 0.659914 0.238993 3
0.072709 0.308781 -0.040711 3
0.085368 0.276224 -0.052583 3
0.143408 -0.522973 -0.225128 1
0.115653 -0.657413 -0.184141 0
-0.476050 0.027219 0.266340 2
-0.073832 -0.023803 -0.055638 2
0.082868 0.418530 -0.000885 3
0.065733 0.110758 -0.093540 3
0.065601 -0.220208 -0.146313 3
0.215430 -0.476398 -0.260583 1
0.200800 -0.477633 -0.195095 1
0.125012 -0.923353 -0.198845 0
0.123549 -0.912076 -0.187071 0
-0.050084 -0.028676 -0.027216 2
-0.096968 0.023306 0.025820 2
0.025631 -0.216896 -0.108537 2
0.098027 0.276395 -0.060109 3
0.175914 0.586358 0.164406 3
0.049052 0.064850 -0.083150 3
0.130884 0.418987 -0.003749 3
0.160976 0.647691 0.284673 3
0.058658 -0.310357 -0.162727 3
0.059250 -0.206080 -0.155364 3
-0.174960 0.089496 0.055602 2
-0.326586 0.113421 0.157014 2
0.125737 -0.846724 -0.190320 0
0.060823 -0.105457 -0.147405 3
-0.381354 0.070439 0.229123 2
0.104957 0.291736 -0.058055 3
0.082252 -0.510406 -0.159652 0
0.141514 0.616384 0.174405 3
0.013003 -0.256991 -0.138293 2
-0.403863 0.091122 0.203886 2
0.123064 -0.906115 -0.204869 0
0.077090 0.339986 -0.026413 3
0.055386 -0.055409 -0.109319 3
0.127840 0.550073 0.088388 3
-0.348511 0.092073 0.217764 2
-0.443501 0.047990 0.259461 2
0.150787 0.617819 0.196607 3
0.136528 0.561904 0.103629 3
0.073189 0.065094 -0.114348 3
-0.259707 0.107928 0.154248 2
0.070111 0.132376 -0.091611 3
0.055693 -0.413944 -0.164874 0
-0.000182 -0.165780 -0.105068 2
0.127472 -0.841899 -0.205151 0
0.141781 0.656195 0.264426 3
0.054436 -0.243325 -0.161536 3
-0.392436 0.086311 0.213419 2
0.104084 -0.606498 -0.194129 1
0.148136 0.559600 0.110483 3
0.169155 0.621551 0.216724 3
-0.354633 0.111585 0.160663 2
0.088131 -0.503530 -0.161226 0
-0.493997 0.040029 0.249227 2
-0.277873 0.111819 0.165185 2
0.160060 -0.511343 -0.244946 1
0.221478 -0.471052 -0.248574 1
0.127587 0.303996 -0.061853 3
0.055128 0.138435 -0.081300 3
0.061664 -0.447384 -0.170377 0
0.138233 0.656885 0.252834 3
-0.025130 -0.117347 -0.100686 2
-0.443322 0.071671 0.229153 2
-0.364958 0.095804 0.202001 2
-0.276696 0.121888 0.086404 2
-0.166758 0.088295 0.038616 2
0.100556 0.345494 -0.030170 3
0.104507 0.428287 0.005800 3
0.071107 -0.054760 -0.122767 3
0.099259 0.304653 -0.044776 3
0.060700 0.235416 -0.058124 3
0.066298 -0.343264 -0.133589 0
0.143206 0.478169 0.038513 3
0.092834 0.166085 -0.106526 3
0.121728 0.400474 -0.011344 3
0.059834 -0.141934 -0.135566 3
0.021991 -0.266632 -0.135854 2
-0.453682 0.049123 0.253224 2
0.115606 -0.551599 -0.206063 1
0.191615 -0.494045 -0.255344 1
0.055243 -0.226701 -0.160857 3
0.047164 0.087532 -0.080053 3
0.091263 -0.453590 -0.154514 0
-0.410907 0.087520 0.209392 2
-0.410299 0.073651 0.229614 2
0.111758 0.714049 0.418374 3
0.064618 -0.227432 -0.137723 3
-0.378716 0.106077 0.170233 2
0.115438 -0.800496 -0.199511 0
0.066932 0.004617 -0.114152 3
0.058436 0.780778 0.611606 3
0.264968 -0.421402 -0.283261 1
0.065149 -0.243222 -0.139129 3
0.142232 0.406645 -0.016391 3
-0.460448 0.038816 0.264939 2
0.010427 -0.187786 -0.100299 2
-0.176261 0.094367 0.027354 2
0.138257 0.607060 0.159415 3
0.176357 -0.503568 -0.239762 1
0.153816 0.637134 0.216343 3
0.070606 -0.371056 -0.163861 0
0.070647 -0.018093 -0.142536 3
-0.254370 0.117126 0.091087 2
-0.137710 0.066149 0.021157 2
-0.194577 0.101724 0.050150 2
0.120387 -0.744980 -0.186783 0
0.087306 0.297201 -0.047745 3
0.097941 -0.570403 -0.178850 1
0.131963 -0.933257 -0.190330 0
0.192897 -0.489884 -0.221717 1
0.086567 0.115222 -0.122600 3
0.080494 0.055998 -0.132258 3
0.066000 0.756614 0.539987 3
0.165687 0.605837 0.188080 3
0.263661 -0.430621 -0.274786 1
-0.111777 0.047118 0.042506 2
0.061546 -0.117013 -0.143114 3
-0.044138 -0.077527 -0.091919 2
0.131212 -0.579337 -0.176679 1
0.218760 -0.469902 -0.275374 1
-0.037960 -0.090082 -0.094792 2
0.048471 -0.298781 -0.127286 2
0.068383 -0.289629 -0.143373 3
0.159724 0.596226 0.163306 3
0.178588 -0.500719 -0.257367 1
0.153335 -0.537181 -0.171929 1
0.083064 0.739205 0.474024 3
-0.534521 -0.007228 0.298403 2
0.090757 -0.588554 -0.170470 0
-0.067765 -0.006311 -0.021437 2
-0.000530 -0.206445 -0.124834 2
0.121056 0.324832 -0.049689 3
-0.304814 0.123743 0.109997 2
0.143034 0.655511 0.274713 3
-0.364543 0.101116 0.183994 2
0.121391 0.274922 -0.070799 3
-0.006927 -0.133789 -0.086324 2
-0.470726 0.047408 0.250931 2
-0.072660 -0.015976 -0.028159 2
0.086571 -0.477060 -0.159902 0
-0.281890 0.116640 0.147106 2
-0.360497 0.111349 0.151576 2
-0.299947 0.116748 0.161083 2
0.081942 -0.399898 -0.161396 0
0.158649 -0.519286 -0.193289 1
0.120149 -0.535913 -0.225170 1
0.119984 0.518643 0.063822 3
0.053511 0.069447 -0.089264 3
0.250531 -0.441947 -0.272318 1
0.070470 0.262459 -0.050843 3
0.161571 0.489617 0.058167 3
0.099396 0.716630 0.429922 3
0.123785 -0.809120 -0.205889 0
0.058008 -0.123691 -0.124411 3
0.063178 -0.294229 -0.137637 3
0.117482 -0.703669 -0.189104 0
0.091366 0.723215 0.437247 3
0.054476 -0.271087 -0.161329 3
0.089951 0.111037 -0.132370 3
0.057390 -0.177389 -0.156207 3
-0.293261 0.120049 0.126368 2
0.153501 0.656288 0.302249 3
0.081575 0.392455 -0.011291 3
-0.153754 0.082253 0.027102 2
0.068950 -0.172146 -0.138027 3
-0.444123 0.029007 0.283937 2
0.107188 0.717128 0.440163 3
0.088387 -0.492168 -0.161450 0
0.166461 0.596066 0.173295 3
0.070542 -0.337951 -0.160842 0
-0.230984 0.113657 0.059656 2
0.072188 0.750745 0.519667 3
-0.077440 0.009341 -0.000006 2
-0.126083 0.055355 0.000133 2
0.048023 -0.288808 -0.161281 3
0.071822 -0.386303 -0.164824 0
0.133221 0.676468 0.308047 3
0.209333 -0.480512 -0.253841 1
-0.455118 0.021229 0.278605 2
0.043996 -0.262014 -0.116650 2
0.059205 0.115841 -0.087849 3
0.079773 0.121685 -0.107207 3
0.060789 -0.365613 -0.147072 0
0.110211 0.263612 -0.071903 3
-0.212919 0.107214 0.063746 2
0.137037 0.588682 0.131657 3
0.045346 -0.187784 -0.122203 3
-0.459319 0.028164 0.271774 2
0.110465 0.718240 0.395571 3
0.067397 -0.432545 -0.156762 0
0.055683 -0.282492 -0.128781 3
0.153203 -0.529414 -0.184143 1
-0.369769 0.110622 0.153807 2
0.116362 -0.695089 -0.185236 0
-0.328317 0.119892 0.133481 2
0.173407 -0.504859 -0.216696 1
0.137980 -0.531091 -0.212128 1
-0.384746 0.062021 0.244808 2
0.070319 -0.006423 -0.129415 3
0.242999 -0.447846 -0.239289 1
0.154484 0.430908 -0.000469 3
-0.315080 0.113910 0.186352 2
-0.058492 -0.035173 -0.050464 2
-0.166941 0.091831 0.076146 2
0.104983 -0.634554 -0.172828 0
-0.424998 0.087061 0.202476 2
0.103907 0.704655 0.414004 3
0.088513 0.737622 0.446420 3
-0.500253 0.001634 0.287243 2
0.031908 -0.275683 -0.129101 2
0.110447 0.225960 -0.091530 3
0.172452 -0.504344 -0.198237 1
0.072496 -0.271062 -0.149706 3
0.132509 0.495297 0.052557 3
-0.015452 -0.092203 -0.059863 2
0.097885 -0.538852 -0.170098 0
0.070656 -0.128665 -0.132207 3
0.100606 0.407564 -0.003910 3
0.137406 0.644957 0.224726 3
0.104252 0.387232 -0.013055 3
0.085408 0.188808 -0.087301 3
0.010608 -0.199780 -0.110913 2
0.054250 -0.310188 -0.129601 0
0.090623 0.221294 -0.078269 3
-0.205604 0.100092 0.081300 2
0.140568 0.677462 0.298224 3
0.055646 -0.364639 -0.140065 0
0.233129 -0.459385 -0.238964 1
0.093809 0.207329 -0.087736 3
0.149270 0.484579 0.043906 3
0.054009 0.110080 -0.084068 3
0.121757 -0.883112 -0.199988 0
0.205684 -0.477910 -0.204779 1
0.006293 -0.137320 -0.074414 2
0.071959 0.221461 -0.068115 3
-0.493267 0.027608 0.264048 2
-0.318718 0.113827 0.160470 2
-0.507237 0.025351 0.266616 2
0.060554 0.175283 -0.078489 3
0.070823 -0.436317 -0.164320 0
0.133266 0.502693 0.058219 3
-0.286796 0.121602 0.100906 2
0.049782 -0.172100 -0.124718 3
0.124375 -0.790964 -0.198585 0
-0.259533 0.121432 0.076173 2
0.131019 -0.842449 -0.195984 0
0.123251 -0.768255 -0.193983 0
0.112571 -0.713044 -0.177344 0
-0.514262 -0.006502 0.296860 2
0.125497 -0.937865 -0.205008 0
-0.238340 0.109524 0.105284 2
-0.139554 0.068786 0.000048 2
-0.321090 0.120468 0.126135 2
0.056479 -0.000852 -0.101449 3
0.053990 -0.243567 -0.127166 3
0.131685 0.352580 -0.042542 3
0.093065 0.280354 -0.052367 3
0.054419 0.021383 -0.094542 3
0.141306 0.463701 0.027242 3
0.120398 0.429664 0.008663 3
-0.044111 -0.071484 -0.082476 2
0.124500 -0.929202 -0.205022 0
0.103711 0.198115 -0.100444 3
0.148934 0.394500 -0.025554 3
0.131454 0.584130 0.121890 3
0.104513 0.208548 -0.094848 3
0.018243 -0.164830 -0.083891 2
0.080668 0.076349 -0.128546 3
0.158160 0.634248 0.256538 3
0.091640 0.198343 -0.089416 3
-0.321031 0.118721 0.138933 2
0.214751 -0.475783 -0.239275 1
0.162553 0.630457 0.248269 3
0.085548 -0.468473 -0.157985 0
0.062250 0.279317 -0.044037 3
-0.530191 -0.003198 0.283952 2
0.142254 0.628729 0.204265 3
0.099898 -0.619618 -0.192137 1
0.065510 -0.110066 -0.129045 3
0.114049 0.489703 0.044191 3
0.074605 -0.361319 -0.131362 0
0.072164 -0.413508 -0.148692 0
0.086501 0.309177 -0.045279 3
0.064958 0.076847 -0.099839 3
-0.126310 0.058001 -0.010240 2
0.053609 -0.199955 -0.128434 3
0.042677 -0.315363 -0.137648 2
-0.105106 0.039105 0.023474 2
-0.258881 0.115066 0.110391 2
0.051648 -0.146710 -0.164389 3
0.098855 0.262892 -0.066570 3
0.092391 0.257787 -0.061696 3
0.160924 0.586013 0.148614 3
-0.117443 0.059287 0.043207 2
0.055905 -0.254882 -0.128627 3
0.044494 -0.250075 -0.111822 2
0.058431 -0.137975 -0.152399 3
-0.102046 0.029659 -0.000187 2
0.166468 0.621432 0.229295 3
0.120121 -0.602073 -0.184515 1
-0.376409 0.099423 0.188388 2
-0.183022 0.094245 0.068735 2
0.168897 -0.507892 -0.205571 1
-0.339068 0.099119 0.205931 2
0.080759 -0.386056 -0.161402 0
-0.095257 0.020258 -0.018281 2
-0.405240 0.094681 0.192021 2
0.109849 0.336710 -0.039467 3
0.146853 0.656179 0.248594 3
0.003899 -0.151269 -0.088619 2
0.125316 -0.837959 -0.190338 0
0.094011 0.151483 -0.115999 3
0.083680 -0.436972 -0.167270 0
0.140248 0.643504 0.216967 3
0.223379 -0.462854 -0.279634 1
0.160017 0.645214 0.262603 3
0.081845 0.269219 -0.055524 3
0.095657 0.739449 0.437057 3
-0.085498 0.007832 -0.023346 2
0.051829 0.028309 -0.088158 3
0.070922 0.209053 -0.072507 3
0.063883 0.060314 -0.102146 3
-0.534494 -0.019187 0.308142 2
0.109599 -0.696401 -0.176573 0
0.114168 0.380560 -0.016894 3
0.169818 0.613449 0.209368 3
0.163703 0.616895 0.199290 3
0.066466 -0.463430 -0.173387 0
-0.094669 0.009280 -0.039721 2
-0.547598 -0.011372 0.293722 2
0.077564 0.204420 -0.076187 3
0.058615 0.209598 -0.068843 3
0.131952 -0.910217 -0.198883 0
0.052051 -0.310245 -0.157216 0
0.169468 0.571498 0.133335 3
0.268744 -0.425145 -0.261235 1
0.109255 -0.641545 -0.189070 1
0.093907 0.440179 0.011622 3
-0.012090 -0.123304 -0.079895 2
-0.351231 0.114368 0.146469 2
0.135762 -0.909334 -0.181303 0
0.047897 0.115512 -0.079386 3
-0.095717 0.014166 -0.032352 2
0.065887 0.021075 -0.110463 3
0.055452 -0.188070 -0.157980 3
0.079525 0.166635 -0.084824 3
0.132532 0.442041 0.011573 3
0.065222 -0.013632 -0.115431 3
0.148796 0.666124 0.307466 3
-0.448250 0.061909 0.243600 2
0.121774 0.496511 0.048460 3
0.065696 -0.206325 -0.137557 3
0.062646 0.776139 0.585362 3
0.104723 -0.647766 -0.172805 0
-0.182860 0.096620 0.077294 2
0.026228 -0.287943 -0.140620 2
-0.060574 -0.032471 -0.039702 2
0.120318 -0.642526 -0.175179 0
0.202028 -0.485138 -0.266212 1
0.138387 -0.586376 -0.161612 1
-0.016384 -0.116321 -0.078876 2
0.101272 0.483129 0.038112 3
0.121903 0.450648 0.021084 3
0.123330 0.690387 0.368186 3
-0.100810 0.026457 -0.018424 2
0.155369 0.546719 0.098668 3
0.075982 0.060191 -0.121814 3
0.097840 -0.621323 -0.169034 0
-0.435869 0.043413 0.259316 2
0.098234 0.170540 -0.110879 3
0.060489 -0.293786 -0.161408 3
-0.498304 -0.000631 0.301861 2
-0.056028 -0.049742 -0.067800 2
0.132018 -0.553587 -0.194111 1
0.149621 0.590104 0.148740 3
0.126520 -0.807529 -0.193276 0
0.126654 -0.889308 -0.212637 0
0.046250 0.095705 -0.081098 3
0.209225 -0.479443 -0.221009 1
-0.498610 0.013534 0.284034 2
0.151063 0.645986 0.271422 3
-0.383372 0.079885 0.221926 2
-0.474265 0.035092 0.269796 2
0.060824 -0.410476 -0.156990 0
-0.486637 0.043505 0.248369 2
0.059995 -0.161785 -0.138111 3
-0.503805 -0.006423 0.296107 2
-0.249965 0.105761 0.137574 2
0.052113 0.043764 -0.088815 3
-0.465997 0.036675 0.270836 2
0.143471 0.628440 0.213784 3
0.143267 0.667176 0.292013 3
-0.216892 0.104344 0.078187 2
0.176474 0.578280 0.148970 3
0.066666 -0.420642 -0.151639 0
0.104570 0.280935 -0.061883 3
-0.183269 0.093407 0.059731 2
0.123064 -0.559468 -0.195368 1
0.074632 0.097664 -0.105595 3
0.118106 -0.758981 -0.183015 0
0.061600 -0.055128 -0.119112 3
-0.337590 0.106544 0.188505 2
0.137096 -0.541176 -0.199421 1
-0.103034 0.023654 -0.032467 2
0.115608 -0.758894 -0.198736 0
0.082582 -0.447418 -0.169215 0
0.077063 -0.468803 -0.168449 0
0.147834 0.610814 0.175181 3
0.125903 0.507950 0.058029 3
0.115726 -0.685327 -0.183996 0
0.164920 0.613218 0.215827 3
-0.479613 0.022344 0.271752 2
0.066360 -0.027622 -0.119114 3
0.220388 -0.471642 -0.232201 1
-0.142586 0.071712 0.016040 2
-0.226695 0.111392 0.071023 2
-0.066975 -0.044338 -0.074286 2
0.064646 -0.270333 -0.138402 3
0.005810 -0.188191 -0.110972 2
-0.027355 -0.103758 -0.089287 2
0.030499 -0.227351 -0.109817 2
-0.244508 0.121039 0.065075 2
0.060393 -0.156597 -0.129846 3
0.132596 0.340634 -0.049559 3
-0.420020 0.054940 0.259213 2
-0.007669 -0.105441 -0.061330 2
0.120055 -0.855413 -0.205128 0
-0.392547 0.071149 0.230312 2
0.154426 0.629291 0.209203 3
-0.222226 0.106145 0.126100 2
0.092954 0.158893 -0.110096 3
0.140689 0.507673 0.062964 3
0.054818 -0.292637 -0.122741 0
0.148679 0.626823 0.197988 3
0.065868 -0.215813 -0.138732 3
0.108798 0.373066 -0.019082 3
0.060524 -0.266343 -0.159070 3
-0.519841 -0.014015 0.306785 2
0.112855 0.717483 0.379747 3
0.126603 0.695281 0.389245 3
0.126000 0.695352 0.340495 3
-0.501147 0.031250 0.262045 2
0.054951 -0.090351 -0.116262 3
-0.464147 0.043658 0.257217 2
0.155777 0.557267 0.110262 3
0.214403 -0.475527 -0.271262 1
0.074644 0.083455 -0.111880 3
-0.203601 0.102726 0.098653 2
0.167986 0.500813 0.062862 3
0.141799 -0.551085 -0.180832 1
0.076708 -0.431606 -0.167859 0
0.077111 0.323672 -0.034080 3
-0.012342 -0.107023 -0.072149 2
0.148006 0.634826 0.229435 3
0.004422 -0.143713 -0.083032 2
0.056698 0.771880 0.578993 3
0.137260 0.677526 0.285493 3
-0.293413 0.115526 0.165451 2
0.084055 0.179981 -0.089437 3
-0.521602 0.004415 0.279317 2
0.072684 -0.385971 -0.143563 0
0.054889 -0.006688 -0.094459 3
-0.493078 0.020787 0.275586 2
-0.356379 0.090960 0.217658 2
0.054774 -0.372130 -0.149643 0
0.076017 -0.337516 -0.152787 0
-0.009253 -0.099996 -0.055687 2
0.085105 0.097532 -0.129724 3
0.115778 0.709792 0.360427 3
0.072208 -0.006473 -0.142282 3
0.002113 -0.129174 -0.071384 2
0.097890 -0.629983 -0.171647 0
-0.484496 0.004537 0.289398 2
0.025500 -0.188586 -0.089726 2
-0.375870 0.103090 0.181401 2
0.086996 -0.558632 -0.170172 0
-0.406463 0.062469 0.239177 2
0.092504 0.429965 0.005937 3
0.150369 0.649939 0.292000 3
0.021517 -0.178388 -0.089399 2
0.092771 0.727332 0.429588 3
0.137392 0.668130 0.298828 3
0.117998 -0.818592 -0.191345 0
0.233829 -0.455808 -0.224809 1
-0.475283 0.051443 0.243835 2
0.059380 0.124215 -0.086631 3
-0.084181 0.014199 0.015087 2
-0.040122 -0.068144 -0.064811 2
-0.067669 -0.019646 -0.044327 2
-0.514222 0.015960 0.266272 2
0.114163 0.345322 -0.038794 3
0.109272 0.462850 0.026054 3
0.115722 0.400835 -0.006271 3
-0.143790 0.071851 0.027435 2
-0.479616 0.014084 0.285708 2
0.123593 -0.901376 -0.212095 0
0.081823 -0.475995 -0.171010 0
0.063563 -0.082927 -0.137780 3
0.051523 -0.110102 -0.115449 3
0.094217 0.723728 0.452673 3
0.121014 0.441615 0.015947 3
-0.470430 0.022092 0.286539 2
0.059323 0.030872 -0.102345 3
-0.293728 0.122190 0.114670 2
0.143673 0.644330 0.236794 3
0.063740 -0.376362 -0.149561 0
0.108011 0.505312 0.053790 3
-0.314318 0.114810 0.151528 2
-0.152502 0.081268 0.013575 2
0.139093 -0.559272 -0.177141 1
0.083209 0.147094 -0.101841 3
0.163835 0.538094 0.092789 3
-0.420521 0.065478 0.237682 2
0.058463 -0.006816 -0.106620 3
0.129986 -0.893721 -0.194433 0
-0.172244 0.091183 0.043371 2
0.076045 0.005331 -0.143380 3
0.075219 0.040318 -0.124031 3
0.070121 -0.344981 -0.146937 0
0.149402 0.663697 0.318977 3
-0.177844 0.096593 0.019431 2
-0.376837 0.090955 0.208285 2
0.065318 0.230597 -0.062166 3
0.073164 0.754457 0.512875 3
0.230802 -0.463972 -0.265335 1
0.029224 -0.260592 -0.122004 2
0.141227 0.675971 0.308424 3
0.082619 0.087703 -0.128798 3
0.063528 0.084012 -0.097127 3
-0.035534 -0.077380 -0.069512 2
0.099069 0.728774 0.445614 3
0.033235 -0.304255 -0.142910 2
0.080905 -0.427392 -0.158002 0
-0.309648 0.115784 0.169658 2
-0.116582 0.046281 0.000463 2
0.099903 0.330029 -0.039401 3
-0.508994 0.006116 0.286073 2
0.114452 -0.807226 -0.193430 0
0.105413 0.318797 -0.049131 3
0.105893 -0.613911 -0.192736 1
-0.100231 0.033338 0.008553 2
0.079392 0.130636 -0.102763 3
0.148553 0.583679 0.138978 3
-0.386484 0.065995 0.232870 2
0.121302 0.695961 0.359091 3
0.142459 0.672772 0.324490 3
0.056356 -0.155853 -0.156530 3
0.082980 0.191897 -0.079524 3
-0.150511 0.085453 0.075839 2
0.130802 0.689429 0.354085 3
0.067648 -0.392829 -0.164784 0
-0.535681 -0.028078 0.324025 2
0.096928 -0.551724 -0.170244 0
0.106798 -0.634309 -0.193097 1
0.127454 -0.823064 -0.197563 0
-0.190657 0.100963 0.108614 2
0.112436 -0.786429 -0.193343 0
0.064394 -0.211225 -0.149310 3
0.130371 -0.546628 -0.199664 1
0.077233 0.020870 -0.145354 3
0.237870 -0.450134 -0.280036 1
0.064818 -0.149428 -0.141878 3
0.066306 0.192310 -0.075744 3
0.235884 -0.459305 -0.260137 1
-0.116273 0.041512 -0.018480 2
-0.031943 -0.086079 -0.075028 2
0.066416 -0.234190 -0.148098 3
0.078151 0.032499 -0.144829 3
-0.245203 0.110848 0.124135 2
-0.470451 0.011853 0.298296 2
-0.403491 0.076752 0.225809 2
0.092448 -0.552129 -0.177658 0
0.071412 -0.408957 -0.155428 0
-0.100924 0.009930 -0.044161 2
0.155580 0.621563 0.202384 3
0.063300 -0.078034 -0.144818 3
0.092701 -0.470478 -0.164552 0
0.009916 -0.239436 -0.134141 2
0.094452 0.291333 -0.049179 3
0.100083 0.397823 -0.008425 3
-0.092753 0.014895 -0.012060 2
-0.188517 0.098859 0.092399 2
0.072675 0.110873 -0.097284 3
-0.370707 0.108751 0.165367 2
0.065491 -0.365336 -0.164000 0
0.113717 0.358686 -0.031551 3
-0.375852 0.081325 0.220881 2
0.135683 0.682723 0.292798 3
0.099077 -0.640739 -0.183532 0
-0.220905 0.112585 0.047502 2
0.093423 -0.607705 -0.177307 0
0.109433 0.235857 -0.084453 3
0.071702 -0.364130 -0.149283 0
-0.300450 0.115808 0.187609 2
-0.104425 0.039796 0.015877 2
0.060986 -0.090266 -0.156957 3
-0.051903 -0.034453 -0.038128 2
0.127324 0.386930 -0.021371 3
0.085887 -0.547435 -0.165871 0
0.081740 0.230457 -0.068446 3
0.076320 -0.476045 -0.161074 0
0.065772 0.290118 -0.039030 3
0.195924 -0.491662 -0.249499 1
0.078571 0.048916 -0.138258 3
-0.415488 0.049992 0.249414 2
0.068188 -0.445798 -0.161712 0
-0.092293 0.022890 0.015935 2
0.113638 0.326448 -0.048921 3
0.132973 0.676760 0.298441 3
0.055327 -0.117098 -0.162161 3
-0.125946 0.055068 0.015931 2
0.093272 0.342222 -0.029909 3
0.076822 0.111076 -0.105755 3
0.059637 0.246877 -0.052398 3
0.120622 0.284361 -0.066706 3
0.038081 -0.244013 -0.112450 2
-0.457930 0.065602 0.230939 2
0.141962 0.524259 0.076312 3
-0.426446 0.073948 0.230358 2
0.115317 -0.641529 -0.184361 0
0.060066 0.098004 -0.091568 3
0.131465 -0.917816 -0.215635 0
0.120620 -0.806464 -0.187283 0
-0.526967 -0.017448 0.297149 2
-0.011521 -0.166116 -0.112888 2
0.053772 -0.228418 -0.127724 3
0.151001 0.639859 0.252676 3
0.133102 -0.527256 -0.226691 1
0.081039 0.745658 0.485131 3
0.087284 0.207515 -0.082189 3
0.162779 -0.523193 -0.170285 1
0.088897 0.102721 -0.133789 3
-0.525642 -0.006967 0.297521 2
0.083420 0.728602 0.473581 3
0.147878 0.651369 0.231711 3
0.143866 0.595601 0.148951 3
-0.343839 0.115892 0.147090 2
0.128198 0.561491 0.097973 3
