0.328925 0.457929 -0.522745 1
-0.872405 0.375486 0.018898 2
0.250841 -0.653537 -0.418856 0
1.040529 0.226632 -0.484585 1
-0.209865 0.499001 -0.103161 2
0.070229 -0.084482 -0.440771 0
0.702545 0.423282 -0.350621 1
-0.018795 0.296893 -0.379505 0
-0.577876 0.473989 -0.231550 2
0.614382 0.391223 -0.651640 1
0.186108 -0.363761 -0.484771 0
0.222157 0.443696 -0.250539 3
-0.598172 0.467501 0.052220 2
-0.278566 0.494661 -0.370760 2
0.841767 0.309431 -0.598321 1
0.479259 0.486963 -0.350776 1
-0.428371 0.505356 -0.078738 2
0.112970 0.133009 -0.423083 0
0.896825 0.342730 -0.375952 1
-0.094497 0.462544 -0.276328 2
0.169753 0.337614 -0.456610 0
-0.746766 0.447506 -0.122186 2
0.504514 0.447269 -0.520626 1
-0.403958 0.508516 -0.252502 2
0.720285 0.398605 -0.515378 1
0.173065 -0.506019 -0.403373 0
0.094025 0.342756 -0.265791 3
0.093761 -0.240963 -0.453329 0
-0.741780 0.440569 0.032899 2
-0.613312 0.496884 -0.088713 2
-0.233030 0.503371 -0.239943 2
0.936403 0.310857 -0.503921 1
0.345356 0.475730 -0.391791 1
0.592828 0.460138 -0.414897 1
0.466396 0.429393 -0.645016 1
-0.326195 0.513371 -0.150378 2
0.112044 0.251234 -0.391152 0
0.726058 0.350668 -0.627490 1
-0.157403 0.472393 -0.379420 2
0.833453 0.369052 -0.475725 1
-0.483586 0.495001 0.027799 2
0.182977 0.385696 -0.347563 3
0.246238 0.425846 -0.441627 0
0.127345 0.018787 -0.437946 0
-0.066056 0.402217 -0.371769 0
-0.323743 0.495340 -0.038947 2
0.614120 0.426799 -0.536354 1
0.988740 0.286813 -0.405258 1
-0.485060 0.509030 -0.174467 2
0.322796 0.475156 -0.282743 3
-0.135668 0.500658 -0.185443 2
0.797899 0.387893 -0.374385 1
0.029545 0.186722 -0.392592 0
0.420793 0.468880 -0.462702 1
0.142557 -0.152107 -0.470008 0
-0.662631 0.476317 -0.174623 2
-0.819530 0.404792 -0.069253 2
-0.696032 0.479088 -0.041311 2
0.415844 0.451052 -0.567954 1
-0.521258 0.501116 -0.068619 2
0.969824 0.245670 -0.560850 1
0.226863 -0.560573 -0.454697 0
0.677310 0.431172 -0.438647 1
-0.314354 0.503892 -0.286869 2
0.049924 0.066746 -0.417671 0
0.137225 -0.431897 -0.443112 0
-0.490784 0.482768 -0.264064 2
0.254654 0.447150 -0.335049 3
0.545545 0.426211 -0.596817 1
0.506978 0.472044 -0.433511 1
0.200934 -0.588438 -0.377326 0
0.163575 -0.275714 -0.488718 0
0.785351 0.360179 -0.560088 1
0.126594 -0.332439 -0.435463 0
-0.215796 0.479663 -0.318311 2
0.153136 0.403139 -0.268508 3
0.206637 -0.484161 -0.474329 0
0.754346 0.404260 -0.441752 1
0.083463 0.289430 -0.325720 3
-0.399887 0.502359 -0.003662 2
-0.406972 0.511295 -0.157160 2
-0.561160 0.494815 -0.154910 2
0.671160 0.394084 -0.581276 1
-0.027625 0.372186 -0.311307 0
0.142624 0.326281 -0.374643 3
-0.801592 0.397044 0.050557 2
0.629008 0.459682 -0.348800 1
-0.249037 0.508069 -0.166877 2
-0.582725 0.485249 -0.018631 2
-0.670274 0.463710 0.034566 2
0.869838 0.333591 -0.534192 1
0.910811 0.283224 -0.584396 1
0.057091 -0.013204 -0.429331 0
-0.766066 0.444296 -0.038352 2
-0.163987 0.483063 -0.265748 2
-0.376734 0.484803 -0.318600 2
0.897580 0.342212 -0.451710 1
0.057666 0.310475 -0.389698 0
-0.301264 0.511848 -0.217121 2
0.120267 -0.041278 -0.475362 0
0.217627 0.382413 -0.489754 0
0.559961 0.474862 -0.352309 1
-0.280851 0.498898 -0.098100 2
0.420504 0.488127 -0.389651 1
0.089356 -0.149388 -0.424863 0
0.566367 0.443688 -0.488757 1
0.051097 0.243609 -0.425727 0
0.306635 0.456690 -0.452361 1
-0.005174 0.364050 -0.377832 0
0.269957 0.421857 -0.507489 1
0.075145 0.127731 -0.367907 0
0.998694 0.276814 -0.470607 1
0.352907 0.436698 -0.582367 1
-0.108580 0.447837 -0.338850 2
-0.678820 0.474053 -0.103890 2
-0.365124 0.503085 -0.093458 2
0.856637 0.377870 -0.415687 1
0.099242 0.198051 -0.425636 0
0.193579 0.440053 -0.314238 3
0.136704 0.266333 -0.448855 0
0.197665 -0.422287 -0.460032 0
0.145490 -0.214657 -0.480395 0
0.484853 0.438352 -0.583416 1
0.130850 0.356809 -0.320969 3
-0.822197 0.416099 -0.007542 2
0.960216 0.326602 -0.444141 1
0.778052 0.316046 -0.626880 1
0.203362 0.380554 -0.427498 0
0.629367 0.437213 -0.477926 1
0.261554 0.479689 -0.279088 3
0.524201 0.414530 -0.654042 1
0.782526 0.384594 -0.503313 1
-0.361183 0.509068 -0.210585 2
0.387744 0.458221 -0.512974 1
-0.056301 0.424437 -0.312637 2
0.726643 0.374063 -0.573131 1
0.104156 0.075541 -0.439488 0
-0.467225 0.500984 -0.034542 2
0.135664 -0.096397 -0.453429 0
0.363946 0.475991 -0.450766 1
-0.191214 0.506638 -0.158201 2
-0.476267 0.510890 -0.111789 2
-0.523378 0.494606 -0.217110 2
0.670935 0.365577 -0.635622 1
0.085696 0.023755 -0.395738 0
0.610464 0.410082 -0.597468 1
-0.540090 0.485803 0.023991 2
-0.159334 0.468224 -0.321887 2
0.008461 0.247315 -0.386491 0
-0.642600 0.478038 -0.021920 2
0.132017 -0.376148 -0.472480 0
-0.220865 0.483610 -0.374485 2
0.251902 -0.587557 -0.411896 0
0.243120 -0.625062 -0.369291 0
-0.089183 0.477056 -0.222276 2
0.444921 0.453506 -0.511003 1
-0.428728 0.482696 -0.297898 2
-0.441950 0.503525 -0.211869 2
-0.615423 0.487067 -0.144694 2
0.101622 -0.297866 -0.471210 0
0.178429 -0.556941 -0.423613 0
0.740031 0.408179 -0.387989 1
0.665145 0.414215 -0.521040 1
-0.259993 0.498792 -0.288262 2
0.953020 0.320238 -0.382349 1
0.556706 0.436791 -0.541328 1
0.098666 -0.189958 -0.468412 0
-0.708253 0.449796 -0.166406 2
-0.179136 0.495569 -0.215879 2
0.146727 -0.328407 -0.490141 0
0.651205 0.442958 -0.393865 1
1.006764 0.240137 -0.523525 1
0.100528 -0.043833 -0.426114 0
0.128971 -0.275117 -0.432293 0
0.128218 0.366911 -0.234068 3
0.017820 0.326951 -0.348706 0
0.045403 0.140007 -0.409516 0
-0.561213 0.495310 -0.102986 2
-0.319370 0.483497 -0.340909 2
-0.039358 0.335036 -0.351527 0
0.807336 0.384871 -0.428558 1
-0.623473 0.469003 -0.209525 2
0.972399 0.279542 -0.521067 1
0.214534 -0.510795 -0.431733 0
0.191297 0.344934 -0.375804 3
0.827958 0.360287 -0.527920 1
0.546015 0.471689 -0.401999 1
-0.780728 0.432297 -0.083973 2
0.458453 0.477757 -0.427864 1
0.480982 0.466069 -0.480004 1
0.842205 0.369363 -0.364086 1
0.715898 0.416471 -0.469496 1
0.087990 0.085619 -0.389304 0
1.032767 0.253830 -0.444455 1
0.572208 0.409119 -0.635201 1
-0.518798 0.493582 -0.018828 2
0.105163 -0.208214 -0.419647 0
-0.723518 0.470964 -0.085809 2
0.174485 -0.459958 -0.431479 0
-0.357533 0.506655 -0.264464 2
-0.373957 0.505430 -0.043810 2
0.416029 0.430107 -0.611021 1
0.151242 0.302051 -0.415003 0
0.165450 -0.361683 -0.441794 0
-0.711117 0.461986 0.000502 2
0.171104 -0.520339 -0.452931 0
0.088028 -0.120382 -0.465843 0
-0.693373 0.438568 0.066735 2
0.084063 0.168439 -0.388862 0
-0.134280 0.486848 -0.229922 2
0.908991 0.307694 -0.545086 1
-0.783729 0.427157 0.019447 2
-0.514114 0.506710 -0.137518 2
0.096996 -0.003273 -0.464342 0
0.559871 0.462126 -0.446649 1
0.118659 -0.258977 -0.488404 0
0.110753 -0.106084 -0.416343 0
-0.113226 0.421392 -0.375520 0
0.083594 0.035118 -0.439252 0
-0.566753 0.498439 -0.058539 2
-0.652646 0.479522 -0.067889 2
0.759204 0.348430 -0.597388 1
0.488333 0.485620 -0.395386 1
0.173142 -0.417809 -0.417105 0
-0.209136 0.492134 -0.275822 2
-0.758433 0.413276 0.063912 2
-0.441307 0.489256 0.006004 2
0.219668 0.421683 -0.345167 3
-0.613696 0.481909 0.012790 2
-0.599274 0.498067 -0.186562 2
0.047895 0.268595 -0.379807 0
0.823350 0.339239 -0.567964 1
0.701204 0.426931 -0.397101 1
0.869919 0.348372 -0.489084 1
0.634766 0.447076 -0.435420 1
0.225527 -0.604003 -0.442248 0
0.523388 0.458739 -0.474724 1
-0.323812 0.507952 -0.107579 2
0.156804 0.399992 -0.311415 3
0.152284 -0.302893 -0.455558 0
0.354531 0.452829 -0.485613 1
0.131710 0.225742 -0.421395 0
0.213140 -0.622644 -0.399746 0
-0.453481 0.503407 -0.265974 2
-0.283931 0.512023 -0.142636 2
-0.261434 0.489744 -0.332000 2
0.161582 -0.409580 -0.478894 0
-0.835988 0.373103 0.040889 2
0.457558 0.449341 -0.551467 1
0.100884 0.327513 -0.304958 3
0.222371 0.466005 -0.288491 3
0.221245 -0.556075 -0.412756 0
0.675602 0.425344 -0.481511 1
-0.452222 0.505493 -0.145889 2
0.384023 0.481216 -0.409399 1
0.517911 0.475607 -0.362486 1
0.921758 0.328831 -0.420181 1
-0.370417 0.511056 -0.136677 2
-0.215539 0.504715 -0.197354 2
-0.404879 0.509959 -0.113018 2
-0.246562 0.506565 -0.121503 2
-0.273786 0.502009 -0.249107 2
0.186620 0.435749 -0.273417 3
0.520653 0.436965 -0.561825 1
0.752901 0.380096 -0.541713 1
-0.034492 0.384914 -0.349992 0
0.277210 -0.634806 -0.390177 0
0.509637 0.430456 -0.619103 1
-0.735872 0.472204 -0.034684 2
0.122335 -0.122970 -0.490198 0
-0.273849 0.494144 -0.058236 2
0.081208 0.106720 -0.426902 0
0.126660 0.372050 -0.283455 3
-0.610959 0.493695 -0.046538 2
-0.399712 0.513104 -0.198506 2
-0.130656 0.472772 -0.293607 2
-0.483240 0.498369 -0.219323 2
0.870789 0.314546 -0.569732 1
0.284627 0.464661 -0.314546 3
0.305499 0.442822 -0.490121 1
0.299262 0.428647 -0.534204 1
0.639386 0.393091 -0.620227 1
-0.531036 0.484695 -0.255203 2
-0.426719 0.503169 -0.033174 2
0.371294 0.454704 -0.551945 1
0.581458 0.422797 -0.573289 1
0.792024 0.390282 -0.465051 1
-0.557029 0.494004 -0.195870 2
-0.263728 0.505477 -0.205612 2
-0.664111 0.489928 -0.137287 2
0.176417 0.346445 -0.418441 0
0.100611 -0.080779 -0.466108 0
0.775621 0.395029 -0.407014 1
0.964226 0.300708 -0.477750 1
0.454719 0.441768 -0.608587 1
0.595638 0.462470 -0.369102 1
-0.475404 0.506647 -0.072413 2
0.125727 -0.186438 -0.498724 0
0.636087 0.407658 -0.568239 1
0.866530 0.367939 -0.451921 1
0.281731 0.450051 -0.423395 1
0.062092 0.209027 -0.412110 0
0.137204 -0.386790 -0.433299 0
0.947191 0.276038 -0.553554 1
0.906090 0.330407 -0.490316 1
0.009836 0.321360 -0.387226 0
0.388824 0.485038 -0.368195 1
-0.521753 0.497960 -0.175031 2
-0.184679 0.479609 -0.353490 2
0.332852 0.471076 -0.428420 1
0.162791 -0.462836 -0.467830 0
0.240110 0.415612 -0.484324 0
0.703607 0.394131 -0.550112 1
-0.292650 0.513286 -0.179718 2
0.385245 0.450166 -0.597361 1
0.003413 0.292029 -0.344529 0
0.747437 0.398485 -0.488850 1
-0.635985 0.467176 0.052875 2
0.094704 -0.006468 -0.416529 0
0.592209 0.448427 -0.460525 1
0.662022 0.442564 -0.354996 1
0.887709 0.349161 -0.411903 1
-0.749323 0.453813 -0.004733 2
-0.041013 0.372027 -0.385829 0
-0.350111 0.505103 -0.301556 2
0.701197 0.372822 -0.600721 1
0.083900 0.276082 -0.391120 0
0.119787 -0.163703 -0.441473 0
0.130834 -0.236082 -0.450773 0
-0.323314 0.510974 -0.247389 2
0.130762 -0.198751 -0.449929 0
0.217579 -0.468331 -0.442334 0
-0.370665 0.507180 -0.173752 2
-0.706969 0.469538 -0.127692 2
0.150029 0.360374 -0.352475 3
0.082646 -0.157749 -0.460329 0
-0.247147 0.501151 -0.082661 2
-0.749338 0.448578 -0.070888 2
0.158085 0.303058 -0.451504 0
0.796436 0.334527 -0.592430 1
0.825276 0.375992 -0.396866 1
0.758818 0.401083 -0.357504 1
-0.333694 0.515308 -0.185975 2
0.273137 0.437334 -0.463283 1
0.718012 0.419490 -0.433359 1
0.051952 0.164888 -0.372307 0
-0.385936 0.504941 -0.286777 2
0.206929 -0.589690 -0.414854 0
0.127659 -0.020378 -0.429956 0
0.156235 -0.493442 -0.434309 0
-0.671024 0.473664 0.000067 2
0.123060 0.171236 -0.424085 0
0.078210 0.148829 -0.420921 0
0.454857 0.486830 -0.377002 1
0.033656 0.222287 -0.393584 0
-0.332485 0.506864 -0.071652 2
0.175005 -0.334944 -0.466772 0
-0.827332 0.404027 0.025661 2
0.190936 0.369735 -0.470028 0
-0.157339 0.496611 -0.156034 2
0.288015 0.475496 -0.256088 3
-0.125873 0.454306 -0.375917 2
-0.083025 0.425244 -0.347337 0
0.586978 0.432700 -0.515019 1
-0.648235 0.490972 -0.103721 2
-0.790520 0.440789 -0.013650 2
-0.084601 0.450831 -0.307634 2
0.981762 0.289217 -0.439239 1
0.188023 -0.439999 -0.488350 0
0.219202 0.401024 -0.460437 0
-0.485760 0.490955 -0.006639 2
0.017950 0.262319 -0.355105 0
0.045824 0.100782 -0.412400 0
-0.694675 0.490114 -0.077582 2
0.052545 0.026999 -0.426219 0
-0.574266 0.483867 0.014910 2
0.170274 -0.395721 -0.445568 0
0.118905 -0.127256 -0.442296 0
0.125885 -0.059620 -0.443212 0
0.171914 -0.346265 -0.510698 0
0.535093 0.440795 -0.502514 1
0.133498 -0.292013 -0.486804 0
0.387942 0.471546 -0.474802 1
0.248780 -0.622219 -0.404226 0
0.420500 0.478998 -0.422505 1
0.263515 -0.643436 -0.448843 0
0.222044 0.453642 -0.327116 3
0.099401 0.054756 -0.412930 0
0.056166 0.174972 -0.410279 0
-0.195037 0.499634 -0.245776 2
1.008391 0.264073 -0.421202 1
-0.595054 0.496898 -0.117400 2
0.413971 0.457080 -0.534553 1
-0.124002 0.474630 -0.259864 2
-0.000475 0.354585 -0.341558 0
0.186503 -0.539447 -0.395752 0
0.121419 0.269301 -0.418776 0
-0.182727 0.480473 -0.300678 2
0.880427 0.286952 -0.598854 1
0.080161 0.238283 -0.409219 0
0.089701 -0.037991 -0.457635 0
1.019250 0.252688 -0.488189 1
0.110598 -0.223380 -0.476799 0
0.093753 0.125393 -0.395767 0
0.201027 -0.531953 -0.462487 0
-0.513968 0.508728 -0.104092 2
0.120428 -0.345095 -0.465703 0
-0.441621 0.508290 -0.178969 2
-0.299976 0.500979 -0.320429 2
0.072431 -0.122440 -0.436656 0
0.177956 0.415631 -0.331528 3
-0.724878 0.428655 0.065367 2
-0.218523 0.501267 -0.140369 2
0.148202 -0.268583 -0.458284 0
0.187985 -0.492522 -0.447594 0
0.330857 0.445480 -0.553165 1
-0.701572 0.453695 0.035512 2
-0.849972 0.400917 0.000475 2
-0.395930 0.504682 -0.075212 2
-0.249825 0.473881 -0.363121 2
0.453116 0.472840 -0.461293 1
0.935396 0.319375 -0.472518 1
-0.796733 0.413424 -0.105086 2
-0.068146 0.443636 -0.278727 2
-0.107017 0.494490 -0.201525 2
0.069625 -0.051576 -0.431954 0
0.020669 0.285998 -0.381943 0
0.959983 0.306171 -0.410643 1
-0.550940 0.496289 -0.018424 2
-0.563732 0.481945 0.045550 2
0.749614 0.332853 -0.640366 1
0.414777 0.463949 -0.493960 1
0.252830 0.464309 -0.252206 3
0.135846 0.284155 -0.393172 0
-0.436814 0.506507 -0.111692 2
0.193835 -0.456050 -0.460061 0
0.621815 0.455158 -0.390077 1
0.873893 0.365920 -0.365014 1
-0.083339 0.428007 -0.384426 0
0.173937 -0.309527 -0.485908 0
0.810749 0.370815 -0.498156 1
-0.033173 0.405232 -0.325639 0
0.195537 -0.389325 -0.463671 0
0.101838 -0.075796 -0.430298 0
0.086145 -0.210961 -0.444738 0
-0.187019 0.503375 -0.124489 2
-0.143529 0.463849 -0.351596 2
0.158648 -0.243077 -0.483335 0
0.392823 0.481125 -0.439712 1
0.937580 0.299133 -0.532923 1
0.473677 0.450892 -0.524533 1
0.580019 0.413993 -0.603510 1
0.633013 0.423313 -0.505677 1
0.806358 0.304248 -0.621048 1
-0.644776 0.471699 0.016822 2
0.121766 -0.304283 -0.448320 0
-0.192421 0.479006 -0.386273 2
0.212929 -0.613542 -0.363374 0
0.540374 0.419245 -0.627874 1
0.168415 -0.432502 -0.457269 0
-0.074334 0.459801 -0.252810 2
-0.632836 0.482198 -0.183035 2
0.051621 0.297796 -0.362032 0
0.669213 0.405303 -0.550242 1
0.247353 0.467816 -0.313559 3
0.092546 -0.183330 -0.433008 0
-0.174304 0.503310 -0.186631 2
0.106006 0.094272 -0.414015 0
0.653447 0.436883 -0.459092 1
-0.792939 0.426166 -0.056644 2
0.691280 0.409621 -0.502497 1
0.423680 0.487830 -0.359296 1
-0.482259 0.504772 -0.141076 2
-0.066013 0.372610 -0.364874 0
-0.431281 0.502410 -0.240681 2
0.895584 0.328100 -0.519043 1
-0.331599 0.511375 -0.217326 2
-0.505681 0.503230 -0.240103 2
0.445450 0.444610 -0.578766 1
0.100055 0.042370 -0.463428 0
0.757092 0.369044 -0.569400 1
-0.651941 0.464783 -0.200707 2
0.495941 0.416300 -0.643878 1
0.830234 0.374356 -0.444949 1
-0.238873 0.492436 -0.267857 2
-0.733144 0.443112 -0.150964 2
-0.499671 0.502568 -0.040122 2
0.334968 0.461418 -0.460987 1
-0.302715 0.505696 -0.069086 2
0.491548 0.440066 -0.554374 1
-0.541758 0.501078 -0.127809 2
-0.018782 0.329553 -0.372389 0
0.225372 0.401582 -0.431331 0
0.132464 0.331600 -0.347248 3
-0.384988 0.517743 -0.231638 2
0.787283 0.371490 -0.532743 1
0.080229 0.307512 -0.297863 3
0.154284 0.327851 -0.433341 0
-0.554761 0.492084 -0.234664 2
0.075658 0.075925 -0.428780 0
-0.512991 0.486838 0.012537 2
-0.093464 0.400208 -0.358653 0
0.153232 -0.355879 -0.470971 0
0.479710 0.473551 -0.448979 1
0.185298 -0.390720 -0.496166 0
0.113078 -0.247696 -0.430624 0
0.107603 -0.156300 -0.475520 0
0.161039 0.333392 -0.397264 3
-0.233227 0.485684 -0.342144 2
0.306443 0.467622 -0.416450 1
0.225929 -0.596225 -0.393689 0
-0.117580 0.452074 -0.311432 2
0.849806 0.332444 -0.557941 1
-0.860480 0.357439 0.041553 2
0.574540 0.465689 -0.392989 1
0.924735 0.326483 -0.384237 1
0.228360 -0.647160 -0.396743 0
0.291129 0.481207 -0.291635 3
-0.056357 0.395502 -0.311162 2
0.119267 -0.268729 -0.459592 0
-0.683711 0.471028 -0.155488 2
0.133493 -0.359807 -0.443080 0
0.867275 0.358392 -0.392056 1
-0.539187 0.499353 -0.044566 2
0.109039 0.365481 -0.255530 3
0.202352 -0.563643 -0.391892 0
0.728312 0.412234 -0.357171 1
0.609185 0.417632 -0.566335 1
-0.612719 0.485509 -0.015710 2
-0.665871 0.480521 -0.038525 2
-0.346821 0.482212 -0.332655 2
0.206863 -0.546781 -0.435781 0
0.149115 -0.180436 -0.462210 0
0.173156 0.421242 -0.301242 3
0.923893 0.331372 -0.448652 1
0.987825 0.255371 -0.538510 1
0.985550 0.279924 -0.495735 1
0.107459 0.240294 -0.417732 0
-0.585487 0.493159 -0.084047 2
0.184119 0.363783 -0.439956 0
-0.501956 0.498131 -0.198059 2
0.514895 0.476943 -0.399711 1
0.122165 -0.014807 -0.458814 0
-0.056229 0.402123 -0.344675 0
-0.287377 0.498998 -0.273652 2
0.606825 0.438473 -0.495903 1
0.697480 0.358139 -0.629995 1
0.082054 0.001864 -0.440235 0
-0.239572 0.493509 -0.313056 2
-0.722700 0.462006 -0.057183 2
0.670378 0.382756 -0.613533 1
0.080279 0.058766 -0.390432 0
0.284800 0.445015 -0.512493 1
0.116085 0.000648 -0.484389 0
0.140168 -0.409973 -0.460200 0
0.164382 -0.381492 -0.470187 0
-0.429899 0.506330 -0.280598 2
-0.217620 0.503856 -0.169545 2
0.235572 -0.540446 -0.430889 0
0.839288 0.358419 -0.502523 1
-0.463991 0.497180 -0.240954 2
-0.308880 0.503442 -0.130590 2
-0.641922 0.495032 -0.153153 2
-0.351919 0.507602 -0.237331 2
-0.588781 0.493411 -0.155676 2
-0.656947 0.452057 0.062694 2
-0.599114 0.482764 -0.216240 2
0.680845 0.435273 -0.380445 1
0.533103 0.465533 -0.439515 1
0.239878 -0.625254 -0.432222 0
1.009785 0.276890 -0.445494 1
-0.374528 0.502499 -0.014096 2
0.148476 0.381078 -0.334576 3
0.027952 0.162053 -0.404416 0
-0.637019 0.483088 -0.128343 2
0.734253 0.359425 -0.599245 1
0.449351 0.486914 -0.403770 1
0.611151 0.403181 -0.623886 1
-0.468479 0.502943 -0.196851 2
0.115260 0.321188 -0.327196 3
0.245061 0.401248 -0.506868 0
-0.360054 0.500550 -0.066892 2
0.108836 0.174959 -0.397863 0
-0.099659 0.479800 -0.249023 2
0.501549 0.454115 -0.493063 1
0.638827 0.416998 -0.542920 1
-0.778065 0.416463 0.043719 2
0.136123 0.291017 -0.434616 0
-0.775696 0.432956 -0.110596 2
-0.425621 0.509655 -0.136144 2
0.114021 0.350029 -0.292819 3
0.358991 0.459596 -0.511429 1
-0.029176 0.356651 -0.333393 0
0.551129 0.412930 -0.652890 1
0.153394 -0.331415 -0.450979 0
0.138747 0.375937 -0.259713 3
-0.692782 0.474226 0.020555 2
0.143379 -0.262020 -0.499953 0
-0.157107 0.477362 -0.293043 2
-0.047487 0.347462 -0.377142 0
0.809065 0.356408 -0.546558 1
0.514683 0.433096 -0.592904 1
-0.297047 0.496508 -0.040256 2
-0.446202 0.506233 -0.051199 2
0.484196 0.435738 -0.612900 1
0.179602 -0.512452 -0.428440 0
0.105115 0.023407 -0.424076 0
0.590303 0.427161 -0.548181 1
-0.165638 0.488531 -0.239785 2
0.163507 0.345004 -0.369462 3
-0.400886 0.489045 -0.308374 2
-0.326091 0.498057 -0.310454 2
0.930144 0.265396 -0.580887 1
-0.350524 0.507599 -0.119502 2
-0.153997 0.493994 -0.203382 2
0.232342 -0.575542 -0.433536 0
-0.456528 0.508726 -0.094159 2
1.031614 0.246880 -0.510837 1
-0.744924 0.458103 -0.095159 2
0.118735 -0.103367 -0.472858 0
0.446930 0.423841 -0.628072 1
0.062648 0.258152 -0.399036 0
-0.404414 0.500039 -0.050692 2
-0.286125 0.497586 -0.342587 2
0.330656 0.463837 -0.487354 1
0.368352 0.486619 -0.384690 1
-0.347342 0.503779 -0.031006 2
0.439905 0.459744 -0.485984 1
0.118731 -0.186951 -0.429328 0
0.071136 0.102956 -0.379208 0
0.092344 -0.257935 -0.473239 0
0.208891 -0.532704 -0.413814 0
0.042386 0.323316 -0.356877 0
0.122713 0.044377 -0.435589 0
0.144887 -0.468108 -0.449611 0
-0.351218 0.507852 -0.154699 2
0.097004 -0.113834 -0.438403 0
-0.568793 0.504850 -0.132201 2
0.121312 0.195807 -0.412264 0
0.634145 0.374700 -0.653630 1
1.001993 0.259380 -0.506195 1
-0.808541 0.418313 0.015204 2
0.869330 0.356828 -0.428304 1
0.203438 0.455211 -0.274233 3
0.750243 0.390322 -0.513068 1
0.770731 0.397271 -0.381933 1
0.125604 -0.160907 -0.493177 0
0.666461 0.435977 -0.413224 1
0.204622 0.399341 -0.348457 3
0.417203 0.449487 -0.594337 1
0.360713 0.482595 -0.419849 1
0.351553 0.456269 -0.535759 1
-0.298819 0.504638 -0.243896 2
-0.500286 0.512587 -0.077594 2
0.085987 0.181545 -0.411463 0
0.080066 0.066643 -0.452035 0
0.551119 0.430292 -0.572362 1
0.133080 -0.236567 -0.483798 0
-0.626036 0.487177 -0.065924 2
0.098932 -0.139433 -0.452204 0
0.181339 -0.479795 -0.471247 0
-0.446803 0.497993 -0.017120 2
0.163350 -0.474465 -0.414007 0
0.143786 -0.416965 -0.423793 0
-0.011582 0.331883 -0.341776 0
-0.021739 0.352744 -0.393212 0
0.698449 0.403261 -0.527214 1
-0.548226 0.504950 -0.083685 2
0.105085 0.017619 -0.449599 0
-0.730724 0.451784 0.013292 2
0.230677 -0.607553 -0.416912 0
0.071831 -0.000517 -0.407997 0
-0.098772 0.439006 -0.364936 0
-0.411884 0.512123 -0.220452 2
0.589770 0.394225 -0.647803 1
0.467929 0.459354 -0.501626 1
-0.423995 0.519018 -0.196674 2
0.722918 0.418286 -0.406124 1
-0.052743 0.357557 -0.349896 0
0.749117 0.406935 -0.411286 1
0.925590 0.287089 -0.559723 1
0.543057 0.474829 -0.377340 1
0.547723 0.456439 -0.469391 1
0.204443 -0.570589 -0.442999 0
0.167221 -0.322076 -0.506720 0
0.638330 0.400162 -0.596335 1
0.139974 0.375124 -0.306815 3
-0.766217 0.433367 -0.133579 2
0.108450 -0.320411 -0.463287 0
0.770883 0.393349 -0.482427 1
0.124815 -0.185697 -0.470164 0
0.136120 -0.322934 -0.466614 0
-0.380193 0.511794 -0.112012 2
-0.271748 0.496619 -0.309961 2
-0.270918 0.502224 -0.122409 2
-0.297584 0.483322 -0.359697 2
-0.235736 0.508372 -0.215861 2
0.616174 0.445109 -0.455440 1
0.501930 0.466381 -0.457103 1
0.484832 0.479437 -0.425474 1
0.091132 -0.090008 -0.413189 0
0.065450 0.127112 -0.415922 0
0.186319 -0.410430 -0.481371 0
0.122185 -0.222004 -0.430902 0
0.650071 0.429371 -0.489126 1
-0.678452 0.481906 -0.061123 2
0.736902 0.410531 -0.458338 1
0.111601 -0.004349 -0.439351 0
0.081709 -0.064800 -0.449745 0
0.433173 0.478380 -0.443420 1
0.865550 0.345244 -0.513168 1
0.137552 -0.119889 -0.459654 0
0.564465 0.466853 -0.423184 1
-0.208428 0.503695 -0.220643 2
-0.205483 0.481845 -0.340993 2
-0.449548 0.483730 -0.279800 2
-0.458691 0.485410 0.022601 2
0.814847 0.382316 -0.357844 1
0.697811 0.424612 -0.449975 1
-0.259804 0.507848 -0.145069 2
0.179255 0.326088 -0.431429 0
0.188727 -0.442476 -0.440527 0
0.438649 0.451616 -0.534383 1
-0.026649 0.363170 -0.366564 0
-0.226186 0.484567 -0.291340 2
0.090591 -0.036679 -0.405168 0
-0.130706 0.458821 -0.331733 2
-0.186289 0.479158 -0.324549 2
0.780262 0.390217 -0.354993 1
-0.691654 0.474150 -0.018063 2
0.915810 0.315332 -0.522366 1
-0.268787 0.507310 -0.180746 2
0.039077 0.249357 -0.391430 0
0.395327 0.454879 -0.549746 1
-0.332758 0.502678 -0.267989 2
0.898192 0.300810 -0.565538 1
0.611476 0.452578 -0.432595 1
0.535927 0.441709 -0.530175 1
0.856761 0.292279 -0.606143 1
-0.087416 0.434470 -0.325027 2
-0.521276 0.483074 0.038706 2
-0.382971 0.511657 -0.263791 2
0.696853 0.384643 -0.580264 1
0.068322 0.052437 -0.423412 0
-0.278207 0.508018 -0.224535 2
0.763906 0.332679 -0.617018 1
-0.610251 0.486949 -0.168424 2
0.000529 0.269871 -0.385453 0
0.193854 -0.473977 -0.431900 0
0.382685 0.453601 -0.572940 1
-0.532592 0.497081 -0.153773 2
0.212019 -0.505995 -0.466324 0
0.556323 0.438864 -0.513233 1
0.352545 0.455568 -0.567806 1
0.171314 0.418160 -0.265096 3
0.158468 0.321460 -0.469913 0
0.177190 -0.540542 -0.441975 0
0.104139 -0.132196 -0.417730 0
0.714289 0.418663 -0.375217 1
-0.760587 0.439369 0.018473 2
0.880318 0.351861 -0.464818 1
0.274353 0.432885 -0.486551 1
-0.587366 0.494043 -0.044238 2
0.967442 0.302706 -0.454381 1
-0.850963 0.383076 0.025454 2
0.200612 -0.566200 -0.418424 0
-0.502115 0.506948 -0.158236 2
0.305136 0.452500 -0.521924 1
0.116660 -0.099549 -0.439758 0
0.100386 0.153799 -0.427345 0
0.225055 -0.525522 -0.446888 0
0.396462 0.488692 -0.390805 1
-0.068981 0.423815 -0.292768 2
0.967222 0.294628 -0.500293 1
0.029069 0.304047 -0.359705 0
0.077118 0.141527 -0.386850 0
0.158936 -0.444082 -0.423868 0
-0.729147 0.462042 -0.116725 2
0.122371 -0.141046 -0.465371 0
0.785567 0.391653 -0.433931 1
0.797803 0.389608 -0.401853 1
0.071811 -0.029119 -0.438195 0
-0.701879 0.473692 -0.099918 2
-0.763310 0.461759 -0.021727 2
-0.617707 0.495499 -0.123009 2
-0.570410 0.490736 -0.217046 2
0.128199 0.247245 -0.438404 0
-0.701301 0.468323 -0.072402 2
0.781857 0.347001 -0.579033 1
0.708161 0.345893 -0.646701 1
-0.632836 0.481109 -0.000839 2
-0.401267 0.501529 -0.026908 2
-0.239257 0.503597 -0.193328 2
-0.744338 0.428310 0.052491 2
0.188607 0.346693 -0.468186 0
0.883358 0.321348 -0.548565 1
-0.635977 0.490326 -0.045180 2
0.730090 0.389706 -0.534426 1
-0.188937 0.486173 -0.263657 2
0.197099 0.425485 -0.341388 3
0.814605 0.317940 -0.604245 1
-0.626032 0.472679 0.030437 2
-0.313103 0.514315 -0.196542 2
0.101119 -0.058177 -0.461084 0
0.586452 0.456524 -0.439651 1
0.146843 0.392547 -0.288051 3
-0.300876 0.509989 -0.106209 2
0.489073 0.484202 -0.371463 1
0.165326 -0.341554 -0.486785 0
-0.593986 0.482673 0.026688 2
-0.205565 0.489727 -0.300080 2
0.241269 0.470784 -0.270985 3
-0.460524 0.511478 -0.222753 2
-0.553048 0.484991 0.005069 2
0.150445 -0.297059 -0.501407 0
-0.569096 0.496004 -0.176485 2
0.116639 -0.034918 -0.449344 0
0.645250 0.450797 -0.368241 1
-0.593904 0.488797 0.003561 2
0.904701 0.341662 -0.429962 1
0.811938 0.379133 -0.466585 1
0.103740 0.302085 -0.322186 3
0.723554 0.406816 -0.488743 1
0.062826 0.284740 -0.389585 0
0.214136 -0.490508 -0.449702 0
0.330700 0.463341 -0.407099 1
0.083960 0.215384 -0.412621 0
0.854521 0.360418 -0.476276 1
-0.465621 0.495547 0.002939 2
0.203660 0.384897 -0.456418 0
0.950095 0.258852 -0.572189 1
-0.528304 0.500824 -0.239452 2
0.209021 0.452965 -0.303732 3
-0.393558 0.506988 -0.139359 2
0.293673 0.444477 -0.470861 1
0.001067 0.334960 -0.362975 0
-0.745109 0.454712 -0.045645 2
-0.679930 0.462140 -0.177936 2
-0.538102 0.504445 -0.103891 2
-0.140682 0.460701 -0.311541 2
-0.021154 0.379441 -0.331695 0
0.587410 0.467841 -0.348783 1
0.147335 -0.382486 -0.455455 0
-0.293358 0.499286 -0.298939 2
-0.682432 0.447338 0.049085 2
0.525471 0.473679 -0.419349 1
0.865751 0.306012 -0.590718 1
0.303234 0.483396 -0.270683 3
0.066067 0.075423 -0.385262 0
-0.142554 0.475069 -0.272582 2
0.953715 0.305378 -0.518547 1
0.141637 -0.255841 -0.475596 0
0.269142 -0.628406 -0.411454 0
-0.715685 0.468981 -0.025347 2
-0.258604 0.506359 -0.101272 2
0.836109 0.372416 -0.422979 1
0.905734 0.341384 -0.400999 1
-0.112052 0.489448 -0.228280 2
0.944447 0.327576 -0.401740 1
-0.196722 0.498398 -0.186940 2
0.284194 0.451008 -0.445654 1
0.257261 0.425174 -0.473543 1
-0.128830 0.493156 -0.206287 2
0.142803 -0.186906 -0.483380 0
0.844917 0.367549 -0.386133 1
0.091315 -0.089188 -0.446137 0
-0.637718 0.484874 -0.084732 2
-0.302150 0.510254 -0.159870 2
0.160575 -0.294383 -0.474307 0
-0.125860 0.450491 -0.352985 2
0.178299 -0.417170 -0.444662 0
-0.601340 0.494803 -0.068664 2
0.023984 0.328965 -0.371985 0
0.220186 0.466076 -0.264659 3
0.850151 0.318154 -0.579781 1
0.632480 0.450721 -0.408963 1
-0.309808 0.505781 -0.264108 2
0.178201 -0.368266 -0.458602 0
0.940253 0.321088 -0.429414 1
-0.469709 0.514284 -0.156539 2
0.558688 0.419366 -0.613152 1
0.059379 0.232362 -0.404873 0
-0.431086 0.507353 -0.159640 2
0.769573 0.399678 -0.456965 1
0.198805 0.430092 -0.256049 3
-0.494873 0.510225 -0.123992 2
0.839228 0.346944 -0.541165 1
-0.421842 0.497561 0.011711 2
0.114475 -0.281785 -0.483231 0
0.224562 -0.622719 -0.380641 0
-0.066840 0.424496 -0.332650 0
-0.685752 0.477159 -0.134603 2
0.471299 0.485418 -0.409081 1
0.089740 0.322018 -0.284571 3
0.265753 0.475400 -0.304576 3
-0.562461 0.493180 -0.037787 2
0.253361 -0.635092 -0.385758 0
0.091020 0.132161 -0.426788 0
-0.410477 0.500631 -0.288717 2
-0.251587 0.497091 -0.249511 2
0.109267 0.217227 -0.428213 0
0.072496 0.149024 -0.364140 0
-0.264694 0.491018 -0.354399 2
0.043044 0.202030 -0.399930 0
0.080817 0.095192 -0.445260 0
0.573049 0.452639 -0.470184 1
-0.110810 0.461952 -0.290579 2
0.161704 -0.401740 -0.426622 0
-0.411619 0.513439 -0.179828 2
-0.711784 0.460617 -0.148011 2
0.689095 0.427681 -0.420856 1
-0.468508 0.488176 -0.269021 2
-0.373753 0.500871 -0.304157 2
0.100546 0.145890 -0.396270 0
0.148391 -0.233704 -0.463125 0
-0.775248 0.439933 0.002630 2
-0.759763 0.442538 -0.094909 2
0.103729 0.101891 -0.433985 0
0.092275 -0.067801 -0.412810 0
0.472649 0.440291 -0.564509 1
0.908640 0.335090 -0.468606 1
0.267506 0.427995 -0.440665 0
1.018938 0.270539 -0.473369 1
-0.806293 0.413087 -0.083840 2
0.363802 0.464966 -0.469070 1
-0.419617 0.507189 -0.010282 2
0.164624 -0.316301 -0.467056 0
0.103499 -0.132650 -0.473871 0
0.132330 -0.299947 -0.466315 0
0.167660 0.399093 -0.341376 3
0.970311 0.265673 -0.553660 1
-0.621498 0.504749 -0.154793 2
0.277895 0.421584 -0.527194 1
-0.674694 0.481126 -0.084299 2
0.146780 -0.448433 -0.457364 0
0.803993 0.369618 -0.519791 1
0.109324 0.057640 -0.449646 0
0.121159 -0.201758 -0.483512 0
0.125363 -0.164227 -0.467089 0
0.982475 0.291731 -0.464512 1
0.163639 -0.442880 -0.475118 0
0.699175 0.418388 -0.482367 1
0.194373 0.438543 -0.292928 3
0.087509 -0.017971 -0.451094 0
0.568452 0.470208 -0.373239 1
0.258992 -0.609796 -0.417898 0
0.021381 0.265935 -0.388459 0
0.194298 -0.518600 -0.442281 0
0.126776 -0.333331 -0.482388 0
0.411716 0.454885 -0.513715 1
-0.253453 0.501578 -0.225000 2
0.955147 0.285699 -0.531431 1
-0.529246 0.487728 -0.000719 2
-0.808896 0.433184 -0.020374 2
-0.450375 0.507923 -0.074110 2
0.377473 0.457000 -0.485718 1
0.797054 0.381604 -0.486555 1
0.190611 -0.520404 -0.412502 0
0.140645 -0.351289 -0.487060 0
-0.234800 0.498639 -0.099357 2
0.005496 0.300161 -0.379489 0
0.120196 0.076930 -0.426181 0
-0.047867 0.388594 -0.375138 0
-0.357452 0.516026 -0.191268 2
-0.345062 0.508507 -0.095319 2
-0.362972 0.507853 -0.285403 2
0.746323 0.343648 -0.619102 1
0.589875 0.409690 -0.621332 1
0.104749 -0.201346 -0.452093 0
0.126279 -0.297859 -0.429058 0
-0.236582 0.508320 -0.150219 2
-0.371155 0.510492 -0.246725 2
-0.344137 0.505097 -0.051487 2
0.783710 0.329929 -0.608181 1
0.576083 0.435667 -0.533979 1
0.164865 -0.368201 -0.486106 0
0.971099 0.295283 -0.396930 1
0.094119 0.073702 -0.406350 0
0.506742 0.490195 -0.352872 1
0.263085 0.446358 -0.432110 0
0.177674 -0.485162 -0.424511 0
-0.172011 0.502250 -0.142512 2
-0.610984 0.484721 -0.199358 2
0.460256 0.492543 -0.357836 1
-0.542182 0.496017 -0.172291 2
0.157966 -0.423618 -0.437286 0
0.407819 0.488608 -0.409330 1
0.104431 -0.100646 -0.457213 0
0.208726 -0.607574 -0.386353 0
0.215511 0.402929 -0.489987 0
0.122031 -0.081030 -0.451627 0
0.220323 -0.577654 -0.400669 0
-0.546680 0.500951 -0.217934 2
-0.316809 0.500156 -0.083075 2
-0.011062 0.368171 -0.352673 0
0.146416 -0.140997 -0.453220 0
0.429846 0.442085 -0.620273 1
0.111283 -0.266439 -0.422543 0
0.099355 0.174261 -0.425175 0
0.564297 0.423358 -0.589103 1
1.033033 0.239894 -0.470907 1
0.817161 0.329159 -0.587316 1
0.022476 0.204421 -0.385135 0
-0.221247 0.489916 -0.249868 2
0.177634 -0.538196 -0.414132 0
0.537089 0.480227 -0.357151 1
-0.487842 0.494198 -0.244173 2
0.139622 -0.309118 -0.439800 0
0.071854 0.021435 -0.429504 0
-0.463788 0.512023 -0.130464 2
0.340484 0.475591 -0.447477 1
-0.067459 0.439783 -0.305277 2
0.072572 -0.129825 -0.455573 0
0.106172 0.117995 -0.411272 0
0.318168 0.451264 -0.506442 1
0.105023 -0.257520 -0.450201 0
0.146099 -0.277830 -0.476196 0
0.178104 0.369754 -0.359057 3
-0.713336 0.440855 0.054072 2
-0.569924 0.493792 -0.002176 2
0.735569 0.378612 -0.555558 1
-0.517120 0.495789 -0.047756 2
0.132304 -0.176051 -0.451883 0
-0.580936 0.495316 -0.194595 2
0.145319 0.309778 -0.437370 0
0.156053 0.416236 -0.291747 3
-0.617297 0.474661 0.054412 2
0.319485 0.452248 -0.470107 1
0.683743 0.395848 -0.565635 1
0.949409 0.316667 -0.458317 1
-0.328932 0.504963 -0.131506 2
0.112678 -0.073511 -0.480476 0
-0.261616 0.495836 -0.266895 2
0.006933 0.278527 -0.359599 0
-0.544351 0.500603 -0.063933 2
0.659257 0.391997 -0.597306 1
0.173889 -0.465621 -0.450722 0
-0.155389 0.501384 -0.180246 2
0.735804 0.411044 -0.429585 1
0.093310 0.103774 -0.401781 0
0.683835 0.430235 -0.352156 1
0.754192 0.403191 -0.470603 1
0.208268 0.365795 -0.479215 0
0.038972 0.296005 -0.377396 0
0.689502 0.372403 -0.616906 1
0.166222 -0.495574 -0.451458 0
0.056941 0.151479 -0.386223 0
-0.796551 0.414638 0.030709 2
-0.502884 0.483006 0.031001 2
0.827639 0.302566 -0.610597 1
0.132824 -0.366258 -0.424232 0
0.187906 -0.501934 -0.465160 0
-0.039634 0.386675 -0.322383 0
-0.382587 0.512089 -0.090277 2
0.886940 0.299975 -0.581916 1
0.652289 0.366990 -0.642392 1
0.015353 0.225063 -0.386318 0
0.135882 -0.133143 -0.477604 0
0.175320 0.346557 -0.393142 3
0.198022 -0.501680 -0.425544 0
0.847234 0.365435 -0.455831 1
0.098471 -0.275612 -0.466629 0
-0.731661 0.458540 -0.012381 2
0.680309 0.383080 -0.594967 1
-0.794443 0.430848 0.003230 2
0.118692 0.337689 -0.316858 3
0.110627 -0.251117 -0.470068 0
-0.765126 0.430243 0.035396 2
0.103667 -0.163061 -0.457380 0
0.146124 -0.427939 -0.465826 0
0.993218 0.279636 -0.426324 1
0.163215 0.317460 -0.418007 0
0.132194 -0.257200 -0.450119 0
0.502778 0.436671 -0.575348 1
-0.776595 0.436669 -0.060047 2
0.532721 0.431521 -0.579358 1
0.209362 -0.438087 -0.461534 0
0.235155 0.412599 -0.459988 0
0.598309 0.460671 -0.388544 1
0.207174 0.401083 -0.423786 0
-0.668626 0.478567 -0.019115 2
0.141714 -0.215312 -0.460831 0
0.376424 0.456374 -0.528966 1
-0.006912 0.312814 -0.340928 0
0.524334 0.481453 -0.383079 1
0.260786 -0.643657 -0.402331 0
-0.420726 0.508334 -0.263355 2
0.266866 0.466093 -0.322772 3
0.515430 0.415883 -0.636547 1
-0.665961 0.483602 -0.115188 2
0.718951 0.369531 -0.592342 1
0.213247 0.435854 -0.333301 3
0.073177 0.122369 -0.386986 0
-0.583501 0.491993 -0.133116 2
0.058941 0.005392 -0.423597 0
0.489949 0.430771 -0.632189 1
0.585709 0.445375 -0.486857 1
-0.407595 0.507649 -0.093858 2
0.313276 0.451873 -0.539619 1
-0.272627 0.502303 -0.080779 2
0.163257 -0.260224 -0.475356 0
0.967316 0.300342 -0.432439 1
-0.656915 0.477661 -0.150569 2
0.143043 -0.343757 -0.437648 0
0.111168 0.375253 -0.238310 3
-0.386383 0.508032 -0.214848 2
-0.816504 0.393871 0.038181 2
0.246321 -0.569220 -0.414970 0
-0.149919 0.496595 -0.223819 2
0.471420 0.482591 -0.386186 1
0.884902 0.350933 -0.388872 1
0.189977 -0.351821 -0.469995 0
-0.630511 0.482346 -0.163791 2
-0.485803 0.505103 -0.053424 2
-0.393399 0.513333 -0.170838 2
0.083767 0.035342 -0.411148 0
0.504851 0.442421 -0.540512 1
0.244601 -0.645472 -0.435298 0
0.150196 -0.394539 -0.474644 0
-0.160112 0.471976 -0.345880 2
0.804988 0.342258 -0.573197 1
-0.172392 0.493403 -0.279751 2
0.571714 0.430132 -0.558295 1
0.001116 0.337948 -0.382540 0
0.097402 0.344361 -0.284788 3
-0.463248 0.500625 -0.058315 2
-0.565640 0.496629 -0.083360 2
0.158736 -0.415918 -0.454959 0
0.078467 0.293857 -0.396291 0
0.847499 0.349927 -0.523999 1
-0.270593 0.506104 -0.161590 2
0.124586 0.343990 -0.334090 3
-0.651887 0.472235 -0.001693 2
0.687247 0.402545 -0.542863 1
0.851448 0.363562 -0.430670 1
0.913878 0.266379 -0.593197 1
0.374961 0.433921 -0.597017 1
0.301780 0.470082 -0.303129 3
0.148633 -0.459352 -0.429296 0
0.894479 0.354927 -0.361313 1
0.192953 -0.465212 -0.476909 0
-0.288708 0.506308 -0.203698 2
0.663813 0.418691 -0.502422 1
0.142188 0.344067 -0.358862 3
-0.532371 0.496146 -0.190909 2
0.194668 -0.580604 -0.396511 0
0.889062 0.338738 -0.487481 1
0.165457 -0.447879 -0.446220 0
0.269547 0.476262 -0.262030 3
-0.067944 0.414826 -0.352899 0
0.107842 -0.154182 -0.423761 0
0.119148 0.105952 -0.421530 0
-0.009101 0.312899 -0.375588 0
0.083883 -0.106998 -0.452866 0
-0.582859 0.473982 0.042830 2
0.245297 0.420261 -0.508295 0
0.715654 0.360331 -0.614768 1
0.109126 -0.178832 -0.446019 0
0.655635 0.402321 -0.573907 1
-0.312895 0.496159 -0.056112 2
0.746273 0.360916 -0.582798 1
0.538685 0.437270 -0.555712 1
-0.083304 0.394242 -0.373607 0
0.654671 0.383472 -0.626195 1
-0.599499 0.490654 -0.029994 2
-0.488470 0.507896 -0.097535 2
0.243143 0.470941 -0.295326 3
0.768803 0.398531 -0.428378 1
-0.223823 0.502657 -0.122227 2
-0.772284 0.444569 -0.017130 2
-0.009718 0.350343 -0.360526 0
-0.332191 0.503354 -0.293338 2
-0.196128 0.500046 -0.141165 2
0.122003 -0.217258 -0.449209 0
0.618481 0.458838 -0.364482 1
0.882556 0.350465 -0.443752 1
0.240205 -0.599381 -0.431023 0
0.135136 -0.291024 -0.449726 0
0.757459 0.404688 -0.394360 1
-0.608429 0.473525 0.037189 2
0.155142 -0.308924 -0.487480 0
-0.740193 0.466746 -0.062435 2
-0.506217 0.489767 -0.255764 2
0.177994 -0.394549 -0.470209 0
0.121704 -0.143608 -0.484314 0
0.385299 0.471306 -0.456160 1
0.322576 0.464709 -0.442824 1
0.408477 0.486449 -0.370262 1
0.165424 0.343229 -0.433322 0
-0.503662 0.500673 -0.062228 2
0.148563 -0.399734 -0.440640 0
0.135937 -0.200654 -0.471907 0
1.030798 0.256933 -0.463484 1
0.484087 0.451214 -0.508998 1
0.150625 -0.337427 -0.472479 0
-0.527003 0.505210 -0.088870 2
-0.416459 0.506282 -0.064386 2
0.820850 0.380542 -0.415920 1
-0.544835 0.484067 0.041957 2
0.682683 0.433573 -0.404350 1
-0.748877 0.450061 -0.023258 2
-0.654849 0.464812 0.044952 2
1.004513 0.268212 -0.489995 1
-0.831321 0.411032 0.008876 2
0.217761 0.386661 -0.439466 0
0.135512 -0.310317 -0.484069 0
0.928637 0.284015 -0.579121 1
0.243304 0.432456 -0.333971 3
0.169365 -0.351138 -0.459574 0
0.085384 0.015609 -0.412439 0
0.127727 -0.102548 -0.489099 0
0.801517 0.323673 -0.616123 1
0.735691 0.396620 -0.503398 1
-0.347351 0.513275 -0.136885 2
-0.296189 0.507515 -0.086341 2
0.765918 0.383499 -0.520235 1
0.661182 0.438138 -0.432782 1
-0.209651 0.483406 -0.359746 2
-0.662197 0.489997 -0.055975 2
0.611416 0.428351 -0.518108 1
0.679314 0.429490 -0.456969 1
-0.145245 0.485414 -0.244756 2
0.193188 -0.536459 -0.428856 0
-0.559558 0.479219 0.027757 2
0.457830 0.461842 -0.482125 1
0.112200 0.161168 -0.409628 0
0.299858 0.459241 -0.435418 1
0.174980 0.330478 -0.384155 3
-0.315904 0.497437 -0.329378 2
0.173713 -0.433234 -0.427136 0
0.081334 0.053359 -0.438503 0
0.261069 -0.640585 -0.428726 0
-0.602251 0.503812 -0.101665 2
0.193570 0.348304 -0.436966 0
0.467672 0.440883 -0.589431 1
0.065227 0.100796 -0.420026 0
0.168811 -0.527176 -0.430500 0
-0.102966 0.443407 -0.318366 2
0.682440 0.352856 -0.642140 1
0.440396 0.450518 -0.557830 1
-0.092208 0.461088 -0.294461 2
0.469077 0.433840 -0.623067 1
-0.675990 0.467861 0.016962 2
-0.378072 0.503749 -0.067534 2
-0.025685 0.315767 -0.382792 0
0.107766 0.055515 -0.429191 0
0.221078 -0.540666 -0.456306 0
0.437903 0.487963 -0.383684 1
-0.315835 0.515426 -0.178548 2
0.109956 -0.291531 -0.456345 0
0.698566 0.425928 -0.369700 1
0.519991 0.448899 -0.496469 1
-0.628074 0.485982 -0.100087 2
0.072185 0.164503 -0.414019 0
-0.718657 0.448354 0.032492 2
0.123685 0.366021 -0.307065 3
0.225098 0.462016 -0.305973 3
0.222441 -0.555884 -0.433947 0
0.243873 -0.636865 -0.417492 0
-0.733728 0.455479 -0.076967 2
0.066474 -0.036606 -0.422259 0
0.130430 -0.041641 -0.439726 0
-0.453304 0.512960 -0.115450 2
0.720337 0.418418 -0.451276 1
0.502109 0.481240 -0.383665 1
0.597189 0.416059 -0.586719 1
-0.173932 0.469790 -0.334413 2
0.136586 -0.278517 -0.502879 0
-0.717763 0.462214 -0.102686 2
0.505988 0.463590 -0.474560 1
0.182283 -0.450938 -0.473960 0
0.237415 0.424302 -0.425943 0
0.497901 0.434248 -0.599477 1
0.430107 0.454174 -0.500759 1
0.170761 0.430448 -0.285943 3
0.521291 0.445409 -0.514335 1
0.149573 0.287909 -0.446756 0
-0.183752 0.478501 -0.279103 2
0.409009 0.478163 -0.446949 1
-0.021204 0.348397 -0.375225 0
-0.177077 0.498068 -0.169677 2
0.834308 0.323837 -0.586843 1
-0.383967 0.512922 -0.186104 2
0.380335 0.483605 -0.427062 1
-0.423823 0.505474 -0.208427 2
0.232248 -0.585984 -0.411140 0
-0.119108 0.488392 -0.189791 2
-0.337308 0.509873 -0.169292 2
0.755024 0.405834 -0.376649 1
-0.053991 0.413354 -0.327074 0
-0.713774 0.478215 -0.043468 2
0.610629 0.455180 -0.414919 1
0.526291 0.428774 -0.612805 1
-0.480193 0.500149 -0.020930 2
0.410295 0.464674 -0.476553 1
-0.344805 0.497766 -0.316975 2
-0.584392 0.499324 -0.065218 2
0.081609 -0.141884 -0.439109 0
0.439406 0.444330 -0.599763 1
0.219875 -0.528910 -0.427372 0
0.132662 -0.395178 -0.448364 0
0.137564 0.361745 -0.339805 3
0.629651 0.391090 -0.635015 1
-0.833155 0.388887 0.033018 2
-0.467366 0.510645 -0.175647 2
0.128170 0.285096 -0.414149 0
0.114306 0.361960 -0.275594 3
-0.381906 0.507448 -0.158624 2
0.336552 0.450240 -0.497140 1
0.186814 0.402116 -0.353106 3
0.089524 0.089724 -0.430801 0
0.097804 -0.216495 -0.458156 0
0.533149 0.461110 -0.460128 1
0.393109 0.455783 -0.493936 1
0.202716 -0.476182 -0.447901 0
0.114815 0.254276 -0.409784 0
0.156503 -0.421336 -0.412289 0
0.112863 -0.176039 -0.478856 0
0.052550 0.117291 -0.408958 0
0.210383 -0.457012 -0.454013 0
0.945661 0.309364 -0.488976 1
0.123706 -0.331092 -0.455500 0
0.166214 0.380228 -0.347590 3
-0.448873 0.497232 -0.250018 2
0.128795 -0.152940 -0.454028 0
-0.495718 0.487512 0.009255 2
-0.425012 0.506549 -0.096086 2
0.237239 -0.616699 -0.392153 0
0.191103 -0.551284 -0.442592 0
-0.067923 0.407937 -0.306636 2
0.502411 0.479584 -0.411794 1
-0.486218 0.498035 -0.190253 2
0.190822 -0.385285 -0.480403 0
-0.807205 0.416802 -0.060758 2
0.115602 0.192410 -0.428529 0
0.849206 0.367264 -0.403854 1
0.107728 -0.022146 -0.465497 0
0.223294 -0.585507 -0.444740 0
0.006888 0.312707 -0.351707 0
0.467814 0.465937 -0.467830 1
0.225362 -0.501994 -0.442250 0
-0.570530 0.494972 -0.117763 2
0.116813 -0.050736 -0.459264 0
0.605524 0.443933 -0.470882 1
0.172464 -0.415344 -0.465722 0
-0.319395 0.511123 -0.229796 2
0.365302 0.449163 -0.577838 1
0.145617 -0.371750 -0.435972 0
-0.724420 0.456901 -0.132697 2
0.363857 0.480299 -0.402871 1
0.995962 0.253681 -0.521811 1
0.355354 0.474198 -0.435740 1
0.133187 -0.356259 -0.469624 0
0.110392 -0.056024 -0.433646 0
-0.500647 0.498785 -0.011074 2
0.432082 0.488832 -0.404463 1
0.544481 0.449524 -0.490776 1
0.156371 0.296710 -0.430718 0
0.194655 0.377170 -0.443347 0
0.532495 0.405544 -0.641708 1
0.929649 0.317082 -0.489182 1
0.237921 0.456357 -0.256180 3
-0.232562 0.482411 -0.324409 2
-0.175429 0.475568 -0.386802 2
0.881110 0.337605 -0.512768 1
-0.043194 0.368196 -0.367812 0
-0.108513 0.468688 -0.268196 2
-0.719898 0.475781 -0.067312 2
0.402789 0.451345 -0.584911 1
-0.193544 0.497660 -0.206495 2
0.794043 0.390396 -0.418896 1
-0.505476 0.497613 -0.214988 2
0.101898 0.019881 -0.466443 0
0.121073 -0.123969 -0.462873 0
-0.700691 0.459566 0.015960 2
0.107289 0.036609 -0.436033 0
-0.180240 0.479583 -0.370165 2
-0.709627 0.481183 -0.086406 2
0.137829 -0.245305 -0.497896 0
0.455578 0.452557 -0.531192 1
0.193445 -0.550369 -0.418248 0
-0.241493 0.489806 -0.285378 2
0.344589 0.439623 -0.567562 1
-0.136735 0.502187 -0.168316 2
0.557121 0.397584 -0.647862 1
0.706605 0.407168 -0.495040 1
0.193798 -0.368232 -0.465840 0
0.921295 0.328144 -0.477933 1
0.440164 0.479329 -0.416273 1
0.955575 0.313524 -0.431168 1
0.128489 0.273789 -0.433758 0
0.063894 0.252388 -0.418397 0
0.764803 0.371528 -0.550613 1
-0.302911 0.500902 -0.343799 2
-0.184044 0.493438 -0.234171 2
0.980950 0.291022 -0.422217 1
0.555737 0.413812 -0.635770 1
0.462636 0.418377 -0.632198 1
0.719123 0.386907 -0.550489 1
-0.407494 0.505003 -0.236127 2
0.124255 0.226947 -0.436752 0
0.111194 -0.147349 -0.443272 0
0.063892 0.300161 -0.373702 0
0.524742 0.441174 -0.545767 1
0.632348 0.422773 -0.528193 1
0.063939 0.024283 -0.413786 0
0.089278 -0.194213 -0.453247 0
-0.450172 0.518243 -0.209199 2
0.099794 -0.062390 -0.479455 0
0.605058 0.461479 -0.354314 1
-0.695416 0.468247 -0.001696 2
0.520039 0.466584 -0.450402 1
0.236289 -0.576105 -0.450484 0
0.577181 0.451551 -0.453040 1
-0.199285 0.482030 -0.313929 2
0.664766 0.440472 -0.382482 1
0.185287 -0.517470 -0.396618 0
-0.617845 0.490598 -0.031096 2
0.232741 -0.623468 -0.409712 0
-0.485529 0.503246 -0.158374 2
-0.406848 0.503456 -0.271846 2
-0.450502 0.497867 -0.033696 2
0.100907 0.222283 -0.414321 0
0.798479 0.387539 -0.444160 1
0.989366 0.279148 -0.521329 1
0.649654 0.417558 -0.527098 1
-0.086124 0.470939 -0.243933 2
0.268499 0.457987 -0.253521 3
-0.609242 0.489540 -0.109594 2
0.937132 0.274000 -0.567035 1
-0.282553 0.497225 -0.326040 2
0.125372 0.261338 -0.388594 0
0.643684 0.381365 -0.640093 1
-0.774331 0.407923 0.061878 2
-0.092864 0.423229 -0.363654 0
0.128758 0.271589 -0.401961 0
-0.289515 0.505246 -0.058560 2
0.684802 0.407966 -0.518000 1
0.196960 -0.458113 -0.443605 0
-0.349930 0.507945 -0.079170 2
-0.325411 0.504489 -0.202603 2
-0.389493 0.498706 -0.042930 2
-0.147820 0.467954 -0.335059 2
-0.430899 0.501234 -0.056215 2
-0.575893 0.500682 -0.096701 2
0.188681 0.363198 -0.423752 0
-0.063634 0.371154 -0.381479 0
-0.235464 0.482158 -0.366060 2
-0.201166 0.499567 -0.169785 2
0.286888 0.481690 -0.274274 3
0.083090 0.252689 -0.401073 0
0.086324 -0.173458 -0.455637 0
-0.294261 0.507348 -0.121412 2
0.113784 -0.000277 -0.458147 0
-0.524663 0.508121 -0.117014 2
0.179459 -0.324623 -0.479231 0
0.197977 -0.442376 -0.475052 0
0.064192 0.192389 -0.412445 0
0.449476 0.474551 -0.444179 1
-0.364293 0.496016 -0.318305 2
0.138527 0.376769 -0.242985 3
-0.765410 0.441433 -0.071568 2
-0.746699 0.446871 0.012240 2
0.130572 -0.275120 -0.470160 0
0.637850 0.452053 -0.383197 1
-0.690519 0.472052 -0.084640 2
0.548726 0.465698 -0.428713 1
-0.791446 0.425773 -0.095006 2
-0.761320 0.422303 0.049585 2
-0.033685 0.335391 -0.367223 0
0.744326 0.412386 -0.361820 1
-0.544449 0.482880 -0.243960 2
-0.507564 0.504060 -0.181264 2
0.576654 0.463441 -0.412358 1
0.183593 -0.435071 -0.463625 0
-0.658365 0.481517 -0.087524 2
-0.729823 0.435767 0.049200 2
0.170095 -0.427700 -0.477347 0
0.149134 -0.285162 -0.457140 0
-0.389580 0.495059 -0.016984 2
-0.512878 0.498316 -0.082698 2
0.626711 0.399926 -0.611930 1
0.812879 0.381849 -0.378283 1
0.108696 -0.211457 -0.435555 0
-0.095492 0.437162 -0.339294 2
0.178468 0.358448 -0.454635 0
0.155994 0.325293 -0.449661 0
-0.052709 0.435683 -0.298848 2
0.632185 0.440709 -0.455488 1
-0.599555 0.496213 -0.133448 2
0.910982 0.335246 -0.381141 1
0.014347 0.312370 -0.372573 0
0.704058 0.387723 -0.565405 1
-0.688037 0.460324 0.028246 2
-0.645489 0.479596 -0.172641 2
0.148408 -0.366264 -0.486329 0
0.073167 0.276091 -0.403732 0
-0.198697 0.481642 -0.285509 2
-0.680884 0.485588 -0.043339 2
-0.085222 0.467067 -0.262952 2
0.055906 0.152805 -0.409764 0
-0.428740 0.494517 -0.015789 2
0.146688 0.287399 -0.408852 0
0.244570 -0.647173 -0.399927 0
-0.536340 0.495089 -0.026061 2
0.216254 -0.570197 -0.428491 0
-0.691701 0.473036 -0.056833 2
0.659899 0.432178 -0.473539 1
0.791530 0.310591 -0.614866 1
0.186240 0.430627 -0.325624 3
-0.529629 0.510013 -0.142045 2
-0.508901 0.501075 -0.117790 2
-0.040663 0.399609 -0.339859 0
0.237574 -0.559391 -0.428458 0
0.445022 0.486511 -0.359563 1
0.996074 0.285087 -0.449499 1
0.399731 0.454334 -0.568693 1
0.118642 -0.294691 -0.473776 0
0.854128 0.353107 -0.497829 1
0.427475 0.454213 -0.546164 1
0.707145 0.422863 -0.411882 1
-0.463847 0.501167 -0.018453 2
-0.345478 0.512196 -0.206866 2
-0.483324 0.499143 -0.037312 2
-0.207571 0.497049 -0.260216 2
-0.235131 0.505082 -0.177495 2
0.225281 0.417548 -0.435198 0
-0.346914 0.504576 -0.284368 2
0.200302 -0.406487 -0.456422 0
0.206784 -0.465099 -0.468069 0
0.258931 -0.624602 -0.424984 0
-0.452505 0.503900 -0.190443 2
-0.310876 0.502547 -0.306243 2
-0.606551 0.468270 -0.218211 2
0.160339 -0.376933 -0.445006 0
0.127073 -0.366986 -0.458836 0
-0.407709 0.508030 -0.129051 2
0.237423 0.456449 -0.322183 3
-0.650727 0.483212 -0.044693 2
0.210989 -0.577205 -0.387217 0
-0.168642 0.477007 -0.311680 2
-0.255663 0.492696 -0.310181 2
-0.223377 0.490442 -0.306352 2
0.172695 -0.500167 -0.437149 0
-0.421097 0.511901 -0.112059 2
0.147104 0.379242 -0.273381 3
-0.275914 0.497438 -0.291756 2
-0.762542 0.441093 -0.115874 2
0.249748 -0.620630 -0.444399 0
0.177603 -0.449429 -0.457039 0
-0.725476 0.459971 -0.037659 2
0.072432 -0.007968 -0.431236 0
0.761368 0.386791 -0.501661 1
0.433105 0.419928 -0.620383 1
0.108818 -0.178573 -0.462714 0
0.117425 -0.242330 -0.481971 0
0.290285 0.440228 -0.495286 1
0.396043 0.484082 -0.422835 1
-0.437831 0.508815 -0.226689 2
1.032054 0.241340 -0.495555 1
-0.669832 0.474266 -0.136110 2
-0.583984 0.490039 -0.179079 2
0.107383 -0.265685 -0.476479 0
0.105827 -0.235289 -0.466842 0
0.591723 0.433263 -0.498798 1
0.830002 0.370885 -0.374685 1
-0.649722 0.483370 -0.117988 2
0.959429 0.274010 -0.543092 1
0.866438 0.367758 -0.407633 1
0.486600 0.460680 -0.496071 1
0.090551 0.067383 -0.436132 0
0.157914 0.332546 -0.415367 0
0.168423 -0.395358 -0.483261 0
-0.441334 0.509812 -0.132197 2
-0.338664 0.507145 -0.250861 2
0.077090 -0.099122 -0.440043 0
0.484608 0.468019 -0.464354 1
-0.479902 0.502748 0.005371 2
0.626970 0.429965 -0.492174 1
0.892634 0.323210 -0.534164 1
0.478602 0.419402 -0.634480 1
-0.287493 0.505378 -0.164616 2
0.066092 -0.068933 -0.439291 0
0.356748 0.476669 -0.379499 1
-0.440122 0.509993 -0.091571 2
0.302123 0.452054 -0.504888 1
-0.128497 0.481942 -0.244161 2
-0.659031 0.465362 0.023130 2
-0.285973 0.506173 -0.259289 2
0.795757 0.375529 -0.501728 1
0.187427 -0.426293 -0.478749 0
0.156979 -0.349792 -0.497834 0
0.650323 0.411742 -0.552896 1
-0.629751 0.479665 -0.199222 2
-0.094604 0.405626 -0.374935 0
0.578630 0.463656 -0.362638 1
-0.517686 0.505338 -0.154524 2
0.652807 0.443629 -0.416929 1
0.726671 0.416843 -0.390249 1
0.157628 -0.348298 -0.448952 0
-0.857023 0.387230 0.005114 2
0.785643 0.394219 -0.387102 1
0.131714 0.241905 -0.423668 0
0.113179 -0.110034 -0.487610 0
0.099037 0.033074 -0.449342 0
0.123139 -0.313029 -0.467673 0
-0.467200 0.498410 -0.256627 2
-0.164688 0.475733 -0.365523 2
-0.002429 0.286258 -0.380548 0
0.197199 -0.514780 -0.467559 0
0.275672 0.478906 -0.288042 3
-0.072436 0.439131 -0.321739 2
0.425751 0.466551 -0.480349 1
0.048223 0.217512 -0.398223 0
-0.462781 0.500655 -0.081162 2
0.070471 0.036569 -0.423683 0
0.411190 0.452849 -0.550575 1
0.573704 0.436192 -0.506774 1
0.473156 0.485291 -0.370148 1
0.206532 0.446882 -0.320703 3
-0.324774 0.528479 -0.184218 2
-0.179426 0.490944 -0.251715 2
0.347621 0.478662 -0.411550 1
-0.336336 0.509390 -0.234292 2
0.209537 0.445646 -0.262990 3
0.090239 0.200707 -0.412369 0
-0.384377 0.512284 -0.127398 2
0.373295 0.460499 -0.504436 1
-0.781081 0.434052 0.033578 2
-0.634631 0.490043 -0.114197 2
0.203419 0.376733 -0.494202 0
0.148123 0.390197 -0.321515 3
0.229502 0.440130 -0.331070 3
0.784134 0.396679 -0.451246 1
0.095076 -0.061418 -0.427128 0
0.947074 0.315394 -0.411981 1
0.143257 0.341465 -0.379372 3
-0.211246 0.500833 -0.244025 2
0.098286 -0.116458 -0.454326 0
0.875354 0.355036 -0.376823 1
-0.363516 0.508388 -0.110365 2
0.167148 0.406143 -0.324744 3
0.839841 0.327079 -0.571627 1
0.825050 0.362915 -0.507942 1
-0.556622 0.502889 -0.116168 2
-0.222924 0.497975 -0.228950 2
-0.073577 0.394003 -0.360458 0
0.124924 0.372699 -0.252617 3
-0.472821 0.505479 -0.096824 2
-0.267620 0.479403 -0.364777 2
0.203186 -0.501553 -0.452735 0
-0.248502 0.509803 -0.206217 2
-0.115665 0.448844 -0.365112 2
0.113302 0.360372 -0.233370 3
0.561200 0.470002 -0.406096 1
1.014660 0.262270 -0.441942 1
0.209209 0.389500 -0.478411 0
-0.446352 0.511401 -0.159806 2
0.108272 -0.123857 -0.430472 0
0.312315 0.437251 -0.545466 1
0.010302 0.340775 -0.349829 0
0.530762 0.475354 -0.403639 1
0.210477 -0.532881 -0.442297 0
0.247188 -0.578330 -0.429025 0
0.215377 -0.606456 -0.413280 0
-0.632855 0.483013 -0.148223 2
0.252532 0.461158 -0.328157 3
0.059579 -0.038165 -0.442286 0
0.104741 0.077045 -0.423177 0
-0.208497 0.503312 -0.125756 2
-0.126436 0.470566 -0.274874 2
0.133613 -0.104874 -0.467949 0
0.083250 0.301273 -0.311979 3
0.175494 -0.359110 -0.471652 0
-0.387770 0.496315 -0.313072 2
0.078310 -0.062097 -0.417205 0
-0.536028 0.495141 -0.207807 2
0.626871 0.415706 -0.558392 1
0.454459 0.454146 -0.495462 1
0.042560 0.167041 -0.401534 0
0.192555 -0.476349 -0.459865 0
0.762862 0.355118 -0.583672 1
-0.197780 0.484109 -0.372436 2
0.204196 -0.550046 -0.399495 0
0.115623 -0.198135 -0.467537 0
0.184130 -0.399386 -0.456607 0
-0.150015 0.469379 -0.365924 2
-0.863654 0.371841 0.031374 2
-0.478190 0.485608 0.016481 2
0.346240 0.458465 -0.473574 1
-0.639218 0.466376 0.037573 2
0.160113 0.332924 -0.379898 3
0.134662 -0.269553 -0.489351 0
-0.292769 0.503846 -0.228492 2
0.231492 0.406531 -0.501157 0
0.118193 0.254984 -0.429222 0
0.240205 -0.605465 -0.402607 0
0.144960 -0.299171 -0.475491 0
-0.076608 0.412963 -0.367591 0
0.097949 0.012429 -0.403707 0
0.712662 0.378300 -0.578676 1
-0.393207 0.505889 -0.103468 2
0.126827 -0.254141 -0.434274 0
0.179481 -0.348125 -0.486233 0
-0.242832 0.500971 -0.135596 2
0.146104 -0.200381 -0.490546 0
0.124516 0.003228 -0.434944 0
-0.308704 0.506866 -0.039924 2
0.230513 0.400216 -0.486729 0
0.092282 0.118087 -0.433358 0
0.810631 0.382770 -0.396262 1
0.116241 0.352733 -0.310317 3
0.376935 0.475920 -0.442187 1
0.592023 0.431960 -0.533481 1
0.595624 0.401877 -0.635590 1
-0.052450 0.395498 -0.361974 0
-0.518532 0.500995 -0.196081 2
0.942148 0.321294 -0.444835 1
0.019804 0.240312 -0.394474 0
-0.078340 0.449664 -0.288777 2
0.733458 0.407194 -0.473109 1
-0.361396 0.482679 -0.325713 2
0.097680 -0.000379 -0.449103 0
-0.503791 0.493257 -0.028402 2
0.702949 0.404300 -0.511239 1
-0.780123 0.443468 -0.031828 2
0.981735 0.243919 -0.551060 1
0.207320 -0.596326 -0.396945 0
-0.103436 0.457414 -0.307993 2
0.162772 0.419613 -0.277953 3
-0.429433 0.506942 -0.188438 2
0.625246 0.408096 -0.579296 1
0.152730 -0.193689 -0.473630 0
0.084196 -0.124034 -0.447151 0
0.084700 -0.161673 -0.445504 0
-0.374406 0.508029 -0.225892 2
0.737806 0.335332 -0.628961 1
-0.175905 0.496075 -0.200173 2
0.721738 0.341955 -0.640501 1
0.948679 0.310422 -0.472410 1
0.115442 0.238285 -0.430780 0
0.644358 0.436654 -0.474328 1
0.083078 0.047771 -0.400885 0
0.140333 -0.328457 -0.441202 0
0.162587 -0.467230 -0.440373 0
0.153860 -0.432419 -0.452214 0
0.101959 0.245935 -0.404493 0
-0.457363 0.502098 -0.207482 2
0.732060 0.353464 -0.613588 1
0.175754 -0.383550 -0.453223 0
-0.630247 0.499819 -0.130805 2
-0.222349 0.495942 -0.264328 2
-0.249763 0.485798 -0.353403 2
1.009801 0.270300 -0.459374 1
0.157632 -0.324359 -0.478097 0
-0.254025 0.505079 -0.189416 2
0.804970 0.351909 -0.561262 1
-0.163809 0.498726 -0.214190 2
1.014380 0.250392 -0.505171 1
0.929171 0.327833 -0.403073 1
-0.455233 0.500160 0.020273 2
-0.114796 0.486823 -0.212270 2
0.212480 -0.518223 -0.457108 0
-0.015392 0.355003 -0.346163 0
0.122243 0.209385 -0.430370 0
-0.752915 0.437363 0.043610 2
-0.362154 0.499997 -0.031615 2
-0.497149 0.512870 -0.145037 2
0.907212 0.326113 -0.509315 1
-0.395187 0.505275 -0.227039 2
0.137049 -0.169200 -0.475592 0
-0.545778 0.498258 -0.146144 2
-0.596077 0.489768 -0.012778 2
0.429081 0.446519 -0.585235 1
-0.262974 0.498342 -0.236465 2
0.218561 -0.627135 -0.367327 0
0.445657 0.436701 -0.620006 1
0.835671 0.374952 -0.407969 1
0.435879 0.468692 -0.464768 1
0.103430 -0.090939 -0.430131 0
0.333975 0.454201 -0.536608 1
-0.702895 0.466826 -0.033307 2
0.191589 0.448467 -0.281752 3
0.107401 -0.016517 -0.451387 0
-0.168755 0.476484 -0.280376 2
0.710480 0.396031 -0.536720 1
0.053658 0.312665 -0.364247 0
-0.491974 0.499639 -0.071822 2
0.524872 0.425005 -0.627414 1
-0.438695 0.500862 -0.263849 2
0.110857 -0.190924 -0.480812 0
0.088255 0.082024 -0.444461 0
-0.554384 0.509366 -0.133337 2
0.970547 0.270212 -0.533542 1
0.830655 0.377219 -0.358249 1
0.465020 0.474536 -0.445464 1
0.782106 0.338888 -0.594592 1
0.140136 0.369623 -0.327142 3
0.177161 -0.377004 -0.486321 0
0.819767 0.373327 -0.486278 1
0.131087 -0.214009 -0.484932 0
-0.751376 0.430700 -0.132543 2
0.256308 0.423432 -0.498445 1
-0.534237 0.497173 -0.078320 2
-0.149615 0.482244 -0.261178 2
0.145758 -0.228916 -0.486751 0
0.099861 0.036641 -0.419085 0
0.381782 0.481048 -0.388710 1
0.210293 0.369744 -0.435398 0
-0.707108 0.466164 -0.086146 2
0.153786 -0.395544 -0.459347 0
0.169716 -0.413454 -0.431703 0
0.117042 -0.068205 -0.457779 0
0.895280 0.341821 -0.470415 1
0.644739 0.439383 -0.447057 1
0.854772 0.364563 -0.370846 1
0.088767 -0.019930 -0.419686 0
0.105258 -0.013529 -0.424599 0
0.174716 -0.491267 -0.463102 0
-0.392070 0.504952 -0.057743 2
0.924607 0.320161 -0.503217 1
-0.171107 0.472395 -0.295287 2
0.120653 -0.102347 -0.458010 0
-0.822964 0.381535 0.043773 2
0.259435 0.432486 -0.459584 0
0.459901 0.489681 -0.392647 1
0.112219 0.145051 -0.405621 0
0.375965 0.478942 -0.374333 1
0.171813 -0.525043 -0.409986 0
0.248140 -0.612279 -0.432084 0
0.884619 0.307487 -0.569186 1
0.359836 0.461893 -0.496250 1
-0.079762 0.460333 -0.277481 2
-0.490552 0.504704 -0.207939 2
-0.081562 0.431668 -0.370076 0
-0.376714 0.498942 -0.028414 2
0.606458 0.381779 -0.643260 1
0.224008 0.393783 -0.499270 0
0.150179 0.312570 -0.404514 0
-0.028884 0.361495 -0.381192 0
-0.617904 0.486703 -0.078864 2
-0.437000 0.497948 -0.042592 2
-0.720185 0.448960 -0.155369 2
0.516589 0.427504 -0.645772 1
-0.719676 0.461853 -0.074699 2
-0.485888 0.498590 -0.258232 2
-0.743497 0.450252 -0.107956 2
0.149140 -0.251724 -0.490763 0
-0.699255 0.444702 0.051441 2
-0.276834 0.509119 -0.195268 2
0.179956 -0.499431 -0.414729 0
0.440254 0.482594 -0.431094 1
0.220879 -0.591173 -0.419641 0
0.901699 0.293275 -0.578431 1
0.400469 0.445060 -0.598122 1
-0.394367 0.502359 -0.262045 2
-0.727906 0.458243 -0.091985 2
-0.563566 0.476142 -0.234662 2
0.517257 0.435328 -0.578097 1
-0.585109 0.484929 -0.220502 2
0.136919 0.361289 -0.244628 3
0.105619 0.008890 -0.426820 0
-0.331405 0.486176 -0.332756 2
0.124918 -0.140319 -0.447382 0
0.406499 0.472328 -0.461238 1
-0.590387 0.487045 -0.202368 2
-0.193970 0.473849 -0.336341 2
0.323702 0.447714 -0.490322 1
0.425576 0.455330 -0.518778 1
0.398793 0.472057 -0.484790 1
0.158404 -0.289511 -0.489459 0
-0.705794 0.468676 -0.012172 2
0.916167 0.332986 -0.394812 1
0.122950 -0.114722 -0.448933 0
0.042246 0.183832 -0.399496 0
0.667557 0.400662 -0.565401 1
-0.416178 0.500005 -0.022679 2
-0.629992 0.487210 -0.023480 2
-0.422796 0.513314 -0.230275 2
-0.020282 0.384608 -0.345461 0
0.179325 0.352328 -0.371477 3
0.975491 0.284804 -0.507490 1
-0.039403 0.382486 -0.364766 0
0.390974 0.456446 -0.531127 1
0.506368 0.439047 -0.559025 1
0.123353 0.062864 -0.429042 0
0.401524 0.430616 -0.608722 1
0.115070 -0.081830 -0.468474 0
-0.467367 0.498567 -0.221296 2
0.955956 0.305926 -0.383776 1
0.104557 -0.036247 -0.462984 0
0.672654 0.408295 -0.536305 1
0.095694 -0.032589 -0.445390 0
-0.707706 0.467025 -0.050745 2
-0.688554 0.470561 -0.121824 2
-0.103347 0.409855 -0.363517 0
0.095106 0.025368 -0.437539 0
0.154663 -0.370333 -0.469221 0
0.459048 0.453481 -0.514796 1
0.804256 0.365557 -0.533837 1
0.319870 0.460635 -0.457143 1
0.064348 0.066491 -0.422901 0
0.983488 0.284082 -0.481878 1
0.002922 0.324775 -0.374814 0
-0.309189 0.509265 -0.147106 2
-0.224783 0.483387 -0.356174 2
0.134666 -0.399857 -0.427291 0
0.076693 0.232272 -0.422063 0
0.144395 -0.253733 -0.457334 0
0.098560 -0.139200 -0.429805 0
0.116360 0.008451 -0.445857 0
-0.714894 0.457031 0.018101 2
0.137158 -0.272984 -0.449835 0
0.770591 0.377935 -0.532875 1
-0.147309 0.467228 -0.296722 2
-0.035889 0.349762 -0.368113 0
0.932168 0.330751 -0.372460 1
0.150725 -0.451523 -0.443688 0
0.345633 0.453973 -0.510076 1
0.188241 -0.530586 -0.455685 0
0.054476 0.049540 -0.426803 0
-0.602617 0.492560 -0.151273 2
-0.641767 0.489046 -0.069407 2
0.097314 0.319137 -0.316279 3
0.594413 0.413006 -0.605202 1
-0.740746 0.450235 -0.135118 2
0.298550 0.456265 -0.491456 1
-0.239304 0.498814 -0.227665 2
0.856775 0.339913 -0.533732 1
-0.365469 0.509933 -0.156532 2
-0.814348 0.427785 -0.004005 2
-0.373284 0.509096 -0.195142 2
0.792718 0.362600 -0.547830 1
0.194959 0.360956 -0.482344 0
0.252511 0.433876 -0.431307 0
0.177869 -0.465883 -0.469084 0
-0.597942 0.491526 -0.095284 2
0.100734 -0.116415 -0.471576 0
0.010850 0.260431 -0.380169 0
0.085651 0.168633 -0.418024 0
-0.477668 0.512707 -0.186370 2
-0.744394 0.468958 -0.048158 2
-0.163889 0.492317 -0.254612 2
-0.454424 0.505736 -0.171410 2
0.284331 0.430250 -0.517554 1
0.174246 0.404716 -0.269568 3
0.938974 0.317188 -0.380748 1
0.062996 0.161187 -0.363759 0
0.113937 -0.073047 -0.437700 0
0.718362 0.426662 -0.420152 1
0.165612 0.356594 -0.361109 3
0.686533 0.424917 -0.472087 1
0.135783 -0.342653 -0.465584 0
0.176680 0.418231 -0.317401 3
0.926390 0.300957 -0.541818 1
-0.809631 0.408805 0.032272 2
0.029081 0.318996 -0.360320 0
-0.479447 0.511016 -0.128407 2
0.503637 0.485816 -0.398363 1
0.137650 0.381523 -0.286980 3
0.456367 0.436984 -0.638022 1
0.955135 0.302409 -0.499925 1
-0.221041 0.505859 -0.210586 2
-0.435669 0.513651 -0.145590 2
-0.289345 0.500802 -0.356204 2
0.647212 0.423306 -0.503586 1
0.054195 0.080208 -0.415117 0
-0.679729 0.446878 0.063152 2
0.660056 0.433797 -0.446761 1
-0.340463 0.511395 -0.110061 2
0.210728 0.399108 -0.439433 0
0.787368 0.375798 -0.519122 1
0.264569 -0.620723 -0.400327 0
0.896060 0.334502 -0.499605 1
-0.236415 0.499578 -0.255751 2
-0.395958 0.499342 -0.299821 2
-0.114769 0.478533 -0.245852 2
-0.272804 0.503755 -0.139374 2
0.071223 0.163780 -0.384858 0
-0.503943 0.507713 -0.094052 2
-0.694961 0.484765 -0.064417 2
-0.371842 0.504107 -0.268386 2
-0.357387 0.500145 -0.050159 2
-0.411841 0.503754 -0.036117 2
0.084329 -0.050617 -0.453988 0
-0.751125 0.462505 -0.072915 2
0.519709 0.442180 -0.528039 1
0.136742 -0.190049 -0.462547 0
0.070744 0.115347 -0.421767 0
0.220225 -0.635729 -0.398656 0
0.232007 0.408984 -0.473310 0
0.348759 0.455527 -0.549613 1
-0.694831 0.465464 -0.162227 2
0.148232 0.283998 -0.432604 0
-0.668991 0.456408 0.046607 2
-0.585008 0.497900 -0.107508 2
0.811124 0.382516 -0.452891 1
-0.355622 0.514621 -0.177329 2
0.485265 0.484323 -0.412228 1
-0.134574 0.453821 -0.363580 2
-0.413453 0.506443 -0.081076 2
0.223394 -0.538592 -0.437774 0
-0.260959 0.501260 -0.072910 2
-0.288073 0.495713 -0.313157 2
0.597030 0.454840 -0.430493 1
-0.521913 0.499640 -0.035089 2
-0.609595 0.485646 -0.001989 2
0.125110 -0.006342 -0.447968 0
-0.506023 0.489917 -0.000015 2
-0.669304 0.473782 -0.162504 2
0.595635 0.420060 -0.563489 1
-0.539821 0.494289 -0.007254 2
-0.012280 0.336150 -0.386365 0
0.817766 0.378217 -0.439787 1
-0.368703 0.507394 -0.056671 2
-0.597721 0.479367 0.013207 2
-0.583257 0.493329 -0.030063 2
0.555365 0.440541 -0.496839 1
0.177354 -0.543492 -0.428284 0
0.184006 -0.376382 -0.471631 0
0.054190 0.289436 -0.372954 0
-0.276664 0.507153 -0.108587 2
-0.280774 0.482589 -0.361281 2
-0.205155 0.501005 -0.151785 2
0.648388 0.398212 -0.586839 1
0.981016 0.268048 -0.524561 1
0.108243 0.132277 -0.409592 0
0.573955 0.471128 -0.350448 1
-0.283751 0.499019 -0.073032 2
0.433146 0.486029 -0.370728 1
0.123967 -0.291873 -0.458629 0
0.739614 0.369810 -0.570321 1
0.703105 0.420350 -0.465579 1
-0.127430 0.490519 -0.178829 2
-0.357292 0.513011 -0.223362 2
0.456176 0.442891 -0.570057 1
0.677942 0.413536 -0.503254 1
0.487094 0.448696 -0.527495 1
0.189758 0.379060 -0.424992 0
0.780554 0.394442 -0.372498 1
0.471616 0.439343 -0.608196 1
0.611841 0.457235 -0.399541 1
0.323008 0.472000 -0.414774 1
0.897729 0.308089 -0.553204 1
0.146131 -0.162958 -0.462131 0
0.871347 0.354250 -0.454507 1
-0.551610 0.493669 -0.046987 2
-0.257057 0.508372 -0.130389 2
