-0.303382 0.199444 0.098518 2
-0.012873 -0.996760 -0.079396 0
0.649028 -0.022777 -0.339743 1
0.025875 -0.347772 -0.043112 0
0.312712 0.297513 0.061944 1
-0.476727 -0.213171 0.327833 2
0.027708 0.053506 -0.057772 0
0.469794 0.276115 -0.249167 1
-0.043647 -0.668133 -0.040236 0
-0.528555 0.085522 0.273254 2
0.564657 0.110961 -0.030721 1
0.159949 0.281924 -0.161906 1
-0.463791 0.017732 0.049288 2
-0.068509 0.212836 0.091866 2
0.663565 0.169393 -0.233383 1
-0.001184 -0.145708 -0.015703 0
-0.537298 -0.091722 0.195564 2
0.442397 0.263458 -0.066186 1
0.140281 0.244341 0.019689 1
-0.188523 0.269633 -0.029733 2
-0.360195 0.155600 0.263497 2
0.610089 -0.001483 -0.166093 1
0.020413 -0.827832 -0.051598 0
0.010432 -0.512904 -0.027166 0
-0.434931 0.170356 -0.003050 2
0.324231 0.254592 -0.184161 1
-0.185901 0.202123 0.196136 2
-0.455151 0.138284 0.143866 2
0.561222 0.222672 -0.145188 1
-0.553070 -0.070962 0.335223 2
0.013255 0.185240 -0.021744 0
0.259040 0.283116 -0.067308 1
-0.449966 -0.202966 0.195086 2
-0.342138 0.274871 0.000935 2
-0.534086 0.028652 0.160840 2
0.509672 0.208662 0.022920 1
0.669445 0.053567 -0.249416 1
0.625275 0.117651 -0.128994 1
-0.186834 0.239593 0.081110 2
0.099439 0.226217 -0.083339 1
0.573556 0.228737 -0.258501 1
0.418476 0.269832 0.048503 1
0.009108 -0.239332 -0.071927 0
-0.091759 0.223945 -0.016764 2
-0.466522 -0.087062 0.115200 2
-0.001923 -0.035685 -0.006840 0
0.415185 0.288844 -0.162317 1
-0.557294 -0.009740 0.257111 2
-0.282775 0.193769 0.213489 2
-0.368965 0.185611 0.169558 2
-0.521773 -0.141816 0.277316 2
0.355554 0.283876 -0.029960 1
-0.015522 -0.590958 -0.090035 0
0.627935 -0.048755 -0.250001 1
-0.452172 0.132115 0.239582 2
-0.030984 -0.908094 -0.049572 0
0.225527 0.284696 0.034264 1
0.020165 -0.737635 -0.032358 0
-0.013023 -0.430586 -0.060795 0
-0.397753 0.171337 0.081978 2
-0.012374 0.106008 0.012727 0
-0.464488 0.106726 0.056771 2
0.236035 0.240512 -0.182402 1
0.546608 0.200580 -0.057345 1
-0.253120 0.264258 0.030854 2
0.662426 0.114439 -0.309490 1
-0.014813 0.131490 -0.080766 0
-0.121818 0.233530 0.152067 2
0.578384 0.054512 -0.102762 1
0.169629 0.267187 -0.067385 1
0.495705 0.269119 -0.163943 1
0.336847 0.285784 -0.110575 1
0.008337 -0.590362 -0.014806 0
-0.035498 -0.782886 -0.080512 0
0.057487 0.123073 -0.030409 0
-0.236534 0.219054 0.135446 2
-0.487813 -0.144368 0.161028 2
0.022686 -0.087772 -0.058881 0
-0.512284 -0.027224 0.116077 2
-0.507108 0.064022 0.100593 2
-0.042115 0.171785 0.029277 2
-0.383432 0.216502 0.021792 2
-0.513233 0.093962 0.186814 2
0.639833 0.063386 -0.182737 1
-0.121325 0.240871 0.048647 2
0.591935 -0.061329 -0.363932 1
0.613737 0.210768 -0.199785 1
0.642317 0.049280 -0.345758 1
0.083512 0.201119 -0.014064 1
-0.021806 -0.291213 -0.034736 0
0.377742 0.278730 -0.223117 1
-0.442068 -0.207778 0.264508 2
0.509130 0.239686 -0.101556 1
0.590104 0.173205 -0.101906 1
-0.519084 -0.137243 0.344877 2
-0.017626 -0.790906 -0.009400 0
0.021950 -0.642876 -0.055245 0
-0.553207 -0.075572 0.266131 2
-0.549798 0.049136 0.222290 2
0.284166 0.292876 0.003255 1
0.221642 0.272857 -0.119758 1
0.469091 0.250922 -0.005139 1
-0.019292 -0.526413 -0.083860 0
0.001318 -0.213443 -0.013320 0
-0.320297 0.230475 0.041806 2
-0.495521 -0.165955 0.221035 2
-0.548181 -0.029187 0.194054 2
0.003151 0.044499 0.000078 0
0.524156 0.257543 -0.219042 1
0.631940 0.009242 -0.223919 1
0.647701 0.129130 -0.187976 1
0.541702 0.163711 -0.005638 1
0.284260 0.266743 -0.138671 1
0.662594 -0.000931 -0.277364 1
-0.004199 -0.710570 -0.081723 0
0.023433 -0.012734 -0.057297 0
0.634681 0.210511 -0.267000 1
-0.027557 -0.370939 -0.058592 0
0.059263 0.172040 -0.065047 0
-0.173584 0.236275 0.017789 2
-0.408853 0.159237 0.204221 2
-0.031698 -0.969708 -0.030911 0
-0.011742 -0.868994 -0.088786 0
0.209374 0.279799 -0.021808 1
-0.556541 0.037403 0.291639 2
-0.251214 0.223300 0.071984 2
0.392845 0.276539 -0.093240 1
0.019928 -0.181531 -0.057866 0
-0.308432 0.202941 0.162455 2
0.613488 0.170004 -0.154653 1
-0.037667 -0.832078 -0.050717 0
0.362033 0.279456 0.039627 1
0.588608 0.117496 -0.085284 1
-0.358257 0.212065 0.080358 2
0.134094 0.270369 -0.111414 1
-0.500946 -0.194469 0.276265 2
-0.515099 -0.076267 0.146287 2
0.679884 0.108764 -0.250882 1
0.629903 -0.065238 -0.303684 1
-0.174755 0.225169 0.135691 2
0.405942 0.275745 -0.007122 1
-0.042186 -0.603459 -0.042537 0
-0.454953 0.112349 0.002419 2
0.008535 -0.458631 -0.017905 0
-0.240075 0.286825 -0.021120 2
0.121370 0.244122 -0.031886 1
-0.025703 0.144129 -0.024377 2
-0.341384 0.180203 0.218238 2
-0.411444 0.122836 0.275033 2
-0.409761 0.169613 0.135269 2
-0.473030 0.103198 0.280900 2
0.429182 0.295352 -0.215699 1
-0.466309 -0.026887 0.080577 2
-0.448795 0.153384 0.085448 2
-0.043870 0.225874 0.028023 2
0.506304 0.233090 -0.041830 1
0.016020 -0.474759 -0.071761 0
-0.025217 -0.085705 -0.034116 0
-0.136036 0.232879 0.099498 2
0.458532 0.267469 -0.116986 1
-0.026186 -0.719340 -0.014860 0
0.019706 -0.400201 -0.032964 0
-0.026332 0.086892 -0.034254 0
-0.360025 0.175836 0.118405 2
-0.239338 0.202112 0.185936 2
0.472979 0.241794 0.045936 1
0.672528 0.163458 -0.284208 1
-0.478939 0.093055 0.135238 2
-0.426104 -0.203363 0.322878 2
-0.019506 -0.552818 -0.039866 0
-0.134022 0.252898 -0.015053 2
0.613894 0.042003 -0.137385 1
-0.293461 0.284826 -0.011054 2
-0.007145 -0.939291 -0.082140 0
-0.558093 -0.015157 0.307802 2
0.033202 -0.277003 -0.047671 0
-0.494111 0.014394 0.089680 2
0.667780 0.055076 -0.302879 1
-0.474922 0.127837 0.195198 2
0.310474 0.282895 -0.068142 1
-0.009966 -0.640902 -0.015193 0
-0.471036 0.065002 0.030126 2
-0.012772 0.016289 -0.038847 0
-0.549222 -0.114265 0.308545 2
0.007314 -0.685058 -0.033117 0
0.367054 0.277100 -0.172222 1
0.577856 0.156640 -0.056577 1
0.043024 0.078394 -0.014797 0
0.193086 0.244696 -0.158256 1
0.285602 0.224152 -0.183312 1
-0.540213 -0.114997 0.238625 2
0.000292 -0.317481 -0.071159 0
0.180525 0.273021 0.020738 1
0.573023 0.235633 -0.190275 1
-0.024692 -0.181560 -0.039206 0
-0.045883 0.194110 -0.013443 2
-0.303855 0.178873 0.254324 2
-0.014318 -0.864343 -0.023591 0
-0.485472 -0.171618 0.350558 2
-0.503601 0.108225 0.239726 2
-0.024699 -0.487539 -0.050843 0
-0.014630 -0.041868 -0.051856 0
0.260691 0.275299 0.064027 1
-0.439661 0.146973 0.040173 2
-0.210181 0.275264 0.012089 2
0.013025 0.113929 -0.038194 0
-0.029752 -0.759378 -0.041390 0
0.017944 -0.132942 -0.065985 0
0.036609 0.003327 -0.016690 0
-0.007115 -0.365821 -0.017495 0
-0.510522 0.048755 0.194052 2
0.549573 0.214167 -0.100566 1
-0.219498 0.201665 0.097122 2
0.004348 -0.259037 -0.016968 0
-0.214154 0.236178 0.045542 2
0.166473 0.267064 -0.021898 1
0.469157 0.284375 -0.199091 1
0.327568 0.294359 0.012936 1
0.651397 0.093637 -0.214549 1
0.630940 0.170121 -0.196920 1
0.033529 -0.118087 -0.027442 0
-0.154203 0.210435 0.047812 2
0.567896 0.080191 -0.068620 1
-0.420669 0.128975 0.169466 2
-0.101989 0.206008 0.030282 2
0.616734 -0.027814 -0.206164 1
-0.517161 0.066059 0.143179 2
-0.146957 0.219819 0.186750 2
-0.562897 -0.045360 0.232526 2
-0.371860 0.245517 -0.011381 2
-0.407390 0.184197 0.038427 2
-0.012172 -0.667849 -0.079914 0
-0.535621 -0.037320 0.153233 2
-0.515207 -0.171952 0.318876 2
-0.519469 -0.131307 0.196072 2
-0.475189 0.122195 0.099950 2
0.024224 0.146777 -0.068287 0
0.007679 -0.393621 -0.073898 0
0.000193 -0.789768 -0.050824 0
0.658872 0.015099 -0.321897 1
0.152393 0.227822 -0.065846 1
0.402781 0.274409 -0.049750 1
0.217476 0.279422 -0.076312 1
0.618649 -0.026419 -0.369252 1
-0.531566 0.012669 0.210895 2
-0.523642 0.016933 0.119655 2
-0.010453 -0.821964 -0.081235 0
0.510164 0.250881 -0.258191 1
-0.095408 0.233673 0.116587 2
-0.476449 -0.198180 0.239910 2
0.012522 -0.307886 -0.017829 0
0.052507 0.168177 -0.024049 0
0.104332 0.200610 -0.050138 1
0.005774 -0.749625 -0.071350 0
-0.278032 0.217369 0.135003 2
-0.023154 -0.234604 -0.039245 0
0.181344 0.274349 -0.110291 1
-0.039852 -0.722349 -0.064397 0
0.009851 -0.554419 -0.075456 0
-0.290575 0.235170 0.074111 2
-0.015181 -0.628222 -0.069931 0
-0.473557 0.091718 0.175813 2
0.609122 0.080568 -0.109882 1
-0.491218 0.045389 0.063156 2
-0.240753 0.183569 0.222235 2
0.637573 0.009856 -0.361339 1
0.001823 -0.105535 -0.005102 0
0.287615 0.284696 -0.102246 1
0.532780 0.253579 -0.169874 1
0.529635 0.207921 -0.012351 1
-0.331049 0.205632 0.126789 2
-0.295031 0.254165 0.021806 2
0.350627 0.282019 -0.069533 1
0.004978 -0.597914 -0.053745 0
-0.568676 -0.050279 0.292626 2
0.044103 0.095080 -0.055107 0
-0.395366 0.155765 0.241109 2
0.655954 0.042245 -0.214266 1
0.636204 0.024380 -0.180398 1
0.627037 0.081170 -0.144614 1
-0.009882 -0.929257 -0.024398 0
0.379390 0.284863 -0.136062 1
0.246309 0.288069 -0.004553 1
0.020957 -0.052338 -0.039993 0
-0.003857 -0.277111 -0.066266 0
0.457184 0.280035 -0.153791 1
-0.466295 -0.221895 0.291496 2
-0.474991 -0.169960 0.188384 2
-0.505214 -0.107019 0.167655 2
0.482906 0.249340 -0.074795 1
0.601377 0.212845 -0.236287 1
0.358534 0.242915 -0.197250 1
-0.263201 0.197495 0.097881 2
0.321158 0.270736 -0.149387 1
0.030314 -0.235202 -0.032110 0
-0.052523 0.199181 0.054180 2
-0.201926 0.215576 0.160935 2
-0.466355 -0.118941 0.142249 2
0.592696 0.201426 -0.160789 1
0.416900 0.283999 -0.121799 1
0.316742 0.289184 -0.023137 1
-0.443548 0.152059 0.189157 2
0.445262 0.265435 0.021934 1
-0.009988 -0.826880 -0.023500 0
-0.513440 0.075540 0.223837 2
0.625846 -0.054131 -0.339348 1
0.560432 0.243894 -0.224623 1
0.415242 0.265497 -0.197850 1
0.247601 0.261754 -0.144291 1
0.681261 0.078145 -0.277048 1
-0.004756 0.054782 -0.039760 0
-0.160861 0.248002 0.055978 2
0.001000 -0.882583 -0.052041 0
-0.034416 -0.868401 -0.057487 0
-0.096326 0.229500 0.074134 2
0.652471 -0.037546 -0.294815 1
-0.108225 0.247921 0.010702 2
-0.009684 -0.335002 -0.040437 0
0.033689 -0.154794 -0.028981 0
-0.005459 -0.992323 -0.043007 0
-0.356833 0.234358 0.039441 2
0.659114 0.134314 -0.224163 1
0.512745 0.254455 -0.134665 1
-0.565394 0.025746 0.257639 2
-0.488089 0.093288 0.080958 2
-0.014441 -0.121770 -0.053804 0
0.432522 0.266471 -0.030085 1
-0.399091 0.217086 -0.010973 2
-0.487259 -0.050480 0.098434 2
-0.541398 -0.075553 0.231884 2
0.274007 0.288886 -0.031260 1
-0.523911 -0.146477 0.231658 2
-0.543284 0.054063 0.257570 2
0.013986 -0.518474 -0.073498 0
0.362646 0.287910 0.004977 1
0.640888 0.195639 -0.225256 1
0.129668 0.253751 -0.074787 1
-0.139682 0.225895 0.014696 2
-0.070907 0.196277 0.011722 2
-0.384634 0.208483 0.057008 2
-0.422092 0.148789 0.109442 2
-0.018904 0.147781 0.010152 2
0.034613 0.041891 -0.015797 0
0.285712 0.294952 0.038358 1
-0.407049 0.170157 0.170959 2
0.611027 0.144179 -0.111094 1
-0.033001 -0.943630 -0.058916 0
0.027647 -0.188915 -0.024127 0
-0.316858 0.192342 0.196491 2
0.558409 0.179237 -0.032305 1
-0.254001 0.298892 0.008570 2
-0.002669 -0.000813 -0.005381 0
-0.001049 0.078234 -0.007233 0
-0.177365 0.269213 0.003601 2
-0.005763 -0.207508 -0.051537 0
-0.016476 0.194181 0.004270 2
-0.328662 0.172407 0.134862 2
-0.528775 -0.000015 0.178831 2
0.085584 0.170108 -0.032571 1
-0.539505 -0.108481 0.276266 2
-0.504156 -0.165509 0.258403 2
-0.009461 -0.465354 -0.092461 0
-0.527423 -0.063084 0.180193 2
-0.076232 0.229566 0.019031 2
-0.206589 0.230281 0.109553 2
-0.007944 -0.417798 -0.024868 0
0.654828 0.080414 -0.320943 1
0.535154 0.232900 -0.243988 1
0.010500 0.144229 -0.023797 0
-0.555118 -0.013683 0.223035 2
0.651462 0.024760 -0.258858 1
-0.267178 0.237060 0.045891 2
0.466159 0.254656 -0.044242 1
0.491276 0.260867 -0.224612 1
0.075668 0.217940 -0.049487 1
0.391655 0.285762 0.021519 1
0.676800 0.131078 -0.277003 1
-0.382926 0.195297 0.099905 2
0.648641 0.093977 -0.173004 1
-0.447524 0.113011 0.180950 2
0.525138 0.226697 -0.075443 1
0.236779 0.280415 -0.042792 1
0.248227 0.280131 -0.101231 1
0.568823 0.192355 -0.084654 1
-0.148941 0.258069 0.021708 2
-0.377822 0.158942 0.140462 2
-0.255025 0.227961 0.107488 2
-0.035977 -0.976811 -0.066933 0
-0.186176 0.259169 0.037619 2
-0.546749 -0.082789 0.299674 2
0.024281 0.023485 -0.045196 0
0.052674 0.196036 -0.041190 0
-0.018777 -0.683869 -0.013432 0
0.625720 0.120857 -0.161537 1
-0.421099 0.200036 0.013329 2
-0.319923 0.211348 0.072988 2
0.193075 0.274508 -0.145018 1
0.023546 -0.486725 -0.041517 0
0.000099 -0.718778 -0.049784 0
-0.476835 0.123138 0.162876 2
0.008538 -0.551775 -0.023429 0
0.156098 0.248686 -0.101478 1
0.640674 -0.022852 -0.267906 1
0.105431 0.228288 -0.008553 1
0.021185 -0.434631 -0.035405 0
-0.529952 -0.144515 0.310570 2
0.000493 -0.487796 -0.006852 0
-0.532789 -0.102905 0.333730 2
-0.030004 -0.697636 -0.040200 0
0.559992 0.143822 -0.022999 1
0.664050 0.186509 -0.260500 1
-0.425127 0.174534 0.065638 2
0.021057 -0.088598 -0.026582 0
-0.341098 0.191493 0.097845 2
-0.201241 0.212845 0.063028 2
-0.004492 -0.161252 -0.055099 0
-0.449777 -0.187820 0.223098 2
-0.001194 -0.850375 -0.057651 0
0.009846 -0.349165 -0.070542 0
0.231718 0.263557 0.058327 1
0.636724 -0.022310 -0.234760 1
-0.520639 -0.006633 0.140734 2
-0.547796 -0.043664 0.319916 2
-0.214555 0.192794 0.205995 2
-0.004091 -0.063084 -0.022565 0
0.389394 0.279729 0.056168 1
0.442902 0.287406 -0.181053 1
-0.277146 0.204923 0.166591 2
0.059322 0.143697 -0.005234 0
0.026576 -0.213461 -0.066921 0
-0.012936 -0.748008 -0.013618 0
0.571281 0.202590 -0.120360 1
0.298235 0.253874 -0.163837 1
-0.029257 -0.457119 -0.044017 0
-0.227773 0.246314 0.072073 2
-0.009779 -0.897887 -0.021699 0
-0.379803 0.170880 0.206888 2
-0.014607 -0.014192 -0.031563 0
-0.490259 -0.092698 0.134822 2
0.256670 0.287688 0.029347 1
0.494656 0.235426 0.003807 1
0.595224 0.017228 -0.140691 1
0.011292 0.108324 -0.007449 0
-0.041490 -0.644854 -0.068159 0
0.194248 0.272794 -0.048104 1
-0.017317 -0.576696 -0.062452 0
0.602861 0.221603 -0.266079 1
0.653413 0.027411 -0.293926 1
-0.504166 0.102234 0.282702 2
0.673003 0.081237 -0.235827 1
-0.020948 -0.911305 -0.078738 0
-0.448236 0.143683 0.005434 2
0.172147 0.254661 -0.132346 1
0.221264 0.260159 -0.163838 1
0.340225 0.299977 0.048342 1
0.457799 0.236591 0.019572 1
-0.008273 -0.959254 -0.049540 0
0.537880 0.228476 -0.126127 1
0.588222 0.233111 -0.217402 1
-0.161098 0.255992 -0.029386 2
0.428783 0.270850 -0.092602 1
-0.532734 0.069782 0.195523 2
-0.266618 0.271787 0.002036 2
-0.018882 0.146548 -0.054443 0
-0.346417 0.198162 0.152164 2
-0.559346 0.016328 0.224107 2
0.635839 0.045708 -0.157741 1
-0.014935 -0.391850 -0.040923 0
-0.449182 0.123331 0.268247 2
-0.026707 -0.797881 -0.040033 0
-0.019170 -0.522779 -0.040717 0
0.026203 -0.024105 -0.022939 0
-0.466535 0.121562 0.030789 2
0.156274 0.281795 -0.127974 1
-0.500673 -0.196601 0.310141 2
-0.494536 0.071891 0.161863 2
-0.544048 0.037671 0.195271 2
0.003654 -0.718433 -0.014372 0
0.001222 -0.627952 -0.039791 0
-0.347309 0.248299 0.013497 2
0.582368 0.122564 -0.051737 1
0.012933 -0.342124 -0.016855 0
-0.568995 -0.037434 0.265728 2
0.022780 -0.376879 -0.051249 0
0.036182 0.145569 -0.041047 0
-0.061832 0.218769 -0.005530 2
-0.462756 -0.193230 0.344944 2
0.390413 0.285206 -0.188763 1
-0.425750 0.142314 0.248483 2
0.592219 0.149474 -0.084205 1
0.656863 -0.012670 -0.310396 1
-0.538712 0.077688 0.239220 2
0.014717 -0.439055 -0.066954 0
-0.015112 -0.601823 -0.030563 0
-0.435169 0.156780 0.161131 2
-0.539651 -0.053156 0.212581 2
-0.526045 0.055766 0.169907 2
0.351417 0.263890 -0.216794 1
0.484170 0.266722 -0.136873 1
-0.146415 0.230256 0.126976 2
0.599193 0.179347 -0.129275 1
0.270655 0.246668 -0.171143 1
-0.464752 0.131357 0.074097 2
0.510052 0.266138 -0.189259 1
-0.029655 0.176438 -0.030153 2
0.057646 0.133707 -0.057616 0
0.147955 0.257529 -0.042340 1
-0.494879 0.094362 0.110863 2
-0.494844 -0.062166 0.124035 2
-0.173727 0.232621 0.107614 2
0.007301 -0.539937 -0.049912 0
0.485016 0.254165 -0.108621 1
-0.523321 -0.167292 0.291082 2
-0.044662 -0.692344 -0.064648 0
-0.438821 -0.218950 0.302004 2
-0.171343 0.222017 0.171276 2
-0.477879 -0.211648 0.265452 2
0.143871 0.259001 -0.004966 1
-0.410050 0.178536 0.107127 2
-0.010540 -0.500535 -0.072422 0
-0.482673 0.122693 0.222555 2
-0.028206 0.117204 -0.014208 0
0.014420 -0.303965 -0.049909 0
-0.237292 0.268024 0.005285 2
-0.002217 -0.077070 -0.049311 0
-0.312475 0.166028 0.230119 2
0.620817 -0.000797 -0.197425 1
0.591392 0.154076 -0.145652 1
-0.427730 0.137336 0.135610 2
-0.083447 0.226865 0.046568 2
-0.014984 -0.261943 -0.040998 0
0.524349 0.186836 0.006083 1
0.677180 0.146054 -0.252797 1
0.378850 0.279361 -0.067002 1
-0.542684 0.069067 0.291648 2
-0.477534 -0.000967 0.065660 2
-0.385343 0.142842 0.266683 2
0.637626 -0.053180 -0.276426 1
0.625500 0.148075 -0.180110 1
-0.002028 -0.919990 -0.049875 0
0.129236 0.213872 -0.050117 1
0.445974 0.253610 0.047528 1
-0.264697 0.184642 0.237036 2
-0.345991 0.188580 0.185576 2
-0.463173 0.091440 0.019346 2
-0.512255 0.040196 0.133318 2
-0.315210 0.271264 0.012355 2
-0.496503 -0.013526 0.091192 2
-0.478153 0.117358 0.257233 2
0.401393 0.291675 -0.215283 1
-0.476155 -0.185539 0.213889 2
-0.516822 -0.048991 0.135383 2
-0.009124 -0.693736 -0.058471 0
0.036149 0.107644 -0.020920 0
0.549223 0.248678 -0.197053 1
0.310705 0.282042 -0.119731 1
0.099825 0.234483 -0.056658 1
0.640622 -0.000222 -0.251312 1
-0.226616 0.252474 0.026709 2
0.001197 -0.894724 -0.081873 0
-0.002959 -0.655330 -0.056854 0
-0.449586 0.147899 0.118389 2
-0.565973 0.012466 0.283793 2
-0.002344 -0.181076 -0.022723 0
-0.001324 -0.763856 -0.040993 0
0.211076 0.283610 0.010618 1
-0.199195 0.249836 0.012399 2
0.363132 0.285440 -0.101948 1
-0.462353 0.112687 0.125085 2
-0.159051 0.239569 0.082181 2
-0.426287 0.170627 0.023629 2
-0.293045 0.248675 0.048735 2
0.010615 -0.797013 -0.026562 0
-0.453550 0.112383 0.152542 2
0.671380 0.038559 -0.276563 1
0.354187 0.280510 -0.145752 1
-0.017123 -0.575899 -0.022294 0
-0.035994 -0.553606 -0.061586 0
0.457828 0.289756 -0.223297 1
-0.355719 0.171412 0.239691 2
-0.042667 -0.639447 -0.041504 0
0.284254 0.283025 -0.057125 1
0.021946 0.076170 -0.043984 0
0.196324 0.262604 -0.178364 1
0.646714 -0.051483 -0.319782 1
-0.251060 0.208033 0.160646 2
-0.303356 0.214793 0.126276 2
-0.329119 0.169716 0.255436 2
0.604073 0.116270 -0.112506 1
0.660634 0.068303 -0.209699 1
-0.039836 0.156027 -0.004947 2
-0.010012 -0.456451 -0.067112 0
-0.492986 -0.147188 0.187158 2
0.287037 0.282014 0.061759 1
-0.549802 -0.000173 0.195338 2
0.654035 0.151022 -0.201919 1
-0.509360 0.104774 0.213927 2
0.011229 -0.461112 -0.049400 0
0.590139 0.038886 -0.120839 1
0.259668 0.222871 -0.177513 1
-0.043015 0.201376 0.011958 2
0.020786 -0.282773 -0.015523 0
-0.452543 0.139110 0.213999 2
0.349326 0.269111 -0.190883 1
0.624287 0.142783 -0.137364 1
-0.403695 0.142958 0.154669 2
-0.006459 0.172466 -0.007125 2
0.443400 0.262495 -0.004284 1
-0.013922 -0.501494 -0.024273 0
-0.503903 0.038559 0.108314 2
0.605463 0.190828 -0.184583 1
0.026986 0.170280 -0.041206 0
0.178444 0.255988 0.040744 1
-0.107492 0.217609 0.133608 2
-0.007181 -0.784221 -0.075484 0
0.075029 0.196793 -0.065107 1
-0.002988 -0.118365 -0.027542 0
-0.480847 0.082117 0.047461 2
0.587664 0.078172 -0.085771 1
0.645941 0.043314 -0.320499 1
-0.125364 0.236282 0.075970 2
0.314513 0.286226 -0.094320 1
-0.280315 0.222035 0.108718 2
-0.381194 0.184522 0.142752 2
-0.146880 0.229731 0.162861 2
-0.215583 0.278650 -0.022191 2
-0.351028 0.210282 0.055616 2
0.644550 0.029323 -0.234384 1
0.437471 0.283688 -0.137409 1
-0.425261 0.148991 0.221324 2
0.594219 0.217068 -0.181248 1
0.193357 0.274413 -0.083945 1
0.421422 0.275081 0.023394 1
-0.175768 0.223364 0.042238 2
-0.024993 -0.670416 -0.057775 0
-0.422048 0.152874 0.084091 2
-0.553275 -0.093828 0.248179 2
0.009432 -0.577384 -0.039140 0
-0.011354 -0.443419 -0.032006 0
0.667244 0.093340 -0.295943 1
-0.515264 0.078360 0.249286 2
0.486923 0.220934 0.023342 1
-0.385486 0.167931 0.117899 2
0.020733 -0.207034 -0.040624 0
-0.372240 0.192032 0.073203 2
0.107043 0.247851 -0.094391 1
-0.230881 0.230826 0.099972 2
-0.320805 0.248069 0.021197 2
0.418619 0.290533 -0.187868 1
-0.026655 -0.810633 -0.065270 0
-0.023455 -0.959995 -0.081290 0
0.020619 -0.706349 -0.078583 0
0.019854 -0.114712 -0.048507 0
-0.016216 -0.764191 -0.063014 0
-0.518350 0.025211 0.180303 2
-0.540502 -0.013600 0.161070 2
-0.252657 0.247271 0.064233 2
0.336522 0.285919 -0.048976 1
-0.120848 0.233434 -0.005611 2
-0.307236 0.189888 0.223947 2
0.069510 0.155940 -0.048604 1
-0.502202 -0.189931 0.334349 2
0.631547 0.213305 -0.242203 1
0.007947 0.133667 -0.054345 0
0.509853 0.225890 -0.013778 1
-0.500191 -0.182254 0.240119 2
-0.458838 -0.220398 0.250750 2
-0.030344 0.192793 0.044382 2
0.432599 0.287649 -0.239293 1
0.010015 -0.258965 -0.055995 0
0.096245 0.226142 -0.031723 1
0.527585 0.213390 -0.047355 1
-0.211683 0.221676 0.134460 2
-0.525130 -0.092078 0.170001 2
-0.015942 -0.301287 -0.056860 0
-0.499577 0.096337 0.160549 2
-0.294093 0.197552 0.187620 2
0.635732 0.028857 -0.204966 1
0.000796 0.092245 -0.036821 0
-0.018370 -0.658490 -0.030703 0
0.379914 0.278771 -0.030596 1
0.551853 0.238991 -0.163318 1
0.007842 0.025946 -0.015839 0
-0.281070 0.214147 0.083337 2
-0.507972 -0.001739 0.114853 2
-0.012247 -0.471516 -0.022300 0
0.458515 0.260223 -0.093226 1
-0.000206 -0.814933 -0.056636 0
-0.459287 0.043168 0.030382 2
-0.051745 0.176198 0.003181 2
-0.004810 -0.185943 -0.063726 0
0.210307 0.265753 0.039088 1
-0.557948 -0.024296 0.283586 2
-0.485584 0.065129 0.088438 2
-0.029917 -0.883951 -0.081264 0
0.390739 0.285828 -0.163649 1
-0.007922 -0.973554 -0.025894 0
-0.450675 0.127580 0.104574 2
-0.329720 0.213141 0.100153 2
-0.002873 -0.365075 -0.056893 0
0.364272 0.290016 0.061630 1
0.619939 -0.045104 -0.227124 1
-0.172332 0.246770 -0.004791 2
0.400073 0.263678 0.027881 1
-0.449132 -0.210632 0.326798 2
0.163568 0.270118 -0.092391 1
0.010654 -0.377633 -0.029344 0
-0.529762 -0.118592 0.214149 2
-0.290672 0.276223 0.012460 2
-0.436899 0.144494 0.064195 2
0.020463 -0.771938 -0.048107 0
-0.369951 0.239632 0.012267 2
-0.495320 0.068781 0.132986 2
-0.318012 0.188144 0.116208 2
0.389061 0.262782 -0.208792 1
-0.465258 -0.153299 0.173764 2
-0.504074 -0.156992 0.345666 2
-0.537194 -0.128579 0.327225 2
-0.488608 -0.119160 0.151597 2
-0.028499 0.112703 -0.037890 0
-0.020024 -0.733848 -0.071662 0
-0.014381 -0.547777 -0.074123 0
0.122779 0.229285 -0.078770 1
-0.003180 -0.605216 -0.075234 0
0.010618 -0.417435 -0.057500 0
-0.026125 -0.705096 -0.073731 0
0.613858 -0.066706 -0.355991 1
0.641938 0.000678 -0.330710 1
-0.125534 0.226596 0.178559 2
0.531893 0.246304 -0.147151 1
0.016385 -0.325676 -0.040188 0
-0.461236 0.139576 0.047166 2
0.007453 -0.496776 -0.057238 0
0.653987 0.065393 -0.232384 1
-0.263596 0.200118 0.185575 2
-0.107482 0.218136 0.010595 2
0.543021 0.199068 -0.033914 1
-0.307859 0.222652 0.090004 2
-0.022232 -0.624721 -0.038316 0
0.654438 0.116561 -0.206924 1
-0.013840 -0.843543 -0.090439 0
-0.004754 -0.233925 -0.023577 0
0.590460 0.233263 -0.241308 1
-0.471003 0.050069 0.049781 2
0.006709 0.001469 -0.048382 0
-0.545492 0.016882 0.295681 2
-0.335694 0.227389 0.065798 2
-0.001280 -0.102499 -0.050356 0
-0.526641 -0.128902 0.258198 2
-0.562306 -0.063345 0.248191 2
0.036497 0.193971 -0.024304 0
0.036800 0.116380 -0.048723 0
-0.027311 -0.881834 -0.032049 0
-0.024909 -0.326495 -0.055984 0
-0.529409 -0.023565 0.179043 2
-0.360679 0.202883 0.103500 2
0.587052 0.214047 -0.203976 1
-0.002005 -0.087707 -0.023105 0
-0.266580 0.237785 0.081879 2
-0.031547 -0.722885 -0.042617 0
0.482676 0.247712 -0.023804 1
0.637210 -0.037115 -0.353758 1
0.314369 0.299948 0.038869 1
-0.227419 0.254683 0.050245 2
0.111212 0.199541 -0.027986 1
-0.491006 0.115979 0.179811 2
0.643457 0.170636 -0.216408 1
-0.532793 -0.122926 0.293085 2
-0.122002 0.233858 0.125733 2
-0.244314 0.240194 0.043870 2
-0.012622 -0.144734 -0.041133 0
-0.490439 -0.207680 0.292022 2
0.271881 0.275357 -0.121204 1
-0.008639 0.152932 -0.074886 0
0.078053 0.218179 -0.073146 1
0.019676 0.072769 -0.015678 0
-0.027327 -0.853656 -0.041302 0
-0.012047 -0.226060 -0.063553 0
-0.228461 0.220571 0.073475 2
0.160576 0.261980 0.018324 1
-0.023898 -0.604892 -0.056287 0
0.648988 0.041498 -0.188682 1
-0.023778 -0.049174 -0.032184 0
0.668304 0.078131 -0.258192 1
0.004787 -0.576060 -0.068228 0
0.637758 0.107447 -0.147485 1
0.543105 0.210238 -0.079023 1
0.306645 0.228102 -0.191193 1
0.636377 -0.012921 -0.361454 1
0.680066 0.108510 -0.277423 1
0.614893 0.169881 -0.180718 1
-0.532927 0.012382 0.143384 2
-0.466921 -0.060422 0.100959 2
-0.020207 0.170478 0.010934 2
-0.566807 -0.023671 0.239762 2
-0.310617 0.235689 0.063484 2
-0.199085 0.252762 0.055133 2
0.611380 0.159429 -0.127852 1
0.124966 0.239609 0.003682 1
-0.001981 0.126319 -0.003831 0
-0.462066 0.139380 0.168426 2
0.415822 0.272259 -0.074128 1
-0.036055 -0.788920 -0.058746 0
-0.250569 0.196111 0.204586 2
0.612148 0.142819 -0.162741 1
-0.003771 -0.732310 -0.032202 0
0.035542 0.130147 -0.021234 0
-0.386527 0.176948 0.180662 2
-0.552655 -0.089551 0.320308 2
0.495535 0.273576 -0.206594 1
-0.393391 0.230917 0.007766 2
-0.123902 0.249340 0.028034 2
0.634138 0.112251 -0.182202 1
-0.504528 -0.129229 0.170559 2
0.087271 0.185974 -0.049792 1
-0.008982 0.134210 -0.038597 0
-0.097522 0.238291 0.027811 2
-0.400308 0.201853 0.021287 2
-0.209801 0.207188 0.180024 2
-0.018781 0.094205 -0.014604 0
-0.530201 0.050334 0.207239 2
-0.001626 -0.325299 -0.016811 0
-0.053806 0.211074 0.072817 2
-0.151823 0.239638 -0.009041 2
0.016761 -0.158229 -0.049741 0
-0.514281 0.038296 0.162900 2
0.244457 0.280373 0.046271 1
0.667615 0.106060 -0.222975 1
0.586234 0.195085 -0.137789 1
0.006356 -0.864905 -0.076816 0
-0.472269 0.100988 0.105351 2
-0.520180 0.096248 0.231511 2
-0.514359 0.077914 0.169328 2
-0.073354 0.221384 0.065351 2
-0.003208 -0.522500 -0.060363 0
-0.422348 0.159982 0.186860 2
-0.531978 -0.092580 0.221641 2
-0.358423 0.260286 -0.002178 2
-0.520192 -0.105464 0.194433 2
-0.026635 -0.941913 -0.030828 0
-0.014463 0.064156 -0.022454 0
-0.201794 0.264885 -0.012093 2
0.584001 0.095047 -0.067416 1
0.014003 -0.167815 -0.028907 0
0.638867 0.028550 -0.339494 1
-0.523738 -0.155765 0.259959 2
-0.262292 0.287885 -0.012204 2
-0.520003 0.098487 0.256539 2
0.333873 0.283124 -0.083608 1
-0.538019 0.059936 0.140515 2
-0.038503 -0.986841 -0.047645 0
0.067836 0.147115 -0.025096 1
0.647773 -0.001366 -0.293437 1
0.181075 0.268214 -0.162140 1
0.655059 0.077589 -0.189292 1
0.295808 0.287949 -0.030874 1
0.651228 0.198659 -0.274876 1
-0.554553 -0.066005 0.311216 2
-0.490963 0.040715 0.084457 2
0.613387 0.066752 -0.126200 1
-0.565330 0.000889 0.239882 2
-0.005366 -0.706625 -0.032572 0
-0.545636 0.036621 0.239599 2
-0.531214 -0.011263 0.197461 2
0.643117 -0.029159 -0.313623 1
-0.122379 0.213360 0.031129 2
0.573628 0.222518 -0.162972 1
-0.015109 -0.538959 -0.023782 0
0.142800 0.264007 -0.091227 1
0.651079 0.196794 -0.244295 1
0.619630 0.199578 -0.225340 1
-0.483023 0.024751 0.056184 2
0.008146 -0.474411 -0.032645 0
-0.082213 0.229192 0.100123 2
-0.447295 0.159254 0.020329 2
-0.008160 -0.338781 -0.064875 0
0.485639 0.276298 -0.181583 1
0.020230 -0.323523 -0.065729 0
0.482535 0.241827 0.020678 1
0.047984 0.163903 -0.048635 0
0.207186 0.275573 -0.100374 1
0.337959 0.288614 -0.004966 1
0.142131 0.283194 -0.144073 1
0.338212 0.248840 -0.200826 1
0.010761 0.156597 -0.044274 0
-0.023336 -0.768055 -0.022863 0
0.236414 0.280165 -0.066291 1
0.598501 0.096648 -0.086417 1
-0.445211 0.127418 0.128209 2
0.666327 0.120925 -0.239611 1
0.335866 0.267668 -0.171852 1
-0.029544 0.187013 0.020777 2
0.011250 -0.221304 -0.053425 0
-0.081667 0.212923 -0.000263 2
0.507148 0.250075 -0.233909 1
-0.357333 0.179210 0.204120 2
0.017477 -0.131844 -0.030178 0
0.029892 0.052640 -0.036593 0
0.619583 0.022318 -0.167235 1
0.216825 0.277681 -0.049702 1
0.033012 -0.069859 -0.039770 0
0.104242 0.252699 -0.046620 1
-0.230006 0.209878 0.162802 2
0.113434 0.216250 -0.064841 1
-0.500036 0.094160 0.133130 2
-0.358546 0.195043 0.135051 2
-0.029272 0.150593 0.028413 2
-0.110393 0.233085 0.090607 2
-0.517856 0.075421 0.288480 2
-0.278217 0.265189 0.028429 2
0.465667 0.282342 -0.178133 1
-0.392944 0.196260 0.072491 2
0.383332 0.282092 0.002439 1
-0.019159 -0.852249 -0.068618 0
-0.556491 0.051652 0.276040 2
-0.506485 -0.157984 0.204847 2
-0.476352 0.081334 0.068054 2
0.022003 -0.496794 -0.072501 0
-0.512607 -0.176955 0.273960 2
-0.293324 0.227687 0.054469 2
-0.157962 0.224941 0.026265 2
-0.317205 0.208724 0.142381 2
-0.544372 -0.065790 0.196389 2
0.020262 -0.066966 -0.056650 0
0.415858 0.276380 -0.216023 1
0.616894 -0.070777 -0.330064 1
0.064043 0.185776 -0.023341 0
0.223395 0.284094 -0.006772 1
0.007006 -0.289538 -0.029841 0
-0.557253 -0.032452 0.213885 2
-0.413961 0.199725 -0.006403 2
0.537524 0.237291 -0.264368 1
0.494231 0.261819 -0.250060 1
-0.065699 0.199703 -0.017399 2
0.520972 0.238557 -0.118942 1
-0.531874 -0.061979 0.159757 2
0.179719 0.273933 -0.007246 1
0.579522 0.174437 -0.083398 1
-0.275092 0.225063 0.064358 2
-0.013869 -0.927741 -0.065205 0
-0.552532 0.025909 0.274065 2
0.151442 0.239747 -0.083219 1
0.451981 0.259173 -0.023000 1
-0.397769 0.176412 0.152469 2
-0.468124 -0.140743 0.155198 2
0.173208 0.280690 -0.144292 1
0.005035 -0.680604 -0.066227 0
-0.434813 0.121336 0.152296 2
0.566267 0.183389 -0.066114 1
0.627805 0.195567 -0.198540 1
-0.373440 0.209611 0.038619 2
-0.019247 -0.106690 -0.032950 0
0.674470 0.165203 -0.260270 1
0.589372 0.131515 -0.069077 1
-0.019890 -0.651256 -0.068097 0
-0.408965 0.148727 0.135475 2
-0.479881 0.112261 0.082117 2
0.006325 -0.652471 -0.020610 0
0.023089 0.001690 -0.032262 0
-0.010317 -0.314791 -0.032354 0
0.528571 0.257083 -0.190715 1
-0.027616 0.172237 -0.008787 2
0.617061 0.209109 -0.256367 1
-0.490136 -0.197386 0.256980 2
0.304622 0.248492 -0.185984 1
-0.396352 0.160635 0.220549 2
-0.012254 -0.393871 -0.068680 0
-0.164242 0.257666 0.035482 2
0.542401 0.182558 -0.013830 1
0.247437 0.272648 -0.120365 1
-0.430148 0.158224 0.125800 2
-0.482079 -0.186166 0.335857 2
-0.039844 -0.890986 -0.064732 0
-0.555321 -0.092086 0.283546 2
0.425472 0.269562 -0.049076 1
0.006464 -0.013381 -0.018722 0
-0.542400 -0.128587 0.273703 2
-0.556454 -0.052140 0.272483 2
-0.530253 -0.118851 0.346276 2
0.629613 -0.014860 -0.215326 1
0.006065 -0.864191 -0.044470 0
0.554180 0.225835 -0.241908 1
0.352773 0.296045 0.032203 1
-0.552586 -0.035745 0.301749 2
-0.515333 -0.141799 0.213504 2
0.235675 0.283624 0.012249 1
-0.008936 -0.035241 -0.032423 0
-0.005080 -0.841736 -0.036526 0
0.572168 0.144384 -0.039302 1
-0.506470 0.079259 0.118067 2
0.008532 -0.747850 -0.048765 0
-0.013860 -0.369132 -0.040272 0
0.626259 0.092179 -0.127541 1
0.358526 0.284078 -0.050925 1
-0.036534 -0.739502 -0.054040 0
0.404709 0.285342 0.037035 1
-0.513757 0.068428 0.188527 2
-0.490482 0.065512 0.065006 2
-0.512625 -0.183679 0.300250 2
-0.409583 0.187854 0.064748 2
0.030463 -0.250829 -0.044877 0
0.593316 0.068315 -0.107189 1
0.271011 0.284802 -0.083461 1
0.633068 0.081702 -0.163849 1
-0.000386 -0.981654 -0.074652 0
0.512665 0.217685 0.005139 1
0.661937 0.054997 -0.283594 1
-0.517103 0.051410 0.116468 2
0.009373 -0.023099 -0.047285 0
0.011570 -0.356138 -0.031235 0
-0.389312 0.135008 0.248575 2
-0.418460 0.174856 0.089220 2
-0.540826 0.077607 0.259437 2
-0.525561 -0.154022 0.327698 2
-0.340869 0.203530 0.075167 2
-0.309041 0.252696 0.037335 2
0.431696 0.253111 0.033469 1
-0.023078 -0.987613 -0.033341 0
0.042734 0.088107 -0.032300 0
0.235037 0.281527 -0.086212 1
-0.367507 0.222224 0.052972 2
0.154611 0.261971 -0.125849 1
-0.367994 0.171207 0.223032 2
-0.372796 0.192196 0.116869 2
-0.520091 -0.126878 0.230713 2
0.614820 -0.049255 -0.365693 1
-0.023875 -0.581423 -0.044179 0
-0.017521 0.122685 0.022434 2
0.603619 0.128669 -0.092224 1
0.006555 -0.558848 -0.056279 0
-0.056119 0.213702 0.040982 2
0.646664 0.061020 -0.330253 1
0.147288 0.260283 -0.068180 1
0.571207 0.239172 -0.240682 1
0.167119 0.264664 -0.047805 1
0.377502 0.291777 0.037436 1
0.652920 0.012773 -0.242621 1
-0.031592 0.134616 -0.005214 2
0.296942 0.296135 0.021991 1
-0.334702 0.235899 0.028535 2
0.642382 0.064215 -0.162276 1
-0.097516 0.229264 0.146242 2
-0.369625 0.182881 0.091942 2
-0.203889 0.236417 0.090877 2
-0.320349 0.182111 0.238661 2
0.002296 -0.667197 -0.040140 0
0.613568 -0.013072 -0.181801 1
-0.057209 0.183449 0.020795 2
-0.549156 -0.112571 0.259449 2
-0.531970 0.078324 0.213379 2
-0.421622 0.165195 0.048532 2
0.533066 0.225044 -0.099437 1
-0.530246 -0.026990 0.137232 2
-0.005011 -0.276115 -0.013508 0
-0.224828 0.284123 -0.005584 2
-0.461088 0.143292 0.097201 2
-0.511473 0.014506 0.099119 2
-0.524345 0.010687 0.161098 2
0.019266 -0.274586 -0.033876 0
-0.333262 0.198016 0.166888 2
-0.445973 0.133395 0.079819 2
0.035779 -0.091409 -0.039412 0
0.071669 0.202351 -0.030826 1
0.156888 0.269600 -0.143890 1
0.340123 0.282982 -0.132170 1
-0.004777 -0.903371 -0.065225 0
0.601555 0.185734 -0.152868 1
0.643237 0.091696 -0.196750 1
-0.552025 0.012236 0.248881 2
-0.530545 0.070646 0.157863 2
0.013986 -0.411803 -0.018217 0
-0.463322 0.134636 0.126063 2
-0.451451 0.133912 0.028915 2
-0.006409 -0.439077 -0.013569 0
-0.186995 0.212740 0.178487 2
-0.014199 0.154103 -0.007762 2
0.376083 0.252436 -0.198426 1
-0.162105 0.225932 0.151182 2
-0.017742 -0.876977 -0.067637 0
0.136801 0.246282 -0.099383 1
-0.473822 0.120934 0.143678 2
0.536964 0.251481 -0.232501 1
-0.479049 0.090475 0.154609 2
-0.452014 -0.200112 0.238124 2
0.500800 0.241555 -0.075732 1
0.011903 0.038421 -0.047455 0
-0.094564 0.240359 -0.006567 2
0.117660 0.244413 -0.058077 1
-0.205575 0.207909 0.081380 2
-0.004689 -0.812009 -0.037900 0
-0.237574 0.206201 0.091435 2
-0.004424 -0.198576 -0.031030 0
-0.100913 0.215119 0.114434 2
0.367049 0.282020 -0.014369 1
0.654595 0.069385 -0.302884 1
0.602545 0.208933 -0.215594 1
0.394674 0.284802 -0.110738 1
0.310679 0.291690 -0.004848 1
-0.009124 -0.942181 -0.040337 0
0.261908 0.290045 -0.015931 1
0.483392 0.276346 -0.233267 1
-0.490331 0.118000 0.205375 2
-0.562101 0.007803 0.302204 2
-0.211326 0.265869 0.028993 2
-0.162158 0.207815 0.186969 2
-0.028300 -0.926706 -0.042707 0
-0.025688 -0.815028 -0.031120 0
0.006949 -0.046176 -0.020460 0
0.002892 -0.415526 -0.075123 0
0.302737 0.273334 -0.135047 1
-0.005009 -0.774167 -0.023091 0
0.462245 0.255383 0.020188 1
-0.543478 0.001686 0.221836 2
0.004733 -0.604952 -0.035786 0
-0.436967 0.161158 0.098544 2
0.023999 -0.265549 -0.067516 0
0.493180 0.246146 -0.092868 1
0.310710 0.286499 -0.049223 1
0.244915 0.254721 -0.162010 1
-0.170939 0.266743 -0.014376 2
0.674449 0.120323 -0.292793 1
-0.553362 0.015749 0.205543 2
0.221734 0.265683 -0.145411 1
-0.481534 0.081754 0.097241 2
-0.553434 -0.005682 0.285418 2
0.441092 0.269308 -0.109080 1
0.006328 0.142490 -0.080962 0
0.364851 0.274200 -0.207687 1
-0.394577 0.212140 0.036819 2
-0.266623 0.250000 0.030398 2
-0.505689 0.055300 0.160479 2
-0.000693 -0.615560 -0.059254 0
-0.189905 0.228491 0.118874 2
0.257741 0.284907 -0.040637 1
0.298836 0.284716 -0.083283 1
-0.039352 -0.617682 -0.055079 0
-0.293808 0.208838 0.151566 2
-0.494362 0.107968 0.267279 2
-0.552754 -0.066271 0.292094 2
-0.203459 0.244244 0.072865 2
-0.483110 -0.015779 0.076397 2
-0.461263 -0.010994 0.065594 2
-0.015141 -0.537316 -0.058160 0
-0.498326 -0.035781 0.103547 2
0.627758 0.007266 -0.179850 1
0.658097 0.042258 -0.262640 1
0.406511 0.286631 -0.145455 1
-0.543727 -0.092117 0.267416 2
-0.015887 -0.749947 -0.032330 0
0.563955 0.160596 -0.031052 1
-0.435742 0.139770 0.099765 2
-0.015703 -0.970187 -0.067246 0
-0.531159 0.066971 0.276703 2
-0.488167 0.108010 0.142423 2
0.001735 0.024069 0.002029 0
0.609164 0.006832 -0.148278 1
0.519677 0.258616 -0.154798 1
0.662713 0.039042 -0.311610 1
0.096653 0.207692 -0.066810 1
-0.176723 0.263322 0.021746 2
0.399011 0.276247 -0.031293 1
-0.479796 -0.216095 0.309393 2
-0.019691 0.120384 0.002838 2
-0.342032 0.181469 0.116832 2
-0.067292 0.198594 0.068340 2
-0.009104 -0.948514 -0.065068 0
0.447500 0.291678 -0.207607 1
-0.541097 -0.050111 0.179135 2
-0.527702 0.042212 0.143979 2
-0.387169 0.231717 -0.010873 2
0.024503 -0.141021 -0.049439 0
0.017381 -0.624634 -0.053884 0
-0.409448 0.139464 0.266375 2
0.023919 0.091086 -0.016971 0
-0.015249 -0.592650 -0.013867 0
0.359910 0.282948 -0.127965 1
-0.012592 0.107509 -0.029233 0
0.008625 -0.103233 -0.023938 0
0.494011 0.229366 0.038616 1
-0.034560 -0.959797 -0.049392 0
-0.546927 -0.077260 0.213981 2
0.661021 0.040873 -0.232333 1
0.005256 0.192755 -0.006469 2
0.654864 -0.008167 -0.260675 1
-0.022967 -0.164900 -0.047754 0
-0.025245 -0.736472 -0.022472 0
-0.228215 0.227390 0.118216 2
-0.568509 0.001953 0.268485 2
-0.517100 -0.117796 0.178421 2
-0.480587 -0.071380 0.116144 2
-0.538145 0.025728 0.178877 2
0.000411 -0.059564 -0.004748 0
0.017665 -0.286954 -0.056955 0
0.600945 0.053855 -0.117891 1
0.002630 -0.487422 -0.074877 0
-0.492109 0.067216 0.114641 2
0.200511 0.278166 -0.005442 1
0.129555 0.251327 -0.014175 1
0.024053 0.094595 -0.046113 0
0.642321 -0.053208 -0.294581 1
-0.555254 -0.038273 0.248002 2
-0.291219 0.190189 0.109215 2
-0.045418 -0.688388 -0.045186 0
0.573545 0.195456 -0.102432 1
-0.276962 0.243878 0.064799 2
-0.540791 -0.102286 0.293799 2
0.462597 0.228864 0.003310 1
-0.004246 0.002078 -0.023718 0
0.616337 0.025974 -0.146521 1
-0.555317 -0.059823 0.223603 2
-0.385908 0.172295 0.099815 2
-0.100603 0.233168 0.049965 2
-0.435370 0.152060 0.205843 2
0.022792 -0.299464 -0.033950 0
0.009284 -0.221063 -0.028266 0
0.004912 -0.140796 -0.055345 0
0.263282 0.289856 0.002725 1
0.242757 0.284826 -0.022459 1
0.637480 0.132681 -0.172922 1
-0.016813 -0.470258 -0.048032 0
0.646326 0.055562 -0.205715 1
0.619990 0.058192 -0.143991 1
-0.468214 -0.100813 0.127479 2
0.207723 0.270597 -0.134384 1
0.375757 0.271181 0.030409 1
0.653713 0.156613 -0.222684 1
-0.460772 -0.220494 0.309063 2
0.648961 -0.002029 -0.347564 1
-0.005980 -0.736931 -0.060104 0
0.545313 0.233784 -0.145291 1
-0.251962 0.224733 0.125387 2
0.018956 -0.062265 -0.024591 0
0.153886 0.275015 -0.111002 1
0.599509 0.157389 -0.102871 1
-0.470231 0.126246 0.235667 2
-0.057841 0.215828 0.021451 2
-0.511682 -0.167940 0.238867 2
-0.370037 0.180081 0.188142 2
-0.003821 0.038585 -0.022246 0
-0.439990 0.150312 0.139861 2
0.004480 -0.590529 -0.083124 0
0.662264 0.014295 -0.303136 1
-0.004471 -0.250033 -0.065936 0
0.681726 0.090438 -0.259957 1
0.022396 0.009465 -0.056797 0
-0.000120 -0.060206 -0.056061 0
0.639837 -0.039651 -0.260756 1
-0.503756 0.107071 0.195314 2
-0.432352 0.183786 0.012495 2
-0.008703 -0.286527 -0.048957 0
0.372923 0.282538 -0.155832 1
0.548932 0.147092 -0.007648 1
0.670835 0.130299 -0.259413 1
0.564134 0.242628 -0.205607 1
-0.118867 0.232407 0.107848 2
-0.006561 -0.883180 -0.031935 0
-0.293645 0.183755 0.240064 2
-0.529369 0.064507 0.230833 2
-0.398239 0.179075 0.124889 2
0.565864 0.115781 -0.048344 1
-0.005862 -0.904088 -0.041990 0
0.667450 0.147349 -0.233635 1
-0.146302 0.241488 0.064600 2
0.645038 -0.040288 -0.337292 1
0.363758 0.280997 -0.084387 1
0.017030 -0.844249 -0.044707 0
-0.156040 0.234011 0.099166 2
-0.002888 -0.919463 -0.077003 0
-0.183933 0.248095 0.063902 2
0.588858 -0.048591 -0.351422 1
-0.488527 0.016049 0.072547 2
0.012776 -0.780685 -0.034041 0
0.032118 -0.035843 -0.035359 0
0.269609 0.283152 -0.101622 1
0.649236 -0.036914 -0.277036 1
-0.410718 0.150791 0.232985 2
0.220567 0.239137 -0.173184 1
-0.132685 0.255855 0.002705 2
0.313577 0.261174 -0.171174 1
-0.477368 0.121071 0.117805 2
0.440680 0.285417 -0.163283 1
-0.372555 0.165071 0.240679 2
-0.018923 -0.827407 -0.066293 0
0.645807 0.001561 -0.311076 1
-0.520045 -0.135022 0.327053 2
-0.346391 0.202345 0.117993 2
0.000456 -0.722825 -0.069412 0
0.674112 0.069439 -0.294119 1
0.394187 0.274859 -0.075226 1
0.208630 0.281257 0.029303 1
0.020467 -0.181435 -0.039937 0
-0.112912 0.241271 -0.019656 2
-0.016880 -0.914554 -0.031903 0
0.030026 0.020000 -0.016899 0
0.017139 -0.379504 -0.068200 0
0.049005 0.145928 -0.019715 0
-0.549571 0.063476 0.240257 2
0.034894 0.064395 -0.022470 0
0.010970 -0.199115 -0.021892 0
-0.255724 0.254472 0.045625 2
0.664230 0.016962 -0.268701 1
-0.435166 0.163646 0.075706 2
0.442663 0.280287 -0.226445 1
-0.014672 -0.089906 -0.049446 0
-0.546650 -0.076433 0.249518 2
0.607137 0.130500 -0.122888 1
-0.201855 0.242387 0.028431 2
-0.503233 -0.096809 0.146412 2
0.617474 0.123969 -0.145999 1
0.016900 -0.339445 -0.057344 0
0.003459 -0.496487 -0.027287 0
-0.024494 -0.697782 -0.023017 0
-0.461243 -0.219646 0.274551 2
-0.017823 -0.868731 -0.041087 0
0.573192 0.207228 -0.137567 1
-0.518754 0.023150 0.144070 2
-0.317599 0.269312 -0.005181 2
0.192664 0.266430 0.043143 1
-0.030253 -0.922340 -0.060204 0
-0.423386 0.162823 0.144476 2
0.375807 0.284710 -0.118645 1
-0.536116 0.054017 0.188066 2
0.636275 -0.063394 -0.328379 1
0.634903 0.002450 -0.207704 1
-0.001541 -0.565440 -0.031971 0
-0.434078 -0.219808 0.328692 2
-0.530260 -0.038858 0.170058 2
0.601776 0.158361 -0.161090 1
-0.025971 -0.631667 -0.022458 0
-0.534626 -0.049297 0.196055 2
0.534030 0.172352 0.009187 1
0.508588 0.265220 -0.215610 1
-0.474261 0.091909 0.033116 2
-0.001050 -0.129116 -0.009674 0
-0.471456 0.127043 0.054244 2
-0.305925 0.216888 0.108942 2
-0.002954 -0.799127 -0.065446 0
0.192449 0.275122 -0.023475 1
0.004147 -0.117883 -0.057015 0
0.560499 0.182795 -0.049433 1
-0.001523 -0.298173 -0.013519 0
-0.025340 -0.785400 -0.025152 0
-0.421098 0.191451 0.030086 2
0.468162 0.254999 -0.067025 1
-0.320436 0.195606 0.178694 2
-0.441707 -0.215483 0.280312 2
-0.030389 -0.890524 -0.049283 0
-0.013786 -0.684094 -0.030285 0
0.005901 -0.523043 -0.040783 0
0.481256 0.248311 -0.050611 1
0.500131 0.238511 -0.057357 1
-0.042111 0.201647 0.029491 2
0.629474 0.146838 -0.163055 1
0.453766 0.277206 -0.136704 1
-0.026007 -0.631779 -0.053931 0
-0.516338 -0.139622 0.245916 2
-0.277340 0.286110 -0.003376 2
-0.024730 -0.432336 -0.047863 0
-0.501998 -0.079872 0.132616 2
0.034952 0.069343 -0.053522 0
0.665756 0.063682 -0.267749 1
0.037923 0.158528 -0.024907 0
0.456745 0.285037 -0.241659 1
0.275649 0.259836 -0.152239 1
0.114104 0.215460 -0.021358 1
0.226369 0.283713 -0.028444 1
-0.252857 0.263074 0.013425 2
-0.150702 0.258067 -0.015390 2
-0.028522 -0.504577 -0.050654 0
0.179441 0.278602 -0.128121 1
-0.503538 -0.184829 0.257044 2
-0.280105 0.201184 0.099985 2
0.576119 0.071098 -0.097922 1
0.022324 -0.304172 -0.065435 0
0.004789 -0.649751 -0.042281 0
0.040522 0.168622 -0.063650 0
0.415761 0.271508 -0.031860 1
-0.519810 -0.075530 0.168999 2
0.004405 -0.698730 -0.020525 0
-0.455766 0.075748 0.020695 2
-0.002517 -0.534600 -0.072848 0
-0.515906 0.070810 0.205619 2
-0.367981 0.190252 0.152480 2
0.016927 -0.325509 -0.019955 0
0.668542 0.095665 -0.249819 1
0.418247 0.292899 -0.231060 1
0.131250 0.278384 -0.126536 1
0.014823 -0.457457 -0.071725 0
-0.031365 -0.816112 -0.048325 0
-0.530173 -0.075938 0.196225 2
0.030899 0.036609 -0.055662 0
-0.501115 0.054651 0.082858 2
-0.014067 -0.710296 -0.059486 0
-0.001845 -0.469387 -0.075200 0
0.639897 0.186256 -0.206693 1
0.481133 0.273088 -0.155532 1
0.537450 0.235592 -0.225713 1
0.006141 -0.697472 -0.069827 0
-0.251828 0.215617 0.142676 2
-0.004034 -0.379551 -0.073698 0
-0.030276 -0.680394 -0.040846 0
0.614781 0.222172 -0.241855 1
0.669190 0.095144 -0.276588 1
0.287059 0.291850 -0.013721 1
-0.481934 0.064906 0.047018 2
-0.562431 0.023387 0.239538 2
-0.325469 0.196852 0.092899 2
-0.043125 0.162208 0.010814 2
-0.001405 -0.079963 -0.007710 0
-0.145665 0.249073 0.047920 2
-0.332382 0.265899 0.011928 2
-0.073898 0.217519 0.109663 2
-0.569466 -0.014791 0.275021 2
-0.397054 0.158478 0.126449 2
-0.518931 -0.149328 0.292534 2
-0.016983 0.042942 -0.037231 0
-0.006796 -0.381669 -0.024178 0
0.115759 0.240626 -0.014600 1
-0.463138 0.112014 0.078258 2
0.495879 0.258173 -0.121315 1
-0.558016 0.044564 0.248475 2
-0.003273 -0.614914 -0.024316 0
-0.267990 0.195541 0.204940 2
-0.408326 0.212295 0.003837 2
-0.015812 -0.408987 -0.040731 0
-0.004890 -0.277327 -0.031736 0
-0.162156 0.262782 0.011850 2
-0.519925 -0.049347 0.152240 2
0.656678 -0.014698 -0.285687 1
-0.433923 0.172722 0.039280 2
-0.534414 -0.114584 0.317115 2
-0.012777 -0.486275 -0.032005 0
0.010853 -0.504410 -0.042008 0
-0.497892 0.078523 0.093443 2
0.001792 -0.684230 -0.049370 0
-0.451839 0.118688 0.021178 2
0.521691 0.253304 -0.242263 1
-0.078926 0.229466 -0.006953 2
-0.520060 0.033148 0.115702 2
0.013152 -0.390795 -0.049047 0
0.389751 0.278168 -0.012874 1
0.653663 0.015726 -0.338131 1
0.431979 0.268960 0.011480 1
-0.330227 0.187038 0.205620 2
-0.503744 0.055019 0.126394 2
-0.456051 0.123133 0.062013 2
0.013065 -0.197309 -0.052285 0
0.550500 0.239030 -0.251992 1
0.584040 0.191667 -0.117682 1
0.338404 0.293318 0.063881 1
-0.022613 -0.930752 -0.079473 0
-0.478147 0.101663 0.048007 2
-0.486380 0.107626 0.098632 2
-0.006287 -0.339811 -0.024276 0
0.608192 0.095649 -0.102171 1
0.641253 -0.024168 -0.250998 1
0.649067 0.108012 -0.189026 1
-0.474393 -0.037937 0.090562 2
0.261480 0.266502 -0.135815 1
-0.229969 0.229270 0.059047 2
0.011139 -0.370398 -0.014072 0
-0.003726 0.064191 0.001790 0
0.098241 0.185137 -0.036958 1
0.021571 0.124071 -0.013922 0
-0.491515 -0.171719 0.205690 2
-0.007494 -0.234127 -0.049458 0
0.004765 -0.537024 -0.031422 0
0.018600 0.055954 -0.015521 0
0.273117 0.234327 -0.188199 1
-0.550566 -0.054909 0.239613 2
-0.162340 0.237284 0.005343 2
-0.240397 0.239516 0.080802 2
-0.109834 0.234222 0.065367 2
-0.092996 0.241015 0.011799 2
0.022062 -0.232848 -0.047908 0
0.063703 0.186691 -0.058022 0
0.022586 -0.036871 -0.049090 0
0.405464 0.291503 -0.199041 1
0.645596 0.026589 -0.321246 1
0.536540 0.254039 -0.206580 1
-0.254715 0.279782 0.010669 2
0.009473 -0.418158 -0.033020 0
-0.508261 0.021389 0.114279 2
-0.253772 0.230452 0.089731 2
0.441845 0.264618 -0.084261 1
-0.023491 -0.354754 -0.057858 0
-0.382731 0.181154 0.081734 2
0.012771 -0.751100 -0.025805 0
-0.025237 -0.903524 -0.064598 0
-0.492618 0.053175 0.097735 2
0.573431 0.103847 -0.057974 1
-0.461732 -0.209582 0.341849 2
-0.004196 0.104487 -0.002646 0
-0.018346 -0.723984 -0.031060 0
-0.489129 0.116429 0.240398 2
-0.524210 -0.025206 0.152847 2
-0.413568 0.164359 0.071909 2
-0.003652 -0.469257 -0.058635 0
0.024129 -0.150981 -0.062743 0
-0.229630 0.272969 0.019161 2
-0.395161 0.185880 0.107418 2
0.008507 0.018191 -0.054270 0
0.481121 0.261107 -0.239422 1
-0.018074 -0.986523 -0.065617 0
-0.021092 -0.898153 -0.033823 0
-0.525775 0.014813 0.195504 2
-0.448155 0.154249 0.056906 2
-0.186515 0.236116 0.028583 2
0.336960 0.286784 -0.032434 1
-0.048594 0.208812 -0.005626 2
-0.025061 -0.521270 -0.056122 0
-0.345463 0.213377 0.090788 2
0.514562 0.224648 -0.029595 1
-0.202769 0.280455 -0.006575 2
0.077301 0.170535 -0.048852 1
0.049036 0.108110 -0.031277 0
0.009591 -0.075696 -0.022280 0
0.021000 -0.014376 -0.039408 0
0.379906 0.280415 -0.050537 1
-0.539645 0.002904 0.161454 2
-0.483854 0.095707 0.064856 2
-0.016494 -0.749873 -0.073526 0
0.019089 -0.811899 -0.047483 0
0.020402 -0.249587 -0.031848 0
-0.564661 -0.067122 0.274480 2
0.273440 0.289157 0.047741 1
-0.477191 0.053552 0.066124 2
-0.543264 -0.014626 0.178576 2
0.548675 0.246591 -0.180700 1
-0.239637 0.284090 0.002424 2
0.036979 0.183390 -0.040987 0
-0.006378 -0.554238 -0.016865 0
-0.526024 0.038102 0.187115 2
-0.539409 -0.090114 0.240104 2
-0.203224 0.189746 0.194439 2
-0.540986 -0.079924 0.328532 2
0.583025 0.139007 -0.051641 1
0.062071 0.143591 -0.040092 0
-0.009210 -0.316632 -0.048661 0
0.007546 -0.443020 -0.031657 0
0.615307 0.185928 -0.172369 1
0.630264 0.196923 -0.242044 1
-0.561715 -0.080035 0.292707 2
0.208277 0.265628 -0.155387 1
0.588377 0.227676 -0.192338 1
0.664617 0.014315 -0.284893 1
0.645497 0.195876 -0.259697 1
0.628871 -0.062426 -0.287552 1
-0.567065 -0.011727 0.292248 2
-0.504008 -0.038501 0.124638 2
-0.540252 0.064194 0.214212 2
-0.025115 -0.565976 -0.049507 0
0.027418 0.131948 -0.043503 0
-0.488375 0.108162 0.116822 2
-0.008936 -0.350456 -0.051729 0
-0.325631 0.248838 0.036816 2
-0.507411 0.051966 0.178321 2
0.665714 0.108167 -0.285847 1
0.639777 0.143319 -0.189748 1
0.273705 0.283691 0.071059 1
-0.108831 0.233918 0.135410 2
0.009601 -0.159697 -0.064355 0
-0.333278 0.221123 0.080689 2
0.379890 0.280734 -0.207052 1
-0.006340 -0.251174 -0.049755 0
-0.212388 0.258427 0.008069 2
0.273782 0.291882 0.027661 1
0.011060 0.160341 -0.021375 0
-0.385396 0.181522 0.161770 2
0.104338 0.239152 -0.074714 1
0.531951 0.216781 -0.064451 1
-0.461153 0.116721 0.093740 2
-0.005161 -0.154594 -0.030521 0
-0.026265 -0.798705 -0.076348 0
-0.005258 -0.837275 -0.066414 0
-0.034361 -0.771558 -0.051139 0
-0.113970 0.229689 0.165789 2
0.002213 -0.037622 -0.048834 0
0.354174 0.276020 -0.162361 1
-0.326439 0.185012 0.222456 2
-0.558006 -0.040518 0.284622 2
0.025326 -0.748416 -0.043372 0
-0.381972 0.155296 0.256801 2
-0.490477 -0.181297 0.222825 2
-0.500813 0.075917 0.178076 2
0.196318 0.275072 -0.067984 1
0.285009 0.283056 -0.074918 1
-0.465251 -0.181556 0.202525 2
0.327677 0.283054 -0.068601 1
-0.031962 -0.958551 -0.067541 0
0.418828 0.274445 0.002661 1
-0.524410 -0.012474 0.126087 2
-0.017499 0.126435 -0.027202 0
-0.382716 0.232615 0.020217 2
0.016490 0.061082 -0.046202 0
-0.214683 0.217294 0.151110 2
0.364516 0.274472 -0.189254 1
-0.006747 -0.220596 -0.032543 0
-0.277971 0.227269 0.093582 2
-0.398220 0.199731 0.056121 2
0.014534 -0.388206 -0.017721 0
-0.031844 -0.589176 -0.055933 0
0.205598 0.273730 -0.117867 1
-0.198109 0.219649 0.142998 2
-0.262536 0.189990 0.221958 2
-0.002903 -0.408910 -0.059743 0
0.616632 0.158513 -0.143763 1
-0.487496 -0.158675 0.177238 2
-0.359065 0.216935 0.038798 2
0.580500 0.209730 -0.154273 1
0.662156 0.181198 -0.244275 1
-0.004781 -0.460599 -0.031513 0
-0.461316 0.102182 0.162303 2
0.007464 -0.326645 -0.054767 0
0.064413 0.157375 -0.012052 0
0.165816 0.251728 -0.117827 1
-0.023823 -0.687176 -0.058006 0
0.613215 0.155681 -0.172338 1
0.067614 0.200468 -0.050710 1
0.561269 0.212602 -0.128245 1
0.022177 -0.457141 -0.038347 0
-0.529958 -0.128488 0.309927 2
0.638582 0.037944 -0.171499 1
-0.011402 -0.797117 -0.035355 0
0.012023 -0.434421 -0.048543 0
-0.556791 -0.000647 0.213244 2
-0.408180 0.183829 0.080845 2
-0.466883 0.132601 0.108834 2
-0.549669 -0.115266 0.290822 2
0.095100 0.197683 -0.027547 1
0.255545 0.233721 -0.188517 1
0.580311 0.118358 -0.069841 1
-0.539709 -0.035035 0.206293 2
0.640566 0.159706 -0.189532 1
-0.029009 -0.738254 -0.039003 0
-0.552520 -0.027164 0.231225 2
0.300877 0.297699 0.047133 1
-0.480551 0.089402 0.115906 2
-0.530928 -0.133377 0.240492 2
-0.004400 0.038683 -0.046106 0
-0.542528 0.055540 0.283170 2
-0.493963 -0.175530 0.335570 2
0.179631 0.269681 -0.031208 1
-0.382742 0.184600 0.126913 2
0.655085 0.026665 -0.277387 1
0.402934 0.279970 0.011904 1
-0.044717 0.186886 0.040965 2
0.568832 0.129806 -0.033894 1
-0.084326 0.227347 0.126075 2
0.130257 0.221680 -0.063927 1
0.195421 0.278568 0.020785 1
-0.506250 0.054567 0.144264 2
-0.070485 0.221816 0.038915 2
0.603330 0.222379 -0.207196 1
0.525208 0.212846 -0.031671 1
0.362663 0.292324 0.020219 1
0.210804 0.251644 -0.172985 1
-0.332030 0.203654 0.144882 2
-0.006217 -0.246259 -0.033428 0
-0.463710 0.125119 0.250071 2
0.530688 0.200739 0.001879 1
-0.342838 0.162130 0.257756 2
-0.003691 -0.381473 -0.057972 0
0.380336 0.281699 -0.101472 1
-0.473721 0.095237 0.087256 2
0.030954 -0.216992 -0.033834 0
-0.185338 0.246545 0.005559 2
-0.536966 0.037392 0.213258 2
0.638657 0.091689 -0.147990 1
-0.017252 -0.731096 -0.050724 0
-0.544436 0.012340 0.187364 2
-0.010988 -0.059018 -0.036135 0
0.506398 0.262091 -0.147063 1
-0.024682 -0.841075 -0.032207 0
0.010881 0.092286 -0.008238 0
-0.172317 0.242063 0.074106 2
-0.417368 0.170354 0.121527 2
-0.001662 -0.877973 -0.073325 0
0.000435 -0.627888 -0.016260 0
0.658732 0.056196 -0.321430 1
0.630789 0.134311 -0.153673 1
-0.177289 0.222201 0.152605 2
0.429676 0.268415 -0.014772 1
-0.004331 -0.405614 -0.015657 0
-0.501195 -0.196254 0.291974 2
-0.358385 0.199304 0.071230 2
-0.125502 0.226899 0.008064 2
0.652111 0.181396 -0.223834 1
-0.307437 0.208515 0.082036 2
0.020932 -0.079795 -0.040715 0
-0.464548 0.135382 0.186238 2
-0.013502 -0.076147 -0.038529 0
0.496159 0.239891 -0.022628 1
0.663580 0.092555 -0.316442 1
-0.013839 -0.194595 -0.048053 0
0.335535 0.299621 0.033444 1
-0.279319 0.264309 0.012871 2
-0.020563 -0.589604 -0.075316 0
0.676377 0.134574 -0.242248 1
-0.004820 0.141469 -0.022771 0
-0.525229 -0.157778 0.275354 2
0.005995 -0.238058 -0.056206 0
-0.520361 0.093739 0.214116 2
0.665522 0.082166 -0.285224 1
-0.014202 -0.128228 -0.039631 0
0.589285 0.217144 -0.259885 1
-0.489517 0.097032 0.283558 2
0.628637 -0.009188 -0.232619 1
-0.409359 0.148194 0.248265 2
0.665423 0.121351 -0.216836 1
0.600584 0.227420 -0.251837 1
-0.372530 0.226271 0.038838 2
0.614355 0.106607 -0.129256 1
0.469965 0.236422 0.031678 1
0.654429 0.081843 -0.224189 1
0.286085 0.247555 -0.172574 1
0.619820 -0.022541 -0.224588 1
0.431431 0.278929 -0.119870 1
-0.280529 0.196532 0.195869 2
-0.484941 -0.087115 0.121368 2
-0.029855 0.184109 0.000926 2
-0.133457 0.233387 0.141833 2
-0.410467 0.160260 0.091258 2
-0.025246 -0.776543 -0.065428 0
-0.211597 0.223434 0.067563 2
0.008636 -0.303929 -0.072681 0
-0.461547 -0.197879 0.223050 2
-0.516301 0.064014 0.125570 2
0.577450 0.131796 -0.078924 1
-0.028481 -0.645563 -0.040790 0
-0.487814 -0.197264 0.326745 2
0.674995 0.148406 -0.286704 1
-0.226460 0.197045 0.197104 2
0.326804 0.239462 -0.196296 1
0.064055 0.146238 -0.063971 0
0.645886 -0.023591 -0.294869 1
-0.120073 0.251896 -0.005250 2
-0.174769 0.200081 0.182641 2
-0.240270 0.260780 0.038622 2
0.643136 0.104378 -0.161599 1
-0.158791 0.229414 0.117834 2
0.471567 0.268735 -0.128244 1
-0.546717 -0.040513 0.221716 2
-0.281486 0.255124 0.039608 2
-0.252339 0.210507 0.090804 2
-0.450961 -0.220886 0.292745 2
-0.536456 -0.103025 0.205973 2
-0.566060 -0.050065 0.257443 2
0.502434 0.226243 0.013395 1
-0.020809 -0.974990 -0.083468 0
-0.517891 0.010781 0.134968 2
0.632106 0.020455 -0.350680 1
0.000177 -0.523243 -0.022236 0
0.008078 -0.828316 -0.042457 0
0.669634 0.042798 -0.293840 1
-0.436481 0.118352 0.275291 2
0.454936 0.256039 0.003512 1
-0.436370 0.134284 0.256092 2
-0.009630 -0.299437 -0.040738 0
-0.079440 0.213234 -0.015426 2
-0.515148 -0.028025 0.134840 2
-0.470659 0.106829 0.030019 2
-0.225033 0.206772 0.178452 2
-0.476141 0.127803 0.177443 2
0.406390 0.276597 -0.100378 1
-0.545445 -0.093155 0.334809 2
-0.003609 0.077668 -0.038353 0
-0.017971 0.080839 -0.022013 0
-0.531697 -0.143280 0.265762 2
0.468354 0.255591 -0.082468 1
-0.007714 -0.806947 -0.082180 0
-0.501132 0.025412 0.081736 2
-0.187403 0.274880 -0.006444 2
0.234436 0.275194 -0.111732 1
0.620802 0.210155 -0.214376 1
-0.437146 0.161109 0.048667 2
-0.466158 0.132184 0.213864 2
-0.541784 -0.093273 0.309610 2
-0.461196 0.115409 0.273330 2
0.629292 -0.050045 -0.355434 1
0.167001 0.255503 0.030674 1
0.127950 0.256183 -0.089742 1
0.508372 0.249459 -0.120613 1
0.484133 0.243289 -0.003926 1
-0.424399 0.163065 0.169898 2
-0.436532 0.141838 0.228682 2
-0.513547 -0.159282 0.310566 2
0.571619 0.170331 -0.059018 1
-0.024178 -0.277751 -0.041475 0
-0.524475 0.054398 0.152522 2
0.675706 0.054125 -0.277151 1
0.008132 -0.447503 -0.055481 0
0.219762 0.274741 0.046919 1
-0.569015 -0.025707 0.256042 2
0.045819 0.149208 -0.052237 0
-0.547174 -0.028698 0.317300 2
-0.000541 -0.641285 -0.030840 0
0.625807 -0.023696 -0.356127 1
0.600825 0.227824 -0.224041 1
-0.004885 0.142464 -0.058712 0
0.392728 0.279011 -0.220760 1
-0.345708 0.224222 0.037563 2
-0.492763 0.078905 0.079175 2
0.650538 0.038181 -0.338476 1
-0.001765 0.012631 -0.012330 0
-0.083889 0.227013 0.082438 2
-0.420845 0.185742 0.045237 2
0.508919 0.264538 -0.169791 1
0.008635 -0.718631 -0.081608 0
-0.534162 -0.113778 0.257602 2
0.472972 0.248789 0.011204 1
0.171149 0.266042 -0.147582 1
0.341656 0.275331 -0.153850 1
-0.003284 -0.802568 -0.023781 0
0.470998 0.273623 -0.144285 1
-0.022734 -0.654011 -0.053483 0
-0.477067 -0.129464 0.150534 2
-0.198094 0.267492 0.021840 2
-0.546221 0.024203 0.230979 2
-0.319992 0.227642 0.072207 2
0.614098 0.081714 -0.128269 1
-0.371259 0.208129 0.073719 2
-0.013970 -0.824605 -0.037905 0
-0.013063 -0.395373 -0.025378 0
0.639840 0.078160 -0.179554 1
0.562114 0.236845 -0.174199 1
-0.014987 -0.496752 -0.058487 0
0.429547 0.273072 0.038759 1
0.468708 0.280485 -0.233666 1
0.024441 0.144380 -0.031646 0
0.012909 0.129755 -0.040031 0
-0.001588 -0.592124 -0.031026 0
0.471753 0.258036 -0.102598 1
-0.042380 -0.656189 -0.058265 0
0.404876 0.276240 0.049512 1
-0.441838 0.157596 0.000988 2
0.426840 0.293352 -0.200167 1
0.181893 0.270243 -0.059197 1
-0.021723 -0.773081 -0.036961 0
0.032623 -0.075143 -0.025687 0
-0.489861 0.107825 0.160565 2
0.631698 -0.050960 -0.320565 1
-0.332369 0.217203 0.055241 2
0.010740 -0.526330 -0.056238 0
-0.510390 0.076456 0.134694 2
0.562633 0.205763 -0.103132 1
-0.188573 0.259069 -0.016166 2
-0.503623 -0.001388 0.100496 2
-0.555060 0.013429 0.266132 2
-0.022741 -0.834828 -0.078753 0
0.013392 -0.365437 -0.048875 0
0.451504 0.261228 0.034896 1
-0.095519 0.231725 0.091792 2
0.676607 0.147453 -0.267701 1
-0.039173 -0.834003 -0.065495 0
-0.118322 0.219405 0.143790 2
-0.422672 0.133938 0.149279 2
-0.003173 0.051916 -0.015479 0
-0.003203 -0.355823 -0.028905 0
0.118200 0.237605 -0.090320 1
-0.004062 -0.023115 -0.022950 0
0.632023 0.053637 -0.169822 1
0.342478 0.235500 -0.195630 1
-0.401946 0.174524 0.068002 2
-0.011410 -0.972264 -0.040349 0
-0.328931 0.235287 0.055106 2
-0.397526 0.163751 0.110154 2
-0.429275 0.184343 -0.002086 2
0.138310 0.253886 -0.058147 1
0.590544 0.025508 -0.129214 1
-0.402986 0.180775 0.052236 2
-0.277994 0.209520 0.152460 2
0.005472 -0.604832 -0.016790 0
0.249588 0.283707 -0.084016 1
0.307207 0.265619 -0.149497 1
-0.515412 0.091502 0.276739 2
0.468543 0.278824 -0.163284 1
0.665129 0.181393 -0.274399 1
-0.452240 0.145961 0.177404 2
-0.395254 0.165103 0.203224 2
0.181454 0.256261 -0.153352 1
-0.530217 0.069952 0.248611 2
-0.372056 0.200654 0.056233 2
0.012522 -0.090081 -0.047315 0
0.641141 -0.014058 -0.329195 1
0.011636 -0.119120 -0.025262 0
-0.397109 0.194674 0.036399 2
-0.488981 0.000892 0.086381 2
0.326902 0.297879 0.055733 1
0.626313 0.042018 -0.147016 1
0.570430 0.224306 -0.244719 1
0.638252 0.015140 -0.199985 1
0.001304 -0.577084 -0.023274 0
0.499074 0.270279 -0.180024 1
0.180164 0.271174 -0.076981 1
-0.515978 -0.155076 0.222601 2
-0.492891 -0.050642 0.114979 2
-0.464026 -0.207047 0.247113 2
0.024600 0.029307 -0.031618 0
-0.267779 0.222025 0.125438 2
0.169107 0.270211 0.002315 1
-0.015913 -0.508425 -0.039610 0
0.007470 -0.276337 -0.056061 0
-0.002708 -0.763764 -0.057121 0
-0.537026 0.023423 0.202424 2
0.006537 -0.551828 -0.041253 0
0.664585 0.055126 -0.233360 1
0.006428 -0.800632 -0.040209 0
0.023292 -0.102444 -0.031071 0
-0.550305 0.008308 0.234797 2
-0.331947 0.190428 0.189577 2
-0.252615 0.205198 0.177196 2
-0.039098 -0.674557 -0.058388 0
-0.013968 -0.486291 -0.073761 0
-0.513469 -0.065671 0.136214 2
0.406319 0.288314 -0.180115 1
0.025488 -0.317039 -0.032520 0
0.668393 0.133289 -0.288862 1
-0.001810 -0.013575 -0.046635 0
-0.555351 0.041549 0.265419 2
-0.396426 0.169223 0.188302 2
0.342081 0.293853 0.015203 1
-0.316480 0.210550 0.116968 2
-0.346436 0.244650 0.029839 2
-0.494906 -0.186350 0.319935 2
-0.277524 0.186594 0.230155 2
-0.518080 -0.118887 0.203784 2
-0.538797 0.050250 0.231954 2
-0.427299 0.166897 0.107990 2
0.325704 0.284066 -0.119983 1
-0.107934 0.238947 0.038639 2
0.003616 -0.240405 -0.013411 0
0.031410 -0.010498 -0.021205 0
-0.025470 -0.605954 -0.040092 0
-0.466561 0.132142 0.088632 2
0.388220 0.272279 0.038056 1
-0.017841 -0.669281 -0.014513 0
-0.024839 -0.812520 -0.081033 0
0.632229 0.120816 -0.145142 1
-0.306352 0.230089 0.077477 2
-0.003634 -0.260717 -0.031826 0
0.013193 -0.475606 -0.049971 0
-0.511846 0.075495 0.153012 2
0.648593 0.015879 -0.310044 1
0.221554 0.240645 -0.187691 1
0.018708 -0.601805 -0.050589 0
0.378479 0.280007 -0.182120 1
-0.507461 -0.123877 0.187555 2
-0.015851 -0.526695 -0.068160 0
-0.174907 0.214763 0.188548 2
0.156993 0.265391 -0.004488 1
0.157284 0.261594 -0.031837 1
-0.029690 0.156655 0.014344 2
-0.043920 -0.939317 -0.050275 0
0.403427 0.284819 -0.127302 1
-0.507564 0.083458 0.260558 2
0.622214 0.161046 -0.162216 1
-0.030294 0.149042 -0.037295 2
-0.173836 0.255162 0.046145 2
-0.001138 -0.864838 -0.059093 0
-0.291532 0.222445 0.099486 2
0.221521 0.276788 -0.102427 1
-0.018395 -0.603731 -0.072785 0
0.326354 0.279528 -0.135182 1
-0.384155 0.162611 0.232316 2
0.111019 0.239439 -0.040910 1
-0.554869 -0.009136 0.240635 2
-0.370569 0.236691 0.026999 2
0.193426 0.274799 -0.128201 1
0.515970 0.226823 -0.050623 1
0.258045 0.285398 0.046055 1
-0.544827 -0.023326 0.213121 2
-0.003820 0.119014 -0.029904 0
-0.012698 -0.655117 -0.014713 0
-0.184653 0.234285 0.098279 2
-0.525550 0.002746 0.125703 2
0.115445 0.248201 -0.076657 1
-0.563249 -0.029336 0.309110 2
0.352936 0.295822 0.054797 1
-0.542110 -0.103953 0.229510 2
-0.460216 0.117347 0.108166 2
-0.563911 0.029124 0.282380 2
-0.020596 0.134091 -0.047176 0
-0.559086 0.025204 0.298930 2
0.023882 0.183288 -0.031312 0
0.257270 0.256167 -0.153425 1
0.444392 0.262001 -0.051984 1
0.389750 0.285374 -0.146065 1
-0.006484 -0.638780 -0.074462 0
0.510977 0.233979 -0.065681 1
0.642639 -0.013059 -0.312622 1
-0.497306 0.066074 0.146986 2
0.595869 0.104648 -0.098078 1
0.261009 0.278199 -0.112228 1
0.000468 0.181254 -0.016510 2
0.370860 0.257162 -0.210962 1
0.012067 -0.000149 -0.019077 0
-0.013473 0.002019 -0.040395 0
0.654830 0.054055 -0.222863 1
-0.310416 0.223583 0.055755 2
0.660261 0.064405 -0.247298 1
-0.031812 0.196973 -0.013758 2
0.678318 0.068028 -0.260163 1
0.133067 0.250861 -0.000149 1
-0.476160 0.038686 0.056850 2
0.646982 0.081803 -0.206453 1
-0.464671 0.105253 0.146937 2
-0.001272 -0.507668 -0.060553 0
-0.551290 0.065897 0.256469 2
0.001067 -0.159858 -0.015466 0
-0.423972 0.156812 0.065573 2
0.122782 0.205626 -0.040336 1
0.658949 0.029729 -0.241095 1
-0.016878 -0.177846 -0.050618 0
0.011048 -0.428868 -0.023648 0
0.016317 -0.365943 -0.063685 0
0.001657 -0.775553 -0.050047 0
-0.343354 0.173345 0.128531 2
-0.501795 0.026177 0.101469 2
0.052109 0.120522 -0.057866 0
-0.527828 -0.106190 0.223025 2
0.656030 0.003049 -0.330767 1
-0.515770 -0.063444 0.152556 2
0.613369 0.199264 -0.208252 1
-0.510030 -0.185242 0.318108 2
0.638784 0.074917 -0.149802 1
-0.011467 -0.443955 -0.073874 0
-0.536286 -0.138842 0.299099 2
-0.215088 0.252340 0.057049 2
-0.007844 0.028953 -0.031986 0
0.011072 -0.352708 -0.054878 0
-0.263782 0.209705 0.153641 2
-0.510245 0.091155 0.172626 2
0.300062 0.290950 0.061886 1
-0.027211 -0.829335 -0.040218 0
0.498330 0.248814 -0.110525 1
-0.019676 -0.588378 -0.031726 0
0.012139 -0.356346 -0.016653 0
0.143696 0.270198 -0.129853 1
-0.514720 0.039751 0.178020 2
-0.360691 0.252942 0.012124 2
-0.367927 0.168149 0.127404 2
0.521418 0.232982 -0.104109 1
0.650959 0.029126 -0.216587 1
0.631153 0.105094 -0.135111 1
0.615337 -0.013879 -0.198412 1
0.012648 0.138616 -0.066817 0
-0.076976 0.197594 0.024502 2
