0.309897 0.230122 0.068625 1
0.015095 -0.980496 -0.195959 0
-0.625150 -0.091348 0.213157 2
0.004314 -0.321213 -0.127441 0
-0.221156 0.183391 -0.024426 2
0.719999 0.161508 -0.053707 1
0.001033 -0.648686 -0.186192 0
0.043287 0.011964 0.075967 3
-0.384169 0.112191 0.233064 2
-0.013232 0.131746 -0.244520 4
0.479882 0.199161 -0.108668 1
0.120924 0.185001 -0.049541 1
0.023301 -0.112586 -0.094175 0
-0.531274 0.048936 0.087305 2
-0.219479 0.180434 0.167892 2
-0.394571 0.162073 0.038501 2
0.487596 0.188234 0.075301 1
-0.007992 0.063017 -0.083894 4
0.036635 -0.815458 -0.151234 0
0.276733 0.244433 -0.097754 1
0.028819 -0.486211 -0.150903 0
-0.511871 0.016469 0.250816 2
-0.089060 0.138077 0.031124 2
0.588279 0.185575 -0.019410 1
0.135779 0.078258 0.151505 3
0.183088 0.220016 0.053535 1
0.384249 0.231396 -0.035821 1
-0.326432 0.148274 0.132623 2
-0.438104 0.106945 0.131576 2
0.079196 0.063831 -0.013666 0
0.026945 -0.222744 -0.086536 0
-0.598691 -0.019683 0.134297 2
-0.175928 0.176721 0.073237 2
-0.003485 -0.028531 -0.038447 0
-0.289116 0.176219 0.045869 2
0.255233 0.220376 -0.007530 1
0.020589 0.111234 -0.160441 4
0.484063 0.210982 -0.014275 1
0.401237 0.219368 0.061323 1
0.646599 0.205660 -0.087087 1
0.089663 0.089481 0.073582 3
0.017863 -0.891292 -0.195652 0
0.030351 -0.725905 -0.154473 0
0.030213 -0.405609 -0.115665 0
-0.505045 0.060868 0.170272 2
0.192000 0.226365 -0.083359 1
0.032767 -0.582606 -0.137955 0
0.566640 0.190483 -0.107404 1
0.001359 0.067912 0.031567 3
-0.571652 -0.026706 0.210802 2
-0.461895 0.114773 0.054381 2
-0.289218 0.156972 0.203654 2
0.657649 0.147495 -0.004595 1
-0.056636 0.083411 -0.021571 0
-0.450668 0.069474 0.246284 2
-0.146315 0.164117 -0.020079 2
0.073200 0.138462 -0.014146 0
0.404088 0.217262 -0.104922 1
0.535946 0.165628 0.026780 1
-0.260345 0.171051 0.110071 2
0.315136 0.227893 -0.042579 1
0.132883 0.186471 0.020479 1
0.187943 0.219657 -0.014004 1
-0.381216 0.132582 0.169029 2
-0.385359 0.141548 0.101702 2
0.034333 0.026417 -0.049977 0
-0.335768 0.177284 0.001312 2
0.245086 0.229861 0.066756 1
0.005016 -0.773511 -0.187542 0
-0.551635 0.025786 0.145817 2
0.530032 0.193583 -0.056130 1
0.340943 0.237254 -0.098630 1
-0.041777 0.111987 -0.161712 4
0.341163 0.224378 0.015057 1
-0.430056 0.099917 0.193474 2
0.045463 0.067714 0.109804 3
0.441682 0.220710 -0.056991 1
0.004909 -0.537837 -0.170308 0
-0.229669 0.178465 0.038529 2
-0.029540 0.025036 -0.043002 0
-0.489067 0.087062 0.104754 2
-0.169707 0.180781 0.135515 2
0.001866 -0.169068 -0.089500 0
0.428293 0.221495 0.002702 1
0.016602 -0.263522 -0.127331 0
0.044584 0.088425 -0.053981 0
-0.340667 0.159059 0.066459 2
-0.117873 0.153314 0.078572 2
-0.277402 0.187917 -0.013952 2
0.674257 0.189955 -0.037042 1
-0.004988 0.053687 -0.138329 4
0.017949 -0.058301 -0.079468 0
0.002460 -0.932343 -0.162398 0
0.028541 -0.651551 -0.138869 0
-0.619869 -0.056242 0.168894 2
-0.149974 0.150869 0.032961 2
-0.541482 0.018073 0.205018 2
0.054753 0.060700 0.037652 3
-0.338050 0.136435 0.214216 2
0.358340 0.226127 0.092941 1
0.238691 0.231011 -0.057501 1
0.015508 0.027375 0.000118 3
0.035798 -0.366228 -0.150388 0
0.001582 -0.596503 -0.180546 0
-0.099263 0.134472 -0.020090 2
0.001158 -0.852792 -0.160484 0
0.091341 0.088850 0.126633 3
0.022614 -0.435479 -0.157387 0
-0.491375 0.052840 0.218605 2
0.453919 0.211854 0.044568 1
0.578877 0.141345 0.000660 1
-0.183444 0.178267 0.009598 2
0.598437 0.199436 -0.065168 1
-0.211321 0.172349 0.111612 2
-0.275996 0.167588 0.158496 2
0.220757 0.229018 0.025043 1
-0.005420 0.127476 -0.197210 4
0.003263 0.096756 -0.115675 4
0.294717 0.225356 0.023353 1
0.500348 0.201876 0.032072 1
-0.304766 0.166611 0.095378 2
-0.461927 0.082915 0.163376 2
-0.418985 0.136070 0.070480 2
-0.004510 -0.701381 -0.172285 0
0.023644 -0.012446 -0.072227 0
0.160451 0.208561 -0.049351 1
0.487732 0.208966 -0.063335 1
-0.593369 -0.064782 0.231937 2
0.014790 -0.361725 -0.110779 0
0.013732 0.027122 0.045453 3
0.542719 0.187193 -0.014042 1
-0.540642 -0.016328 0.243790 2
0.028947 -0.836890 -0.190655 0
0.103084 0.170131 -0.008100 1
0.633386 0.187314 -0.021693 1
0.128052 0.082001 0.103946 3
0.383811 0.219900 0.007934 1
-0.322871 0.149612 0.175479 2
-0.572474 0.001579 0.178540 2
0.024989 -0.892183 -0.153459 0
-0.523010 0.054545 0.132317 2
0.519766 0.186151 -0.110568 1
-0.062877 0.113049 0.007316 0
0.438697 0.206228 0.083077 1
-0.145135 0.172284 0.102754 2
-0.570081 0.010020 0.112774 2
0.011860 -0.287274 -0.094497 0
-0.450756 0.116797 0.093477 2
0.693646 0.157249 -0.020557 1
0.091944 0.075083 0.031699 3
0.157030 0.193930 -0.011814 1
0.275081 0.235409 -0.041459 1
-0.476726 0.035163 0.251310 2
-0.240333 0.165947 0.076061 2
0.353864 0.226774 0.052634 1
0.028892 -0.622839 -0.166319 0
0.617994 0.147384 -0.003266 1
0.030329 0.061698 0.073624 3
-0.002315 -0.089825 -0.067095 0
0.040315 -0.523551 -0.156222 0
-0.005619 -0.817618 -0.176874 0
0.029304 -0.684722 -0.159988 0
-0.417272 0.089909 0.243249 2
0.374901 0.232823 -0.079518 1
0.442693 0.209557 -0.104991 1
-0.405344 0.127702 0.131989 2
0.043376 0.050144 -0.021480 0
0.003578 -0.208453 -0.113098 0
0.091483 0.155926 -0.042716 1
-0.358041 0.170537 0.032176 2
-0.364887 0.134081 0.132680 2
-0.598331 -0.026120 0.176462 2
0.004899 0.010069 -0.032924 0
0.004408 0.024848 -0.072817 0
0.238857 0.238427 -0.094384 1
0.685083 0.194054 -0.072620 1
0.029385 -0.766785 -0.159991 0
0.168184 0.215019 0.017391 1
0.070481 0.125908 -0.049550 0
0.345858 0.230801 -0.021752 1
-0.395094 0.112091 0.197314 2
0.258475 0.230932 0.029638 1
-0.123029 0.143000 0.007229 2
0.613705 0.194096 -0.100021 1
-0.464361 0.069723 0.199436 2
-0.184040 0.174252 -0.027302 2
-0.038314 0.059321 -0.053545 0
-0.260258 0.179268 0.017343 2
0.023896 -0.142147 -0.072623 0
0.034484 -0.558725 -0.166246 0
0.022017 -0.962192 -0.156447 0
0.012628 -0.939191 -0.196421 0
0.021781 -0.442535 -0.122008 0
0.011738 -0.731414 -0.184844 0
-0.022906 0.085911 -0.137712 4
0.009444 -0.514736 -0.140229 0
0.000714 -0.598497 -0.139176 0
0.058598 0.106579 -0.021321 0
-0.346149 0.149668 0.102788 2
0.199196 0.222373 -0.048550 1
-0.028687 0.061797 -0.016089 0
-0.421099 0.116666 0.161927 2
0.295856 0.230915 -0.012873 1
-0.242440 0.176192 0.141109 2
0.309248 0.239415 -0.075464 1
0.008575 -0.400676 -0.143084 0
0.278105 0.234983 0.082794 1
0.224589 0.228919 -0.022394 1
-0.532123 0.039039 0.175090 2
0.403745 0.220000 -0.064717 1
-0.249593 0.171703 0.183076 2
-0.605558 -0.050239 0.202820 2
-0.375185 0.156812 0.068342 2
-0.014489 -0.002436 -0.063246 0
0.211890 0.223875 0.073908 1
0.646200 0.204570 -0.050708 1
-0.488889 0.082287 0.138819 2
-0.072949 0.113401 -0.026386 0
0.035794 -0.309876 -0.120162 0
-0.297591 0.166463 0.132024 2
-0.143011 0.168972 0.060896 2
0.569259 0.197038 -0.045135 1
0.450331 0.209411 -0.020031 1
0.011921 -0.252160 -0.093974 0
0.034150 0.058547 0.010969 3
0.513346 0.194750 0.000339 1
0.343387 0.231790 -0.065657 1
-0.010812 0.100589 -0.167097 4
-0.113951 0.156747 0.045607 2
0.470096 0.206980 0.015847 1
-0.482700 0.097552 0.073581 2
-0.273341 0.168131 0.073828 2
-0.549695 0.038226 0.112605 2
-0.007795 -0.033863 -0.070968 0
-0.300047 0.179425 0.014874 2
-0.189843 0.165587 0.045518 2
0.027015 -0.232740 -0.122052 0
0.541065 0.195334 -0.087010 1
0.409291 0.219032 0.029539 1
-0.507490 0.070684 0.081918 2
0.004496 -0.465164 -0.145321 0
-0.578479 0.007398 0.144873 2
-0.032210 0.128382 -0.218455 4
-0.030904 0.108140 -0.192406 4
-0.326515 0.175262 0.037624 2
0.015264 -0.677597 -0.188899 0
0.061357 0.075312 0.067251 3
0.021611 -0.800607 -0.179827 0
-0.230380 0.185498 0.006259 2
-0.418657 0.122815 0.103211 2
-0.200862 0.185453 0.141213 2
0.413246 0.220807 -0.027824 1
-0.208542 0.164107 0.075041 2
0.517800 0.185443 0.052995 1
0.007390 0.047770 -0.106922 4
0.006493 -0.566561 -0.145117 0
-0.180951 0.179326 0.104272 2
0.559495 0.166030 0.003328 1
0.027231 -0.027417 -0.044526 0
0.024225 -0.188214 -0.101052 0
-0.518712 0.038210 0.212403 2
-0.349350 0.146001 0.159223 2
0.509287 0.194543 -0.080385 1
0.013869 -0.332407 -0.100190 0
0.130746 0.177658 -0.019609 1
0.073991 0.079528 0.102842 3
0.010375 0.084329 -0.142985 4
0.279908 0.233562 0.052048 1
0.028904 -0.340650 -0.127947 0
-0.422897 0.141623 0.040650 2
-0.435327 0.082771 0.219743 2
-0.367900 0.125577 0.199914 2
0.460302 0.210311 -0.078599 1
0.510754 0.202051 -0.028960 1
-0.150950 0.170339 0.009185 2
0.004530 -0.063503 -0.052865 0
0.034296 0.060408 -0.049336 0
0.005805 -0.660391 -0.158880 0
0.024520 -0.865467 -0.174310 0
0.119470 0.090667 0.076343 3
0.022672 0.121226 -0.189590 4
0.003994 -0.290149 -0.123368 0
-0.018150 0.068344 -0.114236 4
0.013990 -0.565292 -0.186457 0
0.261671 0.243587 -0.071065 1
-0.257785 0.172213 0.045845 2
-0.462857 0.091533 0.128462 2
0.325594 0.227118 0.092901 1
0.407682 0.210213 0.088125 1
0.019912 -0.148832 -0.100607 0
0.701469 0.185256 -0.045844 1
0.615252 0.199398 -0.041836 1
0.427224 0.218833 -0.082669 1
-0.097598 0.123258 0.008116 2
0.052466 0.077104 -0.022942 0
0.041653 -0.420354 -0.137175 0
0.152764 0.199332 0.036298 1
-0.624097 -0.075957 0.188904 2
-0.249330 0.191084 -0.016828 2
0.471091 0.215977 -0.041435 1
0.023882 0.053298 0.041314 3
0.481402 0.206986 0.052563 1
0.382349 0.217092 0.038209 1
0.025852 -0.588946 -0.164667 0
0.004486 -0.740235 -0.158965 0
0.374164 0.215643 -0.101846 1
0.021107 -0.105355 -0.065937 0
0.021851 -0.916729 -0.175222 0
0.006413 -0.787905 -0.160136 0
-0.511277 0.069186 0.111822 2
0.567367 0.191541 -0.079325 1
0.197950 0.216885 0.015220 1
-0.003982 -0.907385 -0.173040 0
-0.001285 0.042209 0.021998 3
-0.561073 -0.003570 0.221132 2
0.041154 -0.450003 -0.139942 0
0.021661 -0.703172 -0.180300 0
-0.347647 0.136349 0.184927 2
0.024083 -0.545665 -0.144498 0
-0.313104 0.166189 0.059590 2
0.137541 0.201455 -0.035477 1
0.001279 -0.130079 -0.094297 0
-0.020128 0.042868 -0.065257 0
0.426276 0.214836 0.052074 1
-0.533037 0.015893 0.233977 2
0.327914 0.225587 0.045316 1
0.073434 0.058919 0.018346 3
0.019976 -0.515934 -0.174351 0
0.324990 0.220911 -0.006135 1
0.004062 0.125755 -0.224831 4
-0.120805 0.150528 -0.019330 2
-0.443801 0.102258 0.167700 2
-0.296446 0.161107 0.178126 2
0.042112 -0.383815 -0.125867 0
0.382870 0.222612 0.082720 1
0.101602 0.090018 0.097553 3
0.119305 0.089843 0.133862 3
-0.445429 0.132671 0.068052 2
-0.609855 -0.040415 0.146961 2
0.013513 0.076419 -0.101705 4
0.014630 -0.083548 -0.087422 0
-0.307938 0.181342 -0.010510 2
0.606556 0.177230 -0.001942 1
0.008382 -0.959889 -0.180254 0
0.033782 -0.274335 -0.110371 0
-0.480303 0.067194 0.176934 2
-0.505058 0.053760 0.195664 2
0.006701 -0.634665 -0.153500 0
0.638056 0.164826 -0.007270 1
0.019867 -0.831117 -0.166699 0
0.220680 0.216003 0.002461 1
0.005651 0.109539 -0.138641 4
0.039506 0.001054 -0.051082 0
0.015881 -0.375876 -0.137011 0
-0.008048 0.030972 -0.025090 3
0.365862 0.224376 -0.055574 1
0.003057 -0.236875 -0.112563 0
0.658442 0.178839 -0.020258 1
0.004322 -0.881090 -0.176074 0
0.370992 0.220987 -0.014154 1
-0.466673 0.059861 0.222897 2
-0.357511 0.125687 0.226753 2
0.028123 -0.662194 -0.171808 0
-0.414594 0.104495 0.213144 2
0.018601 0.042436 -0.020092 3
0.023539 -0.460139 -0.163332 0
0.627232 0.200403 -0.071679 1
0.247792 0.233605 -0.034039 1
-0.267876 0.166000 0.133660 2
0.072481 0.083023 0.045998 3
0.364888 0.227426 0.022819 1
0.217405 0.232705 -0.070697 1
0.168001 0.214363 -0.072574 1
0.029451 -0.745690 -0.174427 0
0.004369 -0.491333 -0.150181 0
0.024718 0.031883 0.067374 3
0.225599 0.230178 0.051198 1
-0.464090 0.098215 0.104482 2
0.461623 0.206921 0.073515 1
-0.397312 0.148632 0.060811 2
-0.318171 0.148492 0.205784 2
-0.170544 0.171247 0.031128 2
-0.230726 0.177571 0.097199 2
0.020736 -0.981507 -0.171910 0
0.005660 -0.625228 -0.179927 0
0.007189 -0.429425 -0.136878 0
0.100146 0.147961 -0.018376 1
0.014616 0.047230 -0.073535 0
-0.501296 0.036621 0.241587 2
-0.001508 -0.103118 -0.087694 0
-0.396268 0.119664 0.153269 2
-0.591331 -0.011315 0.156099 2
0.305188 0.242623 -0.099317 1
0.014582 -0.002918 -0.051129 0
-0.581704 -0.046945 0.219889 2
0.439958 0.216483 0.025183 1
0.069094 0.091774 -0.037482 0
0.316829 0.233038 0.017007 1
0.278263 0.219072 -0.000042 1
0.591555 0.187921 -0.107624 1
-0.502073 0.062047 0.146267 2
0.023669 -0.173731 -0.080271 0
0.063752 0.075522 0.124302 3
0.024073 0.039323 0.021415 3
-0.518784 0.047322 0.155889 2
-0.310421 0.152932 0.149904 2
0.011205 0.068002 -0.124070 4
-0.200173 0.184763 -0.013048 2
0.335189 0.229604 0.067692 1
0.103261 0.078130 0.052489 3
0.178311 0.221094 -0.035768 1
-0.612844 -0.070242 0.219356 2
0.086422 0.133583 -0.033639 0
-0.553038 0.001145 0.192944 2
0.295970 0.231278 -0.056152 1
-0.550720 0.025418 0.169446 2
0.526147 0.186812 0.030504 1
0.537265 0.179263 0.007494 1
0.024903 -0.938793 -0.165518 0
-0.211948 0.177225 0.018339 2
0.016062 -0.034557 -0.069490 0
-0.043342 0.082780 -0.040979 0
-0.212223 0.169407 0.051521 2
-0.453667 0.090493 0.185450 2
-0.278655 0.160905 0.095491 2
-0.004831 0.024598 -0.051320 0
-0.327285 0.164028 0.089983 2
0.004112 0.121516 -0.173262 4
-0.349875 0.150710 0.126664 2
0.536869 0.197352 -0.034054 1
0.029053 -0.391309 -0.148355 0
0.030484 -0.469274 -0.132941 0
0.667400 0.206143 -0.063976 1
0.591120 0.198873 -0.087357 1
0.001927 -0.346307 -0.122037 0
0.010161 -0.200266 -0.087417 0
0.004470 0.061856 0.053520 3
-0.020884 0.003876 -0.040715 0
0.588244 0.164037 -0.006211 1
0.109714 0.171479 -0.034748 1
-0.036855 0.046689 -0.034489 0
0.402561 0.215448 -0.008355 1
-0.078907 0.124953 -0.004870 2
-0.132135 0.158770 0.021185 2
0.026366 -0.288824 -0.127499 0
0.564938 0.182175 -0.014185 1
-0.375039 0.164095 0.018464 2
0.033242 -0.362738 -0.124034 0
0.045031 0.073675 0.087913 3
-0.363137 0.146175 0.088159 2
0.025367 -0.308589 -0.100118 0
0.012044 -0.851865 -0.189270 0
0.053052 0.112985 -0.043290 0
-0.001857 -0.756764 -0.172929 0
0.205790 0.221516 0.044808 1
0.021177 -0.612585 -0.147824 0
-0.049629 0.097564 -0.005539 0
0.010264 -0.725046 -0.143483 0
-0.399745 0.137000 0.085094 2
0.356866 0.230937 0.000464 1
-0.271751 0.168398 0.182493 2
0.452472 0.210366 0.002458 1
0.010715 -0.916930 -0.195648 0
0.015986 -0.385192 -0.116695 0
-0.328191 0.159009 0.112190 2
0.034199 -0.209628 -0.103063 0
-0.013916 0.048637 -0.100402 4
0.020364 -0.672691 -0.143499 0
-0.150836 0.174202 0.081089 2
-0.356082 0.173045 0.010129 2
-0.002160 -0.070743 -0.080533 0
0.101882 0.084128 0.146237 3
0.043130 0.071791 0.052787 3
0.220015 0.230818 -0.043850 1
0.007060 -0.127210 -0.073274 0
0.285652 0.244021 -0.077663 1
-0.222300 0.178771 0.132805 2
0.023826 -0.494944 -0.131409 0
0.003370 -0.539406 -0.147824 0
-0.559447 -0.026195 0.228967 2
0.058100 0.054244 -0.005830 0
0.178694 0.205142 -0.000547 1
0.500169 0.201297 -0.100856 1
0.336613 0.231742 -0.043538 1
0.005930 -0.580156 -0.166264 0
0.029141 -0.630413 -0.186788 0
-0.409742 0.106881 0.182007 2
-0.538072 0.043324 0.143397 2
0.149735 0.199729 0.007891 1
0.236506 0.229840 0.010065 1
0.125008 0.177699 0.001368 1
-0.365310 0.142522 0.112652 2
0.489493 0.204548 -0.041260 1
-0.443440 0.129301 0.046754 2
0.555037 0.197138 -0.061454 1
-0.025633 0.106290 -0.144475 4
0.013583 -0.821872 -0.188086 0
-0.436913 0.111277 0.110415 2
0.712146 0.169476 -0.035195 1
-0.238073 0.170499 0.120562 2
-0.200239 0.178073 0.089232 2
0.004992 -0.821107 -0.154716 0
-0.279189 0.185895 0.009483 2
0.480860 0.209422 -0.084945 1
-0.531121 0.054123 0.112429 2
-0.585239 -0.004675 0.126888 2
0.006028 -0.691571 -0.156368 0
-0.573790 -0.018053 0.191308 2
-0.170555 0.172828 0.052500 2
0.295338 0.233821 -0.034671 1
-0.416621 0.112002 0.141540 2
-0.592529 -0.032034 0.196179 2
0.141805 0.200050 -0.056353 1
0.299850 0.231139 0.044825 1
0.019070 -0.047999 -0.051047 0
-0.168080 0.176912 -0.005119 2
0.267110 0.232485 -0.020424 1
-0.432120 0.122975 0.085274 2
-0.321478 0.182458 0.016132 2
0.029083 -0.896957 -0.177645 0
0.048213 0.045881 -0.041664 0
-0.054628 0.100603 -0.033783 0
0.022478 -0.084245 -0.065013 0
-0.358341 0.164919 0.056387 2
0.033452 -0.244447 -0.105652 0
-0.386686 0.132248 0.123146 2
0.692496 0.177212 -0.027356 1
0.425021 0.221087 -0.105028 1
0.021865 -0.779369 -0.175149 0
0.004154 -0.558574 -0.166618 0
0.019573 -0.609511 -0.180817 0
0.006846 -0.720195 -0.164806 0
0.540442 0.183420 -0.108075 1
-0.022606 0.117403 -0.171474 4
-0.259746 0.172880 0.089101 2
-0.077181 0.128071 0.015736 2
0.161212 0.206146 -0.028627 1
-0.383756 0.135625 0.148325 2
0.418322 0.226588 -0.051350 1
0.443425 0.221989 -0.035129 1
0.258336 0.226883 0.050973 1
0.608130 0.190088 -0.023710 1
0.003800 -0.609662 -0.164591 0
-0.610130 -0.090727 0.227528 2
-0.561867 0.025047 0.124517 2
-0.006167 0.082967 -0.101769 4
0.010633 -0.267862 -0.107463 0
-0.030115 0.093979 -0.170447 4
0.298144 0.235360 0.087841 1
0.019845 -0.758314 -0.187623 0
0.488981 0.209662 0.008033 1
-0.104686 0.148775 0.022989 2
0.018150 -0.352255 -0.141152 0
-0.492472 0.074175 0.160825 2
-0.251119 0.175968 0.162996 2
0.021168 -0.871975 -0.152906 0
0.036712 0.067206 0.029423 3
-0.296161 0.164675 0.076828 2
0.023109 -0.321516 -0.135641 0
0.589342 0.197678 -0.041031 1
-0.132676 0.164914 0.088261 2
-0.160242 0.179313 0.117415 2
0.358853 0.227500 -0.095323 1
0.003329 -0.018575 -0.063223 0
-0.454183 0.094031 0.146765 2
0.075403 0.116266 -0.027650 0
-0.476718 0.053319 0.242046 2
-0.133067 0.161955 -0.004747 2
0.461754 0.214427 -0.099808 1
0.015471 -0.174628 -0.113324 0
0.372492 0.222424 0.059369 1
-0.050726 0.064618 -0.035803 0
0.021957 -0.704967 -0.160117 0
-0.099132 0.143673 0.050047 2
-0.022369 0.088066 -0.116041 4
0.072481 0.083231 0.083008 3
-0.384183 0.122742 0.211471 2
0.408477 0.222575 0.009730 1
-0.526456 -0.002252 0.245969 2
-0.229102 0.176240 0.060014 2
-0.460822 0.119833 0.073793 2
-0.035615 0.082245 -0.022460 0
0.393426 0.228122 -0.085618 1
0.362435 0.223154 -0.035847 1
0.006077 -0.149664 -0.077949 0
0.020160 0.047613 0.001728 3
0.051295 0.069255 -0.043566 0
0.028598 -0.507616 -0.153212 0
-0.580191 -0.028844 0.228768 2
0.499706 0.201529 0.058313 1
0.220157 0.232438 -0.090926 1
-0.406349 0.104297 0.234844 2
0.022584 -0.419318 -0.129307 0
0.021080 -0.414653 -0.149764 0
0.207549 0.224545 -0.013148 1
-0.452724 0.076570 0.227843 2
-0.187706 0.182916 0.126588 2
0.239865 0.230477 0.037439 1
-0.530256 0.036986 0.196366 2
-0.278169 0.174970 0.029497 2
-0.139012 0.165919 0.039460 2
0.009506 0.095048 -0.096691 4
0.686225 0.197485 -0.050756 1
0.169015 0.214411 0.037056 1
-0.164451 0.155296 0.046030 2
-0.013033 0.132163 -0.216349 4
-0.446134 0.088039 0.203412 2
-0.008480 -0.011229 -0.046762 0
-0.608878 -0.040743 0.184153 2
0.023287 0.013773 -0.038555 0
0.384400 0.223006 -0.064586 1
0.005569 -0.890313 -0.152040 0
0.526100 0.197967 -0.014097 1
0.025105 -0.793473 -0.160046 0
0.136761 0.195422 -0.014279 1
0.028246 -0.642320 -0.166713 0
0.598299 0.141386 -0.000811 1
-0.000262 -0.041646 -0.052470 0
-0.333525 0.147011 0.193917 2
0.022155 -0.848492 -0.158276 0
-0.375222 0.163985 0.038606 2
-0.307547 0.171151 0.036775 2
-0.006981 -0.728110 -0.180880 0
0.135707 0.080770 0.128854 3
0.306908 0.219887 0.000801 1
-0.289549 0.160940 0.111527 2
0.011908 0.124556 -0.207150 4
0.460706 0.210209 -0.056748 1
-0.543004 0.003429 0.221114 2
0.013172 -0.961599 -0.199780 0
0.509815 0.205445 -0.064383 1
-0.239691 0.178845 0.021879 2
-0.075816 0.106020 -0.007313 2
0.011107 0.065209 -0.086155 4
0.254379 0.222283 0.011672 1
0.022879 -0.530875 -0.162464 0
0.326150 0.243196 -0.083826 1
0.178193 0.217123 -0.056557 1
0.018998 0.096611 -0.131060 4
0.028798 -0.325643 -0.110043 0
-0.560089 0.010492 0.162025 2
0.011769 -0.309536 -0.114268 0
0.031464 0.061839 0.094301 3
-0.105247 0.141638 0.000454 2
-0.473892 0.090923 0.146768 2
0.354697 0.231047 0.074919 1
-0.431272 0.077036 0.243525 2
0.666286 0.163076 -0.011222 1
0.009539 0.026654 0.026978 3
0.645569 0.192441 -0.035232 1
0.187853 0.221888 0.030376 1
0.555585 0.188793 -0.035082 1
0.274235 0.224361 0.021639 1
0.253903 0.232567 0.083199 1
-0.363571 0.139105 0.170084 2
-0.012519 0.046033 -0.122848 4
0.029217 0.009018 -0.064688 0
-0.248061 0.178070 0.060857 2
-0.123148 0.162956 0.060777 2
-0.453615 0.107524 0.118175 2
0.004412 -0.683093 -0.173057 0
-0.502392 0.038012 0.222008 2
0.014770 -0.478889 -0.136598 0
0.313213 0.223023 -0.020600 1
0.001026 -0.186004 -0.097553 0
0.020738 -0.487260 -0.167811 0
0.420772 0.214638 0.075442 1
0.442879 0.213100 0.060537 1
-0.258410 0.187352 0.000581 2
-0.355130 0.137661 0.206241 2
-0.338492 0.174080 0.023362 2
-0.404664 0.120662 0.170500 2
0.325744 0.237626 -0.064173 1
0.003195 -0.979970 -0.181626 0
-0.514124 0.041530 0.179215 2
0.045481 0.090039 -0.035444 0
0.028663 -0.349383 -0.109882 0
-0.307113 0.157760 0.192963 2
0.023505 -0.720675 -0.172986 0
-0.331274 0.170495 0.055260 2
0.580067 0.197580 -0.063536 1
0.040361 0.031219 0.077236 3
-0.494234 0.070707 0.125473 2
0.432552 0.214160 -0.021273 1
0.255293 0.235807 -0.051063 1
0.520729 0.196403 -0.094704 1
0.015713 -0.223708 -0.110142 0
0.024909 -0.566186 -0.145113 0
-0.007616 0.111537 -0.152667 4
0.500440 0.207059 -0.006114 1
0.021688 -0.129964 -0.099964 0
0.403093 0.230102 -0.041707 1
-0.189914 0.171066 0.025196 2
-0.540919 0.017018 0.182495 2
0.012462 -0.449357 -0.136270 0
0.510199 0.198665 -0.046977 1
0.446368 0.220195 -0.085256 1
0.051439 0.053729 0.014678 3
-0.356365 0.158091 0.075866 2
0.012979 -0.871300 -0.188913 0
0.022719 -0.922369 -0.157742 0
0.012998 -0.232573 -0.093121 0
0.237461 0.219816 -0.011670 1
-0.434264 0.110739 0.148991 2
-0.005938 -0.668261 -0.170949 0
0.072036 0.074234 0.030079 3
0.031194 -0.854795 -0.188735 0
0.007445 -0.836617 -0.179484 0
0.229309 0.229466 0.075656 1
-0.497931 0.085982 0.080340 2
0.195645 0.231326 -0.066355 1
-0.380290 0.121443 0.183229 2
0.029015 -0.815781 -0.173417 0
-0.602389 -0.025783 0.154418 2
-0.397356 0.108090 0.217008 2
0.025950 -0.194721 -0.080723 0
-0.422208 0.124837 0.126312 2
0.200569 0.226901 -0.031170 1
-0.405953 0.134291 0.108808 2
0.025613 -0.574883 -0.175880 0
0.343539 0.220120 -0.004872 1
-0.537514 0.031254 0.156689 2
-0.008656 0.100422 -0.128604 4
0.022003 0.047703 0.059323 3
-0.557218 0.020562 0.106025 2
-0.316683 0.162164 0.125580 2
-0.569308 -0.005822 0.205363 2
-0.332201 0.145603 0.154052 2
-0.017049 0.042397 -0.082896 4
0.013838 -0.404682 -0.123842 0
0.018414 0.085714 -0.116170 4
0.021188 -0.206644 -0.115510 0
0.013613 0.025300 -0.020723 3
-0.225459 0.182456 0.151194 2
0.266892 0.237400 0.069122 1
-0.473287 0.105040 0.090862 2
-0.219849 0.177768 0.083134 2
-0.188840 0.174728 0.060736 2
0.002847 0.009056 -0.057033 0
0.014012 -0.244842 -0.124065 0
-0.001699 0.045468 -0.066773 0
0.015087 -0.592281 -0.147496 0
0.018716 -0.647490 -0.185944 0
0.237767 0.243883 -0.077587 1
0.635226 0.144252 -0.005582 1
0.112856 0.161902 -0.020270 1
0.266779 0.232289 0.001935 1
-0.405435 0.149241 0.033248 2
0.413198 0.227339 -0.093613 1
0.008081 -0.770523 -0.162027 0
0.198651 0.210412 -0.003642 1
0.337393 0.230902 0.031562 1
0.034407 -0.448388 -0.156178 0
-0.229766 0.191973 -0.011813 2
0.066428 0.062124 -0.025524 0
-0.617770 -0.054411 0.190506 2
0.481312 0.208882 0.029137 1
0.031610 0.013502 0.063038 3
-0.170994 0.177097 0.090095 2
0.607019 0.195326 -0.081078 1
0.286713 0.230734 0.067864 1
-0.418218 0.135051 0.087875 2
0.392931 0.224287 0.022129 1
-0.201020 0.176344 0.037581 2
-0.164901 0.163630 0.066167 2
-0.385500 0.149578 0.080358 2
0.675554 0.177317 -0.023082 1
0.023941 -0.121176 -0.072610 0
0.003935 0.041402 0.038563 3
-0.345606 0.142522 0.141381 2
0.528479 0.199385 -0.072430 1
-0.576520 0.003724 0.161731 2
0.176213 0.207007 -0.019953 1
0.087601 0.087382 0.053300 3
0.365662 0.220347 0.041686 1
-0.582334 -0.010940 0.171746 2
0.008414 -0.361234 -0.127949 0
0.002671 -0.047633 -0.071481 0
-0.289557 0.165124 0.148052 2
0.022512 0.056362 0.023805 3
0.012094 -0.509735 -0.160292 0
0.627644 0.200352 -0.091983 1
0.285896 0.232249 0.008058 1
0.022747 -0.954910 -0.172118 0
-0.519003 0.024648 0.229216 2
0.028863 -0.591994 -0.181334 0
-0.212318 0.179666 0.001309 2
-0.510491 0.067303 0.132216 2
0.019824 -0.745293 -0.153045 0
0.393884 0.227342 -0.017226 1
0.012626 -0.030296 -0.053168 0
0.158566 0.209680 -0.005150 1
0.510856 0.193490 0.021400 1
0.014186 -0.336128 -0.136825 0
0.032329 -0.434284 -0.132718 0
0.579559 0.187357 -0.095392 1
0.030134 -0.405667 -0.136394 0
-0.476590 0.082850 0.123107 2
0.427500 0.216523 -0.065592 1
0.255191 0.243505 -0.094234 1
-0.024379 0.135200 -0.232065 4
0.008498 -0.808295 -0.165423 0
-0.281231 0.170962 0.124301 2
0.110223 0.089677 0.119441 3
0.020301 -0.544182 -0.173952 0
-0.426675 0.090106 0.207045 2
0.024835 -0.288303 -0.106585 0
0.004195 -0.713172 -0.180916 0
-0.038941 0.037561 -0.049617 0
-0.539798 0.045348 0.124443 2
0.053496 0.077563 0.039196 3
0.008140 -0.939738 -0.180072 0
-0.277701 0.169711 0.056583 2
0.024292 -0.639815 -0.150332 0
-0.259577 0.171485 0.147371 2
0.024419 -0.521467 -0.144420 0
0.037207 0.055769 -0.006758 3
0.011782 -0.663159 -0.180817 0
0.005160 -0.806008 -0.182774 0
0.030201 -0.150860 -0.085654 0
-0.413455 0.148778 0.052683 2
0.613606 0.202408 -0.058405 1
0.698525 0.185904 -0.062439 1
-0.002927 -0.961266 -0.194768 0
-0.344805 0.164655 0.046338 2
0.008889 -0.896656 -0.182443 0
0.028036 -0.843563 -0.175215 0
0.643628 0.187173 -0.008348 1
-0.618508 -0.063375 0.205086 2
0.503165 0.187663 0.067125 1
-0.386281 0.161598 0.053090 2
0.034194 -0.473096 -0.163789 0
0.021953 -0.063450 -0.064017 0
0.028834 0.046148 -0.056235 0
-0.014255 0.021171 -0.037171 0
0.646216 0.203061 -0.070559 1
-0.184741 0.182621 0.144693 2
-0.154172 0.167860 0.031824 2
0.473572 0.214050 0.001116 1
0.460433 0.207687 0.029769 1
0.033590 -0.382063 -0.111616 0
0.618990 0.163819 -0.006024 1
0.031419 -0.018436 -0.057944 0
-0.478249 0.056327 0.208927 2
0.170619 0.208356 0.052485 1
0.664784 0.195584 -0.049524 1
0.033402 -0.338717 -0.143848 0
0.003809 -0.156525 -0.100226 0
-0.550165 -0.005551 0.235472 2
-0.517961 0.066762 0.094197 2
0.028010 -0.605365 -0.165869 0
0.471649 0.207198 -0.027384 1
-0.423158 0.096728 0.229342 2
-0.196312 0.172658 0.104390 2
0.358713 0.236264 -0.080017 1
-0.027654 0.060443 -0.034906 0
-0.015493 -0.018766 -0.065663 0
0.001668 -0.382134 -0.131434 0
0.094315 0.156568 -0.004721 0
0.496260 0.204832 -0.081217 1
-0.436522 0.093084 0.179949 2
-0.611592 -0.041033 0.163326 2
0.496960 0.197920 -0.020994 1
-0.027651 0.013001 -0.054064 0
0.001946 -0.874895 -0.161016 0
0.015942 -0.888744 -0.167303 0
0.013911 -0.472529 -0.158408 0
0.278023 0.237820 -0.057438 1
-0.362353 0.144222 0.149363 2
0.577961 0.188705 -0.033341 1
0.286033 0.225247 0.037244 1
0.012931 -0.216347 -0.095365 0
-0.046769 0.069541 -0.020715 0
0.020773 -0.099511 -0.084691 0
-0.314220 0.155158 0.102182 2
0.058021 0.077078 0.105162 3
-0.065207 0.097106 -0.019260 0
0.030898 -0.228876 -0.101517 0
-0.017579 0.087625 -0.153024 4
0.142009 0.199918 0.022244 1
0.513950 0.195434 0.038315 1
0.005505 -0.106234 -0.070528 0
0.002702 -0.521801 -0.153235 0
0.342169 0.225130 0.091525 1
0.021301 -0.684113 -0.175280 0
0.028871 -0.259417 -0.101265 0
-0.024747 0.126871 -0.204125 4
-0.541306 0.039587 0.095976 2
-0.006161 -0.651955 -0.165855 0
-0.413167 0.109869 0.197924 2
-0.463657 0.047734 0.249831 2
0.103248 0.085883 0.081605 3
0.008143 -0.865449 -0.174645 0
-0.233444 0.176807 0.175172 2
0.090729 0.084062 0.111212 3
0.044066 0.074285 0.068717 3
0.559223 0.194248 -0.093574 1
-0.577957 0.009718 0.127148 2
-0.496417 0.021069 0.251043 2
0.498354 0.191240 -0.113327 1
0.674421 0.149351 -0.008962 1
0.057531 0.098002 -0.053591 0
-0.566923 0.017430 0.139898 2
0.074349 0.087460 0.067611 3
-0.598632 -0.056242 0.219383 2
-0.468056 0.074260 0.184489 2
0.208077 0.226951 0.007933 1
-0.476198 0.077913 0.155833 2
0.188930 0.221890 0.001828 1
-0.334421 0.145535 0.119032 2
0.031963 -0.544666 -0.159036 0
0.456637 0.203239 -0.110034 1
-0.043589 0.082766 -0.006118 0
0.130296 0.193725 0.000251 1
0.083996 0.147924 -0.027042 0
-0.346101 0.159311 0.088035 2
0.528924 0.191902 0.002363 1
0.128510 0.181360 -0.035984 1
0.007921 -0.917712 -0.165664 0
0.004780 -0.787707 -0.180264 0
0.430689 0.216589 -0.043072 1
-0.530889 0.015674 0.218176 2
0.008109 -0.077558 -0.063315 0
0.026522 0.115790 -0.174506 4
-0.433537 0.140415 0.060840 2
0.003521 0.025589 -0.036181 0
0.382442 0.221205 -0.048906 1
0.023554 -0.968583 -0.180737 0
0.712054 0.178148 -0.055344 1
-0.252350 0.175064 0.125808 2
-0.451159 0.074891 0.210724 2
0.034540 0.039100 -0.037406 0
0.031110 -0.572232 -0.158380 0
0.012531 -0.755947 -0.166362 0
-0.182970 0.182052 -0.006728 2
0.011971 -0.904793 -0.152055 0
0.525344 0.172849 0.047101 1
-0.132583 0.143158 0.023624 2
-0.482628 0.091295 0.090961 2
-0.315318 0.167480 0.080265 2
0.551992 0.159114 0.015375 1
0.198057 0.219800 0.067494 1
-0.091434 0.134499 -0.005763 2
-0.337977 0.141334 0.173529 2
0.503679 0.204621 0.010585 1
0.003342 0.083219 -0.123712 4
-0.430433 0.106917 0.175592 2
-0.208892 0.184077 0.154656 2
0.548730 0.173899 -0.004955 1
0.023023 -0.253644 -0.114701 0
-0.388392 0.123002 0.140124 2
0.366657 0.220995 0.008630 1
0.002449 -0.261564 -0.120884 0
-0.473220 0.112359 0.067813 2
-0.308415 0.151228 0.169708 2
0.032200 -0.464644 -0.150789 0
-0.141173 0.157561 0.008486 2
0.001734 -0.837214 -0.161569 0
0.004244 -0.640239 -0.173452 0
-0.151611 0.164532 -0.005429 2
-0.364426 0.136433 0.185406 2
-0.020845 0.062185 -0.092651 4
0.442810 0.219902 -0.005143 1
0.113108 0.170445 0.008277 1
0.474257 0.206454 -0.070668 1
-0.171309 0.168411 0.015865 2
0.153841 0.205520 -0.064500 1
0.314624 0.235025 0.082572 1
-0.180328 0.161789 0.060819 2
0.313867 0.231214 0.038246 1
-0.306775 0.165810 0.110707 2
-0.505541 0.041147 0.204838 2
0.576977 0.171762 -0.013443 1
0.016321 -0.676439 -0.162824 0
0.114287 0.180045 -0.011937 1
0.334139 0.223374 -0.028493 1
0.423337 0.222445 -0.012115 1
-0.298020 0.169332 0.059480 2
-0.491192 0.060028 0.198073 2
0.015445 -0.596607 -0.173043 0
0.006969 -0.750196 -0.185289 0
-0.453274 0.105504 0.133786 2
0.002587 0.028150 -0.008180 3
-0.009668 0.123448 -0.182998 4
0.320201 0.239608 -0.098100 1
0.633873 0.200454 -0.042526 1
-0.094337 0.140631 0.015094 2
0.164661 0.203268 0.007391 1
0.050817 0.069570 0.023876 3
0.014096 -0.332482 -0.115519 0
0.208656 0.229376 0.059971 1
0.013331 0.019987 -0.059356 0
0.628662 0.204939 -0.057105 1
0.045506 0.067905 -0.057677 0
-0.225720 0.165755 0.070625 2
0.030141 -0.593193 -0.149965 0
-0.626814 -0.078512 0.205033 2
0.003413 -0.706474 -0.158259 0
0.006340 -0.414346 -0.134832 0
-0.368280 0.123323 0.216236 2
0.037242 0.059858 0.045366 3
-0.212254 0.171631 0.096424 2
0.279550 0.227064 -0.027343 1
0.572843 0.154514 0.005338 1
0.617665 0.178633 -0.012239 1
0.029516 -0.881990 -0.175007 0
0.549548 0.190302 -0.048952 1
0.020548 -0.931173 -0.181968 0
0.384069 0.217260 0.067740 1
0.383861 0.226729 -0.005620 1
0.017693 -0.278064 -0.133761 0
0.422846 0.216622 0.035877 1
0.022544 -0.163677 -0.099077 0
-0.201763 0.177502 0.125041 2
-0.242397 0.170175 0.103395 2
0.325257 0.222886 0.009594 1
-0.299776 0.161657 0.158661 2
0.008230 -0.118677 -0.087180 0
-0.589320 -0.005138 0.141446 2
0.112536 0.082041 0.066034 3
0.659612 0.186496 -0.035650 1
0.028331 -0.427612 -0.145669 0
0.456534 0.211986 -0.041213 1
-0.160720 0.168279 -0.021755 2
-0.317652 0.183621 0.001614 2
0.016635 0.095613 -0.150738 4
0.003863 -0.282278 -0.110557 0
0.238367 0.224107 -0.027186 1
0.337651 0.232245 0.001737 1
0.028509 -0.391705 -0.121923 0
-0.200614 0.176811 0.074226 2
0.147038 0.203024 -0.022107 1
-0.130375 0.166819 0.073579 2
0.266660 0.248459 -0.085978 1
-0.483109 0.045779 0.230811 2
0.032967 -0.421346 -0.118730 0
-0.328052 0.158785 0.076024 2
-0.496247 0.055548 0.183771 2
-0.287794 0.189852 -0.003445 2
0.413165 0.221911 -0.078811 1
0.042812 0.060800 -0.034711 0
0.015409 -0.647795 -0.161517 0
-0.618009 -0.101755 0.221058 2
0.139875 0.187267 -0.026379 1
0.484224 0.200953 0.068350 1
0.295794 0.248880 -0.087406 1
0.264880 0.227347 -0.034232 1
0.005149 -0.677400 -0.151941 0
-0.278934 0.171460 0.105961 2
-0.317015 0.147022 0.190247 2
0.013186 0.061567 -0.101722 4
-0.277939 0.163245 0.196335 2
-0.500081 0.082167 0.096148 2
0.032770 -0.352964 -0.138958 0
0.020143 -0.371768 -0.121336 0
-0.393286 0.158079 0.024310 2
0.009022 -0.945238 -0.165496 0
0.050467 0.062941 -0.019191 0
0.099538 0.164649 -0.026486 1
0.014485 -0.162176 -0.080820 0
0.394971 0.221053 0.044763 1
0.003470 0.032680 0.006803 3
0.069757 0.071180 0.055856 3
0.119329 0.089877 0.095062 3
0.019349 -0.906970 -0.189091 0
0.022370 -0.661842 -0.158270 0
-0.008167 0.118110 -0.165908 4
-0.271311 0.177795 0.044463 2
0.469564 0.204647 -0.013066 1
0.182350 0.226491 -0.070319 1
0.013164 -0.967894 -0.166660 0
0.013434 -0.304232 -0.127842 0
0.012844 -0.619325 -0.158301 0
-0.200486 0.179637 -0.026764 2
0.219151 0.222431 0.038891 1
0.016872 -0.192858 -0.112809 0
0.009959 -0.546094 -0.159349 0
-0.023534 0.046633 -0.028476 0
0.066539 0.119583 -0.016522 0
-0.526830 0.025782 0.205071 2
-0.201521 0.164034 0.059839 2
0.006453 0.050226 -0.085231 4
0.011006 -0.529120 -0.138492 0
-0.545258 0.033181 0.135001 2
-0.008475 0.064117 -0.124279 4
0.022957 -0.734840 -0.167197 0
0.023066 -0.558395 -0.175507 0
0.018249 -0.049528 -0.067850 0
0.461785 0.207581 0.058992 1
0.024209 -0.275779 -0.099246 0
0.370585 0.221730 0.075057 1
-0.114120 0.134355 0.014733 2
0.008281 -0.917067 -0.181349 0
-0.475406 0.092073 0.111982 2
0.114300 0.086714 0.153247 3
-0.197926 0.177914 0.009648 2
0.667491 0.201148 -0.077569 1
-0.445749 0.121477 0.077210 2
-0.021747 -0.006136 -0.051079 0
-0.216569 0.178540 0.032467 2
0.238223 0.223489 0.022909 1
0.314354 0.230453 -0.008144 1
0.021960 -0.765164 -0.172657 0
-0.394602 0.121837 0.184894 2
0.028163 -0.909297 -0.160315 0
0.030045 -0.827120 -0.157375 0
-0.292595 0.178825 0.032178 2
-0.289349 0.169425 0.091095 2
0.354338 0.228092 0.037471 1
0.014523 -0.346972 -0.109581 0
0.297854 0.241311 -0.066232 1
0.530438 0.185926 -0.096017 1
0.032196 -0.694239 -0.170309 0
0.003178 -0.742059 -0.174123 0
0.396252 0.218989 0.086330 1
-0.023115 0.037834 -0.043218 0
-0.539586 0.002413 0.242689 2
-0.025534 0.104967 -0.178396 4
0.190852 0.216716 -0.028598 1
0.009380 -0.429464 -0.151018 0
-0.258574 0.175288 0.075048 2
-0.456195 0.125751 0.061565 2
0.083306 0.146623 -0.008165 0
-0.117629 0.154684 0.024344 2
0.442130 0.219900 -0.071610 1
-0.263198 0.189241 -0.013124 2
-0.241489 0.187257 -0.005161 2
0.032854 -0.406018 -0.150404 0
-0.248498 0.164116 0.089734 2
-0.014962 0.034343 -0.055051 0
-0.264226 0.174692 0.032454 2
0.384082 0.216920 0.053199 1
-0.126338 0.160446 0.034073 2
-0.040414 0.052208 -0.021876 0
0.528937 0.187755 0.015960 1
-0.429952 0.117529 0.137284 2
0.029987 -0.200436 -0.093094 0
0.101480 0.164883 -0.047329 1
0.241853 0.219063 0.001798 1
0.030147 0.051577 -0.026336 0
0.434157 0.223937 -0.094586 1
0.333488 0.230075 -0.012774 1
-0.006951 -0.026131 -0.057110 0
0.606307 0.157689 -0.004811 1
0.018889 0.035123 0.035029 3
0.541785 0.197746 -0.066272 1
-0.249343 0.179098 0.036885 2
0.027166 0.019575 0.051109 3
0.471163 0.208239 0.038887 1
-0.582302 -0.039457 0.207976 2
0.014356 -0.429748 -0.124669 0
-0.403607 0.146600 0.075560 2
0.413196 0.215039 0.045978 1
-0.213987 0.189546 -0.014016 2
-0.368018 0.132966 0.155581 2
0.237308 0.231420 -0.043122 1
0.027860 -0.003155 -0.057827 0
0.488904 0.208719 -0.027870 1
0.687054 0.185535 -0.043503 1
0.225744 0.221184 0.014432 1
0.016721 -0.905632 -0.168444 0
-0.248179 0.185223 0.009864 2
0.007738 -0.597724 -0.158064 0
0.512511 0.202928 -0.011815 1
-0.518726 0.044263 0.199419 2
0.020451 -0.948268 -0.189249 0
0.226662 0.227661 -0.007564 1
0.396138 0.216124 -0.093503 1
-0.023910 0.119823 -0.189349 4
0.013731 -0.574638 -0.153891 0
0.212123 0.233750 -0.054968 1
-0.239503 0.170943 0.052385 2
-0.530623 0.025667 0.186164 2
0.297383 0.235183 0.060088 1
0.036724 -0.324444 -0.135820 0
-0.552195 0.010687 0.177327 2
0.025378 -0.136380 -0.085208 0
0.314569 0.233605 0.055986 1
-0.038408 0.069237 -0.040344 0
-0.033252 0.034162 -0.029643 0
0.010479 -0.251853 -0.108979 0
0.007555 0.115659 -0.158513 4
-0.308461 0.161777 0.139302 2
-0.106876 0.148819 0.060352 2
0.357319 0.223244 -0.019750 1
-0.463618 0.062687 0.236118 2
-0.087306 0.115008 -0.000120 2
-0.624910 -0.067710 0.174801 2
-0.134681 0.156647 -0.019340 2
-0.121978 0.155491 0.001357 2
0.371335 0.231109 -0.042854 1
-0.455040 0.096855 0.161721 2
-0.376395 0.142640 0.089843 2
-0.566725 0.000223 0.191240 2
0.335660 0.235497 -0.077398 1
0.003888 -0.225972 -0.101131 0
-0.556396 0.006591 0.213037 2
-0.320976 0.148440 0.117890 2
0.307833 0.236355 -0.051261 1
0.091294 0.085308 0.089683 3
0.064483 0.105068 -0.033708 0
0.025251 0.061187 0.052538 3
-0.383705 0.124434 0.197802 2
0.283880 0.230503 -0.005463 1
-0.033804 0.116066 -0.179391 4
0.042411 0.074469 -0.033056 0
-0.259602 0.170650 0.059694 2
0.023060 -0.274187 -0.119003 0
0.150092 0.202006 -0.041100 1
0.137448 0.180331 -0.007891 1
0.207183 0.220802 0.031140 1
0.011851 -0.296969 -0.108690 0
0.322890 0.231263 -0.028007 1
0.598322 0.171077 -0.012366 1
0.219463 0.217695 -0.013702 1
0.399952 0.220460 -0.051522 1
-0.228182 0.176996 0.110684 2
0.550541 0.189276 -0.079130 1
0.450924 0.210054 0.016099 1
0.031339 -0.297494 -0.116239 0
0.585108 0.191450 -0.077502 1
0.442820 0.208978 0.037040 1
0.079438 0.141708 -0.042176 0
0.087252 0.133432 -0.019966 0
-0.154341 0.172693 0.054155 2
0.004096 -0.850679 -0.178181 0
0.430215 0.214714 0.015728 1
0.460562 0.215754 -0.013519 1
0.061465 0.118649 -0.034101 0
0.229312 0.237257 -0.065259 1
0.026760 -0.369797 -0.109527 0
0.046019 0.054947 0.028836 3
-0.015097 0.074418 -0.095921 4
0.020622 -0.502785 -0.143210 0
0.248090 0.229830 -0.014321 1
0.023051 -0.778868 -0.159380 0
0.207798 0.230195 -0.085574 1
-0.006581 0.002007 -0.049519 0
0.588079 0.182305 -0.006171 1
-0.087496 0.127594 -0.019793 2
0.003302 -0.091661 -0.079376 0
0.519506 0.195098 -0.036729 1
0.121671 0.171617 -0.028262 1
-0.160296 0.177578 0.098473 2
0.488624 0.200529 0.038817 1
-0.405466 0.130293 0.095843 2
0.016495 -0.069663 -0.086739 0
-0.417696 0.107040 0.170861 2
-0.059544 0.087090 -0.008843 0
0.008436 -0.551804 -0.145693 0
0.530978 0.186202 -0.020756 1
-0.175837 0.161435 0.042014 2
0.353883 0.230475 -0.043373 1
0.014202 -0.457505 -0.150824 0
-0.335316 0.153545 0.143547 2
-0.377001 0.141272 0.125938 2
0.007763 -0.980407 -0.168239 0
0.300155 0.225305 -0.025344 1
-0.023927 0.096800 -0.129773 4
0.635733 0.208774 -0.078018 1
0.617811 0.188133 -0.032919 1
0.029016 -0.378215 -0.145057 0
0.551161 0.183793 -0.099873 1
-0.183834 0.169725 0.081654 2
-0.108408 0.143528 -0.016033 2
0.274517 0.239299 -0.070380 1
-0.285562 0.165690 0.185481 2
-0.472133 0.082940 0.175009 2
-0.240465 0.178273 0.154280 2
-0.506820 0.056327 0.157498 2
0.102208 0.088890 0.060795 3
-0.129725 0.164504 0.049091 2
0.013358 -0.567035 -0.171584 0
0.130823 0.192927 -0.043410 1
-0.512516 0.054981 0.141638 2
0.031778 -0.325803 -0.123408 0
0.130162 0.088855 0.119686 3
0.130322 0.088429 0.141390 3
0.013699 -0.347513 -0.129420 0
0.026832 -0.808648 -0.162270 0
0.337285 0.233513 0.080349 1
-0.373188 0.158832 0.052252 2
0.616740 0.204960 -0.078661 1
-0.393349 0.140032 0.114516 2
0.072673 0.082833 0.117498 3
0.174610 0.217250 0.003438 1
-0.493291 0.081708 0.116269 2
0.013735 -0.391466 -0.128299 0
0.003720 -0.625715 -0.165695 0
0.099069 0.150300 -0.033275 1
0.014776 -0.529658 -0.174026 0
0.629775 0.185948 -0.008921 1
0.032348 0.024592 -0.063043 0
-0.242027 0.175772 0.090129 2
0.451681 0.201833 0.080804 1
0.654236 0.160365 -0.005189 1
0.058497 0.081866 -0.033829 0
0.568328 0.191304 -0.063643 1
0.680112 0.202265 -0.063410 1
0.015037 0.026275 0.058664 3
0.431884 0.212221 -0.006123 1
0.030071 -0.855875 -0.166968 0
0.379685 0.223539 0.021306 1
0.371899 0.221796 0.090180 1
0.023282 -0.626763 -0.152529 0
-0.329424 0.141470 0.205397 2
0.593209 0.188030 -0.031476 1
-0.173537 0.177175 -0.019749 2
-0.004718 0.031513 -0.062983 0
-0.375063 0.140516 0.139587 2
0.354324 0.223219 0.015968 1
0.011216 -0.268415 -0.094252 0
0.001664 -0.195673 -0.106561 0
0.432314 0.210124 0.070813 1
0.074963 0.135778 -0.027407 0
-0.471725 0.068118 0.213884 2
0.373079 0.230692 -0.022892 1
-0.521157 0.060390 0.118449 2
-0.550627 0.018111 0.191401 2
-0.364235 0.152925 0.104568 2
-0.278681 0.168179 0.140945 2
0.500082 0.200778 -0.056767 1
0.139318 0.190842 0.009808 1
0.014706 -0.852513 -0.168410 0
0.054530 0.065191 0.051889 3
0.120507 0.090835 0.110902 3
0.180464 0.219293 0.019630 1
-0.391258 0.118708 0.221917 2
0.559924 0.152041 0.006070 1
0.032094 0.011937 -0.050686 0
0.013604 -0.728103 -0.155852 0
-0.455194 0.078789 0.191296 2
-0.555768 -0.003719 0.204871 2
0.061362 0.081122 0.052782 3
0.041034 0.076239 -0.048522 0
-0.423084 0.117941 0.115136 2
-0.010000 0.138750 -0.233862 4
-0.527216 0.038999 0.161604 2
0.014021 -0.042600 -0.079669 0
0.016043 0.123262 -0.178415 4
0.597226 0.196829 -0.099853 1
0.500698 0.200150 0.045321 1
-0.226707 0.167181 0.086677 2
0.015553 -0.882650 -0.182895 0
0.254291 0.234557 -0.065102 1
0.401703 0.221041 0.074303 1
0.702768 0.158346 -0.029886 1
0.422199 0.209575 0.087428 1
-0.153298 0.172421 0.068211 2
-0.593809 -0.046307 0.207030 2
-0.024803 0.111501 -0.160014 4
-0.488416 0.072139 0.147049 2
0.245784 0.230502 0.051048 1
0.012099 0.038363 -0.006057 3
0.224729 0.223356 -0.034230 1
-0.103380 0.149456 0.039149 2
0.022501 -0.244766 -0.095875 0
-0.309830 0.174748 0.049102 2
0.366426 0.227955 -0.070894 1
0.285240 0.229767 -0.048916 1
-0.443819 0.094868 0.154616 2
0.083408 0.078154 0.066752 3
0.559019 0.190846 -0.022703 1
-0.405074 0.155833 0.044456 2
0.395524 0.225670 0.000034 1
0.500697 0.207352 -0.035274 1
0.001927 -0.886174 -0.187801 0
-0.335958 0.153951 0.095957 2
-0.300160 0.150322 0.205838 2
-0.324859 0.153337 0.163204 2
0.401703 0.229810 -0.028807 1
0.604413 0.192305 -0.041358 1
0.061216 0.076967 0.081676 3
0.458875 0.216369 -0.026842 1
-0.350641 0.135302 0.221472 2
0.293993 0.222201 0.008992 1
-0.599118 -0.076322 0.233003 2
0.029368 -0.457386 -0.137901 0
0.487536 0.206781 -0.095687 1
-0.361754 0.145864 0.128040 2
-0.500637 0.073807 0.141158 2
0.214826 0.221255 -0.026235 1
0.004356 -0.143641 -0.100165 0
0.166946 0.209258 -0.060465 1
0.122212 0.169598 -0.014290 1
0.474960 0.207252 -0.057829 1
-0.477166 0.070361 0.198196 2
0.003336 -0.059167 -0.081819 0
-0.000760 -0.503132 -0.149774 0
0.003975 0.016796 -0.020095 3
0.343249 0.229200 0.043896 1
0.016418 -0.236193 -0.113156 0
-0.493154 0.067717 0.177079 2
-0.391969 0.118770 0.171036 2
-0.375439 0.120316 0.228292 2
-0.008834 0.092648 -0.116985 4
-0.301866 0.181722 0.000789 2
0.369519 0.233357 -0.091263 1
-0.270909 0.190234 0.000684 2
-0.451895 0.111006 0.104856 2
0.310117 0.231898 0.003865 1
-0.351010 0.137139 0.168593 2
0.025096 -0.560457 -0.157723 0
0.647122 0.171095 -0.013762 1
0.083713 0.081318 0.040125 3
0.020598 -0.743214 -0.183317 0
0.425007 0.224073 -0.031638 1
0.579686 0.190751 -0.049037 1
-0.464060 0.098628 0.140083 2
-0.065221 0.111404 -0.012012 0
0.028563 -0.525568 -0.172598 0
0.190875 0.224056 0.044252 1
-0.288727 0.173112 0.067382 2
0.160518 0.208449 0.025203 1
-0.376763 0.129487 0.133244 2
-0.366188 0.149774 0.073979 2
0.039701 0.053028 -0.058172 0
0.011300 -0.319957 -0.099983 0
-0.015256 0.009456 -0.055077 0
0.354582 0.229534 -0.058288 1
0.394221 0.215962 0.033169 1
0.020681 -0.663155 -0.189853 0
-0.512112 0.052798 0.185171 2
0.052118 0.098443 -0.028655 0
0.324548 0.235262 0.074688 1
0.265862 0.229341 -0.048386 1
-0.581056 -0.026881 0.197725 2
0.012856 0.040916 0.053785 3
0.024117 -0.362061 -0.135826 0
0.547233 0.169480 0.009899 1
0.257038 0.224747 -0.021680 1
0.018728 -0.210063 -0.086044 0
-0.237705 0.186904 -0.020250 2
0.025907 -0.302282 -0.128566 0
0.015799 -0.872898 -0.167893 0
-0.172664 0.181603 0.117375 2
0.021021 -0.633730 -0.172498 0
0.022917 -0.786556 -0.185470 0
0.595842 0.191895 -0.055392 1
0.101654 0.085863 0.133215 3
0.023692 -0.178981 -0.092514 0
-0.336392 0.156170 0.125455 2
-0.183978 0.178513 0.090649 2
0.031422 -0.443001 -0.143732 0
0.015436 -0.011786 -0.062732 0
-0.562299 -0.019053 0.214226 2
0.307670 0.224479 0.016229 1
0.029603 -0.392084 -0.135843 0
0.342882 0.223403 0.057663 1
0.063868 0.107595 -0.046639 0
-0.355884 0.156296 0.095271 2
0.266790 0.221211 0.007784 1
0.029401 -0.713424 -0.154072 0
-0.002235 0.078234 -0.113668 4
-0.419760 0.093149 0.217015 2
0.188486 0.227106 -0.057006 1
0.441051 0.219153 0.007215 1
0.277964 0.223841 -0.014237 1
-0.270380 0.172030 0.096860 2
0.539214 0.198635 -0.049328 1
0.472208 0.206923 0.066882 1
0.014268 -0.466767 -0.133646 0
0.305465 0.230907 0.029024 1
0.657529 0.200885 -0.058446 1
-0.541653 0.030685 0.176182 2
-0.442488 0.092135 0.190849 2
-0.494569 0.046959 0.205883 2
0.533447 0.177697 0.024998 1
0.246360 0.231251 0.002589 1
-0.024727 0.077735 -0.109391 4
-0.417221 0.100312 0.189470 2
-0.035149 0.074594 -0.012669 0
-0.034453 0.120246 -0.209329 4
0.055308 0.069896 0.117130 3
0.645761 0.186300 -0.022041 1
-0.551866 -0.017855 0.235397 2
0.003792 -0.769532 -0.173631 0
-0.181500 0.172061 0.039002 2
0.393147 0.221965 -0.041263 1
0.025086 -0.006060 -0.045349 0
-0.210413 0.174243 0.067085 2
0.008860 -0.968545 -0.189099 0
-0.302027 0.156493 0.104079 2
-0.035550 0.070091 -0.025912 0
0.056006 0.067182 -0.029879 0
0.029756 0.025336 0.079676 3
-0.268628 0.172504 0.119142 2
-0.288765 0.164011 0.168892 2
0.485467 0.202557 -0.075662 1
0.394114 0.222368 -0.072182 1
-0.519957 0.052363 0.167072 2
0.042375 0.038702 -0.049786 0
0.518197 0.199837 -0.057324 1
0.450634 0.206814 0.067978 1
0.198054 0.226749 0.053876 1
-0.112803 0.149310 0.009821 2
0.381893 0.222697 -0.027463 1
0.571297 0.190552 -0.022352 1
0.017603 -0.626567 -0.185051 0
0.024111 -0.593367 -0.139233 0
0.030260 -0.674393 -0.153409 0
-0.379554 0.137221 0.114474 2
-0.566404 0.015959 0.153045 2
0.342396 0.240569 -0.086303 1
-0.384583 0.149059 0.066950 2
-0.413674 0.127683 0.117980 2
0.012974 -0.486418 -0.157400 0
0.013949 -0.113518 -0.075613 0
0.013683 -0.091096 -0.070083 0
0.676220 0.164007 -0.018321 1
0.277010 0.231390 0.031703 1
-0.020853 0.055450 -0.107838 4
-0.296364 0.168015 0.104244 2
0.170256 0.215593 -0.026283 1
0.161692 0.203730 0.045547 1
-0.504981 0.024163 0.242904 2
0.078288 0.123534 -0.037025 0
-0.017673 0.079744 -0.123636 4
0.627985 0.171723 -0.008371 1
0.429954 0.223682 -0.055487 1
-0.259621 0.172400 0.176179 2
-0.417005 0.108828 0.153536 2
-0.200891 0.176611 0.023434 2
-0.405299 0.115261 0.146367 2
0.024297 -0.071773 -0.072606 0
0.519421 0.191347 -0.021849 1
-0.171075 0.168794 0.081119 2
-0.230603 0.175362 0.077938 2
0.020897 -0.835819 -0.181328 0
-0.159742 0.171863 0.021768 2
0.032661 -0.556807 -0.144887 0
0.187725 0.212439 0.010345 1
0.226721 0.235464 -0.078008 1
0.588093 0.149188 -0.000475 1
0.265961 0.234878 0.082334 1
0.530451 0.176834 0.036820 1
0.013190 -0.203246 -0.107048 0
-0.463686 0.100814 0.118719 2
-0.011896 -0.022754 -0.045282 0
0.179026 0.213161 0.030357 1
0.267065 0.220682 -0.004984 1
-0.488526 0.045284 0.241624 2
-0.405091 0.111992 0.206682 2
-0.397871 0.129373 0.118027 2
0.062047 0.081375 0.094596 3
0.011782 0.103407 -0.124133 4
0.327057 0.229467 0.022365 1
-0.356915 0.147813 0.139185 2
-0.459723 0.059133 0.249086 2
0.012955 -0.281803 -0.118499 0
0.002841 0.125767 -0.188567 4
0.071403 0.062537 0.033012 3
0.170569 0.220362 -0.047774 1
0.005406 -0.655045 -0.174557 0
0.531893 0.190526 -0.080824 1
-0.593326 -0.019470 0.167732 2
-0.504537 0.049556 0.176366 2
-0.479252 0.088455 0.135021 2
0.006289 -0.895783 -0.165689 0
0.024963 0.045771 0.031551 3
0.007336 -0.530897 -0.159629 0
0.540586 0.187250 -0.028664 1
-0.051214 0.093887 -0.019181 0
0.028804 -0.448588 -0.129709 0
0.418890 0.220405 0.015356 1
-0.526367 0.009744 0.246841 2
-0.405888 0.093214 0.239470 2
0.069496 0.056193 -0.009089 0
0.020890 0.011040 -0.054896 0
-0.388695 0.139869 0.088793 2
0.014094 0.083014 -0.129034 4
-0.116254 0.143367 -0.003997 2
0.415941 0.218355 -0.062949 1
0.010134 -0.495332 -0.140451 0
0.028745 -0.674035 -0.165394 0
0.028874 -0.486288 -0.138914 0
0.003816 -0.136767 -0.084681 0
-0.264099 0.168340 0.191711 2
-0.394803 0.117919 0.208260 2
-0.346318 0.143530 0.117764 2
-0.142728 0.163951 0.023242 2
0.017916 -0.386360 -0.142406 0
-0.615333 -0.047811 0.176064 2
0.489551 0.202073 0.023791 1
0.042002 0.024580 -0.040999 0
0.539167 0.193556 -0.098902 1
0.014335 -0.496701 -0.164266 0
0.166508 0.198162 -0.005907 1
0.701357 0.173622 -0.043212 1
-0.268993 0.182556 0.024771 2
0.529300 0.191899 -0.106278 1
0.004219 -0.157452 -0.088176 0
0.283699 0.231606 0.021831 1
0.073212 0.111301 -0.038905 0
0.121403 0.185894 -0.027567 1
-0.431199 0.110401 0.161132 2
0.409861 0.224226 -0.004963 1
0.033499 0.051776 0.024014 3
0.004138 0.075178 -0.094475 4
0.264536 0.231068 0.019398 1
-0.493478 0.032504 0.249578 2
0.131689 0.193439 -0.055263 1
-0.409315 0.099708 0.224281 2
0.023119 -0.583669 -0.151112 0
-0.270392 0.164542 0.087628 2
0.028735 -0.530477 -0.152135 0
-0.218214 0.177598 0.044190 2
0.061293 0.055337 0.021097 3
0.013290 -0.173646 -0.101699 0
0.645767 0.149314 -0.007601 1
0.093824 0.077795 0.061081 3
0.303357 0.227823 -0.041227 1
-0.435260 0.121364 0.104408 2
0.051150 0.100255 -0.040325 0
0.025457 0.034142 -0.051325 0
0.080863 0.083333 0.126758 3
-0.560984 0.009199 0.185112 2
0.512416 0.194517 -0.106565 1
0.208250 0.229932 -0.043017 1
0.248109 0.243078 -0.071922 1
0.041847 0.052682 0.004187 3
0.361811 0.226707 0.062047 1
-0.364342 0.167724 0.046610 2
0.010733 -0.965178 -0.154678 0
-0.301593 0.158801 0.118667 2
0.024443 -0.652554 -0.151286 0
0.011396 -0.188703 -0.092602 0
0.020802 0.104062 -0.143629 4
-0.006748 -0.013268 -0.059971 0
-0.025009 0.096458 -0.160109 4
-0.142850 0.172072 0.089500 2
-0.463864 0.112089 0.082148 2
0.103873 0.089818 0.109513 3
0.017764 -0.690576 -0.155953 0
-0.162061 0.174023 0.007866 2
0.021856 -0.315216 -0.112089 0
-0.338715 0.149056 0.163228 2
0.509711 0.193892 0.054268 1
-0.394750 0.132653 0.133253 2
0.024265 -0.515981 -0.160251 0
-0.043360 0.052788 -0.042153 0
0.022295 -0.536705 -0.137102 0
-0.126012 0.155360 0.089815 2
0.009122 0.047638 0.022003 3
-0.289281 0.184236 0.015242 2
-0.222805 0.179250 0.120869 2
0.266040 0.228945 0.059582 1
-0.582212 -0.018069 0.183138 2
0.016182 -0.158921 -0.107713 0
0.007399 -0.727729 -0.174588 0
-0.229805 0.179168 0.162478 2
0.168943 0.212394 -0.012499 1
0.629574 0.157056 -0.005085 1
0.020862 -0.029187 -0.078707 0
-0.037112 0.104783 -0.146073 4
-0.210137 0.178642 0.139269 2
0.105585 0.156928 -0.007723 1
-0.346247 0.178637 0.015933 2
0.470320 0.212874 -0.092047 1
0.326051 0.231436 0.000864 1
0.416672 0.219470 -0.042265 1
0.022628 -0.032751 -0.058629 0
0.002041 0.053379 -0.115629 4
0.020341 -0.671425 -0.180413 0
-0.270776 0.170148 0.171012 2
-0.424355 0.101320 0.203539 2
0.257177 0.235805 0.062749 1
0.033692 0.068599 0.058801 3
0.353840 0.230924 -0.070899 1
0.305634 0.242826 -0.086045 1
0.004660 -0.698920 -0.179001 0
0.004769 -0.209878 -0.100540 0
0.606297 0.179792 -0.014397 1
-0.268728 0.176391 0.067076 2
-0.509135 0.074907 0.095669 2
-0.396266 0.109957 0.233768 2
0.384975 0.227775 -0.093563 1
-0.142526 0.171171 0.073579 2
0.452116 0.213856 -0.063641 1
-0.347118 0.175574 0.002974 2
-0.397464 0.139939 0.103295 2
0.003947 0.060873 -0.078137 4
0.226598 0.229748 -0.056867 1
0.004963 -0.698258 -0.166424 0
-0.559450 0.008046 0.199658 2
-0.231251 0.173648 0.139673 2
0.471896 0.207507 -0.108136 1
0.005588 -0.668194 -0.171868 0
0.024782 -0.882420 -0.159647 0
0.373817 0.227861 0.002695 1
0.033337 -0.377019 -0.129075 0
-0.354669 0.146051 0.109875 2
0.013521 -0.930642 -0.172818 0
0.191812 0.226351 -0.040611 1
0.003085 -0.004284 -0.048926 0
-0.522751 0.053283 0.146704 2
-0.435388 0.118735 0.119093 2
-0.358324 0.128531 0.213655 2
0.029879 -0.338124 -0.107724 0
0.140931 0.200405 0.000480 1
-0.543158 0.033570 0.146837 2
0.095277 0.161160 -0.015247 0
0.108913 0.173516 -0.019764 1
0.529800 0.200094 -0.042727 1
0.095720 0.075309 0.044250 3
-0.153788 0.160756 0.022765 2
0.121159 0.186675 -0.004738 1
0.451870 0.214971 0.027279 1
-0.465042 0.092056 0.157110 2
0.003268 -0.055292 -0.062908 0
0.022333 -0.749956 -0.165744 0
0.008314 0.004940 -0.042629 0
-0.192116 0.180324 0.111858 2
-0.426435 0.129447 0.077663 2
-0.481138 0.071099 0.163662 2
0.627807 0.192585 -0.036747 1
0.012957 -0.741531 -0.166625 0
0.040650 0.060681 0.102102 3
-0.338902 0.146813 0.183582 2
0.150538 0.206342 0.018021 1
0.255493 0.227705 -0.042929 1
0.012577 -0.925755 -0.188209 0
-0.587682 -0.055375 0.228646 2
0.008138 -0.822762 -0.165625 0
0.004423 -0.179285 -0.084949 0
0.316408 0.231832 -0.057382 1
0.004866 0.132483 -0.211505 4
0.452216 0.219120 -0.049073 1
0.012431 -0.579897 -0.175695 0
0.028483 -0.113785 -0.084028 0
-0.259975 0.163610 0.095819 2
0.411744 0.215412 0.059084 1
-0.366067 0.171088 0.017180 2
0.015094 -0.720099 -0.180728 0
-0.348304 0.134062 0.197794 2
-0.600376 -0.039687 0.192909 2
-0.008011 0.106677 -0.142321 4
0.265518 0.232199 0.038558 1
0.008062 -0.612335 -0.150623 0
0.199968 0.216997 -0.021731 1
-0.451601 0.096185 0.173405 2
-0.330116 0.167838 0.066293 2
-0.006731 -0.065388 -0.071558 0
-0.376458 0.148248 0.104146 2
0.499327 0.198845 -0.072021 1
0.013611 -0.955390 -0.163110 0
0.344272 0.223766 -0.040814 1
0.024416 -0.472430 -0.153686 0
0.029655 -0.002534 -0.069051 0
0.004078 -0.020178 -0.051979 0
0.016076 -0.443653 -0.152921 0
0.365021 0.228423 0.082386 1
0.249840 0.246612 -0.084686 1
0.020183 0.040557 0.045096 3
0.538564 0.178989 -0.005096 1
-0.590893 -0.025750 0.185052 2
-0.445063 0.085212 0.214418 2
0.022379 -0.847296 -0.188153 0
0.014437 -0.864916 -0.159935 0
0.091352 0.156557 -0.027507 0
0.355641 0.219739 0.001851 1
0.393586 0.227757 -0.057441 1
0.044029 0.062492 0.014921 3
-0.449533 0.068406 0.235031 2
-0.434204 0.098914 0.162693 2
0.014129 0.054718 -0.092248 4
0.020896 -0.816627 -0.181227 0
-0.522162 0.013596 0.235998 2
-0.326457 0.143699 0.185018 2
0.410293 0.216520 -0.092208 1
-0.430813 0.093034 0.221052 2
-0.316756 0.172976 0.030509 2
0.373227 0.222605 0.030514 1
0.246322 0.230299 0.015590 1
-0.335048 0.170994 0.044650 2
0.028663 -0.704916 -0.171043 0
-0.317443 0.158894 0.088055 2
0.657578 0.206468 -0.077709 1
0.022599 -0.312955 -0.127281 0
-0.197850 0.182136 0.153762 2
0.720521 0.165036 -0.041246 1
-0.460546 0.066936 0.213727 2
-0.188729 0.177431 0.075102 2
0.490733 0.199018 0.052034 1
-0.195436 0.167002 0.076005 2
0.007043 0.063579 -0.114630 4
0.294852 0.231780 0.032563 1
0.013526 -0.779332 -0.183115 0
0.637275 0.178212 -0.016410 1
0.208081 0.214295 0.001035 1
-0.406451 0.114281 0.161449 2
0.018133 -0.023665 -0.067827 0
-0.536062 0.042850 0.155904 2
-0.414503 0.118503 0.131410 2
-0.455641 0.106746 0.092712 2
0.482982 0.213226 -0.044046 1
0.013895 -0.553352 -0.168408 0
0.011977 -0.792765 -0.187190 0
-0.296654 0.161671 0.192194 2
0.488177 0.200576 -0.014079 1
-0.023845 0.069669 -0.101030 4
0.296751 0.231285 0.072773 1
-0.570673 0.018150 0.124354 2
0.199563 0.224397 0.023349 1
0.021784 -0.611843 -0.158966 0
0.037006 0.067789 0.082819 3
-0.442417 0.075867 0.242283 2
0.110476 0.178732 -0.043218 1
0.219055 0.225794 0.061953 1
-0.481932 0.058568 0.220286 2
-0.530399 0.054870 0.096728 2
0.604865 0.200622 -0.092641 1
0.008319 -0.077319 -0.080636 0
0.336909 0.234438 -0.054363 1
0.093099 0.141582 -0.028208 0
0.053273 0.089582 -0.021981 0
-0.347421 0.171421 0.037869 2
0.297158 0.220544 -0.004570 1
-0.159517 0.156452 0.034315 2
0.656422 0.200089 -0.043707 1
-0.522721 0.061434 0.102740 2
0.686702 0.170276 -0.020849 1
-0.387507 0.131295 0.159931 2
0.236150 0.225072 0.049750 1
-0.434468 0.083296 0.234895 2
0.024775 0.047183 -0.012152 3
0.460917 0.209190 0.009598 1
0.015042 -0.137462 -0.081249 0
0.328518 0.225363 -0.039360 1
0.146415 0.186902 -0.008057 1
0.508471 0.199089 -0.093801 1
-0.016767 0.126129 -0.196423 4
0.025031 -0.219694 -0.099332 0
0.020338 -0.619340 -0.172477 0
-0.368718 0.166871 0.030086 2
0.021208 -0.352782 -0.117368 0
-0.557759 0.029883 0.112020 2
0.013802 -0.639977 -0.179080 0
-0.305314 0.170414 0.074316 2
0.020293 -0.085692 -0.077163 0
-0.461419 0.080933 0.177052 2
-0.219553 0.170191 0.059800 2
0.324591 0.229836 0.058844 1
-0.601250 -0.030465 0.134184 2
-0.442568 0.110207 0.141679 2
-0.401361 0.112753 0.177498 2
-0.551813 0.031258 0.126301 2
-0.068366 0.117079 -0.003058 0
0.003886 -0.872053 -0.182414 0
0.704577 0.171666 -0.027454 1
0.294544 0.232658 0.015073 1
-0.306329 0.178768 0.023928 2
0.688891 0.187690 -0.055093 1
0.077551 0.056367 -0.021631 0
0.007506 -0.566496 -0.159704 0
0.508602 0.186340 -0.112919 1
0.508890 0.194668 -0.020977 1
0.674993 0.199709 -0.048837 1
0.197650 0.223115 -0.004818 1
0.082848 0.124819 -0.025263 0
0.017361 0.053554 0.050196 3
0.238605 0.229219 -0.006036 1
0.083397 0.068186 0.030792 3
0.285638 0.249120 -0.091675 1
-0.512220 0.030470 0.237503 2
-0.241586 0.170135 0.064902 2
-0.576292 -0.018490 0.205151 2
0.006798 -0.904187 -0.174709 0
-0.268200 0.163913 0.103949 2
0.482975 0.204254 0.000580 1
0.015430 -0.149857 -0.083723 0
0.354392 0.231329 -0.028661 1
-0.218736 0.177646 0.102950 2
0.424865 0.216921 0.025071 1
-0.317822 0.157184 0.142774 2
0.015662 -0.633268 -0.159704 0
-0.347860 0.164703 0.060366 2
0.445740 0.218879 -0.023189 1
-0.084525 0.132511 0.008878 2
0.335443 0.230320 0.051750 1
0.014252 0.126261 -0.194507 4
-0.395942 0.129732 0.148920 2
0.265845 0.236019 -0.064307 1
-0.153941 0.170557 0.043405 2
0.608954 0.200684 -0.071715 1
0.336398 0.220732 0.005889 1
-0.606763 -0.029564 0.163717 2
-0.473324 0.054045 0.229365 2
0.490636 0.201186 -0.108349 1
0.013971 -0.780797 -0.167700 0
0.024530 -0.450801 -0.152130 0
-0.422652 0.139793 0.059901 2
-0.219269 0.178810 0.009716 2
0.229941 0.223804 0.037733 1
0.028046 0.046056 0.068286 3
0.004702 -0.821099 -0.181759 0
0.207203 0.229842 -0.063901 1
-0.046439 0.090741 -0.034176 0
-0.142553 0.149335 0.025106 2
-0.017651 0.055482 -0.084653 4
0.364154 0.228794 -0.007366 1
0.032392 0.055079 0.082046 3
-0.435482 0.133821 0.073421 2
0.045978 0.061241 -0.048697 0
0.432405 0.211077 0.030861 1
-0.493987 0.089637 0.089804 2
0.124172 0.082166 0.152705 3
0.151076 0.192811 -0.020854 1
0.238976 0.234457 0.074497 1
0.462869 0.215828 0.000411 1
0.596474 0.193528 -0.079137 1
-0.434515 0.091453 0.198635 2
0.276983 0.242689 -0.087028 1
0.022277 -0.416617 -0.118786 0
0.022400 -0.403984 -0.152562 0
0.241105 0.236950 -0.066272 1
0.011942 -0.162930 -0.096829 0
-0.522929 0.055773 0.088569 2
-0.531988 0.043034 0.131626 2
0.451277 0.217281 -0.099942 1
-0.318040 0.162399 0.110362 2
0.140524 0.204567 -0.045540 1
0.003361 0.016605 -0.049254 0
-0.564782 -0.033302 0.215995 2
0.568390 0.193853 -0.034805 1
-0.373266 0.131065 0.192254 2
-0.288522 0.163048 0.125637 2
-0.029714 0.105676 -0.168418 4
-0.200940 0.169452 0.045947 2
0.009420 -0.501173 -0.152932 0
-0.271238 0.169231 0.148751 2
0.012709 -0.243544 -0.100496 0
-0.249338 0.173078 0.082605 2
-0.105857 0.131307 0.008429 2
0.051489 0.054027 -0.035337 0
-0.161936 0.174251 0.074468 2
0.426982 0.214511 -0.096660 1
0.025069 -0.652728 -0.167574 0
0.570488 0.163279 -0.000526 1
0.100699 0.083547 0.071370 3
-0.550919 0.018640 0.161042 2
0.047997 0.060958 -0.008869 0
0.092551 0.085405 0.138974 3
-0.288464 0.184410 -0.012714 2
0.012054 -0.172214 -0.087732 0
-0.005307 0.054666 -0.077650 4
-0.336605 0.159020 0.105481 2
-0.113460 0.157305 0.059705 2
-0.378000 0.128773 0.155593 2
0.013191 0.013266 -0.026880 0
0.005609 -0.033309 -0.071649 0
0.002744 -0.277767 -0.120244 0
0.313738 0.240650 -0.065786 1
0.028029 0.057472 0.062219 3
0.021957 -0.574386 -0.165799 0
-0.329382 0.135603 0.220488 2
0.460641 0.207017 -0.021796 1
-0.424017 0.147291 0.051557 2
-0.623081 -0.063714 0.190069 2
0.122249 0.185397 0.008294 1
0.061448 0.068336 0.024368 3
-0.034407 0.047162 -0.051045 0
-0.599444 -0.032192 0.185217 2
0.081567 0.081057 0.076892 3
-0.214529 0.174830 0.126594 2
-0.512316 0.062730 0.149282 2
-0.514384 0.040489 0.190398 2
0.402576 0.227369 -0.092357 1
0.012357 -0.599063 -0.139690 0
0.043989 0.047726 -0.008678 0
-0.269841 0.180641 0.012816 2
-0.591912 -0.011515 0.131666 2
-0.493349 0.060884 0.168871 2
0.061767 0.119778 -0.048806 0
0.012968 -0.559226 -0.151888 0
0.519909 0.199729 -0.078782 1
-0.371729 0.131797 0.145643 2
0.053100 0.083213 -0.050220 0
0.014476 -0.690356 -0.180596 0
-0.535726 0.045956 0.107344 2
-0.242494 0.176702 0.111830 2
0.353655 0.236730 -0.094097 1
0.014635 0.118950 -0.165775 4
-0.468709 0.107930 0.059237 2
-0.080300 0.113973 -0.012804 2
0.012805 0.116576 -0.142206 4
0.208197 0.219457 0.016534 1
-0.489973 0.081806 0.126384 2
-0.057217 0.105620 0.002207 0
-0.562492 0.017600 0.116937 2
-0.523060 0.025363 0.219401 2
-0.298819 0.175171 0.050621 2
0.409561 0.214038 0.075819 1
-0.022771 0.024028 -0.051140 0
0.284745 0.234664 -0.034400 1
0.325217 0.223276 -0.021394 1
0.081678 0.087079 0.106534 3
0.245328 0.230500 0.026529 1
0.011455 -0.587879 -0.156664 0
0.152862 0.205388 -0.013557 1
0.383030 0.220337 -0.014047 1
0.479488 0.202640 -0.019790 1
0.254678 0.223897 0.022682 1
-0.414532 0.147394 0.063133 2
-0.386227 0.159881 0.032001 2
-0.530176 0.050602 0.139044 2
0.198101 0.222112 0.036425 1
0.638637 0.208054 -0.065107 1
-0.454017 0.086334 0.169524 2
0.022891 -0.493115 -0.159178 0
0.029566 0.063442 0.039027 3
0.007174 -0.610785 -0.174556 0
-0.424311 0.114726 0.128786 2
0.021126 -0.340364 -0.114987 0
-0.278553 0.171193 0.088556 2
0.588297 0.191016 -0.064465 1
-0.562400 0.003210 0.175798 2
0.012595 -0.793430 -0.166687 0
0.002871 0.090634 -0.107075 4
-0.583068 -0.039310 0.227054 2
0.020580 -0.195664 -0.092723 0
0.022865 -0.595970 -0.157088 0
0.020508 -0.092389 -0.092474 0
0.005869 -0.451141 -0.144306 0
-0.473997 0.045985 0.250949 2
-0.003178 0.127083 -0.232382 4
-0.547416 0.012419 0.217814 2
0.587520 0.171877 -0.013406 1
0.151371 0.203070 -0.051511 1
0.004735 0.099049 -0.138806 4
-0.405396 0.124709 0.154716 2
0.411455 0.228407 -0.034883 1
0.021659 -0.761870 -0.154800 0
0.003757 -0.647586 -0.165934 0
0.266485 0.242202 -0.098514 1
0.177539 0.215078 0.046094 1
-0.535246 0.005909 0.231544 2
0.012028 -0.954547 -0.189517 0
-0.255713 0.171605 0.135143 2
0.130682 0.191614 -0.021957 1
0.420352 0.214704 0.001595 1
-0.609402 -0.075472 0.227791 2
0.577602 0.197217 -0.092347 1
0.188730 0.208643 0.000605 1
-0.095032 0.143115 0.038534 2
-0.539036 0.029535 0.191111 2
-0.306520 0.164595 0.126575 2
0.101028 0.161925 0.001311 0
