0.150236 0.031330 -0.038705 1
-0.009787 -0.995015 0.099247 0
-0.464159 -0.097719 0.138630 2
-0.296526 0.122949 -0.470913 4
0.001735 -0.468939 0.056854 0
-0.065562 0.133428 0.425314 3
0.583739 -0.076642 0.036365 1
-0.189370 0.174815 -0.111810 7
0.028037 0.196126 -0.346556 6
0.002095 0.240205 0.137841 3
-0.214779 0.035806 0.129907 2
0.021536 -0.207620 -0.009335 0
-0.005411 -0.730092 0.095701 0
0.397770 0.041259 -0.092126 1
0.025150 0.210944 -0.115801 0
-0.055803 -0.004736 -0.008267 0
-0.179226 0.213378 -0.319830 4
0.195709 0.226445 0.141511 5
-0.352481 -0.017239 0.002259 2
-0.134968 0.193954 0.260987 3
0.296519 0.076762 0.050930 1
0.028680 0.217116 0.308434 3
0.443716 0.001768 0.081498 1
-0.131224 0.196275 0.052854 8
-0.214439 0.050146 -0.028425 2
-0.251477 0.102924 -0.258717 4
-0.083205 0.221459 -0.210468 4
-0.337748 -0.035275 0.161908 2
0.024531 0.112766 -0.010970 0
0.069478 -0.077355 -0.016111 0
0.024173 -0.332599 0.043800 0
0.269066 0.076725 -0.087245 1
-0.019755 -0.864608 0.076400 0
-0.000622 -0.601782 0.062362 0
0.511755 -0.015262 -0.060075 1
0.100064 0.236876 0.062343 5
-0.082355 0.198040 -0.060869 0
-0.197346 0.180983 -0.433807 4
-0.288862 0.157370 -0.357353 4
-0.109138 0.052984 0.076088 2
0.023884 0.236126 -0.241710 6
-0.021091 0.203722 0.037795 8
-0.202615 0.193926 -0.217929 4
-0.067713 0.199626 0.345337 3
-0.044185 0.241834 0.230501 3
0.066520 0.200013 0.215408 3
0.038770 0.014645 -0.041761 0
0.382053 0.040501 0.006470 1
-0.407155 -0.038887 0.083552 2
-0.268499 0.019461 0.045373 2
0.015980 0.169941 0.391359 3
-0.114809 0.188957 -0.381169 4
0.211403 0.071913 0.021105 1
0.520801 -0.012590 0.029815 1
-0.086324 0.219875 0.156075 3
-0.093565 0.219860 -0.299665 4
-0.129404 0.045233 -0.010094 2
-0.184725 0.033566 0.049542 2
-0.052638 0.188433 -0.142210 0
0.113115 0.249164 0.142034 5
-0.007901 -0.073132 0.006452 0
0.455495 0.010094 -0.010024 1
-0.334127 -0.009410 0.083078 2
-0.243257 0.175804 -0.294986 4
-0.128215 0.213126 -0.142088 7
0.001813 0.147820 -0.078275 0
0.315441 0.063116 -0.024606 1
-0.413667 -0.047531 0.159912 2
0.014498 -0.402820 0.025096 0
-0.276207 0.002331 0.151178 2
0.043349 -0.140812 0.007495 0
-0.020655 0.218460 -0.295704 6
0.107406 -0.017575 -0.003247 0
-0.144492 0.222210 -0.248237 4
0.023265 -0.536994 0.080072 0
-0.009804 0.233536 -0.179405 6
-0.028341 -0.796867 0.095472 0
-0.034660 -0.927872 0.103764 0
0.564647 -0.042897 -0.022685 1
0.026319 -0.276864 0.000815 0
0.212141 0.067017 -0.048102 1
-0.016158 -0.668574 0.064037 0
0.028917 0.230806 0.075064 5
-0.222256 0.187113 -0.365293 4
-0.261044 0.160047 -0.419108 4
0.391696 0.042978 0.073157 1
0.335305 0.063329 -0.094379 1
0.021197 0.178110 -0.009224 0
-0.036149 0.224149 0.292756 3
0.458931 0.016313 -0.078275 1
-0.279259 0.033369 -0.015388 2
0.012487 0.210661 0.247930 3
-0.104202 0.228013 0.217601 3
-0.249715 0.155291 -0.227846 4
0.528732 -0.060066 0.065942 1
0.156289 0.248660 0.100211 5
-0.160336 0.047475 0.106928 2
0.026157 0.237797 0.191716 3
-0.316538 0.137386 -0.418460 4
-0.088682 0.027393 0.026240 2
-0.389349 -0.059084 0.033131 2
-0.044488 0.174610 0.392272 3
-0.169964 0.200338 -0.387725 4
-0.088125 0.197508 0.292849 3
-0.073694 0.196241 0.056320 8
0.028054 -0.037721 -0.024529 0
-0.036348 0.225143 -0.241182 6
0.046514 0.078991 -0.050059 0
-0.153004 0.202350 -0.193523 4
-0.009286 0.206173 0.347485 3
0.257870 0.070593 -0.016785 1
0.064955 0.246596 0.113887 5
0.363056 0.049341 -0.047639 1
-0.259537 0.017148 0.099184 2
-0.036509 0.185191 -0.086688 0
-0.035669 0.244791 0.176195 3
-0.442868 -0.082576 0.091749 2
-0.372287 -0.023124 0.122841 2
0.029845 0.161231 0.238467 3
-0.232872 0.151760 -0.463258 4
0.490021 -0.022316 0.076325 1
-0.200045 0.206425 -0.272267 4
0.423674 0.019612 0.036514 1
0.349478 0.057404 0.046506 1
-0.049336 0.234238 0.122605 3
0.046363 0.156442 -0.048480 0
-0.129604 0.218495 -0.341985 4
0.419444 0.031109 -0.039635 1
-0.092975 0.169082 0.377155 3
-0.314436 0.000994 0.037119 2
0.028729 0.222847 -0.304160 6
-0.224462 0.036220 0.020068 2
-0.000534 -0.553199 0.040096 0
-0.017341 0.140295 0.423947 3
0.473278 -0.000811 0.036366 1
0.020943 0.054165 -0.017648 0
0.175049 0.050668 -0.002234 1
-0.079893 0.238386 -0.256131 4
-0.136875 0.041284 0.036958 2
0.500879 0.000039 -0.016056 1
-0.175860 0.045755 0.005495 2
0.026453 -0.099607 -0.009647 0
-0.083770 0.213651 -0.165272 7
0.559581 -0.036596 0.028785 1
0.024767 0.198876 0.031188 0
-0.057513 -0.890376 0.115868 0
-0.221824 0.031015 0.075754 2
-0.369328 -0.029602 0.061070 2
-0.314692 -0.007018 0.130163 2
0.033230 0.193572 0.353858 3
-0.012242 0.236795 0.091672 3
0.257759 0.075228 0.029142 1
-0.022797 -0.031236 0.006382 0
0.157156 0.247000 0.145604 5
0.000956 -0.826468 0.070047 0
-0.317025 0.014311 -0.006260 2
-0.435227 -0.052927 0.122319 2
-0.136478 0.221006 -0.294879 4
-0.038365 -0.967593 0.082593 0
-0.075525 0.223314 0.261073 3
0.010045 -0.511711 0.040739 0
0.110542 0.256116 0.099119 5
-0.425051 -0.089498 0.153826 2
0.032945 -0.239638 0.020681 0
0.023618 0.117021 -0.053208 0
-0.260672 0.140488 -0.279901 4
0.008310 -0.638678 0.080002 0
0.042017 -0.003540 -0.004294 0
-0.022688 -0.843235 0.112146 0
-0.165008 0.193901 -0.144877 7
-0.074191 0.245309 0.191778 3
-0.223868 0.180360 -0.250499 4
-0.259209 0.173234 -0.333605 4
0.342576 0.055033 0.005991 1
0.304476 0.067265 -0.063991 1
0.021393 -0.424992 0.058738 0
-0.027592 -0.898997 0.055817 0
-0.057310 0.217605 0.025744 8
0.132765 0.019563 -0.003983 0
-0.140908 0.158567 -0.387242 4
-0.009419 -0.765189 0.076174 0
0.036594 -0.168037 -0.021434 0
-0.296427 0.002441 0.075972 2
-0.004514 0.237078 0.222992 3
0.569921 -0.076313 -0.001154 1
0.529940 -0.028207 -0.009785 1
-0.258309 0.174984 -0.376965 4
0.304674 0.064077 0.014270 1
-0.092729 0.211569 -0.124523 7
0.002863 -0.443534 0.026499 0
-0.221652 0.194173 -0.326405 4
-0.047276 0.220818 -0.194244 6
0.002157 0.186941 -0.094003 0
-0.229138 0.176870 -0.402880 4
-0.017907 -0.890335 0.105643 0
0.223743 0.070780 -0.085103 1
0.012020 -0.364148 0.023963 0
0.020395 0.220162 -0.199664 6
0.010071 -0.309455 0.013787 0
-0.148623 0.201401 -0.110717 7
-0.121569 0.218162 -0.210337 4
0.420499 0.024065 -0.001535 1
-0.168114 0.054530 -0.031029 2
0.099813 -0.051813 -0.018772 0
0.065004 0.246159 0.075569 5
0.176410 0.057115 -0.055640 1
0.046527 0.223353 0.237365 3
-0.008387 0.236050 -0.218289 6
-0.417738 -0.066983 0.060685 2
-0.371548 -0.051954 0.163214 2
0.249686 0.070184 -0.055595 1
0.065599 -0.113683 -0.007369 0
-0.043264 0.222444 -0.156942 6
-0.284372 0.144148 -0.442901 4
-0.247404 0.024352 0.144523 2
0.484197 0.006324 -0.048319 1
-0.006094 -0.703547 0.069632 0
0.001973 0.225168 0.284425 3
0.008287 0.195044 0.063866 0
-0.268027 0.144948 -0.477155 4
-0.085437 0.018927 -0.008831 2
0.036216 -0.281726 0.035289 0
-0.033473 -0.831016 0.079800 0
-0.009220 0.231737 -0.263915 6
-0.194415 0.038997 0.099293 2
0.012958 -0.571354 0.081044 0
-0.000334 0.204744 -0.326481 6
-0.190801 0.202263 -0.357535 4
-0.011392 -0.922813 0.076631 0
-0.287698 0.155408 -0.396101 4
0.023513 -0.076417 -0.036376 0
-0.008655 -0.671911 0.098438 0
-0.175911 0.210189 -0.233514 4
-0.113927 0.226245 -0.264476 4
-0.018300 0.156509 -0.105152 0
-0.020530 0.232299 0.253694 3
0.018196 0.144385 -0.022910 0
0.061898 -0.040316 -0.019083 0
0.016628 -0.500531 0.072489 0
-0.345985 -0.021952 0.037234 2
-0.290071 0.019058 0.014256 2
-0.168094 0.215688 -0.280048 4
-0.041016 0.206742 -0.112745 0
0.427775 0.031705 -0.079091 1
-0.157736 0.044123 0.067452 2
-0.009143 0.220258 0.316239 3
-0.129715 0.209827 0.231433 3
0.119494 0.006018 -0.032139 0
0.024769 -0.180209 0.010424 0
-0.241916 0.041484 -0.008467 2
0.281245 0.061691 -0.040229 1
-0.287682 0.006541 0.114371 2
0.019818 0.085804 -0.030463 0
-0.090107 0.213210 0.031332 8
0.008935 0.012732 -0.026670 0
-0.315499 -0.010637 0.165578 2
-0.059688 0.212910 0.315766 3
0.222935 0.064883 -0.009360 1
-0.074117 0.154845 0.400386 3
-0.112333 0.173083 0.273089 3
0.056096 0.224296 0.195651 3
-0.095146 0.197463 0.325078 3
-0.087519 0.035328 0.058129 2
0.558823 -0.060854 0.052736 1
0.539205 -0.031297 0.054115 1
-0.017559 0.185513 0.377049 3
-0.028341 -0.960239 0.112734 0
-0.160669 0.212122 -0.349084 4
0.024604 -0.131818 -0.017457 0
0.032059 0.222651 0.272676 3
0.044213 0.047359 -0.043514 0
-0.397862 -0.042941 0.123774 2
0.006869 -0.379858 0.051654 0
0.021871 -0.472426 0.032038 0
0.389189 0.041092 -0.024749 1
0.378746 0.044182 0.043925 1
0.019533 0.237602 -0.277352 6
-0.043074 0.218786 -0.271628 6
-0.051874 -0.815401 0.106151 0
-0.059791 0.015015 0.021519 0
0.538001 -0.035275 -0.039653 1
0.417863 0.025441 0.076348 1
-0.259552 0.132243 -0.249369 4
-0.022502 0.217862 0.123180 3
-0.121573 0.209979 -0.180003 4
-0.066832 0.243870 0.161241 3
-0.008623 0.238318 0.191962 3
0.045319 0.187973 0.243486 3
-0.029878 0.243816 0.145469 3
-0.129561 0.045662 0.098528 2
-0.075444 0.238730 0.222890 3
0.448734 0.020905 -0.042067 1
-0.229752 0.164266 -0.434942 4
0.335099 0.058009 -0.063731 1
-0.008747 -0.517990 0.068176 0
-0.098505 0.225459 0.184102 3
0.366587 0.050528 -0.078469 1
-0.345655 -0.016835 0.137454 2
-0.362467 -0.027461 0.091157 2
0.492179 -0.012065 0.014652 1
0.012202 0.157777 0.012209 0
-0.195131 0.192116 -0.403621 4
-0.372649 -0.035975 0.021447 2
0.028522 0.242039 0.153554 3
-0.010098 -0.797071 0.070863 0
-0.228113 0.170751 -0.212616 4
0.343132 0.049845 -0.024543 1
-0.044201 0.153604 0.414353 3
-0.000493 0.224093 0.061553 0
-0.006735 -0.733368 0.063904 0
0.193469 0.050979 -0.026296 1
-0.261055 0.027731 0.014579 2
0.303594 0.070693 -0.094016 1
0.037341 -0.068313 -0.010759 0
-0.067078 0.185418 0.375403 3
-0.101808 0.224440 -0.234024 4
-0.009536 0.177334 0.028990 8
-0.231687 0.027153 0.106660 2
-0.445789 -0.069172 0.145117 2
-0.136678 0.207021 -0.371678 4
0.390279 0.040470 -0.056173 1
-0.434834 -0.055104 0.083674 2
-0.033952 0.179132 -0.121201 0
-0.248777 0.162677 -0.256472 4
0.185554 0.240152 0.117356 5
0.033218 -0.207292 0.018696 0
-0.113717 0.229671 -0.319805 4
-0.184690 0.187505 -0.195476 4
0.029624 -0.247879 -0.007334 0
-0.101596 0.205026 0.058912 8
-0.099356 0.229154 -0.184738 4
-0.101889 0.212107 0.267407 3
0.288132 0.068697 -0.009412 1
-0.034906 -0.905549 0.084875 0
0.020671 -0.338435 0.013079 0
-0.079867 0.190963 -0.183256 0
0.449539 0.006948 0.051475 1
-0.001067 -0.548652 0.068906 0
-0.220991 0.193388 -0.287748 4
0.134920 0.252157 0.123020 5
-0.038544 -0.871557 0.097839 0
-0.036782 0.208431 0.338719 3
-0.390056 -0.033254 0.149911 2
0.050547 0.230207 0.055854 5
0.009896 0.146387 -0.050539 0
-0.230366 0.025480 0.046214 2
-0.106596 0.036591 0.005349 2
-0.046546 0.207521 0.050838 8
-0.067722 0.212927 -0.140730 7
0.033750 -0.359633 0.042630 0
-0.009446 0.162037 0.401847 3
0.454608 0.015016 0.021579 1
0.510832 -0.035961 0.062437 1
-0.004896 -0.865004 0.105880 0
-0.397991 -0.040739 0.053026 2
0.047040 -0.013398 -0.030377 0
-0.309368 0.125989 -0.443364 4
-0.055680 0.189461 -0.064394 0
-0.063953 0.221473 0.286744 3
-0.148692 0.216608 -0.217804 4
-0.006438 0.175141 -0.005704 0
-0.003243 -0.807709 0.101121 0
-0.121711 0.208516 -0.112104 7
0.019498 -0.012281 -0.034428 0
-0.152804 0.221747 -0.321375 4
0.046679 0.176878 0.218094 3
0.197194 0.061784 -0.073349 1
0.016805 0.089132 -0.057733 0
0.575552 -0.098883 0.022173 1
0.154573 0.034572 -0.011494 1
-0.053660 0.212433 -0.219631 6
-0.206382 0.044042 -0.002874 2
-0.460707 -0.083838 0.115175 2
0.125712 0.249910 0.077079 5
0.561726 -0.090188 0.045531 1
0.011925 -0.255686 0.013518 0
0.039838 0.022527 -0.012395 0
-0.025217 -0.749057 0.091636 0
-0.253110 0.020478 0.067904 2
0.327160 0.061138 0.029260 1
-0.167226 0.044291 0.031878 2
0.007117 -0.054676 -0.006303 0
-0.009941 -0.618042 0.081685 0
0.519879 -0.008740 -0.032967 1
-0.092901 0.184402 0.355111 3
-0.198621 0.205765 -0.303022 4
0.014379 0.239832 0.114059 3
0.242143 0.074611 0.007413 1
-0.314388 -0.000970 0.099040 2
0.566026 -0.061394 0.021290 1
0.464696 -0.013872 0.076485 1
-0.113158 0.040820 0.052759 2
0.021524 0.202954 0.331886 3
0.094747 0.249769 0.122807 5
-0.001317 0.212894 0.085645 0
-0.258849 0.151435 -0.444207 4
-0.040353 0.125377 0.427089 3
0.234433 0.070241 -0.032535 1
0.362573 0.049546 0.022251 1
0.025692 0.228991 0.222250 3
-0.012853 -0.889977 0.077526 0
-0.148895 0.038516 0.013718 2
0.399838 0.037643 0.029739 1
-0.046835 0.229952 0.268842 3
-0.111201 0.222289 0.245078 3
-0.274378 0.157094 -0.319825 4
-0.028854 0.244114 0.207235 3
-0.195451 0.040178 0.021624 2
-0.009506 0.239961 0.161124 3
0.023402 -0.454301 0.050503 0
0.049788 -0.129135 -0.022946 0
-0.000395 -0.437920 0.053378 0
-0.117012 0.196731 -0.348175 4
-0.326259 0.000150 0.014171 2
-0.140940 0.199236 -0.166807 7
0.001728 -0.098465 -0.002498 0
-0.338665 -0.017025 0.112663 2
0.035917 0.211941 -0.327860 6
-0.029229 -0.942947 0.083744 0
-0.036240 0.197753 0.361995 3
-0.262428 0.013596 0.124332 2
-0.183733 0.039654 0.076104 2
0.003992 0.189380 0.363904 3
0.231432 0.082376 0.032974 1
0.549282 -0.043932 -0.002365 1
0.020233 0.039552 -0.039788 0
-0.150723 0.184882 -0.393664 4
0.475190 0.002338 -0.024953 1
0.002974 0.223768 -0.302899 6
-0.033555 0.229269 -0.216484 6
0.319532 0.068406 0.056859 1
-0.360659 -0.030504 0.152662 2
-0.067104 0.230355 0.139990 3
0.280048 0.065844 0.018947 1
0.105541 -0.015118 -0.028185 0
-0.087925 0.220861 -0.272194 4
0.045556 0.124840 -0.043987 0
0.015307 -0.538368 0.052993 0
0.046281 0.241254 0.091418 5
0.544859 -0.022321 0.014489 1
-0.035884 -0.987271 0.097748 0
0.000174 -0.572207 0.059672 0
0.502142 -0.014911 0.052381 1
0.000591 -0.626411 0.059267 0
0.028787 -0.309233 0.030126 0
0.045218 -0.087946 -0.023749 0
-0.017633 -0.053582 -0.007713 0
-0.054845 0.243860 0.207224 3
0.028853 -0.403225 0.049504 0
0.362790 0.046532 -0.009824 1
0.019938 0.174697 0.033367 0
0.408149 0.031342 0.052182 1
0.083811 0.252707 0.099090 5
-0.415588 -0.046090 0.106896 2
-0.101949 0.216033 -0.148873 7
-0.333044 -0.007633 0.052457 2
-0.446511 -0.114151 0.143359 2
0.021479 -0.155957 -0.006310 0
-0.172784 0.191240 -0.119387 7
-0.018200 -0.692269 0.087751 0
-0.018494 0.194517 -0.104849 0
-0.120953 0.026840 0.022663 2
-0.144076 0.047448 -0.029570 2
-0.305208 0.146969 -0.381222 4
-0.077761 0.220240 -0.234961 4
-0.208323 0.036133 0.054397 2
-0.037907 -0.012929 0.011136 0
0.473849 0.008960 0.005710 1
-0.175475 0.216796 -0.256708 4
0.196002 0.062440 -0.001068 1
-0.239992 0.183095 -0.349542 4
-0.042896 0.194983 0.030663 8
-0.075132 0.218054 -0.187219 0
0.012953 -0.287104 0.022019 0
-0.198666 0.202599 -0.248647 4
-0.008901 0.170431 -0.080630 0
0.035330 -0.263449 0.019673 0
0.362337 0.056239 0.066661 1
-0.276206 0.014219 0.067785 2
0.520666 -0.008970 0.006202 1
0.572834 -0.052613 -0.001268 1
-0.287893 0.150336 -0.420111 4
-0.417860 -0.058241 0.137738 2
-0.004892 -0.495596 0.049881 0
-0.451879 -0.063457 0.106692 2
-0.257717 0.117077 -0.277093 4
0.016410 -0.224713 0.012427 0
-0.197037 0.204596 -0.334834 4
-0.001440 -0.649942 0.061692 0
-0.194762 0.195818 -0.379889 4
-0.036341 0.216179 0.316067 3
-0.009903 -0.773554 0.098202 0
-0.013298 -0.826978 0.092073 0
0.001693 0.231833 0.245937 3
-0.178963 0.206455 -0.210478 4
-0.242442 0.180528 -0.318003 4
-0.008846 0.236329 0.114987 3
0.009633 0.127495 -0.069449 0
0.020115 -0.477573 0.068433 0
0.011461 0.212121 0.045075 0
0.019978 0.192365 0.009178 0
0.020037 -0.430757 0.036221 0
-0.183940 0.043231 0.119642 2
-0.017566 -0.912720 0.098613 0
-0.293843 -0.011972 0.157364 2
0.002835 -0.680303 0.070308 0
-0.113972 0.226415 -0.287647 4
-0.194239 0.060960 -0.031592 2
-0.106492 0.216113 -0.341238 4
-0.214710 0.187508 -0.388090 4
0.006958 -0.662016 0.084582 0
0.036197 -0.223127 -0.000501 0
-0.400965 -0.066773 0.161174 2
0.009178 -0.594402 0.081895 0
0.481892 0.001541 -0.070760 1
-0.114183 0.206183 0.039686 8
0.095866 0.253400 0.077742 5
-0.231949 0.180710 -0.271999 4
-0.060274 0.212725 -0.168790 6
-0.025987 -0.780819 0.076346 0
-0.288139 0.011042 0.037538 2
-0.004896 0.235552 -0.240754 6
0.030778 -0.376871 0.025572 0
-0.384761 -0.035170 0.106920 2
-0.136286 0.044163 0.074858 2
-0.268687 0.167872 -0.358092 4
0.317035 0.058223 -0.047444 1
0.010110 -0.076630 -0.010986 0
-0.353235 -0.015994 0.069343 2
0.281570 0.064662 -0.062668 1
0.435877 0.018683 -0.017293 1
0.021203 0.062122 -0.040091 0
0.165058 0.247960 0.122644 5
0.171933 0.040412 -0.024662 1
0.406987 0.034772 -0.070202 1
0.025497 -0.185240 -0.012104 0
-0.178250 0.190301 -0.418356 4
0.029405 0.222071 0.054236 5
0.010083 0.240792 0.176368 3
0.079049 0.240409 0.055604 5
0.045712 -0.171823 -0.001387 0
-0.046965 0.217263 -0.133714 0
-0.136597 0.220653 -0.272553 4
0.434028 0.021790 0.061390 1
-0.381876 -0.035550 0.083691 2
-0.020727 0.228561 0.277280 3
0.004561 -0.417052 0.044495 0
0.119507 0.000179 -0.009055 0
0.037998 -0.060279 -0.031547 0
0.011660 0.034675 -0.012458 0
-0.212778 0.168721 -0.448506 4
-0.159002 0.045289 -0.008889 2
0.015191 0.107389 -0.032388 0
-0.214314 0.177946 -0.419297 4
-0.259584 0.040257 -0.022643 2
0.529814 -0.034617 0.024921 1
-0.314956 -0.005879 0.067774 2
-0.160942 0.226842 -0.234562 4
-0.101596 0.201885 -0.051240 0
0.024504 0.181842 0.375215 3
-0.090032 0.228756 0.245810 3
0.093758 -0.030996 -0.017039 0
-0.121800 0.219222 -0.240763 4
-0.019310 0.212495 -0.316552 6
-0.127546 0.169464 -0.374030 4
-0.092690 0.226503 -0.324067 4
-0.028218 0.231100 -0.194861 6
-0.114980 0.194380 0.270167 3
-0.033465 -0.883412 0.078543 0
-0.260686 0.164732 -0.304888 4
0.317162 0.057507 -0.002112 1
-0.078330 0.009124 0.012116 2
0.009670 0.230324 0.207852 3
-0.266433 0.168139 -0.395750 4
-0.125713 0.174315 0.256209 3
0.027510 -0.556150 0.071164 0
-0.423757 -0.066514 0.159772 2
0.010506 0.230716 0.087804 0
-0.019671 -0.713669 0.087778 0
0.018482 -0.492523 0.044676 0
-0.042776 -0.021584 -0.007698 0
-0.278154 0.010222 0.091518 2
-0.028442 0.240311 0.122263 3
-0.240537 0.131281 -0.239900 4
0.037009 -0.122684 -0.001574 0
0.048001 0.224924 0.215212 3
-0.055491 0.234722 0.246917 3
0.002362 0.194751 0.030699 8
0.040472 0.238838 0.176180 3
0.001374 -0.701835 0.089309 0
0.435639 0.020362 0.012681 1
0.029364 -0.032733 -0.004081 0
-0.184242 0.213844 -0.373867 4
0.026762 0.000826 -0.019629 0
-0.146779 0.206893 -0.134442 7
-0.206077 0.180422 -0.202223 4
-0.029032 -0.850627 0.093546 0
0.014290 -0.517690 0.060622 0
-0.132809 0.218580 -0.315822 4
-0.310230 0.135706 -0.398191 4
0.010341 0.234894 -0.184932 6
0.010856 0.246268 -0.254576 6
-0.028721 0.229357 -0.171497 6
-0.102094 0.217464 -0.202443 4
0.039784 0.064356 -0.030813 0
0.068351 -0.097333 -0.022040 0
-0.157489 0.205992 -0.370587 4
0.280697 0.076718 0.037336 1
-0.219857 0.184133 -0.226322 4
0.444113 0.020523 -0.062401 1
0.137476 0.016704 -0.024086 0
-0.055613 0.217302 -0.241308 6
-0.083020 0.211258 0.278103 3
0.035671 0.097510 -0.036995 0
0.250497 0.071903 -0.079316 1
-0.183446 0.051408 -0.016669 2
0.407457 0.036575 -0.016120 1
-0.009491 -0.648720 0.083019 0
-0.113259 0.033549 -0.015364 2
0.470535 -0.001637 0.056774 1
0.007921 0.206501 -0.105423 0
-0.017901 -0.840881 0.070779 0
0.176785 0.240955 0.137945 5
0.023330 0.148573 -0.002315 0
-0.136795 0.215153 -0.196973 4
0.052812 0.202187 0.230794 3
-0.244528 0.023392 0.122144 2
-0.452284 -0.104935 0.123607 2
0.545282 -0.075118 0.058358 1
-0.279102 0.159208 -0.377937 4
0.079903 -0.060958 -0.009827 0
0.033710 0.039777 -0.024472 0
-0.026537 -0.807755 0.076458 0
-0.167866 0.217413 -0.303390 4
0.521079 -0.029214 0.045022 1
0.037030 -0.146743 -0.023488 0
-0.440586 -0.073346 0.125923 2
-0.004763 -0.532358 0.054385 0
-0.055511 0.247281 0.184099 3
-0.089297 0.236197 0.206580 3
0.043317 -0.040282 -0.037585 0
0.013191 -0.120899 -0.004792 0
-0.296857 0.003392 0.054129 2
-0.109512 0.212064 -0.310807 4
-0.078947 0.206838 0.315471 3
-0.393285 -0.045036 0.165928 2
0.116987 0.261039 0.126247 5
0.194894 0.056844 -0.047317 1
0.212890 0.066840 -0.026583 1
-0.062882 -0.004341 0.010456 0
0.467189 0.013299 -0.056182 1
-0.249765 0.163724 -0.280499 4
0.049059 -0.107204 -0.016422 0
0.530907 -0.016183 -0.047810 1
-0.129745 0.043943 0.012779 2
0.005907 0.176506 0.009955 0
-0.294774 -0.003533 0.129971 2
-0.213367 0.034740 0.107918 2
-0.214579 0.195506 -0.264251 4
-0.037288 0.195972 -0.131180 0
-0.450376 -0.090340 0.150843 2
-0.403643 -0.059293 0.048900 2
0.130349 0.255978 0.099102 5
-0.379868 -0.036793 0.045952 2
-0.242547 0.026914 0.030741 2
0.002234 0.212708 0.330500 3
-0.027865 -0.983551 0.077840 0
0.548010 -0.029948 -0.017385 1
-0.120601 0.217361 0.215474 3
0.009772 0.237556 -0.225657 6
0.024766 0.124522 -0.033385 0
-0.295581 0.025469 -0.007870 2
0.556133 -0.040219 0.049971 1
0.054601 -0.058460 -0.019214 0
0.513331 -0.017380 -0.016702 1
0.574746 -0.053617 0.036957 1
-0.013305 0.219499 0.100610 3
0.230870 0.065104 -0.055306 1
-0.018022 -0.950409 0.099456 0
-0.055417 0.194126 0.362472 3
0.003638 -0.462146 0.038713 0
0.009850 0.224787 0.262136 3
-0.101759 0.210788 -0.172091 4
0.348356 0.057151 -0.079744 1
-0.224051 0.188857 -0.306397 4
0.014211 -0.363847 0.043443 0
-0.202762 0.034756 0.075375 2
-0.174529 0.044014 0.092603 2
-0.239788 0.171204 -0.241582 4
0.018007 0.209163 -0.334689 6
-0.110504 0.225917 0.199295 3
0.026382 -0.347455 0.029217 0
0.502003 -0.008620 -0.040294 1
-0.023040 0.184323 -0.072872 0
0.315622 0.063478 -0.079290 1
-0.074833 0.170366 0.384658 3
-0.148726 0.046604 0.091540 2
0.482886 -0.016021 0.052272 1
0.001456 0.117554 -0.055096 0
0.012318 -0.323716 0.031488 0
0.528568 -0.037311 0.069807 1
-0.103286 0.187690 0.283913 3
0.269464 0.066098 -0.002122 1
0.296906 0.058095 -0.024430 1
0.062467 0.180114 0.228472 3
-0.028517 0.163865 0.402313 3
0.035612 0.204427 0.244929 3
-0.400963 -0.048849 0.145635 2
-0.277973 0.127232 -0.472822 4
-0.054443 0.191014 -0.083431 0
0.039483 -0.192513 -0.001292 0
-0.413926 -0.048257 0.060990 2
0.029172 -0.293105 0.013971 0
0.048736 0.162600 0.236240 3
-0.333449 -0.016776 0.160454 2
-0.067241 0.209613 0.044445 8
0.457819 0.006200 0.068554 1
-0.338047 -0.003287 -0.000303 2
-0.121711 0.212273 -0.159895 7
0.100401 0.233095 0.080931 5
-0.080877 0.217556 0.174090 3
0.334430 0.058341 -0.039960 1
-0.171082 0.195019 -0.184669 4
0.288343 0.070111 -0.079476 1
0.002643 0.233181 -0.202118 6
0.489829 -0.000728 -0.000769 1
0.036487 0.221930 0.253288 3
-0.019678 -0.742875 0.073824 0
-0.307576 0.012051 0.013807 2
-0.036510 0.186817 0.377351 3
0.012224 0.198834 0.347719 3
-0.248178 0.166831 -0.407188 4
-0.020845 0.215567 0.330191 3
0.032038 -0.522164 0.072552 0
0.018139 0.219866 0.292402 3
0.580801 -0.076056 0.014162 1
0.007356 -0.617679 0.088886 0
0.162891 0.045035 -0.040406 1
-0.263044 0.016471 0.151094 2
-0.353441 -0.016287 0.021043 2
-0.358076 -0.035434 0.009740 2
-0.025301 -0.987807 0.113143 0
-0.253152 0.143315 -0.465971 4
0.184802 0.057998 0.013187 1
-0.214014 0.193627 -0.349896 4
0.492826 -0.000455 0.029208 1
-0.016334 -0.933494 0.107053 0
0.561030 -0.059864 -0.015949 1
-0.085502 0.188214 0.338475 3
0.010393 0.162993 -0.008486 0
-0.322712 -0.014714 0.145424 2
-0.032601 -0.904386 0.105623 0
0.036291 0.211979 0.292313 3
0.241459 0.065870 -0.009538 1
0.010654 0.217411 -0.318558 6
0.002800 0.160845 -0.065110 0
-0.363468 -0.034077 0.037359 2
0.442508 0.015709 0.036816 1
-0.000356 0.229963 -0.280003 6
-0.008676 -0.598463 0.079845 0
0.326676 0.050559 -0.016310 1
0.036664 -0.022733 -0.017691 0
0.296253 0.070032 0.029494 1
-0.083785 0.234556 0.166848 3
0.001459 0.154788 0.414751 3
-0.145379 0.041682 0.053247 2
0.090667 -0.045847 -0.003993 0
-0.022734 -0.974524 0.099109 0
0.027990 -0.318268 0.014159 0
-0.001379 -0.718257 0.079543 0
-0.111975 0.232879 -0.205104 4
0.010495 -0.587211 0.061667 0
0.564846 -0.038089 0.006523 1
-0.296306 0.001886 0.098875 2
0.302538 0.066989 -0.039402 1
0.025402 -0.376709 0.050073 0
-0.241499 0.180650 -0.372506 4
-0.101327 0.034920 0.037094 2
-0.434602 -0.076218 0.076745 2
-0.167290 0.044364 0.051899 2
-0.372141 -0.034410 0.139025 2
0.407919 0.032810 0.014106 1
-0.026863 0.236162 0.231196 3
0.037945 -0.047759 -0.012990 0
-0.231627 0.157469 -0.224573 4
-0.214753 0.031232 0.038077 2
-0.017149 -0.686751 0.070430 0
-0.091077 0.225487 -0.248678 4
-0.279272 0.007436 0.130459 2
-0.120751 0.208627 0.260485 3
0.426145 0.026793 -0.061681 1
-0.414982 -0.041990 0.130221 2
0.539370 -0.024329 0.036397 1
-0.279441 0.161898 -0.342536 4
-0.206679 0.201077 -0.318874 4
0.343950 0.062902 0.062847 1
-0.019907 -0.959562 0.083952 0
-0.276863 0.027611 0.001599 2
0.396455 0.033314 -0.001755 1
-0.028127 0.226189 -0.257234 6
0.060955 0.230889 0.089531 5
0.139508 0.244247 0.142930 5
0.024757 0.024109 -0.024694 0
-0.212984 0.191801 -0.241131 4
-0.228968 0.050144 -0.017548 2
-0.182745 0.211858 -0.294941 4
-0.053981 0.204910 0.334803 3
-0.247224 0.019721 0.086348 2
0.029277 0.077404 -0.044992 0
-0.005914 0.208046 0.046921 8
-0.384775 -0.042497 0.067414 2
0.018061 0.225641 0.238099 3
-0.288694 0.133258 -0.458547 4
-0.363922 -0.017463 0.105932 2
-0.046089 0.204387 -0.147001 0
-0.067008 0.219161 -0.203127 6
-0.019182 0.178976 -0.096082 0
-0.353597 -0.022317 0.122461 2
-0.018610 -0.720717 0.071439 0
-0.138161 0.202439 0.245664 3
-0.024734 -0.767703 0.088293 0
0.512136 -0.022100 0.014636 1
0.078127 -0.087224 -0.004133 0
-0.055526 0.164000 0.401286 3
-0.021170 0.230085 -0.233476 6
-0.010323 -0.634071 0.070933 0
-0.010111 -0.443550 0.038561 0
0.144285 0.248387 0.087192 5
0.017808 0.218361 0.067083 5
0.256881 0.065725 -0.040053 1
0.218988 0.065558 -0.068888 1
0.350613 0.049802 -0.061756 1
0.024684 0.132807 -0.011262 0
0.037605 -0.161721 0.010598 0
-0.241752 0.032674 0.014080 2
-0.345013 -0.010205 0.097715 2
0.010384 0.217761 0.308073 3
0.555615 -0.052557 0.037427 1
0.459122 0.010629 -0.032253 1
-0.228361 0.035404 0.000946 2
0.032791 0.029930 -0.048068 0
-0.354052 -0.043623 0.162309 2
-0.115309 0.204985 -0.363591 4
0.019010 -0.233963 -0.005815 0
-0.121534 0.225012 -0.303439 4
0.020573 0.201678 0.310547 3
-0.055553 0.242343 0.145569 3
0.014221 -0.561676 0.059856 0
-0.125101 0.188250 0.245548 3
0.286709 0.069759 -0.098633 1
-0.044039 0.247207 0.161001 3
0.381811 0.044189 -0.071046 1
0.013227 0.193813 0.044388 0
-0.129290 0.178952 -0.388615 4
-0.010713 -0.810582 0.083329 0
-0.024645 0.175595 0.389945 3
0.003902 -0.486732 0.062053 0
0.381299 0.046834 -0.093358 1
-0.184276 0.213824 -0.272833 4
-0.017230 -0.873222 0.091326 0
0.004427 -0.389351 0.037298 0
-0.399955 -0.032090 0.099060 2
-0.274982 0.021109 0.029336 2
-0.245420 0.175323 -0.388576 4
0.505149 -0.029866 0.080218 1
0.025272 0.144237 -0.042795 0
-0.260090 0.035031 -0.001090 2
0.374153 0.044593 -0.032573 1
0.020066 -0.196150 0.005674 0
-0.021311 -0.927798 0.091088 0
-0.159984 0.218121 -0.264186 4
-0.330539 -0.006689 0.029413 2
-0.332370 -0.010181 0.128702 2
0.011190 0.104017 -0.048816 0
0.378476 0.051430 0.062968 1
-0.179794 0.181185 -0.131494 7
-0.435399 -0.048839 0.099710 2
0.583301 -0.060789 0.021736 1
0.048502 -0.139101 -0.008829 0
-0.028482 0.223170 -0.279606 6
-0.019177 0.197788 0.360058 3
-0.020765 0.223128 0.300299 3
-0.035377 -0.888420 0.097888 0
0.527496 -0.024028 -0.031943 1
-0.354393 -0.028356 0.052823 2
0.055751 -0.092657 -0.010437 0
-0.168862 0.214526 -0.334286 4
-0.268192 0.143370 -0.457871 4
-0.206584 0.202539 -0.287617 4
0.235824 0.074644 -0.071059 1
-0.254461 0.139591 -0.232526 4
0.112400 -0.027845 -0.015915 0
-0.322578 -0.007547 0.115009 2
-0.302260 0.138927 -0.434872 4
-0.128267 0.220799 -0.257079 4
0.010141 0.242204 0.152695 3
-0.068179 0.006909 -0.007499 2
-0.230120 0.170031 -0.418949 4
0.566168 -0.068287 0.037190 1
-0.114008 0.215117 -0.132998 7
0.029684 -0.083853 -0.015079 0
-0.057768 0.195187 0.047701 8
0.514083 -0.052826 0.070502 1
-0.090110 0.023208 0.006892 2
-0.006785 -0.749962 0.083132 0
0.050924 0.193201 0.216445 3
-0.177393 0.197142 -0.402610 4
0.278599 0.061896 -0.023504 1
-0.255154 0.148636 -0.249487 4
-0.014639 -0.850055 0.084661 0
-0.453382 -0.084481 0.130418 2
0.396933 0.039080 -0.040679 1
-0.137560 0.193656 -0.387509 4
-0.073313 0.191036 0.358770 3
-0.009996 -0.794872 0.092450 0
-0.264844 0.020221 0.080057 2
-0.236790 0.029649 0.068044 2
-0.305493 -0.002813 0.149294 2
-0.035927 0.236660 0.245412 3
-0.033039 -0.035322 -0.008612 0
0.019918 -0.022759 -0.013803 0
-0.416187 -0.051354 0.090927 2
0.214583 0.067470 0.005008 1
0.314662 0.067994 0.038162 1
-0.034780 -0.951406 0.098745 0
-0.062459 0.194698 -0.154318 0
-0.250365 0.160409 -0.432823 4
-0.074741 0.212435 0.300212 3
-0.306001 -0.000913 0.113572 2
0.074961 0.249529 0.127007 5
-0.082629 0.215181 -0.148625 7
-0.159306 0.200150 -0.125638 7
-0.250591 0.118417 -0.243451 4
0.477475 -0.004220 0.015743 1
-0.214043 0.033194 0.091312 2
0.018264 -0.271294 0.021428 0
0.016595 -0.385508 0.023965 0
0.025431 0.235423 0.168549 3
0.497554 0.000080 -0.056103 1
0.023491 -0.393611 0.037060 0
-0.189934 0.205185 -0.226144 4
0.324527 0.058185 0.013128 1
0.050844 0.208856 0.210899 3
0.109947 0.247989 0.070840 5
-0.207357 0.194380 -0.365400 4
-0.009032 -0.780355 0.083137 0
0.025563 -0.415456 0.033253 0
0.020357 -0.049445 -0.033272 0
-0.270836 0.151566 -0.429365 4
-0.306019 0.118886 -0.458017 4
-0.067365 0.147307 0.416556 3
-0.265012 0.131515 -0.266746 4
-0.046824 0.220978 -0.255712 6
-0.004724 -0.586683 0.069006 0
-0.229483 0.031053 0.135645 2
0.357978 0.052219 -0.031291 1
-0.448673 -0.091294 0.106778 2
-0.121571 0.044096 0.067490 2
-0.370512 -0.036065 0.167344 2
0.380656 0.044396 -0.009450 1
0.361935 0.054720 -0.093674 1
-0.274209 0.013293 0.107172 2
-0.349051 -0.026635 0.170119 2
-0.137117 0.219461 -0.233828 4
0.418178 0.026730 -0.023711 1
0.149674 0.250034 0.129862 5
-0.005147 -0.564098 0.072882 0
0.027196 0.228131 -0.288311 6
-0.114176 0.046208 0.090121 2
0.240658 0.075801 -0.091810 1
0.176791 0.052001 -0.035275 1
0.529046 -0.023590 0.005892 1
0.011302 -0.532789 0.067849 0
0.054751 0.233496 0.074116 5
0.546065 -0.023656 -0.001723 1
-0.031700 0.228664 0.111326 3
0.409542 0.036774 0.068098 1
-0.073983 0.194668 -0.074440 0
-0.361267 -0.022363 0.137547 2
-0.015551 -0.824773 0.071370 0
0.045233 -0.153689 -0.002363 0
0.552238 -0.051508 -0.028768 1
0.010920 -0.403293 0.050440 0
0.488925 0.000020 -0.033383 1
0.033303 0.200943 0.320669 3
0.009677 -0.478965 0.042989 0
0.019618 -0.262073 0.000169 0
0.268653 0.071553 -0.055632 1
0.047621 0.001087 -0.040539 0
0.023933 -0.028692 -0.037350 0
0.021034 0.016516 -0.038527 0
0.317986 0.065980 -0.099803 1
-0.112344 0.211423 -0.326750 4
-0.000921 -0.685828 0.089967 0
0.028833 0.070424 -0.020562 0
-0.055798 0.219065 0.300506 3
0.379446 0.045027 0.021753 1
0.010070 0.236447 0.192198 3
-0.431380 -0.061352 0.067244 2
0.455201 0.009237 0.006100 1
-0.090477 0.213164 -0.186144 4
0.172688 0.243351 0.108157 5
-0.254534 0.175555 -0.357723 4
-0.045939 0.222816 -0.172790 6
0.481101 0.008480 -0.011328 1
-0.149005 0.033707 0.029046 2
0.572862 -0.046899 0.021994 1
0.546251 -0.042887 0.022458 1
-0.194908 0.186763 -0.419050 4
0.035918 -0.223931 0.019645 0
-0.258852 0.117983 -0.257156 4
-0.259273 0.147449 -0.264889 4
-0.253233 0.023512 0.052210 2
0.149175 0.253103 0.113814 5
-0.013912 0.236166 0.146260 3
-0.430720 -0.069122 0.137724 2
0.442844 0.026567 -0.078119 1
0.304617 0.064562 -0.008961 1
-0.399971 -0.034889 0.137562 2
-0.013062 -0.672736 0.083162 0
-0.008507 -0.069049 -0.008914 0
-0.244866 0.181867 -0.334450 4
-0.090836 0.233706 0.230716 3
-0.063571 0.203255 0.028520 8
0.342391 0.056579 0.029357 1
0.015968 0.240053 0.130098 3
-0.300478 0.144762 -0.412198 4
-0.194917 0.033760 0.037382 2
-0.098120 0.223192 -0.218662 4
0.547536 -0.054025 0.061513 1
-0.023771 0.242959 0.192027 3
-0.315351 -0.005713 0.083609 2
-0.000328 -0.510675 0.052666 0
-0.076158 0.244983 0.176004 3
0.505130 -0.014603 0.029062 1
0.064444 0.215747 0.206008 3
0.362862 0.047446 0.006588 1
-0.175485 0.206146 -0.357558 4
-0.018514 -0.905859 0.084412 0
-0.214570 0.182883 -0.404001 4
-0.136935 0.213254 -0.357173 4
-0.158268 0.035527 0.041701 2
0.017805 -0.440177 0.060971 0
-0.314993 0.000264 0.053265 2
-0.400168 -0.047226 0.068566 2
-0.182951 0.043862 0.031912 2
-0.029333 -0.045424 0.004560 0
0.026048 0.165204 0.012610 0
0.064547 0.246435 0.091272 5
-0.091686 0.237765 0.191088 3
0.021534 -0.349916 0.044371 0
-0.129698 0.041466 0.052398 2
0.033362 -0.254659 0.006301 0
0.365768 0.050368 0.037573 1
0.084106 0.248306 0.068117 5
-0.041792 0.191482 -0.071268 0
-0.240826 0.154058 -0.450007 4
0.026072 0.233736 0.207374 3
-0.147274 0.203843 -0.153299 7
-0.371310 -0.023866 0.075456 2
0.035883 0.175164 0.229235 3
-0.121532 0.038452 0.036758 2
0.002507 0.174651 0.385070 3
0.434659 0.026310 -0.048642 1
0.476481 -0.029984 0.075669 1
0.480858 -0.011654 0.067082 1
-0.102319 0.025067 0.019091 2
-0.345342 -0.020168 0.083857 2
0.406121 0.033738 -0.054701 1
-0.013792 -0.045473 0.005148 0
0.269490 0.070758 -0.071130 1
-0.334370 -0.011678 0.067711 2
0.334963 0.062770 0.045213 1
-0.172308 0.194443 -0.201764 4
-0.082899 0.177963 0.369422 3
-0.274810 0.160291 -0.411994 4
0.002577 0.140373 -0.062790 0
0.091942 -0.066335 -0.017949 0
0.288897 0.064582 0.005491 1
0.442167 0.022264 -0.001217 1
0.489905 -0.012421 0.038569 1
-0.152485 0.212773 -0.335974 4
0.573595 -0.091771 0.035762 1
0.021051 -0.395593 0.060442 0
0.038054 -0.207819 -0.002832 0
0.064565 0.241099 0.060918 5
0.234175 0.072522 0.021412 1
-0.191273 0.045519 0.006251 2
0.025519 -0.138342 -0.003528 0
0.464739 0.002665 0.020999 1
0.025325 0.002022 -0.035586 0
-0.083035 0.208013 0.052968 8
-0.029098 -0.812635 0.090827 0
0.021653 -0.044199 -0.010854 0
0.490948 -0.037602 0.074856 1
-0.036189 0.187458 -0.101901 0
-0.073966 0.020303 0.024215 0
0.036332 -0.238405 0.005745 0
-0.183877 0.208011 -0.341990 4
-0.074587 0.234294 0.237574 3
-0.055570 0.203421 -0.134957 0
-0.008907 0.237875 0.207299 3
0.185910 0.234451 0.150189 5
0.016053 -0.463342 0.060482 0
0.007426 -0.447830 0.042707 0
0.036398 -0.191920 0.013719 0
-0.029236 0.151108 0.416549 3
-0.336007 -0.012314 0.016266 2
-0.034757 -0.867375 0.077593 0
-0.028967 0.244577 0.161147 3
-0.052040 -0.013660 0.005031 0
0.539754 -0.036891 0.007268 1
-0.346156 -0.021347 0.153410 2
0.009728 -0.288716 0.007223 0
0.016703 0.197900 -0.096438 0
-0.053225 0.219994 0.126296 3
0.011422 -0.091667 -0.012875 0
-0.126904 0.194900 -0.374131 4
0.010108 0.234261 -0.263871 6
0.024297 -0.306032 0.005953 0
0.258103 0.070969 0.014567 1
0.010529 0.228811 0.223041 3
0.492979 -0.023891 0.061520 1
-0.175799 0.201263 -0.372966 4
-0.083892 0.031082 0.044016 2
0.013277 -0.339890 0.029966 0
-0.009148 0.239226 0.176238 3
0.519631 -0.024070 0.059178 1
-0.009539 -0.879364 0.111848 0
-0.164588 0.189781 -0.397198 4
0.032144 -0.278457 0.021099 0
-0.446113 -0.061343 0.091578 2
-0.043673 0.244194 0.136408 3
0.046850 -0.030491 -0.025709 0
0.011433 0.131366 -0.050125 0
-0.398231 -0.048183 0.038624 2
-0.106243 0.209103 -0.118283 7
-0.414925 -0.052469 0.075946 2
-0.085222 0.162256 0.391974 3
-0.184581 0.204896 -0.308418 4
0.269175 0.070140 -0.032561 1
0.041141 0.226010 0.195234 3
-0.074815 0.240149 0.207732 3
0.002134 -0.662441 0.070341 0
0.334071 0.058819 -0.005794 1
-0.438180 -0.070555 0.158845 2
0.025052 -0.169671 -0.001374 0
0.544070 -0.041740 0.037258 1
-0.038419 -0.967024 0.097585 0
-0.052052 0.223853 -0.210037 6
-0.245349 0.020965 0.106920 2
0.452895 0.003651 0.037234 1
-0.005051 -0.547335 0.053942 0
-0.119994 0.035020 -0.001174 2
0.445349 0.014487 0.069121 1
0.558670 -0.076743 0.051387 1
-0.008056 0.229467 0.269344 3
-0.382198 -0.035465 0.121671 2
-0.121334 0.044578 -0.022689 2
0.015646 0.146294 -0.072789 0
0.045084 -0.073024 -0.024500 0
-0.027005 -0.833273 0.101896 0
-0.122099 0.220077 -0.225863 4
-0.013574 0.233937 -0.194439 6
-0.262740 0.168244 -0.319238 4
-0.019557 0.198590 0.023875 8
0.118685 -0.014397 -0.017342 0
-0.144315 0.204684 -0.180262 4
0.013997 -0.547827 0.075739 0
0.011354 -0.107557 -0.011157 0
0.560152 -0.053518 0.006488 1
-0.026455 0.191569 -0.117907 0
0.580425 -0.062882 0.007241 1
-0.167224 0.213828 -0.221992 4
-0.017642 -0.857365 0.105434 0
-0.010521 0.186796 -0.080481 0
-0.030221 0.199749 0.048814 8
-0.102237 0.027520 -0.005572 2
-0.160424 0.045516 0.005890 2
-0.027119 -0.929128 0.077495 0
0.025488 0.217468 -0.318835 6
0.018400 -0.239406 0.011962 0
0.050603 0.240407 0.105583 5
-0.232619 0.026947 0.091858 2
0.536545 -0.045870 0.053386 1
-0.330432 -0.007852 0.098980 2
-0.121364 0.216840 -0.195581 4
-0.072064 0.206078 0.328569 3
0.436308 0.020716 -0.031962 1
0.027506 -0.331899 0.029387 0
-0.112723 0.224240 0.230485 3
-0.324146 -0.028194 0.161715 2
0.018184 0.039313 -0.024884 0
0.031772 0.194368 0.339180 3
-0.144906 0.170576 -0.394844 4
0.509982 -0.015687 -0.001443 1
0.472588 0.013328 -0.073633 1
-0.312194 0.126837 -0.427776 4
-0.016648 0.170932 -0.108145 0
-0.029534 0.206123 0.351316 3
-0.001667 -0.085422 -0.010248 0
0.420085 0.026487 0.061193 1
-0.168450 0.043588 0.077509 2
-0.222948 0.158698 -0.451999 4
-0.428791 -0.058549 0.108519 2
-0.198142 0.192689 -0.203644 4
-0.098978 0.042636 0.073818 2
-0.094820 0.202575 0.278654 3
0.025974 -0.292789 0.028262 0
-0.149005 0.200600 -0.381231 4
-0.438636 -0.099054 0.150531 2
-0.067301 0.211816 -0.156000 0
-0.207365 0.039857 0.013163 2
0.157128 0.038694 -0.025278 1
0.178164 0.052235 -0.018754 1
0.012526 -0.309257 0.029405 0
0.110242 0.255792 0.083178 5
-0.152329 0.213252 -0.203209 4
-0.221532 0.031787 0.061180 2
0.010914 -0.416673 0.031367 0
-0.068699 0.193887 -0.057894 0
-0.231979 0.179780 -0.286544 4
0.025653 0.233046 0.089080 0
0.000583 -0.587832 0.051017 0
-0.148515 0.220481 -0.303029 4
0.036236 -0.099254 -0.022205 0
0.017743 0.191163 0.359612 3
-0.043755 0.244820 0.192248 3
0.002227 0.233876 0.099296 3
-0.101734 0.225798 -0.279876 4
-0.195153 0.037937 0.060177 2
-0.158815 0.220580 -0.249723 4
0.057103 -0.070816 -0.012087 0
-0.123500 0.211559 0.246586 3
0.006243 -0.424740 0.056626 0
-0.054142 0.125931 0.431404 3
-0.453922 -0.069618 0.130081 2
-0.301173 0.003658 0.032018 2
0.527661 -0.015510 -0.016896 1
-0.009660 -0.902079 0.107351 0
-0.042922 -0.981836 0.086375 0
0.397454 0.039533 0.060396 1
-0.401551 -0.043152 0.108329 2
0.007619 -0.610150 0.076602 0
0.037531 -0.123037 -0.018460 0
-0.268439 0.014084 0.137953 2
0.018083 0.221512 0.278093 3
-0.034576 -0.920238 0.091573 0
0.205666 0.058008 -0.037870 1
0.110881 0.255985 0.114260 5
-0.240595 0.173509 -0.263069 4
-0.168265 0.192056 -0.105782 7
0.015496 0.187171 0.027813 0
0.025169 -0.362281 0.029397 0
-0.007890 0.156088 -0.084848 0
-0.128574 0.211484 -0.124342 7
0.054428 -0.122059 -0.004110 0
0.015929 -0.278079 0.033834 0
0.029292 0.109390 -0.030986 0
0.014968 0.199859 0.020824 0
-0.038880 -0.028562 0.004153 0
-0.229847 0.180912 -0.380775 4
-0.126108 0.182007 0.268245 3
0.010750 -0.323536 0.016098 0
-0.045851 -0.001148 0.012596 0
-0.046845 0.223485 -0.225583 6
-0.055701 0.179695 0.385034 3
0.362376 0.053925 0.052583 1
-0.137834 0.156810 -0.373423 4
-0.122019 0.215214 -0.356297 4
0.222982 0.059788 -0.033742 1
-0.054349 0.215731 -0.149421 0
-0.012562 0.220141 -0.284112 6
-0.089417 0.220451 0.259892 3
-0.058979 0.228976 0.261485 3
0.000725 0.209108 0.059455 0
0.196448 0.062653 0.019885 1
-0.148826 0.219968 -0.279767 4
-0.288257 0.150782 -0.343326 4
-0.013657 0.231006 -0.165986 6
-0.000162 0.224769 0.075720 0
0.020438 -0.108040 -0.000039 0
0.419045 0.029662 0.022219 1
-0.230375 0.175049 -0.228828 4
-0.019197 -0.889320 0.091619 0
0.017111 0.212442 0.322410 3
-0.064186 0.221358 -0.222543 6
-0.174679 0.045679 0.019993 2
-0.299682 0.018767 0.003955 2
-0.412732 -0.060368 0.153508 2
-0.083420 0.217189 -0.133462 7
0.343078 0.048692 -0.009588 1
-0.276234 0.021369 0.015068 2
0.011638 0.060714 -0.029904 0
-0.261240 0.023901 0.028825 2
0.039743 0.087194 -0.028414 0
-0.111265 0.036475 0.019537 2
-0.019550 -0.038632 -0.006781 0
-0.270293 0.168351 -0.371984 4
-0.203929 0.198308 -0.232679 4
-0.075807 0.236954 0.153051 3
0.473145 0.007976 -0.039919 1
-0.012977 0.150027 0.414921 3
0.038012 0.231588 0.061863 5
-0.022744 -0.735510 0.089397 0
-0.020984 0.236304 0.106755 3
-0.055663 0.241155 0.222642 3
-0.028614 0.132660 0.428677 3
-0.214103 0.197846 -0.302733 4
0.083925 -0.044026 -0.015989 0
-0.214754 0.171496 -0.435051 4
0.559697 -0.037412 -0.008818 1
-0.020172 -0.781859 0.091277 0
-0.057480 0.229436 0.150268 3
0.023692 0.094402 -0.046912 0
0.335126 0.061040 -0.078326 1
-0.298548 0.150448 -0.364448 4
-0.304184 0.005432 0.087060 2
0.000348 -0.062079 0.005114 0
-0.030004 0.218588 -0.158030 6
0.397804 0.041329 -0.078234 1
0.023919 0.233532 -0.264299 6
-0.044181 0.208624 0.037251 8
0.083729 0.250103 0.083505 5
-0.148174 0.041209 -0.001334 2
-0.024419 -0.017531 0.005802 0
-0.003495 -0.716444 0.096509 0
-0.301784 0.146309 -0.395595 4
0.534011 -0.017702 0.021660 1
0.373510 0.047011 -0.056337 1
0.350277 0.054527 -0.047486 1
-0.098340 0.226177 -0.310953 4
-0.446661 -0.076127 0.105297 2
0.019587 0.177466 0.008678 0
-0.055403 0.248108 0.168716 3
0.188171 0.061721 -0.062961 1
0.503145 -0.011338 -0.023703 1
0.501249 -0.005866 0.006416 1
-0.380280 -0.044078 0.029473 2
-0.137079 0.217653 -0.210573 4
-0.238496 0.019459 0.055480 2
-0.379823 -0.024499 0.099856 2
-0.006271 -0.618933 0.068485 0
-0.090317 0.205464 0.307952 3
0.006376 -0.626135 0.074846 0
-0.207053 0.038848 0.029699 2
-0.279316 0.014920 0.052428 2
0.083484 0.249561 0.115038 5
-0.009078 0.238651 0.130114 3
0.130057 0.008098 -0.016508 0
0.019367 -0.549255 0.045824 0
0.209343 0.063602 -0.009453 1
-0.004618 0.247842 0.094164 3
-0.008971 0.225866 0.292549 3
0.149697 0.023420 -0.017657 1
0.024589 0.163895 -0.000891 0
0.572094 -0.060339 0.049618 1
-0.044156 0.138444 0.426357 3
-0.177806 0.181338 -0.108741 7
-0.425345 -0.055664 0.151429 2
-0.288421 0.001421 0.145221 2
-0.074846 0.210302 0.031466 8
-0.009127 0.235161 0.238374 3
-0.334577 -0.021370 0.145524 2
-0.102755 0.226374 -0.256725 4
-0.034095 0.217289 -0.294120 6
0.094680 0.253188 0.107221 5
0.095173 0.253118 0.091303 5
-0.224071 0.191779 -0.340980 4
0.188008 0.236504 0.130186 5
0.002459 -0.456241 0.052165 0
0.493050 -0.005568 -0.067814 1
-0.382390 -0.043433 0.154521 2
-0.206374 0.051236 -0.017597 2
-0.018441 -0.842290 0.096531 0
-0.103129 0.219799 0.255657 3
-0.036215 0.227422 0.276825 3
-0.004095 0.225640 0.090643 0
0.513669 -0.006350 -0.046708 1
-0.101954 0.208824 0.044750 8
0.283203 0.080957 0.049896 1
0.162823 0.044985 -0.001974 1
0.028609 -0.051531 -0.022820 0
-0.007495 -0.758760 0.093315 0
0.241666 0.063456 -0.022794 1
-0.020786 -0.974105 0.085795 0
-0.183131 0.197768 -0.388783 4
-0.102479 0.043006 0.060830 2
-0.119587 0.209530 -0.341386 4
0.417129 0.034881 -0.086675 1
-0.446529 -0.060874 0.123037 2
0.010581 0.230102 -0.287814 6
0.129462 0.252608 0.135288 5
-0.435225 -0.056010 0.135395 2
0.023301 0.220723 0.262678 3
0.002957 0.206175 -0.339406 6
-0.168378 0.052888 -0.017720 2
0.195857 0.060918 -0.017634 1
-0.415376 -0.052769 0.122322 2
0.009174 -0.085229 -0.000801 0
0.102816 -0.037815 -0.009970 0
0.038856 0.023065 -0.031388 0
0.397465 0.034177 0.044680 1
-0.229956 0.030349 0.122313 2
0.467137 0.003621 -0.009120 1
0.319688 0.058127 -0.067756 1
0.036897 0.008207 -0.024180 0
0.408439 0.031151 0.037587 1
0.464724 0.005999 0.043953 1
-0.009735 -0.733925 0.076857 0
-0.296807 0.137520 -0.448903 4
0.019646 0.116880 -0.022626 0
0.434206 0.021004 0.074653 1
0.005309 0.242901 0.086809 0
0.020163 -0.068164 -0.012895 0
0.257024 0.070643 -0.001177 1
-0.250848 0.157713 -0.292281 4
-0.190591 0.200086 -0.211656 4
-0.360499 -0.030175 0.021668 2
0.349757 0.059888 -0.093022 1
-0.022829 -0.989009 0.099136 0
-0.257958 0.153381 -0.278566 4
-0.085105 0.216879 0.186579 3
0.519958 -0.009261 -0.008202 1
-0.291550 0.155911 -0.380782 4
-0.010363 0.191157 0.367270 3
-0.149338 0.049819 -0.017724 2
-0.140532 0.044240 0.105684 2
0.013443 -0.457397 0.031311 0
-0.072277 0.210292 0.285624 3
0.408852 0.033311 -0.032163 1
0.041168 0.163871 0.225083 3
0.484252 -0.003477 -0.017421 1
0.386143 0.043587 0.032966 1
-0.251250 0.173847 -0.310911 4
0.573073 -0.078379 0.028906 1
-0.047104 0.212633 0.322664 3
0.001521 0.239561 0.122332 3
-0.031425 -0.940629 0.105399 0
0.082407 -0.075640 -0.017250 0
-0.001672 0.181617 0.372780 3
0.513345 -0.022269 0.037086 1
0.014649 -0.521042 0.073243 0
0.289147 0.068077 -0.032018 1
0.489776 0.000740 0.013711 1
0.002749 0.166317 0.395120 3
0.002816 -0.406480 0.032383 0
0.210497 0.067483 -0.078615 1
-0.056501 0.006726 0.007792 0
0.013782 0.207025 0.033296 0
-0.008825 0.185885 -0.103446 0
-0.418373 -0.046858 0.144827 2
0.033701 -0.147421 0.001774 0
-0.184022 0.211358 -0.248558 4
-0.090552 0.223946 -0.286219 4
0.566678 -0.046778 0.044495 1
0.002823 -0.649397 0.075145 0
-0.287640 0.007886 0.068118 2
0.018598 -0.410197 0.058304 0
0.014580 0.245578 -0.242169 6
0.070131 -0.099354 -0.009355 0
0.204298 0.063767 -0.062693 1
-0.115533 0.211654 0.229282 3
0.315438 0.062872 0.021368 1
0.023508 -0.378658 0.037412 0
0.019985 -0.449062 0.039169 0
-0.245515 0.164461 -0.419627 4
0.501970 -0.044136 0.073114 1
-0.068046 0.230338 0.247989 3
0.023909 -0.215756 0.006910 0
0.007348 -0.523198 0.045989 0
-0.036095 0.231955 0.261957 3
0.396315 0.038457 0.013914 1
0.029049 -0.115364 -0.008612 0
-0.437975 -0.065894 0.114789 2
-0.195402 0.049882 -0.010952 2
-0.090798 0.223779 -0.176728 4
-0.128795 0.221734 -0.327663 4
0.172208 0.239896 0.149952 5
0.048662 0.178232 0.230756 3
-0.008979 0.218982 -0.303158 6
0.056156 0.217454 0.221809 3
-0.176733 0.044167 0.105278 2
-0.361953 -0.027389 0.114109 2
0.027517 -0.152741 -0.017270 0
-0.081738 0.224041 -0.257384 4
0.144249 0.025274 -0.003272 0
-0.159253 0.037681 0.022408 2
-0.115953 0.167893 0.261534 3
0.037508 -0.092291 -0.009409 0
-0.021114 0.243838 0.176349 3
0.030273 0.218308 0.072537 5
-0.032204 0.198475 -0.107105 0
-0.011690 -0.656992 0.067224 0
-0.017919 0.224028 0.111671 3
-0.023690 -0.796064 0.080779 0
-0.185195 0.189010 -0.208293 4
0.031657 0.054726 -0.032878 0
-0.176070 0.034531 0.037262 2
-0.077823 0.020709 0.004499 2
0.003303 0.236346 -0.174388 6
0.038188 -0.006711 -0.024074 0
-0.055906 0.218397 -0.179413 6
-0.136250 0.040626 0.023236 2
0.087846 -0.053977 -0.022921 0
-0.008964 -0.782279 0.070542 0
0.226862 0.070788 0.005707 1
0.036715 -0.022413 -0.030424 0
-0.060085 0.244226 0.195624 3
-0.216263 0.173881 -0.206173 4
-0.439125 -0.084563 0.149381 2
-0.036512 0.224749 -0.187609 6
0.006838 0.223563 0.297329 3
0.303683 0.067771 -0.080088 1
-0.200582 0.199249 -0.349996 4
0.065582 -0.085327 -0.004624 0
0.260009 0.078097 0.041294 1
0.478858 0.005625 0.026971 1
0.240978 0.066337 -0.047219 1
0.010589 -0.571728 0.068602 0
-0.411238 -0.073931 0.159242 2
0.038319 -0.292253 0.025476 0
0.027705 -0.013907 -0.018989 0
-0.112404 0.204867 0.052360 8
-0.250250 0.156308 -0.240428 4
0.031656 0.077941 -0.032596 0
-0.342461 -0.016039 0.052932 2
0.539399 -0.023249 -0.023745 1
0.020671 0.023995 -0.012753 0
-0.019106 0.237487 0.214718 3
-0.382631 -0.057909 0.162271 2
-0.175703 0.040618 0.060522 2
0.387620 0.044155 0.052867 1
0.002094 0.206403 0.341399 3
-0.000782 -0.586205 0.080934 0
-0.033278 0.229130 -0.229665 6
0.184945 0.056558 -0.009096 1
-0.004058 -0.672035 0.063827 0
-0.020001 0.230717 -0.248817 6
0.036417 0.138479 -0.042695 0
-0.160960 0.043846 0.091227 2
-0.148161 0.212524 -0.349918 4
0.008855 -0.559506 0.080985 0
-0.022725 0.230195 -0.210236 6
-0.444899 -0.067875 0.080946 2
0.408919 0.032050 -0.002093 1
-0.008976 0.200322 0.030345 8
-0.287487 0.009701 0.083189 2
0.520775 -0.021351 -0.053894 1
0.008248 -0.548575 0.054604 0
0.536384 -0.046537 0.066590 1
0.107615 0.250525 0.125034 5
-0.030627 0.206308 0.030120 8
0.000898 -0.672927 0.084186 0
-0.306279 0.006388 0.044883 2
-0.114808 0.222299 -0.334275 4
0.242196 0.076166 0.034171 1
0.008142 0.154438 0.000323 0
-0.009782 -0.741358 0.092568 0
-0.427148 -0.076488 0.153080 2
-0.043166 0.164091 0.402998 3
0.023330 0.208737 0.046835 0
-0.009784 -0.754409 0.069928 0
0.096328 0.249403 0.135156 5
0.014410 -0.493408 0.062416 0
0.571541 -0.048987 -0.014293 1
0.037049 0.038301 -0.038867 0
-0.278777 0.138159 -0.464249 4
-0.027124 -0.866679 0.097080 0
0.481343 -0.014657 0.080886 1
-0.343728 -0.010409 0.026120 2
-0.017336 -0.066465 -0.000555 0
0.040818 0.234186 0.076263 5
0.017464 0.234845 0.145876 3
0.258381 0.072564 -0.092019 1
0.054256 0.231357 0.205698 3
0.019304 0.155154 -0.012096 0
-0.245179 0.035255 0.001752 2
-0.217052 0.170698 -0.218228 4
0.288663 0.068169 -0.047747 1
0.000135 -0.775262 0.091153 0
-0.167555 0.215631 -0.240854 4
0.012040 -0.353388 0.037183 0
0.016656 0.118935 -0.043155 0
0.575499 -0.082153 0.043770 1
-0.067290 0.163704 0.395100 3
0.006991 -0.377320 0.036004 0
0.009216 -0.609264 0.062050 0
0.269698 0.072085 0.028557 1
-0.273923 0.012970 0.119837 2
-0.135540 0.041578 -0.022839 2
-0.102772 0.219223 -0.326895 4
-0.354303 -0.021630 0.099409 2
0.381610 0.045138 -0.047209 1
-0.007297 -0.684907 0.063232 0
0.018411 -0.246949 -0.002280 0
0.193242 0.060381 -0.034273 1
-0.000071 -0.556972 0.059801 0
-0.091424 0.225112 0.168953 3
-0.236638 0.182024 -0.303313 4
0.222877 0.075024 0.028025 1
0.019992 0.139344 -0.053975 0
0.548119 -0.036879 -0.032827 1
0.362810 0.049269 -0.063320 1
-0.380568 -0.030954 0.068141 2
-0.160119 0.195316 -0.381160 4
-0.215840 0.027392 0.049715 2
-0.023173 -0.897015 0.077247 0
-0.056126 0.144968 0.420968 3
-0.451877 -0.077649 0.151622 2
-0.173701 0.191503 -0.134254 7
-0.324122 -0.011138 0.076146 2
-0.182910 0.056215 -0.031155 2
-0.019786 -0.757409 0.083756 0
-0.036282 0.226029 -0.202625 6
-0.195020 0.041910 0.114497 2
-0.136739 0.206915 -0.116388 7
-0.076741 0.230709 -0.228627 4
-0.205965 0.180245 -0.214495 4
0.520903 -0.044002 0.062954 1
0.533813 -0.035001 0.038758 1
-0.101519 0.227342 0.239507 3
0.036901 0.225190 0.229999 3
-0.113913 0.224201 -0.248715 4
-0.393922 -0.051765 0.155225 2
0.057510 -0.116003 -0.017397 0
0.524024 -0.027486 0.033277 1
-0.195262 0.209898 -0.377409 4
-0.092133 0.238513 0.174858 3
-0.128672 0.201505 0.253315 3
0.002200 0.198377 0.354684 3
-0.148842 0.043867 0.075816 2
-0.205710 0.191118 -0.395509 4
-0.451374 -0.072200 0.093452 2
-0.017546 -0.708562 0.071238 0
-0.305108 0.006038 0.068187 2
0.258004 0.071118 -0.064466 1
0.017505 -0.463439 0.044992 0
-0.044106 0.204306 0.347536 3
0.445665 0.021354 -0.024032 1
0.501347 -0.031136 0.068356 1
-0.124216 0.206917 -0.371665 4
-0.021277 0.220504 0.315379 3
0.033256 -0.209329 -0.013907 0
-0.018178 -0.858138 0.093031 0
-0.363828 -0.024634 0.044978 2
0.003070 -0.434746 0.034868 0
0.473539 0.004438 -0.061481 1
-0.106450 0.202151 0.273857 3
-0.306181 0.019765 -0.006557 2
-0.027758 -0.850529 0.081507 0
0.000092 -0.526249 0.068445 0
0.014405 -0.573426 0.056993 0
0.351592 0.050376 0.012570 1
0.140852 0.011385 -0.012164 0
-0.390798 -0.035716 0.075536 2
-0.102056 0.216850 -0.133232 7
0.020803 -0.182024 -0.000839 0
0.056417 0.242413 0.083297 5
-0.033228 -0.975966 0.104911 0
0.142768 0.252795 0.098317 5
-0.009412 0.176466 0.384762 3
0.435694 0.021405 0.044972 1
-0.017448 -0.726308 0.083695 0
-0.029513 -0.955826 0.077728 0
-0.206267 0.039547 0.122261 2
-0.167835 0.217256 -0.319806 4
-0.153137 0.226764 -0.225405 4
-0.240565 0.118809 -0.250087 4
-0.009818 0.164342 -0.093374 0
-0.299123 0.011999 0.022354 2
0.353771 0.050099 0.037127 1
0.464973 0.013831 -0.016360 1
0.165088 0.246607 0.136627 5
-0.056018 0.210412 0.036705 8
-0.026342 -0.819710 0.077160 0
0.001159 0.161651 -0.079319 0
0.144178 0.024656 -0.030824 1
0.558801 -0.031099 0.014128 1
0.416629 0.026389 0.044900 1
-0.058903 0.223961 0.276183 3
-0.295929 -0.000321 0.159101 2
0.030001 -0.230243 -0.008725 0
0.016897 0.220911 -0.308975 6
-0.314674 -0.010979 0.153452 2
0.026554 0.212023 0.243224 3
0.327092 0.060743 -0.025692 1
0.456066 0.013349 -0.047697 1
0.514156 -0.017843 0.050591 1
0.041334 -0.161819 -0.010185 0
0.465069 -0.001546 0.074018 1
-0.167460 0.210954 -0.210415 4
-0.045692 0.192098 0.371864 3
0.013999 0.121229 -0.060288 0
0.528521 -0.014108 -0.001320 1
-0.325468 0.007641 -0.001128 2
-0.052814 0.212929 -0.205343 6
0.021039 0.074037 -0.036332 0
0.000044 0.189104 0.020469 8
0.538953 -0.035148 -0.024082 1
0.009737 -0.375820 0.023022 0
0.016746 -0.479066 0.052545 0
-0.314579 0.006129 0.021369 2
-0.028221 0.179720 -0.110805 0
-0.084710 0.199295 0.330453 3
-0.221765 0.043588 -0.004590 2
-0.011663 -0.846837 0.105142 0
-0.194865 0.037948 0.083634 2
-0.252459 0.026928 0.037259 2
0.135650 0.252152 0.111196 5
-0.044259 -0.007500 -0.001429 0
0.280793 0.075127 -0.087198 1
0.480819 -0.004545 0.044688 1
0.268888 0.064083 -0.017112 1
-0.057731 0.232745 0.130790 3
0.395796 0.034729 -0.015660 1
-0.135340 0.170509 -0.382847 4
0.062676 0.186351 0.218443 3
-0.009074 0.212791 0.333907 3
0.038086 0.216083 0.280399 3
-0.066539 0.009719 0.013432 0
-0.110383 0.218835 -0.225457 4
0.036098 0.160141 -0.044022 0
0.464746 0.012888 0.015135 1
0.101652 -0.037836 -0.022497 0
-0.391252 -0.031168 0.091176 2
-0.380455 -0.024224 0.114438 2
0.519495 -0.030879 0.073611 1
0.230849 0.064011 -0.017998 1
-0.159773 0.048744 -0.025117 2
-0.195320 0.204046 -0.319048 4
-0.007873 -0.580196 0.053843 0
-0.392177 -0.029315 0.122039 2
0.025365 0.209179 0.300462 3
-0.047443 0.209311 -0.125110 0
-0.046693 0.196035 0.043952 8
-0.168693 0.044473 0.114579 2
0.023778 0.212153 0.285623 3
-0.044384 0.218467 0.307866 3
-0.052384 0.201856 0.025354 8
-0.036037 0.244046 0.222398 3
-0.305847 -0.004770 0.137465 2
-0.136553 0.040010 -0.001054 2
-0.026463 0.189137 0.370413 3
-0.167954 0.202830 -0.194908 4
-0.100462 0.218277 -0.288706 4
0.444203 0.013114 0.005902 1
0.000772 -0.486253 0.045803 0
-0.455555 -0.092593 0.122334 2
-0.379256 -0.025496 0.136620 2
0.543809 -0.031384 0.021743 1
0.521899 -0.036104 0.054444 1
0.037125 0.233390 0.091077 5
-0.047773 0.223639 0.292445 3
-0.020944 0.240525 0.138086 3
-0.301425 0.129928 -0.456404 4
0.018312 0.070708 -0.025503 0
-0.148336 0.206169 -0.122947 7
-0.406572 -0.048174 0.046711 2
-0.048917 0.211114 -0.234108 6
-0.026201 0.170979 -0.100731 0
0.327114 0.055710 -0.055623 1
0.529831 -0.029374 0.060785 1
-0.325779 -0.004282 0.044047 2
0.511424 -0.025287 0.067294 1
0.019603 0.009300 -0.023036 0
-0.074538 0.211122 -0.171831 0
-0.148675 0.218696 -0.233402 4
-0.159305 0.220283 -0.310657 4
-0.343709 -0.010187 0.076622 2
0.028666 0.213082 0.322568 3
-0.085354 0.220494 -0.226245 4
-0.056206 0.203317 0.055746 8
0.203844 0.055481 -0.023948 1
0.018008 0.241756 0.161124 3
-0.253419 0.041197 -0.009297 2
-0.101947 0.214356 -0.186464 4
-0.128593 0.223626 -0.280307 4
-0.006229 -0.055041 -0.006799 0
0.001679 0.159003 0.403973 3
-0.262018 0.137016 -0.471345 4
-0.007629 -0.840543 0.075981 0
0.038105 0.001850 -0.034093 0
-0.056353 0.200602 0.346967 3
0.373290 0.047103 -0.001026 1
-0.129669 0.046602 0.083958 2
0.002664 -0.696158 0.070702 0
0.036588 0.118362 -0.040816 0
0.033896 -0.192647 -0.014751 0
-0.224839 0.185164 -0.264138 4
0.000008 -0.501959 0.060156 0
-0.160295 0.206773 -0.359252 4
0.021249 -0.417174 0.043763 0
0.296269 0.064060 -0.055314 1
0.016776 -0.502556 0.050007 0
-0.191167 0.210325 -0.287282 4
-0.248050 0.166961 -0.302296 4
0.428269 0.019321 0.021422 1
-0.158875 0.220070 -0.296765 4
-0.019537 -0.819389 0.098003 0
-0.097664 0.214040 -0.161884 7
0.022930 0.231186 -0.298508 6
0.577807 -0.068303 0.043671 1
0.037153 0.231445 0.209211 3
0.126257 0.000569 -0.024663 0
-0.007620 -0.610789 0.060539 0
0.529379 -0.023824 0.050777 1
-0.006075 -0.084231 0.004328 0
-0.440221 -0.067389 0.099307 2
-0.030664 0.230000 -0.158611 6
0.066010 -0.086148 -0.022541 0
0.045826 -0.048531 -0.030085 0
-0.206454 0.183822 -0.411988 4
0.024015 -0.430700 0.049195 0
-0.112836 0.208003 -0.172322 4
0.018372 0.224230 0.252988 3
-0.230320 0.049235 -0.028853 2
-0.424976 -0.047425 0.129228 2
0.002237 -0.076436 0.001396 0
-0.426743 -0.054711 0.075636 2
0.575604 -0.069257 0.021704 1
0.350610 0.053659 -0.016555 1
0.027901 -0.254807 0.019926 0
0.016640 0.214790 0.054863 0
-0.136913 0.210443 -0.148927 7
0.538189 -0.023897 -0.039572 1
-0.325922 -0.005466 0.061058 2
0.011193 0.183439 0.370403 3
-0.020238 -0.942773 0.090708 0
-0.113306 0.215516 -0.148569 7
0.032979 0.203478 -0.339424 6
-0.260443 0.165028 -0.404900 4
-0.157379 0.201525 -0.141293 7
-0.008382 -0.633460 0.082112 0
0.111864 -0.007195 -0.004442 0
0.556709 -0.047110 0.021103 1
-0.007994 0.211652 -0.317036 6
-0.020609 0.156201 0.409211 3
0.035486 -0.177931 -0.015972 0
0.007879 0.179556 0.020708 0
-0.034214 -0.935807 0.091015 0
-0.242393 0.163819 -0.233374 4
-0.262668 0.014388 0.068338 2
-0.252788 0.171241 -0.396160 4
-0.148512 0.041627 0.037131 2
-0.009204 0.232262 0.253919 3
-0.243186 0.140184 -0.233430 4
0.030000 0.145694 -0.032615 0
0.051631 0.233992 0.191895 3
0.007794 -0.562583 0.050588 0
0.010525 0.195740 -0.107747 0
-0.444050 -0.076955 0.137095 2
0.048758 -0.083851 -0.011633 0
0.014251 0.200153 0.053688 0
-0.078079 0.148037 0.408485 3
0.037263 0.216988 0.238463 3
-0.237468 0.185711 -0.326714 4
-0.048687 0.189470 -0.131684 0
-0.021168 -0.804483 0.091227 0
0.056521 0.243867 0.068481 5
-0.000315 0.193302 -0.103567 0
-0.122003 0.195311 -0.358192 4
-0.456502 -0.105672 0.136323 2
-0.067235 0.217287 -0.179209 6
0.286361 0.058690 -0.015995 1
-0.148734 0.217713 -0.264587 4
0.028730 -0.061490 -0.015881 0
-0.123320 0.202176 0.240359 3
0.538843 -0.034892 -0.011432 1
-0.417230 -0.054981 0.052595 2
0.222945 0.068984 -0.040225 1
-0.000106 -0.801020 0.074199 0
-0.088542 0.218129 -0.240563 4
0.520644 -0.021938 -0.008955 1
0.002068 0.240264 0.168511 3
0.501656 -0.007244 0.036788 1
-0.250564 0.127470 -0.236611 4
-0.269980 0.036162 -0.009736 2
0.118827 0.256540 0.091570 5
0.025551 0.131270 -0.022338 0
0.008922 -0.500587 0.039879 0
0.018164 0.239600 0.184063 3
0.537681 -0.067862 0.062247 1
0.018139 -0.301019 0.013856 0
-0.136897 0.043530 0.060726 2
0.315544 0.055428 -0.032737 1
0.118344 0.250434 0.129525 5
-0.031666 -0.895532 0.090097 0
-0.013601 -0.834775 0.084064 0
-0.306831 -0.005890 0.160366 2
-0.042369 0.244908 0.147481 3
-0.426700 -0.044962 0.107001 2
0.520783 -0.021927 0.021697 1
-0.122411 0.033137 0.013563 2
-0.075253 0.192104 -0.173160 0
-0.018246 0.165929 -0.084739 0
-0.352547 -0.027164 0.132453 2
0.037461 0.149424 -0.046789 0
-0.100999 0.025605 0.006833 2
0.105131 -0.017959 -0.017414 0
0.304433 0.072454 0.044371 1
0.024530 0.193935 0.021201 0
-0.027713 -0.982243 0.088936 0
0.280946 0.069888 -0.000986 1
-0.229732 0.186403 -0.295756 4
-0.415540 -0.040239 0.090964 2
0.063654 -0.061950 -0.013642 0
0.581612 -0.084554 0.021305 1
-0.291301 0.146632 -0.434552 4
-0.009688 0.178470 -0.088287 0
-0.005293 0.212961 0.096040 3
0.007905 0.230698 0.236773 3
0.017712 -0.347499 0.022240 0
-0.221420 0.181781 -0.394867 4
0.015891 0.225973 0.074963 0
-0.028795 -0.912118 0.098593 0
-0.116676 0.212350 -0.218984 4
-0.229134 0.031529 0.036973 2
-0.128823 0.180471 -0.374807 4
-0.016463 -0.703850 0.083699 0
0.564458 -0.059678 -0.003050 1
-0.252979 0.177389 -0.341799 4
0.002756 0.217791 0.052847 0
-0.030990 0.213216 -0.283825 6
0.008998 -0.580201 0.075642 0
0.466063 0.013672 -0.000638 1
-0.221985 0.170552 -0.426689 4
-0.020809 0.224881 -0.271778 6
-0.408196 -0.045967 0.098625 2
-0.242010 0.159411 -0.440048 4
-0.082581 0.220161 -0.195157 4
-0.305597 -0.004261 0.073493 2
-0.443809 -0.055924 0.105703 2
0.350520 0.054364 -0.001709 1
0.094757 0.246560 0.063266 5
-0.004599 0.142206 -0.071194 0
-0.043880 0.234051 0.254357 3
-0.269472 0.150153 -0.441344 4
-0.222797 0.174911 -0.412232 4
0.164244 0.039419 -0.016765 1
-0.009874 -0.866935 0.080800 0
-0.276397 0.014133 0.037799 2
-0.360780 -0.022594 0.060975 2
-0.282124 0.156109 -0.333510 4
0.450892 0.020286 -0.071124 1
-0.101638 0.232494 0.199689 3
-0.140334 0.179116 -0.388529 4
-0.022742 -0.881488 0.076778 0
0.010451 -0.449537 0.055764 0
-0.214060 0.197443 -0.280190 4
-0.013730 -0.813903 0.071537 0
0.440250 0.021040 0.022662 1
-0.278899 0.161687 -0.388664 4
-0.013846 -0.880955 0.098390 0
0.296087 0.064192 -0.070417 1
-0.257245 0.112175 -0.267255 4
-0.292703 0.149782 -0.404122 4
0.302997 0.067031 -0.026441 1
-0.241053 0.174079 -0.402987 4
0.427442 0.026226 -0.009780 1
0.025795 -0.123032 -0.001440 0
0.016543 -0.525182 0.052910 0
-0.014910 -0.984998 0.110968 0
-0.030783 0.219810 -0.265769 6
-0.453936 -0.098606 0.144324 2
0.002053 0.233499 -0.256453 6
0.029820 -0.300878 0.021924 0
-0.055330 0.156356 0.409155 3
-0.028387 0.228856 0.269274 3
-0.113380 0.185914 0.280003 3
-0.112453 0.213842 -0.189930 4
-0.407686 -0.038301 0.122275 2
-0.345615 -0.014821 0.123067 2
-0.229682 0.187265 -0.349245 4
-0.353662 -0.031174 0.161281 2
-0.352684 -0.017856 0.049452 2
-0.390331 -0.040600 0.038707 2
-0.217780 0.190069 -0.255302 4
0.023273 -0.361733 0.049204 0
0.042430 -0.137226 -0.023680 0
0.269029 0.070610 0.014134 1
-0.091268 0.217454 0.177497 3
-0.006298 -0.595088 0.055841 0
-0.427262 -0.060415 0.122146 2
-0.336903 -0.008946 0.038012 2
-0.369842 -0.028750 0.106665 2
0.063912 -0.107156 -0.016946 0
0.373515 0.047406 -0.017156 1
0.521702 -0.021487 -0.040854 1
-0.123316 0.194607 0.263106 3
-0.392545 -0.037457 0.114238 2
0.335398 0.058261 0.014206 1
-0.242004 0.171410 -0.280563 4
0.482085 -0.005593 0.005940 1
-0.325540 -0.011107 0.089598 2
0.501496 -0.008334 0.020902 1
0.342843 0.054936 -0.055460 1
0.002081 0.235739 0.199578 3
-0.353664 -0.022825 0.145651 2
-0.241228 0.025904 0.045505 2
-0.066956 0.223173 0.268890 3
-0.361261 -0.016665 0.091957 2
0.240798 0.066220 -0.060486 1
-0.112966 0.218050 -0.202604 4
0.011624 0.025472 -0.018630 0
-0.194967 0.184999 -0.210926 4
-0.182185 0.184219 -0.118280 7
-0.182844 0.040595 0.014908 2
-0.145966 0.197458 -0.393275 4
0.464923 -0.004769 0.045483 1
0.416720 0.031875 -0.056270 1
-0.081655 0.209519 0.292342 3
0.199655 0.066972 0.010437 1
-0.345437 -0.008430 0.005791 2
0.000769 0.236076 -0.212428 6
0.250230 0.070132 -0.024505 1
-0.221805 0.031448 0.113929 2
-0.020934 0.230270 -0.179026 6
0.585901 -0.070200 0.027883 1
0.428958 0.024819 -0.039510 1
-0.026098 -0.827059 0.093032 0
-0.284664 0.004100 0.097694 2
-0.363529 -0.024676 0.030530 2
0.481409 0.007831 -0.032712 1
0.024488 0.194561 0.347490 3
-0.315474 -0.021702 0.160995 2
0.116415 -0.004087 -0.029635 0
0.020210 -0.563828 0.073530 0
-0.251244 0.019360 0.129651 2
-0.036842 0.178722 0.385767 3
-0.031094 -0.881019 0.091223 0
-0.408036 -0.048503 0.115582 2
0.513189 -0.006206 0.013539 1
-0.276506 0.144059 -0.450348 4
0.185146 0.057305 -0.040778 1
-0.167837 0.040170 0.013658 2
0.019546 -0.008013 -0.022973 0
0.513174 -0.014721 -0.039863 1
-0.135273 0.205113 -0.186185 4
-0.136741 0.210564 -0.132788 7
0.023408 -0.348464 0.010104 0
-0.082421 0.240718 0.199568 3
-0.380409 -0.038393 0.145164 2
0.039820 0.060931 -0.041066 0
-0.137066 0.218601 -0.334166 4
0.037576 -0.037423 -0.016126 0
0.482931 -0.004545 0.030673 1
-0.206908 0.179173 -0.427068 4
