-0.260873 0.050709 -0.684492 4
-0.040557 -0.027587 0.919861 3
0.924042 -0.127390 -0.034192 1
-0.011291 -0.942545 0.010598 0
-0.816488 -0.229553 0.028530 2
0.123554 0.162281 0.094407 5
-0.100933 -0.364986 -0.011845 0
-0.232456 0.291345 0.503212 3
0.236194 -0.075458 -0.891054 4
0.260706 0.193869 -0.425758 7
-0.145055 -0.419089 -0.865101 4
-0.363045 0.047307 0.095735 6
0.229566 0.263349 0.660099 3
0.587352 0.109876 0.196998 5
-0.205394 0.233838 -0.279883 8
0.329504 -0.221959 0.002676 0
0.007359 -0.087812 -0.255916 0
0.064730 0.102687 -0.669540 4
0.605823 -0.097160 -0.085444 1
-0.546498 -0.130449 -0.098648 2
0.058289 -0.636031 0.011728 0
-0.075309 -0.117264 -0.885563 4
-0.054507 0.225255 0.755777 3
0.031076 0.240512 0.372726 0
0.052130 -0.129842 0.081042 0
0.312543 0.187636 0.309696 5
-0.305914 -0.193450 -0.016156 2
-0.141956 0.145003 0.192220 6
-0.398775 -0.130108 -0.795386 4
-0.351969 0.118986 0.644467 3
0.157616 -0.405401 0.003104 0
-0.051681 0.064270 -0.443287 0
0.394837 0.192870 0.094570 5
0.054501 0.093335 -0.114205 9
0.740304 -0.116396 0.093114 1
0.498899 -0.128973 0.096231 1
-0.197462 0.080788 0.812269 3
-0.025832 0.301628 0.562971 3
0.050092 -0.224081 -0.099813 0
0.095207 0.117025 -0.311250 7
-0.632561 -0.161759 0.079884 2
-0.221767 -0.231414 -0.817274 4
-0.081351 0.004832 -0.744858 4
0.057629 0.096730 0.827109 3
-0.179690 0.132197 0.013736 6
0.092098 0.024280 -0.830831 4
0.232140 0.164012 0.810754 3
-0.457929 -0.128672 0.056820 2
-0.209655 0.225272 0.671395 3
0.023861 0.106297 0.234121 0
-0.205834 0.101074 -0.526372 4
0.216356 0.027564 -0.706283 4
0.136385 0.315641 0.504261 3
-0.054786 0.155153 -0.234901 8
-0.041548 -0.289176 -0.910208 4
-0.112443 0.325104 0.379051 3
0.441348 -0.120291 -0.072491 1
-0.701671 -0.183851 -0.079906 2
0.041152 -0.064109 -0.077192 9
0.013515 -0.480640 0.013423 0
0.012810 -0.788891 0.053435 0
0.774654 -0.102921 -0.088230 1
0.156101 0.190911 0.273222 5
0.101934 0.223016 0.743086 3
-0.237564 -0.051806 -0.798209 4
-0.036481 0.136670 0.079918 6
0.457802 0.158882 0.267092 5
-0.054799 0.030805 -0.593408 4
0.256974 0.210615 0.160785 5
-0.063634 0.142043 0.891133 3
0.030562 0.000106 0.136698 0
-0.065764 -0.143517 0.842118 3
0.042581 -0.323061 0.004579 0
-0.385150 -0.023348 -0.707050 4
-0.401124 -0.141213 -0.102846 2
-0.188402 -0.261432 -0.009502 0
0.066504 -0.105176 -0.860881 4
-0.273054 0.099818 0.181945 6
-0.027745 0.037123 -0.314223 8
-0.118421 0.145894 -0.351283 8
0.056689 0.100450 -0.537065 4
-0.318614 0.233636 0.588117 3
0.104276 0.288300 0.629959 3
0.615985 -0.110232 0.043038 1
-0.157174 -0.028202 0.866510 3
-0.140658 0.109204 -0.647370 4
0.228721 -0.300567 -0.010363 0
0.165932 0.090532 -0.601233 4
-0.177975 -0.260103 -0.926630 4
-0.139195 0.294551 0.598277 3
0.011516 0.000338 -0.177094 0
0.861431 -0.110199 0.064645 1
0.142556 0.154189 -0.412045 7
0.274309 0.201937 0.047201 5
0.367528 0.204667 0.211966 5
0.502384 0.157073 0.139133 5
-0.159750 0.170904 0.756419 3
-0.026230 0.299027 0.451566 3
0.405917 -0.143899 0.036819 1
0.013878 0.062539 -0.762277 4
-0.002655 0.271511 0.666726 3
0.063631 -0.135450 -0.162962 0
-0.011943 -0.038729 -0.817512 4
0.074612 -0.219726 0.022932 0
0.084990 0.008470 -0.314249 7
-0.300271 0.082065 -0.577001 4
-0.276661 0.107106 0.068182 6
-0.168194 -0.132276 -0.831616 4
0.214075 -0.012709 -0.805866 4
-0.136953 0.355552 0.511554 3
0.225746 0.259829 0.765770 3
-0.731601 -0.192679 0.076155 2
0.526070 -0.118152 -0.007448 1
-0.206195 -0.328094 -0.850164 4
-0.549151 -0.140211 0.010624 2
0.704932 -0.110267 -0.007737 1
0.015158 0.197136 0.279210 0
0.035448 0.086992 -0.387842 7
0.110432 0.146009 0.194709 5
-0.011510 -0.193254 -0.904003 4
0.207261 0.266278 0.562834 3
-0.100928 0.051174 0.907907 3
-0.176217 0.038989 -0.733814 4
0.123685 0.052896 -0.731019 4
-0.099540 0.091149 -0.524991 4
-0.194959 0.140734 0.109217 6
0.038310 0.001499 0.871845 3
0.024648 0.182744 0.797561 3
-0.111708 -0.052892 -0.823668 4
-0.350921 -0.145527 0.054234 2
-0.099800 0.250308 0.675263 3
-0.342210 -0.054070 -0.807419 4
0.017880 -0.402846 -0.039929 0
0.043109 -0.143366 -0.022527 0
-0.119303 -0.341734 -0.918818 4
0.050376 -0.876203 0.032882 0
0.178111 0.164994 -0.326815 7
-0.342077 0.030335 -0.644388 4
-0.642784 -0.163036 -0.011524 2
-0.101584 -0.210384 -0.906531 4
-0.023370 0.062259 -0.678792 4
-0.054371 0.132623 0.170068 6
-0.280165 0.158577 0.684010 3
0.063264 0.303726 0.435919 3
-0.236250 0.285651 0.593707 3
-0.302570 0.000810 -0.745804 4
0.159605 -0.027176 -0.874621 4
-0.462482 -0.131336 -0.031505 2
-0.013051 0.070152 0.901034 3
0.062817 0.305072 0.551391 3
0.841327 -0.098458 -0.030169 1
0.237510 0.210250 0.247414 5
-0.176065 0.311364 0.439310 3
-0.128989 0.193428 -0.270644 8
-0.092603 0.178486 0.817928 3
0.028283 -0.716833 0.003566 0
-0.779382 -0.205121 -0.045674 2
0.155713 0.276936 0.702138 3
0.283494 0.199021 0.746571 3
-0.222585 0.090426 -0.612884 4
0.064449 -0.551173 0.015577 0
-0.012275 -0.013539 -0.380694 0
0.007527 -0.021434 -0.012748 9
0.175021 0.192263 0.159551 5
0.104657 -0.470037 0.005527 0
0.054080 -0.049679 0.059724 0
0.061603 0.027984 -0.063808 9
-0.206548 0.118742 0.236521 6
0.034480 0.072560 -0.273195 0
-0.232051 -0.156178 -0.785997 4
-0.085023 0.152552 0.250635 6
-0.050855 0.277300 0.356110 3
-0.099651 -0.091027 0.893677 3
-0.016789 0.035861 -0.510588 4
-0.004950 -0.085190 0.875748 3
0.783961 -0.111249 0.024853 1
0.156022 0.182778 0.792516 3
0.694333 -0.098469 -0.089964 1
-0.119882 0.147114 0.081114 6
-0.127977 0.103121 0.845658 3
-0.067173 0.104697 -0.300440 8
0.198154 0.186632 0.082293 5
-0.162091 -0.041178 -0.763480 4
0.011789 0.083073 0.159280 6
-0.623808 -0.155051 -0.087955 2
0.105905 -0.368569 -0.044124 0
0.441313 0.179824 0.192921 5
-0.382395 -0.143663 -0.017699 2
-0.268115 0.238549 -0.233827 8
0.011257 0.083875 -0.612942 4
0.000106 -0.010948 -0.257094 0
0.515593 0.144356 0.214132 5
-0.072961 -0.395691 -0.889282 4
-0.020720 0.354950 0.504036 3
-0.005190 -0.131287 -0.856270 4
0.384221 -0.158705 -0.034933 1
0.392275 0.167985 0.305101 5
-0.724659 -0.178998 0.001448 2
-0.045342 -0.432434 0.009773 0
0.014476 0.224630 0.723780 3
0.024317 -0.255399 -0.024141 0
-0.101208 0.052776 -0.678931 4
0.322178 0.205430 0.110418 5
-0.163597 -0.199898 -0.864455 4
-0.100042 0.313356 0.452123 3
-0.331446 -0.173090 -0.082586 2
0.513028 -0.101224 -0.077834 1
-0.474211 -0.123402 -0.105000 2
0.667940 -0.117051 0.097287 1
0.060092 -0.041859 -0.816942 4
-0.067236 0.286388 0.619902 3
-0.175545 0.198297 -0.334951 8
-0.275369 0.239578 0.531415 3
-0.278902 0.223772 0.654033 3
-0.331021 0.054385 0.159120 6
0.047121 -0.066701 -0.172249 0
-0.217761 0.341734 0.550837 3
0.068128 0.261111 0.684469 3
0.167332 0.060491 -0.667282 4
-0.369410 0.182493 0.618602 3
-0.168539 0.041585 0.867339 3
0.147718 0.013391 -0.788569 4
-0.094960 0.307719 0.544869 3
-0.404629 -0.077196 -0.747165 4
0.086157 0.087121 -0.598659 4
0.030029 -0.823213 -0.006878 0
-0.003754 -0.116701 -0.073155 9
-0.538853 -0.135265 0.078733 2
0.130897 0.161055 -0.271966 7
-0.026630 0.155231 0.834195 3
-0.194892 0.074654 -0.673759 4
-0.246561 -0.229766 -0.027498 0
-0.105696 0.085742 -0.593505 4
0.067684 -0.403798 0.006634 0
-0.236374 0.009277 -0.758258 4
0.086186 -0.085791 -0.031406 9
-0.119491 0.220145 0.732354 3
0.566140 -0.126772 0.091674 1
0.029915 0.290184 0.610841 3
-0.134358 -0.301035 -0.015292 0
-0.016979 0.006716 -0.445729 0
0.007364 -0.126987 -0.198174 0
0.216756 0.193109 -0.373357 7
0.456754 -0.123204 -0.007833 1
0.175819 0.281073 0.619539 3
0.082568 0.125899 -0.415975 7
0.012283 0.295660 0.341137 3
0.077478 0.003335 -0.181669 0
-0.105521 -0.014251 0.912354 3
-0.043384 0.070593 -0.368569 8
0.592392 -0.105446 -0.017455 1
0.293299 0.209753 0.214474 5
0.142548 0.303952 0.568952 3
0.077048 -0.133755 -0.076198 9
0.038261 -0.074548 0.116604 0
0.217529 0.192841 0.305540 5
0.197341 -0.355413 0.002072 0
-0.176847 0.141070 0.812926 3
0.027377 -0.158913 -0.116334 0
-0.194835 -0.099540 -0.784259 4
-0.052217 0.106215 -0.564133 4
-0.209281 0.129650 0.174388 6
0.036546 0.017400 -0.121792 9
0.010893 0.300422 0.503205 3
-0.120035 -0.279784 -0.907393 4
0.027698 0.002341 -0.773801 4
0.078620 0.049843 -0.775067 4
0.167180 0.239049 0.750676 3
0.273495 -0.248927 0.003870 0
0.061517 -0.326759 -0.055849 0
0.010273 0.117092 0.866241 3
0.013121 -0.185912 -0.056188 0
-0.197408 -0.266489 -0.862143 4
-0.148917 0.119998 -0.548699 4
-0.161211 0.259870 0.654485 3
0.895285 -0.098996 0.012519 1
-0.026321 0.027824 -0.730187 4
0.039737 0.042065 -0.346432 7
0.060583 0.036155 0.175760 0
0.367353 0.197918 0.150762 5
-0.171596 -0.365115 -0.884031 4
0.024561 -0.587946 0.043065 0
0.117112 0.165843 -0.339982 7
-0.008413 0.114740 -0.277659 8
0.097340 0.169562 0.248650 5
-0.302368 0.091996 0.121780 6
-0.682514 -0.172205 0.043900 2
-0.054402 -0.076793 -0.836153 4
0.042721 0.068450 0.878577 3
0.253242 0.250739 0.713675 3
0.004078 0.093812 -0.509960 4
-0.120455 -0.154852 -0.876056 4
0.034661 -0.023237 -0.313276 7
0.648903 -0.102964 -0.045114 1
0.759093 -0.108593 -0.031401 1
-0.335642 0.025371 -0.702754 4
-0.289144 0.278436 0.618613 3
0.441163 -0.138094 0.083581 1
0.052747 0.070625 -0.718917 4
0.039621 -0.184688 0.054586 0
0.439891 0.169744 0.124373 5
-0.101189 0.146402 0.136798 6
0.236448 0.230628 0.083516 5
-0.175908 0.313055 0.502692 3
-0.009000 0.276142 0.396455 3
-0.354283 -0.030169 -0.755868 4
-0.054480 0.307742 0.502850 3
-0.771646 -0.188354 0.034221 2
0.059986 0.097927 0.187776 0
0.404766 0.183016 0.250804 5
-0.062256 0.011571 -0.668221 4
-0.574892 -0.145081 -0.050625 2
0.550562 0.129848 0.157497 5
0.800258 -0.116724 0.079763 1
0.038985 -0.940894 0.038519 0
0.170836 0.194300 0.216790 5
-0.096367 0.146174 -0.273280 8
-0.040732 0.238802 0.701941 3
-0.251177 0.117319 0.119902 6
0.208802 0.027046 -0.762756 4
-0.287493 0.066445 -0.636664 4
0.068881 -0.200408 -0.030302 0
-0.601609 -0.152805 0.028607 2
0.073555 0.111176 -0.258608 7
-0.210167 0.265961 0.438894 3
0.087155 0.154993 0.137286 5
0.480386 -0.120522 0.043427 1
-0.006837 0.052790 -0.166915 0
0.023714 -0.667052 0.043643 0
-0.224236 0.125792 0.059378 6
-0.173353 0.222305 -0.235037 8
-0.068447 0.300762 0.404332 3
-0.056497 -0.022330 -0.787234 4
0.133224 0.119335 -0.366539 7
-0.031657 0.205622 0.810461 3
-0.037647 0.139117 0.223008 6
-0.250097 0.102573 -0.563372 4
0.680835 -0.112250 0.042619 1
0.237285 -0.052882 -0.836884 4
0.123709 0.082372 -0.639392 4
-0.324646 0.077357 0.069368 6
0.199093 0.178958 -0.423941 7
0.058937 -0.272162 -0.064620 0
-0.326370 0.169465 0.656001 3
0.050215 -0.449309 -0.019013 0
-0.290098 -0.041054 -0.787372 4
-0.513802 -0.131979 -0.050308 2
0.001352 0.067364 -0.462295 0
-0.011305 0.041456 -0.404383 0
0.010031 -0.057115 -0.211426 0
0.062634 -0.029694 -0.041544 9
0.349261 0.210868 0.277849 5
-0.119650 -0.102986 -0.841814 4
-0.169931 -0.312049 -0.892783 4
-0.065455 0.052187 -0.539604 4
0.049093 0.150812 0.262796 0
-0.081301 0.113342 -0.372178 8
-0.400969 -0.129873 0.065011 2
-0.039933 0.023896 0.902465 3
0.010680 -0.841697 0.042566 0
-0.128826 0.024365 -0.714469 4
-0.054376 -0.234713 -0.909868 4
-0.055055 0.069324 -0.636664 4
0.022954 -0.108938 -0.133960 0
-0.234583 0.184604 0.694823 3
-0.425053 -0.130586 0.011131 2
-0.329885 0.182120 0.582887 3
0.212124 0.203302 0.781482 3
0.011890 0.210427 0.333644 0
0.550500 -0.111174 0.043664 1
0.042110 -0.261801 0.025163 0
0.086447 0.309730 0.488620 3
-0.056850 -0.339546 -0.910890 4
0.001911 0.117322 0.110119 6
-0.004731 -0.325492 -0.018032 0
-0.082229 0.093759 0.882512 3
0.353851 -0.181046 0.024524 1
-0.045067 0.075182 -0.263249 8
0.011140 -0.078323 -0.842671 4
-0.195327 -0.181789 -0.827149 4
-0.079565 0.143415 0.048143 6
0.080858 0.107511 -0.367193 7
-0.208863 0.262823 0.633511 3
-0.157300 0.092670 -0.594317 4
0.029812 -0.426727 0.034024 0
0.011416 0.086484 -0.560853 4
-0.176040 0.313242 0.562849 3
0.062448 -0.510959 -0.016651 0
-0.101694 0.187004 0.767939 3
0.024868 -0.041221 -0.133442 0
-0.067678 -0.167884 -0.885708 4
-0.150905 -0.076775 -0.798501 4
-0.127389 -0.391709 -0.904553 4
-0.337434 -0.103962 -0.797311 4
0.087871 -0.254620 -0.011623 0
0.050822 -0.127011 0.030321 0
-0.126911 0.060923 -0.635919 4
0.075394 0.071810 -0.326255 7
-0.490940 -0.131047 0.010358 2
0.004370 -0.885577 0.013966 0
-0.047621 -0.112111 0.879364 3
0.041159 -0.590783 -0.005481 0
-0.224625 0.040783 -0.719492 4
0.123338 0.055933 -0.800704 4
-0.054391 0.184282 0.865053 3
0.055304 -0.365580 -0.024179 0
0.276836 0.158869 0.776371 3
0.250801 0.239986 0.208947 5
0.059508 0.146981 0.803786 3
0.019352 -0.775372 0.005422 0
-0.171574 0.155600 0.057515 6
-0.001861 -0.024019 0.887950 3
-0.125689 0.140935 0.812664 3
0.048678 0.194979 0.755288 3
0.880368 -0.106575 -0.060562 1
0.311103 0.209554 0.159128 5
-0.100483 0.145806 0.857519 3
-0.014224 0.267466 0.615814 3
0.010370 0.024170 -0.223232 0
0.266128 0.205449 0.307279 5
-0.334452 0.246424 0.633505 3
0.142775 0.000380 -0.836831 4
0.024684 0.029128 -0.300913 0
-0.155863 0.306219 0.393834 3
-0.054961 0.269741 0.666141 3
-0.144396 -0.232851 -0.896582 4
0.032065 0.239194 0.299098 0
0.502365 0.134558 0.260457 5
0.929579 -0.141555 0.012438 1
-0.059455 0.083014 -0.498039 4
-0.054477 -0.074160 0.909157 3
-0.114698 -0.018305 -0.771745 4
-0.202060 0.116438 -0.577372 4
0.212856 0.202836 0.193977 5
0.169062 0.041572 -0.717947 4
0.198987 0.270529 0.723202 3
-0.158181 0.136300 0.236990 6
0.831573 -0.103047 0.024697 1
0.559887 -0.098811 -0.066937 1
-0.149826 0.063068 -0.695017 4
-0.094158 0.100515 -0.638624 4
0.013521 -0.890353 0.060946 0
0.017689 -0.064058 -0.032254 9
0.230375 0.202341 0.121777 5
0.001106 0.002400 -0.335939 0
0.198081 -0.047066 -0.896460 4
-0.000178 0.126415 0.175502 6
-0.093731 0.182612 -0.235083 8
-0.339626 -0.153995 0.000590 2
0.180900 0.161989 -0.383363 7
0.019266 -0.670924 -0.004663 0
0.292443 0.205461 0.261758 5
0.021597 -0.533879 0.005016 0
0.740218 -0.113802 0.042934 1
-0.413807 -0.134809 -0.052075 2
-0.185174 0.000487 -0.759946 4
0.648879 -0.109443 0.001713 1
0.036538 -0.748420 0.040168 0
0.142483 0.285014 0.657490 3
0.826259 -0.106591 -0.074157 1
-0.136802 0.126127 0.885863 3
-0.028640 0.025180 -0.266266 8
0.064135 0.225253 0.714604 3
0.265154 0.211874 0.787863 3
0.199333 -0.027253 -0.848019 4
0.276912 0.204027 0.093941 5
0.036079 0.288483 0.398081 3
-0.055790 -0.390062 -0.006997 0
-0.007189 0.196859 0.766460 3
0.194469 0.307798 0.545882 3
0.036042 -0.014149 -0.087491 9
0.105978 0.259042 0.711526 3
-0.009834 0.042602 -0.617053 4
0.621419 -0.117669 0.097668 1
-0.053155 0.134782 0.123734 6
-0.277967 0.272776 0.563720 3
0.109492 -0.422947 0.001086 0
0.014249 0.095119 -0.726702 4
-0.105076 0.254894 0.629548 3
0.547573 0.114015 0.228049 5
-0.280724 0.036267 -0.725944 4
-0.068728 0.054210 -0.326756 8
-0.158066 0.145621 0.136324 6
0.103745 0.323721 0.541918 3
-0.682721 -0.174063 -0.031106 2
0.128840 0.164227 0.153904 5
-0.105006 0.323850 0.503227 3
-0.101375 -0.432686 -0.864172 4
-0.588714 -0.148799 0.079889 2
-0.068559 0.035219 -0.713380 4
-0.171091 0.203175 -0.284696 8
-0.138393 0.014673 0.900499 3
-0.377167 -0.068707 -0.782536 4
-0.095409 0.286277 0.363275 3
0.138645 0.128863 -0.307834 7
-0.265872 -0.201953 0.002715 0
0.027974 -0.200477 -0.011625 0
-0.126037 0.060097 0.871785 3
0.062285 0.278423 0.641951 3
0.010724 0.028347 0.894694 3
0.027702 -0.296396 -0.041747 0
0.041731 -0.109485 -0.088809 9
-0.139312 0.182288 -0.312617 8
-0.040575 0.073001 -0.594238 4
0.124318 0.084210 -0.575912 4
-0.186282 0.081618 -0.726150 4
-0.138610 0.317900 0.474745 3
0.104182 0.069751 -0.694867 4
0.040630 -0.225304 -0.053687 0
0.048854 -0.024005 0.095457 0
-0.131914 -0.054678 0.891482 3
-0.241224 0.065023 -0.643809 4
-0.246197 -0.197249 -0.804050 4
0.480296 0.159585 0.193008 5
-0.051602 -0.080399 -0.886932 4
-0.029040 0.079848 -0.304544 8
-0.224367 0.241050 -0.234500 8
-0.251356 0.250528 0.632950 3
0.407155 0.194279 0.169662 5
-0.049862 0.038304 -0.482007 0
-0.212172 0.302471 0.462925 3
-0.096555 0.298386 0.587499 3
0.030252 0.077474 -0.678259 4
-0.024701 0.106752 0.145449 6
0.024614 0.149427 0.829547 3
-0.082202 -0.299599 -0.921403 4
-0.047801 0.131993 -0.272002 8
-0.219998 0.297386 0.544298 3
0.053287 -0.166680 -0.061279 0
-0.237090 0.108599 0.204219 6
-0.170840 0.104087 0.840415 3
-0.364768 -0.151760 -0.065431 2
-0.027195 0.071827 -0.536533 4
0.058344 -0.699778 0.029328 0
-0.026261 0.001291 -0.764026 4
0.198657 0.200282 0.262844 5
0.086116 0.301310 0.587238 3
-0.100307 -0.120464 0.862532 3
-0.054849 0.065962 0.909024 3
0.055651 -0.473828 0.015875 0
-0.029139 0.107203 0.879523 3
0.799432 -0.104284 -0.018149 1
-0.601843 -0.152763 -0.017712 2
-0.801314 -0.200104 0.001651 2
0.060916 0.039246 0.853476 3
0.160198 0.204586 0.089387 5
0.110454 0.198128 0.776561 3
-0.100006 0.143760 0.199233 6
0.725289 -0.106609 -0.061966 1
-0.744281 -0.196439 -0.067696 2
0.648489 -0.098145 -0.087143 1
-0.195205 0.294524 0.598765 3
0.055828 0.038701 -0.808910 4
0.000130 0.249507 0.345349 3
-0.015807 -0.458136 -0.006917 0
-0.081026 0.236420 0.714155 3
-0.026972 -0.156949 -0.885624 4
0.061020 -0.286487 -0.005214 0
0.015537 0.298056 0.461421 3
-0.499874 -0.131954 0.056288 2
-0.263307 0.089627 -0.601130 4
0.482184 -0.108479 -0.050245 1
0.022961 -0.051869 -0.271066 0
-0.319676 0.272977 0.568631 3
-0.138527 0.319665 0.545229 3
-0.658397 -0.168028 -0.064615 2
-0.359531 0.002442 -0.677183 4
0.030346 -0.107939 -0.048591 9
0.011858 0.288758 0.543293 3
0.014331 0.025038 -0.741406 4
0.023695 0.041890 0.157090 0
-0.306169 0.042404 -0.665131 4
0.046746 0.064105 -0.078089 9
0.157227 0.179057 0.124361 5
0.182628 0.276856 0.670458 3
-0.317432 0.123698 0.667061 3
-0.147624 0.097795 -0.513739 4
-0.144648 0.337339 0.432091 3
0.086385 -0.351025 -0.001161 0
0.132473 0.179040 0.216771 5
0.041732 -0.815603 0.035198 0
0.013370 -0.000389 -0.812309 4
0.389503 -0.172061 0.006012 1
0.424569 -0.131634 -0.032033 1
0.244026 0.188013 0.075149 5
-0.068082 0.204307 0.791891 3
-0.176281 -0.126535 -0.871155 4
-0.139578 -0.007119 -0.741481 4
-0.145055 0.178331 -0.353039 8
0.266205 -0.290451 0.001794 0
-0.242454 0.249056 -0.270031 8
0.049324 0.088573 -0.626324 4
0.020259 -0.628216 0.023635 0
-0.387270 -0.135291 0.024919 2
-0.323917 0.208298 0.641992 3
0.061148 -0.090447 0.080082 0
-0.586832 -0.129859 -0.096680 2
0.050636 -0.088187 -0.206257 0
0.119910 0.318552 0.600830 3
-0.214705 -0.028372 -0.774763 4
0.105975 0.276653 0.672272 3
0.157000 -0.365427 -0.001604 0
-0.157635 0.146929 0.094909 6
-0.012149 -0.011709 -0.300820 8
-0.082468 0.142768 0.094757 6
0.169678 0.034899 -0.759771 4
-0.307337 -0.078763 -0.805017 4
0.355484 -0.182166 -0.020220 1
-0.127726 0.177964 0.797945 3
0.053144 0.089027 -0.575086 4
0.027382 0.054981 -0.112284 9
0.059411 -0.513662 0.027840 0
-0.077472 -0.042043 0.916901 3
-0.068717 0.000312 0.920212 3
-0.016631 0.041052 -0.352032 0
0.029912 -0.117082 -0.870171 4
0.047450 -0.176670 0.013194 0
-0.116566 0.155807 0.042098 6
0.427958 -0.155820 0.006426 1
0.029300 -0.931255 0.001604 0
-0.054181 0.091401 -0.337127 8
-0.244454 0.243569 0.670884 3
-0.098989 0.142739 -0.312201 8
-0.039907 -0.114674 -0.863331 4
-0.082171 0.080029 -0.561393 4
0.323940 0.202749 0.238744 5
0.468449 0.172214 0.151296 5
-0.331684 -0.163725 -0.044629 2
-0.643687 -0.163330 0.042588 2
0.010609 0.145475 0.260614 0
-0.358738 -0.001388 -0.730143 4
-0.172127 0.089415 -0.636071 4
-0.053821 0.172298 0.812342 3
-0.757573 -0.186777 -0.017611 2
0.029549 0.260326 0.688420 3
-0.265364 0.282382 0.521458 3
-0.217169 0.264755 0.479709 3
-0.064193 0.068512 -0.406993 0
0.027087 -0.074842 -0.111481 9
0.154815 0.148875 -0.354306 7
0.052092 -0.031567 -0.187353 0
-0.194241 -0.062404 -0.764176 4
0.466792 0.162863 0.228946 5
-0.286359 0.240113 0.619845 3
0.185960 0.006113 -0.787723 4
-0.447252 -0.127445 -0.077975 2
0.074375 0.057040 -0.290859 7
-0.163667 -0.263379 -0.880091 4
-0.189606 -0.224606 -0.851003 4
0.184192 0.290185 0.581905 3
0.563206 -0.118960 0.003291 1
-0.195776 -0.143144 -0.807411 4
0.161322 0.173368 0.067422 5
-0.145759 -0.009903 -0.792306 4
0.367285 0.192689 0.249596 5
-0.331193 0.070821 0.108601 6
0.049517 -0.184518 -0.098830 0
0.015822 -0.041756 -0.177098 0
0.268848 0.233809 0.751375 3
0.065856 -0.592868 0.023384 0
0.129428 -0.386830 -0.016637 0
-0.325622 -0.165752 0.034435 2
-0.343252 0.208904 0.606197 3
-0.668973 -0.171923 0.080709 2
0.142542 0.248780 0.723736 3
-0.621486 -0.158316 -0.050450 2
0.530315 -0.117592 0.078738 1
-0.000340 0.093191 -0.647597 4
-0.038201 0.328809 0.471339 3
0.045555 0.131553 0.216720 0
0.021284 0.162216 0.292497 0
0.048648 0.081397 -0.350803 7
0.086323 0.084180 -0.636418 4
0.033190 -0.379708 0.002671 0
-0.264989 -0.011382 -0.770973 4
0.509041 0.143687 0.174917 5
-0.173417 0.227214 0.680598 3
-0.278004 -0.199842 -0.040209 2
0.042737 0.065309 0.193694 0
0.424589 0.162831 0.283689 5
0.049238 0.306916 0.488691 3
-0.079795 0.053199 -0.613934 4
-0.113386 0.135550 0.233011 6
-0.350687 0.155632 0.598724 3
0.048719 -0.075414 -0.847414 4
-0.194873 0.111813 0.791935 3
0.038578 -0.211054 0.025529 0
-0.307659 0.071316 0.182520 6
0.105833 0.131406 -0.278692 7
-0.114811 0.101975 -0.492909 4
0.325375 0.205617 0.193189 5
-0.128670 -0.337704 -0.016636 0
0.413045 0.193997 0.216420 5
0.233483 0.283992 0.723009 3
0.050015 -0.078502 -0.021431 9
0.002656 0.289396 0.585898 3
-0.025583 0.143691 0.869280 3
-0.729412 -0.180913 0.041253 2
0.065994 0.092920 -0.745160 4
0.066320 0.092595 -0.296245 7
0.363062 0.186586 0.112119 5
-0.050004 -0.047832 -0.812911 4
-0.016503 -0.056377 0.897316 3
0.016215 -0.098249 -0.177106 0
-0.395070 -0.042641 -0.739318 4
0.028788 -0.002345 -0.053525 9
-0.321163 -0.027424 -0.771346 4
-0.297899 0.220573 0.553183 3
0.860089 -0.097033 0.001252 1
0.550337 -0.104615 -0.031293 1
-0.185221 0.158244 0.781719 3
-0.222001 0.131258 0.137015 6
-0.184108 -0.365478 -0.849687 4
0.183267 0.191758 -0.358846 7
0.157256 0.300646 0.530125 3
0.303988 0.195068 0.071266 5
0.058915 -0.153685 0.054400 0
0.691303 -0.107925 -0.049064 1
0.038133 -0.040539 0.129509 0
-0.082332 -0.364767 -0.916906 4
0.115045 0.136309 -0.393042 7
-0.358072 0.039071 0.140342 6
-0.171207 -0.166410 -0.852775 4
0.549605 0.127254 0.193616 5
0.284839 0.188036 0.146654 5
-0.059084 0.310988 0.442338 3
-0.143213 0.202414 -0.236247 8
-0.115833 0.304704 0.408657 3
-0.039940 0.293135 0.597243 3
-0.263726 0.196051 0.671498 3
0.006409 0.067180 -0.379701 0
-0.188569 0.225895 -0.310715 8
0.010934 0.138129 0.207628 0
0.005439 -0.928209 0.039693 0
-0.058913 0.163301 0.071495 6
-0.160523 0.070037 0.844557 3
0.144639 0.054584 -0.694353 4
-0.026263 0.212107 0.738220 3
-0.140930 0.276882 0.629297 3
-0.264737 0.261274 0.598989 3
0.062990 -0.098732 -0.059681 9
-0.534935 -0.137116 0.043331 2
0.029608 -0.144692 -0.157803 0
-0.150185 0.136435 0.036516 6
0.015809 -0.852594 0.007085 0
0.648384 -0.112090 0.057237 1
-0.175977 0.141506 0.172359 6
-0.175065 0.098044 -0.558076 4
0.196624 0.049040 -0.683475 4
0.213967 0.233608 0.235131 5
-0.083085 0.208439 0.743494 3
-0.164778 0.004819 0.856423 3
0.606329 -0.104032 -0.049895 1
0.747448 -0.111292 0.001851 1
0.089319 0.060922 -0.729783 4
-0.169438 -0.302421 -0.011728 0
0.497697 -0.128138 0.010981 1
-0.063429 -0.201202 -0.903802 4
-0.040493 0.186683 0.778865 3
-0.380690 -0.101278 -0.804482 4
-0.059218 0.309200 0.554693 3
0.060224 -0.249067 -0.036608 0
0.235898 0.185980 -0.402012 7
0.137952 0.290105 0.610809 3
-0.296144 0.268299 0.534036 3
-0.205065 -0.249433 -0.037904 0
-0.068244 -0.266912 -0.914600 4
0.018418 -0.230993 -0.086751 0
-0.513558 -0.126353 -0.087745 2
-0.209154 -0.290210 -0.839374 4
0.236301 0.228023 0.775457 3
-0.100751 -0.251323 -0.913164 4
0.168101 0.209405 0.768941 3
-0.729378 -0.183054 -0.039204 2
-0.139472 -0.308530 -0.910144 4
0.012327 -0.023317 -0.219248 0
0.196181 0.005965 -0.738160 4
0.025713 -0.340736 -0.025059 0
0.222552 0.205448 0.160736 5
-0.175997 0.138774 0.207290 6
-0.083269 0.109715 -0.332265 8
0.012953 -0.418281 -0.009228 0
0.705634 -0.117514 0.092181 1
-0.184198 -0.301373 -0.863008 4
0.106295 0.029245 -0.786582 4
0.075641 -0.446129 0.009974 0
-0.089683 0.034585 -0.557016 4
-0.022780 0.019550 -0.378482 0
-0.069149 0.055835 -0.666277 4
-0.094146 -0.032345 -0.795772 4
-0.055624 0.131051 0.857683 3
-0.024912 0.067984 -0.484772 0
-0.136701 -0.197426 -0.885980 4
0.060400 -0.163397 -0.125123 0
0.117131 0.129900 -0.334740 7
0.068714 0.071807 -0.684245 4
0.009277 0.287094 0.423499 3
0.042406 0.299242 0.580064 3
-0.007846 0.248953 0.702558 3
0.199248 0.170075 0.802614 3
-0.668486 -0.168433 0.010678 2
-0.119105 0.091356 -0.562355 4
0.563464 0.095561 0.176862 5
-0.155791 0.202733 0.744164 3
0.053170 -0.236686 0.002162 0
0.037970 0.188640 0.306668 0
0.034019 -0.109471 0.060284 0
-0.120938 0.236947 0.702553 3
-0.023003 0.038186 -0.457764 0
-0.116424 0.093389 0.882992 3
-0.101344 0.014431 0.894326 3
-0.131352 0.089661 -0.616270 4
0.089047 0.095824 -0.546760 4
-0.519661 -0.136144 -0.007284 2
0.039357 0.039257 -0.779104 4
0.401903 -0.143843 -0.059950 1
0.447475 -0.129155 0.043161 1
0.904196 -0.128249 0.030749 1
-0.038126 0.052861 -0.562504 4
0.052250 0.171645 0.779697 3
0.592341 -0.112404 0.067276 1
0.060331 0.026269 -0.293022 7
0.081612 0.128828 0.199239 5
-0.228078 0.059092 -0.684780 4
-0.037889 0.296087 0.418079 3
0.085294 0.166249 0.217216 5
0.122361 0.192742 0.271685 5
-0.192296 0.049962 -0.696690 4
0.131681 0.030777 -0.764388 4
-0.207727 0.271535 0.666092 3
0.051573 -0.407280 -0.022779 0
0.199255 0.199113 0.137153 5
0.048143 -0.670925 0.012578 0
-0.408270 -0.091822 -0.777219 4
-0.209581 0.027703 -0.746537 4
0.354089 0.181451 0.293339 5
0.053923 0.057294 -0.749731 4
0.301156 -0.236569 -0.010586 0
0.165537 0.083358 -0.634008 4
0.038172 0.024500 -0.087527 9
-0.100599 -0.177532 -0.890696 4
-0.007373 0.170649 0.811551 3
0.029559 0.116660 0.834268 3
0.080003 0.148597 0.169303 5
0.774989 -0.125921 0.059947 1
-0.364401 -0.155090 -0.098653 2
-0.252880 0.115814 0.160725 6
0.059126 -0.013656 0.126959 0
0.006193 -0.814288 0.014357 0
-0.098053 -0.419694 -0.894481 4
0.409990 0.186040 0.123234 5
-0.155048 0.173170 -0.273458 8
-0.012383 0.000448 0.907628 3
-0.133503 -0.014213 0.885097 3
0.048141 0.051846 -0.310354 7
-0.193771 0.312747 0.531215 3
-0.306788 0.041402 -0.704293 4
0.012996 0.080475 0.870687 3
-0.124880 0.151746 0.113400 6
0.027521 -0.041070 -0.822148 4
-0.245569 0.270008 0.558676 3
0.517657 -0.113111 0.043692 1
0.209962 -0.322620 0.005258 0
0.036523 -0.904777 0.024311 0
0.045010 0.182196 0.253870 0
-0.009281 0.068512 -0.707807 4
0.493858 -0.112021 -0.017376 1
-0.040490 0.285451 0.386159 3
0.081462 0.107416 -0.102020 9
0.219832 -0.059604 -0.867527 4
-0.155073 -0.339738 -0.901982 4
-0.565689 -0.142821 0.057410 2
0.042363 -0.021568 -0.798439 4
-0.023610 -0.065950 -0.834720 4
-0.100176 -0.116403 -0.864324 4
-0.026425 0.304910 0.519290 3
-0.095901 0.146824 0.825074 3
0.169995 -0.000596 -0.818896 4
-0.126706 0.258083 0.653688 3
0.002467 -0.175798 -0.880352 4
0.003143 -0.054729 -0.243094 0
-0.013690 0.042021 -0.756484 4
0.257599 0.202073 0.271542 5
0.029972 0.280830 0.643426 3
-0.129942 0.070198 -0.666844 4
0.271022 0.223627 0.713629 3
0.243609 -0.268604 -0.006023 0
-0.123266 -0.087330 0.871825 3
-0.138826 0.192658 0.769840 3
-0.068390 0.037518 0.916467 3
0.615879 -0.109017 0.010738 1
0.170736 0.183455 -0.405274 7
0.917713 -0.108664 -0.008685 1
0.079317 -0.155919 -0.045539 0
-0.701291 -0.182150 0.079463 2
0.086918 -0.105566 -0.088356 9
-0.273771 0.094865 0.136329 6
0.785354 -0.104654 -0.049606 1
-0.232646 0.126419 0.095255 6
-0.462267 -0.128940 0.024726 2
0.199158 0.265376 0.635029 3
-0.099288 0.024752 -0.726977 4
0.255022 0.207888 0.192671 5
-0.476135 -0.128051 -0.064089 2
-0.079690 -0.092756 -0.847676 4
0.027797 -0.562280 0.024171 0
-0.792449 -0.210136 0.045072 2
0.156035 0.182167 0.191126 5
0.037817 -0.140935 -0.072290 9
-0.134338 -0.129887 -0.850887 4
-0.171610 -0.102199 -0.806039 4
-0.104140 -0.127814 -0.894351 4
-0.211062 -0.237067 -0.009116 0
0.053195 -0.355285 0.007236 0
0.024800 0.102030 0.202543 0
0.186027 0.191836 0.290865 5
-0.099677 -0.043270 0.894093 3
0.021267 0.007266 -0.272431 0
0.012162 -0.735229 0.024480 0
-0.008276 -0.012195 -0.792175 4
-0.068192 0.249808 0.687139 3
-0.038975 0.042901 -0.704511 4
0.052026 -0.106770 -0.170409 0
0.200042 0.250591 0.749446 3
-0.010718 -0.023334 -0.350409 0
0.018162 0.269543 0.362216 3
0.114808 -0.010078 -0.847753 4
0.831672 -0.112905 0.077018 1
-0.159372 -0.394391 -0.885433 4
0.225162 -0.008816 -0.776366 4
-0.290504 -0.183201 0.009723 2
0.873294 -0.096793 -0.031220 1
0.002507 0.249254 0.383347 3
-0.035721 0.031608 -0.422039 0
0.025291 -0.041262 -0.099883 9
0.062453 -0.064660 0.098695 0
0.062498 0.307512 0.517431 3
0.056730 0.068377 0.841116 3
0.060836 0.098661 -0.402678 7
-0.353804 0.159307 0.633396 3
-0.308234 0.080242 0.150543 6
0.152555 0.156557 -0.301594 7
0.381371 0.182723 0.277419 5
0.190392 -0.385826 -0.002926 0
-0.218346 0.085929 -0.649873 4
-0.550414 -0.139764 -0.031421 2
-0.175996 0.274743 0.630932 3
0.037862 0.016690 -0.327814 7
-0.138567 0.150659 0.160570 6
-0.082334 0.274199 0.644698 3
-0.028148 0.217986 0.776726 3
-0.071196 0.142729 0.211864 6
-0.080565 -0.051548 -0.819149 4
-0.130743 0.107952 -0.587484 4
-0.547085 -0.135933 -0.067755 2
-0.265230 0.017202 -0.745381 4
-0.144692 0.128735 0.834351 3
0.015111 -0.703517 0.028655 0
-0.025630 0.251120 0.676902 3
0.035767 -0.748915 0.002579 0
-0.028665 0.011594 -0.333609 8
-0.194242 0.117221 0.823051 3
0.017742 -0.449007 -0.007667 0
-0.072309 0.172608 -0.255283 8
-0.125825 -0.080675 -0.821125 4
-0.308280 -0.181228 -0.055108 2
0.030269 0.159260 0.239037 0
0.020179 -0.086431 -0.212047 0
0.009158 -0.054118 0.880026 3
0.441861 0.178741 0.238350 5
0.105029 0.075338 -0.664385 4
0.861593 -0.099923 0.035416 1
0.198095 0.203270 0.228425 5
-0.139024 -0.043229 -0.783898 4
-0.022763 0.134939 0.194687 6
0.061357 -0.308541 -0.031000 0
-0.275602 0.065215 -0.707328 4
-0.132486 0.287244 0.387460 3
-0.026543 0.074395 -0.626289 4
0.050063 -0.136152 -0.134979 0
-0.038107 0.047094 -0.285646 8
-0.143057 0.320610 0.514846 3
-0.028339 0.277621 0.641151 3
0.339613 0.203123 0.135595 5
-0.325649 0.012951 -0.729655 4
0.048253 -0.479915 -0.019169 0
-0.096458 0.112974 0.863327 3
0.368874 0.201348 0.181182 5
0.050894 0.012977 0.158249 0
0.094112 -0.389205 0.001523 0
-0.206520 0.323888 0.441814 3
-0.159633 -0.394034 -0.854839 4
0.405370 -0.145992 0.067316 1
-0.027964 0.144085 -0.252136 8
0.705872 -0.119171 0.058675 1
0.287390 0.181428 0.204785 5
0.243119 0.196421 0.802146 3
0.234429 0.270147 0.689392 3
-0.260766 -0.032391 -0.792612 4
-0.101941 0.068413 -0.651645 4
0.183249 0.196331 0.793735 3
-0.209017 0.120287 0.204250 6
0.054357 -0.058447 -0.046814 9
-0.065353 0.315466 0.474046 3
0.705210 -0.113466 0.024587 1
-0.071037 0.143965 -0.289836 8
0.041648 -0.785292 0.033908 0
0.099681 0.103247 -0.337861 7
0.026819 -0.623802 -0.005604 0
-0.162035 0.077180 -0.661837 4
-0.154882 0.164656 0.798516 3
0.233923 0.250862 0.738110 3
-0.027146 -0.122936 0.859984 3
0.067911 -0.052330 -0.850506 4
-0.081190 0.166689 0.843226 3
0.059666 -0.242185 -0.077679 0
-0.071208 0.054477 -0.584584 4
-0.053878 0.104713 0.896478 3
0.012798 -0.027022 -0.284665 0
0.113909 0.162092 0.122911 5
0.010701 0.053532 -0.350447 0
0.441832 0.183515 0.159601 5
0.230438 0.183707 -0.431503 7
0.184730 0.189155 0.109084 5
-0.027315 0.129303 0.109401 6
0.468576 -0.127561 0.089942 1
-0.026483 0.303462 0.489278 3
-0.039412 -0.183244 -0.893139 4
0.031898 -0.142169 0.048071 0
0.517889 -0.103703 -0.048309 1
-0.434184 -0.132034 -0.104593 2
-0.223565 0.096001 -0.581817 4
0.234323 -0.026075 -0.823498 4
-0.294701 0.072012 -0.604701 4
-0.292912 0.197918 0.659891 3
0.084734 0.080098 -0.764704 4
0.236555 0.214650 0.216190 5
0.129269 0.225062 0.755150 3
-0.419902 -0.136832 -0.017700 2
0.533470 0.138342 0.238317 5
0.004193 0.052319 -0.729072 4
0.085115 -0.494682 -0.005900 0
0.770168 -0.116655 0.092239 1
0.125848 0.174884 -0.312909 7
-0.261767 0.081630 -0.629921 4
-0.651978 -0.157106 -0.097594 2
-0.114209 0.284160 0.618190 3
-0.251268 0.254305 0.521859 3
0.498844 -0.121305 0.066807 1
0.273811 0.205386 0.123536 5
0.025973 -0.042196 -0.050703 9
0.497756 0.154394 0.235760 5
-0.576485 -0.146451 0.000597 2
0.135627 0.159896 0.187044 5
-0.297164 0.252823 0.580492 3
0.266547 0.179364 0.795394 3
-0.171512 -0.234784 -0.878062 4
-0.079126 0.104063 -0.507741 4
0.005560 -0.028049 -0.838942 4
-0.081287 0.313051 0.517329 3
-0.080348 0.144665 0.162488 6
-0.238003 0.210723 0.671241 3
-0.118205 0.166420 -0.299243 8
-0.070649 -0.096818 0.894806 3
0.034619 0.040032 0.879006 3
0.029870 0.096557 -0.525366 4
0.107465 0.033040 -0.747708 4
0.028505 0.234265 0.344021 0
0.325139 0.193921 0.277447 5
0.170778 0.261992 0.723353 3
-0.157972 0.016476 -0.739161 4
-0.433897 -0.129716 0.039207 2
0.061327 0.056254 -0.360547 7
0.017311 -0.074522 -0.059748 9
0.049603 -0.221868 -0.024667 0
0.090176 0.105834 -0.284566 7
-0.026694 0.265350 0.367720 3
0.001884 0.027531 -0.182425 0
-0.251722 0.116238 0.055675 6
-0.305774 0.150152 0.671974 3
-0.082457 -0.013662 -0.776463 4
-0.154881 -0.281013 -0.901761 4
0.176155 -0.051264 -0.876486 4
-0.758703 -0.193453 0.059971 2
0.274047 0.214199 0.236042 5
-0.182580 0.140174 0.081259 6
-0.036380 0.068079 -0.340308 8
-0.081932 -0.068172 0.897804 3
-0.477357 -0.129348 0.078612 2
-0.252168 0.031105 -0.723343 4
-0.236572 -0.221379 -0.001463 0
-0.086729 -0.394293 -0.914883 4
-0.016476 0.071607 -0.439711 0
0.036636 0.237993 0.710601 3
0.165849 -0.009707 -0.852307 4
-0.089290 -0.181298 -0.917102 4
-0.176255 -0.074551 -0.783355 4
0.034430 -0.079430 0.081830 0
-0.115474 -0.364764 -0.901698 4
-0.295272 0.084991 0.066606 6
-0.034416 -0.223552 -0.892148 4
-0.297279 0.070955 -0.663494 4
-0.054611 0.039126 -0.510510 4
-0.224611 0.106060 -0.547765 4
0.052564 -0.235700 0.032581 0
0.055044 0.125252 0.823547 3
0.292143 0.196813 0.291522 5
-0.221995 -0.187512 -0.817900 4
0.037065 -0.051267 0.096368 0
0.048570 0.092180 0.854972 3
0.124137 0.014104 -0.819842 4
-0.038104 0.054177 -0.391520 0
-0.117835 0.305478 0.569620 3
-0.007105 0.227116 0.361740 3
-0.276016 0.107673 0.109336 6
-0.145989 -0.104304 -0.830592 4
0.109680 0.310805 0.517045 3
-0.216088 -0.118550 -0.781518 4
0.578864 -0.109619 0.025371 1
-0.052696 -0.145279 -0.876545 4
0.085489 0.306303 0.453729 3
0.170833 0.195973 0.249258 5
-0.069048 0.303278 0.581602 3
0.827308 -0.092515 -0.006038 1
-0.082608 -0.328148 -0.915300 4
-0.195099 0.235745 -0.253395 8
-0.175091 -0.328239 -0.865409 4
-0.039925 0.104861 -0.268519 8
0.144128 0.146655 -0.380588 7
0.012664 0.211472 0.305216 0
-0.321744 -0.167601 -0.018254 2
0.123346 -0.447081 -0.004709 0
-0.101106 0.068411 0.882542 3
-0.194720 0.141288 0.151045 6
-0.011940 0.121263 0.897190 3
0.059688 -0.200665 0.041393 0
-0.144844 -0.166584 -0.867700 4
-0.396753 -0.139851 -0.074941 2
-0.195267 0.248094 0.656398 3
-0.211030 -0.255883 -0.826467 4
-0.364052 -0.143918 0.011350 2
0.199571 0.034795 -0.727794 4
-0.054298 0.237308 0.726642 3
-0.604020 -0.153733 0.056725 2
-0.037536 0.063951 -0.509652 4
-0.002962 0.069175 -0.303734 0
0.035973 -0.451156 0.013716 0
0.040060 -0.562876 -0.001722 0
0.758988 -0.107276 -0.065218 1
0.039717 -0.406133 0.009947 0
0.406959 -0.144586 -0.008629 1
-0.068540 0.079722 -0.524504 4
0.465107 -0.138235 0.014480 1
0.057151 -0.176505 -0.021106 0
0.388200 -0.163893 0.045726 1
-0.433799 -0.124323 0.070603 2
0.332908 -0.198269 -0.012075 0
0.035640 -0.510900 -0.008193 0
-0.490578 -0.132052 -0.031924 2
0.681498 -0.110885 0.009749 1
0.049674 0.305038 0.460467 3
-0.591081 -0.145564 -0.073564 2
0.050410 -0.031741 -0.108012 9
-0.049179 0.171120 0.840836 3
-0.176559 0.314083 0.474683 3
0.142768 0.197540 0.770768 3
-0.695931 -0.173987 0.011971 2
0.031246 0.155608 0.799942 3
-0.351681 0.131105 0.612175 3
-0.251579 0.225831 0.648408 3
-0.263538 0.068916 -0.660203 4
-0.028461 0.235459 0.754901 3
-0.163471 0.014562 0.882594 3
-0.194816 0.095428 -0.594318 4
-0.241092 0.272559 0.619167 3
-0.024879 -0.090502 -0.847941 4
0.167146 0.309098 0.554814 3
0.020008 0.001902 -0.312289 0
0.025735 -0.086515 -0.153692 0
0.035008 0.304256 0.543847 3
0.040956 0.050879 -0.054257 9
-0.144005 -0.366417 -0.887487 4
-0.108218 0.093579 -0.661746 4
0.076682 0.099327 -0.322364 7
0.071650 0.295565 0.610258 3
-0.190062 0.131816 0.039512 6
0.019068 -0.590781 0.011350 0
0.006329 0.047839 -0.443196 0
-0.008329 0.015744 -0.299353 0
0.045427 -0.092565 -0.873799 4
-0.170664 0.292513 0.419708 3
-0.211098 0.199304 0.693920 3
0.484544 -0.108467 -0.077861 1
0.719610 -0.109183 -0.031194 1
-0.277357 -0.061430 -0.801121 4
0.066676 0.082793 -0.270355 7
0.033184 0.041899 -0.277867 7
-0.182020 -0.025803 -0.751900 4
-0.173667 0.096144 -0.522935 4
0.004688 -0.016341 -0.156108 0
0.035859 -0.853644 0.039595 0
0.629694 -0.106041 -0.017909 1
-0.342615 0.062355 0.135315 6
-0.055436 0.011917 -0.751355 4
-0.308396 0.084945 0.095756 6
-0.816876 -0.223416 0.001597 2
-0.236560 -0.015284 -0.785377 4
0.890174 -0.107253 0.041861 1
-0.092359 0.129179 -0.349531 8
0.039440 0.085365 0.225296 0
-0.275122 0.093402 -0.576548 4
0.039389 -0.299444 -0.017027 0
0.564838 -0.112848 0.067238 1
0.666527 -0.108220 -0.019336 1
0.040643 -0.533715 0.026674 0
-0.116009 0.208804 0.757151 3
-0.028043 0.183756 0.826698 3
0.525730 0.145786 0.148080 5
-0.757559 -0.185852 0.010821 2
0.142327 0.186250 0.249986 5
0.027235 0.069314 -0.728841 4
-0.149398 0.081270 0.866940 3
0.041175 -0.289025 0.013494 0
0.011670 0.001105 0.892086 3
-0.149528 0.041916 -0.718096 4
0.119281 0.306452 0.484969 3
0.815695 -0.108910 0.055158 1
-0.626785 -0.158663 0.010212 2
-0.000162 -0.080604 -0.229362 0
0.185270 0.195817 0.193629 5
-0.447787 -0.132641 -0.008507 2
0.037198 -0.105648 0.088805 0
0.339245 0.207570 0.216560 5
0.667856 -0.101148 -0.064600 1
-0.336332 0.185587 0.633499 3
-0.315883 0.209256 0.576351 3
-0.020815 0.075525 -0.655186 4
0.141869 0.067015 -0.660310 4
0.152250 0.047245 -0.738543 4
-0.138521 0.312247 0.423632 3
-0.701308 -0.178032 -0.050521 2
-0.143221 0.147658 0.067242 6
0.053977 -0.535528 -0.008809 0
-0.007468 0.080013 -0.593679 4
-0.103826 0.172242 -0.272170 8
-0.111521 0.037778 0.884969 3
0.592604 -0.118450 0.093714 1
0.012899 -0.154944 -0.139069 0
0.391506 0.194304 0.200004 5
-0.208418 0.303798 0.503267 3
0.197709 0.222834 0.769569 3
0.907189 -0.115390 -0.051535 1
-0.082268 0.079874 0.905654 3
-0.373781 -0.025608 -0.731419 4
0.066790 -0.322381 -0.008488 0
-0.027607 -0.086420 0.890321 3
-0.123809 0.157821 0.207445 6
-0.212330 -0.209972 -0.830452 4
-0.070143 -0.367428 -0.005557 0
0.457856 -0.118546 -0.034242 1
0.131657 0.150337 -0.322333 7
0.105255 0.084927 -0.617381 4
-0.082281 0.180454 0.793244 3
0.035960 0.296039 0.423819 3
-0.115695 0.004280 -0.745855 4
0.104914 0.304042 0.568323 3
-0.037754 0.001429 0.916912 3
0.052040 -0.142455 -0.049629 9
-0.336797 0.056176 0.080337 6
0.128476 0.180716 0.785908 3
-0.129653 0.164098 -0.275210 8
0.082371 0.246551 0.712077 3
0.059382 0.001507 -0.061707 9
-0.131870 -0.422761 -0.887951 4
-0.002349 0.144316 0.834319 3
-0.040153 -0.263082 -0.905218 4
0.127619 0.312474 0.545263 3
-0.358909 -0.117307 -0.805572 4
-0.008023 0.093941 -0.295722 0
0.250419 0.150269 0.797347 3
0.017001 0.171136 0.262346 0
0.036007 0.222014 0.738995 3
-0.369833 -0.000359 -0.706126 4
0.011662 -0.760506 0.032326 0
-0.645108 -0.166301 -0.041587 2
-0.068313 0.288559 0.372494 3
0.060351 -0.275364 -0.033792 0
-0.262247 0.219622 0.683394 3
-0.007648 0.234332 0.734520 3
0.029786 0.084091 -0.594102 4
0.000325 0.116286 0.136471 6
-0.081852 0.211015 0.769749 3
0.012147 -0.815395 0.040720 0
0.012132 0.183267 0.305505 0
-0.356280 -0.054909 -0.774203 4
-0.209056 -0.000800 -0.771080 4
-0.206471 0.069539 -0.613030 4
-0.084894 0.126555 0.882724 3
0.035746 0.080759 -0.652718 4
0.187135 0.283179 0.551663 3
0.186611 0.274951 0.700406 3
-0.338147 0.145955 0.655068 3
0.048796 -0.211109 -0.074266 0
-0.324915 -0.055326 -0.787671 4
-0.220511 -0.265477 -0.849706 4
0.299142 0.185147 0.762399 3
-0.010095 0.040095 0.905473 3
-0.056517 0.137292 0.059042 6
-0.024727 0.027952 -0.481835 0
0.088907 0.117467 -0.390061 7
0.017949 -0.244266 -0.064164 0
0.817524 -0.101325 -0.050042 1
0.055186 -0.116554 -0.042167 9
-0.040148 0.104038 -0.294662 8
-0.000402 -0.918849 0.011486 0
0.119265 0.144179 -0.299527 7
0.002523 -0.862339 0.028936 0
0.681775 -0.117986 0.068470 1
0.054720 0.107415 0.213372 0
0.048027 -0.734381 0.021499 0
0.021861 0.043259 -0.327547 7
-0.169778 0.078656 -0.701060 4
0.068302 -0.153014 -0.021822 0
0.362077 -0.195125 0.001304 1
0.049842 -0.080374 -0.100257 9
-0.013469 0.184223 0.790273 3
-0.119612 0.207713 -0.245667 8
0.052682 -0.196104 -0.050123 0
-0.036317 0.083658 0.887752 3
-0.054074 0.070792 -0.313204 8
-0.138361 0.095566 -0.537871 4
0.036893 -0.915748 0.047816 0
-0.165218 0.148089 0.767464 3
0.465738 0.171160 0.125273 5
0.797922 -0.104273 -0.076971 1
0.048120 -0.618310 0.027583 0
0.026422 -0.510423 0.015964 0
-0.160891 0.209782 -0.253877 8
0.198629 0.172058 -0.367514 7
0.287517 0.190171 0.316037 5
0.284058 -0.272948 -0.004615 0
-0.340037 -0.011237 -0.745641 4
-0.037066 0.029267 -0.574731 4
0.241826 -0.290698 0.010135 0
0.485917 0.156076 0.161169 5
-0.136583 0.024973 0.876982 3
0.012008 0.052066 0.881503 3
-0.211204 0.135503 0.084370 6
0.000559 -0.037403 0.909762 3
-0.786472 -0.196770 -0.019060 2
0.172882 -0.345242 -0.001428 0
0.086270 0.027930 -0.806091 4
0.105785 0.133337 -0.424032 7
-0.139519 0.083844 -0.639903 4
-0.348894 0.025586 -0.674043 4
-0.081113 -0.393735 -0.008915 0
0.572758 0.097538 0.214118 5
0.130340 0.273698 0.700141 3
0.111507 0.291547 0.605566 3
0.010130 -0.863302 0.056373 0
0.420901 0.193632 0.148039 5
0.109035 0.127719 -0.365464 7
0.142953 0.088820 -0.612414 4
0.311639 -0.213260 0.018833 0
0.735265 -0.102764 -0.085191 1
-0.101661 0.325118 0.474703 3
0.142065 0.179099 0.169858 5
-0.211301 0.303915 0.567367 3
0.298940 0.218214 0.080704 5
0.010074 0.211680 0.754972 3
-0.256579 0.162221 0.692925 3
0.113531 0.015313 -0.849191 4
-0.082437 0.075453 -0.594584 4
0.747220 -0.119333 0.066721 1
0.156220 0.180108 0.094903 5
-0.117372 0.149247 0.174480 6
0.012623 0.182331 0.775231 3
-0.114463 0.156405 -0.326914 8
0.027021 0.083308 0.185234 0
0.074357 -0.075296 -0.841974 4
-0.343295 0.183589 0.607153 3
-0.158653 -0.298904 -0.034359 0
-0.395076 -0.058180 -0.760864 4
-0.078579 0.155091 0.129463 6
-0.219323 0.082672 -0.687577 4
0.026791 0.090316 -0.705264 4
0.096487 -0.449687 -0.007075 0
-0.194629 0.285869 0.437512 3
0.064620 -0.573108 0.003059 0
-0.325201 0.048302 -0.638922 4
0.060009 -0.341650 -0.030659 0
-0.003281 0.011286 -0.753100 4
0.028905 -0.026208 0.110715 0
0.017881 -0.183443 -0.027214 0
0.049082 -0.264356 -0.006850 0
0.004603 -0.786024 0.029798 0
-0.024180 -0.422314 0.000606 0
-0.082513 -0.234095 -0.911010 4
-0.009340 0.091926 0.882453 3
0.062604 -0.383603 -0.008194 0
0.169718 0.052483 -0.693994 4
-0.094086 0.009738 0.917945 3
-0.101575 0.073715 -0.627076 4
0.217429 0.172191 -0.391994 7
-0.265479 -0.216015 -0.018100 0
-0.054515 -0.040469 0.903461 3
0.040919 -0.264594 -0.048910 0
-0.100244 0.295368 0.386123 3
-0.195288 -0.342410 -0.869694 4
0.643599 -0.118923 0.080826 1
0.036113 -0.693076 0.003566 0
-0.068808 -0.109238 0.866394 3
0.029352 -0.107790 -0.196117 0
0.298416 0.204555 0.119202 5
-0.184540 -0.196868 -0.851169 4
-0.287151 0.052085 -0.678125 4
0.057300 -0.019192 -0.166289 0
0.045037 0.070303 -0.102205 9
0.029313 0.065696 0.162927 0
-0.048611 -0.002240 -0.774728 4
-0.336661 -0.077008 -0.799346 4
-0.324498 0.036148 -0.680835 4
0.039745 -0.042501 -0.168658 0
0.048537 0.270419 0.672213 3
-0.010181 0.278832 0.567354 3
-0.377913 -0.138014 0.060286 2
0.089048 0.161714 0.113405 5
0.030964 0.305666 0.516924 3
0.058922 -0.655387 0.028698 0
-0.081725 0.308401 0.432462 3
0.019424 -0.028788 -0.242402 0
0.628565 -0.102939 -0.060863 1
-0.042531 0.286004 0.622105 3
0.010988 -0.024438 -0.806738 4
-0.104859 -0.393600 -0.894378 4
0.776121 -0.109192 0.001431 1
-0.100780 -0.340666 -0.007098 0
0.012521 -0.026724 -0.036367 9
-0.079724 -0.141516 -0.883920 4
-0.234703 -0.250912 -0.022746 0
0.038612 0.192632 0.779744 3
0.243571 0.250460 0.677615 3
-0.172801 -0.276731 -0.021002 0
0.004450 0.014555 -0.245191 0
0.038782 0.092296 -0.551968 4
-0.290534 0.253747 0.554288 3
0.382032 0.197457 0.123547 5
0.238355 -0.074949 -0.862094 4
0.169888 0.169929 -0.425843 7
0.184426 -0.028144 -0.874810 4
0.846828 -0.098391 -0.054126 1
0.026800 0.226921 0.320635 0
-0.246603 -0.211340 -0.043752 0
-0.143864 0.226902 -0.238122 8
0.529566 0.130291 0.176586 5
-0.144028 0.169157 0.776948 3
0.576849 -0.103471 -0.049835 1
0.170784 0.281627 0.643532 3
-0.206253 0.210518 -0.303495 8
-0.195328 0.090897 -0.628274 4
-0.010489 -0.033705 -0.280926 0
0.028886 0.264165 0.383589 3
0.083837 -0.181309 -0.033792 0
-0.119131 -0.322935 0.000411 0
-0.105512 -0.065736 0.886345 3
-0.128488 0.126135 0.853953 3
0.001752 0.285211 0.621093 3
0.029091 -0.382137 -0.033350 0
-0.172524 0.205614 -0.311824 8
0.027679 -0.802748 0.006268 0
-0.042221 -0.137869 0.847875 3
-0.054471 0.310932 0.530799 3
0.536077 -0.098941 -0.085563 1
-0.683235 -0.169308 -0.086585 2
-0.171221 0.287401 0.610612 3
-0.082641 -0.013475 0.903884 3
0.036293 -0.643716 0.033549 0
0.001989 0.289371 0.362322 3
-0.369895 0.028505 0.121839 6
0.060652 0.053781 -0.333385 7
0.023713 0.124948 0.260656 0
0.011633 -0.751271 0.004778 0
-0.115025 -0.299933 -0.920111 4
0.292410 0.208988 0.190155 5
0.217412 0.199893 0.278351 5
0.031563 -0.196579 -0.087684 0
0.033037 -0.430844 0.000650 0
-0.252066 0.119221 0.082500 6
0.144224 -0.007068 -0.863110 4
-0.067913 0.149680 0.867304 3
-0.026462 -0.027838 0.900086 3
0.002557 0.284490 0.519528 3
-0.134709 0.160919 -0.339656 8
0.012730 -0.683366 0.015129 0
-0.102150 0.163182 0.801695 3
-0.054487 -0.308744 -0.916395 4
0.437206 -0.137539 -0.007154 1
0.086981 0.310746 0.525559 3
0.021907 0.109119 0.179544 0
-0.157798 0.314839 0.459360 3
-0.046207 0.116727 0.140540 6
0.045001 0.166800 0.294097 0
-0.053003 0.278629 0.643727 3
0.035164 -0.694991 0.039153 0
-0.118312 0.043051 -0.692977 4
0.125740 0.061901 -0.707529 4
-0.120628 -0.233140 -0.900969 4
0.336970 -0.195539 0.015149 0
0.141753 -0.420332 -0.007252 0
-0.026082 0.074912 -0.575054 4
-0.363608 -0.150154 -0.031358 2
-0.288845 -0.014393 -0.772785 4
-0.079927 0.125924 -0.314729 8
0.185386 0.172053 0.067210 5
-0.381898 -0.143347 -0.050714 2
-0.156022 0.129055 0.811314 3
0.060289 -0.041017 0.120052 0
-0.574055 -0.146318 0.024567 2
0.887237 -0.097566 -0.011600 1
-0.066027 0.144701 0.235295 6
-0.095479 0.035850 -0.705957 4
-0.028870 0.237876 0.722843 3
-0.250563 0.108785 0.184298 6
0.019765 -0.121495 -0.071720 9
-0.475903 -0.132845 -0.008259 2
-0.236633 0.078374 -0.663454 4
0.062674 -0.268325 0.012517 0
0.423670 0.172471 0.261146 5
0.130375 0.294279 0.587218 3
-0.176329 0.093032 -0.612738 4
0.029376 -0.885514 0.011947 0
0.219666 0.015381 -0.780655 4
-0.113948 -0.053654 -0.799824 4
0.480815 0.156436 0.260948 5
-0.307358 0.234556 0.629873 3
0.051552 0.105540 -0.381734 7
0.662991 -0.111195 0.024894 1
0.198646 0.198078 0.160997 5
0.340112 0.203306 0.174566 5
-0.098079 0.128622 -0.379489 8
0.039152 -0.028074 -0.064666 9
-0.019137 0.149796 0.100397 6
-0.005346 0.317818 0.503904 3
0.012086 -0.064636 -0.188934 0
-0.368226 0.149092 0.617469 3
-0.082917 0.037564 -0.678784 4
0.026304 0.097708 0.848682 3
-0.021855 0.081626 -0.512337 4
-0.176844 -0.153977 -0.827184 4
0.535984 -0.112170 0.024863 1
-0.051796 0.135961 0.199906 6
-0.008920 0.128518 0.092165 6
-0.056150 -0.012369 0.904550 3
-0.143056 -0.022168 -0.759502 4
-0.151995 0.046358 0.883659 3
-0.066717 0.023246 -0.733829 4
0.725975 -0.112261 0.011821 1
-0.331038 0.223931 0.619850 3
0.013943 -0.055724 -0.836168 4
-0.203104 0.096771 -0.551218 4
-0.069757 0.145118 0.844144 3
0.029851 -0.088250 -0.853722 4
0.455623 -0.130005 0.066694 1
-0.006790 -0.104055 -0.854916 4
0.023080 -0.723287 0.041726 0
0.079889 0.214572 0.741814 3
0.042923 -0.323340 -0.031150 0
0.014477 -0.129290 -0.167411 0
0.087189 0.087972 -0.575071 4
0.255073 0.202950 0.109361 5
0.432779 -0.132990 0.025076 1
0.053434 -0.130721 0.057485 0
-0.082706 0.131751 0.137733 6
-0.069655 0.094922 -0.363122 8
-0.504790 -0.132635 0.079359 2
0.034069 0.206133 0.291338 0
-0.115791 0.151483 0.836857 3
0.216686 0.185722 0.067741 5
0.004082 -0.948978 -0.006083 0
-0.119707 0.318963 0.531056 3
0.378734 -0.161133 0.024331 1
0.157414 0.169839 0.257598 5
0.615870 -0.113111 0.067987 1
0.218697 -0.061973 -0.899198 4
0.265950 0.202323 0.069198 5
0.011751 0.075079 -0.692604 4
-0.236772 0.023803 -0.739748 4
-0.101110 0.146015 0.108744 6
-0.145083 0.095763 -0.573362 4
0.236110 0.198247 0.094801 5
0.918746 -0.117304 0.015850 1
-0.194727 0.050579 -0.720081 4
-0.246178 0.249210 -0.237692 8
-0.160617 -0.057035 -0.784291 4
0.009680 0.090472 -0.537765 4
-0.010878 0.100341 -0.627857 4
-0.099881 0.144689 0.069040 6
-0.040205 -0.056721 0.915730 3
0.183711 -0.014038 -0.836527 4
0.019052 0.265914 0.657883 3
-0.007888 -0.143103 -0.876365 4
0.005404 -0.904765 0.040643 0
-0.079492 0.127968 0.857238 3
-0.094043 0.105913 -0.590912 4
-0.325674 0.250367 0.570017 3
0.391936 0.194274 0.226583 5
0.574458 -0.097770 -0.085247 1
0.068015 0.018293 -0.817154 4
-0.039142 -0.028993 -0.804220 4
0.069334 0.092342 -0.351123 7
-0.142452 0.224419 0.730979 3
-0.233853 0.240939 0.646232 3
0.053184 -0.435406 0.015347 0
0.039949 -0.118566 -0.154233 0
0.116925 0.167236 0.203914 5
0.005746 -0.002088 -0.228841 0
0.141542 0.182738 0.289555 5
-0.448189 -0.130771 -0.049962 2
-0.303070 0.248810 0.606052 3
0.123922 0.287991 0.643644 3
0.019080 0.261779 0.339401 0
-0.040197 0.130748 0.882085 3
0.015714 0.022152 -0.770901 4
-0.000073 0.103115 0.160626 6
0.129359 0.208778 0.786186 3
-0.162669 -0.341500 -0.880011 4
-0.504123 -0.131994 0.029547 2
0.217295 -0.038229 -0.838065 4
-0.237415 0.266116 0.507346 3
-0.013709 0.024455 -0.424535 0
0.278231 0.210084 0.766357 3
-0.781690 -0.191724 0.010921 2
-0.171295 0.052219 -0.706429 4
0.207660 0.265113 0.701457 3
0.011512 0.078508 -0.664564 4
0.067714 0.084183 -0.650312 4
-0.297851 -0.028093 -0.804993 4
-0.015640 -0.105027 0.870212 3
-0.183030 0.215964 -0.257017 8
-0.066608 0.049855 0.896909 3
0.111883 0.157918 0.174908 5
-0.290044 0.082583 0.172621 6
0.187841 0.161844 -0.349801 7
-0.148447 -0.216550 -0.880618 4
-0.251230 0.290308 0.568064 3
0.063167 0.085558 -0.598593 4
-0.111883 0.171889 0.782026 3
-0.565991 -0.143679 0.080414 2
-0.405409 -0.114615 -0.775718 4
0.018899 -0.026770 0.878411 3
0.188349 -0.343446 -0.018369 0
-0.133664 -0.329027 -0.901470 4
0.255196 0.205344 0.137030 5
0.242838 -0.052542 -0.864601 4
-0.195802 0.215385 0.687948 3
0.563639 0.118488 0.211703 5
0.034454 -0.644160 0.001813 0
0.008672 -0.036797 -0.200794 0
0.013890 -0.660425 0.015092 0
-0.048375 0.054138 -0.415393 0
0.050773 0.035545 0.154015 0
-0.273940 0.262603 0.532743 3
-0.391475 -0.135609 0.001755 2
-0.040309 0.159470 0.858470 3
0.120974 0.241078 0.724633 3
-0.067814 0.112279 0.877352 3
-0.143934 0.311890 0.566075 3
-0.100300 0.264907 0.655417 3
0.185262 0.018458 -0.763047 4
0.004771 -0.043251 -0.019094 9
-0.026015 0.024049 -0.402330 0
-0.279389 0.041558 -0.696888 4
-0.093302 0.047263 -0.650974 4
-0.188564 -0.117055 -0.797522 4
0.153317 0.183952 0.150613 5
-0.046580 -0.410440 -0.011501 0
-0.068308 0.192053 0.811125 3
0.036002 -0.355459 -0.007743 0
-0.119641 0.315592 0.435956 3
-0.490055 -0.124667 -0.088665 2
0.044790 0.159074 0.817935 3
-0.028468 -0.131119 -0.874172 4
0.443482 0.172559 0.216496 5
-0.176360 0.143908 0.121948 6
0.048929 0.018174 0.860571 3
-0.150806 0.192865 -0.284794 8
0.156083 0.297746 0.586155 3
-0.212478 0.279500 0.463054 3
-0.082334 0.319196 0.488687 3
0.217098 0.238965 0.770194 3
-0.045988 0.193595 0.840873 3
-0.160201 -0.015709 -0.745440 4
0.027043 0.295056 0.563907 3
-0.277408 0.097272 0.159832 6
-0.182666 0.094360 0.822814 3
0.236398 0.197807 0.293982 5
0.209447 -0.041338 -0.877702 4
-0.700779 -0.176658 -0.017656 2
0.039009 -0.077950 -0.054185 9
0.761410 -0.113239 0.025245 1
0.079385 0.108490 0.182802 5
0.859704 -0.104011 -0.071877 1
0.929988 -0.130557 -0.007342 1
-0.007402 0.126237 0.855458 3
0.050446 -0.608918 0.004350 0
0.794227 -0.111484 0.048524 1
-0.625858 -0.159464 0.058006 2
0.043575 0.130969 0.239234 0
-0.082773 0.028297 0.901662 3
-0.006213 -0.027903 -0.231280 0
-0.295093 0.170573 0.672099 3
-0.195012 0.086124 -0.650303 4
-0.562914 -0.119596 -0.087690 2
-0.105562 0.028522 0.911384 3
-0.120700 -0.185002 -0.897563 4
0.066811 -0.475796 -0.007125 0
0.592538 -0.110621 0.043213 1
0.048220 -0.210037 0.005230 0
-0.280020 0.010739 -0.761044 4
0.152218 0.141307 -0.321444 7
-0.701067 -0.177436 0.057491 2
0.104490 0.171875 0.227452 5
-0.306786 0.024711 -0.726374 4
-0.284065 -0.188443 -0.017701 2
-0.718298 -0.182024 -0.064632 2
0.172585 -0.367876 -0.017567 0
0.000424 0.072772 -0.737489 4
-0.100087 0.088559 -0.550790 4
-0.039991 0.054335 0.896893 3
-0.316560 0.187875 0.647764 3
0.217682 0.182716 0.800785 3
0.028068 -0.038028 -0.213064 0
-0.139036 0.141299 0.226460 6
-0.160515 0.183410 -0.327549 8
0.423811 -0.131285 -0.063911 1
-0.351416 -0.146680 0.029643 2
-0.126144 0.312600 0.595922 3
-0.760122 -0.194115 -0.048726 2
-0.062579 0.136113 0.102598 6
0.274911 0.209918 0.174166 5
0.232263 -0.022394 -0.797141 4
0.479632 -0.118037 -0.001227 1
-0.233380 0.233742 -0.256549 8
-0.100509 -0.154393 -0.886068 4
-0.011997 0.039398 -0.717585 4
-0.168789 0.192338 0.759026 3
0.049578 0.286291 0.620643 3
-0.682532 -0.173941 -0.064779 2
0.271648 0.235166 0.215196 5
0.175878 0.191460 0.137305 5
0.034774 -0.888281 0.043154 0
-0.475136 -0.131726 0.043061 2
-0.121312 0.324557 0.488119 3
0.311604 0.205386 0.137289 5
-0.160305 0.054438 -0.677406 4
0.027914 -0.181118 -0.115378 0
0.062094 -0.197895 -0.086302 0
0.229126 0.264036 0.714264 3
-0.149599 -0.309373 -0.001449 0
-0.007258 0.079769 -0.550872 4
-0.043774 0.048761 -0.536275 4
0.054531 -0.081215 0.061011 0
-0.008669 0.292674 0.439572 3
-0.015678 0.254148 0.657298 3
0.025512 0.129233 0.226478 0
0.040641 -0.168137 0.039866 0
0.574619 0.115183 0.179641 5
-0.210706 -0.138486 -0.789583 4
0.062654 -0.423485 -0.012486 0
0.042622 -0.716438 0.033830 0
-0.340932 -0.163788 -0.064850 2
-0.133972 0.155242 0.797915 3
-0.211688 -0.170080 -0.808970 4
0.389365 0.195971 0.151626 5
0.124637 -0.406339 -0.007001 0
0.222568 -0.091875 -0.885308 4
0.044595 -0.288241 -0.059750 0
-0.256242 0.097677 0.205566 6
-0.008996 0.048708 -0.383667 0
-0.071295 0.168726 -0.229577 8
0.015527 -0.904839 0.005563 0
0.005811 0.196693 0.790476 3
0.013011 0.276187 0.395904 3
-0.340694 -0.039774 -0.770661 4
-0.008763 0.223027 0.755701 3
0.094985 0.050147 -0.760374 4
-0.012304 0.286589 0.604237 3
0.260996 0.225062 0.769930 3
-0.101077 0.194767 0.788472 3
-0.086718 -0.418928 -0.875690 4
-0.118310 0.129361 0.829772 3
-0.272334 0.181476 0.685444 3
-0.039893 0.061433 -0.664410 4
-0.127556 0.090655 -0.508664 4
-0.059638 -0.127942 -0.865139 4
0.296916 -0.255848 -0.000034 0
0.086663 0.235003 0.733018 3
-0.082294 0.070594 -0.636878 4
-0.713726 -0.177168 0.024245 2
0.053588 0.210964 0.732212 3
0.001524 0.002364 -0.285183 0
0.060749 0.095055 -0.093358 9
0.020819 -0.075949 -0.233176 0
-0.064817 0.053775 -0.561357 4
-0.157229 0.300373 0.587462 3
0.282595 0.185699 0.776609 3
0.534824 0.134158 0.212651 5
-0.054137 0.200083 0.768364 3
-0.658051 -0.167652 0.058419 2
-0.158287 -0.011495 0.880481 3
-0.059119 0.138616 0.080652 6
0.040184 -0.153431 0.065541 0
-0.039464 0.052462 -0.458003 0
0.098496 0.096292 -0.358477 7
-0.169906 0.141716 0.792285 3
-0.113690 0.109130 -0.634331 4
-0.115479 0.117132 0.873072 3
0.059293 -0.074774 -0.061342 9
0.050489 0.065999 -0.286360 7
-0.026771 0.051090 -0.425642 0
0.123882 0.180483 0.236689 5
-0.220947 -0.235184 -0.033796 0
0.029281 -0.216527 -0.098778 0
0.086384 0.065757 -0.706665 4
0.045626 -0.086344 -0.181386 0
0.026842 0.050426 -0.296801 0
-0.000306 0.024059 -0.336497 0
0.224886 0.284199 0.702911 3
-0.331716 0.116601 0.652338 3
0.032291 0.158557 0.274159 0
-0.274563 0.260921 0.618312 3
-0.026499 0.128860 0.174244 6
0.125448 0.089502 -0.599709 4
0.044410 0.096032 -0.666274 4
0.023155 -0.066234 -0.254899 0
-0.072004 0.092549 -0.324936 8
0.031282 0.000256 -0.102891 9
0.198781 0.040521 -0.703205 4
-0.204374 -0.080096 -0.771299 4
0.037892 -0.156230 -0.040905 0
0.216815 0.207591 0.238268 5
0.355417 0.199600 0.096709 5
-0.156768 0.314985 0.486017 3
0.036360 -0.054692 -0.836328 4
0.235972 0.203072 0.267858 5
-0.074993 0.048890 -0.634488 4
0.412777 0.161464 0.306202 5
0.063013 -0.169606 -0.042242 0
0.213924 0.188162 0.096880 5
-0.157657 0.320775 0.530668 3
0.131647 -0.022307 -0.853225 4
0.424389 0.187657 0.180715 5
-0.308581 0.225590 0.605357 3
0.033911 -0.843461 -0.000091 0
-0.038236 0.210313 0.755995 3
-0.100071 -0.279973 -0.915383 4
0.011327 0.078854 -0.636613 4
-0.000611 -0.448609 0.004938 0
-0.307844 -0.013070 -0.762503 4
-0.251253 0.051562 -0.703679 4
0.299730 -0.237117 0.010826 0
-0.218449 0.296168 0.485897 3
0.049053 0.075288 -0.692089 4
0.151711 0.161388 -0.280712 7
0.057920 -0.004062 0.147287 0
0.069583 -0.130206 -0.051012 9
-0.023232 0.077387 -0.459220 0
0.432792 -0.133926 0.058030 1
-0.401710 -0.132621 0.043773 2
0.480756 0.155684 0.140376 5
0.179596 0.275899 0.599099 3
0.013698 0.157305 0.812904 3
0.075289 -0.423756 0.007998 0
-0.066991 -0.366409 -0.902103 4
-0.101099 0.149354 0.160423 6
-0.002304 -0.001143 -0.774885 4
0.053497 -0.023140 -0.824832 4
0.023937 -0.604462 0.029542 0
-0.381346 -0.146102 -0.088342 2
0.036142 -0.120151 -0.175331 0
0.042577 0.014316 -0.064672 9
-0.035982 0.171931 0.800645 3
-0.222086 0.284208 0.609590 3
0.061572 -0.012549 -0.189083 0
-0.250573 0.284993 0.544367 3
0.034938 -0.243441 -0.077005 0
-0.637241 -0.169531 -0.062545 2
-0.021080 0.229007 0.705103 3
0.406446 0.172492 0.278088 5
-0.159887 -0.141676 -0.848835 4
-0.007384 0.275012 0.643913 3
-0.288463 0.103702 0.092528 6
-0.194230 0.309418 0.488427 3
-0.010543 0.002350 -0.366637 0
-0.206998 -0.260881 -0.019840 0
-0.307011 -0.176519 -0.030754 2
0.048650 -0.563290 0.028258 0
-0.101272 -0.378839 -0.913420 4
-0.096375 0.157186 -0.291474 8
-0.200462 -0.247792 -0.843052 4
0.135622 0.041309 -0.810015 4
0.255174 0.215251 0.226371 5
0.030503 -0.406315 -0.009169 0
0.236563 0.239016 0.755512 3
0.726051 -0.119757 0.068054 1
0.048403 -0.121249 -0.061695 9
-0.320462 0.078245 0.125307 6
0.048208 0.170880 0.800672 3
0.042213 0.072058 -0.368699 7
-0.119896 0.150082 0.150599 6
0.060290 0.088362 -0.710179 4
0.038947 0.037567 -0.115520 9
-0.007362 0.297405 0.544659 3
0.067218 0.307994 0.471844 3
0.016951 -0.492038 -0.004018 0
0.274493 0.212054 0.205224 5
-0.093429 0.285477 0.621484 3
-0.022916 -0.006364 -0.347652 0
-0.369288 -0.015067 -0.691072 4
-0.016852 0.071282 -0.288061 8
0.278125 0.207315 0.151755 5
0.057378 -0.526388 0.011211 0
-0.015232 0.205716 0.787912 3
0.544721 -0.119276 0.093973 1
0.052311 0.295954 0.602004 3
0.040376 -0.774488 0.015926 0
0.709058 -0.104842 -0.075197 1
0.012146 0.235453 0.362627 0
-0.365061 -0.088817 -0.798101 4
-0.007783 0.263528 0.358816 3
-0.011693 0.300093 0.474798 3
0.140859 0.173897 0.137088 5
-0.138626 0.317200 0.451253 3
-0.081487 -0.138089 0.854844 3
-0.039269 0.205172 0.788967 3
-0.391348 -0.039729 -0.718944 4
0.301374 0.202909 0.094743 5
-0.118956 0.053368 0.896756 3
-0.132497 -0.063298 -0.799405 4
-0.100020 0.224046 0.725840 3
-0.163779 0.241380 0.668636 3
-0.147445 0.291285 0.405778 3
-0.041030 0.066764 -0.292012 8
0.002963 0.266810 0.411622 3
0.216914 0.271885 0.674335 3
0.077470 0.277262 0.656221 3
-0.241404 0.083960 -0.626018 4
0.019987 -0.018724 -0.176671 0
0.060858 -0.224801 -0.048610 0
-0.081398 -0.065798 -0.834349 4
-0.188207 -0.354829 -0.891267 4
0.401269 0.173697 0.108902 5
0.407340 -0.143322 -0.031502 1
-0.127709 -0.028235 0.899352 3
0.170701 0.162715 -0.401495 7
-0.194893 0.309700 0.554821 3
0.467549 -0.108345 -0.065885 1
0.317684 0.224920 0.193675 5
-0.047525 0.040299 -0.319757 8
0.058909 -0.162638 0.023375 0
0.222505 0.206739 0.799152 3
-0.036029 0.017860 -0.467615 0
-0.682500 -0.172274 -0.008799 2
-0.101176 0.082843 0.897486 3
0.003101 0.011614 -0.208366 0
-0.399992 -0.062913 -0.732819 4
0.158676 0.156863 -0.335536 7
0.024206 -0.141554 -0.127947 0
0.202155 0.276652 0.580048 3
-0.081980 0.318759 0.460740 3
-0.188204 -0.248039 -0.864267 4
-0.119887 0.015424 0.885130 3
-0.144426 0.102120 0.833107 3
-0.098132 -0.354830 -0.907939 4
-0.082974 0.262340 0.676174 3
0.047752 0.116722 0.844145 3
0.456792 0.169114 0.249125 5
0.156651 0.025239 -0.774138 4
-0.408638 -0.103678 -0.794180 4
-0.222840 0.119815 0.186536 6
-0.288799 0.016535 -0.732508 4
-0.136819 -0.062974 0.873184 3
0.719548 -0.114220 0.043086 1
-0.040415 0.307367 0.545530 3
-0.168918 -0.007885 -0.769573 4
-0.234403 0.290898 0.530987 3
-0.171536 0.139383 0.034401 6
0.875091 -0.119867 0.048146 1
-0.241269 0.099580 -0.591781 4
-0.050113 0.309890 0.460879 3
-0.382625 -0.092638 -0.785872 4
0.006464 0.295810 0.563293 3
0.124120 0.025606 -0.796247 4
-0.196479 0.243665 -0.234429 8
0.185835 0.027127 -0.744374 4
-0.187985 0.071708 0.828129 3
-0.223937 0.130012 0.159936 6
0.169135 -0.380110 0.006188 0
0.086626 0.270104 0.684098 3
-0.054226 -0.103357 -0.853850 4
-0.606836 -0.134633 -0.096650 2
0.019904 0.197674 0.319641 0
-0.000641 -0.471960 -0.005619 0
-0.049728 0.072844 -0.617138 4
0.288756 0.208288 0.060353 5
-0.214287 -0.303513 -0.854162 4
-0.014171 0.037620 -0.329632 0
-0.311621 -0.169367 0.019850 2
-0.007621 0.075239 -0.681032 4
0.068010 0.201809 0.754404 3
0.103891 0.088141 -0.588384 4
0.073684 -0.491795 0.010896 0
-0.520967 -0.134780 0.013149 2
-0.068061 0.225744 0.736529 3
0.027321 -0.087409 0.099341 0
-0.053896 0.299922 0.363358 3
-0.100751 0.239363 0.699895 3
0.182802 0.252713 0.738564 3
-0.351506 0.014678 -0.691531 4
-0.079693 -0.115982 -0.864062 4
0.027906 0.060010 -0.337659 7
0.128680 0.062560 -0.684316 4
-0.082373 -0.379391 -0.898447 4
0.180774 0.225474 0.757695 3
-0.053538 0.055029 -0.679458 4
-0.068198 0.105136 -0.345302 8
-0.187324 0.128396 0.782665 3
-0.108172 -0.080193 -0.831415 4
-0.119824 0.053146 -0.661897 4
-0.349358 -0.167517 -0.090677 2
-0.176102 0.068184 -0.678458 4
-0.050255 0.065197 -0.551656 4
0.443261 -0.122265 -0.048030 1
0.030470 0.301863 0.474811 3
-0.530385 -0.135922 -0.032344 2
-0.027625 0.195951 0.765888 3
-0.039418 0.024260 -0.495503 4
0.035233 -0.471520 0.014729 0
0.199380 0.173605 -0.401389 7
-0.045611 0.073127 -0.390874 0
-0.092640 0.066563 -0.572541 4
0.156706 0.284275 0.629048 3
0.032877 0.012713 -0.292097 7
-0.054204 0.014559 0.919551 3
-0.115199 0.187706 -0.256831 8
0.236577 0.208750 0.175089 5
0.447675 -0.128859 0.009889 1
0.034533 -0.048341 -0.149912 0
