0.846764 0.013862 -0.302352 1
-0.833228 -0.181775 0.127434 2
0.235805 -0.928637 0.207251 0
0.050075 -0.062356 0.084959 0
0.345163 0.240147 -0.269649 1
-0.429504 0.093439 -0.100673 2
0.197317 -0.486471 0.129705 0
0.657105 0.236637 -0.055609 1
0.260386 0.225917 0.081886 1
-0.575432 0.043846 0.225802 2
-0.227821 0.135012 0.189209 2
0.618707 0.187152 -0.352687 1
-0.668646 -0.038627 -0.045485 2
-0.134167 0.073087 -0.053590 2
0.121636 0.148315 -0.118987 1
0.262875 -0.703305 0.174920 0
0.142228 -0.275200 0.067771 0
0.432125 0.249355 -0.063602 1
-0.415563 0.111012 0.103004 2
0.779543 0.121279 -0.152924 1
-0.738913 -0.011790 0.137322 2
0.114320 0.126700 0.057898 1
0.514373 0.243218 -0.219177 1
-0.567778 0.062636 0.048704 2
0.267626 0.221948 -0.084094 1
-0.087107 0.094394 0.103599 2
-0.270941 0.125668 0.023237 2
0.754599 0.135835 -0.304122 1
0.669541 0.209179 -0.204640 1
-0.755842 -0.141415 0.015005 2
-0.548954 0.016409 -0.081486 2
-0.017893 0.030887 0.009664 2
0.225494 0.233704 -0.206008 1
0.541130 0.247452 0.004373 1
-0.358787 0.123812 0.215757 2
0.183809 -0.611077 0.141356 0
0.379653 0.251530 0.051126 1
-0.294806 0.119727 -0.097750 2
0.129776 -0.370708 0.142279 0
0.099559 -0.163709 0.042332 0
0.233930 -0.818620 0.156477 0
0.476287 0.224114 -0.329975 1
-0.473249 0.100571 0.217872 2
0.356745 0.245710 -0.153747 1
0.183449 0.170107 -0.021265 1
0.550646 0.250082 -0.112310 1
-0.377352 0.110538 -0.002790 2
-0.784036 -0.102726 0.186971 2
-0.640818 0.047140 0.129692 2
0.845946 0.044920 -0.200865 1
0.087926 0.021323 0.034163 1
-0.189438 0.129784 0.092560 2
-0.485523 0.080875 -0.012136 2
-0.726829 -0.043133 0.039355 2
-0.304700 0.132677 0.120987 2
-0.536013 0.083076 0.139424 2
0.721626 0.198184 -0.118803 1
0.084734 0.109614 -0.037602 1
-0.651058 0.017641 0.035088 2
-0.792080 -0.090232 0.092682 2
-0.667294 -0.006229 0.203740 2
0.596799 0.223847 -0.268456 1
0.785792 0.065550 -0.354805 1
0.344593 0.238843 -0.038014 1
-0.213570 0.124220 -0.047137 2
0.447059 0.247397 -0.158612 1
0.181423 0.186721 0.067610 1
0.183874 0.211236 -0.127796 1
0.095080 -0.217084 0.113394 0
0.683158 0.184864 -0.293757 1
0.431932 0.244200 -0.258406 1
-0.122708 0.105742 0.025652 2
0.130689 -0.445159 0.096117 0
0.816680 0.091602 -0.266567 1
0.291589 -0.879410 0.168508 0
0.739960 0.161617 -0.225667 1
0.688512 0.137320 -0.361982 1
0.459031 0.256012 0.014888 1
0.257259 0.219861 -0.002450 1
0.632617 0.240208 -0.133745 1
-0.481362 0.081855 0.067742 2
-0.153969 0.121211 0.162654 2
-0.599191 0.023405 -0.023566 2
-0.794428 -0.193951 0.062223 2
0.248492 -0.608976 0.181917 0
0.193824 -0.411070 0.122671 0
0.272161 -0.776429 0.205808 0
0.299898 0.242725 -0.210252 1
0.175700 -0.536729 0.179420 0
0.580304 0.231592 -0.188076 1
0.546807 0.203221 -0.334004 1
-0.704611 -0.092680 -0.011251 2
-0.335398 0.113988 0.057717 2
-0.487433 0.053582 -0.086298 2
-0.680450 -0.009158 0.094267 2
0.819479 -0.047421 -0.278972 1
0.003114 -0.032072 0.034780 2
-0.730746 -0.044683 0.199588 2
-0.362602 0.115138 -0.077895 2
0.149096 -0.344398 0.078513 0
-0.057118 0.079969 0.041291 2
0.109112 -0.292317 0.127361 0
0.234909 -0.656277 0.128772 0
0.311195 0.250675 0.027687 1
0.179112 -0.555192 0.101227 0
0.502256 0.256907 -0.063980 1
-0.426435 0.123500 0.173187 2
0.591875 0.256149 -0.048844 1
-0.188969 0.121252 0.024868 2
-0.292601 0.114196 0.188473 2
0.070962 -0.126295 0.092162 0
0.069457 -0.077025 0.022133 0
0.285504 0.239906 -0.145607 1
0.209378 -0.667625 0.188388 0
0.128105 0.161959 -0.055627 1
0.384037 0.248546 -0.214591 1
0.857588 -0.009136 -0.233513 1
0.159910 -0.447246 0.162136 0
-0.427600 0.099559 0.033265 2
-0.627864 0.049566 0.191849 2
0.817657 0.105635 -0.205466 1
-0.305912 0.125624 -0.028664 2
-0.084029 0.067548 -0.016804 2
0.528863 0.231086 -0.281163 1
-0.242136 0.138035 0.129068 2
-0.359924 0.134395 0.154785 2
-0.432946 0.099434 -0.039352 2
0.074303 0.082415 0.016692 1
0.227941 -0.753552 0.169210 0
-0.478293 0.101587 0.130500 2
0.329767 0.232594 -0.100370 1
-0.600403 -0.020120 -0.066440 2
0.229982 -0.532658 0.152154 0
-0.531885 0.083154 0.209730 2
-0.549685 0.055858 -0.009712 2
0.210750 0.201094 -0.065562 1
0.396716 0.255861 -0.013473 1
-0.799151 -0.163513 0.172344 2
-0.588398 0.067685 0.111602 2
-0.780612 -0.056180 0.139612 2
0.135324 0.136385 -0.002973 1
0.244543 -0.857493 0.199299 0
0.740320 0.110207 -0.355813 1
-0.010329 0.014796 0.067155 2
-0.693733 0.020084 0.156282 2
0.750534 0.170420 -0.165278 1
0.513409 0.243453 -0.160817 1
0.118254 -0.221577 0.060241 0
0.090752 -0.033649 0.053698 0
0.405929 0.243734 -0.119157 1
-0.759623 -0.089703 0.042757 2
-0.813830 -0.127249 0.129667 2
-0.133753 0.123605 0.084564 2
-0.678642 -0.023990 0.008766 2
-0.614606 0.033154 0.075618 2
0.682786 0.223239 -0.151117 1
-0.808184 -0.140417 0.068800 2
0.220419 0.216135 0.041339 1
-0.176174 0.098682 -0.079140 2
-0.257212 0.127137 0.076717 2
-0.735541 -0.051806 0.093158 2
0.239517 -0.603546 0.113611 0
0.776966 0.130074 -0.251037 1
-0.572248 0.049774 0.163338 2
-0.160843 0.110337 -0.020767 2
0.473639 0.255164 -0.110492 1
0.286677 -0.938732 0.191306 0
0.189895 -0.357467 0.116864 0
0.855943 0.042633 -0.258177 1
-0.419884 0.108925 0.224194 2
-0.531759 0.082418 0.085153 2
0.233451 0.230946 -0.151312 1
-0.363320 0.120518 0.104458 2
0.093229 -0.262161 0.087239 0
0.181011 0.222428 -0.178465 1
0.099637 -0.090961 0.067084 0
0.161648 -0.394218 0.085485 0
0.621704 0.215941 -0.222916 1
0.634856 0.201096 -0.302174 1
0.116043 -0.164875 0.091047 0
0.243939 -0.720944 0.219342 0
0.821466 0.058090 -0.318880 1
0.697401 0.184561 -0.242085 1
0.458108 0.249822 -0.214933 1
-0.245001 0.116054 -0.087624 2
0.041358 0.000515 0.032212 0
0.158142 0.172519 0.023560 1
0.212521 -0.699414 0.149758 0
0.686981 0.224003 -0.093850 1
0.380870 0.245365 -0.076192 1
0.165907 -0.310697 0.110999 0
0.480968 0.241131 -0.264667 1
0.166823 0.187706 -0.084014 1
0.138886 -0.249191 0.109222 0
-0.503606 0.098532 0.172755 2
0.067185 -0.120969 0.043460 0
0.180470 -0.449515 0.095856 0
0.795747 0.098682 -0.311441 1
-0.522906 0.072410 0.033466 2
0.410525 0.233187 -0.300165 1
0.712323 0.192386 -0.190443 1
0.299511 0.225590 -0.047780 1
0.229855 -0.798979 0.206716 0
-0.636875 -0.013980 -0.019485 2
-0.531717 0.055399 -0.054077 2
0.078711 -0.192979 0.075968 0
0.782221 0.138577 -0.196898 1
0.618746 0.246978 -0.089015 1
0.565117 0.237286 -0.232414 1
-0.598145 0.029429 0.023238 2
-0.388945 0.109173 0.058582 2
-0.256656 0.127611 -0.028301 2
0.749658 0.160092 -0.119306 1
0.592915 0.211365 -0.321606 1
0.212218 0.202657 -0.003292 1
0.661942 0.175867 -0.338436 1
0.633325 0.228660 -0.179093 1
0.545046 0.259397 -0.045629 1
-0.696394 -0.009400 0.049573 2
-0.121257 0.110891 0.130579 2
0.221657 -0.579224 0.149002 0
0.354882 0.255404 0.005922 1
0.489212 0.261217 -0.020065 1
-0.799633 -0.206268 0.155809 2
0.234861 -0.906149 0.167329 0
0.148552 0.153520 0.072283 1
0.120252 -0.378121 0.095452 0
0.727957 0.161227 -0.277363 1
0.311946 0.246155 0.072865 1
0.252568 -0.859384 0.150485 0
0.147513 -0.411315 0.133472 0
0.815952 0.087525 -0.164344 1
-0.278353 0.142413 0.156512 2
0.270348 -0.821583 0.192259 0
0.582639 0.242462 -0.144715 1
0.708928 0.160307 -0.320867 1
0.658051 0.199775 -0.260282 1
-0.230176 0.122097 0.041322 2
0.343586 0.245471 -0.196760 1
-0.198025 0.120294 0.160125 2
0.197205 -0.610885 0.183256 0
0.819451 0.018240 -0.337257 1
-0.323704 0.144108 0.195946 2
-0.717028 -0.003616 0.193217 2
0.856898 -0.023022 -0.274982 1
-0.333207 0.116618 0.014137 2
0.052718 0.038004 0.012810 1
0.223020 0.203794 0.085001 1
0.158423 0.184856 -0.151192 1
0.110030 -0.301588 0.080442 0
0.168619 -0.518385 0.123595 0
0.146142 -0.482874 0.110677 0
0.405872 0.249058 -0.171748 1
0.264153 0.236275 0.040271 1
0.251650 -0.652531 0.168186 0
-0.772642 -0.061451 0.184037 2
0.253877 0.211745 -0.044436 1
-0.650529 0.022297 0.095847 2
-0.468860 0.084497 -0.063577 2
-0.094734 0.105574 0.057803 2
0.104541 0.134993 -0.082436 1
-0.742221 -0.101768 0.006105 2
0.115770 0.089583 0.012629 1
0.263608 0.242269 -0.188799 1
-0.034040 0.054669 0.065814 2
0.420012 0.256135 0.030591 1
0.830552 -0.025207 -0.312727 1
-0.805471 -0.091475 0.149129 2
0.084159 0.067142 0.053842 1
-0.654031 0.030635 0.165193 2
0.035061 -0.077345 0.049595 0
0.127959 -0.326761 0.110562 0
-0.672385 -0.079600 -0.043713 2
-0.293401 0.122473 0.057680 2
-0.346797 0.116222 -0.040156 2
0.206936 -0.527132 0.112395 0
-0.809538 -0.205282 0.098456 2
0.164964 -0.487120 0.154542 0
0.301351 0.243355 -0.250929 1
-0.165470 0.121809 0.059153 2
0.280494 -0.739453 0.168815 0
-0.401901 0.105820 -0.073464 2
0.070421 -0.021344 0.014110 0
-0.452097 0.104577 0.084304 2
0.264403 -0.791496 0.165957 0
-0.122969 0.094579 -0.013141 2
0.230950 0.213488 -0.098400 1
-0.616352 0.012697 0.203121 2
0.102340 -0.131063 0.067373 0
-0.398547 0.118760 0.138540 2
-0.700216 -0.053604 -0.018827 2
0.063493 -0.157960 0.058461 0
-0.774913 -0.130067 0.049481 2
0.186873 -0.556247 0.146602 0
0.392272 0.245537 -0.256977 1
0.272162 -0.895081 0.199367 0
0.343455 0.266813 0.044150 1
-0.053045 0.041563 0.032343 2
0.260070 0.240891 -0.228201 1
-0.267485 0.142369 0.200395 2
0.314691 0.238825 -0.009875 1
-0.387352 0.133787 0.183122 2
-0.085356 0.090605 0.015163 2
-0.176744 0.133488 0.129704 2
-0.488191 0.090029 0.027611 2
-0.564502 0.032512 -0.039643 2
0.842791 0.069407 -0.232797 1
-0.570888 0.070880 0.197985 2
0.541898 0.238473 -0.189156 1
-0.414515 0.098928 -0.004711 2
0.034015 -0.026651 0.059070 0
-0.317244 0.125170 -0.065850 2
-0.440903 0.119967 0.137286 2
-0.227078 0.128021 -0.003161 2
0.507539 0.205679 -0.316221 1
0.367712 0.237723 -0.116313 1
0.512333 0.255953 -0.108762 1
0.236191 -0.622833 0.147997 0
0.434096 0.257423 -0.022684 1
0.486441 0.248714 -0.187797 1
0.128077 -0.207055 0.094265 0
-0.721592 -0.010550 0.103251 2
-0.815099 -0.158039 0.101988 2
0.078507 -0.162463 0.101686 0
0.458578 0.234998 -0.294920 1
-0.463647 0.115497 0.174145 2
0.563244 0.224495 -0.295606 1
-0.612857 0.036455 0.159691 2
0.247348 -0.728562 0.148529 0
-0.496504 0.083970 0.102306 2
0.128103 0.151340 0.032142 1
-0.749803 -0.044401 0.157880 2
0.227574 -0.711100 0.184305 0
-0.584357 0.013611 -0.064975 2
-0.497617 0.068443 0.211232 2
0.197804 -0.447530 0.129122 0
0.157627 0.147613 -0.035811 1
0.313214 0.247350 -0.169231 1
0.503114 0.251962 0.013038 1
-0.457396 0.096260 0.007969 2
-0.627901 -0.037185 -0.048515 2
-0.319728 0.142404 0.159225 2
-0.763970 -0.073733 0.110137 2
0.144933 0.184795 -0.116805 1
0.102890 0.124078 0.014258 1
0.342299 0.245126 -0.233464 1
0.238178 -0.786350 0.139720 0
0.574685 0.251760 -0.084798 1
-0.059321 0.084573 0.077449 2
0.247494 -0.686283 0.145280 0
-0.018533 0.001766 0.031484 2
0.105306 0.138580 -0.029719 1
-0.092356 0.071061 0.046755 2
0.423069 0.250566 -0.205606 1
0.208719 -0.649126 0.157268 0
0.055732 -0.048238 0.039233 0
-0.520301 0.036817 -0.089746 2
-0.324282 0.121240 0.091244 2
-0.679177 0.012937 0.122701 2
-0.385462 0.106929 -0.037643 2
0.140858 -0.286544 0.102077 0
-0.282460 0.127798 -0.055765 2
-0.801424 -0.128083 0.167003 2
-0.758590 -0.060624 0.067163 2
0.830076 0.057283 -0.284240 1
0.060759 -0.092468 0.069084 0
0.088070 0.106772 0.041600 1
-0.333423 0.112657 -0.098112 2
-0.544646 0.072510 0.174031 2
0.711289 0.202449 -0.154236 1
-0.772355 -0.166994 0.033025 2
0.264493 0.229583 -0.119175 1
0.245119 -0.751819 0.199859 0
0.193158 -0.516701 0.156445 0
0.770149 0.102116 -0.339154 1
-0.049276 0.064262 0.005864 2
0.440197 0.249983 -0.122553 1
-0.586513 0.053937 0.077155 2
0.326761 0.242804 -0.135989 1
0.180959 -0.419938 0.156708 0
-0.706333 -0.061548 0.014599 2
-0.361931 0.111510 0.033225 2
-0.758110 -0.035366 0.120336 2
0.710323 0.192233 -0.086656 1
0.167723 -0.381084 0.128985 0
-0.621684 0.001502 -0.046354 2
-0.570955 0.076050 0.140130 2
0.581481 0.189331 -0.345320 1
-0.626499 0.007508 0.005189 2
-0.503967 0.068503 -0.038768 2
0.152878 -0.450302 0.121636 0
0.626630 0.248691 -0.046013 1
-0.337998 0.135893 0.127543 2
0.125104 0.165539 -0.089791 1
-0.200101 0.120877 0.057253 2
0.152960 -0.348141 0.119363 0
0.658749 0.239259 -0.105196 1
-0.679464 0.022773 0.191128 2
0.248167 -0.683633 0.198258 0
0.173090 -0.580994 0.122323 0
-0.193404 0.123109 -0.019966 2
-0.704365 -0.007105 0.139185 2
0.190076 0.176678 0.033812 1
0.186817 -0.576422 0.173704 0
0.803722 0.119825 -0.233165 1
-0.421299 0.109143 0.069840 2
-0.710844 -0.038511 0.074474 2
0.093251 0.055328 0.023241 1
0.265525 -0.829589 0.159337 0
-0.795555 -0.127505 0.101610 2
-0.614153 0.044449 0.109728 2
0.274239 -0.855355 0.183848 0
-0.225210 0.128256 0.086179 2
-0.744963 -0.020884 0.181156 2
0.263638 -0.921820 0.174364 0
0.133060 -0.408184 0.101191 0
0.081093 -0.225160 0.068346 0
0.153105 -0.311506 0.078533 0
-0.573737 0.050117 0.015040 2
0.723961 0.137280 -0.346366 1
-0.455984 0.075262 -0.092487 2
-0.397407 0.108476 0.023687 2
0.778806 0.122982 -0.285917 1
0.535855 0.237651 -0.247390 1
-0.597804 0.063989 0.180435 2
-0.016108 0.045660 0.038956 2
0.486016 0.249978 -0.143914 1
0.190617 -0.458753 0.163806 0
-0.601334 0.065718 0.147043 2
0.565486 0.253400 -0.020672 1
0.198590 0.204430 -0.099371 1
0.065845 0.090475 -0.018988 1
-0.373498 0.104823 -0.106941 2
0.065232 0.004622 0.054148 0
0.541386 0.245347 -0.144065 1
0.389427 0.261357 0.017809 1
-0.732830 -0.075432 0.031176 2
0.395365 0.248262 -0.045006 1
-0.665841 0.002252 0.059521 2
-0.213422 0.107674 -0.075035 2
-0.812723 -0.158148 0.139470 2
0.472001 0.256322 -0.075359 1
0.078052 -0.065986 0.062661 0
0.381601 0.235807 -0.285817 1
0.539969 0.256602 -0.082697 1
0.299713 0.226570 -0.090731 1
0.803377 0.118263 -0.179661 1
0.816531 0.074094 -0.193454 1
-0.520015 0.067268 -0.005589 2
-0.116967 0.058491 -0.030890 2
-0.297919 0.124506 0.006128 2
-0.560022 0.070644 0.094242 2
0.679834 0.211666 -0.065294 1
0.105360 0.105696 -0.012811 1
-0.274410 0.130611 0.111360 2
-0.388670 0.113186 0.207325 2
0.066392 0.039034 0.049364 1
0.104719 -0.262083 0.118733 0
0.766055 0.150988 -0.145637 1
0.024211 0.015027 0.054511 0
-0.542142 0.058162 0.226185 2
0.114040 -0.185530 0.067201 0
-0.159485 0.115151 0.015265 2
0.850321 0.021455 -0.231924 1
0.179662 0.186826 0.005115 1
0.112610 -0.342531 0.088278 0
0.330327 0.237702 -0.065822 1
0.221161 -0.634711 0.181806 0
0.750080 0.146866 -0.251054 1
0.484293 0.245323 -0.231007 1
0.167274 0.178407 -0.046417 1
0.737936 0.175813 -0.196036 1
0.290147 0.249303 0.051038 1
0.103712 -0.430123 0.098747 0
0.649014 0.161446 -0.362571 1
0.687625 0.208066 -0.177620 1
-0.212143 0.134568 0.122479 2
-0.442451 0.120855 0.199445 2
-0.146496 0.127024 0.112455 2
0.865192 0.014045 -0.265087 1
0.286851 0.237104 0.014532 1
-0.784569 -0.102073 0.057864 2
0.204527 0.192802 -0.031385 1
0.624347 0.210335 -0.267283 1
-0.507174 0.098916 0.140471 2
-0.797766 -0.101737 0.120537 2
0.236865 -0.779843 0.182236 0
0.592541 0.228690 -0.216037 1
0.240587 -0.830392 0.183991 0
-0.650468 0.019128 0.200409 2
-0.324815 0.121027 0.215975 2
0.161587 -0.417873 0.106402 0
-0.454613 0.086178 -0.022359 2
0.447142 0.252308 -0.092650 1
0.457963 0.253091 -0.047899 1
-0.706809 -0.027613 0.208930 2
-0.650145 0.018183 0.130778 2
0.260092 -0.883563 0.167301 0
0.132314 -0.248203 0.077612 0
-0.124061 0.114137 0.057379 2
0.210135 0.224623 -0.169704 1
0.604843 0.248978 -0.115918 1
-0.350712 0.137519 0.183897 2
-0.764009 -0.088327 0.081466 2
0.518398 0.258526 -0.012469 1
-0.451987 0.094600 0.050484 2
0.219213 0.220449 -0.125296 1
0.241092 -0.899657 0.200943 0
0.147134 0.162592 -0.011641 1
0.670823 0.198683 -0.232737 1
0.567447 0.228917 -0.264976 1
-0.244631 0.127792 -0.055730 2
0.210593 -0.555312 0.121818 0
-0.603507 0.042088 0.215734 2
-0.722123 -0.013273 0.163482 2
-0.110526 0.119377 0.102784 2
0.164008 -0.366239 0.095432 0
-0.296405 0.143189 0.182951 2
0.486715 0.229126 -0.302565 1
0.060846 0.064906 -0.003122 1
-0.514398 0.081692 0.060302 2
-0.796283 -0.161470 0.051670 2
0.605862 0.213196 -0.294580 1
0.254293 -0.763198 0.159908 0
0.368078 0.245757 -0.021533 1
-0.162050 0.100579 -0.048592 2
-0.665049 -0.007993 0.030919 2
0.735662 0.184149 -0.143818 1
0.774734 0.144147 -0.224870 1
-0.705991 -0.009663 0.077658 2
0.803587 0.043666 -0.346515 1
0.730040 0.174242 -0.098880 1
0.409949 0.247537 -0.082701 1
-0.597742 0.043290 0.049058 2
0.608274 0.232851 -0.164641 1
-0.628509 0.028313 0.050381 2
0.527608 0.226588 -0.313269 1
0.751493 0.082636 -0.349920 1
0.184645 0.198841 -0.153993 1
0.247279 -0.818833 0.218599 0
0.752850 0.123636 -0.330667 1
-0.668767 -0.023568 -0.020886 2
-0.391276 0.120267 0.085092 2
0.090175 0.068589 -0.002965 1
-0.806184 -0.199042 0.128748 2
0.258584 -0.727839 0.191608 0
0.220058 -0.728202 0.157430 0
0.369137 0.249111 -0.179402 1
-0.230065 0.138651 0.155052 2
0.242609 0.217869 -0.189505 1
-0.505802 0.094335 0.200880 2
0.709288 0.113084 -0.349930 1
0.698858 0.213036 -0.127341 1
0.112793 -0.243103 0.097726 0
0.695207 0.189908 -0.214211 1
0.392456 0.245085 -0.144170 1
0.813148 0.082811 -0.293381 1
-0.523126 0.081620 0.112228 2
-0.454289 0.107923 0.112432 2
-0.729301 -0.073764 0.003079 2
-0.307978 0.121831 0.033361 2
0.186747 -0.475170 0.106006 0
-0.821445 -0.182718 0.086223 2
0.660517 0.188435 -0.313179 1
0.602659 0.239634 -0.028636 1
0.419093 0.249636 -0.233852 1
0.288048 0.228632 -0.012359 1
0.062923 0.012067 0.017150 1
0.702513 0.176209 -0.275179 1
-0.356217 0.122932 0.077286 2
-0.296074 0.130321 0.093353 2
0.095050 0.129626 -0.054499 1
-0.187391 0.110790 -0.055304 2
0.127719 -0.318530 0.137395 0
-0.759538 -0.114625 0.024021 2
-0.507118 0.066527 -0.071098 2
0.217825 -0.585000 0.121836 0
0.419121 0.261045 0.003044 1
0.437702 0.224985 -0.310504 1
0.656930 0.227200 -0.160832 1
-0.346924 0.119585 -0.009942 2
-0.781371 -0.074605 0.161184 2
0.314160 0.265216 0.052828 1
-0.266398 0.121152 0.050217 2
-0.544544 0.058235 0.023476 2
-0.547972 0.069185 0.067011 2
-0.441257 0.092383 -0.075624 2
-0.415703 0.127876 0.200777 2
0.210199 0.192073 0.050427 1
0.685406 0.174805 -0.319722 1
0.839659 0.039714 -0.309086 1
0.237351 0.209934 -0.018812 1
0.760819 0.160435 -0.195893 1
0.115739 -0.274445 0.077203 0
0.020976 -0.051543 0.042463 0
0.265990 0.220762 -0.205758 1
0.237147 0.225857 0.067197 1
0.076298 0.041172 -0.000952 1
0.198415 -0.671721 0.145506 0
0.092434 -0.003168 0.045772 1
0.423489 0.244993 -0.144714 1
0.796489 0.081314 -0.332692 1
0.210459 -0.618603 0.139492 0
0.630544 0.192469 -0.327851 1
-0.257285 0.138394 0.173565 2
-0.145741 0.113388 0.040646 2
-0.677667 0.018758 0.094654 2
0.099865 -0.198792 0.092353 0
0.126593 0.135712 -0.047975 1
0.061352 -0.025511 0.058555 0
-0.653658 -0.011151 0.006242 2
0.577682 0.251704 -0.116977 1
0.357927 0.238404 -0.090823 1
-0.690798 -0.030042 0.032628 2
0.236218 0.214771 0.014145 1
0.196256 0.189222 0.090292 1
0.173466 -0.435753 0.132123 0
-0.373084 0.129888 0.128026 2
-0.402724 0.097954 -0.100377 2
0.446718 0.259746 0.038768 1
0.011032 -0.013361 0.064453 0
0.672482 0.225059 -0.126155 1
0.078878 -0.088812 0.048198 0
0.260078 0.235086 -0.153371 1
0.161333 -0.544370 0.122708 0
0.158346 0.173598 0.050538 1
0.276121 -0.770603 0.178339 0
0.307936 0.235827 -0.115846 1
0.449678 0.250661 -0.189402 1
0.511166 0.260692 -0.038928 1
-0.553373 0.069618 0.120909 2
0.089916 -0.062377 0.031417 0
0.369815 0.246737 -0.242376 1
0.603329 0.222641 -0.241220 1
-0.692498 0.002445 0.206400 2
0.189129 -0.489633 0.165788 0
-0.736961 -0.039428 0.068675 2
0.843054 -0.046465 -0.291556 1
0.681904 0.160966 -0.348001 1
0.640306 0.212457 -0.199107 1
0.225671 -0.671325 0.148724 0
0.108377 -0.157100 0.066796 0
-0.780699 -0.082323 0.128934 2
0.776644 0.144784 -0.171660 1
0.756466 0.139416 -0.275755 1
0.140765 -0.383816 0.121939 0
0.512724 0.244950 -0.187706 1
-0.731806 -0.031984 0.120310 2
0.718977 0.166545 -0.241116 1
0.138504 0.124360 -0.026386 1
0.220855 -0.608277 0.163924 0
0.339361 0.253540 0.066638 1
0.458209 0.259862 -0.012160 1
0.512589 0.241310 -0.259302 1
0.458765 0.245825 -0.251214 1
-0.650540 0.025229 0.069630 2
0.851029 -0.030799 -0.250467 1
-0.576563 0.032497 -0.013588 2
0.198601 -0.426807 0.102110 0
0.840078 0.070113 -0.205745 1
0.144242 -0.226970 0.087592 0
0.564993 0.240368 -0.164129 1
-0.637433 0.051010 0.164152 2
0.856390 0.018947 -0.206460 1
0.233397 -0.875174 0.159127 0
0.285723 0.235641 -0.231192 1
0.099950 -0.129424 0.041312 0
0.205833 0.204153 0.023165 1
-0.176450 0.136275 0.155734 2
0.728115 0.187809 -0.170117 1
0.261275 -0.918423 0.203822 0
0.014102 -0.011468 0.023107 0
0.221015 -0.688807 0.172410 0
-0.201910 0.130653 0.183765 2
-0.110178 0.094925 0.091407 2
-0.145940 0.114718 0.137991 2
-0.482008 0.098290 0.156031 2
-0.163813 0.125383 0.092208 2
-0.247143 0.117535 0.185309 2
-0.221071 0.115377 0.171017 2
0.542759 0.239617 -0.219445 1
0.836423 0.069028 -0.262012 1
0.128792 -0.344333 0.135121 0
0.434345 0.236501 -0.285983 1
0.162981 -0.490317 0.128852 0
-0.269214 0.123916 -0.083124 2
0.644436 0.207864 -0.232115 1
0.775854 0.123365 -0.311756 1
-0.573460 0.045257 0.199263 2
-0.546270 0.057362 0.200765 2
-0.679220 -0.044718 -0.006828 2
0.566275 0.214391 -0.321539 1
0.796254 0.106968 -0.268754 1
0.069261 0.059169 0.031436 1
0.168534 -0.341011 0.095142 0
0.829398 0.091202 -0.231182 1
-0.080654 0.054548 0.031133 2
0.323604 0.228777 -0.239416 1
0.225608 -0.925450 0.181242 0
0.193381 -0.583030 0.137589 0
-0.296069 0.124105 0.211658 2
-0.526271 0.058142 -0.028470 2
0.847127 0.027113 -0.277281 1
-0.528728 0.089850 0.164454 2
0.063574 -0.130717 0.068271 0
0.046717 -0.024930 0.035039 0
-0.760165 -0.050937 0.099039 2
0.285733 0.244085 -0.170588 1
-0.264911 0.127189 -0.001309 2
0.167133 -0.462596 0.138571 0
0.354001 0.243821 0.043188 1
0.646718 0.242657 -0.083194 1
0.729328 0.146641 -0.314750 1
-0.107571 0.117041 0.077768 2
0.115203 -0.289808 0.102944 0
0.129088 0.154755 -0.027501 1
-0.084865 0.085702 0.069885 2
0.239524 -0.804875 0.183558 0
-0.741690 -0.129110 -0.001757 2
-0.142808 0.097154 -0.032309 2
0.407489 0.239351 -0.276024 1
0.655857 0.200147 -0.285280 1
0.460968 0.246879 -0.137737 1
-0.612762 0.002583 -0.020329 2
0.086508 -0.146464 0.084172 0
0.170315 0.199617 -0.110261 1
0.236770 0.212092 -0.074156 1
0.801088 0.103774 -0.152596 1
0.151744 -0.260678 0.087073 0
0.130043 -0.356467 0.113412 0
0.261286 -0.793452 0.190577 0
0.835814 0.003970 -0.322396 1
-0.669454 0.034021 0.145965 2
-0.443525 0.101879 0.220977 2
-0.282308 0.125055 -0.020833 2
0.288380 0.238295 0.073865 1
-0.703073 0.013275 0.181556 2
0.004772 0.027601 0.045629 0
0.277596 0.219334 -0.038022 1
-0.797942 -0.118717 0.074994 2
0.045538 -0.048244 0.062937 0
0.833032 0.072569 -0.175045 1
-0.754994 -0.050853 0.197788 2
-0.651641 -0.021629 -0.039696 2
-0.080880 0.091976 0.040398 2
-0.624922 0.026951 0.026013 2
0.367483 0.260256 0.030754 1
0.143850 -0.420502 0.156023 0
-0.030432 0.026924 0.031889 2
0.511334 0.250878 -0.137497 1
-0.601320 0.039933 0.183856 2
0.607874 0.225021 -0.197220 1
0.198924 -0.496457 0.105062 0
0.085979 -0.146001 0.056875 0
-0.383095 0.126671 0.156619 2
0.205603 -0.537484 0.152840 0
-0.478670 0.084888 -0.035234 2
-0.204148 0.127052 0.006663 2
0.238545 -0.596207 0.144842 0
-0.706357 0.005778 0.112851 2
0.198002 0.222782 -0.143853 1
-0.811301 -0.167113 0.070603 2
0.367480 0.240499 -0.045952 1
-0.478231 0.095870 0.091642 2
0.271330 -0.753078 0.199283 0
-0.396584 0.122433 0.112897 2
-0.666407 0.033422 0.120842 2
0.474970 0.245991 0.030099 1
-0.549052 0.042288 -0.064699 2
0.076135 -0.038583 0.030580 0
0.117808 0.172155 -0.118578 1
-0.525625 0.069173 0.188502 2
0.222452 -0.554493 0.145181 0
0.560900 0.256508 -0.065589 1
-0.345837 0.098152 -0.074467 2
-0.805190 -0.104614 0.171010 2
0.130965 0.145911 0.057715 1
0.069515 -0.095629 0.091191 0
-0.134947 0.106594 0.003811 2
-0.164194 0.081495 -0.062937 2
-0.251737 0.132890 0.103933 2
-0.807226 -0.183719 0.153095 2
0.634847 0.244889 -0.110380 1
0.332527 0.250722 0.013043 1
0.141468 0.172968 -0.074003 1
0.565268 0.234034 -0.206475 1
-0.598381 0.014185 -0.045581 2
-0.736812 -0.066014 0.059008 2
0.091939 -0.237711 0.085499 0
-0.057187 0.065531 0.063261 2
0.193451 -0.629154 0.153538 0
-0.477010 0.106122 0.191509 2
0.170273 -0.406813 0.128033 0
0.252330 -0.626682 0.165100 0
0.207263 0.208593 0.067783 1
0.603114 0.200101 -0.340174 1
0.855634 -0.008433 -0.293754 1
-0.375611 0.115696 -0.057461 2
-0.773383 -0.047803 0.164554 2
-0.817854 -0.128392 0.093347 2
0.343456 0.238477 -0.118922 1
0.240424 -0.873573 0.181799 0
0.340067 0.246415 -0.170672 1
-0.109441 0.097915 0.006064 2
0.514621 0.214532 -0.336993 1
0.175043 0.169468 0.082486 1
-0.626993 0.029968 0.178650 2
0.856386 0.044286 -0.232920 1
-0.689657 -0.075266 -0.028180 2
-0.628867 0.032194 0.094431 2
0.321977 0.248242 -0.216568 1
0.127032 -0.315887 0.088428 0
0.133344 -0.297016 0.068360 0
0.155677 -0.464459 0.099583 0
-0.407438 0.098931 -0.051671 2
0.283211 0.219072 -0.063424 1
-0.687874 -0.024275 0.065658 2
0.656445 0.218675 -0.070754 1
0.540428 0.255943 -0.020197 1
0.207279 -0.512865 0.130997 0
-0.256494 0.139048 0.147536 2
0.597433 0.253094 -0.079425 1
-0.646123 -0.049374 -0.056718 2
-0.609002 0.025526 -0.002507 2
-0.632556 0.030059 0.148958 2
0.516544 0.256958 -0.082414 1
0.237544 -0.843847 0.165198 0
0.256676 -0.877787 0.201505 0
-0.420543 0.114547 0.147233 2
-0.436515 0.097066 -0.011976 2
-0.727662 -0.024614 0.085814 2
-0.003277 0.000916 0.048912 2
0.343236 0.245615 -0.011505 1
-0.240442 0.126640 0.021176 2
-0.546273 0.043316 -0.030646 2
0.865757 -0.008323 -0.259641 1
0.066687 -0.169483 0.078118 0
0.083746 0.101869 0.008884 1
0.352994 0.241506 -0.065389 1
-0.465144 0.093878 0.031689 2
-0.508958 0.078631 0.010990 2
-0.030309 0.063613 0.040448 2
-0.098657 0.104758 0.120484 2
-0.386598 0.091029 -0.081959 2
0.178816 -0.502159 0.140386 0
0.238235 -0.645581 0.149010 0
-0.004980 0.018765 0.024107 2
0.356013 0.249135 -0.215560 1
0.093544 0.086513 0.028269 1
0.203994 -0.591444 0.173238 0
-0.042248 0.042765 0.008409 2
-0.093735 0.086043 -0.005483 2
-0.730142 -0.021361 0.198726 2
0.200239 0.224251 -0.190471 1
0.141769 -0.370636 0.094669 0
0.184386 0.189103 -0.056743 1
0.088684 -0.109764 0.041806 0
-0.546537 0.070652 0.042319 2
-0.295543 0.129629 -0.074131 2
-0.601915 0.056710 0.095191 2
0.222022 -0.683639 0.198089 0
-0.615435 0.057791 0.127879 2
0.236016 -0.673382 0.179197 0
-0.172415 0.119877 -0.002571 2
0.840439 -0.045945 -0.269196 1
-0.453827 0.091131 -0.048180 2
0.701886 0.172683 -0.303440 1
0.175324 -0.425147 0.090145 0
0.145449 -0.433579 0.108611 0
0.185535 -0.473646 0.145179 0
-0.361244 0.110384 0.059365 2
-0.229721 0.131808 0.108813 2
-0.466449 0.082226 0.206954 2
0.146598 -0.326758 0.093589 0
0.223958 0.201736 -0.038008 1
0.146346 -0.391990 0.144707 0
-0.703459 -0.035117 0.050354 2
-0.479970 0.093201 0.048526 2
0.585677 0.222804 -0.294288 1
0.395180 0.245600 -0.099651 1
-0.068457 0.079828 0.005338 2
0.701638 0.149236 -0.348431 1
0.109089 0.146883 -0.056053 1
0.320202 0.233740 -0.046413 1
-0.818788 -0.135844 0.155520 2
-0.682289 -0.048928 -0.031316 2
-0.748292 -0.019974 0.155699 2
-0.817425 -0.184543 0.112096 2
0.091710 0.123203 -0.021417 1
0.248535 0.239836 -0.204818 1
0.062051 -0.009244 0.032146 0
0.091591 -0.171608 0.061394 0
0.087911 0.091489 -0.020111 1
0.128112 -0.184954 0.084245 0
0.103070 -0.206478 0.065730 0
0.236477 0.236842 -0.179975 1
0.727333 0.176648 -0.215338 1
-0.413409 0.099393 -0.029179 2
-0.562350 0.057146 0.183095 2
-0.413403 0.107542 0.047989 2
0.417249 0.249670 -0.045008 1
0.171127 -0.390686 0.104927 0
-0.706690 -0.047904 0.032188 2
-0.773393 -0.083409 0.060371 2
0.188509 0.197173 0.049723 1
-0.759101 -0.052493 0.137876 2
0.025854 -0.012915 0.041522 0
-0.648608 0.010176 0.014660 2
0.314355 0.248692 -0.191042 1
0.181978 -0.542133 0.129592 0
-0.561343 0.068317 0.158166 2
0.477603 0.257526 -0.039427 1
0.147108 0.170036 -0.046954 1
-0.567629 0.031244 -0.061605 2
-0.625909 0.031361 0.209201 2
-0.743051 -0.034835 0.138787 2
-0.584809 0.070673 0.164236 2
-0.771094 -0.092687 0.102092 2
-0.565091 0.058738 0.076733 2
0.258981 -0.741149 0.165993 0
0.472063 0.248621 -0.160550 1
-0.439494 0.114145 0.158189 2
0.119686 0.118897 -0.003171 1
-0.704243 -0.041481 0.006528 2
0.396175 0.247602 -0.196595 1
-0.432401 0.117113 0.115292 2
-0.308111 0.121969 0.073585 2
-0.203000 0.138014 0.148691 2
-0.464506 0.096472 0.068547 2
-0.476407 0.078064 -0.082801 2
0.821534 0.094234 -0.187502 1
0.685193 0.186615 -0.267588 1
0.082801 -0.186192 0.096308 0
-0.216107 0.124800 -0.021452 2
-0.647357 0.038297 0.191029 2
-0.547593 0.081868 0.193232 2
-0.706930 -0.072453 -0.004230 2
-0.217670 0.124572 0.023205 2
-0.638613 0.032113 0.113601 2
0.194581 0.166359 -0.039263 1
-0.296871 0.135881 0.147793 2
0.116518 0.133292 0.033284 1
-0.589601 0.062215 0.203832 2
0.496968 0.245699 -0.206216 1
-0.623650 0.056366 0.148664 2
-0.718506 -0.015594 0.125538 2
0.276903 0.244622 -0.205398 1
-0.677491 0.007473 0.176330 2
0.245816 -0.699995 0.215571 0
0.444264 0.250073 -0.231186 1
-0.560725 0.066878 0.216324 2
0.048211 -0.009523 0.053345 0
0.608569 0.242442 -0.135887 1
0.263121 0.229388 0.015713 1
0.250315 0.228995 -0.135097 1
0.790193 0.129531 -0.214488 1
0.223120 -0.631408 0.128120 0
0.486772 0.257454 -0.090633 1
0.550804 0.231579 -0.277943 1
0.284976 0.234789 -0.116926 1
-0.650734 0.044034 0.149037 2
-0.824571 -0.158114 0.120989 2
-0.108603 0.103471 0.041342 2
-0.243336 0.123143 0.057905 2
-0.789503 -0.130970 0.184281 2
0.258394 -0.841492 0.198319 0
-0.417367 0.083573 -0.086393 2
-0.438304 0.102296 0.015277 2
0.473728 0.212511 -0.303404 1
-0.509629 0.083968 0.218969 2
0.061641 -0.075466 0.041643 0
-0.176647 0.117735 0.041757 2
0.529306 0.252819 -0.126691 1
-0.670596 -0.012820 0.076026 2
0.221866 0.219786 -0.186655 1
0.170823 0.167919 -0.004606 1
0.148705 0.153764 0.022773 1
0.078420 -0.115077 0.076049 0
-0.772218 -0.146040 0.031778 2
-0.499887 0.088056 0.124069 2
0.246828 0.225828 0.034735 1
-0.719507 -0.048681 0.058324 2
-0.745325 -0.091796 0.024268 2
0.377582 0.247260 -0.160322 1
-0.456893 0.106492 0.138443 2
0.664596 0.220408 -0.179077 1
0.806712 0.107305 -0.249655 1
0.222897 -0.658828 0.171892 0
-0.017238 0.042417 0.063673 2
-0.373811 0.118335 0.016245 2
-0.658574 -0.064578 -0.049758 2
-0.582824 0.031552 0.006271 2
0.078478 0.030955 0.017079 1
0.131275 -0.302519 0.111403 0
0.114790 0.138485 -0.011183 1
0.365672 0.239230 -0.266184 1
-0.082995 0.103790 0.085506 2
0.546979 0.222229 -0.319446 1
-0.812827 -0.116300 0.147315 2
0.604325 0.175256 -0.343527 1
0.203667 -0.647300 0.137196 0
-0.685810 -0.008212 0.031584 2
-0.488725 0.084869 0.220277 2
0.735574 0.181955 -0.117321 1
0.775830 0.129632 -0.134332 1
0.180180 -0.491823 0.116382 0
0.153811 -0.432508 0.137693 0
0.055217 -0.109956 0.059534 0
-0.107558 0.079706 -0.019455 2
-0.017940 0.027744 0.049057 2
0.496745 0.225623 -0.320266 1
-0.363821 0.113933 -0.020344 2
0.082345 0.087418 0.045875 1
0.736568 0.152020 -0.296204 1
0.735492 0.159757 -0.257839 1
0.810154 0.061275 -0.301959 1
-0.547276 0.083445 0.156669 2
-0.124780 0.084186 -0.030835 2
-0.504918 0.079885 0.040166 2
0.230410 -0.650175 0.191783 0
0.565233 0.244262 -0.133859 1
-0.744839 -0.061402 0.040618 2
-0.772379 -0.051735 0.121299 2
0.626964 0.250943 -0.070596 1
-0.586490 0.050798 0.033605 2
-0.375458 0.132393 0.199794 2
-0.777007 -0.074129 0.088491 2
0.475696 0.259748 -0.001495 1
0.178872 -0.449129 0.148587 0
0.631850 0.171635 -0.350248 1
0.157963 -0.330443 0.110219 0
0.114921 0.145817 -0.099815 1
0.196722 0.192690 -0.012202 1
-0.277405 0.125485 0.079412 2
0.818528 0.041151 -0.329925 1
0.095257 -0.269471 0.068269 0
-0.760346 -0.035598 0.174410 2
0.528664 0.240861 -0.204488 1
0.229833 -0.738349 0.199333 0
-0.332431 0.137390 0.174891 2
-0.393221 0.109270 -0.018947 2
0.169191 -0.436602 0.108568 0
0.592293 0.250682 -0.100016 1
0.194990 0.207486 -0.180275 1
-0.505130 0.081336 0.084118 2
0.528107 0.259777 -0.056811 1
-0.070754 0.095170 0.058838 2
0.231996 -0.701977 0.154733 0
-0.707193 0.005148 0.163459 2
-0.718014 -0.023770 0.062575 2
0.226827 -0.613295 0.182615 0
0.327702 0.242989 -0.259800 1
-0.323487 0.122062 -0.002768 2
0.198148 -0.594948 0.154188 0
0.089574 -0.166730 0.085297 0
-0.178134 0.124342 0.074707 2
0.127751 -0.264611 0.102379 0
0.807419 0.081006 -0.312675 1
0.263268 0.219729 -0.021730 1
-0.401291 0.130641 0.164425 2
0.069567 -0.043047 0.064190 0
0.650427 0.234397 -0.126285 1
0.159270 -0.294288 0.099504 0
-0.677460 0.030629 0.164128 2
-0.722182 -0.034707 0.102842 2
0.271309 -0.899273 0.172987 0
-0.321188 0.124547 -0.041703 2
-0.334471 0.133442 0.148900 2
0.203524 -0.467512 0.127238 0
-0.584220 -0.010742 -0.059099 2
0.185685 -0.549140 0.165356 0
0.399206 0.248842 -0.236424 1
0.146273 -0.391894 0.104414 0
-0.694204 -0.026864 0.084521 2
-0.388301 0.108981 -0.090752 2
0.750205 0.170112 -0.136678 1
0.236986 -0.728923 0.183133 0
-0.334446 0.131744 0.104948 2
0.103377 -0.225957 0.072917 0
0.629598 0.234055 -0.152559 1
0.273226 0.241842 0.058688 1
0.250149 -0.671223 0.132397 0
-0.542179 0.080970 0.102156 2
-0.680230 0.007853 0.148049 2
-0.527254 0.090266 0.191646 2
0.252883 0.222559 -0.104521 1
-0.722901 -0.000202 0.141884 2
0.203574 -0.570373 0.164717 0
0.090141 -0.250129 0.069985 0
-0.635876 0.005169 -0.012258 2
-0.266411 0.122567 0.186245 2
0.397232 0.254503 0.042289 1
-0.176772 0.112166 -0.038537 2
-0.229117 0.119768 -0.073335 2
0.498415 0.232600 -0.286864 1
-0.486292 0.075387 -0.050941 2
-0.336609 0.120750 -0.065198 2
0.774318 0.089493 -0.353918 1
0.144004 0.176387 -0.134776 1
0.230626 0.204525 -0.056496 1
0.079635 0.001286 0.031268 1
0.618733 0.208535 -0.311045 1
-0.785371 -0.110705 0.104388 2
0.713922 0.183151 -0.106260 1
-0.782320 -0.089638 0.148279 2
-0.751009 -0.073360 0.081156 2
0.237528 0.220001 -0.117752 1
0.102826 -0.224519 0.095474 0
0.312387 0.228408 -0.075630 1
-0.336205 0.120783 0.039143 2
-0.788720 -0.075838 0.112057 2
0.093181 -0.055397 0.055598 0
0.434661 0.259422 0.015155 1
0.697550 0.207142 -0.084379 1
0.260221 0.213110 -0.063102 1
0.173282 0.187389 0.041800 1
0.672902 0.231105 -0.081992 1
0.830209 0.082448 -0.248828 1
0.581017 0.230973 -0.250838 1
0.007276 0.005295 0.031607 0
0.449399 0.241649 -0.268027 1
-0.664318 0.007847 0.110827 2
0.171138 0.208615 -0.143519 1
0.125133 0.134600 0.013773 1
-0.457613 0.109216 0.192774 2
-0.665240 0.016530 0.157378 2
-0.775523 -0.108193 0.041543 2
-0.355270 0.114052 0.199089 2
0.305676 0.229121 -0.231426 1
-0.533929 0.031509 -0.076673 2
-0.785317 -0.076081 0.180953 2
-0.717977 -0.020576 0.183378 2
-0.783957 -0.176679 0.050813 2
-0.821162 -0.135354 0.113404 2
0.274563 -0.911983 0.189776 0
0.177638 -0.525785 0.139436 0
-0.439076 0.095176 0.065179 2
0.258695 -0.685160 0.180884 0
-0.666218 0.006641 0.084464 2
-0.652234 0.006091 0.214851 2
0.025254 -0.035080 0.032860 0
0.143787 0.158907 0.050794 1
0.219579 0.208028 -0.082468 1
0.173296 -0.520396 0.169013 0
0.263019 -0.755205 0.181758 0
0.175224 -0.595498 0.149355 0
-0.205954 0.128178 0.102777 2
-0.813819 -0.153073 0.163142 2
-0.582862 0.060840 0.128963 2
0.139217 0.158614 0.006487 1
0.195409 -0.565251 0.128786 0
-0.740490 -0.027768 0.103445 2
0.352465 0.244449 -0.250792 1
0.302928 0.244621 -0.152724 1
-0.152793 0.123335 0.076378 2
0.418499 0.249042 -0.100039 1
-0.044418 0.066675 0.024475 2
0.846147 -0.012542 -0.310151 1
0.077487 -0.014362 0.050904 0
0.380018 0.256025 -0.003666 1
-0.006175 -0.015129 0.035886 2
0.674497 0.211758 -0.083897 1
-0.269680 0.137147 0.128951 2
0.154594 0.187364 -0.099002 1
-0.071593 0.068525 0.047068 2
0.251530 -0.778822 0.198614 0
-0.660102 0.011561 0.183703 2
-0.613459 0.054481 0.166628 2
-0.729015 -0.105098 -0.007572 2
0.266406 -0.810378 0.157945 0
-0.744189 -0.040903 0.185297 2
0.147459 -0.310980 0.105247 0
0.303575 0.229395 -0.029350 1
-0.499889 0.070318 -0.020043 2
-0.794009 -0.129531 0.051826 2
0.623810 0.210896 -0.288077 1
0.865139 0.016863 -0.243270 1
-0.784206 -0.105467 0.077177 2
-0.761490 -0.103362 0.056134 2
-0.801036 -0.182172 0.076666 2
-0.619037 -0.017363 -0.048629 2
0.273530 -0.937991 0.177264 0
0.539729 0.240045 -0.162420 1
0.064104 0.030300 0.032447 1
0.612553 0.235683 -0.046576 1
0.104837 -0.313383 0.094640 0
0.584708 0.239892 -0.035365 1
0.622760 0.214713 -0.242019 1
-0.195094 0.101667 -0.078801 2
0.829511 0.027956 -0.321468 1
-0.519635 0.054412 -0.082251 2
-0.533047 0.059489 0.008245 2
0.329423 0.245991 -0.154795 1
0.787270 0.102161 -0.330680 1
0.165620 -0.403792 0.146311 0
-0.403047 0.106815 0.074952 2
0.247881 -0.805400 0.200720 0
-0.703243 0.011794 0.136724 2
0.567434 0.199589 -0.337489 1
0.202636 -0.486627 0.148023 0
-0.663308 -0.026693 -0.002243 2
0.250156 -0.711138 0.155749 0
-0.745908 -0.051676 0.111663 2
0.125327 -0.225836 0.077372 0
-0.150807 0.133100 0.129949 2
-0.335472 0.125334 0.076427 2
0.248402 -0.711948 0.189334 0
-0.800509 -0.137254 0.086079 2
-0.148432 0.085053 -0.049859 2
-0.483145 0.083242 0.006550 2
-0.415114 0.101025 0.014140 2
0.152592 -0.369657 0.126343 0
0.711817 0.202956 -0.102228 1
0.193430 0.198395 -0.082164 1
0.817318 0.106646 -0.232421 1
-0.126713 0.124321 0.111279 2
0.365806 0.248334 -0.198021 1
0.248138 -0.676091 0.164927 0
-0.810773 -0.116365 0.106119 2
0.273787 -0.871217 0.171497 0
0.764360 0.068823 -0.348881 1
0.119924 -0.206229 0.077231 0
-0.695028 -0.011268 0.193666 2
0.179379 -0.407277 0.101324 0
0.115713 -0.166824 0.052381 0
-0.788584 -0.098706 0.163596 2
0.580480 0.256046 -0.063864 1
0.528658 0.203596 -0.328914 1
0.104741 0.121710 0.042457 1
-0.203465 0.142940 0.166872 2
-0.413389 0.113425 0.121556 2
-0.573499 0.001399 -0.074271 2
-0.282580 0.132750 0.190247 2
-0.029394 0.053075 0.024910 2
0.075488 0.060324 0.007721 1
0.185093 0.191444 0.023340 1
0.410325 0.246101 -0.251862 1
-0.265429 0.126871 -0.064982 2
0.503289 0.244066 -0.234296 1
0.328544 0.255962 0.040720 1
0.190258 -0.523519 0.120153 0
-0.772877 -0.088127 0.190659 2
0.211414 -0.542531 0.135495 0
0.093091 0.116818 -0.003879 1
0.341191 0.237892 -0.082483 1
-0.321379 0.124533 -0.090135 2
-0.677611 -0.009502 0.050979 2
0.260279 -0.760821 0.212214 0
0.116521 0.154683 -0.071317 1
-0.332524 0.118049 0.199235 2
0.122396 -0.256069 0.063917 0
0.072995 0.080186 -0.001776 1
0.406767 0.249858 -0.214602 1
0.488608 0.247350 -0.169342 1
0.010542 -0.026206 0.050819 0
0.207354 -0.594839 0.134304 0
0.557648 0.246986 -0.005102 1
0.183130 0.183564 -0.038242 1
0.803773 0.120413 -0.205702 1
0.122308 -0.357537 0.093322 0
0.098622 0.074249 0.015305 1
-0.719756 -0.062354 0.032664 2
-0.611363 0.053135 0.199524 2
0.710959 0.185388 -0.222890 1
0.074329 -0.184551 0.060047 0
-0.043372 0.053877 0.049821 2
0.159426 0.171054 -0.031323 1
-0.176995 0.127294 0.171930 2
-0.481370 0.095567 0.109895 2
0.075913 -0.208689 0.085365 0
0.793097 0.107649 -0.295460 1
-0.698153 0.001521 0.090159 2
-0.128595 0.113607 0.147354 2
0.223023 -0.607556 0.131584 0
-0.419202 0.102360 -0.065531 2
0.642257 0.209088 -0.262703 1
-0.517485 0.085081 0.147112 2
0.032625 -0.039168 0.072597 0
-0.795878 -0.076116 0.145456 2
0.254401 -0.724241 0.173983 0
0.050303 -0.084259 0.081873 0
0.093887 0.089343 -0.002806 1
-0.515004 0.062377 0.210683 2
0.555079 0.253166 -0.092659 1
-0.252573 0.132557 0.194456 2
0.242822 -0.607088 0.164522 0
-0.197321 0.124667 0.075027 2
-0.434401 0.109545 0.084573 2
0.828786 0.091285 -0.208290 1
0.168098 -0.357720 0.111178 0
0.170182 -0.475398 0.113924 0
-0.750104 -0.066303 0.100673 2
0.699743 0.216447 -0.109325 1
0.236118 -0.736090 0.161462 0
0.161812 0.198498 -0.126472 1
0.710312 0.174401 -0.258680 1
-0.584525 0.064887 0.091717 2
-0.150980 0.111415 -0.003634 2
0.141294 -0.294341 0.085515 0
-0.750230 -0.045793 0.084038 2
0.251330 -0.862975 0.171615 0
0.845100 0.053287 -0.268351 1
-0.560032 0.013510 -0.067234 2
-0.239010 0.138700 0.173480 2
0.724801 0.101507 -0.351679 1
0.273931 0.226694 -0.100562 1
0.489532 0.243383 -0.248389 1
0.101314 0.114664 -0.043280 1
0.312514 0.248255 -0.232157 1
0.125256 -0.154181 0.073015 0
0.823347 -0.008366 -0.327322 1
0.139923 0.176866 -0.091721 1
0.790053 0.134098 -0.177778 1
0.431548 0.249997 -0.188173 1
0.132690 -0.265533 0.083102 0
0.421507 0.250146 -0.162035 1
0.301026 0.239534 -0.135385 1
0.114296 0.118715 -0.021792 1
-0.381262 0.115102 0.223796 2
0.286608 0.245463 -0.188668 1
0.211828 -0.632828 0.164618 0
0.034213 -0.062346 0.059774 0
0.813212 0.062118 -0.334524 1
0.233785 -0.790553 0.167927 0
-0.321149 0.130957 0.136856 2
-0.576032 0.021629 -0.048370 2
-0.666246 0.032356 0.183329 2
0.753707 0.159548 -0.214093 1
-0.428859 0.102119 0.210051 2
0.183198 -0.458853 0.112922 0
0.752727 0.149982 -0.233451 1
-0.479111 0.099700 0.173806 2
-0.251911 0.123252 0.039668 2
0.326212 0.236381 -0.029615 1
0.085914 -0.023867 0.034180 1
-0.053644 0.083588 0.060376 2
-0.486760 0.070832 -0.068367 2
0.409158 0.252920 -0.029246 1
-0.601194 0.049529 0.067703 2
0.819655 0.067747 -0.268407 1
0.764140 0.156395 -0.162689 1
0.104752 0.106185 0.014399 1
0.695622 0.211489 -0.161876 1
-0.574394 0.049919 0.059563 2
-0.225347 0.108141 -0.088481 2
0.237977 -0.916324 0.190545 0
0.778975 0.123701 -0.267974 1
-0.070831 0.083479 0.022948 2
-0.414058 0.115959 0.085783 2
0.369634 0.242950 -0.133371 1
0.463448 0.228654 -0.310952 1
-0.707772 -0.018790 0.111057 2
0.235583 -0.638246 0.171859 0
0.102914 -0.114349 0.073646 0
0.836026 0.041487 -0.278222 1
0.251176 0.238616 -0.169986 1
-0.745040 -0.078320 0.049016 2
0.176436 0.175585 0.022361 1
0.384179 0.248586 -0.028677 1
-0.478546 0.067254 -0.096831 2
-0.298000 0.125245 -0.012380 2
-0.768681 -0.041161 0.147723 2
0.567771 0.258308 -0.037637 1
0.791389 0.117565 -0.255304 1
0.756875 0.107783 -0.349547 1
0.070648 -0.004090 0.009835 1
0.155416 0.177293 -0.063872 1
0.099563 -0.278612 0.085065 0
0.156947 0.159551 0.006461 1
0.126023 -0.237431 0.062022 0
0.102423 -0.146424 0.050238 0
0.165026 -0.565317 0.120578 0
-0.611021 0.030835 0.049156 2
-0.796894 -0.105522 0.137808 2
0.251423 -0.898386 0.163042 0
-0.543926 0.069640 0.086369 2
-0.433518 0.076524 -0.084952 2
0.714572 0.200510 -0.134846 1
-0.310239 0.135991 0.172692 2
0.088360 -0.195476 0.061371 0
0.243986 -0.835959 0.206918 0
-0.321623 0.127661 0.119516 2
0.177241 -0.375951 0.115046 0
-0.638388 -0.009680 -0.036522 2
0.847007 0.060453 -0.250812 1
0.248181 -0.808997 0.160374 0
0.192604 0.213930 -0.164042 1
0.761130 0.149209 -0.127077 1
-0.665927 0.013235 0.136848 2
0.661320 0.160773 -0.349992 1
-0.597851 0.033573 0.201396 2
0.739730 0.135355 -0.330710 1
0.856773 -0.035957 -0.288288 1
0.140329 -0.420037 0.119999 0
-0.240731 0.127052 -0.020884 2
-0.560723 0.053786 0.003816 2
0.101855 -0.233696 0.110426 0
0.140890 -0.353214 0.092614 0
0.500820 0.258530 -0.003081 1
0.575234 0.223908 -0.279888 1
0.241573 -0.850830 0.183345 0
-0.597383 0.000140 -0.063102 2
0.645060 0.182691 -0.346991 1
0.697550 0.199405 -0.196729 1
-0.212702 0.121228 0.040452 2
-0.429415 0.096615 0.050431 2
-0.176477 0.118756 -0.020955 2
0.243162 -0.900622 0.183597 0
-0.762499 -0.074055 0.190871 2
0.304509 0.239451 0.004327 1
0.225072 -0.805102 0.163675 0
-0.532456 0.077085 0.065553 2
0.078908 0.039227 0.034952 1
0.581485 0.234330 -0.170865 1
-0.348645 0.114167 0.022206 2
-0.614658 0.017529 0.013207 2
0.393768 0.248053 -0.062387 1
0.656836 0.201650 -0.242745 1
0.432633 0.248942 -0.081042 1
-0.559603 0.057749 0.032265 2
-0.497767 0.076542 0.061074 2
-0.818368 -0.174236 0.143000 2
-0.163582 0.119010 0.148306 2
0.514641 0.228439 -0.301825 1
-0.037562 0.021447 0.017000 2
-0.239589 0.128936 0.076422 2
-0.667954 -0.060143 -0.035814 2
-0.773425 -0.116330 0.060019 2
-0.666346 -0.040739 -0.019808 2
0.238213 0.227837 0.049674 1
-0.368964 0.115854 -0.094029 2
0.200050 0.188586 0.064070 1
0.234063 -0.778737 0.154762 0
0.837083 0.060344 -0.191722 1
0.162780 0.155005 -0.020988 1
-0.415676 0.102717 -0.083508 2
0.751657 0.095694 -0.361301 1
-0.820272 -0.153745 0.086027 2
0.285578 0.225183 -0.217388 1
-0.563941 0.076663 0.183218 2
0.670860 0.193009 -0.250801 1
0.237431 -0.767929 0.194784 0
-0.368700 0.112373 -0.036867 2
-0.456974 0.108788 0.155587 2
-0.493518 0.094368 0.186169 2
0.352154 0.256754 0.022942 1
0.794045 0.124753 -0.161670 1
0.642551 0.192286 -0.314893 1
0.263566 -0.870333 0.185401 0
-0.471204 0.059810 -0.083075 2
-0.641937 0.015533 0.049608 2
0.726209 0.119615 -0.352539 1
-0.348291 0.121055 0.095970 2
0.092348 -0.115273 0.057751 0
-0.206759 0.117864 -0.062807 2
0.075338 -0.130807 0.055056 0
0.527396 0.240831 -0.230241 1
-0.293249 0.135536 0.164652 2
0.048399 -0.088737 0.057675 0
0.475021 0.246248 -0.216517 1
-0.375696 0.120266 0.077762 2
-0.309839 0.128265 0.103465 2
-0.308682 0.119352 0.050370 2
0.701335 0.126110 -0.364310 1
0.539310 0.231166 -0.294810 1
-0.229915 0.129061 -0.044949 2
0.221970 -0.713062 0.165329 0
0.069503 -0.056845 0.033617 0
0.804680 0.096053 -0.286440 1
0.171300 -0.408407 0.086203 0
0.211884 -0.649394 0.181089 0
-0.098036 0.107038 0.093123 2
-0.346543 0.134173 0.200200 2
0.074965 0.017834 0.049160 1
0.288573 0.246114 0.034269 1
-0.625669 0.042719 0.138496 2
0.247068 -0.779732 0.167655 0
0.101570 -0.277969 0.113181 0
-0.692265 -0.000533 0.129038 2
0.675007 0.229774 -0.109944 1
0.675128 0.193332 -0.217113 1
0.062617 -0.061004 0.067948 0
0.488615 0.254687 -0.118637 1
0.672735 0.207386 -0.186492 1
0.433885 0.244980 0.024174 1
0.180802 -0.394166 0.118520 0
-0.544869 0.044223 -0.048294 2
0.535772 0.255529 -0.099145 1
0.267917 -0.887378 0.184814 0
0.378835 0.241165 -0.101091 1
-0.633989 0.012725 0.023957 2
0.847183 0.054570 -0.214796 1
0.658394 0.200794 -0.214339 1
0.476606 0.254763 -0.056155 1
-0.705383 -0.022997 0.038613 2
0.569445 0.249613 -0.100986 1
0.338641 0.246215 -0.214039 1
0.117670 0.150881 -0.039445 1
0.153610 -0.392675 0.128607 0
-0.676531 0.010053 0.071428 2
-0.799587 -0.102972 0.084376 2
-0.213345 0.123920 0.069539 2
-0.799507 -0.144293 0.171576 2
0.083583 -0.092767 0.072212 0
0.769186 0.148969 -0.205156 1
-0.801744 -0.102273 0.103489 2
0.487195 0.256926 0.015999 1
-0.333883 0.122882 -0.020216 2
0.712799 0.164797 -0.293183 1
0.422506 0.244900 -0.127826 1
-0.531425 0.066053 0.208996 2
-0.457137 0.096155 0.209175 2
0.121332 -0.340493 0.103281 0
-0.344771 0.139147 0.163485 2
0.857207 0.004845 -0.276789 1
0.552569 0.234676 -0.259437 1
0.037736 -0.052720 0.040835 0
-0.000410 0.001154 0.066537 2
-0.707463 -0.021565 0.093516 2
-0.498073 0.044750 -0.095970 2
-0.691309 -0.020261 0.207446 2
0.765706 0.154472 -0.180893 1
0.181017 0.176321 0.051899 1
0.113825 0.126883 -0.038361 1
0.648494 0.229164 -0.146374 1
-0.691452 0.012769 0.102256 2
-0.456401 0.083582 -0.077849 2
-0.297495 0.135183 0.197724 2
-0.188100 0.122118 0.005479 2
0.616589 0.201871 -0.327621 1
-0.714313 -0.102078 -0.021286 2
0.237645 -0.753640 0.155479 0
0.299692 0.225580 -0.064593 1
0.357299 0.251490 0.057780 1
-0.765272 -0.128015 0.032406 2
-0.508941 0.059490 -0.055957 2
0.686379 0.161752 -0.331838 1
0.178371 -0.565440 0.130760 0
-0.684111 0.002009 0.191869 2
0.213772 -0.684158 0.156637 0
-0.359237 0.123644 0.120892 2
0.221219 -0.590373 0.161532 0
0.243700 -0.790175 0.210202 0
-0.401555 0.106789 0.006127 2
-0.139454 0.119527 0.066955 2
-0.058302 0.054352 0.022857 2
-0.413521 0.108393 0.031080 2
0.106641 -0.263887 0.102192 0
0.101653 0.107679 0.030783 1
-0.748606 -0.126361 0.014000 2
0.221563 0.217271 0.067356 1
-0.191736 0.131342 0.110985 2
-0.596821 0.055281 0.165203 2
-0.441707 0.120913 0.182745 2
0.216441 -0.638230 0.143012 0
0.066335 -0.101000 0.050852 0
-0.716458 0.004122 0.177295 2
0.206937 -0.618239 0.171896 0
-0.811412 -0.104991 0.129647 2
0.498279 0.240171 -0.267739 1
0.220963 -0.715339 0.146900 0
0.405758 0.261469 0.014668 1
-0.752433 -0.078334 0.032983 2
-0.042243 0.070630 0.058053 2
-0.606207 -0.005340 -0.050124 2
-0.601573 0.055608 0.111772 2
-0.469162 0.083800 -0.012203 2
-0.614853 -0.028037 -0.064268 2
-0.785374 -0.141126 0.042832 2
0.198213 0.196357 0.003909 1
0.326985 0.237051 -0.117771 1
0.669675 0.190877 -0.286269 1
-0.096376 0.059454 -0.009318 2
0.070062 0.059462 0.047959 1
0.166049 -0.469587 0.153521 0
0.261044 -0.726275 0.157505 0
-0.731812 -0.053100 0.077108 2
0.641091 0.234093 -0.058689 1
0.267622 -0.843505 0.174468 0
0.458798 0.251734 -0.064320 1
0.544440 0.257546 -0.065799 1
0.078041 -0.169970 0.052137 0
-0.667892 0.028567 0.103576 2
0.824084 0.066266 -0.206610 1
-0.728392 -0.089540 0.007730 2
-0.174790 0.131519 0.113471 2
-0.725081 -0.018217 0.143524 2
0.267117 -0.820858 0.173187 0
0.480009 0.235272 -0.288874 1
-0.347915 0.113379 -0.090395 2
0.225555 -0.667047 0.191211 0
0.498368 0.245462 -0.154516 1
-0.622279 0.044132 0.085116 2
-0.665588 0.004324 0.041759 2
-0.736176 -0.008907 0.155544 2
-0.389033 0.108263 -0.063278 2
0.850615 0.031390 -0.247502 1
0.061914 0.045347 0.024215 1
-0.551195 0.072215 0.136930 2
-0.790769 -0.111510 0.174908 2
-0.279252 0.123017 0.040280 2
0.114746 -0.320923 0.078883 0
-0.692598 -0.000076 0.074871 2
0.168467 0.176778 0.067761 1
-0.732977 -0.009798 0.181420 2
-0.719537 -0.051965 0.015187 2
-0.624102 -0.007758 -0.028869 2
-0.742482 -0.051591 0.053439 2
-0.453024 0.111942 0.209123 2
0.185335 -0.457911 0.130821 0
-0.758806 -0.089413 0.064523 2
-0.359380 0.134186 0.138487 2
0.207505 0.213779 -0.116110 1
0.740410 0.158620 -0.241690 1
-0.787095 -0.129723 0.066557 2
0.852695 0.031981 -0.215474 1
0.742066 0.173727 -0.180442 1
-0.071863 0.067927 -0.005212 2
-0.769455 -0.065922 0.128691 2
-0.096734 0.096389 0.025240 2
-0.692721 -0.056473 -0.004684 2
0.129242 0.149708 -0.012046 1
-0.681292 -0.034385 -0.020383 2
-0.495390 0.074493 -0.000916 2
-0.825066 -0.194890 0.121996 2
0.171569 0.155916 -0.036115 1
-0.720931 -0.039873 0.087103 2
0.513290 0.234431 -0.278109 1
-0.524235 0.091040 0.131629 2
-0.769302 -0.061474 0.156864 2
0.369030 0.248347 -0.225183 1
0.198108 0.191799 -0.046226 1
-0.495487 0.091639 0.076175 2
-0.814523 -0.172562 0.122592 2
-0.705852 -0.008221 0.182019 2
-0.652814 -0.011228 -0.020097 2
0.079874 -0.048478 0.049525 0
0.114889 -0.189343 0.092465 0
-0.137336 0.068334 -0.038456 2
0.196858 0.199479 0.076165 1
-0.072094 0.091859 0.085944 2
-0.558417 0.042360 -0.011416 2
0.206819 -0.555025 0.149254 0
0.269299 -0.803966 0.181277 0
0.608094 0.224323 -0.215537 1
0.182478 -0.422476 0.121130 0
0.142114 -0.248723 0.092120 0
0.620185 0.249084 -0.104970 1
0.064109 -0.025185 0.033758 0
0.822992 0.050679 -0.304609 1
-0.361616 0.121129 -0.003429 2
-0.602254 0.013479 -0.011208 2
0.129710 0.160073 -0.126544 1
0.459508 0.257620 -0.028092 1
0.102555 -0.144813 0.084575 0
-0.598279 0.065550 0.129598 2
0.194152 0.198818 0.034701 1
0.159458 -0.448531 0.136714 0
0.143349 0.140120 -0.035538 1
0.276236 0.229435 -0.001411 1
0.287417 -0.863281 0.174808 0
-0.272391 0.126330 0.094701 2
-0.735150 -0.029292 0.155824 2
-0.511704 0.084909 0.175638 2
-0.509682 0.073372 0.200196 2
0.124515 -0.233116 0.091707 0
-0.747631 -0.023295 0.122234 2
-0.686885 -0.035996 0.015623 2
-0.386987 0.109020 0.042615 2
0.166489 -0.453413 0.104030 0
0.644112 0.208145 -0.215155 1
-0.772174 -0.062131 0.102604 2
0.274470 0.235198 0.025496 1
0.432540 0.249929 -0.108435 1
0.406762 0.243829 -0.135186 1
-0.796334 -0.078742 0.128461 2
0.210378 0.226030 -0.153517 1
-0.572423 0.068997 0.111352 2
0.526119 0.241902 -0.179447 1
-0.653747 0.038159 0.112228 2
-0.807211 -0.190788 0.088673 2
0.238930 -0.883891 0.199143 0
0.303206 0.251188 0.041963 1
-0.622955 0.037865 0.061967 2
-0.019529 0.040516 0.023966 2
0.845088 -0.033725 -0.301007 1
-0.764150 -0.157053 0.023449 2
-0.590219 0.052268 0.191326 2
-0.283914 0.127044 -0.039869 2
0.076878 0.079993 0.032826 1
-0.762471 -0.075273 0.052022 2
0.235601 -0.754898 0.183162 0
-0.585894 0.043310 0.209095 2
-0.810874 -0.199863 0.113417 2
0.146680 0.145474 -0.009561 1
-0.787062 -0.088052 0.077681 2
-0.562207 0.051142 0.214065 2
0.272702 0.239072 -0.162846 1
0.095725 0.124084 -0.069454 1
-0.201700 0.123428 -0.036500 2
0.235542 0.211128 -0.001377 1
0.713870 0.188445 -0.205828 1
0.123525 -0.307872 0.124274 0
0.761614 0.138859 -0.243519 1
0.725371 0.191558 -0.153463 1
-0.586542 0.054610 0.049434 2
0.143963 -0.463459 0.110306 0
0.449269 0.252467 -0.109737 1
-0.761459 -0.056879 0.173707 2
-0.758210 -0.030071 0.139077 2
0.077397 -0.077695 0.073386 0
-0.799716 -0.106095 0.154992 2
-0.800792 -0.180827 0.167334 2
-0.794877 -0.088316 0.173837 2
0.577645 0.215008 -0.310462 1
0.079447 -0.209387 0.067440 0
-0.719381 -0.033658 0.198380 2
-0.705715 -0.006328 0.206118 2
-0.637089 0.027075 0.129375 2
-0.282806 0.138102 0.137791 2
-0.584639 0.026239 -0.029180 2
0.091428 -0.211706 0.086511 0
0.549623 0.236187 -0.202795 1
0.798280 0.127175 -0.191719 1
0.411239 0.249343 -0.067021 1
-0.598546 0.034630 0.008288 2
0.763661 0.130257 -0.319137 1
-0.628385 0.039654 0.123204 2
-0.465485 0.096810 0.113756 2
0.226028 -0.653387 0.142658 0
-0.797649 -0.144073 0.057578 2
0.179375 -0.503119 0.156167 0
0.609086 0.218433 -0.260090 1
-0.057278 0.075788 0.025822 2
0.126766 -0.208257 0.060763 0
-0.820583 -0.141548 0.129907 2
0.340880 0.243952 -0.143020 1
0.126184 -0.408245 0.115427 0
0.457522 0.250987 0.029801 1
0.841681 0.044124 -0.294041 1
-0.452141 0.096196 0.023006 2
-0.693487 -0.008275 0.103160 2
0.204908 -0.608699 0.158066 0
0.313722 0.240683 0.058145 1
0.830482 0.080347 -0.189460 1
0.470352 0.238730 -0.276859 1
-0.613984 0.036324 0.200120 2
0.471068 0.252297 -0.126880 1
0.071266 -0.144435 0.066910 0
0.221918 -0.566256 0.122873 0
-0.572154 0.039061 -0.027490 2
-0.610875 0.021654 0.214899 2
0.528022 0.259962 -0.029070 1
0.525774 0.250529 0.006130 1
0.603960 0.251620 -0.039803 1
0.380912 0.248975 -0.189863 1
-0.399917 0.118551 0.216934 2
-0.428002 0.124540 0.191546 2
0.856201 0.005037 -0.226848 1
0.491439 0.248147 0.028325 1
0.249198 0.216782 -0.082550 1
0.247849 -0.739431 0.187428 0
0.206920 0.208141 0.042168 1
0.422007 0.259333 -0.012855 1
0.829607 -0.040071 -0.296519 1
0.351621 0.245995 -0.181283 1
0.564889 0.234196 -0.189420 1
0.529174 0.206511 -0.344308 1
-0.553932 0.030840 -0.074229 2
0.283041 0.220938 -0.081591 1
-0.244175 0.127895 -0.038611 2
-0.268329 0.123589 0.066291 2
0.787649 0.133584 -0.229384 1
-0.309905 0.129890 0.207215 2
0.238254 -0.688610 0.181962 0
0.615750 0.252167 -0.056685 1
0.816920 0.069823 -0.285547 1
0.130719 0.173098 -0.109836 1
-0.030466 0.045087 0.049610 2
0.818740 0.097453 -0.251028 1
0.184244 -0.474348 0.160708 0
0.154075 0.188758 -0.135882 1
0.592828 0.239422 -0.161452 1
-0.640012 0.036343 0.172906 2
0.265670 -0.845646 0.159147 0
0.445535 0.260496 -0.003109 1
-0.469187 0.080343 -0.048580 2
0.326009 0.232053 -0.082209 1
-0.172269 0.097672 -0.059959 2
-0.217303 0.139239 0.136391 2
0.086722 -0.132124 0.078156 0
0.711361 0.200684 -0.169684 1
-0.351234 0.118989 0.051161 2
-0.216497 0.130025 0.173426 2
0.114126 -0.250003 0.075580 0
-0.161145 0.114748 0.039225 2
0.726119 0.185271 -0.190651 1
-0.745235 -0.035669 0.199867 2
-0.466290 0.086020 0.049923 2
0.329992 0.246722 -0.182458 1
-0.375261 0.134905 0.173484 2
0.685122 0.199735 -0.205980 1
-0.558405 0.056423 0.059358 2
-0.292021 0.119584 0.032214 2
0.128248 0.151257 0.014576 1
-0.484992 0.094991 0.209170 2
0.076547 -0.157754 0.075951 0
-0.636717 0.027575 0.076166 2
0.246266 -0.671143 0.148190 0
-0.137193 0.127463 0.137608 2
0.187566 -0.434202 0.087483 0
0.183158 0.191511 -0.071958 1
0.275738 -0.808248 0.197906 0
-0.559420 0.004882 -0.080028 2
0.791155 0.124121 -0.241063 1
0.226279 -0.733955 0.173246 0
-0.146504 0.113149 0.023336 2
0.209003 -0.528160 0.130228 0
0.672053 0.194399 -0.271460 1
0.722868 0.158712 -0.303129 1
-0.491330 0.104179 0.138247 2
0.649544 0.217361 -0.178394 1
0.062351 -0.074727 0.082288 0
0.685920 0.220481 -0.120277 1
0.551359 0.258538 -0.030678 1
-0.800618 -0.119513 0.128499 2
-0.251264 0.123170 -0.075545 2
0.808173 0.028544 -0.335714 1
0.499813 0.257325 -0.098735 1
0.628184 0.221865 -0.198715 1
0.409340 0.248339 -0.152862 1
-0.402568 0.102129 0.058592 2
-0.479543 0.094398 0.076377 2
0.314546 0.230801 -0.100339 1
0.117647 -0.288764 0.083929 0
0.112922 0.131438 -0.053393 1
0.290139 0.230114 -0.102144 1
-0.660314 0.007088 0.024030 2
-0.785175 -0.156548 0.042358 2
0.061313 0.006238 0.031212 1
0.224417 0.232538 -0.171595 1
0.090331 -0.100110 0.058182 0
-0.079773 0.077514 0.058007 2
-0.269984 0.136872 0.182166 2
-0.732665 -0.011252 0.121727 2
-0.665533 -0.011613 -0.003446 2
-0.534854 0.054618 -0.013182 2
0.115561 -0.135522 0.073605 0
-0.544650 0.082048 0.122611 2
0.365704 0.261231 0.014976 1
-0.548689 0.063448 0.185625 2
-0.749270 -0.104863 0.031078 2
-0.652636 0.021351 0.145486 2
0.698396 0.212056 -0.142548 1
0.728342 0.108287 -0.365047 1
-0.796427 -0.089725 0.110312 2
0.589184 0.243183 -0.021175 1
-0.645766 0.004635 0.200407 2
0.434872 0.253146 -0.037278 1
-0.680430 0.023771 0.112075 2
0.116521 -0.304706 0.108343 0
0.422708 0.239613 -0.275667 1
-0.599241 0.042781 0.031443 2
-0.425203 0.119117 0.208802 2
-0.731593 -0.026014 0.176042 2
-0.739245 -0.035501 0.086165 2
0.788309 0.081060 -0.345497 1
-0.385076 0.124756 0.103249 2
0.754455 0.164961 -0.181091 1
0.380541 0.239281 -0.269292 1
-0.696551 -0.070810 -0.015400 2
0.257812 -0.904266 0.208094 0
0.050187 -0.062253 0.041080 0
0.160462 -0.472364 0.129051 0
-0.576696 0.055856 0.209641 2
-0.776979 -0.087350 0.175128 2
0.489597 0.216551 -0.330114 1
-0.719271 -0.079126 -0.010015 2
-0.279409 0.124939 0.002560 2
0.195631 -0.539347 0.123602 0
-0.470803 0.086445 0.014727 2
-0.677437 -0.010116 0.014723 2
-0.441089 0.095737 0.040030 2
0.431797 0.250012 -0.222593 1
0.124921 -0.173530 0.074837 0
0.670423 0.149943 -0.355359 1
-0.809794 -0.199227 0.147091 2
0.592225 0.229070 -0.233222 1
0.024878 -0.049717 0.056954 0
0.100360 -0.184551 0.087328 0
0.489492 0.214692 -0.312771 1
0.607293 0.217719 -0.277388 1
0.141631 -0.273599 0.094382 0
-0.399604 0.101792 -0.038636 2
-0.240152 0.128580 0.006230 2
0.234728 -0.766979 0.168306 0
-0.256857 0.128987 -0.046679 2
0.144375 -0.448838 0.101231 0
0.813619 0.103275 -0.178423 1
-0.307546 0.125378 -0.048024 2
-0.373143 0.118757 0.205741 2
-0.424988 0.102722 -0.020151 2
0.077975 0.096119 -0.003775 1
0.127124 -0.247691 0.094398 0
-0.388043 0.109426 0.075170 2
0.193787 -0.501056 0.139390 0
0.469626 0.246959 -0.233929 1
0.140440 -0.265991 0.110302 0
-0.506042 0.092410 0.110273 2
0.300967 0.247403 0.062343 1
0.821313 0.071086 -0.304084 1
0.089339 0.107222 0.022223 1
0.618096 0.243362 -0.124339 1
-0.587503 0.042639 0.015221 2
-0.283607 0.130905 0.206832 2
0.180694 0.199550 -0.099449 1
0.700576 0.201854 -0.181849 1
-0.653234 0.025216 0.181415 2
0.263564 -0.775982 0.184438 0
0.020561 -0.034940 0.057682 0
0.371218 0.243423 -0.064956 1
-0.754876 -0.101955 0.017545 2
0.237531 -0.815483 0.173238 0
0.237985 0.206823 -0.038601 1
-0.801472 -0.157338 0.065044 2
-0.376465 0.108866 0.031101 2
-0.107399 0.060367 -0.019334 2
0.739458 0.168409 -0.208898 1
-0.349393 0.121710 0.005104 2
0.089047 -0.078262 0.045403 0
0.246559 -0.698403 0.199476 0
0.327400 0.248353 -0.231457 1
0.455002 0.220075 -0.302173 1
-0.056665 0.053365 0.040685 2
0.194365 -0.528174 0.147024 0
0.289900 0.234597 0.059518 1
-0.505255 0.058092 -0.083448 2
0.207834 -0.477628 0.137364 0
0.248133 -0.820231 0.201873 0
0.725728 0.140365 -0.330590 1
0.153155 -0.339502 0.097555 0
0.184244 0.181829 0.085583 1
-0.744000 -0.033903 0.166848 2
0.169779 0.175746 -0.019720 1
0.232886 -0.618599 0.130402 0
0.553394 0.246346 -0.152746 1
0.141478 -0.353319 0.127230 0
0.657024 0.237779 -0.073686 1
-0.390287 0.132425 0.200462 2
0.650130 0.192953 -0.302148 1
-0.587422 -0.008588 -0.073428 2
0.604145 0.212031 -0.311929 1
-0.759140 -0.077446 0.092874 2
0.623817 0.173213 -0.362621 1
0.252388 -0.893993 0.193176 0
0.129992 -0.422656 0.109694 0
0.302604 0.246099 -0.182378 1
-0.719913 -0.001402 0.121485 2
0.181509 0.185131 -0.009496 1
0.238267 0.234487 -0.195560 1
-0.619640 0.014142 -0.014100 2
0.242783 -0.885828 0.173816 0
-0.822047 -0.170477 0.094537 2
0.157449 -0.420452 0.145465 0
0.625061 0.229131 -0.165746 1
0.102415 -0.290035 0.075240 0
0.116299 -0.436989 0.095174 0
0.500233 0.258855 -0.049474 1
0.250968 0.230980 0.068107 1
-0.370099 0.116266 0.049114 2
-0.520304 0.082444 0.094446 2
-0.652796 -0.035512 -0.044481 2
0.250093 -0.926184 0.209852 0
0.251816 -0.847399 0.165949 0
0.710693 0.133835 -0.355967 1
0.395668 0.231464 -0.285745 1
-0.119216 0.121943 0.086158 2
-0.361291 0.119080 -0.057195 2
0.539424 0.217599 -0.331196 1
0.619720 0.249098 -0.033027 1
0.250241 -0.872259 0.160250 0
0.551079 0.239407 -0.177697 1
-0.587664 0.060436 0.148281 2
0.327123 0.244231 -0.196812 1
0.222209 -0.644988 0.166974 0
0.436283 0.249315 -0.243512 1
0.088272 -0.044869 0.035998 0
-0.650502 0.044872 0.167130 2
0.846320 0.026693 -0.295194 1
-0.043888 0.070049 0.038768 2
-0.691745 0.004881 0.173901 2
0.609939 0.230579 -0.179058 1
-0.572280 0.047084 0.033484 2
0.459216 0.253840 -0.084429 1
-0.307589 0.125281 -0.081319 2
-0.424693 0.111757 0.130779 2
-0.610179 0.043891 0.056834 2
-0.413724 0.126841 0.157612 2
-0.638402 0.019578 0.192067 2
0.276690 -0.934494 0.201185 0
-0.637519 0.024491 0.033118 2
-0.655333 -0.031167 -0.021318 2
0.045161 -0.075337 0.062685 0
-0.466247 0.100124 0.084333 2
0.104384 -0.246572 0.116978 0
-0.597309 0.045294 0.087220 2
0.090265 0.123190 -0.037339 1
-0.377808 0.109902 -0.022092 2
0.152864 0.163543 0.040265 1
-0.738470 -0.075705 0.014342 2
0.835776 0.081196 -0.216260 1
0.130520 -0.278458 0.075911 0
0.125829 0.133554 0.051813 1
-0.584029 0.068845 0.191896 2
0.581706 0.230260 -0.206340 1
-0.642692 -0.008895 -0.003166 2
0.671412 0.227767 -0.143126 1
0.284924 0.240776 -0.216999 1
-0.521372 0.054795 -0.067745 2
-0.495672 0.093181 0.155149 2
-0.442183 0.093431 -0.029752 2
0.368372 0.244529 0.040642 1
0.511340 0.225120 -0.319950 1
-0.191485 0.127535 0.173731 2
-0.558558 0.071733 0.079759 2
-0.586407 0.053409 0.175253 2
-0.094107 0.098028 0.041452 2
-0.641257 0.028550 0.057453 2
0.436106 0.245808 -0.135907 1
0.581642 0.202604 -0.338729 1
0.267330 0.232304 -0.214546 1
-0.692093 0.018552 0.130229 2
-0.744002 -0.061106 0.084717 2
0.170699 0.191910 -0.147809 1
-0.797582 -0.172657 0.066207 2
0.184791 -0.488017 0.147361 0
-0.720736 -0.032069 0.050934 2
-0.518711 0.071526 0.050831 2
0.323545 0.256028 0.059085 1
0.162901 0.165107 0.075764 1
0.474278 0.249329 -0.195737 1
-0.769737 -0.101318 0.067930 2
-0.004406 0.017795 0.051178 2
0.049704 -0.034673 0.059846 0
0.528281 0.251528 -0.143039 1
0.171755 -0.501461 0.123240 0
-0.400344 0.086429 -0.082670 2
-0.347972 0.121089 0.065142 2
