0.571190 0.167921 -0.098963 1
-0.823220 0.184012 0.242505 2
-0.167914 -0.968205 -0.126053 0
-0.077370 -0.214875 -0.038700 0
-0.304804 0.193807 0.188438 2
0.184162 0.115737 0.115245 1
-0.071886 -0.593571 -0.115484 0
-0.583622 0.214620 0.030002 2
-0.143326 0.091953 -0.071875 2
0.761188 -0.056083 -0.135940 1
0.290492 0.168277 -0.146672 1
0.433848 0.087342 0.096978 1
-0.597626 0.284908 0.267989 2
-0.358070 0.196830 -0.043144 2
0.083571 0.066989 -0.122761 1
-0.146252 0.061925 0.136092 2
0.626499 0.016177 0.033204 1
-0.095492 -0.787969 -0.151418 0
-0.091296 -0.409253 -0.053444 0
-0.026730 -0.037208 0.006912 1
-0.466648 0.273639 0.147486 2
-0.717175 0.257685 0.128068 2
0.418302 0.175904 -0.040787 1
-0.244748 0.150358 0.050627 2
0.187320 0.137208 -0.039863 1
0.061198 0.081273 0.036379 1
0.681197 0.070403 -0.127815 1
0.307280 0.148665 0.052157 1
0.536906 0.112780 0.015642 1
-0.722811 0.258602 0.268388 2
-0.452979 0.237605 0.028025 2
-0.595771 0.282364 0.138433 2
-0.244474 0.170065 -0.072926 2
-0.344449 0.208036 0.072060 2
0.463368 0.171116 -0.147240 1
-0.125525 -0.692634 -0.094105 0
-0.117922 0.037314 0.025643 2
0.705360 -0.004393 -0.041023 1
-0.044171 -0.315858 -0.085856 0
-0.051598 -0.488888 -0.115427 0
-0.225708 0.126817 0.167311 2
-0.399391 0.229394 0.216010 2
0.627465 0.091982 -0.038556 1
0.011438 0.049296 -0.050969 1
-0.494298 0.277718 0.246584 2
0.317471 0.172987 -0.048852 1
0.174274 0.113543 -0.137096 1
-0.141538 -0.867381 -0.110027 0
-0.028477 -0.127254 -0.040323 0
-0.779737 0.190504 0.155006 2
-0.167034 0.114091 0.015418 2
-0.664818 0.284487 0.203688 2
0.372797 0.192540 -0.115556 1
-0.530706 0.269014 0.080489 2
-0.663680 0.226562 0.062739 2
0.098085 0.103586 -0.039503 1
0.146434 0.110385 0.037187 1
0.498906 0.136768 -0.064365 1
0.544550 0.043179 0.063830 1
0.345649 0.105539 0.114469 1
0.448530 0.141948 0.029824 1
0.225506 0.129972 0.034955 1
0.263189 0.130179 0.125682 1
-0.761123 0.255954 0.197445 2
-0.076239 0.012387 -0.037779 2
-0.388415 0.237826 0.137385 2
0.617434 0.127187 -0.149146 1
0.116103 0.075887 0.101893 1
-0.281470 0.179323 0.113845 2
0.738833 0.016721 -0.117716 1
-0.290449 0.193189 -0.004536 2
-0.508690 0.189038 0.004992 2
-0.191394 0.115161 0.094204 2
0.244117 0.165678 -0.084995 1
-0.432237 0.184352 -0.023630 2
-0.531418 0.292026 0.181678 2
-0.118194 -0.539313 -0.092702 0
0.375257 0.148150 0.016596 1
-0.079612 -0.715138 -0.149744 0
0.002861 0.025718 0.033763 1
-0.077114 -0.072793 -0.029642 0
-0.045796 -0.384134 -0.103046 0
-0.102432 -0.647274 -0.148698 0
-0.142257 -0.912108 -0.163024 0
-0.036739 -0.274457 -0.031356 0
0.693985 0.060077 -0.061540 1
0.570979 0.135326 -0.038427 1
-0.213020 0.154645 -0.012007 2
0.594002 0.079036 0.025354 1
-0.388796 0.224435 0.015443 2
-0.086570 -0.336104 -0.038647 0
-0.134304 -0.757443 -0.107017 0
-0.105656 0.031157 0.090435 2
0.263785 0.150466 -0.017530 1
-0.095907 -0.473505 -0.064599 0
-0.068332 -0.658285 -0.094280 0
0.489185 0.098485 0.056997 1
0.239079 0.130443 -0.144340 1
-0.600762 0.294387 0.204935 2
-0.655693 0.268009 0.110516 2
-0.189629 0.135492 -0.068803 2
-0.432949 0.248216 0.093310 2
-0.066510 0.004099 0.048407 2
-0.714443 0.201871 0.098046 2
0.623570 0.133395 -0.086059 1
0.127091 0.113970 -0.095651 1
-0.772481 0.217130 0.258052 2
0.473371 0.190523 -0.083591 1
0.391182 0.129428 0.079427 1
-0.607862 0.254323 0.073368 2
-0.139940 0.083627 0.062171 2
-0.444377 0.269913 0.205973 2
-0.025080 -0.181150 -0.011364 0
0.659562 0.028149 -0.016433 1
0.751873 -0.027875 -0.078559 1
-0.663284 0.270854 0.262414 2
-0.134225 -0.830889 -0.167698 0
-0.117437 0.080317 -0.016051 2
0.522919 0.164783 -0.147134 1
-0.007802 -0.064689 -0.041936 1
-0.112771 -0.920440 -0.112606 0
-0.082177 -0.271835 -0.068859 0
-0.078136 -0.436627 -0.115241 0
-0.060582 -0.556595 -0.071480 0
0.371243 0.144538 -0.082541 1
0.008791 -0.000622 -0.022128 1
-0.077748 -0.158273 -0.049799 0
0.075253 0.043537 0.077733 1
-0.770940 0.210489 0.100665 2
0.054275 0.079420 -0.072764 1
-0.302132 0.187627 -0.059719 2
-0.531992 0.258520 0.136143 2
-0.294743 0.180437 0.058947 2
-0.507108 0.233975 0.043390 2
-0.238007 0.143813 0.113905 2
-0.097522 -0.806798 -0.098835 0
-0.030992 -0.204379 -0.068060 0
-0.046735 -0.442562 -0.058130 0
-0.096319 -0.364303 -0.090611 0
0.420545 0.164698 -0.108988 1
-0.353117 0.218561 0.178026 2
-0.326172 0.207085 0.130691 2
-0.085323 -0.024149 0.002290 2
-0.109149 -0.622427 -0.086171 0
0.489310 0.148033 -0.006106 1
-0.136255 -0.706192 -0.145790 0
0.708113 0.030788 -0.160385 1
-0.804122 0.223915 0.210853 2
-0.213216 0.100462 0.046696 2
-0.081405 -0.724049 -0.093695 0
-0.117570 -0.976560 -0.108099 0
-0.555567 0.290423 0.234755 2
0.048461 0.064374 -0.015411 1
-0.267269 0.147912 0.192863 2
-0.484550 0.242389 0.103490 2
0.186373 0.145115 -0.092084 1
-0.068287 -0.126908 -0.005734 0
-0.041585 -0.362393 -0.046306 0
-0.709448 0.271591 0.179004 2
0.660164 0.093291 -0.083312 1
0.259933 0.144710 0.075690 1
0.318607 0.144446 -0.005263 1
-0.340087 0.206548 0.004466 2
-0.089466 -0.548506 -0.134313 0
0.317925 0.151802 -0.106660 1
0.523607 0.181097 -0.083982 1
-0.108730 0.050465 -0.056592 2
0.141412 0.115704 -0.015687 1
-0.189444 0.096612 0.150092 2
-0.135107 -0.975547 -0.163385 0
-0.112079 -0.874700 -0.149837 0
-0.641095 0.283707 0.159882 2
0.307515 0.138127 0.104436 1
0.450113 0.143806 -0.071366 1
-0.050457 -0.493206 -0.065555 0
-0.764924 0.236728 0.145544 2
0.363595 0.168776 -0.026778 1
0.501616 0.058632 0.083388 1
-0.388294 0.230074 0.082657 2
-0.151944 -0.803024 -0.104545 0
0.187551 0.126750 0.067874 1
-0.118534 -0.585533 -0.124451 0
-0.034667 -0.083212 -0.004630 0
0.578325 0.154684 -0.145301 1
-0.039508 -0.252690 -0.079073 0
0.527298 0.116177 -0.030926 1
0.142722 0.112597 0.088160 1
0.186630 0.128438 0.006519 1
-0.100974 -0.489668 -0.108255 0
-0.824054 0.185226 0.193706 2
-0.411273 0.253803 0.174662 2
0.627765 0.062684 -0.002564 1
-0.181074 0.106214 -0.028014 2
0.360815 0.163966 -0.149658 1
0.738264 -0.004883 -0.158350 1
0.728081 0.026409 -0.074111 1
-0.555023 0.247334 0.048318 2
0.389680 0.087324 0.108933 1
-0.487701 0.285043 0.193183 2
0.102257 0.101151 0.044513 1
-0.467540 0.212007 -0.015944 2
0.574593 0.094899 -0.012444 1
0.581983 0.030729 0.041877 1
-0.247830 0.171067 0.011034 2
-0.082145 0.047608 0.056426 2
-0.569759 0.251727 0.113669 2
0.383591 0.189125 -0.072615 1
-0.100334 -0.578620 -0.082445 0
-0.277743 0.173378 0.157651 2
0.351838 0.137888 0.061173 1
0.412365 0.146264 -0.008575 1
-0.697266 0.246958 0.090177 2
-0.119193 -0.744723 -0.158762 0
0.430025 0.117331 0.062689 1
-0.697811 0.273609 0.235477 2
-0.541911 0.215712 0.016441 2
-0.340397 0.193760 0.213910 2
-0.032752 -0.223674 -0.028860 0
0.033060 0.047494 0.056532 1
0.286286 0.176531 -0.084366 1
-0.630070 0.291459 0.236808 2
-0.081511 0.024773 0.005690 2
0.264813 0.146918 0.025564 1
0.219911 0.137035 0.103856 1
0.649736 0.093116 -0.146627 1
-0.101983 -0.846423 -0.115001 0
0.150067 0.125434 -0.061180 1
0.008774 0.040103 -0.008632 1
0.549500 0.135303 -0.075533 1
-0.158516 0.067282 0.027168 2
-0.396640 0.210625 -0.024314 2
0.329546 0.187853 -0.126612 1
0.454019 0.151893 -0.029580 1
-0.156410 0.093969 0.105832 2
0.342501 0.188538 -0.083339 1
0.495585 0.156317 -0.104003 1
-0.079965 -0.257163 -0.029156 0
0.218529 0.157292 -0.117716 1
-0.210063 0.137798 0.026927 2
0.536473 0.080988 0.046647 1
-0.073613 -0.029536 -0.041847 2
0.085463 0.090876 0.003404 1
0.232254 0.155489 -0.046002 1
-0.682740 0.274057 0.145629 2
-0.475966 0.256093 0.060065 2
-0.152220 -0.932021 -0.106406 0
-0.411129 0.238765 0.049040 2
-0.069202 -0.184632 -0.011514 0
0.714668 0.048937 -0.106148 1
0.404925 0.176078 -0.145379 1
0.484665 0.171901 -0.048189 1
-0.028729 -0.164062 -0.058421 0
-0.088652 -0.516629 -0.075606 0
-0.135125 -0.797921 -0.141532 0
-0.618341 0.204181 0.049026 2
0.530290 0.161161 -0.048920 1
0.088548 0.094690 -0.093374 1
-0.074925 -0.677843 -0.134231 0
-0.089726 -0.756131 -0.117177 0
-0.264991 0.183325 -0.040533 2
-0.751534 0.258156 0.236747 2
-0.130683 -0.645031 -0.111681 0
-0.155076 -0.867855 -0.147938 0
-0.086648 -0.311461 -0.073048 0
-0.429250 0.221385 -0.003856 2
-0.792118 0.224467 0.172097 2
-0.045523 -0.423798 -0.096105 0
-0.044026 -0.403442 -0.051674 0
-0.126724 0.067065 0.102364 2
0.661001 0.059574 -0.039718 1
0.154869 0.073208 0.097268 1
0.449162 0.190720 -0.116580 1
0.590183 0.147898 -0.071336 1
-0.091050 -0.405983 -0.092145 0
-0.067140 -0.525466 -0.106601 0
-0.313069 0.198007 0.092444 2
0.428289 0.192653 -0.083312 1
0.269408 0.146109 -0.122989 1
-0.356450 0.223616 0.113196 2
-0.250618 0.150867 -0.025319 2
0.593399 0.131498 -0.109916 1
0.760517 -0.017547 -0.114633 1
-0.068019 -0.302459 -0.040197 0
-0.067896 -0.620649 -0.086416 0
0.694106 0.032571 -0.032698 1
-0.021625 -0.030270 -0.031882 1
-0.223232 0.145596 -0.052315 2
0.631871 0.108091 -0.116227 1
-0.259756 0.166503 0.081718 2
-0.562661 0.290163 0.160074 2
0.505640 0.190982 -0.115961 1
0.275410 0.168789 -0.048829 1
-0.322411 0.204345 0.037908 2
0.226595 0.133353 -0.015783 1
-0.497717 0.273249 0.125848 2
-0.057193 -0.102539 -0.041712 0
-0.025451 -0.144233 -0.003610 0
-0.215970 0.140082 0.072465 2
-0.508852 0.265803 0.167133 2
-0.078548 -0.060890 0.005881 0
-0.055544 -0.009737 -0.015667 0
0.595739 0.107089 -0.051329 1
-0.424087 0.254342 0.129072 2
-0.124657 -0.944985 -0.144650 0
0.294959 0.105059 0.116360 1
-0.014712 0.003795 0.006424 1
-0.145520 -0.834879 -0.127759 0
0.489887 0.129137 0.036011 1
-0.322955 0.200135 -0.027868 2
-0.738845 0.259022 0.159237 2
-0.619697 0.272299 0.103387 2
0.118444 0.082380 -0.112513 1
0.478819 0.122669 -0.036993 1
-0.425114 0.256969 0.234407 2
-0.361831 0.219596 0.039816 2
-0.121958 -0.723153 -0.113909 0
-0.144878 0.101667 -0.028102 2
-0.753993 0.189851 0.125441 2
-0.063994 -0.227066 -0.070842 0
-0.092544 0.051258 -0.016642 2
-0.567187 0.268203 0.081382 2
-0.178751 0.114036 0.049564 2
-0.486203 0.227538 0.010745 2
0.541364 0.155688 -0.117535 1
0.033516 0.061246 0.017222 1
-0.520191 0.292861 0.215840 2
0.087584 0.084269 0.072600 1
-0.246920 0.156422 0.146287 2
-0.206892 0.115720 -0.001040 2
-0.460726 0.253813 0.233675 2
-0.643175 0.250420 0.079735 2
-0.074960 -0.369311 -0.056983 0
-0.070648 -0.640589 -0.133860 0
-0.043683 -0.325947 -0.051238 0
-0.109864 -0.822942 -0.140475 0
0.341296 0.151225 0.026402 1
0.613855 0.049114 0.029717 1
-0.209458 0.115498 0.127740 2
-0.122289 0.072481 0.026399 2
-0.056896 -0.348568 -0.081854 0
0.066086 0.088713 -0.038636 1
-0.742786 0.225226 0.115901 2
-0.466879 0.259941 0.179899 2
-0.055334 -0.458969 -0.097380 0
-0.152254 -0.902778 -0.125666 0
0.468717 0.078297 0.076977 1
0.039223 0.049986 -0.084225 1
-0.107781 -0.658097 -0.088767 0
0.404626 0.142528 -0.072594 1
0.460879 0.159638 -0.103597 1
0.675686 -0.001860 -0.009006 1
0.218175 0.102716 0.109571 1
-0.091136 -0.692211 -0.103310 0
-0.806239 0.215496 0.250507 2
-0.063368 -0.559814 -0.114665 0
-0.458595 0.261046 0.116241 2
0.360303 0.159564 -0.111496 1
0.206616 0.128085 -0.130903 1
-0.101229 -0.614550 -0.129679 0
-0.633062 0.291167 0.193025 2
-0.061309 -0.189114 -0.054340 0
0.116909 0.104034 0.005189 1
-0.112321 0.057357 0.069017 2
-0.043988 -0.282992 -0.063548 0
0.681520 0.059516 -0.093246 1
-0.087464 -0.581878 -0.143440 0
-0.093998 -0.438028 -0.071489 0
-0.111238 -0.680121 -0.149950 0
-0.782317 0.242537 0.237669 2
-0.277190 0.183156 0.025107 2
0.560574 0.126898 -0.007251 1
-0.366399 0.215205 0.211490 2
0.384743 0.136015 0.046663 1
0.155428 0.132186 -0.097485 1
-0.382828 0.235770 0.173193 2
0.561777 0.086455 0.018854 1
0.296292 0.181703 -0.116434 1
-0.071064 -0.094259 0.001622 0
0.366057 0.131763 0.101522 1
-0.630228 0.270874 0.267734 2
-0.692697 0.215675 0.075222 2
-0.729310 0.268077 0.205361 2
-0.007574 0.024842 -0.035698 1
-0.555444 0.279224 0.125073 2
-0.020623 -0.095261 -0.039243 0
-0.604731 0.289872 0.169226 2
-0.588322 0.292342 0.235489 2
-0.579859 0.237846 0.067368 2
0.405323 0.195046 -0.115531 1
-0.044971 -0.052440 -0.026695 0
0.461924 0.115591 0.069009 1
0.453145 0.179107 -0.051581 1
-0.140110 0.098235 0.003799 2
-0.499333 0.269401 0.093337 2
0.069231 0.053726 -0.095747 1
-0.152470 -0.773658 -0.128303 0
-0.185510 0.089051 0.030197 2
-0.564376 0.295806 0.204187 2
0.297439 0.159947 -0.023932 1
-0.091794 -0.548849 -0.073051 0
0.627275 0.095304 -0.070536 1
-0.169718 0.106589 -0.058042 2
0.660448 0.093590 -0.116159 1
0.415087 0.132824 0.037173 1
0.059360 0.028763 0.054299 1
-0.576590 0.257196 0.144342 2
-0.299959 0.165046 0.201255 2
0.002488 -0.040141 -0.013555 1
0.731580 -0.005487 -0.068520 1
-0.124117 -0.788534 -0.113201 0
-0.111469 -0.906499 -0.150128 0
0.350241 0.147629 -0.004911 1
-0.112975 -0.889344 -0.119105 0
0.516475 0.128711 -0.002737 1
-0.153533 -0.933122 -0.138945 0
0.736026 -0.036820 -0.137373 1
-0.304383 0.191041 0.147195 2
-0.554008 0.265726 0.178065 2
-0.628043 0.234180 0.047757 2
-0.089312 -0.744992 -0.146841 0
0.605352 0.092147 -0.006211 1
-0.098492 -0.525451 -0.114891 0
-0.101018 -0.458988 -0.101603 0
0.129450 0.099037 0.063188 1
0.416633 0.113179 0.101157 1
0.288014 0.150365 0.004308 1
-0.445317 0.250102 0.058558 2
0.120024 0.116883 -0.062423 1
-0.063302 -0.021487 0.024315 0
0.517451 0.115174 0.040464 1
0.015512 0.002614 0.017077 1
-0.191256 0.135573 -0.030190 2
-0.393124 0.185406 -0.042084 2
0.219755 0.138769 0.072860 1
-0.693628 0.270238 0.268607 2
0.210557 0.151974 -0.067777 1
0.328627 0.133438 0.081100 1
-0.083041 0.018367 0.073795 2
-0.532662 0.273256 0.246149 2
0.681361 0.059592 -0.156656 1
0.555269 0.164970 -0.069859 1
-0.032725 -0.115308 -0.012311 0
0.515349 0.044085 0.054595 1
-0.123669 0.081767 -0.050698 2
0.351909 0.180748 -0.052424 1
-0.533271 0.250316 0.106679 2
-0.029037 -0.249531 -0.047277 0
-0.435430 0.265199 0.159824 2
-0.627899 0.281376 0.132465 2
-0.757136 0.240819 0.269587 2
-0.061759 -0.586658 -0.076410 0
-0.595305 0.240923 0.101024 2
-0.585152 0.276492 0.104549 2
-0.796918 0.193970 0.183091 2
-0.171046 0.090416 -0.003182 2
0.493079 0.176506 -0.148146 1
-0.133823 -0.681432 -0.128661 0
-0.686205 0.261176 0.114380 2
0.316089 0.173536 -0.081264 1
-0.234004 0.171279 -0.039874 2
-0.509336 0.258464 0.060667 2
0.141881 0.103025 -0.119336 1
0.574595 0.062604 0.041242 1
0.512410 0.150088 -0.027726 1
-0.101016 0.026017 0.048363 2
0.527367 0.147591 -0.091139 1
-0.134849 -0.954591 -0.118425 0
-0.032757 -0.194978 -0.039934 0
-0.109814 -0.721830 -0.142329 0
-0.064791 -0.131006 -0.045116 0
0.651036 0.016871 0.016584 1
-0.068177 -0.408724 -0.114420 0
0.160474 0.098082 0.117298 1
-0.051173 -0.161907 -0.017464 0
0.312458 0.141781 0.023543 1
0.388737 0.176449 -0.040610 1
-0.089390 0.000017 0.030127 2
0.321470 0.163351 -0.140922 1
0.196370 0.130651 0.038955 1
0.251016 0.168329 -0.117246 1
-0.084298 -0.470862 -0.123351 0
-0.169937 0.102081 0.079202 2
-0.047542 -0.381387 -0.070540 0
0.649553 0.075156 -0.063007 1
-0.126113 0.056598 -0.033964 2
-0.276866 0.176483 0.186649 2
-0.365729 0.210766 -0.018725 2
-0.572319 0.272917 0.260054 2
0.384629 0.150803 -0.015793 1
0.387315 0.165703 -0.120099 1
-0.056800 -0.039877 -0.003444 0
0.460101 0.150204 0.004606 1
-0.230076 0.117094 0.029780 2
-0.077048 -0.475622 -0.088041 0
-0.068977 -0.424962 -0.063672 0
-0.146298 0.093937 0.035993 2
-0.365565 0.227401 0.151674 2
-0.695392 0.276895 0.203606 2
-0.772237 0.245767 0.173064 2
-0.675424 0.280956 0.172458 2
-0.138467 -0.876667 -0.169534 0
-0.511071 0.215812 0.018664 2
0.034133 0.069486 -0.039549 1
-0.334257 0.187974 -0.056073 2
-0.531673 0.285283 0.145938 2
-0.110011 0.059031 0.004517 2
-0.416188 0.230620 0.022240 2
-0.328267 0.205430 0.173790 2
-0.168926 0.078486 0.139948 2
-0.072101 -0.378838 -0.092696 0
-0.533580 0.244165 0.066501 2
0.746908 0.003562 -0.094081 1
0.597864 0.119200 -0.076715 1
0.056313 0.068423 0.060996 1
0.285260 0.134255 0.082296 1
-0.133993 -0.766817 -0.149433 0
0.162282 0.129720 -0.029457 1
0.272415 0.137878 0.051077 1
-0.280197 0.173995 -0.070785 2
-0.121371 -0.974946 -0.139002 0
-0.598966 0.236615 0.046977 2
-0.051639 -0.520571 -0.071133 0
0.430049 0.188369 -0.136780 1
0.238255 0.111663 0.126742 1
-0.188290 0.136238 0.002240 2
0.101288 0.053188 0.079446 1
-0.083115 -0.720071 -0.122612 0
-0.490076 0.287361 0.220911 2
-0.720157 0.234049 0.102523 2
0.712250 0.023070 -0.051389 1
-0.067829 -0.293347 -0.082280 0
0.243884 0.142631 0.003762 1
-0.100574 0.028958 -0.030956 2
-0.054534 -0.240250 -0.032745 0
0.623240 0.134322 -0.115969 1
0.175232 0.133883 -0.116583 1
-0.085874 -0.338167 -0.079679 0
-0.127832 -0.819569 -0.113268 0
0.704252 0.047140 -0.138616 1
0.533983 0.180517 -0.126633 1
0.379124 0.185374 -0.144111 1
0.336426 0.164873 -0.027221 1
-0.022061 -0.003549 -0.038089 1
0.173095 0.116361 0.041266 1
-0.132561 -0.745282 -0.131478 0
0.725557 0.029528 -0.139332 1
-0.192532 0.159451 -0.056033 2
-0.013486 -0.061687 -0.008627 1
0.479504 0.189973 -0.123481 1
-0.671234 0.250955 0.083321 2
-0.122878 -0.847283 -0.149216 0
-0.088982 0.005107 -0.014926 2
-0.420612 0.256914 0.204159 2
-0.398925 0.240090 0.105491 2
-0.664682 0.282199 0.237854 2
0.160012 0.113128 0.013963 1
-0.113484 -0.561049 -0.114256 0
-0.262042 0.161235 0.109325 2
-0.082814 -0.500853 -0.124569 0
-0.385765 0.229986 0.049128 2
0.703229 0.039163 -0.083940 1
0.161024 0.123311 0.067201 1
-0.535627 0.276923 0.106245 2
-0.481723 0.252285 0.129957 2
0.563346 0.142629 -0.102145 1
-0.167263 0.125885 -0.039361 2
-0.034541 -0.299883 -0.038694 0
0.593224 0.113231 -0.016967 1
0.083122 0.095233 -0.059747 1
-0.146255 -0.891182 -0.099316 0
-0.064749 -0.458950 -0.071504 0
0.251821 0.140442 0.104059 1
-0.309218 0.195830 0.013959 2
0.553485 0.107965 -0.024346 1
0.402847 0.151431 0.015562 1
0.319579 0.113563 0.111788 1
-0.216730 0.131267 -0.024674 2
-0.181721 0.104164 0.116111 2
-0.461014 0.186601 -0.016039 2
0.210840 0.136207 0.014138 1
0.637763 0.035917 0.004457 1
-0.077337 -0.237912 -0.051158 0
-0.256037 0.169338 0.036654 2
-0.336720 0.211082 0.101547 2
-0.578491 0.294111 0.182301 2
0.735109 -0.005457 -0.130937 1
-0.124195 -0.657924 -0.134031 0
0.173605 0.125526 0.093669 1
-0.097306 -0.800053 -0.123823 0
0.362859 0.093789 0.099148 1
-0.265299 0.180180 -0.005715 2
0.546757 0.143004 -0.033663 1
0.406966 0.187037 -0.061848 1
0.637773 0.070279 -0.029113 1
-0.509043 0.270151 0.211109 2
-0.783007 0.243693 0.203146 2
0.173542 0.138178 -0.070903 1
0.428480 0.149697 0.015455 1
-0.235143 0.167723 -0.011046 2
0.283231 0.125631 0.106418 1
-0.454824 0.257133 0.083255 2
-0.097183 -0.432787 -0.098483 0
-0.113692 -0.603666 -0.106991 0
0.560381 0.169506 -0.127701 1
-0.143164 -0.976203 -0.107438 0
-0.201075 0.126547 0.048829 2
0.273777 0.168235 -0.105035 1
-0.080246 -0.040524 -0.016617 2
-0.137883 0.053151 0.032005 2
-0.232392 0.149978 0.027968 2
0.592635 0.156973 -0.107203 1
-0.101802 -0.867712 -0.101060 0
0.647784 0.111671 -0.096707 1
-0.044499 -0.148055 -0.046502 0
-0.208061 0.104582 0.165454 2
0.448564 0.122437 0.046105 1
-0.067692 0.003539 0.005781 2
-0.255859 0.157289 0.169929 2
-0.037923 -0.074640 -0.036528 0
-0.465620 0.277529 0.226544 2
-0.487664 0.260491 0.154484 2
-0.075558 -0.636568 -0.104872 0
0.129972 0.115034 -0.038145 1
0.506541 0.168887 -0.070015 1
0.348974 0.186106 -0.110431 1
0.767773 -0.041657 -0.115713 1
0.197969 0.126924 -0.015934 1
0.616857 0.119947 -0.056171 1
-0.508084 0.245776 0.093420 2
0.188995 0.092502 0.106861 1
-0.210087 0.127771 0.105329 2
0.645979 0.049459 -0.017682 1
0.063002 0.079670 0.002783 1
-0.529941 0.239098 0.034399 2
0.547232 0.105335 0.037213 1
0.243078 0.138485 0.050637 1
-0.365838 0.219780 0.077645 2
0.517239 0.162324 -0.117015 1
-0.553482 0.262514 0.153282 2
0.517421 0.068119 0.061089 1
-0.108428 -0.503838 -0.083898 0
-0.088653 -0.381566 -0.073866 0
-0.778347 0.214149 0.147231 2
-0.093959 0.043251 0.022184 2
0.294033 0.157987 -0.124262 1
0.387561 0.108457 0.095914 1
-0.047547 -0.405006 -0.078364 0
-0.480492 0.265343 0.206557 2
-0.343700 0.215603 0.150762 2
-0.047150 -0.137642 -0.013740 0
0.118991 0.095910 0.087521 1
-0.409057 0.249871 0.148301 2
-0.133727 0.066299 0.004515 2
-0.289108 0.193464 -0.029301 2
0.436995 0.145340 -0.011292 1
-0.739605 0.244887 0.130669 2
0.297385 0.164677 -0.060730 1
-0.059006 -0.502210 -0.095919 0
-0.299919 0.194008 0.037828 2
0.268262 0.163484 -0.071910 1
-0.222801 0.134117 0.137034 2
-0.161799 -0.893588 -0.146506 0
-0.510894 0.252500 0.123463 2
0.618003 0.111382 -0.095673 1
-0.639291 0.214260 0.057219 2
-0.816200 0.200921 0.226000 2
-0.093948 -0.601678 -0.088356 0
-0.064921 -0.546882 -0.093745 0
-0.431843 0.208931 -0.025259 2
0.365972 0.190831 -0.090409 1
-0.488593 0.204062 -0.006012 2
0.484580 0.146678 -0.081699 1
-0.060275 -0.076971 -0.047022 0
0.197557 0.134168 0.094138 1
0.482967 0.060760 0.067432 1
-0.067019 -0.251318 -0.069125 0
-0.553144 0.222429 0.037120 2
-0.129465 -0.919869 -0.140330 0
0.480739 0.132482 0.010703 1
-0.188078 0.118263 0.027024 2
-0.071696 -0.614493 -0.128021 0
-0.131566 -0.892062 -0.151922 0
0.579504 0.102303 0.013438 1
-0.028048 -0.160121 -0.024911 0
-0.077319 -0.569812 -0.084617 0
0.208957 0.145280 -0.032127 1
-0.452813 0.222931 0.001719 2
0.600501 0.093125 -0.032077 1
-0.167076 0.123329 -0.007008 2
0.662166 0.078139 -0.161057 1
-0.023029 -0.018057 -0.007457 1
-0.066376 -0.339771 -0.051505 0
0.453694 0.073556 0.095818 1
-0.491534 0.239745 0.068756 2
0.290056 0.139461 0.034602 1
-0.245301 0.133738 0.179683 2
-0.075225 -0.101776 -0.020964 0
-0.410903 0.238554 0.082726 2
-0.563685 0.201936 0.025079 2
0.388160 0.153427 -0.097279 1
0.607032 0.028048 0.041099 1
-0.379471 0.232948 0.201688 2
0.484333 0.150500 -0.037122 1
0.437580 0.156643 -0.093977 1
-0.253895 0.162021 -0.052264 2
0.552630 0.121431 -0.045479 1
-0.269658 0.169246 0.135359 2
0.496020 0.179143 -0.096407 1
-0.223346 0.135514 0.049883 2
-0.114347 -0.744316 -0.104434 0
-0.316883 0.197892 0.211433 2
0.020170 0.050733 -0.028668 1
-0.059242 -0.272528 -0.039430 0
0.671721 0.061375 -0.070358 1
-0.078951 0.024770 0.039052 2
0.471410 0.115348 0.044480 1
-0.104692 0.027966 0.000678 2
0.254822 0.149297 -0.041006 1
-0.289376 0.179040 0.082218 2
-0.367214 0.216077 0.009456 2
0.494692 0.169691 -0.125304 1
0.515875 0.128567 -0.049732 1
-0.651259 0.278140 0.136071 2
0.317945 0.179423 -0.106686 1
-0.157958 0.100964 0.058638 2
0.547226 0.097488 0.000572 1
-0.100918 -0.768885 -0.138257 0
0.029728 0.050600 -0.004648 1
0.595951 0.137335 -0.148949 1
0.265340 0.168514 -0.136195 1
0.547920 0.164851 -0.092442 1
0.107409 0.097953 -0.015704 1
-0.078740 0.027005 -0.017780 2
-0.080794 -0.282435 -0.038566 0
-0.145501 -0.953000 -0.152683 0
-0.105610 -0.632391 -0.107385 0
0.022707 0.049562 0.034768 1
0.636495 0.114598 -0.138509 1
-0.109796 -0.864664 -0.127876 0
0.572811 0.109120 -0.037914 1
0.508922 0.131767 0.022258 1
-0.641561 0.289844 0.215027 2
-0.040500 -0.218575 -0.050573 0
-0.068704 -0.149107 -0.030014 0
0.334213 0.133508 0.104017 1
-0.535320 0.193792 0.010807 2
0.195627 0.145634 -0.115709 1
0.395951 0.193690 -0.093980 1
0.242500 0.150088 -0.131835 1
-0.233343 0.146373 0.090984 2
-0.189131 0.115228 0.070614 2
-0.450609 0.194065 -0.035709 2
0.428100 0.163128 -0.023731 1
-0.077282 -0.657389 -0.115895 0
-0.019750 -0.016171 0.017435 1
0.121071 0.106756 0.027975 1
0.304836 0.125530 0.125324 1
0.615515 0.074125 -0.018764 1
0.693295 0.052783 -0.114608 1
-0.377530 0.233518 0.113642 2
0.363294 0.138290 0.037888 1
-0.143558 -0.715136 -0.117103 0
0.445382 0.101863 0.077854 1
-0.733826 0.265226 0.181053 2
0.028715 0.064875 -0.061661 1
-0.487892 0.245789 0.037847 2
0.329698 0.148787 0.058232 1
-0.475927 0.261883 0.094308 2
0.048655 0.061780 0.036042 1
0.758123 -0.029848 -0.137451 1
-0.275835 0.170187 0.050331 2
-0.148467 0.088089 0.126776 2
0.088045 0.093989 0.026202 1
-0.139106 0.100008 -0.050461 2
-0.068823 -0.402047 -0.060444 0
0.680577 0.079882 -0.104181 1
-0.703381 0.248644 0.275997 2
-0.608406 0.293851 0.246781 2
0.572149 0.122069 -0.057786 1
0.452781 0.188246 -0.072765 1
-0.122799 -0.668001 -0.103211 0
-0.014829 -0.094658 -0.007239 0
-0.497935 0.280191 0.148375 2
-0.149322 -0.844338 -0.107112 0
-0.543115 0.293991 0.214206 2
0.351695 0.179543 -0.135397 1
-0.729959 0.265866 0.234706 2
0.550775 0.063711 0.051749 1
0.307453 0.147030 0.083255 1
0.604845 0.146389 -0.123533 1
-0.091944 -0.568899 -0.124041 0
-0.152103 -0.878306 -0.127727 0
0.001931 0.021236 0.002490 1
-0.080148 -0.493748 -0.074340 0
-0.808843 0.182612 0.210640 2
-0.573239 0.237313 0.038709 2
0.106497 0.106052 -0.084817 1
-0.045900 -0.183781 -0.021510 0
-0.110405 -0.944634 -0.126799 0
-0.486943 0.281395 0.170658 2
0.166254 0.122852 -0.008056 1
-0.709299 0.266811 0.147440 2
-0.056653 -0.031860 -0.024796 0
-0.411722 0.202883 -0.039564 2
-0.068470 -0.424262 -0.097775 0
-0.447662 0.264305 0.135934 2
0.342372 0.152720 -0.099267 1
-0.399983 0.245137 0.199587 2
-0.117117 0.048142 0.110577 2
-0.218767 0.150439 0.009763 2
-0.085430 -0.777535 -0.110836 0
0.218382 0.122473 0.124509 1
0.075627 0.085648 -0.016362 1
-0.054462 -0.482426 -0.085107 0
-0.130650 0.060925 -0.056157 2
-0.137927 0.080115 -0.028095 2
-0.117472 0.070011 0.048379 2
0.728521 0.025319 -0.096708 1
0.248932 0.158935 -0.061064 1
0.423707 0.137820 -0.061409 1
0.096185 0.084746 -0.116739 1
-0.058481 -0.210423 -0.027157 0
-0.430665 0.239755 0.037780 2
0.352233 0.129164 0.081984 1
0.372348 0.174195 -0.059349 1
-0.124253 -0.700790 -0.115321 0
0.561356 0.037618 0.047734 1
0.008152 -0.015698 -0.005457 1
-0.133667 -0.911533 -0.116560 0
0.576151 0.084852 0.038544 1
0.429430 0.191382 -0.105694 1
-0.307133 0.193993 0.113715 2
-0.100527 -0.723998 -0.105440 0
0.040847 0.025411 0.042076 1
-0.102006 -0.701051 -0.139226 0
-0.509257 0.291144 0.193616 2
-0.520711 0.277235 0.128142 2
-0.133608 0.081130 0.083502 2
0.270134 0.140864 -0.144712 1
-0.081038 -0.295857 -0.058050 0
0.680163 0.015612 -0.022155 1
0.437772 0.172083 -0.123688 1
0.153135 0.122201 -0.118084 1
0.468487 0.170657 -0.123447 1
-0.103439 -0.559022 -0.092460 0
0.407682 0.114580 0.080519 1
-0.343828 0.212219 0.029083 2
0.010515 0.036853 0.016146 1
-0.144339 -0.823586 -0.146837 0
-0.310356 0.191309 0.070309 2
0.560632 0.141161 -0.057133 1
0.450100 0.193190 -0.094135 1
-0.343234 0.211534 0.201126 2
-0.044855 -0.063667 -0.005617 0
0.207667 0.127029 0.058650 1
0.067963 0.080972 -0.089941 1
0.722970 0.014974 -0.156710 1
-0.113118 -0.769741 -0.110079 0
0.403671 0.166756 -0.027187 1
0.107341 0.077729 0.079638 1
-0.441412 0.267687 0.184325 2
-0.762670 0.226340 0.126333 2
0.526656 0.184993 -0.105362 1
0.240141 0.149724 -0.024703 1
-0.075551 -0.458347 -0.105881 0
-0.810806 0.205553 0.200900 2
0.505706 0.114754 -0.027383 1
-0.086940 -0.357749 -0.042114 0
-0.074312 -0.185386 -0.032811 0
-0.610385 0.294094 0.224621 2
0.214203 0.155261 -0.089116 1
0.427554 0.169634 -0.147826 1
-0.463047 0.277613 0.192233 2
-0.067765 -0.148704 -0.008156 0
-0.092972 0.048106 -0.038301 2
-0.056269 -0.106859 -0.008386 0
0.120726 0.060387 0.087192 1
0.543489 0.171897 -0.145180 1
0.675411 0.042167 -0.038660 1
-0.655850 0.285670 0.180794 2
-0.091747 -0.636150 -0.130741 0
-0.249105 0.177401 -0.024681 2
-0.222782 0.156332 -0.071258 2
-0.116086 -0.633902 -0.126414 0
-0.044539 -0.364902 -0.089242 0
-0.055634 -0.444388 -0.113545 0
0.540754 0.136383 -0.013826 1
-0.070684 -0.341757 -0.097210 0
-0.005021 -0.017091 -0.027201 1
-0.130236 -0.933427 -0.117089 0
-0.398582 0.220300 -0.004987 2
0.651755 0.006416 -0.002335 1
-0.189007 0.102066 -0.000297 2
-0.511455 0.288102 0.172348 2
-0.086677 -0.759677 -0.096094 0
-0.243408 0.151129 0.072480 2
-0.046021 -0.237191 -0.060008 0
-0.114761 -0.802455 -0.147082 0
-0.102343 -0.824842 -0.114799 0
0.741066 -0.026806 -0.115382 1
0.077363 0.074068 0.056614 1
-0.588624 0.262343 0.078773 2
-0.102121 0.050377 0.048928 2
-0.043218 -0.304076 -0.059370 0
0.406503 0.128082 0.063838 1
-0.130609 -0.802156 -0.162108 0
-0.517259 0.287875 0.242945 2
0.599136 0.074087 0.005133 1
-0.563042 0.247178 0.081500 2
-0.321228 0.202104 -0.006600 2
0.573943 0.151952 -0.084959 1
-0.013632 -0.049395 -0.026155 1
-0.086821 -0.017723 -0.029849 2
0.150493 0.094108 0.098540 1
-0.141616 -0.852868 -0.157803 0
-0.042618 -0.294931 -0.081934 0
-0.049030 -0.472108 -0.062834 0
0.701411 0.037434 -0.062781 1
-0.344820 0.206873 -0.017761 2
0.493278 0.185219 -0.073232 1
-0.508905 0.268512 0.189910 2
-0.068443 -0.209940 -0.057349 0
-0.642182 0.279872 0.249879 2
-0.713552 0.270159 0.221637 2
-0.035635 -0.040094 -0.012142 0
-0.097394 0.036509 0.071648 2
0.112050 0.103204 -0.105996 1
-0.296057 0.186322 0.166087 2
-0.122931 -0.848228 -0.112585 0
-0.564074 0.277038 0.103166 2
0.570766 0.149619 -0.126258 1
-0.234520 0.138082 -0.015617 2
0.238398 0.131160 0.118747 1
0.288204 0.147021 0.061558 1
-0.078500 -0.262239 -0.050517 0
-0.142873 -0.812132 -0.128127 0
-0.098592 -0.591420 -0.127400 0
-0.789377 0.203179 0.252612 2
0.584477 0.130245 -0.090967 1
-0.042998 -0.348646 -0.062060 0
-0.100329 0.017390 0.025998 2
-0.092351 -0.658027 -0.133823 0
-0.110023 0.071226 -0.038818 2
-0.283596 0.186030 -0.050126 2
-0.128647 0.051215 0.127762 2
-0.070581 -0.691593 -0.107155 0
-0.212202 0.159083 -0.040739 2
0.518967 0.091747 0.050501 1
-0.198928 0.140370 -0.050416 2
0.192617 0.140002 -0.062583 1
-0.051625 -0.429571 -0.076986 0
-0.681017 0.271261 0.251419 2
-0.639123 0.266260 0.098080 2
-0.070153 0.010442 0.026826 2
-0.068090 -0.326452 -0.083389 0
-0.287049 0.180590 0.135270 2
-0.564698 0.221316 0.017739 2
-0.144498 0.081617 -0.007725 2
-0.086787 -0.672149 -0.100715 0
0.372564 0.135015 0.072345 1
0.594687 0.048455 0.037462 1
0.592605 0.123854 -0.039673 1
0.470369 0.147849 -0.014348 1
-0.553033 0.274171 0.249415 2
-0.736138 0.244031 0.262399 2
-0.095515 -0.484784 -0.088877 0
0.332351 0.156225 0.004628 1
-0.681277 0.238120 0.070686 2
0.725733 0.035452 -0.117127 1
0.139446 0.119258 -0.077695 1
-0.089129 -0.349439 -0.062767 0
0.606581 0.147592 -0.095332 1
-0.069921 -0.601641 -0.094019 0
-0.045678 -0.172682 -0.050628 0
0.385577 0.166284 -0.148036 1
0.495643 0.081683 0.066800 1
0.395047 0.182757 -0.128434 1
-0.598824 0.236669 0.078482 2
-0.575534 0.281796 0.135328 2
0.280264 0.152923 -0.036861 1
-0.079327 -0.325755 -0.058832 0
0.238446 0.142482 0.025274 1
-0.467684 0.256625 0.158735 2
-0.013134 0.006804 -0.013706 1
0.237269 0.138759 0.083323 1
-0.135907 -0.729585 -0.144052 0
0.530045 0.134564 -0.063095 1
-0.148706 -0.854930 -0.126860 0
-0.038702 -0.261602 -0.060448 0
-0.344980 0.213810 0.049544 2
-0.164191 0.101242 -0.039266 2
-0.097855 -0.838245 -0.146236 0
0.468280 0.138658 -0.064036 1
0.107334 0.089224 0.060073 1
0.163984 0.109297 0.086312 1
-0.753404 0.260934 0.215474 2
-0.598222 0.204535 0.039717 2
-0.112314 0.047820 -0.019084 2
-0.782528 0.236134 0.158595 2
-0.091413 -0.646153 -0.096839 0
0.238875 0.158566 -0.104417 1
-0.092395 -0.460574 -0.083427 0
-0.093280 -0.813642 -0.147157 0
-0.088874 -0.401899 -0.072532 0
0.473930 0.172461 -0.065207 1
-0.788389 0.227569 0.249665 2
0.027798 0.015458 0.030452 1
-0.013567 -0.073719 -0.024925 0
-0.227971 0.123894 0.010982 2
-0.202424 0.113993 0.146503 2
0.229523 0.151156 -0.074350 1
0.352792 0.124299 0.115088 1
0.054080 0.048533 0.059473 1
-0.113751 0.057401 0.090505 2
0.326958 0.162169 -0.121679 1
0.424572 0.174440 -0.059753 1
-0.584082 0.297715 0.216698 2
-0.066250 -0.526176 -0.083554 0
0.079768 0.090280 0.043993 1
-0.172937 0.098139 0.138961 2
0.558466 0.118298 0.010635 1
0.122472 0.110894 -0.019605 1
-0.077820 -0.358148 -0.086564 0
0.426646 0.105149 0.083708 1
0.496386 0.116194 0.051464 1
-0.770619 0.193037 0.135832 2
0.131254 0.091198 0.102529 1
-0.555369 0.254487 0.127075 2
-0.068243 -0.479823 -0.105318 0
0.308901 0.178142 -0.136879 1
-0.432999 0.249251 0.217582 2
0.473077 0.193176 -0.105030 1
0.205366 0.116855 0.104278 1
-0.045071 -0.406635 -0.105943 0
-0.079517 -0.546930 -0.117317 0
0.508240 0.151271 -0.046999 1
-0.763571 0.241362 0.250936 2
-0.063588 -0.018359 0.004839 0
-0.623144 0.287915 0.258451 2
0.449343 0.181564 -0.138192 1
0.175193 0.126165 0.024331 1
0.075657 0.071133 -0.105119 1
-0.808123 0.196325 0.245069 2
-0.046427 -0.380904 -0.050642 0
0.598544 0.060379 0.021460 1
-0.550732 0.293177 0.178658 2
-0.112571 -0.578709 -0.105844 0
-0.116470 -0.909941 -0.128693 0
-0.087878 -0.381964 -0.049564 0
-0.127468 -0.712450 -0.098517 0
0.007404 0.025234 -0.048233 1
-0.108860 -0.487205 -0.069672 0
-0.143466 -0.790494 -0.124253 0
-0.067576 -0.271862 -0.081775 0
-0.237854 0.145720 0.159822 2
-0.195504 0.086628 0.046748 2
-0.091445 -0.005839 0.004876 2
-0.107481 -0.563713 -0.072159 0
-0.461340 0.274785 0.168584 2
0.316573 0.159898 -0.016907 1
0.564098 0.104457 0.025840 1
0.063977 0.059378 0.077894 1
0.140754 0.116645 0.069247 1
0.471312 0.139957 0.025943 1
-0.083249 -0.453395 -0.066467 0
0.684405 -0.006890 -0.025599 1
-0.578066 0.246505 0.094157 2
-0.069697 0.005718 -0.016656 2
0.637441 0.111769 -0.071014 1
-0.475346 0.274367 0.244710 2
-0.309813 0.195929 -0.041407 2
-0.500031 0.217718 0.001480 2
0.024311 0.047530 -0.068953 1
0.271139 0.140752 0.104150 1
-0.068355 -0.578604 -0.103796 0
0.141785 0.107394 0.001742 1
-0.276353 0.171336 0.070273 2
-0.322392 0.202636 0.191933 2
-0.118804 -0.605248 -0.125507 0
-0.738536 0.196356 0.115970 2
-0.693558 0.275476 0.168838 2
-0.099467 -0.544501 -0.117286 0
-0.609305 0.280610 0.124912 2
-0.074901 -0.238906 -0.025993 0
0.098310 0.066891 0.092670 1
0.362699 0.112886 0.101420 1
0.737444 0.014361 -0.136675 1
-0.365906 0.222018 0.058628 2
-0.657244 0.256623 0.095102 2
-0.133329 0.085262 0.017385 2
-0.709271 0.267825 0.257847 2
-0.538705 0.265476 0.165063 2
0.610736 0.095644 -0.048176 1
-0.476673 0.270243 0.125757 2
0.054854 0.079728 -0.051217 1
0.584186 0.085615 0.002247 1
-0.199923 0.101303 0.027598 2
-0.137134 -0.956487 -0.099566 0
0.528176 0.135136 -0.028877 1
0.671117 0.073572 -0.085597 1
-0.730927 0.215100 0.104924 2
-0.137160 0.077588 0.114343 2
0.105904 0.104554 -0.059113 1
-0.045341 -0.422050 -0.055361 0
0.554139 0.076360 0.037968 1
-0.617817 0.283537 0.148418 2
0.621388 0.044395 0.009002 1
0.392573 0.145246 0.000837 1
0.728746 0.008537 -0.081006 1
0.504826 0.141923 0.004337 1
0.365604 0.168314 -0.127483 1
-0.068079 -0.050400 -0.027315 0
0.282638 0.148749 -0.016254 1
0.759746 -0.029091 -0.095770 1
-0.018106 -0.125750 -0.006264 0
0.227766 0.136797 -0.130526 1
-0.588127 0.289494 0.160137 2
-0.080689 -0.700963 -0.137243 0
0.336560 0.170525 -0.048256 1
-0.091925 -0.623047 -0.093909 0
-0.092800 0.044493 0.003370 2
-0.529982 0.251056 0.049017 2
0.604463 0.136666 -0.066214 1
-0.091181 -0.725578 -0.139099 0
-0.330798 0.204827 0.059461 2
0.653037 0.076413 -0.044545 1
0.119859 0.106740 0.048173 1
0.541043 0.127245 0.004326 1
0.526829 0.165785 -0.073522 1
-0.235520 0.157282 0.004650 2
-0.260155 0.178282 -0.059334 2
0.721110 -0.013405 -0.055069 1
0.438776 0.159988 -0.038872 1
0.573838 0.113314 -0.016078 1
0.042399 0.069487 -0.083395 1
-0.598523 0.269802 0.092881 2
-0.443876 0.268790 0.224709 2
-0.312207 0.194458 0.171219 2
-0.432337 0.247653 0.071862 2
0.663638 0.086465 -0.133202 1
-0.797469 0.226102 0.193480 2
-0.103750 -0.525023 -0.096935 0
0.678288 0.034184 -0.020984 1
0.308638 0.157990 -0.042027 1
-0.472406 0.239739 0.029302 2
-0.621091 0.243727 0.062238 2
-0.499139 0.256976 0.137270 2
-0.198956 0.118793 -0.027477 2
-0.143278 -0.824001 -0.103787 0
-0.166046 0.087066 0.120237 2
-0.030298 -0.186513 -0.062761 0
-0.608151 0.226640 0.059771 2
-0.027668 -0.175155 -0.035914 0
-0.241369 0.151923 -0.042871 2
-0.823717 0.184280 0.222404 2
-0.157718 0.092371 -0.058428 2
-0.001716 0.024684 -0.018039 1
-0.180563 0.135420 -0.048184 2
0.050754 0.077586 -0.028285 1
-0.574763 0.255578 0.065266 2
0.186394 0.125798 -0.129023 1
-0.508793 0.235669 0.024990 2
0.172566 0.104443 0.104751 1
-0.284267 0.156671 0.196091 2
-0.344392 0.218412 0.126255 2
0.628406 0.028371 0.019398 1
-0.082413 -0.701896 -0.116960 0
-0.112959 -0.592533 -0.092240 0
-0.762461 0.204625 0.116013 2
-0.222252 0.127621 -0.006589 2
0.539881 0.155770 -0.063733 1
-0.041070 -0.342175 -0.042884 0
-0.377859 0.216233 -0.005989 2
-0.076309 -0.040153 0.003626 0
-0.226571 0.168018 -0.057540 2
-0.048322 -0.118276 -0.045215 0
0.642025 0.099079 -0.128604 1
-0.133473 0.076802 -0.068610 2
-0.444398 0.255021 0.106292 2
-0.645535 0.280933 0.268826 2
0.407972 0.183554 -0.084530 1
0.518615 0.114545 0.022169 1
-0.640799 0.241991 0.063622 2
-0.706180 0.220926 0.086454 2
-0.038630 -0.364292 -0.071925 0
-0.469646 0.243803 0.114026 2
0.504979 0.102089 0.043306 1
0.334801 0.139160 0.043531 1
0.508243 0.169684 -0.051821 1
-0.131016 -0.736976 -0.102940 0
-0.376228 0.192201 -0.040582 2
0.560528 0.158805 -0.145063 1
-0.574378 0.291696 0.247273 2
0.162484 0.134221 -0.047159 1
-0.647701 0.288294 0.233317 2
-0.032287 -0.252863 -0.029648 0
-0.750703 0.247854 0.148031 2
0.172306 0.086390 0.102282 1
0.150720 0.119720 -0.039336 1
0.328807 0.183470 -0.072495 1
-0.137055 -0.889750 -0.114937 0
-0.228789 0.141842 -0.033220 2
0.462212 0.095220 0.075751 1
-0.064848 -0.406730 -0.094703 0
0.695201 0.014903 -0.036756 1
-0.123221 0.047765 0.009806 2
0.691831 0.060364 -0.138768 1
-0.072148 -0.392086 -0.105086 0
-0.322120 0.203257 0.156874 2
-0.663117 0.278277 0.149772 2
0.704968 0.057191 -0.084158 1
-0.152318 -0.951163 -0.121753 0
0.010613 0.035675 -0.031662 1
-0.549900 0.266984 0.076251 2
-0.270553 0.174214 0.093964 2
0.550907 0.125705 -0.026493 1
-0.174980 0.131273 -0.023677 2
-0.260354 0.165373 0.063717 2
0.371136 0.146942 -0.004450 1
-0.102935 -0.638140 -0.079841 0
-0.156355 0.115786 -0.049580 2
-0.000675 0.008007 -0.034827 1
0.528396 0.050185 0.067739 1
-0.519555 0.203423 0.005218 2
0.666837 0.080277 -0.062930 1
-0.400290 0.232561 0.030502 2
-0.044154 -0.335872 -0.082889 0
-0.115362 0.038573 0.045783 2
0.541917 0.086360 0.029300 1
0.551927 0.176318 -0.105736 1
-0.683451 0.278140 0.225612 2
0.660682 0.045547 -0.028450 1
-0.210493 0.125100 0.080793 2
-0.748136 0.254652 0.254065 2
-0.132189 0.082758 0.037338 2
-0.120401 -0.765251 -0.161063 0
-0.114456 -0.756629 -0.146189 0
-0.721053 0.242193 0.275453 2
0.417895 0.082791 0.103826 1
-0.256146 0.159907 0.126215 2
0.260951 0.137384 0.005477 1
-0.118556 -0.703674 -0.147229 0
0.395533 0.173950 -0.057439 1
0.637467 0.082216 -0.051808 1
-0.001309 -0.029577 0.000801 1
0.261415 0.164208 -0.092696 1
0.518928 0.178588 -0.136427 1
0.723883 0.013297 -0.062682 1
0.350843 0.161407 -0.016310 1
-0.400600 0.243224 0.125455 2
-0.022442 -0.107067 -0.024395 0
-0.542323 0.258195 0.059776 2
-0.028434 -0.146755 -0.036710 0
0.281861 0.139998 0.017446 1
0.252758 0.139269 -0.122061 1
-0.705810 0.245617 0.105740 2
0.430950 0.137444 0.043801 1
-0.511079 0.270892 0.106628 2
-0.169954 0.124412 -0.057266 2
-0.067248 -0.071208 -0.003175 0
-0.070387 -0.117455 -0.027805 0
-0.069477 -0.206347 -0.013825 0
0.625556 0.104641 -0.051968 1
-0.054327 -0.072695 -0.030064 0
-0.752242 0.255661 0.170367 2
-0.367082 0.231223 0.179933 2
-0.107774 -0.857557 -0.148593 0
-0.167779 0.106674 0.037760 2
-0.120263 -0.819999 -0.167806 0
-0.679842 0.272250 0.279534 2
-0.795027 0.233675 0.229116 2
-0.234165 0.146307 0.131091 2
-0.113888 -0.886832 -0.137092 0
-0.079451 -0.678783 -0.115527 0
-0.487358 0.263554 0.171897 2
-0.155428 0.091758 -0.017228 2
-0.081284 -0.014264 0.023645 2
0.466468 0.151831 -0.088828 1
-0.468117 0.252970 0.141521 2
0.612620 0.119995 -0.110034 1
-0.643382 0.275690 0.120571 2
-0.110095 0.059997 0.024491 2
0.650197 0.092366 -0.059640 1
0.373673 0.094342 0.112946 1
-0.058833 -0.390437 -0.092272 0
-0.586007 0.224832 0.047734 2
0.284647 0.172451 -0.127404 1
-0.061677 -0.535422 -0.119942 0
0.090012 0.096277 -0.016727 1
0.574788 0.167716 -0.117917 1
-0.485061 0.272647 0.230251 2
-0.079525 -0.515551 -0.113982 0
-0.057996 -0.437907 -0.094642 0
0.305164 0.153741 0.004483 1
-0.516752 0.261043 0.144312 2
0.538873 0.144808 -0.049149 1
-0.068026 -0.170794 -0.025550 0
-0.150541 -0.909053 -0.141877 0
-0.512308 0.271144 0.242340 2
0.275509 0.114658 0.117581 1
-0.081822 -0.492610 -0.109220 0
-0.665475 0.272459 0.127708 2
-0.221862 0.129066 0.120364 2
-0.322786 0.201670 0.113291 2
0.747894 -0.039357 -0.149888 1
-0.411645 0.225219 0.005446 2
-0.134244 -0.931750 -0.152138 0
0.611888 0.100003 -0.020861 1
-0.767928 0.247875 0.229479 2
0.612042 0.111998 -0.041466 1
-0.067162 -0.061256 -0.040869 0
0.471297 0.160881 -0.046717 1
-0.096359 -0.383979 -0.089262 0
0.381096 0.128115 0.093608 1
-0.501820 0.264578 0.075095 2
0.255483 0.110353 0.125032 1
0.158611 0.112933 0.050199 1
-0.487683 0.265616 0.106503 2
0.629803 0.116345 -0.154637 1
-0.058078 -0.314222 -0.048140 0
-0.787330 0.238094 0.181670 2
-0.622418 0.293339 0.206493 2
0.609568 0.108627 -0.069608 1
-0.316555 0.184504 -0.068747 2
0.615911 0.125116 -0.072942 1
-0.769824 0.228815 0.270524 2
-0.509803 0.282284 0.228376 2
-0.696655 0.268533 0.135767 2
-0.678227 0.252837 0.099025 2
0.219001 0.136886 0.050086 1
-0.112576 -0.691859 -0.105533 0
0.746391 -0.016874 -0.148933 1
-0.541175 0.289128 0.159845 2
0.362482 0.188064 -0.073724 1
0.051635 0.057976 -0.093178 1
-0.414252 0.236072 0.221705 2
0.329150 0.179891 -0.093581 1
-0.035538 -0.103910 -0.039117 0
0.415162 0.171807 -0.123742 1
0.303853 0.157537 -0.148459 1
0.318581 0.128758 0.094281 1
-0.293489 0.188866 0.014773 2
0.426359 0.121817 0.079405 1
0.206257 0.125894 0.001143 1
0.472469 0.105283 0.058397 1
-0.056622 -0.505315 -0.115890 0
0.188258 0.116580 0.093276 1
-0.155340 0.094957 0.084764 2
-0.010685 -0.044273 -0.003352 1
-0.106999 -0.505624 -0.110180 0
0.414597 0.156607 -0.095069 1
-0.127262 -0.714349 -0.127643 0
-0.079252 -0.062460 -0.016124 0
-0.091041 -0.535153 -0.083337 0
-0.544777 0.273275 0.091351 2
0.546741 0.147554 -0.103438 1
0.384422 0.128151 0.061886 1
-0.151326 -0.924372 -0.121700 0
0.437355 0.185611 -0.061924 1
-0.533120 0.247841 0.083191 2
-0.508039 0.243472 0.071136 2
-0.542490 0.237037 0.053659 2
-0.108150 0.063173 -0.012903 2
-0.091862 -0.676953 -0.136127 0
0.061880 0.074510 0.019006 1
-0.083270 -0.602369 -0.124644 0
-0.137220 -0.767286 -0.124096 0
0.604482 0.135445 -0.083217 1
-0.610089 0.225803 0.039909 2
0.643189 0.093207 -0.084865 1
-0.079803 -0.314761 -0.040696 0
0.633941 0.126522 -0.105249 1
0.361613 0.150815 0.026477 1
-0.100220 0.062142 -0.028269 2
-0.146799 -0.805897 -0.151016 0
0.318868 0.150395 0.036750 1
0.606669 0.130138 -0.128208 1
-0.377691 0.205800 -0.030494 2
-0.725705 0.245530 0.119837 2
0.671321 0.068928 -0.051132 1
-0.285375 0.174224 0.201159 2
-0.198786 0.145446 -0.012696 2
0.207837 0.150524 -0.104104 1
0.245086 0.135360 0.068662 1
-0.594068 0.295153 0.188917 2
-0.062448 -0.505446 -0.079637 0
0.129817 0.066156 0.104017 1
-0.143129 -0.878764 -0.152978 0
0.497608 0.141930 -0.026554 1
-0.152627 0.108552 -0.001046 2
-0.208578 0.110681 0.016493 2
0.338822 0.145873 0.072164 1
-0.188457 0.104109 0.134990 2
-0.183680 0.093883 0.014120 2
0.443094 0.164517 -0.109566 1
0.660348 0.081087 -0.104825 1
-0.628197 0.223466 0.065992 2
-0.112686 -0.778396 -0.145726 0
-0.464270 0.249979 0.049559 2
-0.355733 0.210535 -0.001575 2
0.251798 0.144121 0.037360 1
-0.075978 -0.658495 -0.137787 0
-0.082107 0.035226 -0.038392 2
0.348833 0.173531 -0.037109 1
-0.073353 -0.085213 -0.018642 0
-0.057160 -0.085837 -0.002734 0
-0.145121 0.067598 0.016985 2
-0.442211 0.230447 0.012402 2
0.143152 0.115156 0.016599 1
-0.262086 0.171811 0.021167 2
-0.071027 -0.134609 -0.021835 0
-0.073314 0.012319 0.061391 2
0.523988 0.131058 0.014866 1
0.076576 0.070379 0.079432 1
0.114933 0.107609 -0.038559 1
-0.133523 -0.781252 -0.140555 0
0.066826 0.062026 -0.116092 1
-0.287549 0.182730 0.038831 2
0.202708 0.139517 -0.049208 1
0.509905 0.188360 -0.097941 1
0.473231 0.158155 -0.027223 1
-0.155467 0.081817 0.004902 2
-0.366368 0.227544 0.126077 2
0.178891 0.126692 0.053072 1
0.581669 0.046440 0.047760 1
0.715905 0.008761 -0.043556 1
-0.231000 0.131503 0.152163 2
0.583057 0.123926 -0.070569 1
-0.097648 -0.790313 -0.101586 0
0.591136 0.155088 -0.127454 1
-0.122281 0.070379 0.072126 2
-0.291705 0.187016 0.096682 2
0.153777 0.109921 0.102663 1
0.450230 0.080657 0.081142 1
-0.059590 -0.056083 -0.000780 0
0.585275 0.098178 -0.027600 1
-0.451269 0.268078 0.151727 2
-0.056830 -0.256454 -0.035928 0
-0.475304 0.282398 0.203940 2
-0.062095 -0.442956 -0.067842 0
-0.088700 -0.447835 -0.101729 0
-0.476220 0.191930 -0.012034 2
0.000071 -0.001480 0.011828 1
-0.478766 0.216775 -0.001858 2
-0.039834 -0.268869 -0.075427 0
-0.114140 -0.645814 -0.102679 0
-0.088921 0.027343 0.060729 2
-0.053595 -0.449909 -0.083603 0
0.583819 0.140744 -0.121190 1
0.492291 0.192808 -0.105020 1
-0.354781 0.216864 0.089647 2
-0.676411 0.217196 0.067731 2
0.569211 0.134660 -0.086261 1
-0.134916 -0.790912 -0.100857 0
0.177408 0.137286 -0.053641 1
0.138594 0.107516 0.052303 1
0.162434 0.135983 -0.082977 1
0.179073 0.126059 -0.018024 1
-0.081452 -0.391434 -0.061638 0
0.296696 0.129845 0.095064 1
-0.040619 -0.028276 -0.022928 0
-0.113555 -0.801217 -0.112383 0
-0.080131 -0.585900 -0.087073 0
-0.398154 0.234467 0.059068 2
0.140131 0.125207 -0.093073 1
0.190523 0.110796 -0.136461 1
-0.101170 -0.622133 -0.144309 0
-0.321645 0.183046 0.206107 2
0.405548 0.138257 0.050927 1
0.672825 0.070109 -0.147312 1
0.203115 0.124849 0.023193 1
0.472959 0.182064 -0.139595 1
0.463168 0.135418 0.039483 1
-0.055431 -0.360799 -0.055022 0
0.473584 0.130626 -0.050389 1
-0.446880 0.245094 0.041317 2
0.030045 0.059493 -0.018457 1
-0.328326 0.195994 -0.043026 2
-0.524181 0.223941 0.031853 2
0.531494 0.171405 -0.097557 1
0.393325 0.186276 -0.108365 1
-0.723922 0.259520 0.146149 2
-0.444715 0.252733 0.230350 2
0.439996 0.136987 0.016744 1
-0.176790 0.098209 0.093568 2
-0.067452 -0.009164 -0.026891 2
-0.045765 -0.194145 -0.053303 0
0.209450 0.130158 0.083676 1
0.307094 0.177417 -0.063921 1
-0.225874 0.166276 -0.026635 2
-0.491926 0.236542 0.052761 2
-0.022755 -0.060989 -0.033102 1
-0.069314 -0.111735 0.000149 0
-0.090263 -0.711335 -0.105361 0
0.329843 0.150730 -0.019201 1
0.590640 0.089393 -0.012642 1
-0.354602 0.222090 0.138402 2
0.399889 0.098029 0.098056 1
0.715540 0.044410 -0.074670 1
0.570157 0.128231 -0.021456 1
0.018486 0.027810 0.037774 1
0.092273 0.070786 -0.109374 1
-0.078193 -0.468283 -0.070584 0
-0.077041 -0.578801 -0.119890 0
0.741090 -0.005802 -0.106019 1
-0.196959 0.129195 0.018940 2
-0.035163 -0.161606 -0.040807 0
0.343018 0.175689 -0.073397 1
-0.247397 0.155395 0.105514 2
-0.119435 -0.734876 -0.142848 0
0.414898 0.194738 -0.094008 1
-0.487334 0.265681 0.191876 2
0.615573 0.069264 0.005802 1
-0.222946 0.138136 0.107016 2
-0.129516 -0.642724 -0.132757 0
0.696516 0.025608 -0.048765 1
-0.055176 -0.270974 -0.070882 0
-0.082945 -0.425836 -0.055676 0
-0.568978 0.217476 0.036097 2
0.583600 0.141992 -0.057872 1
-0.356389 0.202674 0.212984 2
-0.091227 0.038160 0.037219 2
-0.055616 -0.414765 -0.065382 0
-0.454863 0.270009 0.236407 2
-0.098592 -0.602479 -0.139984 0
-0.422006 0.241943 0.060931 2
0.561356 0.150154 -0.071315 1
-0.156540 0.101881 0.026486 2
-0.210743 0.148415 -0.028816 2
0.697705 0.046248 -0.097249 1
0.474258 0.123086 0.030713 1
0.683079 0.048390 -0.062878 1
-0.076574 -0.193113 -0.051473 0
-0.114277 0.048242 -0.041712 2
-0.027759 -0.140371 -0.018988 0
-0.124385 -0.680400 -0.115757 0
-0.158081 0.117078 -0.029631 2
0.648616 0.092830 -0.105395 1
0.306823 0.145387 -0.016060 1
-0.413478 0.245477 0.109408 2
-0.186822 0.130156 -0.012979 2
-0.085015 -0.295766 -0.075669 0
0.308547 0.184334 -0.094714 1
0.262507 0.127451 0.106212 1
-0.112209 -0.713106 -0.106190 0
0.382225 0.173906 -0.132840 1
-0.543521 0.286970 0.250367 2
-0.526870 0.210604 0.018128 2
-0.399131 0.247331 0.183793 2
-0.099332 -0.788868 -0.135010 0
-0.808223 0.180084 0.238770 2
0.667627 0.011829 -0.010252 1
0.589745 0.066667 0.038474 1
-0.109755 -0.669991 -0.137756 0
-0.266485 0.169130 0.169479 2
0.231357 0.132356 0.059489 1
-0.743750 0.260965 0.192743 2
0.506026 0.057890 0.065412 1
0.541492 0.172017 -0.073492 1
-0.352884 0.212391 0.015253 2
-0.085263 -0.016471 -0.014099 2
-0.586520 0.245499 0.051242 2
-0.009355 0.013593 0.017701 1
-0.027713 -0.139596 -0.050850 0
0.007985 0.017189 0.021429 1
0.380992 0.091816 0.096470 1
0.318996 0.148895 0.072567 1
-0.043204 -0.348525 -0.092350 0
-0.127282 0.091070 -0.038417 2
-0.689474 0.278523 0.183817 2
-0.276900 0.186073 -0.014695 2
-0.511621 0.250992 0.046933 2
-0.077591 -0.734722 -0.124700 0
-0.123463 -0.658177 -0.116620 0
-0.586572 0.281665 0.247368 2
0.088456 0.091397 0.058538 1
0.649174 0.101336 -0.072664 1
-0.653828 0.241105 0.072744 2
0.715260 0.027518 -0.083250 1
0.418448 0.180301 -0.073062 1
-0.369798 0.221014 0.026278 2
-0.034167 -0.238798 -0.036493 0
0.439808 0.168694 -0.051939 1
0.589596 0.155213 -0.085251 1
0.748001 0.004023 -0.116297 1
-0.103955 0.045391 0.082839 2
-0.282089 0.181434 0.172677 2
0.532554 0.065742 0.057586 1
-0.088174 -0.467650 -0.104149 0
0.317518 0.167124 -0.030805 1
-0.722088 0.261774 0.251113 2
-0.520812 0.272285 0.094401 2
0.021167 0.060138 -0.045143 1
-0.109909 0.042113 -0.003655 2
-0.070477 -0.613087 -0.104724 0
0.380672 0.163421 -0.037284 1
-0.121066 -0.966239 -0.119361 0
-0.798812 0.221284 0.237916 2
-0.149256 0.074816 0.144453 2
0.330342 0.105812 0.103474 1
-0.178164 0.123162 -0.070531 2
-0.069419 -0.245031 -0.039310 0
-0.444510 0.212524 -0.016804 2
-0.133540 0.094856 -0.019748 2
0.133059 0.122842 -0.051343 1
-0.133099 -0.979344 -0.118992 0
0.693294 0.049034 -0.050486 1
-0.767968 0.252131 0.214434 2
0.560910 0.168459 -0.084530 1
-0.562560 0.284985 0.143431 2
0.331393 0.143559 0.013697 1
-0.105410 -0.844304 -0.134004 0
-0.041208 -0.035109 0.001534 0
0.308325 0.135948 0.072339 1
0.255181 0.137291 -0.142231 1
0.459010 0.185335 -0.105786 1
-0.082196 -0.699442 -0.092824 0
-0.292006 0.184410 0.191442 2
0.724915 0.017389 -0.124621 1
0.379674 0.192349 -0.097579 1
0.755585 -0.009890 -0.102052 1
-0.800943 0.214452 0.180037 2
-0.799524 0.203442 0.264359 2
0.593069 0.092798 0.012749 1
-0.111405 -0.604581 -0.082602 0
-0.421601 0.258189 0.159669 2
0.495761 0.125047 0.017615 1
0.296459 0.172370 -0.104075 1
-0.201646 0.144954 -0.071173 2
0.359448 0.154977 0.005122 1
0.458482 0.165941 -0.034256 1
-0.057512 -0.291563 -0.043314 0
-0.124956 0.080602 0.005270 2
0.395934 0.179845 -0.072262 1
-0.078932 -0.438616 -0.067575 0
0.087973 0.059747 0.075217 1
-0.597535 0.278433 0.115174 2
0.528842 0.093815 0.038830 1
0.328974 0.141630 0.029082 1
-0.621704 0.291086 0.182598 2
-0.056318 -0.300917 -0.075359 0
0.547413 0.093508 0.047100 1
0.098643 0.094657 -0.105207 1
-0.773375 0.249196 0.191009 2
0.229891 0.125470 0.105732 1
0.097938 0.096775 0.014758 1
0.516348 0.138622 -0.068791 1
0.263730 0.135260 0.091851 1
0.649019 0.106682 -0.117231 1
-0.221449 0.129478 0.094421 2
-0.079021 -0.436327 -0.098622 0
0.648055 0.028013 -0.003741 1
0.426290 0.154768 -0.005646 1
0.462071 0.184410 -0.125692 1
0.611882 0.056231 0.015130 1
-0.311423 0.198550 -0.017889 2
-0.119765 -0.625615 -0.114052 0
-0.118520 -0.762030 -0.097980 0
0.544058 0.142237 -0.089326 1
0.541249 0.105385 -0.015512 1
-0.420097 0.194654 -0.029744 2
0.513925 0.177265 -0.116931 1
0.241556 0.136059 -0.017533 1
0.209038 0.136977 -0.019275 1
-0.085103 -0.040097 -0.031117 2
0.210418 0.147237 -0.125899 1
0.386920 0.149571 0.026382 1
-0.033232 -0.205063 -0.051400 0
-0.475918 0.277898 0.158857 2
-0.531525 0.294103 0.204269 2
-0.389081 0.239110 0.159680 2
-0.068176 -0.006728 0.025683 2
0.295602 0.154282 -0.009897 1
0.373508 0.177063 -0.040689 1
-0.082169 -0.625206 -0.125223 0
-0.133422 -0.864078 -0.151536 0
0.224543 0.125887 -0.140651 1
-0.023029 -0.006994 -0.017923 1
0.042746 0.063250 0.049999 1
-0.105443 -0.756778 -0.107865 0
0.481959 0.160303 -0.109478 1
-0.061454 -0.567970 -0.081545 0
0.072783 0.086105 -0.076461 1
-0.050177 -0.468294 -0.081500 0
-0.102473 0.035372 -0.017308 2
-0.194234 0.110663 -0.015539 2
-0.412855 0.218330 -0.009814 2
-0.566266 0.230541 0.050388 2
-0.150485 -0.922757 -0.149628 0
-0.176174 0.098332 -0.015989 2
-0.214865 0.136996 -0.043012 2
0.418343 0.159295 -0.034672 1
0.504801 0.114353 0.028375 1
0.528868 0.148594 -0.038428 1
-0.087446 -0.745297 -0.106844 0
-0.199553 0.126364 0.070408 2
0.557655 0.050852 0.055794 1
0.484434 0.178206 -0.083311 1
-0.131257 -0.957930 -0.151398 0
-0.123413 -0.790084 -0.147702 0
-0.552053 0.245232 0.071316 2
-0.122353 -0.823071 -0.148959 0
0.418502 0.146320 0.026270 1
0.017775 0.035395 -0.062794 1
-0.045378 -0.282305 -0.040931 0
-0.105069 -0.669456 -0.098326 0
0.252695 0.141494 -0.026241 1
-0.673444 0.262260 0.270212 2
-0.576734 0.279131 0.116785 2
-0.808820 0.214067 0.225487 2
0.713902 0.049546 -0.127275 1
-0.094131 -0.777133 -0.127100 0
0.129610 0.094587 -0.117018 1
-0.719892 0.265455 0.159403 2
-0.057887 -0.391863 -0.058490 0
-0.032472 -0.050752 0.003663 0
0.350295 0.144588 0.047771 1
-0.487031 0.265424 0.084768 2
-0.115187 -0.688714 -0.161669 0
-0.199619 0.115511 0.116346 2
-0.088763 -0.359929 -0.073549 0
0.693613 0.050609 -0.073390 1
-0.067892 -0.643321 -0.092780 0
-0.023118 -0.073573 -0.004482 0
0.321430 0.132615 0.111895 1
-0.410864 0.248252 0.213560 2
0.348672 0.118247 0.100627 1
-0.784234 0.184268 0.167929 2
-0.662751 0.283891 0.223039 2
-0.245610 0.157135 0.027768 2
-0.152290 -0.877285 -0.106529 0
-0.761593 0.249380 0.160419 2
0.274067 0.136794 0.072596 1
-0.553100 0.293991 0.194431 2
0.514983 0.145372 -0.082942 1
-0.574447 0.293827 0.227536 2
0.403851 0.137450 0.028358 1
0.483123 0.089693 0.068893 1
-0.126436 -0.879290 -0.113229 0
0.406774 0.169108 -0.048770 1
0.128205 0.104147 -0.007499 1
0.747019 -0.007288 -0.083730 1
-0.743901 0.242890 0.276322 2
-0.056472 -0.162310 -0.051462 0
-0.344821 0.201517 -0.037927 2
-0.213668 0.126920 0.146493 2
-0.136056 -0.834613 -0.116141 0
0.562070 0.163069 -0.111494 1
0.154472 0.122234 -0.019026 1
0.097116 0.042843 0.069450 1
-0.520357 0.236838 0.049736 2
-0.317471 0.197755 0.050403 2
0.522409 0.154594 -0.103400 1
-0.016976 -0.082092 -0.045338 0
0.362830 0.169035 -0.049028 1
-0.794334 0.203514 0.171881 2
-0.531857 0.226644 0.018114 2
-0.541979 0.281611 0.135762 2
0.571444 0.107755 -0.002419 1
0.604221 0.110446 -0.028300 1
-0.121555 0.060007 -0.007138 2
0.420391 0.126473 0.049601 1
0.668099 0.089772 -0.095460 1
-0.056427 -0.194185 -0.023438 0
-0.092180 -0.811615 -0.115900 0
-0.035529 -0.238542 -0.070532 0
-0.220998 0.146786 0.037056 2
0.491365 0.125661 -0.044486 1
-0.072451 -0.312685 -0.077448 0
0.416779 0.190989 -0.130502 1
-0.769622 0.223890 0.139592 2
-0.123248 -0.863129 -0.112291 0
-0.211752 0.156120 -0.061236 2
-0.459170 0.277822 0.213114 2
0.625413 0.126259 -0.128310 1
0.085818 0.095420 -0.037318 1
-0.787306 0.215770 0.161015 2
0.164924 0.124451 0.081628 1
-0.054551 -0.471666 -0.105096 0
0.439943 0.151040 -0.024705 1
-0.556493 0.285695 0.258145 2
0.319459 0.154423 0.011784 1
0.275507 0.139782 0.003771 1
-0.462252 0.228910 0.011501 2
-0.521992 0.287124 0.157046 2
0.140279 0.075662 0.096018 1
-0.541973 0.233368 0.027866 2
-0.069706 -0.483248 -0.073355 0
-0.785060 0.242530 0.217791 2
0.041059 0.073093 -0.061587 1
0.530055 0.118598 0.030656 1
0.573752 0.093151 0.026520 1
0.327771 0.190297 -0.104643 1
-0.163494 0.079522 0.017114 2
-0.255582 0.158931 -0.037901 2
-0.672774 0.264523 0.106262 2
0.470804 0.186286 -0.069400 1
-0.096011 -0.768459 -0.152186 0
0.185432 0.130802 0.081921 1
-0.070265 -0.227804 -0.039370 0
0.749820 -0.004267 -0.130433 1
-0.111709 -0.571250 -0.092840 0
0.370692 0.161622 -0.015989 1
0.417814 0.149409 0.005260 1
-0.095853 0.005953 0.012575 2
-0.144312 0.095110 0.017693 2
0.251682 0.135679 -0.006655 1
-0.154531 0.101453 -0.070515 2
-0.511544 0.248677 0.109234 2
0.395307 0.160962 -0.016230 1
-0.174701 0.094291 0.107708 2
0.097000 0.103446 -0.073856 1
-0.488640 0.259948 0.066513 2
-0.144455 0.082242 -0.060442 2
-0.252827 0.158252 0.092127 2
0.714555 0.039889 -0.094530 1
0.141317 0.098037 0.086474 1
0.698189 0.061913 -0.096345 1
-0.200111 0.125517 -0.040521 2
0.296090 0.170914 -0.047466 1
-0.092042 -0.532631 -0.125983 0
-0.148558 -0.967347 -0.117862 0
0.517038 0.173963 -0.095029 1
-0.142016 -0.802185 -0.115349 0
-0.484026 0.277252 0.144660 2
-0.258721 0.165030 0.144741 2
-0.178205 0.126728 0.007095 2
0.262608 0.161467 -0.038382 1
0.204172 0.098301 0.109506 1
-0.434360 0.255866 0.118698 2
-0.574756 0.273002 0.093005 2
0.186977 0.127149 0.103366 1
-0.046887 -0.096307 -0.004425 0
-0.750932 0.227578 0.268555 2
-0.265086 0.180674 -0.072929 2
0.207133 0.125945 0.115637 1
-0.120741 -0.933446 -0.128218 0
0.555587 0.126991 -0.058680 1
-0.046377 -0.326588 -0.071813 0
-0.040948 -0.273313 -0.051575 0
-0.112617 -0.835182 -0.115928 0
-0.060909 -0.241574 -0.078143 0
-0.070089 -0.383087 -0.056739 0
-0.053703 -0.416018 -0.085737 0
0.486067 0.133770 -0.058099 1
0.450158 0.142894 -0.005484 1
0.727666 0.004223 -0.140479 1
0.381279 0.155550 0.001530 1
0.362972 0.187411 -0.130553 1
-0.769338 0.208097 0.128382 2
-0.100681 -0.866067 -0.116603 0
0.330017 0.160704 -0.039722 1
0.734366 0.007098 -0.106586 1
-0.334227 0.205503 0.082107 2
0.191994 0.141744 -0.077018 1
0.219949 0.146659 -0.041564 1
0.227335 0.131423 -0.001388 1
0.333602 0.162590 -0.148902 1
0.679899 0.073328 -0.071568 1
-0.531829 0.289457 0.242102 2
-0.061302 -0.549221 -0.124473 0
-0.271005 0.167242 0.119047 2
-0.068203 -0.504412 -0.107177 0
0.628028 0.048677 -0.006376 1
0.284705 0.171401 -0.062893 1
-0.065125 -0.005132 -0.005795 2
0.151956 0.114840 -0.005436 1
-0.441902 0.195142 -0.022919 2
0.117308 0.103299 0.069877 1
0.415264 0.100950 0.091633 1
-0.486151 0.237383 0.025423 2
0.347662 0.167601 -0.142507 1
0.549419 0.168461 -0.118315 1
0.194935 0.113560 0.124655 1
-0.114252 0.036138 0.008781 2
-0.069996 -0.162909 -0.009715 0
-0.719359 0.270376 0.195130 2
-0.088453 -0.272452 -0.048201 0
-0.067037 -0.082545 -0.035541 0
0.042150 0.066545 0.006930 1
-0.546372 0.260176 0.140936 2
0.691900 0.049764 -0.157527 1
-0.332737 0.205805 0.016868 2
0.397927 0.162875 -0.110733 1
0.041533 0.063013 -0.027999 1
0.462722 0.133015 0.016653 1
-0.433546 0.260282 0.138203 2
-0.129533 0.072643 -0.017712 2
0.229824 0.161592 -0.093606 1
0.515085 0.133818 -0.016151 1
-0.575877 0.292427 0.168222 2
-0.102791 -0.702609 -0.103203 0
0.250818 0.143217 0.089950 1
0.291043 0.138660 0.048956 1
-0.247805 0.166224 -0.004332 2
-0.496740 0.250322 0.121873 2
-0.466589 0.261695 0.205565 2
0.532956 0.139570 -0.076279 1
-0.675079 0.282944 0.193706 2
0.436966 0.140883 -0.066088 1
0.151099 0.112646 -0.128649 1
-0.082149 0.000771 -0.026823 2
-0.074698 -0.199692 -0.031361 0
-0.632025 0.272742 0.110776 2
-0.145362 -0.947088 -0.106687 0
0.506001 0.172434 -0.137717 1
0.131064 0.108118 0.081044 1
0.441774 0.115301 0.070709 1
0.494939 0.167121 -0.061732 1
0.162271 0.135199 -0.061476 1
-0.121691 -0.953481 -0.126255 0
0.458533 0.165776 -0.051078 1
0.230446 0.158312 -0.125636 1
-0.463929 0.257425 0.072174 2
0.260114 0.145213 0.061357 1
0.129444 0.112829 0.037908 1
-0.077145 -0.348490 -0.047815 0
0.161299 0.113446 0.028239 1
-0.092730 0.014379 0.047193 2
0.373574 0.156819 -0.106831 1
0.418092 0.145894 -0.076161 1
-0.110183 -0.654920 -0.134159 0
-0.817632 0.192358 0.204348 2
0.406214 0.120619 0.093428 1
0.673489 0.048346 -0.051437 1
0.021659 0.047074 0.020704 1
-0.094487 -0.500961 -0.082343 0
0.167713 0.123553 -0.129242 1
-0.144680 -0.822594 -0.118525 0
0.540785 0.118292 -0.035212 1
-0.142088 0.085858 0.094012 2
0.310234 0.156645 -0.117706 1
-0.608895 0.279996 0.260678 2
-0.378248 0.225444 0.073351 2
0.441018 0.192639 -0.128173 1
-0.036100 -0.171593 -0.022095 0
0.495630 0.135246 -0.005500 1
0.633000 0.123212 -0.082716 1
-0.504952 0.240277 0.057249 2
-0.543308 0.285249 0.229597 2
0.073144 0.081619 0.013888 1
-0.333825 0.200843 0.200340 2
-0.225234 0.109670 0.040948 2
-0.429041 0.261742 0.180473 2
-0.067242 -0.446963 -0.100593 0
-0.755772 0.254840 0.184142 2
-0.816139 0.194727 0.186653 2
-0.028018 -0.190408 -0.021764 0
-0.610202 0.261994 0.085103 2
-0.311394 0.183558 0.196276 2
-0.079502 -0.415510 -0.095861 0
0.451565 0.157039 -0.016564 1
-0.122737 -0.901119 -0.119487 0
-0.497524 0.242860 0.084375 2
0.305849 0.115421 0.108667 1
-0.530662 0.291979 0.225389 2
0.000910 0.038526 -0.041623 1
0.709149 0.025583 -0.065011 1
-0.320070 0.195160 0.080431 2
-0.056633 -0.148158 -0.016942 0
0.339250 0.167408 -0.126447 1
0.593927 0.104176 -0.006070 1
-0.130372 0.069964 -0.036007 2
-0.499531 0.288583 0.203597 2
-0.109996 0.062388 0.038451 2
-0.102813 -0.472960 -0.103059 0
0.509012 0.153397 -0.099001 1
-0.400182 0.246846 0.169305 2
-0.087079 -0.325598 -0.072944 0
-0.054962 -0.532598 -0.077786 0
0.522453 0.173928 -0.062829 1
0.319204 0.144040 0.090506 1
0.353306 0.181471 -0.089074 1
0.042561 0.039071 0.050352 1
-0.188770 0.116464 -0.036971 2
0.508803 0.121735 -0.039241 1
-0.093383 -0.427391 -0.080727 0
-0.055053 -0.314915 -0.076487 0
-0.152842 0.108251 -0.018511 2
-0.753152 0.236032 0.130103 2
-0.496528 0.192497 -0.001220 2
-0.364428 0.184569 -0.045917 2
-0.056241 -0.369395 -0.082830 0
0.571852 0.151465 -0.062030 1
-0.071756 0.016537 -0.007900 2
-0.075362 -0.635859 -0.118919 0
0.628457 0.080666 -0.027404 1
-0.700015 0.273833 0.220762 2
-0.055054 -0.205822 -0.058339 0
0.483128 0.182841 -0.108722 1
-0.476749 0.280625 0.180271 2
0.435662 0.129162 0.057689 1
-0.075216 -0.515425 -0.079437 0
0.450989 0.136947 -0.059167 1
0.451151 0.112890 0.060468 1
0.556040 0.145951 -0.043730 1
0.758175 -0.016131 -0.128360 1
0.550994 0.107305 0.015018 1
0.599122 0.128496 -0.051130 1
0.464486 0.179941 -0.081512 1
0.204867 0.135183 0.071471 1
-0.365583 0.226944 0.103166 2
0.550385 0.157204 -0.054650 1
-0.586086 0.288046 0.259775 2
0.611853 0.137713 -0.141876 1
0.145774 0.124075 -0.106376 1
-0.100640 -0.823706 -0.128597 0
-0.043342 -0.326570 -0.037316 0
-0.631730 0.282675 0.148317 2
-0.519653 0.217242 0.007010 2
-0.105830 -0.633253 -0.137332 0
0.221177 0.138752 0.025045 1
-0.652498 0.217545 0.060183 2
-0.651742 0.266494 0.268872 2
0.684041 0.038699 -0.049279 1
-0.085619 0.014238 -0.027339 2
-0.148199 0.072511 0.127275 2
-0.250961 0.175044 -0.038266 2
-0.037510 -0.259976 -0.040402 0
0.485152 0.114511 0.059488 1
-0.049086 -0.381299 -0.088432 0
0.718117 0.026609 -0.150858 1
0.716786 0.040245 -0.137190 1
-0.101160 -0.746916 -0.139837 0
0.484046 0.181460 -0.062110 1
0.291835 0.139137 0.104158 1
-0.696542 0.255926 0.105621 2
0.688447 0.002248 -0.015992 1
-0.112087 -0.633261 -0.094297 0
0.549285 0.118737 -0.002859 1
-0.345639 0.192682 -0.048559 2
0.437801 0.182656 -0.084392 1
-0.654787 0.281343 0.160380 2
-0.021370 -0.107709 -0.010161 0
0.265307 0.145679 0.039880 1
0.299156 0.141357 0.005823 1
-0.772656 0.233491 0.257828 2
0.538821 0.103397 0.025610 1
0.613723 0.079695 -0.003076 1
-0.695742 0.270468 0.248768 2
-0.511483 0.282371 0.146809 2
-0.487074 0.253841 0.052173 2
-0.052467 -0.457125 -0.065466 0
-0.134667 -0.779702 -0.114349 0
-0.519914 0.264742 0.157228 2
0.717330 0.030068 -0.103822 1
0.061264 0.066961 0.048197 1
-0.036363 -0.225938 -0.061480 0
