0.541556 0.031455 -0.047105 1
0.111132 -0.969431 0.205958 0
-0.535346 -0.008388 0.169965 2
-0.129560 0.092951 -0.513629 3
0.034562 -0.333363 0.122938 0
-0.023116 0.227673 0.171191 4
-0.009115 0.140050 -0.177725 3
0.095576 -0.647141 0.173916 0
-0.267259 0.076884 0.009885 2
0.243431 0.110914 0.033775 1
0.001758 -0.050483 0.039970 0
-0.237172 0.091607 -0.279125 3
-0.050823 0.090379 0.379248 4
0.102616 0.096939 -0.351535 3
-0.348203 0.055406 0.193816 2
-0.080030 0.150031 0.011695 7
0.372582 0.084749 -0.093882 1
-0.072781 0.137585 -0.347773 3
0.085120 0.172384 0.052290 5
0.097747 -0.479722 0.170238 0
0.122728 -0.806155 0.208756 0
0.419519 0.100193 0.062053 1
-0.427093 0.051898 0.061012 2
-0.179586 0.088790 0.136147 2
0.034848 -0.194893 0.068205 0
0.120100 0.031783 0.018566 1
0.023456 0.147392 0.278818 4
0.010232 0.071646 -0.052465 0
-0.214903 0.109011 -0.409985 3
-0.137812 0.146155 -0.208986 3
-0.105436 0.024361 0.042500 2
-0.087319 0.192372 0.267925 4
0.256385 0.111529 -0.084067 1
0.024128 0.145293 -0.282588 3
-0.283674 0.070817 0.114900 2
-0.445352 0.025262 0.201986 2
0.340286 0.103173 0.000310 1
0.164685 0.094537 -0.044590 1
0.445689 0.063102 -0.031584 1
-0.007603 0.184616 0.080763 4
-0.167930 0.166074 -0.023932 6
0.509668 0.056169 0.039699 1
-0.161667 0.141092 -0.314190 3
-0.069230 0.132711 -0.078918 6
-0.088568 0.120725 -0.436141 3
-0.186149 0.068653 0.048885 2
-0.001139 0.112618 0.025472 0
-0.064608 0.146226 -0.257946 3
-0.085193 0.187860 0.123990 4
0.091704 -0.726794 0.210439 0
0.078748 0.118521 -0.070581 0
-0.347923 0.070121 0.033379 2
-0.210156 0.081265 -0.492960 3
0.078258 -0.403598 0.141826 0
-0.493263 0.028213 0.105835 2
0.101943 -0.565233 0.183671 0
-0.005221 0.030760 0.019876 0
0.128697 -0.886530 0.198102 0
0.164333 0.092936 0.048096 1
-0.042682 0.152879 0.324929 4
0.314985 0.124840 0.073393 1
-0.363724 0.055078 0.115376 2
0.035160 -0.114854 0.072580 0
0.077588 -0.031703 0.041667 0
0.135530 0.178855 0.111513 5
0.035992 -0.257434 0.113564 0
-0.145650 0.127662 -0.387231 3
-0.016169 0.200467 0.243812 4
0.033237 0.128703 -0.353810 3
-0.103281 0.189967 0.196172 4
-0.080690 0.138206 -0.161155 3
-0.429519 0.040151 0.131036 2
-0.161118 0.110108 -0.452313 3
-0.195013 0.129539 -0.241637 3
-0.133495 0.060818 0.094902 2
-0.056103 -0.018189 0.056172 0
0.485308 0.039361 -0.078062 1
0.275359 0.105806 -0.023351 1
-0.243592 0.084709 0.162010 2
0.020676 0.195670 0.138377 4
0.316364 0.098343 -0.071309 1
0.079458 0.122246 -0.300231 3
-0.207473 0.124310 -0.350450 3
-0.021948 0.099200 -0.095664 0
-0.003860 0.107931 0.346706 4
-0.226899 0.077836 0.098135 2
0.389221 0.082199 -0.031687 1
-0.126637 0.143192 -0.060111 6
-0.029544 0.140112 -0.305617 3
0.030513 0.193273 0.209241 4
-0.128912 0.144479 -0.266120 3
0.428320 0.060420 -0.086621 1
0.454949 0.074438 0.024796 1
0.559034 0.024685 0.007188 1
-0.044435 0.127747 -0.396699 3
0.218523 0.099675 -0.022521 1
-0.007614 0.151208 -0.233509 3
0.023697 0.165195 0.037447 5
-0.485451 0.022517 0.162486 2
-0.295261 0.067321 0.057833 2
-0.049298 0.175581 0.206075 4
-0.299348 0.070400 0.171647 2
0.364385 0.109741 0.049880 1
0.502220 0.056635 -0.015168 1
-0.038213 0.215814 0.115546 4
0.067209 -0.524446 0.160845 0
0.108461 -0.660995 0.224885 0
-0.043117 0.145740 -0.122957 0
0.049849 -0.080872 0.035096 0
0.058754 -0.460305 0.140727 0
-0.396639 0.041548 0.179243 2
-0.210625 0.072567 0.002676 2
-0.208424 0.132993 -0.293255 3
-0.145884 0.055417 0.019285 2
0.030214 -0.006359 0.015236 0
0.145219 0.072877 0.001265 1
-0.178322 0.071690 -0.531842 3
0.573246 -0.007127 -0.029975 1
-0.052316 0.140384 -0.203853 3
-0.072117 0.215896 0.163727 4
0.089857 0.198784 0.094850 5
-0.106823 0.149299 -0.313351 3
-0.032224 0.151852 0.024956 7
-0.041168 0.184500 0.284079 4
0.395916 0.090304 0.017060 1
-0.006502 -0.098432 0.051687 0
-0.072378 0.128962 0.357352 4
0.290889 0.107669 0.023609 1
-0.234502 0.072560 0.049155 2
0.111837 -0.759304 0.181299 0
0.042643 -0.380974 0.120224 0
-0.380478 0.058132 0.066803 2
-0.096684 0.130491 -0.388035 3
0.038035 0.139972 -0.237406 3
0.211588 0.110992 -0.069387 1
-0.087301 0.170019 0.309341 4
0.203143 0.113419 0.064687 1
-0.080142 0.143248 -0.034908 6
0.117785 -0.844391 0.181757 0
0.108267 -0.691114 0.182034 0
0.267401 0.120650 0.072310 1
0.048314 -0.300715 0.092964 0
-0.105499 0.105266 -0.476328 3
0.034556 0.106969 -0.068939 0
0.046072 0.179859 0.073968 5
-0.178242 0.075935 0.092817 2
-0.332796 0.066058 0.082905 2
-0.013277 -0.014355 0.006655 0
-0.014224 0.043126 -0.027678 0
0.186569 0.095090 0.009217 1
0.110829 -0.926347 0.217010 0
-0.000475 0.142220 0.316200 4
0.004479 0.070738 0.003333 0
-0.096794 0.147093 -0.225709 3
-0.070907 0.207697 0.227353 4
-0.216888 0.095426 -0.451470 3
-0.105536 0.158904 0.045969 7
0.018672 -0.155176 0.060190 0
0.092475 -0.608039 0.192929 0
-0.326568 0.059442 0.137667 2
0.084436 0.010920 0.030928 0
-0.169476 0.095235 -0.492648 3
0.074291 -0.357156 0.136796 0
-0.055849 0.194971 0.082925 4
0.018840 -0.234732 0.082092 0
0.348179 0.093719 -0.039971 1
0.018403 0.171316 0.244543 4
-0.128756 0.137984 -0.346839 3
-0.519951 0.010145 0.131933 2
-0.129907 0.115943 -0.423609 3
-0.307416 0.073708 0.018942 2
-0.405299 0.048732 0.098099 2
-0.461314 0.039477 0.082926 2
0.007931 0.138289 -0.323201 3
0.121221 0.179306 0.073365 5
-0.038958 0.107077 -0.059547 6
-0.168838 0.142511 -0.273720 3
-0.118701 0.155982 -0.022487 6
-0.007705 0.213084 0.206264 4
-0.364225 0.054425 0.155669 2
-0.037604 -0.055056 0.045322 0
-0.137053 0.042884 0.059365 2
0.038324 -0.035516 0.045484 0
0.023194 0.112857 -0.005667 0
0.074146 0.122129 -0.340816 3
-0.169469 0.133363 -0.355085 3
0.019002 0.212694 0.173646 4
-0.176867 0.118187 -0.411471 3
-0.482967 0.010488 0.199626 2
-0.041447 0.130638 -0.158506 3
0.041302 -0.265337 0.075008 0
-0.046007 0.221880 0.201137 4
-0.012566 0.148998 -0.271217 3
0.139283 0.065863 0.039544 1
0.023201 -0.063197 0.011548 0
-0.006522 0.170232 0.276754 4
-0.072530 0.146105 -0.297974 3
-0.264710 0.075824 0.082865 2
0.420406 0.075121 -0.007329 1
0.329007 0.107318 0.039370 1
-0.008256 0.218578 0.137923 4
0.048408 0.135950 -0.314581 3
0.100338 -0.830771 0.224129 0
0.098280 -0.778980 0.211136 0
0.091027 -0.436156 0.131211 0
-0.112164 0.144864 -0.178467 3
-0.218785 0.083396 0.135349 2
-0.444391 0.030871 0.162915 2
0.097978 -0.868139 0.203349 0
-0.034022 0.125862 0.355014 4
-0.162724 0.142864 -0.234129 3
-0.220070 0.105999 -0.250540 3
0.477708 0.048923 -0.039673 1
0.243365 0.105382 -0.047066 1
0.044153 -0.222247 0.103372 0
-0.396153 0.048361 0.139246 2
0.398157 0.074756 -0.071665 1
0.054781 0.130490 -0.273949 3
0.526450 0.048377 0.009890 1
0.313301 0.100236 -0.036441 1
-0.016601 0.162996 0.054752 4
-0.469381 0.030296 0.131160 2
0.251250 0.098014 0.002342 1
-0.075493 0.014457 0.056855 0
-0.064438 0.170746 0.145722 4
0.284113 0.099358 -0.056175 1
-0.251756 0.073983 0.130192 2
0.509628 0.043683 -0.053994 1
0.469310 0.069527 -0.007425 1
0.008550 0.022744 -0.012254 0
-0.178472 0.065058 0.010881 2
0.452894 0.054966 -0.063837 1
0.096299 -0.519088 0.177382 0
0.110626 -0.725534 0.182227 0
0.007812 0.199873 0.107455 4
-0.027595 0.075373 -0.059989 0
-0.048751 0.201811 0.252110 4
0.076975 -0.494148 0.148242 0
-0.096607 0.145907 -0.274242 3
0.085675 -0.551558 0.156160 0
0.061187 -0.309262 0.122253 0
-0.138036 0.099245 -0.476398 3
0.450960 0.086621 0.055250 1
-0.081172 0.169397 0.211822 4
0.055946 0.174729 0.037385 5
0.054427 -0.340417 0.097783 0
0.211014 0.106118 0.032923 1
0.027474 -0.170543 0.088875 0
-0.040304 0.113334 -0.119387 0
0.340066 0.093934 -0.093435 1
-0.186340 0.120847 -0.380149 3
-0.041313 0.147042 -0.233856 3
0.112149 -0.792667 0.181039 0
0.372918 0.095097 -0.006855 1
0.288375 0.108347 -0.087627 1
0.112842 -0.942289 0.188615 0
0.235269 0.122150 0.070819 1
-0.073882 0.152081 0.332737 4
-0.000825 0.143740 0.033573 0
-0.267223 0.071355 0.041551 2
-0.210735 0.065446 0.073322 2
0.036553 -0.129210 0.043904 0
-0.153788 0.079698 0.113097 2
-0.012531 0.102602 -0.002543 0
0.116830 -0.876257 0.170419 0
0.086783 -0.450744 0.159155 0
-0.041988 0.219719 0.146799 4
0.000872 -0.007734 0.034263 0
-0.509754 0.007402 0.179617 2
0.023863 -0.091065 0.054491 0
-0.191273 0.132051 -0.324841 3
-0.096953 0.142745 -0.069186 6
0.420609 0.071739 -0.047442 1
0.477060 0.071935 0.047747 1
-0.024426 0.160551 0.301248 4
-0.313375 0.068049 0.106957 2
0.542901 0.040089 -0.014848 1
-0.080697 0.145440 -0.192907 3
0.012312 0.145581 -0.210666 3
-0.076372 0.204983 0.195310 4
0.060805 -0.053299 0.027280 0
-0.415185 0.034481 0.202399 2
0.310414 0.098099 -0.002901 1
-0.038840 0.160851 -0.155715 3
0.126345 -0.845104 0.210876 0
-0.023824 0.097199 0.367186 4
0.017977 -0.034032 0.018068 0
0.565661 0.022231 -0.030339 1
-0.064594 0.119062 -0.417581 3
0.111211 -0.631971 0.194918 0
0.185444 0.097196 -0.022799 1
-0.153725 0.064772 0.072877 2
0.363932 0.086984 -0.064790 1
-0.435615 0.044416 0.097840 2
-0.056852 0.173052 0.307740 4
-0.019795 0.202348 0.059824 4
-0.193717 0.109196 -0.434558 3
0.421335 0.089788 0.032898 1
0.065754 -0.430274 0.147198 0
-0.064708 0.122170 -0.049484 6
0.074728 0.197504 0.069092 5
0.486055 0.065576 0.016925 1
-0.192002 0.100847 -0.466898 3
0.041890 -0.286715 0.120235 0
0.012646 0.148780 -0.255456 3
-0.057215 0.143268 -0.323166 3
-0.137614 0.145097 -0.297428 3
0.291085 0.116994 0.051690 1
-0.064656 0.208050 0.130419 4
-0.024177 0.150073 -0.209193 3
-0.270925 0.076632 0.175870 2
0.095330 0.111692 -0.323353 3
-0.121173 0.112376 -0.452564 3
-0.323307 0.069257 0.049434 2
0.218345 0.091554 0.008537 1
-0.282936 0.069847 0.147392 2
-0.014436 -0.073016 0.063643 0
0.389117 0.109921 0.065238 1
0.008055 0.193160 0.227756 4
-0.047937 0.144820 -0.282490 3
-0.144427 0.155730 -0.040812 6
0.014627 0.177049 0.062375 5
-0.318547 0.062366 0.191893 2
0.106229 -0.665584 0.195662 0
-0.021034 0.206574 0.094143 4
0.065566 -0.399524 0.116331 0
-0.065857 0.166995 0.030079 7
0.112565 -0.908177 0.188349 0
-0.006627 0.089810 -0.073017 0
0.097508 -0.587260 0.166082 0
-0.211009 0.066183 0.034283 2
-0.093785 0.198085 0.168867 4
0.359301 0.099707 0.023701 1
-0.161023 0.056566 0.043794 2
-0.033475 0.214140 0.226281 4
-0.239599 0.074362 0.005165 2
-0.049012 0.137458 -0.362531 3
-0.111777 0.042085 0.071278 2
-0.124594 0.044092 0.033327 2
0.025330 -0.282922 0.098131 0
-0.208569 0.126158 -0.266232 3
-0.032286 0.124466 -0.090435 0
-0.013176 0.069997 -0.034694 0
0.526121 0.024579 -0.069015 1
0.007699 0.192976 0.189354 4
-0.154300 0.081302 -0.517095 3
-0.373293 0.046453 0.200688 2
-0.127447 0.149450 -0.234248 3
0.107381 -0.820070 0.188785 0
0.159220 0.083075 0.023092 1
-0.105157 0.137119 -0.363015 3
-0.194309 0.081862 0.113976 2
0.017631 0.092075 0.013890 0
0.193779 0.104442 -0.047632 1
0.058084 0.115269 -0.361614 3
-0.017020 0.129538 0.333556 4
0.340046 0.115273 0.069548 1
0.068443 -0.469420 0.166075 0
-0.055156 0.139370 0.017894 7
-0.104752 0.122802 -0.412601 3
-0.043032 -0.030362 0.035935 0
0.087050 -0.672708 0.173074 0
0.000018 0.144360 -0.298176 3
0.023421 -0.066389 0.041629 0
0.079314 -0.016699 0.019474 0
0.135862 -0.918147 0.211880 0
0.054080 -0.242223 0.088521 0
0.030078 -0.196397 0.095397 0
0.037037 -0.141407 0.075435 0
-0.057787 0.142179 -0.177808 3
0.127773 -0.780182 0.206522 0
0.075145 -0.573341 0.169254 0
0.114610 0.188302 0.098251 5
-0.372363 0.064733 0.042103 2
0.388821 0.097798 0.041461 1
0.126687 -0.948420 0.210326 0
0.116633 0.052844 0.035495 1
-0.212236 0.115596 -0.380815 3
0.062479 -0.382470 0.143039 0
0.048333 -0.356835 0.129203 0
-0.068815 0.205735 0.104511 4
0.162090 0.087517 -0.015432 1
0.010059 -0.118827 0.051174 0
-0.464008 0.019089 0.177270 2
-0.403023 0.056816 0.051731 2
-0.331806 0.059717 0.163391 2
-0.307067 0.070850 0.081288 2
0.104300 -0.753794 0.207870 0
-0.362971 0.060717 0.089961 2
-0.199905 0.071950 -0.517283 3
0.122425 0.053013 0.003716 1
0.045629 -0.103904 0.048335 0
-0.494824 0.018787 0.130024 2
-0.097017 0.142091 -0.338829 3
0.573943 0.009960 -0.008981 1
0.009051 0.007382 0.009255 0
0.460382 0.042721 -0.085417 1
0.056201 0.106896 -0.054826 0
0.040309 -0.171157 0.059799 0
0.062963 -0.334268 0.128133 0
-0.072532 0.134358 -0.379993 3
-0.238007 0.067501 0.077381 2
0.041262 -0.314219 0.138731 0
0.274401 0.109105 0.003498 1
-0.016438 0.192869 0.269828 4
-0.420724 0.036818 0.170848 2
-0.137283 0.143654 -0.323019 3
-0.104634 0.150725 -0.046128 6
0.051706 -0.409496 0.142658 0
-0.051995 0.141329 0.345647 4
-0.072222 0.144531 -0.233756 3
-0.075986 0.193289 0.147775 4
-0.339530 0.057200 0.108033 2
-0.068869 -0.000465 0.037439 0
-0.016768 0.130635 0.016881 7
-0.073031 0.180031 0.284831 4
-0.013506 0.083955 0.015232 0
0.444919 0.073451 0.001649 1
0.088571 -0.543194 0.179802 0
-0.510254 0.015392 0.154618 2
0.081872 0.107067 -0.361472 3
-0.047988 0.224659 0.170622 4
0.098840 0.020794 0.011378 0
-0.104448 0.145261 -0.250531 3
-0.153003 0.125345 -0.412734 3
-0.033445 0.146229 -0.257859 3
-0.121499 0.133876 -0.387609 3
0.016977 0.095613 -0.055395 0
-0.223291 0.110820 -0.286845 3
0.053278 -0.266934 0.098354 0
-0.462706 0.033767 0.107094 2
0.113344 -0.891806 0.216945 0
-0.348123 0.065646 0.057834 2
0.243520 0.105349 -0.022269 1
-0.089018 0.114473 -0.460045 3
0.104777 -0.705694 0.201662 0
0.006110 0.047275 -0.004145 0
0.071832 -0.422110 0.124762 0
0.001055 0.153142 0.292771 4
0.186413 0.102353 0.042871 1
-0.258794 0.071236 0.106842 2
-0.006955 0.055168 0.018364 0
0.518784 0.046222 -0.031447 1
-0.387278 0.048556 0.114605 2
-0.061951 0.110718 0.372028 4
-0.038656 0.186802 0.067864 4
0.396909 0.088554 -0.007110 1
-0.031850 0.143162 -0.185512 3
-0.184774 0.134848 -0.298135 3
0.315745 0.108809 0.018154 1
0.218671 0.106347 -0.046741 1
-0.104669 0.145322 -0.201438 3
0.340588 0.093133 -0.064159 1
0.000184 0.223260 0.163033 4
0.099440 0.029978 0.033583 0
0.266191 0.112502 0.041164 1
0.039070 -0.216496 0.077388 0
0.005953 0.122036 0.327009 4
0.024177 0.141666 -0.306069 3
-0.113413 0.150665 -0.290619 3
0.099465 -0.802360 0.206358 0
-0.145737 0.136426 -0.363179 3
-0.072333 0.201878 0.251853 4
0.080001 -0.503721 0.170114 0
-0.000064 0.185611 0.252431 4
0.099137 0.187193 0.071297 5
0.226288 0.113698 0.049608 1
-0.177984 0.081020 -0.509297 3
-0.146212 0.146210 -0.250408 3
0.234845 0.110171 -0.071830 1
0.332025 0.100644 -0.021401 1
0.121235 -0.867882 0.210388 0
0.557912 0.015788 -0.052778 1
0.126048 -0.711494 0.194091 0
0.034512 0.182142 0.051329 5
-0.185792 0.063485 0.071610 2
0.090797 -0.526037 0.155864 0
0.079909 -0.469863 0.141044 0
-0.033741 0.127369 -0.136624 0
0.031980 0.135807 -0.330906 3
-0.305299 0.068438 0.138526 2
0.103491 -0.616193 0.174341 0
0.015937 0.165748 0.266797 4
0.021301 -0.021858 0.038206 0
0.025685 -0.254321 0.091994 0
-0.081005 0.143882 -0.322459 3
-0.121334 0.102849 -0.492769 3
-0.159523 0.136256 -0.212519 3
-0.405319 0.050538 0.075349 2
0.078389 -0.008582 0.041089 0
-0.017391 -0.049540 0.054329 0
-0.154219 0.137413 -0.338660 3
-0.061107 0.134031 -0.147607 3
0.118248 -0.733315 0.202151 0
0.018822 -0.178870 0.068240 0
-0.080240 0.127412 -0.403298 3
0.202181 0.096566 -0.007113 1
-0.015592 0.215968 0.115356 4
0.063566 -0.373132 0.116698 0
0.016129 0.030424 0.012508 0
-0.250641 0.072947 0.026301 2
0.507629 0.036384 -0.077327 1
-0.364842 0.050527 0.179521 2
-0.005797 -0.029491 0.021467 0
-0.284048 0.073609 0.024404 2
-0.088109 0.165611 0.027678 7
-0.087250 0.014698 0.033696 0
0.407505 0.067098 -0.091435 1
0.034839 0.131729 -0.263968 3
0.086143 -0.425653 0.154955 0
-0.146924 0.161974 -0.017993 6
-0.202620 0.077519 0.090088 2
-0.170241 0.097391 -0.469573 3
0.091228 -0.736286 0.182185 0
-0.348580 0.057341 0.138860 2
-0.030334 0.088463 -0.077521 0
-0.023038 0.145611 0.318091 4
0.056785 0.190991 0.058116 5
0.091602 -0.682206 0.193253 0
0.067403 -0.549809 0.168103 0
0.291297 0.120331 0.073320 1
-0.055630 0.114818 -0.071382 6
0.011026 0.196472 0.161368 4
-0.025464 0.222744 0.193807 4
-0.176137 0.141409 -0.251285 3
0.057949 -0.059238 0.048085 0
-0.092964 0.026310 0.062375 0
0.015823 0.150316 -0.233925 3
-0.178657 0.130828 -0.225367 3
0.015146 0.147252 0.047937 5
-0.143578 0.101031 -0.497355 3
-0.282429 0.066149 0.090848 2
-0.161885 0.112825 -0.428047 3
-0.008314 0.060193 -0.015728 0
-0.005880 0.138765 -0.201129 3
0.133735 0.048293 0.023089 1
0.101207 -0.839836 0.194875 0
-0.218334 0.099229 -0.430278 3
0.226595 0.109369 0.017490 1
-0.099774 0.143468 -0.025970 6
0.090188 -0.584286 0.186150 0
-0.039295 0.111381 0.372076 4
-0.261302 0.075131 0.154357 2
0.014840 0.138957 0.301042 4
0.018945 -0.131207 0.070222 0
0.048050 -0.317442 0.106304 0
0.317486 0.101517 -0.092431 1
0.070413 -0.443710 0.131230 0
0.531990 0.045739 0.030314 1
-0.078441 0.187919 0.224750 4
-0.233260 0.091005 -0.258016 3
0.258444 0.106379 -0.063546 1
0.291649 0.099233 -0.035322 1
0.126902 -0.827444 0.192802 0
-0.048595 0.208439 0.097640 4
-0.232263 0.075626 0.120927 2
0.015295 0.185135 0.120720 4
-0.033801 -0.033761 0.054694 0
0.119895 -0.866818 0.189312 0
0.009069 0.213836 0.192526 4
0.252282 0.114961 0.056896 1
-0.010528 -0.074373 0.042912 0
0.090791 -0.631627 0.187358 0
-0.012917 0.137516 -0.320638 3
-0.041483 0.097922 -0.105156 0
-0.430610 0.026485 0.186207 2
-0.411364 0.044290 0.153115 2
0.092967 -0.705405 0.183208 0
0.350662 0.091792 -0.013918 1
0.041516 -0.055063 0.035766 0
-0.129401 0.056321 0.073458 2
0.428667 0.084665 0.009315 1
-0.532322 0.006849 0.156015 2
-0.081575 0.138056 -0.055969 6
-0.191383 0.092363 -0.498160 3
0.102923 -0.810422 0.227336 0
-0.444850 0.046156 0.069881 2
0.012997 0.215377 0.148897 4
0.005110 0.016214 0.030196 0
0.032463 -0.300647 0.106069 0
0.061884 0.132872 -0.299329 3
0.061639 -0.288916 0.115243 0
-0.112565 0.119153 -0.435315 3
0.042160 0.138687 -0.289548 3
-0.129444 0.137967 -0.192261 3
-0.275554 0.072446 0.065911 2
0.048026 -0.084317 0.055124 0
-0.119959 0.032489 0.055249 2
0.092477 -0.755604 0.188532 0
-0.060162 0.213316 0.186216 4
0.313245 0.115027 0.055656 1
0.057478 0.130200 -0.331854 3
0.409905 0.083889 -0.022352 1
-0.071368 0.138836 -0.210656 3
-0.488464 0.010604 0.180097 2
-0.445012 0.039331 0.115170 2
-0.420783 0.045834 0.113723 2
0.291284 0.104261 -0.006486 1
0.259517 0.110505 0.017079 1
0.066331 0.190902 0.086200 5
-0.129783 0.122477 -0.404574 3
0.486584 0.042434 -0.056523 1
-0.144624 0.117236 -0.443283 3
-0.192721 0.065209 0.025983 2
0.181998 0.105541 0.062176 1
0.398816 0.074934 -0.047729 1
0.373412 0.082535 -0.047751 1
-0.056665 0.193275 0.268363 4
-0.168917 0.126378 -0.388224 3
0.418170 0.068158 -0.071296 1
0.121155 -0.924158 0.196531 0
-0.047064 0.139261 -0.339795 3
0.500905 0.052609 -0.037088 1
-0.202803 0.089143 0.145481 2
-0.008067 0.207413 0.227167 4
-0.009406 0.079396 -0.053389 0
-0.194147 0.112219 -0.403965 3
-0.236628 0.082995 0.143639 2
-0.025498 0.230330 0.148058 4
-0.095424 0.139975 -0.300359 3
0.017167 0.135212 -0.344677 3
0.106299 -0.891824 0.197084 0
0.021755 0.177796 0.226390 4
-0.017429 0.182975 0.060403 4
0.059233 -0.034765 0.033212 0
0.009313 -0.079765 0.043408 0
0.112724 -0.826662 0.209625 0
0.103581 0.178538 0.053552 5
0.008812 0.118693 0.009841 0
-0.028007 0.127978 -0.115571 0
0.016909 -0.107576 0.065504 0
0.436663 0.063638 -0.054858 1
0.007275 0.208654 0.131569 4
0.111441 -0.649297 0.186091 0
0.510107 0.055320 0.017761 1
-0.461481 0.025232 0.155668 2
-0.019588 0.104894 -0.077305 0
-0.006999 0.014893 0.001459 0
-0.146152 0.139152 -0.281116 3
0.094717 -0.501463 0.157760 0
0.076046 -0.515732 0.146016 0
0.364831 0.088606 -0.031537 1
0.056554 0.117517 -0.070964 0
-0.380907 0.057357 0.098666 2
0.389197 0.075011 -0.092873 1
0.084335 -0.614990 0.172554 0
0.362058 0.116759 0.067667 1
-0.462960 0.017477 0.202049 2
0.470825 0.056695 -0.023461 1
-0.140131 0.052583 0.040836 2
0.019601 -0.049452 0.032907 0
-0.477683 0.033027 0.090606 2
0.055971 -0.358035 0.107593 0
-0.387882 0.046272 0.162834 2
-0.396953 0.040312 0.201426 2
-0.102450 0.151062 0.028761 7
0.491192 0.067853 0.035512 1
-0.172882 0.082985 0.119200 2
0.275565 0.105804 -0.073663 1
0.430082 0.077932 -0.023577 1
0.547657 0.038176 0.014463 1
-0.507779 0.020823 0.115787 2
0.079271 0.125905 -0.322835 3
0.039340 -0.153468 0.052731 0
-0.177992 0.104076 -0.444040 3
0.001198 -0.028465 0.039156 0
0.108777 -0.852195 0.209139 0
0.488467 0.058011 -0.000361 1
-0.162413 0.062623 0.025334 2
0.034348 0.101085 -0.049936 0
-0.052617 0.117061 -0.146485 3
-0.186682 0.133447 -0.347029 3
-0.227021 0.071204 0.025403 2
-0.169555 0.056000 0.065306 2
-0.153822 0.072922 0.089989 2
0.226314 0.104503 -0.005970 1
0.097668 -0.567074 0.165335 0
0.068244 -0.443099 0.160873 0
-0.373493 0.049800 0.139863 2
-0.444777 0.032698 0.139326 2
-0.202521 0.088855 -0.476983 3
0.078188 -0.381278 0.132660 0
-0.048496 0.143961 -0.306460 3
0.459232 0.060601 -0.044452 1
0.047262 -0.243758 0.106014 0
-0.037833 0.132360 0.020187 7
-0.081301 0.149331 -0.249532 3
-0.251584 0.072678 0.065425 2
0.103028 -0.770632 0.194969 0
0.194296 0.102114 0.025324 1
0.170607 0.088918 0.001503 1
-0.069878 0.177872 0.199474 4
0.023542 0.193837 0.179368 4
-0.007732 0.032971 -0.013334 0
-0.025249 0.171426 0.286053 4
0.259938 0.103731 -0.038562 1
-0.031733 0.224713 0.130650 4
-0.051380 0.125922 0.361813 4
0.140801 0.068762 0.018892 1
0.518228 0.052473 -0.006590 1
-0.193823 0.134265 -0.274215 3
0.404371 0.101721 0.050930 1
0.347445 0.106365 0.041416 1
-0.016301 0.151175 -0.249926 3
-0.404488 0.042390 0.123783 2
0.014102 -0.014995 0.012194 0
0.099487 -0.500874 0.175650 0
-0.202385 0.072166 0.058216 2
-0.029976 0.196171 0.255364 4
-0.348149 0.055513 0.170944 2
-0.064951 -0.001968 0.055554 0
-0.193861 0.127742 -0.363071 3
0.092165 -0.654448 0.200040 0
-0.145647 0.144118 -0.225575 3
0.008222 0.149946 -0.273336 3
-0.112804 0.137702 -0.330400 3
-0.161785 0.130296 -0.371545 3
-0.429066 0.038395 0.154499 2
0.077733 0.189233 0.052118 5
0.112464 -0.682350 0.199945 0
0.000455 0.159082 0.043637 0
0.032326 -0.236036 0.098559 0
0.045774 -0.184751 0.078963 0
0.201724 0.101762 -0.029998 1
-0.060637 0.213694 0.213350 4
-0.145325 0.105695 -0.460581 3
0.324583 0.095797 -0.055096 1
-0.008111 0.219865 0.179043 4
-0.015351 -0.004451 0.026380 0
0.461635 0.079696 0.041598 1
-0.012089 0.124347 0.034298 0
0.438206 0.082673 0.033163 1
-0.001774 0.169535 0.065478 4
-0.113034 0.149624 -0.217711 3
-0.356093 0.058691 0.073151 2
0.470123 0.048909 -0.064152 1
-0.072400 0.188136 0.107823 4
-0.018030 0.112325 0.357353 4
-0.315940 0.063599 0.155234 2
0.305353 0.100320 -0.056900 1
-0.096743 0.138470 -0.169801 3
0.380332 0.081918 -0.070943 1
-0.389602 0.056198 0.082734 2
0.557954 0.029896 -0.014929 1
-0.080246 0.122405 -0.065116 6
-0.081497 0.136144 -0.363657 3
0.445198 0.054945 -0.080299 1
-0.048704 0.208838 0.235355 4
-0.162198 0.142717 -0.290611 3
0.094601 -0.008425 0.024675 0
0.110957 -0.906787 0.206993 0
0.153180 0.080550 0.040960 1
-0.210792 0.079041 0.106983 2
0.568377 0.007119 -0.040046 1
-0.072493 0.176830 0.130694 4
-0.056709 0.212659 0.154791 4
-0.003246 0.055601 -0.039368 0
-0.170553 0.132149 -0.333009 3
0.015841 -0.138952 0.052803 0
0.131588 -0.881129 0.216954 0
-0.128619 0.129580 -0.371593 3
0.008577 0.201257 0.211637 4
0.380602 0.097400 0.025404 1
0.542478 0.018665 -0.061621 1
-0.299726 0.072184 0.041077 2
0.039926 -0.308804 0.120278 0
-0.073434 0.145907 -0.273620 3
-0.000469 0.094966 0.009565 0
-0.485157 0.028050 0.145380 2
-0.044872 0.161090 0.016219 7
-0.047499 0.146392 0.032600 7
-0.323775 0.071247 0.025842 2
-0.218883 0.086916 0.153059 2
0.307349 0.110898 0.033835 1
-0.024646 0.138934 -0.168882 3
-0.028417 0.148742 -0.279524 3
0.030040 -0.219163 0.092824 0
0.129598 0.178926 0.089152 5
0.108881 -0.949295 0.209177 0
-0.088616 0.146675 -0.209150 3
-0.046248 0.132138 -0.379352 3
-0.316028 0.064050 0.067438 2
0.453406 0.072222 -0.015047 1
-0.086197 0.192852 0.209460 4
0.435010 0.093055 0.050559 1
0.074090 -0.485377 0.171644 0
0.102220 0.010131 0.030220 0
-0.208954 0.118809 -0.244438 3
0.118940 -0.959000 0.189107 0
-0.005577 0.196909 0.096119 4
-0.248171 0.075887 0.093350 2
0.122970 -0.780562 0.188294 0
0.086868 -0.479000 0.154618 0
-0.079217 0.141582 0.346047 4
0.070711 -0.048804 0.041330 0
-0.073156 0.161348 0.317601 4
0.109093 0.034881 0.004988 0
0.036566 -0.038932 0.028213 0
0.380036 0.090436 0.009167 1
-0.041439 0.175231 0.299376 4
0.340512 0.105682 0.025191 1
-0.089101 0.182340 0.291753 4
0.025896 -0.154053 0.080664 0
0.089452 0.005919 0.012527 0
0.109832 -0.610528 0.191175 0
0.178524 0.080608 0.015211 1
-0.121271 0.154472 -0.039848 6
-0.023811 0.194678 0.081486 4
-0.063934 0.133238 -0.395239 3
-0.299333 0.066297 0.122181 2
0.080867 -0.527904 0.171267 0
-0.267861 0.073288 0.123359 2
-0.226561 0.072718 0.065235 2
0.013214 -0.064203 0.026028 0
0.550443 0.030776 -0.031170 1
0.009973 0.078563 0.021874 0
0.022689 -0.210800 0.075475 0
-0.089220 0.126944 -0.419853 3
0.006580 0.184848 0.090915 4
0.048871 -0.284470 0.099277 0
0.083078 -0.559549 0.177382 0
0.049601 0.128311 -0.347857 3
-0.056817 0.146531 -0.241723 3
-0.040173 0.113566 -0.079240 6
0.356929 0.090136 -0.088616 1
0.259326 0.105785 -0.015117 1
0.128147 -0.969409 0.209344 0
0.101983 -0.740747 0.195030 0
-0.153480 0.145101 -0.266152 3
0.047743 -0.341232 0.113733 0
-0.048688 0.125860 -0.417459 3
0.013063 -0.001078 0.024009 0
-0.051910 0.204918 0.114211 4
-0.477394 0.029821 0.115229 2
-0.169757 0.084599 -0.524016 3
0.172298 0.093408 0.027418 1
-0.032669 0.112623 -0.103540 0
-0.291468 0.072348 0.074166 2
0.111824 -0.789505 0.209731 0
-0.024500 -0.065416 0.049459 0
0.355936 0.096384 0.002390 1
0.000240 0.199312 0.076671 4
-0.429912 0.047344 0.081931 2
0.404174 0.095161 0.034284 1
-0.024805 0.215287 0.211546 4
0.066274 -0.397326 0.152315 0
-0.048063 0.215071 0.131499 4
0.103315 -0.470333 0.157086 0
0.202628 0.101376 0.009280 1
0.118481 -0.761934 0.202913 0
-0.178259 0.137059 -0.314545 3
0.045495 -0.202825 0.091845 0
0.048306 0.162501 0.046494 5
-0.298562 0.064300 0.099445 2
0.524303 0.039061 -0.017036 1
-0.055856 0.183792 0.292628 4
-0.022577 0.092982 -0.063074 0
-0.015769 0.146133 -0.290588 3
-0.038767 0.161865 0.310287 4
0.005979 0.128282 0.031638 0
0.202109 0.105929 0.049494 1
-0.120833 0.105808 -0.469080 3
-0.225578 0.111241 -0.265708 3
-0.316431 0.064028 0.123152 2
0.072730 0.176874 0.041624 5
0.127260 -0.908498 0.198724 0
0.092178 0.104607 -0.340605 3
-0.170439 0.070223 0.074475 2
-0.121036 0.149875 -0.200882 3
0.025166 -0.187077 0.081610 0
0.070600 -0.350772 0.121566 0
0.525151 0.036969 -0.054405 1
-0.072461 0.209824 0.147596 4
-0.072138 0.170173 0.301127 4
0.298891 0.104406 0.009092 1
0.243530 0.105080 0.016514 1
-0.091365 0.178004 0.196416 4
0.024329 0.200752 0.195422 4
-0.080826 0.208893 0.179511 4
-0.097213 0.138134 -0.322432 3
-0.177981 0.064648 0.034158 2
-0.016224 0.113320 0.018034 0
0.406846 0.083281 0.005405 1
-0.113809 0.147111 -0.273052 3
-0.001762 -0.082188 0.055835 0
-0.105229 0.117472 -0.451052 3
0.024881 -0.106433 0.047778 0
-0.039525 0.149443 -0.217325 3
0.079344 -0.423755 0.139689 0
-0.011387 0.147552 0.046551 0
0.104052 -0.600034 0.179433 0
0.133456 -0.862889 0.200042 0
0.146795 0.078482 -0.014446 1
0.001660 0.031033 0.000565 0
-0.033985 0.134128 0.340463 4
-0.064571 0.153450 0.017109 7
-0.298062 0.068057 0.154309 2
0.067560 -0.018474 0.033073 0
0.330319 0.116377 0.053342 1
-0.049084 0.120059 -0.056759 6
0.099259 -0.722083 0.196326 0
0.469360 0.069857 0.009239 1
-0.251099 0.070995 0.048865 2
0.275488 0.114656 0.056960 1
-0.085965 0.207052 0.156856 4
-0.153959 0.102369 -0.484464 3
-0.048806 0.146049 -0.265954 3
-0.054152 -0.018060 0.036559 0
0.052642 -0.395368 0.134012 0
-0.097035 0.145063 -0.185268 3
0.102582 -0.544612 0.171053 0
-0.154232 0.089027 -0.501422 3
-0.332380 0.065603 0.065477 2
-0.120969 0.145909 -0.250042 3
0.032923 -0.268236 0.098410 0
0.135950 -0.896256 0.209314 0
0.533831 0.039500 -0.030588 1
-0.202185 0.102861 -0.452397 3
-0.056110 0.192288 0.099189 4
0.105223 -0.632478 0.179438 0
0.032283 -0.081792 0.043780 0
0.487808 0.050351 -0.026734 1
-0.040121 0.193411 0.268027 4
0.038220 -0.138402 0.059251 0
-0.386988 0.060360 0.050725 2
-0.151766 0.049780 0.056963 2
0.007118 0.047213 0.015468 0
-0.006849 0.148215 -0.217393 3
0.048812 -0.325246 0.122600 0
-0.413722 0.034133 0.186072 2
0.041626 -0.252531 0.085805 0
0.184775 0.090721 -0.006536 1
0.060235 -0.411137 0.128768 0
-0.216769 0.088634 -0.468905 3
-0.526288 0.006617 0.171233 2
-0.031870 0.206916 0.243179 4
-0.283126 0.072575 0.163509 2
-0.023918 0.151003 -0.233077 3
-0.331813 0.062092 0.179507 2
0.178955 0.102397 -0.054060 1
-0.088729 0.008869 0.049204 0
0.381104 0.083829 -0.017677 1
-0.500637 0.006016 0.193024 2
0.121542 -0.851141 0.196065 0
-0.193595 0.134802 -0.257968 3
0.103439 -0.786880 0.194952 0
-0.178137 0.112712 -0.428062 3
-0.349183 0.055097 0.122775 2
0.291436 0.103091 -0.071516 1
0.026846 0.138451 -0.249077 3
0.218937 0.117112 0.065312 1
0.009563 0.155762 0.278286 4
-0.283422 0.070748 0.041293 2
0.275136 0.110868 0.025719 1
-0.202746 0.106052 -0.420260 3
-0.064577 0.144417 -0.193280 3
0.033690 -0.273212 0.116905 0
0.010567 0.105057 0.001397 0
0.156287 0.087740 -0.030483 1
-0.129622 0.146200 -0.282141 3
0.118727 -0.696434 0.193078 0
0.064902 -0.501341 0.156118 0
-0.347058 0.056304 0.154893 2
0.332254 0.095959 -0.039125 1
-0.056423 0.144754 -0.225732 3
-0.203921 0.083621 0.129213 2
0.081295 -0.453866 0.140474 0
0.056569 -0.373280 0.131154 0
-0.145664 0.114677 -0.427479 3
-0.080911 0.143980 -0.176934 3
0.110008 -0.878718 0.206686 0
-0.008684 0.126273 0.346854 4
-0.112766 0.137321 -0.347354 3
-0.193849 0.069340 0.009664 2
0.089547 -0.599874 0.172185 0
0.040175 -0.101770 0.063215 0
-0.121142 0.145545 -0.307319 3
-0.444698 0.024946 0.178816 2
-0.037463 0.102025 -0.089949 0
-0.055963 0.161150 0.318355 4
-0.347225 0.058229 0.090544 2
-0.056174 0.150949 0.333638 4
0.226344 0.110287 0.033843 1
-0.103631 0.137355 -0.055808 6
0.064217 -0.326403 0.114384 0
-0.047507 -0.042640 0.044979 0
0.485384 0.062632 -0.015243 1
-0.037325 0.229789 0.158625 4
0.039680 -0.162530 0.082732 0
-0.073610 0.202165 0.211793 4
-0.016440 0.073376 -0.071040 0
-0.016566 0.146529 -0.192417 3
0.250874 0.119773 0.071893 1
-0.040968 0.200294 0.082641 4
0.024925 0.143801 -0.266260 3
-0.064431 0.128403 -0.063980 6
0.540421 0.044367 0.001895 1
-0.015147 0.150346 0.031496 7
0.118724 -0.794205 0.195270 0
-0.283309 0.071402 0.130635 2
-0.413792 0.044610 0.137581 2
-0.064688 0.137216 -0.363752 3
0.080255 -0.437968 0.146355 0
0.055376 -0.300739 0.106984 0
-0.208777 0.117864 -0.395946 3
-0.218830 0.071999 0.049409 2
0.105817 -0.672610 0.181682 0
0.096326 -0.633344 0.201883 0
0.068048 -0.484429 0.156633 0
-0.210597 0.070138 0.018120 2
-0.187209 0.091157 -0.478844 3
-0.191982 0.085221 -0.515275 3
-0.363557 0.063745 0.056926 2
0.332331 0.096921 -0.080264 1
0.007475 -0.042146 0.026450 0
0.324169 0.104336 0.000834 1
-0.380148 0.047875 0.179271 2
-0.096502 0.200342 0.186836 4
-0.005120 0.070907 0.015573 0
-0.331856 0.063987 0.121499 2
-0.316691 0.063858 0.170700 2
0.503643 0.056711 0.002314 1
-0.072723 0.188497 0.271240 4
0.065136 0.130117 -0.314181 3
0.040777 0.118988 -0.061497 0
0.348936 0.115430 0.056931 1
-0.267677 0.073576 0.024952 2
0.131665 0.062038 -0.004706 1
0.024409 0.008263 0.008240 0
0.108591 -0.923336 0.187644 0
-0.193604 0.069471 -0.531090 3
0.016608 0.187105 0.211415 4
0.039353 -0.121978 0.057162 0
0.118164 -0.809285 0.190590 0
-0.267024 0.073309 0.138674 2
0.033640 0.158027 0.046793 5
0.070175 0.112018 -0.058490 0
0.275239 0.103635 -0.038846 1
0.001293 -0.006659 0.012977 0
0.043280 -0.066335 0.045934 0
0.072531 -0.033257 0.025907 0
0.101183 -0.817758 0.214054 0
0.008690 -0.097659 0.052246 0
-0.212027 0.122325 -0.283016 3
-0.508264 0.019942 0.137040 2
0.041351 -0.235366 0.083839 0
0.086816 -0.021982 0.031567 0
-0.158510 0.159111 -0.036267 6
0.434952 0.060266 -0.070444 1
-0.040515 0.224781 0.187292 4
-0.136287 0.152827 -0.053526 6
-0.148963 0.140005 -0.306006 3
-0.047227 0.134087 -0.137396 0
-0.030665 -0.046060 0.062826 0
-0.091795 0.140703 -0.353642 3
0.177635 0.099293 -0.038525 1
-0.013923 -0.042483 0.041491 0
-0.111975 0.143473 -0.068634 6
0.058149 0.191988 0.073636 5
0.039908 0.168972 0.035853 5
0.413595 0.073677 -0.032714 1
-0.104344 0.033661 0.055919 2
0.469632 0.071768 0.026166 1
-0.363916 0.056717 0.130643 2
0.459571 0.068347 -0.029505 1
-0.005707 0.204700 0.111738 4
-0.008850 -0.059807 0.047548 0
0.160560 0.074002 0.011265 1
0.576948 0.006853 -0.023295 1
0.126955 -0.933477 0.210089 0
0.142905 0.056561 0.010527 1
-0.042766 0.144743 0.011508 7
-0.029420 0.113410 -0.133521 0
-0.010561 0.221853 0.193825 4
-0.041046 0.086085 0.368845 4
-0.113936 0.038138 0.041869 2
-0.459672 0.036742 0.121375 2
-0.001061 0.095813 0.024412 0
-0.008993 0.064629 -0.051593 0
-0.079791 0.199468 0.114017 4
0.299718 0.098963 -0.022861 1
0.067100 -0.460559 0.153004 0
-0.242366 0.077985 0.106827 2
0.081289 0.198450 0.082328 5
-0.110120 0.132565 -0.402872 3
0.030979 -0.027463 0.020605 0
0.065765 -0.446173 0.146634 0
0.110738 0.189917 0.084088 5
-0.179644 0.123972 -0.364427 3
0.024253 -0.122808 0.051907 0
0.107401 -0.931422 0.203586 0
0.088082 -0.490582 0.167728 0
-0.204666 0.099948 -0.437890 3
-0.307296 0.068434 0.183866 2
-0.064951 0.136637 -0.047067 6
-0.006647 0.147730 0.304010 4
-0.292000 0.073051 0.184041 2
-0.078391 0.179190 0.144654 4
0.412129 0.089683 0.017461 1
0.117930 -0.746847 0.196609 0
0.380273 0.106192 0.049824 1
-0.421132 0.042982 0.099018 2
0.019987 -0.195773 0.071092 0
0.005790 0.179101 0.073806 4
-0.079695 0.199541 0.130766 4
-0.096869 0.149749 -0.289644 3
0.010291 0.140015 -0.225231 3
-0.332279 0.064445 0.097696 2
-0.088567 0.149795 -0.044806 6
0.007370 -0.065816 0.047006 0
0.000858 0.086830 -0.060954 0
0.091128 -0.665707 0.185104 0
0.048081 -0.275730 0.113098 0
0.347926 0.099616 0.014020 1
0.016242 0.168533 0.049411 5
0.193484 0.109331 -0.061260 1
-0.201422 0.090856 -0.462321 3
-0.182895 0.140771 -0.265629 3
-0.333177 0.059051 0.193559 2
-0.079361 -0.001383 0.055018 0
0.315239 0.096719 -0.022580 1
-0.113155 0.151255 -0.233821 3
0.242187 0.104432 -0.006843 1
0.005941 0.174201 0.258866 4
0.006609 0.180797 0.110076 4
-0.252677 0.075995 0.010970 2
-0.528019 -0.006854 0.157063 2
-0.452996 0.039126 0.097919 2
0.013143 0.134862 0.314712 4
0.038711 0.141074 -0.305302 3
0.081717 -0.537107 0.157013 0
-0.428972 0.030458 0.202383 2
-0.106542 0.107341 -0.461136 3
0.064853 -0.413856 0.146395 0
0.105027 -0.739260 0.208949 0
0.111025 0.040298 0.031461 0
-0.185635 0.119570 -0.395103 3
-0.001287 0.047106 -0.023072 0
-0.314766 0.063765 0.091028 2
0.083894 -0.619126 0.187714 0
-0.102966 0.129802 -0.069458 6
0.121696 -0.916521 0.211367 0
0.233795 0.108599 -0.057131 1
-0.356160 0.066264 0.044353 2
-0.046437 0.123669 -0.127028 0
-0.000309 0.146831 -0.249884 3
-0.218791 0.073032 0.082274 2
0.121969 -0.956149 0.221292 0
-0.162244 0.143925 -0.249646 3
-0.054489 0.131924 -0.168566 3
-0.082805 0.149284 -0.224742 3
-0.049170 0.210714 0.221151 4
0.059590 -0.435134 0.134460 0
0.020757 0.205910 0.157207 4
-0.001476 0.133638 0.330334 4
-0.053290 -0.029825 0.048599 0
0.388070 0.079583 -0.055694 1
0.039818 0.141934 -0.275967 3
0.051217 -0.331820 0.135647 0
-0.453774 0.018869 0.191382 2
0.084476 -0.483230 0.141139 0
-0.218052 0.119879 -0.257467 3
-0.208112 0.124866 -0.371024 3
0.002752 0.136651 -0.336211 3
0.102484 -0.584501 0.178978 0
0.009000 0.086650 -0.048032 0
0.014658 0.200203 0.123072 4
0.014832 -0.050192 0.046119 0
0.056698 -0.064728 0.035226 0
0.045995 -0.220243 0.089607 0
-0.083504 0.148798 -0.264290 3
0.024670 0.156266 0.261266 4
0.041478 0.138268 -0.250896 3
0.042185 -0.096733 0.036799 0
0.015020 0.152619 0.291908 4
0.077555 -0.394911 0.129628 0
0.080424 -0.463145 0.160193 0
-0.186373 0.073582 0.081700 2
-0.063809 0.153379 0.032411 7
-0.075326 0.123793 -0.425152 3
0.006307 0.062899 0.015563 0
-0.400822 0.051788 0.113791 2
-0.032101 0.143541 0.330357 4
0.119821 -0.891512 0.188590 0
-0.034893 0.139970 0.031719 7
0.024181 0.139194 -0.233276 3
0.004943 -0.100573 0.066719 0
0.374669 0.099769 0.038832 1
0.106814 -0.660716 0.211078 0
0.106614 -0.705040 0.185849 0
-0.229933 0.067020 0.089945 2
-0.022148 0.070486 -0.048186 0
-0.060410 0.213333 0.172334 4
0.015734 -0.017702 0.025707 0
-0.194023 0.125777 -0.228318 3
-0.024391 0.182910 0.275312 4
0.436923 0.070433 -0.039450 1
0.000661 -0.016468 0.023502 0
-0.014124 -0.088252 0.057347 0
-0.064882 0.137778 0.342051 4
-0.016185 0.143565 -0.306687 3
-0.475179 0.019183 0.185436 2
0.307517 0.102722 -0.080998 1
0.170897 0.094030 -0.023826 1
-0.002946 0.131794 0.041555 0
-0.068743 -0.014719 0.051874 0
-0.396246 0.056310 0.066717 2
-0.124472 0.090700 -0.498487 3
-0.493742 0.017804 0.148742 2
-0.021433 0.204542 0.231749 4
-0.484853 0.028195 0.131346 2
-0.136027 0.049387 0.026771 2
-0.225965 0.073249 0.003650 2
-0.064860 0.141606 -0.337272 3
-0.176697 0.141258 -0.289033 3
-0.162272 0.120580 -0.403763 3
0.032032 -0.181655 0.070799 0
0.022238 -0.034551 0.031117 0
0.113622 -0.722132 0.195193 0
-0.054078 0.104957 0.381670 4
0.054810 -0.073344 0.050492 0
0.048652 -0.043131 0.040683 0
-0.063440 0.201925 0.092501 4
0.111257 -0.833203 0.188355 0
0.122229 0.182011 0.110791 5
-0.120878 0.125028 -0.418800 3
0.081501 0.112846 -0.347654 3
-0.064556 0.137059 -0.160489 3
0.050773 -0.320719 0.093313 0
-0.144598 0.073392 0.105185 2
0.106039 -0.859386 0.196632 0
0.089989 -0.692085 0.182951 0
-0.040266 0.146106 -0.200960 3
0.264914 0.099520 0.001452 1
0.412566 0.086270 -0.006807 1
-0.251001 0.067137 0.083292 2
0.053387 -0.253351 0.097298 0
-0.005873 0.180576 0.263677 4
-0.043780 0.141073 -0.322728 3
0.048270 0.132291 -0.261966 3
0.075392 0.002387 0.025442 0
0.510332 0.033134 -0.064429 1
-0.104239 0.124929 -0.426316 3
-0.086596 0.198811 0.256025 4
0.035316 -0.319672 0.110353 0
0.042147 -0.357012 0.117172 0
-0.081413 0.142027 -0.338351 3
-0.195068 0.130447 -0.290554 3
-0.169538 0.065500 0.049301 2
-0.120610 0.136005 -0.362830 3
0.102450 -0.738585 0.175065 0
-0.105262 0.154607 -0.031227 6
0.088559 -0.575366 0.170815 0
-0.010003 0.165683 0.288953 4
0.042609 -0.276108 0.090767 0
0.331314 0.095717 -0.006660 1
-0.115914 0.132089 -0.375271 3
-0.143008 0.093179 -0.513401 3
-0.260506 0.080255 0.168173 2
-0.078907 0.200419 0.235346 4
0.121729 -0.834643 0.203620 0
0.566409 0.022754 -0.007291 1
0.044724 -0.170719 0.073345 0
0.062528 -0.341716 0.115798 0
-0.239621 0.084208 -0.267699 3
0.283521 0.113202 0.041261 1
0.220718 0.107828 -0.060037 1
0.271709 0.108465 -0.086235 1
-0.200487 0.128846 -0.339934 3
-0.206758 0.081601 -0.505907 3
0.519356 0.049650 0.033164 1
-0.377331 0.051976 0.156512 2
-0.032881 0.209298 0.105178 4
0.491587 0.052672 -0.046642 1
0.132012 0.061252 0.025771 1
0.038159 -0.155529 0.065862 0
-0.092753 0.132568 -0.400613 3
0.122368 -0.948332 0.196346 0
0.045737 0.178947 0.060678 5
0.014674 0.037970 0.000048 0
0.101310 -0.675914 0.203360 0
-0.034101 -0.042626 0.042073 0
-0.251236 0.079256 0.146683 2
-0.170565 0.079830 0.106480 2
0.116741 0.044474 0.016394 1
-0.187618 0.098608 -0.451400 3
-0.085601 0.161530 0.322271 4
-0.034327 0.103926 -0.072237 0
-0.128575 0.113244 -0.436531 3
0.037621 -0.112536 0.042281 0
-0.137113 0.063479 0.081492 2
-0.000165 0.146451 -0.282962 3
0.094761 -0.648189 0.188670 0
0.022065 0.140888 -0.319109 3
-0.056934 0.130079 0.350536 4
0.094823 -0.534837 0.164875 0
-0.121299 0.144793 -0.323162 3
-0.189825 0.108052 -0.415743 3
-0.123645 0.044262 0.050516 2
0.470167 0.060860 -0.037051 1
-0.307320 0.066919 0.052468 2
-0.477563 0.017285 0.171680 2
-0.229846 0.083496 0.159557 2
0.431922 0.075351 0.000401 1
0.234742 0.098099 0.002015 1
0.004624 0.189247 0.240655 4
0.090937 -0.714830 0.204977 0
0.088007 0.118392 -0.314692 3
0.445560 0.079178 0.016866 1
-0.023522 0.121234 0.341436 4
-0.027016 0.114886 -0.116480 0
-0.040515 0.138752 -0.176648 3
-0.015565 0.225407 0.155130 4
-0.100650 0.028377 0.030932 0
-0.009344 0.173718 0.052479 0
0.052882 -0.091189 0.042649 0
-0.137598 0.135610 -0.379041 3
-0.356001 0.060397 0.106199 2
-0.387170 0.052629 0.130689 2
-0.004296 0.157461 0.029594 0
0.076646 -0.539578 0.175723 0
0.001884 0.014631 0.017590 0
0.022451 0.193909 0.152248 4
0.235229 0.118188 0.058344 1
0.064774 0.186244 0.048900 5
-0.081703 0.001985 0.036718 0
0.227281 0.103928 -0.031264 1
0.023708 -0.167221 0.059369 0
0.110447 -0.882010 0.189499 0
-0.231482 0.101895 -0.273416 3
0.008065 0.154444 0.034096 0
0.090528 0.021569 0.038079 0
0.000100 0.150333 -0.201938 3
0.056587 -0.350053 0.136685 0
-0.141878 0.057990 0.070057 2
-0.087352 0.191244 0.282401 4
-0.090027 0.021793 0.049993 0
-0.152491 0.056513 0.033975 2
0.038150 -0.284518 0.106630 0
-0.129631 0.139536 -0.332685 3
0.282678 0.098947 0.001668 1
0.515822 0.052118 -0.020260 1
-0.469421 0.030486 0.146849 2
0.102698 0.104829 -0.333011 3
0.054278 0.116239 -0.349247 3
0.010990 0.193895 0.174064 4
-0.460877 0.028461 0.168199 2
-0.405471 0.040680 0.164072 2
0.057461 -0.389121 0.123759 0
-0.413021 0.054342 0.065681 2
0.013278 -0.052564 0.020392 0
-0.088959 0.135569 -0.378994 3
-0.112519 0.147238 -0.056282 6
-0.001583 0.199157 0.234703 4
-0.060546 0.205702 0.248220 4
-0.108512 0.102524 -0.491327 3
0.121239 -0.900028 0.210894 0
-0.017472 0.088437 -0.079857 0
-0.373310 0.057908 0.082790 2
-0.055414 0.189788 0.281243 4
0.355888 0.089041 -0.054959 1
-0.218462 0.080971 0.122722 2
0.099049 -0.688939 0.201292 0
-0.500493 0.019359 0.161993 2
0.086980 0.118963 -0.330422 3
-0.163498 0.062812 0.012533 2
0.152906 0.064926 0.016156 1
-0.026759 0.221774 0.117855 4
0.371995 0.084949 -0.080198 1
0.047837 -0.262226 0.112527 0
0.013364 -0.003427 0.003880 0
0.089291 0.187372 0.057322 5
0.038312 -0.189932 0.087990 0
-0.170229 0.137943 -0.299574 3
0.009788 -0.040535 0.039269 0
-0.157660 0.082116 -0.529422 3
-0.035157 0.206094 0.093000 4
-0.060082 0.148669 -0.281307 3
0.112449 -0.737830 0.188282 0
0.111026 -0.862026 0.217000 0
0.406696 0.099592 0.063321 1
0.068871 -0.474518 0.148599 0
-0.081253 0.129525 -0.387994 3
0.002862 0.034474 -0.020327 0
-0.066597 0.193061 0.217386 4
0.062219 0.131211 -0.284316 3
-0.460100 0.036260 0.137604 2
0.008398 0.217064 0.179272 4
0.007907 0.138961 -0.306646 3
0.175551 0.098453 0.050699 1
-0.139755 0.140806 -0.352661 3
-0.024389 0.191025 0.067436 4
-0.446016 0.042717 0.082102 2
-0.091116 0.195704 0.198051 4
-0.009921 0.135089 0.026659 0
0.370610 0.100583 0.017900 1
0.462038 0.062645 -0.015303 1
-0.085740 0.189817 0.136564 4
-0.200735 0.065434 0.041734 2
-0.289862 0.075171 0.013209 2
0.089874 -0.568244 0.186266 0
0.121420 -0.763072 0.188737 0
-0.144960 0.121608 -0.403644 3
0.021113 0.083327 -0.049907 0
0.091635 -0.721827 0.186175 0
-0.185853 0.080888 -0.525502 3
-0.134263 0.041701 0.043663 2
0.476021 0.052607 -0.053558 1
0.100680 -0.665929 0.172216 0
0.127933 0.040184 0.012277 1
0.093905 -0.594462 0.192706 0
0.013527 0.182375 0.234847 4
-0.064981 0.172277 0.209715 4
-0.130766 0.106275 -0.461254 3
0.421039 0.096239 0.050129 1
-0.121295 0.047875 0.065300 2
-0.130379 0.158283 -0.031957 6
0.107952 -0.969230 0.193732 0
0.041289 0.125736 -0.273011 3
0.552109 0.032672 0.000295 1
0.107712 -0.954243 0.197629 0
-0.373164 0.050275 0.122200 2
-0.067867 0.140206 -0.222673 3
0.081463 -0.591805 0.177471 0
-0.339821 0.069046 0.049011 2
-0.080215 0.141149 -0.068088 6
0.107333 -0.802474 0.187270 0
-0.277120 0.066949 0.104891 2
-0.006663 0.044877 -0.009477 0
-0.015933 0.176846 0.071254 4
-0.154474 0.127213 -0.396502 3
-0.047629 0.149026 -0.249899 3
-0.044059 -0.018953 0.052747 0
-0.106740 0.021372 0.055157 2
0.560297 0.017253 -0.040554 1
-0.177505 0.102579 -0.460766 3
-0.157201 0.107637 -0.438448 3
0.211042 0.105397 0.017640 1
-0.518896 0.009549 0.147692 2
-0.027061 0.125811 -0.101725 0
0.364267 0.089633 -0.014053 1
0.074074 -0.495379 0.162187 0
0.401967 0.076043 -0.059784 1
0.446240 0.062887 -0.046848 1
-0.034406 0.133008 -0.147757 0
-0.065938 0.113148 0.360439 4
0.120481 -0.819079 0.203427 0
0.063584 0.125708 -0.346440 3
0.046362 0.125542 -0.359586 3
-0.008470 0.148068 -0.259240 3
0.530397 0.017257 -0.058844 1
-0.147954 0.139121 -0.207210 3
0.457947 0.051992 -0.077451 1
0.088474 -0.000797 0.032391 0
0.040077 0.131293 -0.340406 3
-0.005824 0.212351 0.127421 4
0.031817 -0.226767 0.083130 0
0.094548 -0.624515 0.171988 0
0.121444 -0.883680 0.210225 0
-0.056621 0.140773 -0.347604 3
0.099793 -0.583591 0.194018 0
-0.010522 0.090016 0.004189 0
-0.032325 0.144677 -0.290597 3
0.017604 -0.095252 0.043934 0
-0.023795 0.139176 0.022521 7
-0.001601 0.222379 0.147686 4
-0.450952 0.035596 0.153498 2
0.571466 0.020628 -0.018422 1
0.008252 -0.026518 0.019764 0
0.046583 -0.197086 0.077924 0
-0.051208 0.139323 -0.191544 3
0.107192 0.031572 0.016777 0
-0.157573 0.132387 -0.358412 3
0.437553 0.072693 -0.015195 1
0.204795 0.108607 -0.051463 1
0.070605 0.125869 -0.292367 3
0.298869 0.115543 0.064775 1
0.120109 -0.969191 0.196025 0
-0.339288 0.057270 0.130699 2
-0.016830 0.152994 0.308649 4
-0.129028 0.146150 -0.217690 3
-0.138945 0.090332 -0.501476 3
-0.092930 0.147407 0.021767 7
0.105679 -0.487778 0.175243 0
-0.104615 0.135369 -0.379063 3
-0.018337 0.222224 0.131769 4
0.084597 -0.004313 0.018695 0
-0.177381 0.063060 0.058512 2
-0.000446 0.142580 -0.315224 3
-0.024028 0.148799 -0.266657 3
-0.040503 0.171840 0.213864 4
-0.010207 0.190520 0.257421 4
0.100504 -0.791019 0.214361 0
-0.192627 0.064650 0.058590 2
0.021344 0.141664 0.289522 4
0.051842 -0.341973 0.128690 0
0.444604 0.082023 0.045758 1
0.040993 -0.307550 0.100501 0
-0.033273 0.114377 0.359367 4
0.324384 0.109557 0.026858 1
-0.173418 0.123294 -0.377216 3
-0.474611 0.027910 0.160412 2
0.048780 0.184484 0.050144 5
-0.364412 0.052226 0.194471 2
-0.153845 0.099891 -0.472438 3
-0.097682 0.149947 -0.241427 3
0.013691 0.016120 0.020579 0
-0.059024 0.195148 0.112109 4
0.032667 -0.130797 0.067112 0
-0.152597 0.142331 -0.322349 3
0.349568 0.091000 -0.078850 1
0.035941 -0.318382 0.126805 0
0.430131 0.081924 0.023985 1
0.454664 0.073167 0.009046 1
-0.029502 -0.056568 0.056265 0
0.462058 0.054516 -0.054666 1
0.088988 0.193428 0.074003 5
0.478622 0.065109 0.000968 1
0.071159 -0.366301 0.123383 0
-0.421285 0.049622 0.073622 2
-0.166525 0.100132 -0.481883 3
0.388248 0.078828 -0.079662 1
-0.215484 0.067355 0.060140 2
-0.137794 0.113281 -0.452534 3
-0.040666 0.217901 0.211309 4
-0.137442 0.146755 -0.242013 3
-0.088315 0.144872 -0.234619 3
-0.325323 0.058798 0.112688 2
0.106694 -0.916062 0.197165 0
0.201958 0.089269 0.008976 1
-0.032638 0.150070 -0.241771 3
-0.388959 0.045451 0.187776 2
0.488366 0.066235 0.047184 1
-0.013608 0.054391 -0.032098 0
0.243358 0.113355 0.048868 1
-0.396713 0.045187 0.154626 2
-0.043563 0.121343 -0.406934 3
-0.218409 0.082776 -0.479369 3
0.065082 0.169295 0.047144 5
0.006436 0.170094 0.056325 0
0.194035 0.108095 0.058229 1
-0.097428 0.112287 -0.468444 3
0.080917 -0.512454 0.156576 0
0.380397 0.087081 -0.038331 1
-0.129815 0.098506 -0.485370 3
0.089381 -0.511594 0.170944 0
0.063741 -0.357875 0.130957 0
0.160767 0.080290 0.000995 1
-0.008060 0.121558 0.334530 4
0.081044 -0.414849 0.153534 0
-0.063746 0.152600 0.324436 4
0.536740 0.042851 0.016356 1
0.094264 -0.456809 0.151953 0
0.092401 -0.706942 0.196020 0
0.095623 -0.551091 0.162894 0
0.266895 0.104171 -0.055289 1
-0.013344 0.115432 0.344579 4
0.008924 0.192286 0.203649 4
-0.291102 0.066456 0.139258 2
0.028662 -0.248311 0.110871 0
0.084728 -0.602687 0.185476 0
0.111919 0.183509 0.060615 5
-0.057834 0.125223 -0.076922 6
-0.083760 0.117177 -0.449614 3
-0.031685 0.153593 0.315805 4
0.469779 0.046314 -0.078905 1
0.148906 0.077039 0.023934 1
0.388753 0.093287 0.001472 1
-0.266868 0.066394 0.089917 2
0.097556 -0.552031 0.178981 0
0.071233 -0.407665 0.125588 0
0.024938 -0.203862 0.087589 0
0.109466 0.018690 0.026079 0
0.339482 0.094475 -0.048522 1
0.113867 -0.778884 0.204703 0
0.501993 0.059662 0.025346 1
0.141906 0.067646 -0.013659 1
-0.028321 0.179650 0.063884 4
-0.081343 0.145090 -0.282482 3
-0.059163 0.140343 -0.214554 3
0.364613 0.103805 0.033910 1
0.001113 0.038784 0.009601 0
0.528680 0.034514 -0.040075 1
-0.080267 0.157940 0.020571 7
0.162321 0.088652 0.033114 1
0.044281 -0.298153 0.123221 0
0.512677 0.049936 0.007494 1
0.029928 0.171760 0.047841 5
0.431845 0.050022 -0.082105 1
-0.467801 0.037498 0.097042 2
-0.055670 0.131575 -0.372154 3
0.307401 0.103886 -0.015270 1
-0.009392 0.158326 0.298235 4
-0.001976 0.123502 0.010859 0
0.027590 -0.226587 0.103911 0
0.397761 0.080634 -0.023629 1
0.104554 -0.811020 0.195883 0
-0.003258 0.138787 -0.187941 3
-0.140068 0.069872 0.091039 2
0.025342 0.103256 -0.062504 0
-0.083893 0.196017 0.162710 4
-0.019752 0.110738 -0.097068 0
-0.193978 0.078801 0.098062 2
0.063052 -0.422634 0.138585 0
-0.056348 0.129880 -0.403664 3
0.072967 0.118305 -0.353749 3
-0.104450 0.149759 -0.266283 3
-0.137300 0.128297 -0.395564 3
0.104588 -0.753539 0.188627 0
0.017518 -0.075173 0.036264 0
-0.138613 0.138448 -0.199672 3
0.323784 0.120460 0.066879 1
0.417946 0.067892 -0.086022 1
-0.062376 -0.022949 0.045590 0
-0.153875 0.134428 -0.379237 3
0.289584 0.104957 -0.023252 1
-0.371563 0.055859 0.105681 2
-0.040601 0.096413 0.374483 4
-0.064982 0.199324 0.260685 4
0.069138 -0.059889 0.037737 0
-0.032928 0.222776 0.202885 4
0.091536 0.098913 -0.354914 3
0.032584 -0.097796 0.049806 0
-0.011503 0.102110 0.353462 4
0.084036 -0.649185 0.173186 0
-0.282337 0.074310 0.177342 2
0.076972 -0.434392 0.134036 0
0.049306 0.137088 -0.298712 3
-0.040044 0.122916 -0.145774 0
-0.339664 0.060707 0.146924 2
0.096816 -0.534897 0.176432 0
-0.137101 0.145520 -0.257760 3
-0.000609 0.072073 -0.048017 0
-0.089378 0.128143 -0.069690 6
-0.015686 0.147507 -0.225523 3
-0.186540 0.085264 0.122044 2
0.070992 -0.390330 0.138169 0
0.063824 -0.397838 0.128290 0
0.290737 0.101760 -0.046829 1
0.032981 -0.243480 0.084787 0
-0.000328 0.153854 0.054056 0
-0.089445 0.143108 -0.314435 3
-0.519666 0.001255 0.179191 2
-0.164392 0.076000 0.093813 2
-0.031162 0.111763 -0.088837 0
0.105014 -0.769688 0.209117 0
0.025952 -0.141013 0.079000 0
-0.039061 0.124492 -0.114400 0
0.194995 0.100679 -0.015279 1
0.015705 0.215735 0.162925 4
-0.138118 0.125516 -0.412181 3
0.211048 0.102188 0.001333 1
-0.065857 0.210132 0.203618 4
0.550619 0.022763 -0.047058 1
-0.020525 -0.078958 0.054676 0
0.097193 0.192418 0.082132 5
-0.242425 0.074092 0.016403 2
0.023812 0.153690 0.042458 5
-0.153992 0.145462 -0.241664 3
-0.439034 0.034939 0.124062 2
0.008369 0.146966 -0.242220 3
-0.001394 -0.089668 0.064639 0
-0.123013 0.051425 0.081742 2
0.299251 0.112810 0.041841 1
0.001664 -0.106706 0.050793 0
0.055796 -0.332851 0.106389 0
0.032916 0.143198 -0.257962 3
-0.168111 0.135257 -0.220156 3
-0.202857 0.129653 -0.282087 3
0.019028 0.204766 0.145863 4
-0.075490 0.176956 0.218421 4
0.032189 -0.201714 0.077112 0
-0.113651 0.146078 -0.192884 3
-0.061494 0.213590 0.140014 4
-0.026878 -0.052740 0.041809 0
0.084054 -0.518868 0.178110 0
-0.178303 0.096176 -0.484138 3
0.412818 0.095434 0.042124 1
-0.195780 0.083705 -0.492004 3
-0.242172 0.071391 0.033918 2
-0.161927 0.063287 0.057625 2
0.219189 0.105556 0.009546 1
0.257912 0.108373 0.003540 1
-0.194125 0.072097 0.073366 2
-0.064435 0.144923 -0.314405 3
-0.072970 0.143056 -0.168706 3
-0.105135 0.145926 -0.298984 3
-0.054215 0.115221 -0.414566 3
0.001141 0.202782 0.220231 4
0.410341 0.076478 -0.045561 1
-0.184737 0.133799 -0.234617 3
0.041644 -0.212646 0.096986 0
0.096489 -0.624619 0.194390 0
0.315556 0.112030 0.041730 1
0.251090 0.104761 -0.030826 1
0.032226 0.137678 -0.314973 3
0.001543 0.022797 0.009599 0
0.050863 -0.373549 0.117405 0
0.107068 -0.835386 0.203618 0
-0.429776 0.041527 0.107227 2
-0.307916 0.065152 0.163214 2
-0.518411 0.008384 0.163152 2
-0.080320 0.145604 -0.306311 3
0.275393 0.104210 -0.006768 1
0.132392 0.060885 0.009499 1
0.112968 -0.903373 0.218008 0
0.121761 -0.875858 0.196018 0
-0.161361 0.070609 0.081748 2
0.299120 0.097702 -0.001366 1
-0.059443 0.099960 0.369207 4
-0.000007 0.079918 0.010816 0
-0.061499 -0.009346 0.036336 0
-0.340326 0.065429 0.074370 2
-0.088333 0.207874 0.170961 4
-0.085192 0.183651 0.216623 4
-0.202373 0.127716 -0.250140 3
0.069756 -0.381881 0.125024 0
-0.001140 0.080737 0.023067 0
0.033233 -0.179207 0.083210 0
-0.047543 0.193837 0.075233 4
-0.023097 0.137737 0.326535 4
-0.250501 0.072840 0.114457 2
0.008570 -0.057748 0.034152 0
0.100938 -0.827721 0.194167 0
-0.202349 0.119953 -0.386821 3
-0.047035 0.223842 0.156098 4
0.057688 -0.317115 0.114378 0
0.372257 0.112323 0.065402 1
-0.153442 0.114734 -0.419216 3
-0.077187 0.166699 0.030644 7
0.331740 0.104694 0.009273 1
0.524444 0.043028 -0.005688 1
0.276480 0.105328 0.015915 1
0.477525 0.070902 0.034263 1
0.340550 0.096866 -0.014618 1
0.097202 -0.657023 0.181086 0
0.371412 0.092521 -0.022362 1
0.316354 0.098283 -0.047178 1
0.076627 -0.011938 0.030415 0
-0.113361 0.145339 -0.258402 3
-0.331972 0.070027 0.040920 2
-0.040267 0.142871 -0.298451 3
0.007370 0.144702 0.308434 4
0.114080 -0.842920 0.193890 0
-0.510328 0.013444 0.170073 2
-0.185837 0.136461 -0.281917 3
0.018781 -0.157795 0.071188 0
-0.010272 0.088555 -0.059998 0
-0.030291 0.084183 -0.066531 0
0.005819 0.207294 0.115730 4
0.055396 -0.399822 0.154004 0
0.006953 0.015349 0.001539 0
-0.355850 0.056585 0.147450 2
-0.072822 0.144676 -0.184870 3
-0.493480 0.014703 0.170866 2
0.243695 0.106687 -0.062178 1
0.011231 0.191213 0.129302 4
0.445257 0.073112 -0.023412 1
-0.300023 0.070995 0.090080 2
0.016991 0.201741 0.204170 4
0.022031 -0.147173 0.067363 0
-0.071830 0.200911 0.122827 4
-0.145325 0.142223 -0.330939 3
-0.000142 0.217110 0.186958 4
0.053003 -0.319423 0.131264 0
0.235236 0.107202 0.024356 1
-0.186025 0.079833 0.106648 2
0.124620 0.052460 0.017157 1
0.024903 0.146963 -0.241998 3
-0.045152 -0.037869 0.054879 0
0.322844 0.100330 -0.030506 1
0.111508 -0.680739 0.188871 0
0.194133 0.098212 0.000545 1
-0.064504 0.136871 -0.201592 3
0.534514 0.029081 -0.063076 1
0.098532 -0.730308 0.188698 0
0.412767 0.071717 -0.055456 1
-0.421677 0.039638 0.123024 2
-0.226035 0.066847 0.076362 2
0.007498 0.207792 0.202594 4
-0.372575 0.049396 0.171151 2
0.170246 0.088091 0.016211 1
-0.073225 0.145829 -0.201242 3
-0.362792 0.066528 0.035331 2
-0.413286 0.049720 0.083167 2
-0.006045 0.023432 -0.005710 0
0.025791 -0.273967 0.104836 0
0.405041 0.072653 -0.080217 1
-0.096535 0.118731 -0.444142 3
-0.307811 0.072316 0.033366 2
0.021581 -0.115505 0.071840 0
0.008262 0.145158 -0.290179 3
0.251075 0.110792 0.025632 1
0.091141 -0.470822 0.168860 0
0.079154 -0.526303 0.158215 0
-0.104963 0.150987 -0.282062 3
-0.029075 0.132294 0.013273 7
-0.070376 0.124264 -0.407454 3
0.122943 -0.858983 0.203883 0
0.420996 0.085560 0.000461 1
-0.161726 0.088510 -0.509665 3
-0.040532 0.145817 -0.274212 3
-0.398043 0.050177 0.089757 2
0.049510 -0.292231 0.114259 0
0.023617 0.194659 0.163306 4
-0.177455 0.088715 -0.501258 3
-0.014747 0.179325 0.271042 4
-0.170428 0.137380 -0.322460 3
0.430124 0.089429 0.041234 1
0.106513 -0.624728 0.187324 0
-0.049839 0.163825 0.309457 4
0.040862 0.135572 -0.322748 3
0.034424 -0.057705 0.027615 0
0.484028 0.060212 -0.030210 1
-0.089341 0.139431 -0.330173 3
0.217944 0.106874 0.041580 1
0.103087 0.007141 0.019551 0
-0.429035 0.032954 0.164563 2
-0.014718 0.196697 0.087542 4
0.320641 0.100387 -0.081355 1
-0.006295 0.104793 0.019508 0
-0.301061 0.065746 0.073464 2
0.187780 0.100678 -0.033081 1
-0.138555 0.138869 -0.339257 3
-0.170095 0.106652 -0.436676 3
0.104277 -0.729953 0.202946 0
0.031928 0.143574 -0.290293 3
-0.275254 0.072542 0.155687 2
0.462065 0.055537 -0.031654 1
0.000622 0.150023 -0.225385 3
0.106828 -0.818755 0.203490 0
0.283482 0.119066 0.065570 1
0.063170 -0.366458 0.137938 0
0.175574 0.089330 -0.012546 1
-0.223768 0.067484 0.040581 2
-0.022485 0.187758 0.262085 4
0.355590 0.095200 -0.023229 1
0.364807 0.096730 0.009003 1
-0.291403 0.071527 0.107007 2
0.008895 0.112026 0.018675 0
0.112387 -0.809671 0.206968 0
0.235329 0.111256 0.041307 1
0.097818 -0.680071 0.180012 0
0.098058 -0.511951 0.158850 0
-0.274748 0.071575 0.049639 2
-0.137405 0.143918 -0.274639 3
0.130765 -0.910156 0.217555 0
0.210262 0.102001 -0.015566 1
-0.427669 0.035082 0.140672 2
0.380871 0.080512 -0.087949 1
0.516697 0.044669 -0.045574 1
-0.218112 0.119412 -0.274281 3
-0.075263 0.140068 0.335855 4
-0.370930 0.060426 0.072314 2
-0.267397 0.072301 0.058484 2
-0.071749 0.129161 -0.054299 6
0.006498 0.165405 0.273910 4
-0.073478 0.143168 -0.330470 3
-0.056130 0.217554 0.195549 4
-0.032278 0.136248 -0.160902 3
-0.051034 0.213285 0.145377 4
0.110137 -0.867712 0.206950 0
-0.283241 0.071183 0.058133 2
-0.097036 0.161432 0.032579 7
0.025104 0.175349 0.057060 5
0.494975 0.058522 0.016948 1
-0.194108 0.088293 0.138795 2
-0.032642 0.194482 0.073829 4
0.020224 0.156045 0.271321 4
0.074057 -0.519617 0.167958 0
0.015743 0.136839 -0.330791 3
0.113627 -0.770764 0.189627 0
-0.065271 0.204481 0.236214 4
-0.032189 0.227015 0.180488 4
0.494138 0.035033 -0.073176 1
0.030080 -0.058830 0.045997 0
-0.024429 0.216058 0.107014 4
-0.056094 0.134560 -0.387673 3
-0.275236 0.072826 0.082170 2
-0.069637 0.213652 0.191725 4
0.502061 0.047881 -0.047260 1
-0.477398 0.024413 0.138542 2
-0.170757 0.139407 -0.241947 3
0.030891 -0.071802 0.035710 0
0.062628 -0.357243 0.116249 0
-0.097241 0.149731 -0.258043 3
0.396960 0.105351 0.058123 1
0.081648 -0.478241 0.164205 0
-0.484687 0.030588 0.098651 2
0.044703 -0.345376 0.097085 0
-0.228814 0.104661 -0.257597 3
-0.161516 0.135293 -0.346521 3
0.000470 0.160434 0.284646 4
0.183712 0.099251 0.032747 1
-0.214378 0.116055 -0.291648 3
-0.337570 0.067436 0.031163 2
0.042661 0.109246 -0.056933 0
0.494310 0.041329 -0.064158 1
-0.095742 0.186249 0.189211 4
0.094230 -0.486596 0.157304 0
0.088787 -0.559373 0.164820 0
-0.015509 0.214172 0.217134 4
-0.242659 0.078003 0.123178 2
0.058621 -0.050772 0.041254 0
-0.325137 0.065028 0.073594 2
0.108721 -0.895632 0.207858 0
-0.266978 0.072883 0.098642 2
0.012695 0.189794 0.110026 4
0.000650 0.140136 -0.209700 3
0.039157 -0.269181 0.108429 0
-0.276113 0.071402 0.033293 2
-0.129419 0.144915 -0.315646 3
0.016560 0.143757 -0.298628 3
-0.064721 0.163723 0.311202 4
0.099018 -0.851148 0.197379 0
0.112800 -0.932210 0.194209 0
-0.215933 0.103871 -0.419481 3
0.524038 0.052250 0.019726 1
0.275282 0.103273 -0.062100 1
0.083587 -0.662617 0.175000 0
-0.155733 0.140162 -0.225289 3
-0.291879 0.072370 0.033608 2
0.210785 0.104740 -0.039490 1
-0.042773 0.142016 0.340019 4
-0.048662 0.195360 0.261378 4
0.062992 -0.383900 0.115782 0
0.007480 0.095052 0.016901 0
-0.146011 0.055708 0.049993 2
-0.081586 0.201782 0.204219 4
-0.152674 0.117113 -0.435335 3
0.507999 0.049276 -0.005341 1
0.116798 -0.963943 0.215922 0
0.477888 0.043103 -0.071192 1
-0.184729 0.100918 -0.474998 3
0.044558 -0.065939 0.035238 0
-0.121195 0.147439 -0.224982 3
-0.055716 0.128441 -0.055377 6
-0.145767 0.159509 -0.030814 6
-0.042339 0.135748 -0.126901 0
-0.031613 0.150714 -0.225548 3
-0.275052 0.074201 0.016817 2
0.251753 0.105405 -0.055150 1
0.144950 0.073520 0.034529 1
-0.000238 0.147366 -0.267199 3
-0.316113 0.070210 0.041485 2
0.243408 0.110143 -0.078349 1
0.573587 0.014353 -0.030243 1
-0.169620 0.113719 -0.420623 3
0.104802 -0.640499 0.193536 0
-0.259001 0.073174 0.074143 2
-0.032598 0.167392 0.299860 4
0.098705 -0.713949 0.188032 0
0.010244 -0.009508 0.039210 0
0.006662 0.215726 0.139634 4
0.016502 -0.073879 0.048788 0
0.118594 -0.820010 0.190728 0
0.062411 -0.405338 0.140348 0
0.033175 -0.138730 0.049791 0
0.010461 0.178500 0.245143 4
-0.195040 0.121695 -0.371850 3
-0.092019 0.151099 -0.034736 6
0.429504 0.065767 -0.047045 1
0.124473 -0.956341 0.203152 0
0.112331 -0.655865 0.194512 0
-0.413716 0.048068 0.105991 2
0.018130 -0.178060 0.078897 0
0.005684 0.135102 0.322393 4
-0.491252 0.011762 0.192968 2
0.219542 0.108860 0.025525 1
-0.090950 0.193444 0.178085 4
-0.314931 0.063797 0.138841 2
0.071503 -0.463250 0.141037 0
0.000502 -0.073634 0.049830 0
0.023036 0.207038 0.186868 4
0.072772 0.128430 -0.330935 3
-0.053982 0.222276 0.179143 4
0.018601 -0.122462 0.064099 0
-0.121940 0.138085 -0.184664 3
0.000502 0.053391 -0.014630 0
-0.055877 0.144942 -0.298811 3
0.065234 0.193919 0.065782 5
-0.010319 -0.067722 0.054556 0
-0.153307 0.077582 0.099575 2
0.072123 -0.040810 0.033418 0
-0.006799 0.121005 0.020030 0
0.073093 0.127545 -0.306934 3
-0.258569 0.072217 0.033361 2
-0.010676 0.148030 -0.203217 3
-0.381326 0.048076 0.146853 2
0.090739 -0.639789 0.180538 0
-0.025764 -0.043491 0.048598 0
-0.162328 0.083899 0.118468 2
0.533566 0.045084 -0.015637 1
-0.356529 0.054863 0.162966 2
-0.097229 0.135831 -0.371458 3
-0.347962 0.064167 0.081624 2
-0.220771 0.075468 0.106580 2
-0.234298 0.079714 0.130498 2
-0.048115 0.111025 -0.063154 6
-0.086106 0.139493 -0.044328 6
0.106931 0.193154 0.103717 5
0.535078 0.038376 -0.005025 1
0.040671 -0.340758 0.127444 0
-0.394041 0.051600 0.122692 2
-0.388905 0.054905 0.106284 2
0.234707 0.103753 -0.016615 1
0.099323 0.021722 0.026135 0
0.235995 0.105136 -0.039471 1
0.364186 0.087702 -0.047269 1
0.066467 -0.513886 0.163321 0
0.134957 0.178053 0.098219 5
-0.057281 0.210483 0.227921 4
0.120960 0.047822 0.025917 1
-0.185834 0.137286 -0.250553 3
0.251298 0.112270 0.041995 1
-0.120982 0.128185 -0.403415 3
0.017070 0.118262 0.001016 0
0.251616 0.108266 -0.071362 1
-0.006999 0.195395 0.245008 4
-0.493692 0.023435 0.139418 2
-0.102120 0.140697 -0.351526 3
0.169551 0.079849 0.009679 1
-0.437467 0.030302 0.170838 2
-0.209999 0.087287 -0.484234 3
0.035799 0.175830 0.062243 5
0.006817 0.193025 0.099516 4
0.380441 0.087730 -0.006977 1
0.111068 -0.608132 0.180998 0
0.259368 0.111254 0.033247 1
-0.056295 0.154700 0.025160 7
0.043028 -0.331857 0.114448 0
0.042336 -0.092914 0.057199 0
-0.033201 0.102914 0.370784 4
-0.137795 0.109315 -0.468453 3
0.259231 0.113771 0.049101 1
-0.149531 0.140316 -0.295516 3
-0.064274 0.177563 0.293443 4
-0.535406 -0.000564 0.162958 2
-0.372865 0.049359 0.186692 2
-0.307743 0.069192 0.098012 2
0.179508 0.093788 0.016876 1
-0.170295 0.105023 -0.452685 3
-0.006210 0.162833 0.056218 4
-0.082113 0.148821 0.338368 4
0.034348 -0.259865 0.083983 0
0.117162 0.043997 0.004753 1
0.032513 -0.049689 0.035669 0
-0.104074 0.138707 -0.314525 3
