-0.616757 0.064656 -0.134165 2
0.913884 -0.177286 0.031353 1
-0.036937 -0.924357 0.379484 0
0.142748 0.062796 0.151078 1
-0.043494 -0.425221 0.227777 0
0.518462 0.030028 -0.115174 1
-0.169711 0.140664 -0.167165 2
-0.799377 -0.190984 -0.247650 2
0.453839 0.142264 0.186805 1
-0.405770 0.232691 -0.004214 2
0.719088 0.028683 0.119601 1
-0.163222 0.141163 0.107882 2
-0.022405 -0.158910 0.168899 0
-0.023608 -0.661978 0.339699 0
-0.402895 0.108323 -0.281351 2
0.278842 0.112832 -0.067696 1
0.742296 -0.073747 -0.106953 1
-0.642630 -0.052086 -0.321143 2
-0.043305 0.030835 0.218369 3
0.559013 0.079258 0.053163 1
-0.765225 -0.021855 -0.184269 2
0.300659 0.121192 0.105465 1
-0.479303 0.167097 -0.143125 2
-0.072941 0.117108 -0.031404 2
0.002620 0.185944 0.182408 3
-0.246652 0.197677 -0.021997 2
0.837543 -0.036746 0.025945 1
-0.064353 -0.010544 0.067812 2
-0.326045 0.143698 -0.150346 2
0.419624 0.115220 0.000971 1
-0.548918 0.059927 -0.271327 2
0.003641 -0.287564 0.240030 0
0.651981 0.026541 -0.044387 1
0.063381 -0.051729 0.121037 1
-0.045699 -0.803097 0.319066 0
0.188848 0.101750 0.032024 1
-0.015537 -0.551189 0.257195 0
0.856822 -0.127607 -0.071177 1
-0.670102 0.027075 -0.237824 2
-0.576479 0.171232 -0.080170 2
-0.744523 -0.084411 -0.278217 2
0.415959 0.078989 -0.111594 1
0.565110 0.112265 0.160052 1
0.733636 -0.030483 -0.003896 1
0.346812 0.143353 0.198819 1
-0.481683 0.160281 -0.033831 2
0.234938 0.112188 0.187190 1
-0.264666 0.139747 -0.234700 2
-0.072446 0.092525 0.074676 2
-0.254168 0.216735 0.078166 2
-0.170776 0.135580 -0.053712 2
0.003156 0.085184 0.146115 3
0.476382 0.130559 0.082720 1
-0.336856 0.200994 -0.069797 2
0.662855 0.066943 0.047980 1
-0.713146 0.060455 -0.154979 2
-0.555482 0.117542 -0.191642 2
0.506520 0.087369 -0.032934 1
0.000488 -0.067942 0.192850 3
-0.334105 0.181699 0.035137 2
0.628982 -0.029005 -0.118672 1
-0.804028 -0.107510 -0.195647 2
-0.243766 0.169817 -0.112619 2
-0.015649 -0.836015 0.401339 0
-0.411192 0.124380 -0.189723 2
0.327471 0.115196 0.011550 1
0.868682 -0.107507 0.077044 1
0.798476 -0.029639 0.108371 1
0.774835 0.035438 0.040979 1
0.642704 0.074771 0.136523 1
0.386320 0.145785 0.111027 1
0.000841 -0.241443 0.152967 0
-0.002744 -0.358732 0.190819 0
-0.570900 -0.005132 -0.322409 2
-0.478993 0.102663 -0.242724 2
-0.181700 0.179038 0.030199 2
-0.413602 0.169925 -0.089341 2
0.793860 -0.089114 -0.024235 1
-0.012431 0.003626 0.132914 3
0.089358 0.024682 0.097815 1
-0.042311 -0.090791 0.125868 0
0.575589 0.050899 -0.058372 1
-0.135746 0.111944 0.026850 2
0.218818 0.103460 0.108592 1
-0.016500 -0.739535 0.359168 0
0.885701 -0.096617 -0.000466 1
-0.122798 0.106732 -0.112881 2
-0.005674 -0.474853 0.276679 0
-0.346271 0.133616 -0.232963 2
0.029258 -0.123034 0.122080 0
0.363360 0.107297 -0.057479 1
0.685319 -0.043758 -0.063595 1
-0.479027 0.052037 -0.302170 2
-0.622937 0.080049 -0.209461 2
-0.046831 -0.615052 0.284307 0
-0.703171 -0.038849 -0.223747 2
-0.634421 0.132022 -0.111342 2
0.262623 0.117354 0.044235 1
0.139794 0.076858 0.081535 1
0.048727 0.030098 0.155811 3
-0.027498 0.125346 0.193658 3
0.604299 0.046661 0.003538 1
-0.065631 -0.862423 0.362889 0
-0.224557 0.139048 0.078134 2
0.598318 0.116997 0.101055 1
-0.748507 -0.150703 -0.290739 2
-0.237237 0.125621 -0.174607 2
0.230970 0.101721 -0.022613 1
0.703218 0.014109 0.035101 1
-0.608319 0.030412 -0.277057 2
-0.514589 0.195737 -0.080697 2
0.286621 0.150175 0.163387 1
-0.681711 -0.104152 -0.308804 2
-0.053479 -0.705248 0.300474 0
-0.105653 0.038247 0.054310 2
0.486176 0.092206 0.028861 1
-0.285361 0.227037 0.021157 2
-0.656088 0.026958 -0.169047 2
-0.534581 0.139880 -0.123993 2
0.000386 -0.375159 0.252851 0
0.508648 0.137615 0.143546 1
0.795944 -0.105691 -0.093222 1
-0.489213 0.114462 -0.180733 2
-0.448899 0.218463 -0.049048 2
0.469447 0.057334 -0.074868 1
0.574893 -0.010978 -0.090790 1
0.386974 0.112322 0.055094 1
0.903081 -0.148112 -0.032680 1
0.771587 -0.026846 0.047306 1
-0.676701 -0.019012 -0.279445 2
-0.391426 0.169695 -0.147157 2
-0.344163 0.234071 0.003346 2
-0.420396 0.172772 -0.006328 2
-0.288508 0.163748 -0.070480 2
-0.191121 0.135614 -0.110886 2
0.794041 -0.029322 -0.014960 1
-0.001870 -0.296079 0.177614 0
0.419828 0.084948 -0.050546 1
-0.721539 0.017820 -0.209398 2
0.006200 0.008564 0.191044 3
-0.275727 0.164427 0.061535 2
0.028321 0.130047 0.175342 3
-0.778553 -0.122823 -0.246127 2
-0.310878 0.187800 -0.019164 2
-0.755565 -0.069669 -0.215999 2
-0.666298 0.094644 -0.156706 2
-0.061788 0.040539 0.098015 0
0.394798 0.156488 0.167237 1
-0.114286 0.135908 0.074776 2
-0.670992 0.052360 -0.116455 2
0.442588 0.129831 0.129215 1
0.754015 -0.035699 -0.057371 1
0.004807 -0.051074 0.131639 0
-0.005840 -0.584136 0.309860 0
-0.134229 0.154056 -0.011849 2
0.540776 0.126444 0.097781 1
-0.601815 0.120230 -0.158685 2
0.103387 0.014589 0.155747 1
0.707481 0.004973 -0.044705 1
-0.035592 -0.508555 0.225607 0
-0.089423 0.073393 0.013231 2
-0.393519 0.212349 -0.057734 2
-0.568068 0.068260 -0.218972 2
-0.204186 0.193107 0.087765 2
-0.226293 0.150648 -0.044318 2
0.561270 0.079929 -0.013104 1
0.718467 0.057996 0.065530 1
0.342390 0.136841 0.143880 1
-0.047695 -0.036408 0.118826 0
0.616559 0.068010 0.077808 1
-0.589478 0.115156 -0.084515 2
-0.356215 0.162448 -0.105979 2
0.828064 -0.060508 0.074601 1
-0.723749 0.007444 -0.149048 2
-0.691869 -0.071483 -0.266781 2
-0.522960 0.018444 -0.313707 2
-0.535144 0.143763 -0.058929 2
-0.015751 -0.794748 0.363136 0
0.831428 -0.089989 0.020211 1
-0.153895 0.098227 0.075661 2
-0.112782 0.137198 -0.069865 2
-0.289723 0.153135 -0.188681 2
0.440002 0.103926 0.052611 1
-0.469979 0.168476 -0.090198 2
0.844053 -0.083764 -0.040145 1
0.739683 0.009979 0.075245 1
-0.024711 0.050223 0.173324 3
-0.000166 -0.244268 0.211078 0
-0.235990 0.208098 0.030287 2
-0.622656 -0.005580 -0.311621 2
0.685425 -0.048130 -0.114909 1
0.624508 -0.008729 -0.071591 1
0.674397 0.039386 -0.000124 1
-0.017118 -0.873886 0.351156 0
0.006948 -0.192208 0.141565 0
0.190968 0.099173 0.165498 1
-0.304637 0.179686 -0.115841 2
0.284580 0.109036 -0.017456 1
-0.429288 0.100979 -0.233418 2
-0.081448 0.124464 0.017914 2
0.330976 0.129443 0.065867 1
0.039211 -0.027600 0.160210 3
-0.368980 0.152035 -0.189661 2
0.670275 0.055069 0.099228 1
0.000498 -0.105056 0.159069 0
0.758063 -0.095234 -0.062148 1
-0.186412 0.141639 -0.002469 2
-0.651907 -0.018465 -0.228920 2
-0.056920 -0.745388 0.329745 0
-0.027767 -0.026030 0.180088 3
-0.005934 -0.457745 0.226654 0
-0.437248 0.141302 -0.147772 2
0.518383 0.040429 -0.066887 1
0.454128 0.082864 -0.015247 1
-0.518905 0.075544 -0.234693 2
-0.150946 0.167222 0.066642 2
-0.362994 0.196240 -0.023349 2
-0.002998 -0.414552 0.203420 0
0.251018 0.121576 0.139825 1
0.820074 -0.126159 -0.040338 1
-0.682626 0.054591 -0.197901 2
0.891838 -0.130423 0.032819 1
-0.009262 -0.201062 0.186901 0
0.172720 0.097867 0.118481 1
-0.735328 -0.041402 -0.258545 2
-0.203462 0.171250 -0.080117 2
-0.445974 0.091331 -0.289338 2
0.373636 0.106051 0.000623 1
-0.060259 -0.815963 0.361615 0
0.130787 0.031654 0.118215 1
0.510666 0.098791 0.075387 1
-0.202897 0.183523 -0.014680 2
-0.580001 0.149798 -0.125748 2
-0.810038 -0.146653 -0.221764 2
0.461486 0.060379 -0.120450 1
0.374493 0.096682 -0.101814 1
-0.034245 -0.518283 0.283399 0
-0.147901 0.149107 -0.102683 2
-0.045540 -0.659126 0.297450 0
0.320303 0.117722 -0.045060 1
-0.372500 0.206408 0.029903 2
0.038985 -0.083798 0.145962 0
-0.789918 -0.066075 -0.182006 2
-0.007624 -0.429415 0.262651 0
0.860019 -0.139062 -0.020119 1
-0.016843 -0.325382 0.218572 0
0.598170 0.084208 0.030296 1
0.220863 0.112147 0.062727 1
-0.116558 0.111159 -0.019702 2
0.528930 0.076711 0.019067 1
-0.392330 0.130256 -0.230607 2
-0.455279 0.133700 -0.203968 2
0.795877 -0.057830 0.024770 1
0.764442 0.003327 0.010851 1
-0.245866 0.183461 -0.069584 2
-0.002772 -0.702150 0.337929 0
0.093138 -0.013915 0.122297 1
0.029611 0.057636 0.185630 3
-0.301354 0.116585 -0.246005 2
-0.687926 -0.052672 -0.307268 2
-0.624680 0.035166 -0.236015 2
0.331945 0.105707 -0.088807 1
0.889515 -0.108583 -0.047567 1
-0.684347 -0.007125 -0.199445 2
-0.367869 0.101779 -0.255300 2
-0.267777 0.137011 -0.144907 2
-0.063516 0.042336 0.042114 2
-0.523976 0.143091 -0.166632 2
0.297556 0.132027 0.201885 1
0.654179 0.094797 0.089662 1
-0.202371 0.143314 -0.196250 2
0.607161 0.094948 0.152152 1
0.758016 -0.061811 -0.022101 1
-0.492768 0.207063 -0.044607 2
0.861192 -0.060748 -0.004451 1
-0.004072 -0.152950 0.126633 0
-0.218274 0.155222 -0.144353 2
0.764625 -0.003716 0.115565 1
-0.745730 -0.016438 -0.222383 2
-0.635664 0.090042 -0.101779 2
-0.110674 0.087835 0.055445 2
0.802090 0.004294 0.052809 1
0.797480 -0.057309 -0.052881 1
0.664982 -0.008006 -0.085826 1
-0.443603 0.181215 -0.121414 2
-0.646398 -0.047700 -0.270532 2
0.718017 -0.037148 -0.090008 1
0.602308 0.026340 -0.036424 1
-0.568685 0.029868 -0.298615 2
-0.016716 -0.624594 0.321032 0
0.418644 0.117086 0.086676 1
-0.281516 0.199128 -0.048428 2
-0.158789 0.111420 -0.134520 2
0.695715 -0.003412 -0.002482 1
0.020757 -0.139399 0.172271 0
-0.237906 0.169118 0.007424 2
-0.046762 -0.706893 0.342792 0
-0.046209 -0.573655 0.278514 0
-0.018577 -0.771701 0.323967 0
-0.592836 0.085497 -0.179861 2
-0.226292 0.171212 0.051736 2
0.262958 0.126338 0.088795 1
-0.702352 -0.005604 -0.249661 2
-0.024216 -0.382146 0.218201 0
-0.104027 0.099762 0.100391 2
0.186398 0.093327 0.079718 1
-0.014970 0.081908 0.198040 3
0.537995 0.007010 -0.086725 1
0.229994 0.115481 0.019096 1
-0.722973 -0.117708 -0.289257 2
-0.047491 -0.907109 0.343770 0
-0.025013 -0.262400 0.179766 0
-0.171935 0.141254 0.043080 2
-0.334688 0.129932 -0.190887 2
-0.290330 0.211874 0.059893 2
-0.492852 0.065268 -0.266255 2
-0.279471 0.187000 0.006674 2
-0.043665 -0.056997 0.083984 0
-0.784522 -0.166860 -0.276813 2
-0.024198 -0.834057 0.352184 0
0.099313 0.063193 0.104543 1
0.683186 0.036432 0.064746 1
-0.642186 0.067623 -0.174394 2
0.622526 0.053526 0.040722 1
-0.643582 0.000239 -0.267116 2
-0.381199 0.196091 -0.092407 2
-0.585892 0.059390 -0.255577 2
-0.788498 -0.084556 -0.233527 2
0.342299 0.143482 0.104293 1
-0.511866 0.175050 -0.114876 2
-0.321768 0.225971 0.039541 2
-0.036588 -0.005035 0.096709 0
-0.725517 -0.019872 -0.187595 2
0.535610 0.055735 -0.031726 1
0.719033 -0.064394 -0.059229 1
-0.003096 0.150750 0.162884 3
0.673704 -0.014181 -0.036916 1
-0.115869 0.097999 -0.073684 2
0.601408 0.021833 -0.081141 1
-0.559204 0.118409 -0.145968 2
-0.031272 -0.125822 0.139929 0
0.529454 0.109687 0.040320 1
-0.452206 0.187269 -0.023698 2
-0.525588 0.094040 -0.200369 2
-0.768310 -0.114472 -0.285446 2
-0.053679 -0.490278 0.254851 0
0.564666 0.035618 -0.092167 1
0.866553 -0.082697 0.034328 1
-0.006512 0.152615 0.211002 3
-0.185732 0.118790 0.081091 2
0.028442 -0.000376 0.135686 3
0.010777 0.026266 0.156593 3
-0.035898 -0.454654 0.264581 0
-0.518021 0.053585 -0.292409 2
0.299480 0.122663 0.036008 1
0.738757 -0.009888 0.035310 1
0.560961 0.094465 0.097140 1
-0.103562 0.063056 0.082912 2
0.030602 0.040366 0.124440 3
-0.712914 -0.084002 -0.302909 2
0.486874 0.119910 0.118523 1
0.472229 0.146172 0.154275 1
-0.201182 0.116977 -0.168815 2
-0.425463 0.184999 -0.057106 2
-0.024434 -0.001334 0.222221 3
0.430088 0.157095 0.151588 1
0.739128 0.028120 0.032525 1
-0.369889 0.180053 -0.060621 2
-0.135063 0.149091 0.030376 2
-0.292731 0.163661 -0.152550 2
-0.666092 0.110733 -0.123118 2
0.819361 -0.087243 -0.070993 1
-0.058595 -0.781733 0.347249 0
-0.691275 0.025420 -0.147323 2
-0.032421 -0.399408 0.252032 0
-0.086256 0.015597 0.082191 2
0.211061 0.118866 0.141279 1
-0.722787 -0.072680 -0.243476 2
0.685446 0.080950 0.075764 1
0.075589 -0.009675 0.155094 1
0.595019 0.096892 0.064782 1
0.595279 -0.009260 -0.121346 1
-0.336716 0.176201 -0.133939 2
0.640332 0.026208 -0.003976 1
-0.014076 0.115882 0.159341 3
-0.269095 0.124752 -0.199457 2
0.728877 0.007851 -0.013412 1
0.683153 0.051011 0.133258 1
-0.745262 0.016956 -0.181536 2
-0.025621 -0.728056 0.321733 0
0.531571 0.121883 0.170921 1
0.552652 0.010151 -0.120044 1
0.308059 0.147909 0.129256 1
-0.638814 0.006412 -0.205666 2
0.465724 0.086707 -0.049591 1
0.538461 0.112619 0.131329 1
0.363732 0.120922 0.085500 1
0.853280 -0.116171 0.007660 1
0.904566 -0.173138 -0.003519 1
0.705495 -0.030920 -0.031571 1
0.826177 -0.053158 -0.010148 1
-0.547388 0.170918 -0.109014 2
-0.181693 0.169838 -0.049211 2
0.561866 0.094244 0.020399 1
-0.323950 0.164202 -0.089559 2
-0.137405 0.121739 -0.048503 2
0.321149 0.143751 0.172192 1
-0.470017 0.147721 -0.174382 2
0.799111 -0.033700 0.072703 1
-0.447587 0.197324 -0.089603 2
-0.602802 0.119060 -0.122150 2
0.806184 -0.014194 0.015158 1
-0.019333 -0.876713 0.386718 0
-0.016109 -0.547444 0.293286 0
0.618536 0.083109 0.110098 1
0.643846 -0.038166 -0.087630 1
-0.225566 0.139774 -0.103195 2
0.431578 0.066568 -0.082206 1
-0.008368 -0.078773 0.113875 0
0.495582 0.132414 0.177064 1
0.461763 0.110753 0.011216 1
-0.546521 0.186693 -0.068509 2
-0.012509 -0.502173 0.255339 0
0.506563 0.098867 0.000796 1
-0.027214 0.015361 0.178400 3
0.763706 -0.059211 -0.081856 1
-0.750564 -0.099790 -0.247131 2
-0.302663 0.123076 -0.211433 2
0.569900 0.046220 -0.024023 1
-0.610147 0.150777 -0.094266 2
-0.023137 -0.691354 0.311482 0
-0.501542 0.113483 -0.218272 2
-0.043879 0.029895 0.069945 0
0.762039 -0.041666 0.013133 1
0.004759 -0.025881 0.165628 3
-0.358901 0.165248 -0.158811 2
0.009142 -0.333008 0.240438 0
-0.708050 -0.043762 -0.280232 2
0.641413 0.057574 0.010998 1
0.395027 0.098604 -0.070732 1
-0.281187 0.154031 -0.103028 2
-0.290337 0.215972 -0.011329 2
-0.501309 0.140845 -0.133359 2
-0.704328 0.035334 -0.179151 2
0.573849 0.061869 0.019748 1
-0.658902 -0.070330 -0.293337 2
-0.010671 -0.072473 0.157620 0
-0.090552 0.115665 0.052460 2
-0.018936 -0.594459 0.275444 0
0.353138 0.113292 0.045049 1
-0.027072 0.164382 0.183484 3
0.275578 0.138669 0.121272 1
0.016011 -0.558263 0.268949 0
-0.401497 0.196945 -0.021877 2
0.697921 0.048043 0.033653 1
-0.633707 0.104354 -0.161448 2
-0.678692 0.062753 -0.159500 2
0.903351 -0.126040 -0.000755 1
0.665197 0.031154 0.031731 1
-0.301852 0.197466 0.030239 2
0.493334 0.056375 -0.099203 1
-0.672456 -0.039952 -0.245473 2
-0.334108 0.219364 -0.025556 2
0.551344 0.111236 0.069235 1
-0.015074 0.050371 0.210576 3
-0.568378 0.140307 -0.068791 2
-0.647879 0.041755 -0.212144 2
0.619153 0.054104 -0.026820 1
-0.500862 0.173560 -0.059107 2
0.253832 0.115823 -0.045105 1
0.575845 0.117017 0.126258 1
-0.070592 0.099662 -0.002631 2
0.361646 0.161333 0.163689 1
0.419904 0.145426 0.108366 1
-0.269268 0.169815 -0.037237 2
0.265609 0.124622 0.194286 1
-0.043960 -0.860271 0.336149 0
-0.593216 0.004409 -0.292084 2
0.002955 -0.277383 0.206648 0
-0.458915 0.182743 -0.057649 2
0.263565 0.116735 0.007481 1
0.699023 -0.014436 -0.072175 1
0.144642 0.079694 0.116906 1
-0.399826 0.139324 -0.158343 2
-0.391304 0.181491 0.007618 2
-0.415110 0.157387 -0.120276 2
0.007129 -0.171733 0.177601 0
-0.435147 0.152138 -0.179203 2
-0.459936 0.080608 -0.258790 2
-0.208970 0.159283 0.020575 2
0.394055 0.121284 0.021967 1
0.408381 0.146432 0.195847 1
-0.157568 0.130783 -0.014607 2
-0.148048 0.153854 -0.069221 2
-0.336669 0.202246 0.008019 2
0.352906 0.115344 -0.023275 1
0.387518 0.106979 -0.035060 1
-0.025930 0.082673 0.166974 3
0.287254 0.122820 0.066842 1
0.685612 0.021610 -0.025427 1
-0.303590 0.191404 -0.079950 2
-0.107815 0.100563 0.010994 2
-0.769250 -0.040041 -0.211973 2
-0.261002 0.185328 0.040903 2
0.472043 0.118475 0.042560 1
-0.549050 0.081502 -0.246185 2
0.417318 0.127431 0.055161 1
0.777400 -0.012277 0.084665 1
-0.188701 0.161611 0.106698 2
0.750165 -0.013041 -0.026688 1
-0.762339 -0.067083 -0.247810 2
0.449588 0.116850 0.096950 1
0.205841 0.097236 -0.002341 1
-0.372770 0.121929 -0.205957 2
-0.046103 -0.892343 0.376827 0
-0.247004 0.152929 -0.080730 2
-0.180642 0.180392 0.065716 2
0.850674 -0.082940 0.088332 1
-0.654951 -0.026081 -0.306156 2
-0.192864 0.148238 0.066829 2
0.164670 0.090948 0.055799 1
-0.460122 0.152003 -0.121916 2
-0.104214 0.137502 -0.000974 2
-0.170824 0.169943 -0.003294 2
-0.246253 0.156996 -0.160435 2
-0.056505 0.071861 0.052846 2
-0.031214 -0.477665 0.235561 0
-0.015917 -0.027620 0.124154 3
-0.379921 0.223599 -0.022876 2
0.017312 0.177038 0.209586 3
-0.174322 0.147316 -0.135678 2
-0.115803 0.141780 -0.035655 2
-0.471234 0.103165 -0.211617 2
0.549218 0.032906 -0.061351 1
-0.605148 0.059326 -0.228249 2
0.708407 0.031557 0.083854 1
-0.347517 0.124587 -0.264744 2
-0.415415 0.223687 -0.033360 2
-0.017336 -0.322622 0.186495 0
0.085268 0.018795 0.128974 1
-0.323909 0.180816 -0.047495 2
-0.694850 0.081107 -0.138920 2
0.064966 -0.047698 0.152660 1
-0.258672 0.213054 0.008399 2
0.406931 0.137045 0.142688 1
0.466101 0.143305 0.110086 1
-0.067210 -0.012663 0.101167 0
-0.799535 -0.151392 -0.253343 2
-0.023394 -0.226469 0.167205 0
-0.523270 0.163297 -0.081072 2
-0.037029 -0.852020 0.377247 0
0.013670 -0.222571 0.182108 0
0.507112 0.069998 -0.063819 1
-0.223428 0.202610 0.064344 2
-0.143440 0.119695 -0.091644 2
-0.067569 0.076815 0.101792 0
-0.399961 0.186374 -0.116016 2
-0.302483 0.169575 0.045391 2
0.830893 -0.107416 -0.012931 1
-0.483559 0.200508 -0.076906 2
-0.601594 -0.025302 -0.324483 2
-0.001136 -0.036633 0.196008 3
0.028750 0.160244 0.184304 3
-0.198912 0.141792 -0.066405 2
-0.524169 0.124568 -0.192849 2
-0.649918 0.049898 -0.139548 2
-0.036065 -0.192282 0.173331 0
0.601473 -0.027292 -0.088841 1
0.773682 0.012594 0.066193 1
0.729220 -0.086132 -0.079159 1
-0.588258 0.092128 -0.210003 2
0.883365 -0.150027 -0.002585 1
-0.732732 -0.048485 -0.215744 2
-0.213766 0.193485 0.012712 2
-0.693972 0.006282 -0.171558 2
-0.247347 0.161411 0.073582 2
0.395063 0.134601 0.077016 1
0.709290 0.027638 0.008000 1
-0.564470 0.145124 -0.099051 2
-0.323837 0.156929 -0.180661 2
0.652125 -0.017604 -0.059598 1
-0.478561 0.080350 -0.290279 2
0.885321 -0.136968 -0.058516 1
0.641506 0.067157 0.097460 1
0.025332 -0.156300 0.147084 0
-0.027524 -0.063948 0.132546 0
0.628303 0.007258 -0.045128 1
0.641002 0.081533 0.063404 1
-0.094042 0.087873 -0.018001 2
0.024009 0.099945 0.175057 3
0.729310 -0.018028 -0.058608 1
-0.346434 0.190378 -0.099050 2
-0.224278 0.180958 -0.044666 2
-0.374047 0.228066 0.008664 2
-0.238965 0.136526 -0.132317 2
-0.423068 0.168150 -0.147748 2
-0.733902 0.038901 -0.159918 2
-0.003160 -0.403065 0.241549 0
-0.415175 0.081288 -0.287301 2
0.107142 0.044047 0.132417 1
-0.017864 -0.659202 0.310149 0
0.075154 -0.026148 0.101312 1
-0.356564 0.210758 -0.049071 2
0.795304 -0.118978 -0.056089 1
-0.043937 -0.637662 0.320622 0
-0.258364 0.222501 0.044559 2
0.764372 -0.094320 -0.106421 1
-0.034459 -0.349212 0.212930 0
0.012706 -0.005780 0.110558 0
-0.636286 0.097037 -0.132348 2
-0.559373 0.098700 -0.215273 2
0.008760 -0.129242 0.143199 0
-0.268663 0.183084 -0.089190 2
-0.051188 -0.682577 0.320077 0
-0.256184 0.150588 -0.188068 2
-0.800816 -0.114742 -0.224623 2
0.821039 -0.049145 0.104833 1
-0.084684 0.069638 0.042697 2
0.848954 -0.060452 0.044119 1
-0.411628 0.114905 -0.253278 2
0.483313 0.068381 -0.033288 1
-0.691671 0.008685 -0.225707 2
-0.413380 0.200884 -0.079257 2
-0.235353 0.191337 0.089180 2
0.673037 0.006898 -0.057923 1
-0.270808 0.171478 -0.124944 2
-0.425147 0.128019 -0.221698 2
0.251026 0.136175 0.165703 1
-0.025763 -0.634829 0.291213 0
-0.018423 -0.916546 0.357626 0
-0.538814 0.112790 -0.166787 2
-0.147010 0.120714 0.052830 2
-0.451378 0.061493 -0.297304 2
0.376603 0.154550 0.137603 1
-0.312900 0.225129 0.010442 2
-0.322945 0.153232 -0.121361 2
0.436268 0.100209 0.021858 1
0.875712 -0.110886 0.048043 1
0.420512 0.090885 -0.021633 1
0.817286 -0.019133 0.043286 1
0.006712 -0.251220 0.182081 0
-0.203057 0.193292 0.044607 2
0.005118 -0.380929 0.220310 0
-0.490137 0.156444 -0.107843 2
-0.218346 0.167105 0.084184 2
0.003474 -0.430672 0.234066 0
-0.169360 0.131519 -0.084592 2
-0.160730 0.128189 0.019347 2
-0.232736 0.123431 -0.203463 2
0.008211 0.062508 0.166264 3
-0.655664 0.067856 -0.201461 2
0.620715 -0.003667 -0.106678 1
-0.048054 -0.827714 0.336551 0
0.527507 0.142173 0.121720 1
-0.659690 0.082269 -0.123029 2
-0.290898 0.136002 -0.165125 2
-0.020730 -0.295949 0.199787 0
-0.179176 0.160187 -0.091714 2
-0.646791 0.027240 -0.256819 2
0.534904 0.085037 -0.027089 1
-0.204582 0.147663 -0.024341 2
-0.020331 -0.226007 0.196856 0
0.008250 -0.313452 0.198523 0
0.165866 0.080266 0.150189 1
-0.379896 0.156450 -0.121529 2
0.166671 0.079737 0.096747 1
-0.041875 -0.542544 0.265456 0
-0.034366 -0.573141 0.304885 0
-0.211863 0.163876 -0.111250 2
-0.712164 -0.091326 -0.271892 2
0.307276 0.109983 -0.071559 1
-0.421255 0.204839 -0.002493 2
0.872689 -0.095441 -0.026059 1
0.465258 0.106164 0.072417 1
0.000732 0.036475 0.187141 3
-0.580689 0.029183 -0.269606 2
-0.489010 0.130598 -0.157095 2
-0.068848 -0.891725 0.359494 0
-0.003573 -0.350899 0.218281 0
-0.751876 -0.017208 -0.159449 2
-0.578965 0.101702 -0.160909 2
-0.021270 -0.109553 0.176927 0
0.806393 -0.081434 0.000195 1
0.118607 0.006393 0.133144 1
-0.326633 0.106908 -0.254680 2
-0.279919 0.112952 -0.225128 2
-0.524348 0.073116 -0.266222 2
-0.629200 0.044319 -0.158060 2
0.121156 0.036551 0.092025 1
0.594581 0.096377 0.121335 1
0.502508 0.133651 0.099359 1
-0.344680 0.173978 -0.072509 2
-0.123919 0.119794 0.099232 2
0.475077 0.101618 -0.012483 1
0.784551 0.004732 0.030645 1
-0.793947 -0.081504 -0.205989 2
0.540255 0.063705 -0.058379 1
0.729834 -0.052560 -0.036051 1
0.142659 0.051673 0.102090 1
-0.460346 0.121337 -0.179234 2
-0.019238 -0.095329 0.141216 0
-0.433629 0.101362 -0.266234 2
0.066281 -0.007965 0.127630 1
0.770791 -0.031150 -0.032313 1
-0.192227 0.126289 -0.140257 2
0.584405 0.017239 -0.102854 1
-0.770697 -0.047706 -0.173407 2
0.718107 -0.060314 -0.110843 1
0.643612 0.011486 -0.068114 1
0.240694 0.109724 0.092393 1
0.674698 0.012799 0.008425 1
-0.778332 -0.096414 -0.256679 2
-0.160009 0.162623 -0.033169 2
-0.356595 0.150004 -0.135480 2
-0.399940 0.154220 -0.181939 2
0.363858 0.130688 0.117787 1
-0.156013 0.164343 0.019655 2
0.571915 0.019002 -0.069559 1
0.629468 0.106938 0.093778 1
0.664922 -0.030064 -0.109597 1
-0.112658 0.108210 -0.047996 2
0.804299 -0.050151 0.050153 1
-0.009070 -0.214377 0.146356 0
0.595773 0.080180 0.091525 1
0.600233 0.065337 0.052156 1
-0.358292 0.183868 0.021844 2
0.512637 0.087714 0.040433 1
0.573430 0.118019 0.089086 1
0.786939 -0.073576 -0.077674 1
0.235270 0.123964 0.116969 1
-0.149501 0.140582 -0.145658 2
0.486346 0.098764 0.056250 1
0.030757 0.005577 0.162473 3
0.821035 -0.068623 -0.044195 1
0.372891 0.149288 0.185749 1
0.901630 -0.153433 0.021307 1
-0.635199 -0.015003 -0.288452 2
0.012430 0.172283 0.155602 3
0.007540 -0.085329 0.141223 0
-0.133059 0.072670 0.060494 2
-0.664875 -0.069269 -0.320163 2
0.597390 0.073128 0.000780 1
-0.041889 0.003986 0.201674 3
-0.715607 -0.007711 -0.225693 2
-0.024805 -0.048657 0.108924 0
-0.769585 -0.141256 -0.275979 2
-0.080087 0.052006 0.063164 2
-0.013897 -0.171726 0.146232 0
-0.692085 0.025507 -0.201591 2
0.014306 -0.056027 0.172429 3
-0.295151 0.149411 -0.126090 2
-0.356265 0.139032 -0.166130 2
0.318415 0.136299 0.089161 1
-0.022524 -0.606543 0.301348 0
0.738363 0.039400 0.067461 1
0.584681 0.069155 -0.023261 1
-0.446180 0.223457 -0.022382 2
-0.496811 0.032519 -0.308872 2
-0.479984 0.183008 -0.110926 2
0.042111 -0.040819 0.133926 0
0.047958 -0.079558 0.120687 0
-0.670250 0.004179 -0.263894 2
-0.113905 0.136495 0.041799 2
-0.256268 0.145799 -0.111151 2
0.844607 -0.086944 0.049675 1
-0.035644 -0.492104 0.276502 0
0.897584 -0.148333 0.052331 1
-0.133128 0.129095 -0.124053 2
0.695431 0.058486 0.087021 1
0.538919 0.039864 -0.099214 1
-0.543738 0.032246 -0.288492 2
-0.621521 0.096461 -0.184235 2
0.827565 -0.111487 -0.079547 1
0.830960 -0.039417 0.054650 1
-0.380001 0.169343 -0.089163 2
-0.625037 0.125085 -0.136082 2
0.617090 0.029867 -0.060795 1
-0.008476 -0.473258 0.249264 0
-0.481626 0.128297 -0.204091 2
-0.535640 0.042159 -0.314049 2
0.495836 0.075040 -0.010451 1
0.689527 -0.024974 -0.095001 1
0.361038 0.123594 0.021541 1
-0.012665 -0.047716 0.167797 3
-0.087723 0.117442 -0.053759 2
0.739961 0.018336 0.106350 1
0.758787 -0.009638 0.064789 1
-0.558070 0.144904 -0.142492 2
-0.035881 -0.757101 0.353606 0
0.193184 0.098523 0.138858 1
-0.535831 0.097257 -0.229115 2
0.497627 0.120892 0.066108 1
0.855369 -0.103912 -0.058943 1
-0.045962 -0.737910 0.306614 0
0.754032 -0.075322 -0.044742 1
0.650927 0.009325 -0.024059 1
0.521126 0.122960 0.079426 1
-0.313267 0.205196 -0.048800 2
0.306088 0.118754 -0.003897 1
-0.047544 -0.026382 0.085285 0
-0.444519 0.109839 -0.208443 2
0.427681 0.148108 0.176455 1
0.653385 0.048423 0.064442 1
0.696136 0.046261 0.110529 1
-0.368137 0.112917 -0.231259 2
0.443061 0.074013 -0.056989 1
-0.057853 0.007483 0.086059 0
-0.744734 -0.117978 -0.274008 2
-0.247031 0.166356 -0.023374 2
-0.553591 0.011892 -0.310766 2
-0.620043 0.011700 -0.291582 2
-0.371963 0.117506 -0.276142 2
-0.614460 0.105643 -0.100122 2
-0.567931 0.126879 -0.169358 2
-0.749644 -0.040689 -0.234356 2
-0.121904 0.132256 -0.100515 2
0.775729 -0.059341 -0.000593 1
-0.294160 0.138870 -0.234225 2
0.819336 -0.070118 0.032285 1
-0.141645 0.138014 0.092861 2
-0.569183 0.089911 -0.190170 2
-0.135117 0.119638 -0.003357 2
-0.207628 0.145327 -0.166083 2
-0.034146 0.037959 0.194958 3
0.008320 -0.084830 0.173626 0
-0.556845 0.056927 -0.242029 2
-0.370408 0.185571 -0.113730 2
-0.681963 -0.082650 -0.288174 2
0.448758 0.126892 0.061339 1
0.574069 0.080690 0.074366 1
-0.399613 0.188404 -0.049512 2
0.274977 0.130326 0.151204 1
-0.068494 0.104906 0.043772 2
0.338439 0.100765 -0.053812 1
0.214087 0.096352 0.026725 1
0.715001 -0.005609 0.014822 1
-0.500718 0.153676 -0.159639 2
0.419401 0.118226 0.030023 1
-0.164808 0.165037 0.088481 2
0.874826 -0.130131 0.011735 1
-0.810719 -0.170278 -0.232490 2
0.517463 0.051836 -0.090793 1
-0.020397 -0.901591 0.379577 0
-0.027972 -0.522835 0.253193 0
-0.003019 0.005536 0.163591 3
-0.662788 0.053237 -0.181351 2
0.779030 -0.096314 -0.047107 1
0.616533 0.085035 0.055978 1
-0.522202 0.197855 -0.056142 2
-0.337507 0.192391 -0.022763 2
-0.444894 0.171723 -0.085280 2
-0.710689 0.038204 -0.136210 2
-0.378109 0.201185 -0.003127 2
-0.030987 -0.443123 0.241315 0
0.294661 0.118620 -0.044383 1
-0.178469 0.111064 -0.158428 2
0.398034 0.099183 -0.003352 1
-0.008901 -0.014512 0.099841 0
0.737837 0.014160 0.011076 1
-0.223693 0.160920 -0.013643 2
0.365278 0.131889 0.062445 1
0.009502 -0.026018 0.129716 0
0.452155 0.072265 -0.096229 1
-0.669894 -0.057518 -0.268593 2
0.664234 0.056011 0.024961 1
-0.024289 -0.716993 0.350088 0
-0.622840 0.018471 -0.257601 2
0.330359 0.124542 0.040835 1
-0.038838 -0.816011 0.375464 0
-0.526222 0.127423 -0.146653 2
0.195105 0.093110 0.055775 1
-0.752282 -0.043494 -0.193287 2
0.529722 0.100514 0.092205 1
-0.015208 -0.006355 0.190260 3
-0.601009 0.070635 -0.200626 2
0.065136 -0.070905 0.137667 1
-0.023644 -0.364970 0.236917 0
-0.712624 -0.031639 -0.252707 2
0.542192 0.091505 -0.000984 1
-0.492265 0.086327 -0.228519 2
-0.227341 0.147811 -0.195657 2
0.321412 0.128879 0.119102 1
-0.513781 0.118040 -0.170652 2
-0.023482 -0.411714 0.220079 0
-0.281970 0.143028 -0.211390 2
0.723723 0.011127 0.055617 1
-0.305739 0.130537 -0.187432 2
-0.342556 0.145413 -0.209280 2
0.452423 0.153213 0.140221 1
-0.129547 0.103824 0.060629 2
0.028205 -0.114950 0.150672 0
0.507024 0.056465 -0.042509 1
-0.162027 0.123637 -0.112698 2
-0.779351 -0.063136 -0.221064 2
0.661673 0.067525 0.121684 1
-0.248241 0.155905 -0.055308 2
-0.324645 0.118675 -0.222725 2
-0.012547 -0.505680 0.283969 0
-0.015463 -0.827905 0.374889 0
0.310292 0.115766 0.077255 1
0.551508 0.073002 0.030059 1
-0.015199 -0.570795 0.282872 0
-0.449779 0.115405 -0.234330 2
-0.425778 0.192121 -0.100829 2
-0.455743 0.160084 -0.157931 2
-0.270613 0.157612 -0.166168 2
-0.426099 0.213604 -0.058163 2
-0.610174 0.099446 -0.147545 2
0.484928 0.144105 0.126539 1
-0.270043 0.206000 -0.024906 2
0.851200 -0.064398 0.018167 1
0.894522 -0.116173 -0.021943 1
-0.476883 0.186508 -0.027343 2
-0.734640 -0.061763 -0.274745 2
-0.470842 0.213913 -0.034873 2
-0.016559 -0.822424 0.331491 0
-0.524971 0.161040 -0.132979 2
-0.037966 0.016720 0.108752 0
-0.403684 0.109133 -0.223905 2
0.020125 -0.044543 0.151125 0
-0.069235 0.032670 0.074446 2
-0.094179 0.040239 0.080144 2
0.494306 0.110404 0.096438 1
-0.023363 0.136925 0.168633 3
0.677205 -0.060519 -0.079967 1
0.092714 -0.000128 0.101727 1
0.084401 -0.039283 0.125086 1
-0.013816 -0.141879 0.146976 0
0.820930 -0.033464 0.003876 1
0.195895 0.094187 0.107849 1
-0.226383 0.175245 -0.088475 2
0.007030 -0.205781 0.163030 0
-0.612260 0.050820 -0.250561 2
0.014330 -0.170464 0.130083 0
-0.504898 0.154094 -0.044439 2
-0.625121 0.051269 -0.213348 2
0.320711 0.139553 0.197938 1
-0.267834 0.177059 -0.012617 2
-0.677175 -0.019044 -0.219764 2
0.472625 0.088415 0.008147 1
-0.384258 0.129517 -0.185558 2
0.462471 0.097281 0.034511 1
0.594210 0.016937 -0.058135 1
-0.733869 -0.097432 -0.297927 2
0.254336 0.103037 -0.015052 1
-0.101485 0.116577 -0.080946 2
0.511084 0.116747 0.121459 1
0.495102 0.046908 -0.071426 1
-0.740785 -0.004827 -0.199615 2
-0.002828 0.147219 0.187165 3
0.120251 0.059966 0.084801 1
0.439724 0.107869 -0.010970 1
-0.225308 0.148305 -0.070320 2
0.616313 0.071697 0.016274 1
-0.423241 0.131591 -0.169672 2
-0.724736 -0.138887 -0.301384 2
-0.635521 0.069327 -0.119183 2
0.641850 0.067452 0.035162 1
-0.003768 0.058715 0.145283 3
-0.042637 -0.771030 0.319653 0
-0.003745 -0.305108 0.222438 0
-0.403041 0.092197 -0.262981 2
-0.039183 -0.420519 0.262322 0
-0.135879 0.152872 -0.044082 2
-0.003235 -0.639530 0.334890 0
0.772487 -0.010369 -0.007679 1
0.330736 0.115650 -0.013122 1
-0.045551 -0.804306 0.346085 0
-0.380991 0.161188 -0.168197 2
0.740511 -0.041233 -0.076847 1
-0.003189 -0.274136 0.167232 0
0.720828 0.044504 0.040979 1
-0.089086 0.132419 -0.021693 2
-0.351941 0.218176 0.024770 2
-0.587186 0.136747 -0.099812 2
-0.036034 -0.683668 0.338935 0
-0.437882 0.160517 -0.110229 2
0.375111 0.141897 0.158528 1
-0.022318 0.021950 0.208719 3
0.002762 -0.450535 0.268212 0
-0.018572 -0.575150 0.257859 0
-0.312432 0.197305 0.008534 2
-0.324862 0.131534 -0.243925 2
-0.670182 0.030636 -0.210304 2
0.027358 0.040068 0.169265 3
0.432210 0.136965 0.089433 1
0.574475 0.095160 0.043701 1
0.530002 0.090861 0.063366 1
0.252829 0.116072 0.066218 1
0.120227 0.058749 0.118517 1
-0.298358 0.233337 0.040432 2
0.409795 0.076506 -0.079700 1
-0.041436 -0.880630 0.348715 0
-0.679966 -0.041583 -0.287094 2
-0.592791 0.004533 -0.320215 2
-0.315323 0.171560 -0.068399 2
-0.238454 0.201789 0.002058 2
0.385816 0.124227 0.096566 1
0.797730 -0.046860 -0.030889 1
-0.092559 0.111690 0.076005 2
0.087526 0.041144 0.118981 1
0.008787 0.118524 0.152707 3
0.350268 0.110301 0.003283 1
0.639824 0.040862 -0.022845 1
-0.459404 0.208525 -0.068060 2
-0.456979 0.092707 -0.236158 2
0.300342 0.135418 0.148071 1
-0.457225 0.133157 -0.157927 2
0.642871 0.086684 0.111074 1
0.108157 0.018373 0.115376 1
0.551349 0.087807 0.075386 1
0.595547 0.050551 -0.045357 1
-0.169116 0.154968 -0.113749 2
0.836224 -0.065586 0.096814 1
0.331400 0.156442 0.151574 1
-0.579167 0.163263 -0.103420 2
-0.590051 0.113631 -0.178232 2
0.520469 0.073806 -0.002931 1
0.019346 -0.144517 0.124083 0
-0.021502 -0.794954 0.327702 0
-0.649977 0.040556 -0.237457 2
-0.590306 0.134444 -0.143597 2
-0.545044 0.154187 -0.077764 2
-0.258176 0.195507 -0.046575 2
-0.054221 0.064235 0.086809 0
0.578480 0.053964 -0.003355 1
-0.502632 0.139721 -0.178649 2
0.230000 0.125601 0.163346 1
0.438115 0.070855 -0.115181 1
-0.568600 0.048563 -0.277773 2
-0.030928 0.095822 0.187574 3
-0.202347 0.175932 -0.037036 2
-0.059015 -0.839530 0.361221 0
-0.212679 0.134017 -0.131430 2
-0.690698 -0.055943 -0.249111 2
-0.701860 -0.106379 -0.296818 2
-0.478865 0.178241 -0.069325 2
0.550586 0.058594 -0.013816 1
0.339374 0.117506 0.084305 1
-0.203332 0.138464 -0.091009 2
-0.047489 -0.061086 0.120531 0
-0.358426 0.224829 -0.013601 2
-0.181257 0.138891 -0.033016 2
0.698087 0.062887 0.055051 1
-0.385085 0.121664 -0.251150 2
0.275207 0.118971 0.107338 1
-0.673087 0.010822 -0.181066 2
0.241770 0.118408 -0.000891 1
-0.235376 0.174258 0.030411 2
0.560472 0.063324 -0.045624 1
0.239821 0.113855 0.040748 1
-0.039265 -0.734524 0.340434 0
0.641315 0.037074 0.022099 1
0.705944 0.017045 -0.014977 1
-0.408827 0.138932 -0.207777 2
-0.007733 -0.118082 0.131090 0
0.506764 0.031423 -0.087416 1
-0.712721 -0.027556 -0.205472 2
-0.301568 0.178568 -0.041345 2
-0.580974 0.075353 -0.237001 2
0.664280 0.030325 -0.022150 1
0.885712 -0.128276 0.059793 1
-0.004643 0.082651 0.177234 3
0.881093 -0.096483 0.022555 1
-0.006925 -0.532777 0.268337 0
-0.673605 0.038311 -0.139663 2
0.206071 0.103994 0.089251 1
0.620517 0.086641 0.132871 1
0.451072 0.141771 0.163848 1
-0.300846 0.157911 -0.091483 2
0.439209 0.098015 -0.033204 1
-0.363816 0.200977 -0.077994 2
0.286022 0.137246 0.182577 1
-0.537376 0.186527 -0.089695 2
-0.313979 0.168956 -0.145282 2
-0.535523 0.059231 -0.250527 2
0.429486 0.124599 0.110877 1
-0.124706 0.147488 0.008078 2
-0.012911 -0.193109 0.154718 0
0.841770 -0.125643 -0.024223 1
0.396420 0.087656 -0.103060 1
-0.393238 0.146804 -0.137605 2
0.560917 0.007219 -0.088440 1
0.527982 0.100313 0.019385 1
-0.622357 -0.028473 -0.313583 2
-0.224228 0.129457 -0.156063 2
-0.018190 -0.747429 0.331592 0
-0.669450 0.075149 -0.182849 2
0.272574 0.121009 -0.032958 1
-0.315577 0.139725 -0.222321 2
-0.692323 -0.084383 -0.313487 2
0.041359 -0.101495 0.120940 0
-0.722890 0.021879 -0.181626 2
0.671639 0.004722 -0.012785 1
-0.185861 0.147127 0.025882 2
-0.379591 0.095932 -0.276779 2
0.306073 0.109140 -0.025297 1
-0.010057 -0.345140 0.243102 0
-0.224509 0.190838 -0.013709 2
-0.039968 -0.681184 0.299903 0
0.358081 0.100128 -0.086354 1
-0.032557 0.115103 0.172672 3
0.781850 -0.041494 0.032256 1
-0.702687 -0.062217 -0.292490 2
-0.516434 0.155518 -0.104056 2
-0.010242 -0.488873 0.232757 0
-0.546692 0.079967 -0.212510 2
0.398617 0.172373 0.151349 1
0.572761 0.030951 -0.047761 1
-0.770206 -0.104173 -0.236093 2
0.496352 0.112031 0.033507 1
-0.182747 0.168591 -0.022629 2
0.904747 -0.125458 -0.046932 1
0.761629 0.032577 0.059267 1
0.880552 -0.074683 -0.003439 1
-0.647308 0.116454 -0.136557 2
0.493544 0.047460 -0.120094 1
0.011508 -0.105963 0.132714 0
-0.658428 0.072607 -0.157087 2
0.771206 -0.049704 -0.061985 1
-0.643241 0.017434 -0.186385 2
0.550647 0.127378 0.119239 1
-0.612447 0.142511 -0.115201 2
-0.423962 0.194702 -0.023185 2
-0.714819 -0.002402 -0.172008 2
-0.785433 -0.118753 -0.267242 2
-0.161440 0.169157 0.046757 2
-0.260720 0.163318 -0.144312 2
0.505865 0.083232 0.017044 1
0.871019 -0.157897 -0.025826 1
0.420699 0.154034 0.129174 1
0.643264 -0.015223 -0.108010 1
-0.028621 0.066512 0.188386 3
0.073233 -0.028054 0.141100 1
-0.021784 -0.369338 0.199848 0
0.628862 0.019867 -0.026507 1
-0.043111 -0.713287 0.318738 0
0.598478 -0.000164 -0.077623 1
0.016319 -0.174715 0.156275 0
-0.017308 -0.772364 0.364294 0
-0.038742 -0.780806 0.357678 0
0.892002 -0.164870 -0.020178 1
-0.012197 -0.125692 0.164262 0
0.375930 0.088320 -0.065105 1
0.309400 0.156193 0.155732 1
-0.169479 0.163412 -0.066836 2
-0.678770 0.095979 -0.134382 2
-0.658061 -0.008001 -0.285043 2
0.373558 0.110916 0.035040 1
0.579225 0.068083 0.040527 1
-0.545729 0.132917 -0.173518 2
-0.346135 0.181897 -0.049217 2
-0.645909 -0.077368 -0.310055 2
0.342054 0.149535 0.177389 1
-0.249152 0.137180 -0.209686 2
-0.011967 0.103856 0.200579 3
-0.272204 0.190664 -0.066826 2
-0.347604 0.111023 -0.239651 2
0.117960 0.038964 0.151184 1
-0.523453 0.112807 -0.212100 2
-0.246195 0.132776 -0.155304 2
-0.280057 0.190979 0.030969 2
-0.547868 0.096092 -0.190987 2
-0.390890 0.176683 -0.071256 2
-0.038075 -0.659539 0.319275 0
0.856440 -0.102338 0.032514 1
-0.358301 0.174483 -0.138470 2
-0.356739 0.130489 -0.189289 2
0.715463 -0.021953 -0.013174 1
0.310412 0.123059 0.055195 1
0.397856 0.128640 0.118809 1
-0.345204 0.123505 -0.209787 2
-0.501423 0.084591 -0.259950 2
0.605339 0.053602 0.026955 1
-0.021297 -0.617963 0.277805 0
-0.479673 0.141654 -0.137173 2
-0.288195 0.182739 -0.099270 2
-0.137498 0.119972 -0.070414 2
0.486166 0.075470 -0.060051 1
-0.741721 -0.074652 -0.232312 2
-0.433946 0.123597 -0.187104 2
-0.041048 -0.014471 0.116020 0
-0.267396 0.211060 0.060960 2
0.545489 0.046174 -0.079260 1
-0.615158 0.084962 -0.166679 2
-0.257835 0.178188 0.008606 2
-0.369966 0.136371 -0.222204 2
-0.135093 0.150235 0.052234 2
0.285340 0.117974 0.009095 1
-0.101675 0.086424 0.035571 2
0.217366 0.105113 0.176283 1
-0.075769 0.120345 -0.007378 2
-0.325814 0.184319 -0.102937 2
-0.511538 0.055169 -0.271327 2
-0.047718 -0.870588 0.372336 0
-0.744671 -0.027962 -0.180002 2
-0.278772 0.185007 0.055070 2
-0.492311 0.104014 -0.200970 2
0.627776 0.058706 0.061643 1
0.576046 0.000556 -0.118629 1
-0.009364 0.031218 0.168603 3
-0.700492 -0.025293 -0.269542 2
0.626597 0.038508 -0.043361 1
-0.504847 0.187434 -0.098165 2
0.583072 0.103071 0.152201 1
0.463567 0.123760 0.119038 1
0.012123 -0.005097 0.174798 3
-0.459832 0.173653 -0.136457 2
0.730647 -0.005479 -0.031985 1
0.693283 -0.014960 -0.023694 1
-0.704589 0.056903 -0.178372 2
0.397048 0.093217 -0.048666 1
-0.502691 0.126224 -0.199968 2
0.442078 0.111523 0.077462 1
-0.743152 0.008375 -0.161892 2
-0.335319 0.209471 -0.045830 2
-0.088728 0.084690 0.101796 2
-0.337392 0.165026 -0.158274 2
-0.505790 0.054963 -0.310043 2
-0.018470 -0.849057 0.366860 0
0.840403 -0.066308 -0.019407 1
-0.561131 0.158682 -0.120078 2
-0.315440 0.222116 -0.010664 2
0.008053 0.000974 0.145797 3
-0.211050 0.159100 0.063588 2
0.330307 0.149633 0.131291 1
-0.293284 0.207755 -0.032776 2
0.671154 0.047175 0.078802 1
0.353076 0.151651 0.132742 1
0.450368 0.092582 0.003432 1
-0.667760 -0.041459 -0.313686 2
0.015475 0.049785 0.147935 3
-0.009332 -0.258004 0.194450 0
0.754653 0.015066 0.025771 1
-0.056485 -0.722906 0.332541 0
0.697760 0.025204 0.052498 1
-0.257611 0.114910 -0.214515 2
-0.270200 0.130790 -0.179029 2
0.583784 0.035449 -0.076114 1
0.484073 0.129913 0.142410 1
-0.094046 0.112325 -0.034069 2
-0.379365 0.143245 -0.153919 2
0.873277 -0.118094 -0.057540 1
-0.503164 0.165425 -0.090672 2
-0.204429 0.133336 0.082056 2
-0.201520 0.143373 -0.045344 2
-0.768803 -0.084972 -0.222576 2
0.408512 0.111955 0.068690 1
-0.556843 0.135819 -0.123332 2
0.595295 0.041587 -0.015011 1
0.644640 -0.002195 -0.087647 1
0.673593 -0.028794 -0.052294 1
-0.714301 -0.054320 -0.233056 2
-0.155089 0.143689 -0.125449 2
-0.189654 0.159235 -0.110734 2
-0.689103 0.081401 -0.159307 2
-0.133777 0.122202 -0.025178 2
0.506531 0.138998 0.122528 1
-0.015945 -0.447714 0.255460 0
-0.666749 -0.089305 -0.307044 2
-0.478249 0.079316 -0.248316 2
-0.359860 0.202244 0.007482 2
0.786993 -0.008390 0.008481 1
-0.237900 0.213186 0.053154 2
-0.677128 0.069734 -0.137420 2
0.165164 0.075309 0.069963 1
-0.083683 0.057952 0.087826 2
-0.559127 0.177528 -0.092785 2
0.629896 0.092538 0.077557 1
-0.041216 0.036200 0.099616 0
-0.535805 0.150308 -0.147504 2
-0.323259 0.136955 -0.170096 2
0.513951 0.064856 -0.024495 1
-0.020275 -0.705677 0.326802 0
0.665307 0.075508 0.099304 1
0.364410 0.142025 0.100094 1
-0.504630 0.166283 -0.133461 2
-0.007780 -0.457241 0.287936 0
-0.201899 0.175007 -0.058012 2
-0.582617 0.051880 -0.236242 2
-0.765385 -0.061969 -0.199110 2
-0.001606 0.097854 0.163074 3
-0.656802 -0.005514 -0.213155 2
0.640776 0.058822 0.078110 1
0.574351 0.127641 0.107705 1
-0.101110 0.132688 -0.047540 2
-0.235593 0.160355 -0.133701 2
0.575697 0.097649 0.111715 1
0.738335 0.030927 0.086629 1
0.086677 0.004535 0.144263 1
0.445119 0.143392 0.104595 1
0.453918 0.075352 -0.036577 1
0.008693 -0.105803 0.178289 0
-0.003332 -0.017212 0.143659 3
-0.422664 0.100711 -0.285515 2
0.017841 0.150611 0.169334 3
-0.423457 0.228096 -0.014614 2
-0.680444 0.005004 -0.245709 2
0.526788 0.121307 0.146280 1
-0.190262 0.182968 0.011586 2
0.421352 0.094535 -0.001110 1
-0.157849 0.131621 -0.035449 2
-0.315690 0.149888 -0.198515 2
0.428608 0.137217 0.145483 1
-0.689149 0.049700 -0.126335 2
-0.386611 0.209957 0.014989 2
-0.038320 -0.594290 0.295504 0
-0.810116 -0.130502 -0.208624 2
-0.003122 0.169874 0.194335 3
0.022344 -0.036998 0.175023 3
-0.021834 -0.782696 0.344526 0
0.407413 0.106863 -0.024102 1
-0.574830 0.123398 -0.133183 2
-0.461942 0.077810 -0.304689 2
0.531835 0.113085 0.062283 1
-0.757357 -0.083473 -0.261902 2
0.726336 -0.036901 -0.022666 1
0.485825 0.104455 0.007760 1
-0.189423 0.143592 -0.180010 2
-0.521315 0.159351 -0.056012 2
-0.021201 -0.340338 0.196565 0
0.229590 0.100084 -0.002001 1
-0.511745 0.101589 -0.231783 2
-0.202419 0.158560 0.040186 2
0.803951 -0.110133 -0.039518 1
-0.017477 -0.399132 0.204818 0
0.820506 -0.062558 0.053395 1
0.623433 -0.035500 -0.089388 1
0.019550 -0.017420 0.145589 3
-0.034676 -0.549848 0.283388 0
-0.493114 0.065865 -0.292490 2
0.834174 -0.055380 0.010732 1
-0.392010 0.214796 -0.037299 2
0.306825 0.140795 0.107295 1
0.350996 0.135137 0.076961 1
0.741096 -0.021898 0.018715 1
-0.642902 0.084695 -0.185932 2
-0.303538 0.159305 -0.169552 2
0.808676 -0.018099 0.063288 1
-0.433494 0.080885 -0.276753 2
0.383248 0.134380 0.132101 1
0.142284 0.063209 0.128964 1
0.453597 0.115427 0.030723 1
-0.467791 0.194144 -0.091602 2
0.577451 0.107281 0.072042 1
0.742287 -0.082103 -0.061920 1
0.653366 0.046899 -0.001821 1
-0.379339 0.142749 -0.204735 2
0.473701 0.060509 -0.103424 1
0.520118 0.079365 -0.046019 1
-0.013598 -0.250370 0.164446 0
0.219486 0.111519 0.039802 1
0.195714 0.109611 0.121332 1
-0.093009 0.067858 0.062132 2
-0.619804 0.077291 -0.104047 2
-0.104749 0.133758 0.019147 2
-0.659536 0.008690 -0.247067 2
-0.625871 0.068888 -0.186636 2
0.292305 0.130810 0.084958 1
-0.001485 -0.553180 0.278174 0
-0.589144 0.022960 -0.299555 2
-0.435681 0.139043 -0.202002 2
0.530584 0.108292 0.111036 1
-0.417178 0.115424 -0.207792 2
0.553216 0.106463 0.118689 1
0.464963 0.076722 -0.070514 1
-0.412232 0.178143 -0.130034 2
0.253934 0.131490 0.120049 1
0.632563 0.051686 -0.007210 1
-0.509854 0.067402 -0.253061 2
-0.766140 -0.160344 -0.282609 2
-0.758336 -0.018094 -0.203013 2
-0.135063 0.150294 0.078069 2
-0.607607 0.030319 -0.251248 2
0.540081 0.069411 0.000014 1
0.482133 0.041988 -0.086243 1
-0.163814 0.125331 0.063228 2
-0.595597 0.110856 -0.139245 2
0.405008 0.104606 0.025618 1
-0.114613 0.085040 0.075129 2
-0.033679 -0.503399 0.253823 0
0.005632 -0.227960 0.199894 0
0.473885 0.079410 -0.012524 1
-0.025395 -0.892049 0.354506 0
-0.624145 0.057872 -0.235031 2
0.666169 -0.044745 -0.073783 1
-0.776987 -0.037729 -0.189800 2
-0.250114 0.123601 -0.190016 2
0.476229 0.138079 0.177779 1
-0.027237 0.037515 0.228577 3
-0.127874 0.106063 -0.093371 2
0.755550 -0.049183 -0.006567 1
0.158630 0.076271 0.131008 1
-0.049904 -0.623743 0.302225 0
0.900792 -0.141320 -0.013639 1
-0.602781 0.124019 -0.102625 2
-0.026494 -0.850352 0.334749 0
0.773133 -0.108470 -0.063670 1
-0.016966 -0.681600 0.332883 0
-0.266957 0.155165 -0.080257 2
0.040751 0.019174 0.140966 3
-0.181440 0.181937 0.085706 2
-0.248770 0.179098 0.055534 2
-0.640961 0.055510 -0.195665 2
0.469938 0.116181 0.101610 1
-0.455429 0.103561 -0.252906 2
-0.292575 0.186181 -0.011248 2
-0.460268 0.069407 -0.281223 2
0.704624 -0.050831 -0.056322 1
-0.038002 -0.039682 0.096882 0
-0.403411 0.194632 -0.001333 2
-0.702545 -0.010770 -0.192069 2
-0.391412 0.101635 -0.249771 2
-0.193862 0.147040 -0.151725 2
0.532365 0.084536 0.044578 1
-0.755607 -0.005467 -0.178158 2
-0.002411 -0.148550 0.161928 0
-0.402165 0.164554 -0.104754 2
0.019283 0.017281 0.136713 3
-0.721964 -0.016144 -0.242570 2
0.607637 0.104780 0.088411 1
-0.582567 0.105101 -0.196048 2
-0.566375 0.067829 -0.255650 2
-0.283130 0.171662 -0.051358 2
-0.737183 -0.101691 -0.261698 2
0.004584 -0.057106 0.150559 0
0.618228 0.007072 -0.090172 1
-0.235588 0.150202 -0.177771 2
-0.021109 -0.384054 0.241694 0
-0.023104 -0.641668 0.328783 0
-0.207876 0.174991 0.099029 2
-0.036861 -0.070058 0.097198 0
0.386323 0.116852 0.076981 1
0.575448 0.084072 0.010235 1
-0.641648 0.057510 -0.222338 2
-0.063350 0.112424 0.010621 2
0.103333 0.040205 0.099672 1
-0.003819 -0.328969 0.200232 0
-0.028113 -0.458846 0.229776 0
-0.627528 0.037578 -0.256436 2
0.784626 -0.074926 -0.014147 1
-0.785420 -0.095944 -0.216250 2
0.647652 -0.004312 -0.045842 1
-0.226449 0.181824 -0.067138 2
0.394482 0.153160 0.129603 1
0.428163 0.085714 -0.079588 1
0.656994 0.078719 0.074414 1
-0.019794 -0.487449 0.287039 0
0.555573 0.100194 0.042718 1
0.540604 0.025276 -0.112166 1
-0.390084 0.203179 -0.076473 2
0.760161 -0.027460 0.031433 1
-0.796926 -0.127358 -0.241155 2
0.622696 0.032229 -0.009940 1
0.617049 0.063149 -0.001309 1
-0.544267 0.069394 -0.231605 2
-0.004485 -0.224346 0.162779 0
-0.795594 -0.173127 -0.261989 2
-0.025291 -0.244290 0.192089 0
-0.017739 -0.815977 0.355781 0
0.016467 0.014182 0.172636 3
0.585650 0.035667 -0.032305 1
-0.666738 0.048158 -0.218139 2
0.474015 0.092143 -0.032808 1
0.837703 -0.073620 0.063872 1
-0.279945 0.227381 0.042755 2
-0.131700 0.144303 -0.088734 2
-0.647600 0.085659 -0.143407 2
0.763096 0.001883 0.096974 1
0.771044 0.016470 0.043110 1
-0.056768 -0.662776 0.315027 0
0.486156 0.065345 -0.080736 1
0.640518 0.046908 0.043909 1
-0.009002 -0.096038 0.122759 0
-0.012460 0.062559 0.164658 3
-0.003265 0.127676 0.170336 3
0.028903 -0.137823 0.142364 0
0.427681 0.144529 0.195534 1
-0.046460 -0.593222 0.277933 0
-0.013821 -0.047992 0.127216 0
0.832790 -0.084574 -0.057277 1
-0.108903 0.120670 0.085454 2
-0.479617 0.084839 -0.271481 2
-0.692662 0.060448 -0.144244 2
0.263044 0.120062 -0.011532 1
0.471292 0.124946 0.064963 1
-0.525202 0.031935 -0.300099 2
-0.572439 0.088032 -0.224623 2
0.854536 -0.089630 0.065967 1
0.045151 -0.058592 0.140695 0
-0.033812 -0.006349 0.185292 3
-0.326026 0.195819 -0.007699 2
-0.346747 0.106177 -0.259191 2
-0.323946 0.201255 0.023439 2
-0.035648 -0.749290 0.323742 0
-0.297639 0.143120 -0.144089 2
0.009483 -0.283482 0.186640 0
0.870715 -0.106679 -0.042321 1
-0.251784 0.178224 -0.097349 2
0.834625 -0.101563 0.004938 1
-0.526527 0.108056 -0.180914 2
-0.104098 0.128458 0.056934 2
0.741543 -0.003118 0.053008 1
0.252154 0.113318 0.107295 1
0.205057 0.104376 0.152665 1
0.053253 -0.096233 0.148690 0
-0.458837 0.169458 -0.021595 2
0.745147 -0.059087 -0.095019 1
-0.630596 0.103119 -0.114761 2
-0.572697 0.121009 -0.077551 2
0.206293 0.105846 -0.019367 1
0.230231 0.114241 0.132588 1
0.543427 0.024562 -0.077486 1
-0.032432 -0.471609 0.253591 0
0.785668 -0.015636 0.106648 1
0.715637 -0.072107 -0.076312 1
0.768715 -0.076516 -0.032675 1
-0.018448 -0.177532 0.168952 0
-0.567802 0.019374 -0.320985 2
0.377744 0.121074 0.011552 1
-0.590348 0.046586 -0.268920 2
-0.547531 0.146408 -0.110581 2
0.326029 0.122957 0.100355 1
-0.735714 -0.027966 -0.236630 2
-0.090512 0.033175 0.097382 2
-0.617229 0.008907 -0.273027 2
0.579032 0.075047 -0.006136 1
-0.046024 -0.826918 0.355513 0
0.443859 0.150494 0.123514 1
-0.459934 0.143587 -0.138915 2
0.041280 -0.015002 0.146196 0
-0.550032 0.041021 -0.270503 2
-0.715830 -0.100492 -0.311767 2
-0.524861 0.084336 -0.219033 2
-0.658094 0.065841 -0.113331 2
0.475447 0.111648 0.025250 1
0.403907 0.121599 0.040325 1
0.694659 0.039138 0.017304 1
0.783175 -0.026573 0.065489 1
-0.065673 -0.907044 0.370041 0
-0.018170 -0.291412 0.169352 0
0.462219 0.133516 0.144516 1
-0.116202 0.097313 0.030495 2
-0.035718 -0.560277 0.267144 0
-0.270672 0.178776 -0.107421 2
-0.007351 -0.035597 0.154387 3
-0.061335 0.053451 0.063812 2
-0.186079 0.184673 0.048219 2
-0.700957 0.025370 -0.218181 2
0.338812 0.110116 -0.070130 1
0.407229 0.122806 0.100480 1
-0.688894 0.045378 -0.175353 2
0.760818 -0.070315 -0.096745 1
0.410001 0.145896 0.164077 1
0.274955 0.117014 0.030054 1
0.008465 -0.070560 0.129634 0
0.130078 0.066733 0.099319 1
0.863191 -0.075017 0.008341 1
-0.128579 0.146495 -0.065757 2
0.361117 0.137220 0.141683 1
-0.593409 0.152207 -0.112821 2
-0.001218 -0.314533 0.181032 0
-0.610848 -0.008325 -0.297279 2
0.414753 0.108068 0.051413 1
0.442479 0.112794 0.009388 1
0.818775 -0.047929 0.084972 1
-0.589901 0.061263 -0.217498 2
-0.702194 0.041149 -0.199380 2
0.074545 0.007391 0.118653 1
0.676897 0.069207 0.063909 1
0.742360 -0.019110 -0.045198 1
-0.348383 0.151503 -0.192555 2
-0.061904 0.029802 0.055928 2
-0.051449 0.045096 0.077819 0
0.872851 -0.114978 0.030003 1
-0.479236 0.115211 -0.223500 2
0.292314 0.101112 -0.038227 1
-0.474865 0.124441 -0.167672 2
-0.292300 0.196440 -0.065923 2
-0.570750 0.009219 -0.303838 2
0.318593 0.137483 0.144672 1
-0.023192 0.005634 0.105981 0
0.779371 -0.081460 -0.092814 1
-0.652428 0.021768 -0.234988 2
0.519260 0.133006 0.107574 1
0.701886 0.070974 0.071437 1
-0.683541 -0.033927 -0.229050 2
-0.349069 0.169282 -0.090153 2
-0.577920 0.018346 -0.284543 2
-0.049092 -0.860841 0.354413 0
-0.599816 0.076882 -0.224913 2
-0.773032 -0.082377 -0.243712 2
-0.456299 0.145641 -0.186822 2
-0.201357 0.189640 0.026416 2
-0.635567 0.030127 -0.168302 2
-0.013988 -0.425732 0.229883 0
-0.216096 0.123389 -0.195113 2
-0.035363 -0.616048 0.310929 0
0.267574 0.139612 0.173498 1
-0.561435 0.107656 -0.162757 2
-0.001251 -0.293795 0.198979 0
-0.006470 -0.052225 0.184733 3
0.817292 -0.056713 -0.026081 1
0.840295 -0.098883 -0.068568 1
-0.281507 0.177351 -0.025191 2
-0.379216 0.194020 -0.032122 2
-0.044562 -0.783198 0.333533 0
0.149024 0.085064 0.063809 1
0.684630 0.018313 -0.043639 1
-0.488558 0.182560 -0.041183 2
-0.004998 -0.600303 0.286168 0
0.284375 0.148093 0.145115 1
-0.657368 -0.039751 -0.256222 2
-0.032053 -0.813327 0.337162 0
0.861638 -0.081137 -0.022007 1
0.602173 0.011834 -0.098084 1
-0.056218 -0.763421 0.345870 0
-0.722848 -0.074772 -0.290301 2
-0.241623 0.187372 -0.048066 2
0.006419 -0.147471 0.140857 0
0.076242 0.027132 0.114675 1
-0.435161 0.112924 -0.246254 2
0.615641 0.101368 0.110162 1
-0.477955 0.064264 -0.279666 2
0.806234 -0.093149 -0.082589 1
0.506153 0.094496 0.056358 1
-0.554208 0.034754 -0.309000 2
0.374369 0.103330 -0.017632 1
-0.200891 0.195697 0.062791 2
-0.346145 0.236441 0.021541 2
-0.050024 0.001544 0.107515 0
-0.722254 0.045350 -0.172696 2
0.819368 -0.036176 0.022825 1
0.351643 0.114778 0.063372 1
-0.201807 0.151787 -0.002114 2
0.007806 -0.005466 0.128518 3
0.428234 0.080927 -0.097371 1
-0.708794 0.021166 -0.195213 2
-0.157705 0.162471 -0.014932 2
-0.048416 -0.527643 0.273997 0
0.374587 0.136875 0.077485 1
0.439269 0.120350 0.041121 1
-0.603381 0.094201 -0.199777 2
0.452575 0.061723 -0.080659 1
-0.637821 0.003140 -0.289337 2
-0.092118 0.126214 0.032741 2
-0.390022 0.116576 -0.214176 2
-0.152479 0.126238 0.035609 2
-0.025355 0.017614 0.226272 3
0.713007 0.049231 0.082306 1
0.016651 0.086996 0.164401 3
-0.004343 -0.446366 0.240892 0
-0.585069 -0.016662 -0.323274 2
-0.443914 0.178560 -0.068351 2
-0.411161 0.144965 -0.140694 2
-0.024681 -0.413952 0.244118 0
-0.736563 0.012947 -0.199962 2
0.683700 0.058964 0.044494 1
-0.031031 -0.858722 0.350342 0
0.240638 0.117183 -0.023406 1
-0.412371 0.160334 -0.170063 2
0.796587 -0.021691 0.092066 1
-0.412087 0.099748 -0.243150 2
-0.500120 0.200911 -0.069302 2
0.690201 -0.034214 -0.047123 1
-0.542339 0.129297 -0.136631 2
-0.594062 0.158062 -0.089786 2
-0.733016 -0.036420 -0.202103 2
-0.436762 0.174986 -0.137097 2
-0.390498 0.179335 -0.129882 2
-0.362257 0.119873 -0.255178 2
0.516805 0.094603 -0.013570 1
0.509534 0.128789 0.166034 1
0.200369 0.089308 0.017157 1
-0.349736 0.198317 -0.010739 2
-0.401466 0.227657 -0.022466 2
0.794569 -0.069746 0.007446 1
-0.070316 0.005086 0.098992 2
-0.092016 0.098720 -0.003629 2
-0.639556 0.075998 -0.203051 2
-0.288680 0.174240 -0.125860 2
0.620512 0.076318 0.033267 1
-0.434122 0.201557 -0.078307 2
0.563568 0.109734 0.137351 1
0.081742 -0.046053 0.141628 1
0.130803 0.051457 0.143649 1
-0.040226 0.020284 0.084799 0
-0.652474 0.118490 -0.114158 2
-0.048978 -0.008221 0.076972 0
0.672339 -0.036391 -0.124772 1
-0.175405 0.121042 -0.136448 2
-0.511811 0.102460 -0.192351 2
0.675937 -0.005088 -0.071811 1
-0.170521 0.110588 0.075972 2
0.448747 0.079233 -0.078771 1
0.451760 0.135871 0.089632 1
-0.219082 0.200535 0.040715 2
0.596326 0.090433 0.047080 1
0.723181 -0.027169 -0.072832 1
-0.389885 0.115274 -0.271062 2
-0.010537 0.126220 0.187767 3
0.588705 0.072824 0.063738 1
-0.313183 0.155418 -0.106430 2
-0.572162 0.136570 -0.113967 2
-0.018797 -0.857552 0.382691 0
0.005562 -0.189553 0.175939 0
0.175952 0.093384 0.143216 1
0.298384 0.127212 0.122225 1
-0.043275 -0.581955 0.262868 0
0.752332 0.022903 0.078758 1
0.687069 0.019615 0.029531 1
-0.042775 0.055669 0.190432 3
-0.285470 0.123342 -0.238662 2
0.705907 0.038552 0.126728 1
0.784275 0.006082 0.051771 1
0.495843 0.128775 0.083451 1
-0.470906 0.095761 -0.257469 2
0.813977 -0.050503 0.065227 1
-0.585853 0.079398 -0.196823 2
0.629431 0.036698 0.008698 1
0.362740 0.107079 -0.035746 1
-0.059445 0.083550 0.066255 2
0.466623 0.065038 -0.057062 1
-0.758140 -0.113622 -0.255545 2
-0.722649 0.021291 -0.137805 2
-0.078164 0.053252 0.039855 2
0.551609 0.048202 -0.034178 1
0.230165 0.110692 0.077893 1
0.701533 -0.037287 -0.099775 1
-0.021489 -0.092092 0.173239 0
-0.455030 0.102129 -0.221131 2
0.785004 -0.045743 -0.047500 1
0.309693 0.103337 -0.041767 1
0.395268 0.128104 0.055310 1
0.694166 0.005934 0.012622 1
0.002626 -0.341875 0.188620 0
-0.630467 0.020801 -0.273620 2
-0.095483 0.089136 0.018925 2
-0.148212 0.111240 -0.120206 2
0.626114 0.014692 -0.076154 1
0.673153 -0.018804 -0.098252 1
-0.018035 -0.283109 0.187764 0
-0.503125 0.094784 -0.211654 2
0.484657 0.059915 -0.051567 1
-0.158269 0.130428 -0.070736 2
-0.657513 0.004535 -0.198512 2
0.694969 0.027534 -0.005746 1
0.809244 -0.035961 0.095747 1
0.364468 0.148352 0.119449 1
0.808950 -0.038724 -0.012849 1
0.386590 0.105681 0.018005 1
-0.133723 0.112314 0.044606 2
-0.023160 0.007199 0.198933 3
0.394733 0.140664 0.096297 1
0.809320 -0.069559 -0.057738 1
0.541084 0.043215 -0.049462 1
0.752194 -0.002730 -0.012428 1
-0.011173 -0.603570 0.314615 0
-0.013742 0.026588 0.189520 3
0.339004 0.130692 0.119436 1
-0.758326 -0.095382 -0.276897 2
-0.147246 0.157204 -0.000306 2
-0.438573 0.188665 -0.045827 2
-0.456933 0.088257 -0.275824 2
0.341088 0.114628 -0.036387 1
0.175835 0.094821 0.096853 1
-0.648572 0.095493 -0.164896 2
-0.001579 -0.326981 0.227794 0
0.715582 -0.006690 -0.055156 1
0.244800 0.123992 0.176821 1
-0.533014 0.168790 -0.118973 2
0.043368 -0.106942 0.137569 0
0.594932 0.039363 -0.063057 1
0.374408 0.102544 -0.080222 1
-0.123179 0.109138 0.010555 2
-0.036951 -0.803793 0.362951 0
-0.011361 -0.527430 0.284495 0
-0.794322 -0.100943 -0.236101 2
0.495012 0.098682 -0.012446 1
-0.334128 0.224747 0.026791 2
0.726272 -0.049518 -0.099658 1
0.306393 0.122560 0.013236 1
0.539023 0.130365 0.137549 1
-0.559735 0.029416 -0.281857 2
-0.533353 0.154545 -0.099511 2
0.806051 -0.025423 -0.000793 1
-0.240887 0.146273 -0.097640 2
-0.258058 0.205732 -0.011376 2
0.160897 0.087563 0.081770 1
-0.053035 -0.917568 0.381062 0
0.469446 0.098984 0.050516 1
0.664132 0.064614 0.138804 1
0.485161 0.135902 0.100399 1
-0.707972 -0.070234 -0.252509 2
-0.586770 0.041275 -0.249559 2
-0.724158 -0.048447 -0.270057 2
-0.602936 0.043199 -0.237849 2
-0.790088 -0.086686 -0.189724 2
0.820641 -0.090895 0.003895 1
-0.722517 -0.104588 -0.276698 2
0.271947 0.118193 0.073914 1
0.039025 -0.124380 0.137643 0
0.520259 0.020592 -0.089849 1
0.630894 0.079944 0.148313 1
-0.631601 0.080354 -0.163002 2
-0.749693 -0.104021 -0.294581 2
-0.523598 0.088403 -0.245526 2
0.077733 -0.021957 0.123942 1
-0.401991 0.196647 -0.091786 2
-0.522152 0.182104 -0.102673 2
-0.657453 -0.028765 -0.289113 2
-0.771069 -0.127334 -0.262396 2
0.209375 0.108292 0.010642 1
0.421306 0.133192 0.076403 1
-0.147358 0.158024 0.042657 2
-0.677501 0.038735 -0.192907 2
0.108968 0.019973 0.098079 1
-0.689012 0.063033 -0.183060 2
0.355781 0.144232 0.168168 1
-0.268773 0.218184 0.021546 2
0.155397 0.070888 0.086961 1
0.029754 0.174100 0.194702 3
-0.007897 -0.372904 0.212107 0
-0.254036 0.129838 -0.172806 2
-0.002549 -0.284551 0.221453 0
-0.454082 0.123492 -0.219604 2
-0.757368 -0.029288 -0.222039 2
-0.534690 0.050372 -0.288930 2
0.777018 -0.023510 -0.018064 1
-0.514989 0.154873 -0.149892 2
0.610067 -0.017193 -0.117077 1
0.247142 0.121328 0.156697 1
-0.321292 0.235259 0.021697 2
0.616985 0.044459 0.017883 1
-0.011675 0.048426 0.185495 3
-0.657339 0.106187 -0.146221 2
-0.237042 0.204663 0.074811 2
0.650949 -0.028755 -0.074983 1
0.108433 0.026831 0.133339 1
0.486595 0.135812 0.162692 1
0.609952 0.012771 -0.052346 1
0.338871 0.122416 0.022347 1
0.551798 0.067908 0.012623 1
-0.655977 -0.059350 -0.280327 2
-0.611337 0.133987 -0.130482 2
-0.008783 0.066366 0.181220 3
-0.002233 -0.018013 0.119846 3
0.285519 0.114965 0.085017 1
-0.310632 0.148106 -0.133552 2
-0.202294 0.159351 -0.124848 2
-0.022910 -0.591597 0.309913 0
-0.499789 0.050489 -0.288508 2
-0.063342 0.080746 0.083341 2
-0.738342 -0.136802 -0.290441 2
-0.537856 0.010107 -0.317520 2
-0.204870 0.126025 -0.154653 2
-0.434876 0.180601 -0.011306 2
0.353955 0.093017 -0.059254 1
-0.315322 0.199181 -0.070082 2
0.453288 0.101033 -0.023818 1
-0.435991 0.149925 -0.132961 2
-0.020351 -0.310536 0.210661 0
-0.008510 -0.515716 0.269614 0
0.305443 0.140515 0.166030 1
-0.137316 0.094093 0.073981 2
0.097085 0.005752 0.118965 1
-0.734377 -0.003666 -0.220933 2
-0.739912 -0.057809 -0.256575 2
-0.012638 0.158842 0.176066 3
-0.082271 0.105166 0.063195 2
0.639913 0.024191 -0.056338 1
-0.515373 0.146407 -0.118540 2
0.561311 0.060342 -0.000556 1
-0.501799 0.095053 -0.244120 2
-0.637551 -0.023291 -0.319585 2
-0.334542 0.149076 -0.136479 2
-0.555949 0.128539 -0.069281 2
-0.168721 0.132300 -0.001709 2
-0.026286 -0.082212 0.132783 0
-0.313310 0.192522 0.041946 2
0.718597 0.028977 0.097328 1
-0.289425 0.130813 -0.181322 2
-0.119031 0.146643 -0.007994 2
-0.690442 0.037973 -0.213129 2
-0.347360 0.152713 -0.121390 2
0.510809 0.115069 0.056974 1
0.693679 0.002301 -0.054368 1
-0.485679 0.149130 -0.122590 2
-0.013798 0.004365 0.177073 3
0.013432 0.113083 0.172565 3
-0.033381 -0.048887 0.127164 0
-0.790168 -0.137197 -0.254131 2
0.320493 0.115115 0.030661 1
0.453646 0.095690 0.020045 1
-0.056588 -0.705174 0.329003 0
-0.692632 -0.018200 -0.209349 2
-0.094419 0.109052 -0.067427 2
-0.682233 0.030399 -0.226389 2
0.381697 0.159031 0.153186 1
0.407766 0.091765 -0.035564 1
-0.503325 0.070452 -0.278586 2
0.263953 0.143111 0.153083 1
0.154432 0.071569 0.105654 1
0.197580 0.106755 0.065573 1
0.796292 -0.006739 0.065672 1
0.699811 -0.057133 -0.114778 1
0.007937 0.161141 0.178200 3
-0.469266 0.183070 -0.044223 2
-0.002918 -0.260976 0.211773 0
-0.779974 -0.128679 -0.280570 2
0.008517 0.039601 0.172417 3
-0.010825 0.106190 0.174590 3
-0.393753 0.146169 -0.196523 2
-0.438422 0.164901 -0.154111 2
0.650503 0.027294 0.011771 1
0.553719 0.121165 0.088239 1
0.855777 -0.125437 -0.006277 1
-0.034301 -0.172853 0.172569 0
-0.681253 -0.071631 -0.314413 2
-0.557103 0.089585 -0.231576 2
-0.023950 -0.205113 0.179567 0
-0.015472 -0.635004 0.307771 0
-0.283072 0.155975 -0.085273 2
0.019056 -0.101628 0.155599 0
0.407623 0.159453 0.145265 1
-0.005397 -0.038763 0.115866 0
0.650406 -0.033498 -0.117492 1
-0.270833 0.146017 -0.119662 2
-0.455228 0.114710 -0.196357 2
-0.331117 0.175675 -0.062638 2
-0.767528 -0.054432 -0.229341 2
-0.055450 0.017492 0.065448 2
0.586585 0.011213 -0.072354 1
-0.523984 0.062854 -0.279682 2
0.227558 0.114680 0.150772 1
-0.385769 0.189929 -0.107381 2
-0.041921 -0.636370 0.286827 0
0.208654 0.106408 0.051594 1
-0.150939 0.123807 0.000429 2
0.179436 0.083630 0.059002 1
-0.031226 -0.922526 0.348562 0
0.865626 -0.101476 0.061685 1
-0.555539 0.137858 -0.157509 2
-0.012246 0.140196 0.199136 3
-0.560148 0.100375 -0.177810 2
0.386834 0.115504 -0.003581 1
-0.040433 -0.836467 0.368107 0
-0.368472 0.187567 -0.045704 2
-0.491761 0.172957 -0.125046 2
-0.014025 -0.016360 0.176872 3
0.309299 0.141887 0.185919 1
-0.065016 -0.733465 0.321259 0
-0.075107 0.103308 -0.022214 2
0.251290 0.116054 0.195354 1
0.007608 -0.215463 0.145923 0
-0.414737 0.123809 -0.234082 2
-0.036789 -0.474913 0.269381 0
0.010274 0.140858 0.158085 3
-0.442489 0.208657 -0.065726 2
0.890561 -0.088295 -0.014093 1
-0.027131 -0.491158 0.244559 0
-0.445615 0.128028 -0.168748 2
-0.020232 -0.755150 0.363648 0
0.175231 0.096937 0.040327 1
-0.622075 -0.002935 -0.283685 2
-0.710708 0.004002 -0.214924 2
-0.334932 0.181271 -0.116523 2
-0.022488 -0.757932 0.343771 0
0.719929 0.022436 0.076075 1
-0.646132 -0.039871 -0.310423 2
0.859383 -0.093482 -0.035829 1
-0.021884 -0.139174 0.164965 0
-0.224437 0.136584 -0.119459 2
-0.751691 -0.055435 -0.205849 2
-0.637846 0.037474 -0.224634 2
0.742201 -0.051696 -0.025040 1
0.599381 0.063241 -0.018395 1
0.428546 0.085019 -0.034883 1
-0.124676 0.147325 0.064768 2
0.701675 0.012485 -0.030300 1
0.263662 0.131052 0.106685 1
-0.024023 -0.348757 0.233703 0
-0.044763 -0.750064 0.341141 0
-0.436990 0.220649 -0.035791 2
0.694565 0.039902 0.087141 1
0.639474 -0.017643 -0.070874 1
-0.023023 -0.359542 0.218797 0
0.024090 0.063731 0.170531 3
0.717460 0.018638 -0.003128 1
0.217689 0.092805 0.011043 1
-0.011893 -0.430262 0.246764 0
-0.702714 0.067794 -0.165401 2
-0.673765 -0.068971 -0.279778 2
-0.527175 0.051877 -0.267349 2
-0.389290 0.218970 -0.010161 2
-0.702265 0.046492 -0.165847 2
0.848563 -0.048315 0.020333 1
0.406872 0.092814 -0.080531 1
-0.456294 0.185800 -0.112069 2
0.105809 -0.006121 0.129233 1
-0.644389 0.093457 -0.115238 2
-0.268747 0.185895 0.019031 2
0.407465 0.148640 0.118554 1
-0.125759 0.116406 -0.059542 2
-0.249662 0.178373 0.023507 2
-0.713139 -0.127327 -0.302040 2
-0.023374 -0.561038 0.304002 0
0.554383 0.051726 -0.066707 1
0.003677 0.104013 0.147157 3
-0.299783 0.147802 -0.201673 2
0.752881 0.006846 0.111351 1
-0.244634 0.209707 0.016075 2
0.888086 -0.137208 0.018159 1
-0.026884 -0.014952 0.107878 0
-0.612540 0.039604 -0.263759 2
-0.159207 0.157852 -0.080462 2
-0.258687 0.172208 0.066530 2
-0.006556 -0.074183 0.173326 3
-0.735357 -0.084499 -0.243670 2
-0.012303 -0.069777 0.133392 0
-0.030243 -0.533606 0.279460 0
-0.736003 -0.005293 -0.156577 2
0.003527 -0.237678 0.168611 0
0.385409 0.103187 -0.054237 1
0.476331 0.108658 0.084119 1
0.871959 -0.138447 -0.003836 1
0.532220 0.063991 -0.018096 1
-0.809738 -0.152220 -0.240672 2
0.507753 0.046803 -0.102864 1
0.621078 0.002011 -0.058749 1
0.727603 0.000397 0.041231 1
-0.348496 0.132329 -0.249043 2
-0.311920 0.116716 -0.233631 2
-0.333477 0.193027 -0.089577 2
-0.027804 -0.429149 0.254539 0
0.004577 0.169213 0.215977 3
0.173236 0.085385 0.129331 1
-0.669443 0.027348 -0.159817 2
0.528132 0.029965 -0.078219 1
-0.290718 0.192416 0.043119 2
-0.057669 -0.029959 0.107773 0
-0.023402 -0.872461 0.366045 0
0.806337 -0.019014 0.031319 1
0.907751 -0.161020 0.034252 1
0.426262 0.108820 0.062770 1
0.653349 0.058459 0.088291 1
-0.736769 -0.017063 -0.171033 2
-0.339500 0.158383 -0.176891 2
