0.727917 0.140397 -0.040800 0
-0.938820 -0.112949 0.003940 0
0.067309 -0.985984 -0.147270 0
-0.050164 0.258457 0.551662 0
-0.089382 0.213736 -0.309943 0
-0.020746 -0.350854 0.141688 0
-0.444026 0.099635 0.080674 0
0.116303 0.124500 0.113474 0
0.363532 0.198320 -0.197808 0
0.083213 -0.599972 -0.130582 0
-0.153241 -0.079208 -0.074171 0
-0.690108 0.055893 -0.143190 0
-0.124014 0.130324 0.297747 0
0.471570 0.209476 0.067057 0
-0.725518 0.018162 0.121464 0
0.115660 -0.070094 -0.068321 0
0.116609 0.231446 0.352280 0
0.016863 -0.358795 -0.106949 0
-0.381824 0.056932 -0.157131 0
0.039367 0.117013 -0.156202 0
0.894457 0.000753 -0.032134 0
0.586891 0.189448 -0.197317 0
0.255934 0.110684 -0.038740 0
0.091644 -0.793362 -0.157099 0
-0.036043 0.030427 0.040947 0
-0.299209 0.039535 -0.003697 0
-0.013974 -0.192738 -0.061759 0
-0.130661 0.087446 -0.133473 0
-0.593620 0.070820 -0.000499 0
0.001846 0.216134 0.219534 0
-0.838253 -0.030418 -0.107273 0
-0.042148 0.251477 0.390773 0
0.807328 0.059901 -0.147223 0
-0.540839 0.089876 -0.148094 0
0.622827 0.186412 0.067770 0
-0.018229 -0.020366 -0.120186 0
0.183873 0.212836 0.215756 0
0.472224 0.206061 -0.093316 0
-0.082346 0.098403 0.160949 0
0.076904 0.259780 0.486449 0
-0.845377 -0.054026 0.096304 0
0.340741 0.188832 0.036415 0
-0.740484 0.017826 -0.012677 0
0.822633 0.090442 0.040887 0
0.063757 -0.484187 -0.073773 0
0.607577 0.183250 -0.067107 0
0.702248 0.127686 -0.175696 0
-0.458129 0.075916 -0.053972 0
0.251517 0.160009 -0.157850 0
0.150490 0.047396 -0.049430 0
-0.605686 0.070004 0.120693 0
-0.011095 -0.087871 -0.000502 0
0.349307 0.182202 -0.080980 0
-0.067739 0.164021 -0.206714 0
0.004859 0.122675 0.086183 0
-0.250018 -0.029401 -0.080669 0
0.470991 0.208243 -0.201378 0
0.056265 -0.707524 -0.107891 0
-0.118094 0.180705 0.391238 0
0.726709 0.145599 0.062075 0
-0.066203 0.217629 0.297270 0
0.108146 -0.896039 -0.123787 0
-0.848272 -0.039011 -0.004068 0
0.026645 0.250842 0.309962 0
0.094171 0.211537 0.175099 0
0.035739 -0.276636 -0.057133 0
0.525094 0.207348 -0.013062 0
0.838067 0.075114 -0.053846 0
0.012866 0.064445 -0.080613 0
0.035299 0.253886 0.589876 0
-0.096160 -0.154116 -0.080746 0
0.021620 -0.100047 -0.094811 0
-0.391943 0.061332 0.014491 0
0.416997 0.206589 -0.012226 0
-0.038911 0.065747 -0.155411 0
-0.315215 0.043385 -0.097892 0
-0.617741 0.076449 -0.094839 0
-0.675883 0.045941 0.040959 0
-0.905426 -0.075213 -0.067686 0
0.049910 0.256800 0.403345 0
-0.014258 0.199515 -0.267579 0
-0.767870 0.016337 -0.129317 0
-0.526150 0.088340 0.053585 0
-0.013139 0.268901 0.470985 0
0.109477 0.210941 0.269211 0
0.043100 -0.519362 -0.148175 0
-0.075959 0.165137 0.231627 0
-0.015344 0.155591 0.160716 0
-0.788836 -0.013850 0.046751 0
-0.459414 0.082355 -0.157402 0
-0.539300 0.082880 -0.067142 0
0.665683 0.173664 0.000255 0
-0.671575 0.049893 -0.040132 0
-0.096683 0.078410 0.242864 0
-0.053356 0.008758 -0.054099 0
-0.087954 0.085388 -0.215278 0
0.673091 0.157744 -0.108419 0
0.552130 0.197123 -0.120860 0
0.041795 -0.566956 -0.072889 0
0.754755 0.111602 -0.120217 0
-0.077521 0.227511 0.460026 0
0.199721 0.090610 -0.090455 0
0.859185 0.019177 -0.107237 0
0.063413 -0.153373 -0.060235 0
0.279504 0.145141 0.027303 0
0.053696 0.168181 0.121995 0
0.405723 0.203272 -0.135359 0
0.014788 -0.434066 -0.103359 0
-0.051841 -0.083663 -0.099634 0
0.551989 0.205925 0.065848 0
-0.897976 -0.072566 0.048206 0
-0.391291 0.065030 -0.079810 0
-0.063741 -0.028895 0.006376 0
-0.796482 -0.002274 -0.052750 0
0.282322 0.156460 -0.093523 0
-0.002944 0.133944 -0.210858 0
0.593264 0.196789 0.000673 0
-0.086946 0.028320 -0.122012 0
-0.023890 -0.309078 -0.081351 0
-0.459477 0.085376 0.014504 0
0.055704 -0.859238 -0.149250 0
0.402608 0.199661 0.063994 0
0.875951 0.047840 0.012783 0
0.646065 0.164848 -0.174657 0
0.020671 -0.203554 -0.117804 0
-0.119821 0.180634 -0.244797 0
0.309653 0.168076 -0.026981 0
-0.051998 0.089996 0.093961 0
-0.661582 0.035914 0.114560 0
0.775329 0.122336 0.000796 0
0.133392 -0.008275 -0.079407 0
-0.032071 -0.131780 -0.043403 0
-0.729573 0.035976 -0.081035 0
-0.025277 -0.138733 -0.120494 0
0.023038 0.269830 0.524122 0
0.323651 0.186359 -0.148888 0
0.038807 -0.387731 -0.054448 0
-0.001581 -0.021071 0.027625 0
0.089891 -0.655594 -0.098123 0
-0.193653 -0.040976 -0.045989 0
-0.306366 -0.003972 -0.058437 0
-0.616968 0.068209 0.059612 0
-0.778333 -0.011785 0.108378 0
0.064394 -0.671634 -0.157702 0
0.786954 0.106564 -0.067869 0
-0.113732 0.185171 0.322066 0
0.056517 -0.927100 -0.156694 0
-0.254887 0.005996 -0.028118 0
-0.013479 -0.249908 -0.088879 0
0.525367 0.205273 -0.175066 0
0.065196 0.202892 0.228914 0
-0.011493 -0.077917 -0.144048 0
0.200335 0.073861 -0.028857 0
-0.512685 0.082638 -0.013236 0
0.151259 0.195175 0.168606 0
-0.728431 0.021143 0.054633 0
-0.613682 0.078872 -0.153623 0
0.102033 0.231810 0.414248 0
-0.112940 -0.110549 -0.045593 0
-0.351030 0.059692 -0.027157 0
-0.500148 0.098179 0.104488 0
0.386477 0.221208 -0.059829 0
0.038670 0.195304 0.175552 0
-0.498917 0.087956 -0.108316 0
0.090249 -0.735787 -0.144991 0
0.015146 0.047169 -0.134698 0
0.003487 0.052501 0.075207 0
0.028030 -0.331315 -0.044620 0
0.619900 0.178834 -0.122120 0
-0.020162 -0.038870 -0.066808 0
-0.069499 0.204235 -0.257072 0
0.078576 -0.535600 -0.101675 0
0.171244 0.209372 0.270438 0
-0.036775 0.125582 -0.166864 0
0.754721 0.091170 -0.172429 0
0.114123 -0.956280 -0.139767 0
-0.026882 0.245069 0.337671 0
-0.553549 0.076920 0.102971 0
0.538600 0.198817 -0.067123 0
0.661621 0.167436 -0.054645 0
0.103781 -0.840883 -0.122820 0
0.471649 0.211839 -0.000668 0
0.232901 0.127392 -0.117623 0
-0.078547 0.221043 0.350771 0
0.066670 0.254043 0.350486 0
-0.901369 -0.066263 -0.013826 0
0.066355 0.115618 0.093028 0
0.024744 -0.086351 -0.041697 0
-0.065922 0.148743 0.180612 0
0.103525 0.165891 0.146906 0
0.416569 0.209280 -0.188290 0
0.674208 0.168089 0.053599 0
-0.010905 0.231567 0.269924 0
0.040496 -0.207771 -0.067637 0
0.458103 0.209344 -0.149001 0
-0.337858 0.060986 0.027135 0
0.361615 0.191460 -0.012956 0
-0.382827 0.084502 0.061939 0
-0.019000 0.192235 -0.214729 0
-0.438998 0.080400 -0.108087 0
-0.671858 0.061853 -0.093645 0
0.075047 -0.102322 -0.047005 0
0.045058 -0.628129 -0.107125 0
0.049725 -0.320364 -0.091852 0
-0.420775 0.046805 -0.027148 0
-0.834313 -0.045923 -0.054299 0
0.779799 0.117608 0.052453 0
-0.055893 0.260243 0.499256 0
0.052965 0.232795 0.269299 0
-0.080593 0.220271 0.405493 0
0.134103 0.226113 0.215029 0
0.048359 0.092573 -0.111957 0
-0.000769 0.263130 0.418665 0
0.072705 -0.775172 -0.113299 0
0.804093 0.082095 -0.011366 0
0.058383 -0.948745 -0.111105 0
-0.040514 0.116309 0.135144 0
-0.013794 0.243476 0.589225 0
-0.042747 0.231004 -0.304149 0
0.064778 0.259777 0.549636 0
0.032182 -0.518554 -0.096329 0
0.089712 -0.579705 -0.076199 0
0.430775 0.199352 -0.066824 0
-0.041309 0.190268 0.206585 0
0.012880 0.257665 0.364112 0
0.050883 -0.478263 -0.121956 0
-0.110936 0.061139 -0.094053 0
0.875901 0.047072 -0.039310 0
-0.093309 0.072018 -0.161650 0
0.014551 -0.151547 -0.054605 0
-0.783144 -0.004008 -0.001137 0
-0.622024 0.064249 -0.040119 0
0.727250 0.150154 0.013108 0
-0.103331 0.112487 0.202846 0
-0.037563 0.022474 -0.133082 0
0.508537 0.215603 0.031818 0
0.011058 -0.047197 -0.013829 0
0.093362 0.235671 0.310322 0
0.040618 -0.559230 -0.121288 0
0.723779 0.135856 -0.092493 0
-0.103386 0.165580 0.270909 0
-0.566786 0.088298 -0.107924 0
-0.092476 0.140026 -0.239632 0
0.069216 -0.066475 -0.077382 0
-0.648286 0.056402 0.000549 0
0.002930 0.015620 -0.097999 0
-0.835887 -0.037137 0.041497 0
-0.006518 -0.235810 -0.043865 0
0.835807 0.060161 -0.107832 0
-0.058375 -0.173865 -0.061750 0
0.293481 0.178164 -0.183405 0
0.040236 0.265444 0.458313 0
-0.063663 0.207341 0.246825 0
-0.071456 -0.117250 -0.066892 0
0.053774 -0.423949 -0.080748 0
-0.792503 -0.009905 -0.100383 0
0.058143 -0.817385 -0.124364 0
0.101407 -0.698151 -0.111137 0
-0.701515 0.036799 -0.000192 0
0.039003 -0.168978 -0.094656 0
-0.569935 0.079506 0.058797 0
-0.078224 0.111427 -0.177138 0
-0.008856 0.010287 -0.049398 0
0.095617 -0.019667 -0.058367 0
0.363582 0.192484 -0.121871 0
-0.068001 -0.046946 -0.080398 0
-0.360546 0.052038 -0.109114 0
-0.102155 0.152927 -0.181255 0
-0.484125 0.079200 0.068101 0
-0.865893 -0.059090 -0.082050 0
-0.419816 0.094692 0.040439 0
0.275482 0.148705 -0.048831 0
0.000999 0.086630 -0.147546 0
-0.582145 0.076280 -0.053675 0
-0.323613 0.038620 -0.053868 0
-0.101765 0.128958 0.247147 0
0.171741 0.009421 -0.068369 0
-0.109105 0.143105 0.336726 0
-0.002802 -0.397652 -0.087045 0
-0.027875 0.285144 0.525604 0
-0.553703 0.078747 0.014361 0
-0.019857 -0.087583 -0.070681 0
0.793269 0.090946 -0.107646 0
-0.690256 0.039300 0.082526 0
0.012270 0.156317 0.121224 0
-0.285112 0.011607 -0.092494 0
0.632290 0.180356 -0.026119 0
0.498683 0.205765 -0.053619 0
-0.809382 -0.029121 0.080815 0
0.199706 0.050800 -0.064680 0
-0.054659 0.252016 0.431453 0
0.850154 0.075031 -0.013117 0
0.713680 0.132428 -0.135188 0
0.143086 -0.002323 -0.038617 0
0.633712 0.185950 0.026850 0
0.511854 0.203643 -0.107938 0
-0.033488 0.033999 -0.086881 0
-0.418489 0.076908 -0.148357 0
0.431137 0.210368 0.027339 0
-0.217264 -0.008441 -0.058469 0
0.094683 -0.968865 -0.174887 0
-0.063758 0.012224 0.014647 0
-0.501456 0.079471 -0.157397 0
0.588404 0.188799 -0.147689 0
-0.047635 0.069981 0.057632 0
0.000831 0.183261 0.187978 0
0.014645 -0.291283 -0.089865 0
-0.499943 0.082357 -0.053859 0
0.073708 0.248136 0.439818 0
0.246808 0.124228 -0.000698 0
-0.768310 0.016652 -0.079869 0
-0.732672 0.037443 -0.134441 0
0.042901 -0.596079 -0.139683 0
0.579120 0.195791 -0.040020 0
-0.016340 -0.129773 -0.081357 0
0.309437 0.172189 0.013796 0
-0.755990 0.008969 0.026608 0
0.555184 0.208291 0.014426 0
-0.013734 -0.060950 -0.107261 0
0.092844 -0.883369 -0.159152 0
0.585887 0.188209 0.051241 0
-0.021434 -0.067132 -0.035891 0
0.312280 0.176431 -0.111566 0
0.885433 0.020129 -0.067535 0
0.054927 -0.116397 -0.079462 0
0.079657 -0.639813 -0.134000 0
0.053221 -0.667633 -0.111023 0
-0.875671 -0.050214 -0.040062 0
-0.926139 -0.089118 -0.036394 0
-0.014155 0.087912 0.070994 0
-0.129490 -0.122981 -0.079519 0
-0.064073 0.009597 -0.095657 0
-0.648154 0.074529 -0.134643 0
-0.821851 -0.019992 -0.026353 0
0.862379 0.049397 -0.080772 0
-0.084694 0.071574 -0.121551 0
0.217936 0.098695 -0.053896 0
0.310632 0.164813 -0.067595 0
-0.756493 0.007066 0.081823 0
0.064507 -0.894904 -0.134833 0
0.689272 0.159665 -0.028149 0
0.458729 0.206726 -0.040579 0
0.060265 0.076410 -0.145434 0
-0.634700 0.062482 0.095759 0
0.251075 0.132776 -0.074697 0
0.497021 0.208789 -0.147803 0
0.579365 0.191892 -0.093661 0
0.282012 0.169130 -0.134767 0
0.096493 -0.924438 -0.152912 0
0.080863 -0.830857 -0.156652 0
-0.111752 -0.078647 -0.067339 0
-0.873360 -0.075202 0.080359 0
-0.185396 -0.058477 -0.079231 0
-0.356540 0.055047 -0.065024 0
-0.718361 0.032273 -0.040570 0
0.376707 0.201012 -0.161823 0
-0.040738 0.180155 -0.243903 0
0.066314 0.194735 0.149126 0
0.026625 -0.465592 -0.085386 0
-0.554594 0.073916 -0.027464 0
0.767000 0.124212 -0.040637 0
-0.705568 0.052112 -0.108620 0
-0.498435 0.086755 0.027600 0
0.404909 0.199944 -0.094625 0
0.671595 0.153611 -0.148890 0
-0.003714 -0.339606 -0.071426 0
0.274133 0.149019 -0.010980 0
0.375998 0.198617 0.026878 0
-0.027443 0.159157 -0.197010 0
-0.288625 0.027110 -0.037738 0
-0.014552 -0.282605 -0.056121 0
-0.391142 0.070038 -0.121925 0
0.085380 0.145014 0.121299 0
0.056894 -0.776585 -0.147480 0
-0.026807 0.003021 0.013460 0
-0.865324 -0.056080 0.027658 0
-0.081823 0.182817 0.408313 0
0.088153 -0.560722 -0.127884 0
-0.099725 0.170763 0.359963 0
-0.023667 -0.046544 -0.000342 0
0.082132 -0.615026 -0.096575 0
-0.014284 0.104940 -0.188041 0
0.000416 0.262117 0.552485 0
0.027856 0.186602 0.213090 0
-0.026557 0.209408 0.242263 0
-0.042007 -0.205691 -0.082054 0
0.037388 -0.385752 -0.092416 0
0.112846 0.245797 0.192365 0
0.090652 0.244019 0.376441 0
0.700798 0.150063 -0.067706 0
0.059306 -0.707953 -0.144290 0
0.832635 0.031544 -0.130235 0
-0.024879 -0.101586 -0.116346 0
0.620396 0.172173 -0.199368 0
0.012493 0.177277 0.152706 0
0.098835 -0.734097 -0.108888 0
-0.391746 0.063447 -0.040666 0
-0.020344 0.091698 0.110856 0
0.101481 -0.799236 -0.123061 0
0.054839 -0.590939 -0.096117 0
0.790736 0.094483 0.019499 0
0.040142 0.139916 0.094386 0
0.107097 -0.041855 -0.088529 0
0.020636 -0.243203 -0.096896 0
-0.766115 0.010941 -0.039614 0
-0.822763 -0.011095 -0.081637 0
0.780201 0.086622 -0.148056 0
-0.105880 0.206006 -0.265388 0
-0.000980 -0.114642 -0.043312 0
0.552786 0.197901 -0.202026 0
-0.578878 0.084082 -0.157292 0
0.046780 -0.443959 -0.114734 0
0.327079 0.188601 -0.185209 0
-0.419133 0.078085 -0.000267 0
-0.648274 0.062232 -0.067604 0
0.096295 -0.065062 -0.039479 0
0.094183 0.216890 0.215143 0
0.113017 0.214064 0.386139 0
-0.026672 -0.007839 -0.081578 0
0.373828 0.187646 -0.056686 0
-0.002545 0.017073 -0.136004 0
-0.085273 0.173851 -0.250387 0
0.026458 -0.357075 -0.068081 0
-0.004358 0.023178 0.053283 0
-0.339930 0.025217 -0.117127 0
0.511858 0.207687 0.065502 0
-0.918517 -0.086282 0.012816 0
-0.067497 0.047379 -0.148632 0
-0.030436 0.031924 0.075101 0
0.010760 -0.193426 -0.086201 0
-0.809563 -0.019704 0.014658 0
-0.259608 0.000901 -0.067402 0
0.753521 0.123051 -0.080791 0
0.753807 0.136672 0.040496 0
-0.472624 0.081205 -0.023305 0
-0.006371 0.241575 0.308844 0
0.054740 0.264486 0.512362 0
0.069852 -0.506466 -0.118325 0
-0.057485 0.085024 0.127323 0
0.704614 0.159940 0.040306 0
0.665665 0.146165 -0.195432 0
0.079782 -0.923123 -0.117777 0
0.817347 0.083591 -0.079456 0
0.025624 0.224086 0.242413 0
0.107720 0.236436 0.246882 0
-0.107147 0.203520 0.364669 0
0.130208 -0.041129 -0.058474 0
-0.620762 0.064792 0.026220 0
0.848654 0.074554 0.026684 0
0.636757 0.174363 -0.080998 0
-0.447563 0.079246 0.050960 0
0.036254 0.105279 0.082815 0
0.808194 0.099403 -0.039613 0
0.161488 0.046665 -0.080902 0
-0.216676 -0.033865 -0.079901 0
0.028617 -0.235655 -0.054035 0
-0.055824 -0.007929 -0.025493 0
0.059157 -0.740543 -0.105959 0
0.225896 0.105821 -0.018688 0
-0.043720 0.093813 -0.172735 0
0.337418 0.180322 -0.039925 0
-0.094961 0.194877 0.296769 0
0.089674 -0.695209 -0.144246 0
-0.060701 0.255233 0.465741 0
0.464647 0.215493 0.031259 0
-0.090310 0.140016 0.216115 0
-0.005972 0.136441 -0.166386 0
-0.091584 0.127619 -0.201981 0
0.159071 0.217467 0.190948 0
0.161768 0.222879 0.242498 0
-0.066943 0.233222 0.378506 0
-0.701406 0.043591 -0.066864 0
-0.041472 0.220851 0.268871 0
0.077416 0.212580 0.275802 0
-0.039964 0.235976 0.309547 0
0.025142 -0.430458 -0.067251 0
0.046331 -0.561271 -0.153016 0
0.040287 -0.088048 -0.069952 0
0.022926 0.270272 0.485138 0
-0.063171 0.241535 0.524537 0
0.185400 0.030369 -0.044210 0
0.257555 0.152908 -0.121465 0
-0.694264 0.024865 0.117487 0
-0.039809 0.218859 -0.270446 0
-0.003471 0.168015 -0.229129 0
-0.365118 0.071411 -0.000120 0
0.062488 -0.455721 -0.089459 0
0.443888 0.204592 -0.108054 0
-0.053896 -0.008067 -0.120215 0
-0.649918 0.056553 0.056124 0
0.092489 0.187806 0.235350 0
0.074146 -0.955012 -0.154886 0
0.389440 0.200630 -0.026704 0
-0.139598 -0.085825 -0.046350 0
-0.517742 0.077703 0.087915 0
0.111429 0.214165 0.324961 0
-0.055065 0.140773 -0.189358 0
-0.016918 -0.158096 -0.067268 0
-0.014375 0.058475 -0.134453 0
-0.721941 0.026883 0.085013 0
-0.419752 0.069245 -0.053776 0
0.741301 0.113985 -0.148458 0
-0.066946 0.125980 0.148980 0
-0.015172 0.129478 0.122311 0
0.077508 0.164160 0.097846 0
0.034472 -0.414330 -0.117541 0
-0.101224 0.094557 -0.141275 0
-0.473217 0.082110 -0.080607 0
0.317736 0.173137 0.050493 0
-0.594855 0.074504 0.080634 0
-0.356571 0.074147 0.048270 0
-0.891794 -0.083097 -0.040861 0
0.444348 0.200508 0.055078 0
-0.066082 -0.151904 -0.088182 0
-0.753022 0.004343 0.117679 0
0.067103 0.204931 0.188655 0
-0.858413 -0.051992 0.066428 0
0.048792 -0.649593 -0.142653 0
0.626703 0.175340 -0.153018 0
-0.036798 -0.060130 -0.081751 0
0.027295 0.075089 -0.129987 0
-0.593196 0.073523 0.039512 0
-0.335228 0.045030 0.000940 0
-0.016690 -0.004745 0.049398 0
-0.037682 -0.023365 0.024822 0
0.552389 0.188216 0.040776 0
0.065468 0.240792 0.296128 0
0.512582 0.206481 -0.202884 0
-0.590498 0.098005 -0.124687 0
0.696747 0.162993 0.001343 0
0.740565 0.138898 -0.013004 0
-0.081190 0.195143 0.268647 0
0.028016 -0.129821 -0.071257 0
0.878130 0.023748 -0.019834 0
-0.297080 0.023692 -0.067335 0
-0.471956 0.100685 0.092374 0
-0.526224 0.088492 -0.093856 0
-0.041442 0.165770 0.175434 0
-0.852449 -0.031630 -0.080586 0
-0.390833 0.048767 -0.012973 0
0.552001 0.198631 -0.162443 0
-0.027695 0.265509 0.444742 0
0.525681 0.203317 -0.134785 0
-0.088607 0.072253 0.147268 0
0.228277 0.100231 -0.090621 0
0.068229 -0.558685 -0.084630 0
-0.164914 -0.047820 -0.059957 0
0.080979 -0.101482 -0.078036 0
-0.701995 0.035419 0.054268 0
-0.015909 0.254742 0.376515 0
0.076957 -0.871438 -0.120822 0
-0.067842 0.184725 -0.228496 0
-0.090955 0.204344 0.325909 0
0.120182 0.153197 0.121240 0
-0.525969 0.077107 -0.039533 0
-0.090381 0.123317 0.175471 0
0.403815 0.197141 -0.052700 0
0.027329 0.265678 0.431351 0
0.107878 0.194675 0.153596 0
0.849238 0.044012 -0.052311 0
0.036439 -0.456463 -0.139739 0
0.647461 0.167551 -0.122134 0
0.606562 0.183346 -0.175540 0
-0.100167 -0.119360 -0.076414 0
-0.029766 0.208109 -0.243747 0
0.138017 0.216534 0.263244 0
-0.110753 0.100939 0.229154 0
0.078974 -0.511267 -0.084829 0
-0.049611 0.243147 0.356504 0
0.052570 0.254353 0.323732 0
0.485185 0.211945 -0.174700 0
0.037518 -0.304264 -0.067399 0
-0.002627 -0.140925 -0.029990 0
0.001819 -0.221466 -0.088236 0
-0.581056 0.065222 0.105188 0
0.336619 0.182783 0.000057 0
0.549514 0.202176 -0.039959 0
-0.818096 -0.012730 -0.119391 0
-0.057178 0.043536 -0.121352 0
-0.359561 0.037258 -0.135405 0
0.053944 -0.533078 -0.121037 0
0.075564 -0.682810 -0.099584 0
-0.819537 -0.038055 0.106843 0
-0.712343 0.029444 0.026030 0
-0.890424 -0.064534 0.013253 0
-0.472754 0.087234 -0.121327 0
-0.323612 0.048795 -0.026484 0
0.117898 0.218622 0.296862 0
-0.472320 0.092814 0.039622 0
-0.027953 0.268501 0.499540 0
-0.430950 0.074931 -0.026694 0
0.011433 0.245686 0.604375 0
-0.030796 0.237541 0.557422 0
0.444409 0.211800 -0.174491 0
0.566455 0.202955 -0.011740 0
0.093242 -0.855689 -0.148297 0
-0.243365 -0.019499 -0.052518 0
-0.063185 0.084645 -0.153352 0
0.580657 0.203837 0.027431 0
-0.100645 0.078629 0.213733 0
0.063640 -0.976097 -0.118968 0
0.040479 -0.546165 -0.094259 0
0.122340 0.217630 0.177280 0
-0.129549 0.163525 0.337057 0
-0.116269 0.165177 0.296761 0
0.364877 0.193033 0.052937 0
0.485515 0.208899 -0.028126 0
-0.663348 0.050847 0.081006 0
0.030133 -0.491596 -0.107011 0
-0.015442 -0.033674 -0.094814 0
0.093424 0.244815 0.337569 0
0.726911 0.113051 -0.174622 0
0.092247 0.127699 0.095576 0
-0.069772 -0.144676 -0.058780 0
-0.606763 0.073132 -0.068597 0
-0.433044 0.071970 0.027375 0
0.002177 -0.371860 -0.071453 0
0.484644 0.205499 -0.122226 0
-0.764688 0.002760 0.053126 0
-0.513143 0.091427 -0.134223 0
0.445472 0.208729 -0.012656 0
0.026857 0.243315 0.274110 0
0.179134 0.069571 -0.070863 0
-0.111039 0.086100 -0.112870 0
-0.674329 0.047504 0.012584 0
-0.116315 0.138253 0.269752 0
-0.000991 -0.088284 -0.027087 0
0.660826 0.177467 0.028041 0
0.082631 -0.044906 -0.056910 0
0.810164 0.071066 -0.040132 0
0.404302 0.205142 0.013147 0
-0.103464 0.203268 0.400375 0
-0.006306 -0.152018 -0.104085 0
-0.527161 0.084988 0.025418 0
-0.105999 0.097312 0.179028 0
0.004928 -0.303138 -0.054448 0
0.007264 -0.211428 -0.060209 0
0.822917 0.056487 -0.068887 0
-0.743087 0.034179 -0.108313 0
0.093669 -0.761641 -0.134146 0
0.041741 0.255021 0.363717 0
-0.023098 -0.008158 -0.145161 0
-0.003948 0.269888 0.590412 0
-0.027297 0.063709 0.076940 0
0.701276 0.142252 -0.108145 0
-0.418731 0.072812 -0.081666 0
-0.741307 0.024208 -0.054697 0
0.391016 0.205651 -0.199456 0
0.079109 0.245887 0.406064 0
0.672499 0.162854 -0.080166 0
0.027138 0.172920 0.188006 0
0.820253 0.097137 0.013724 0
0.377782 0.192891 -0.093493 0
-0.374389 0.079650 0.027332 0
0.026531 0.253476 0.337872 0
0.604838 0.191395 -0.024272 0
-0.074156 0.240349 0.491889 0
-0.062825 0.166148 0.202314 0
-0.905213 -0.097441 0.037684 0
0.472403 0.201722 -0.065710 0
-0.676279 0.065676 -0.120978 0
-0.036376 -0.040752 -0.125912 0
-0.070719 0.220779 0.431550 0
0.403696 0.187937 0.038748 0
-0.068887 0.232740 -0.313486 0
0.115134 -0.931357 -0.127467 0
0.646130 0.181085 0.053588 0
0.012720 0.261147 0.391644 0
-0.580014 0.079819 -0.081116 0
-0.189063 -0.071082 -0.054786 0
-0.006087 -0.098603 -0.094752 0
-0.081793 0.211311 -0.283445 0
0.862840 0.048649 -0.011567 0
0.012368 -0.262993 -0.062625 0
-0.788732 -0.040872 0.094840 0
0.337012 0.184946 -0.120132 0
-0.920552 -0.106080 -0.015461 0
-0.418711 0.088629 0.067233 0
-0.874079 -0.052098 -0.012688 0
-0.648706 0.073080 -0.107205 0
0.066412 -0.748188 -0.139291 0
0.016463 0.061067 -0.107600 0
0.498276 0.203580 -0.080952 0
-0.004989 0.192697 -0.242698 0
0.579461 0.190249 -0.121837 0
-0.110262 0.046160 -0.116976 0
-0.043810 0.142182 0.161719 0
-0.024743 -0.223605 -0.094402 0
0.021090 -0.404359 -0.074227 0
-0.003066 0.077103 0.095537 0
0.430832 0.207997 -0.148269 0
0.606879 0.183738 -0.094399 0
0.075447 0.250776 0.523710 0
-0.326629 0.014031 -0.065348 0
-0.591892 0.067984 -0.027596 0
-0.258816 0.027922 -0.043886 0
0.107623 -0.867892 -0.122331 0
0.606485 0.195079 0.028163 0
-0.539026 0.091203 -0.120936 0
0.247921 0.134633 -0.028503 0
-0.027760 0.259625 0.417937 0
-0.086259 0.087740 -0.188230 0
0.350034 0.195675 -0.161865 0
0.038588 0.182924 0.147715 0
-0.007366 -0.350573 -0.095965 0
-0.125321 0.159136 0.363466 0
0.090613 -0.668165 -0.122112 0
0.146105 0.019529 -0.054326 0
0.076332 -0.126614 -0.066394 0
-0.335763 0.043803 -0.080259 0
-0.092217 0.153777 -0.216332 0
0.626855 0.188647 0.000828 0
-0.039424 0.163258 -0.220871 0
-0.015705 -0.223529 -0.067624 0
-0.000448 0.252953 0.337122 0
0.430483 0.204737 -0.040379 0
-0.042462 -0.157316 -0.075896 0
-0.484700 0.083721 0.000664 0
0.051055 0.216049 0.247696 0
-0.541591 0.088129 0.081060 0
0.067710 -0.683138 -0.133620 0
0.498495 0.212660 -0.000267 0
0.037794 -0.157091 -0.067358 0
-0.782208 0.014721 -0.106702 0
-0.620472 0.082058 -0.120911 0
0.052289 0.100806 -0.137800 0
-0.620802 0.063531 -0.013379 0
-0.040209 -0.014270 -0.057823 0
-0.813609 -0.029898 0.054430 0
-0.787255 -0.015011 0.075818 0
0.660682 0.171796 -0.025908 0
-0.049942 0.206214 -0.297431 0
0.013709 0.268217 0.458493 0
-0.823119 -0.016973 -0.055629 0
-0.645991 0.056441 0.028327 0
-0.500001 0.084908 -0.080391 0
-0.001063 0.267609 0.512971 0
-0.045561 -0.199583 -0.056368 0
0.771832 0.105152 -0.100750 0
-0.041335 0.262003 0.526798 0
0.553139 0.197146 -0.094257 0
-0.037810 -0.167527 -0.046100 0
0.012859 -0.330572 -0.090159 0
0.564720 0.194036 -0.066894 0
0.026562 0.262821 0.566451 0
-0.676441 0.052588 -0.067226 0
-0.648942 0.055113 -0.027434 0
-0.444510 0.078810 -0.081787 0
0.065443 -0.574110 -0.129876 0
-0.068500 0.223184 0.323010 0
-0.833928 -0.042331 0.068804 0
0.539526 0.211259 0.039642 0
0.629851 0.177843 -0.053999 0
-0.797646 -0.006284 -0.026739 0
0.809487 0.075093 -0.121049 0
-0.063278 0.111965 0.122647 0
-0.643374 0.054665 0.119356 0
-0.212262 -0.055342 -0.065334 0
0.048630 -0.131643 -0.055001 0
0.080747 0.168693 0.134066 0
0.753097 0.136530 0.014215 0
-0.178381 -0.084032 -0.080091 0
0.042562 -0.330027 -0.067860 0
0.213611 0.076333 -0.066943 0
-0.673461 0.045948 -0.013604 0
-0.011974 -0.274872 -0.081186 0
0.281328 0.169936 -0.160878 0
0.068629 -0.841256 -0.124297 0
0.768174 0.106716 0.023874 0
-0.062298 0.192563 0.221803 0
-0.445886 0.082480 -0.135218 0
0.083574 0.209847 0.250712 0
0.025157 -0.182043 -0.067842 0
0.801929 0.107961 -0.011303 0
-0.151397 -0.105827 -0.057860 0
0.049014 0.129555 0.072379 0
0.175929 0.201286 0.244048 0
0.016674 0.101798 -0.161331 0
0.161981 0.226467 0.215088 0
0.057836 -0.802350 -0.147162 0
-0.864637 -0.046014 -0.104234 0
0.525272 0.210987 0.012447 0
-0.103170 -0.142648 -0.058793 0
0.179708 0.067831 -0.045196 0
0.150906 0.022611 -0.079374 0
0.445488 0.211057 -0.201298 0
-0.240778 -0.045472 -0.062973 0
-0.567613 0.090058 -0.135098 0
0.042107 -0.495276 -0.081736 0
0.062125 -0.936627 -0.133311 0
0.080837 -0.573478 -0.106978 0
-0.218012 -0.033755 -0.043731 0
0.324724 0.176435 -0.085357 0
0.734839 0.134976 -0.068388 0
-0.843025 -0.031189 -0.034735 0
0.070187 0.240641 0.471394 0
-0.016643 0.199515 0.215110 0
-0.418000 0.078091 -0.121908 0
0.798792 0.105960 0.040613 0
0.156410 0.018901 -0.031331 0
0.097872 -0.774737 -0.112717 0
-0.014426 0.046213 0.054586 0
0.039459 -0.571138 -0.097575 0
-0.133037 0.074736 -0.108672 0
0.119284 -0.009365 -0.058677 0
-0.013707 0.018054 0.030565 0
-0.314768 0.048945 0.014917 0
0.044703 -0.506080 -0.121397 0
0.834562 0.063698 0.002926 0
-0.015952 0.138120 -0.189331 0
0.404377 0.205835 -0.160254 0
-0.450535 0.081158 -0.008490 0
0.056541 -0.522320 -0.092114 0
0.825257 0.067254 -0.020595 0
0.720295 0.133694 0.041119 0
-0.089038 0.216199 0.376197 0
-0.918831 -0.110965 0.021787 0
0.093996 -0.063037 -0.088463 0
0.218068 0.121913 -0.098381 0
-0.120394 0.181954 0.350966 0
-0.046326 -0.133731 -0.063636 0
-0.086903 0.171313 0.253255 0
-0.536414 0.081232 -0.003277 0
0.033333 0.239173 0.569719 0
0.010661 0.103310 0.071845 0
0.083120 0.224480 0.394329 0
0.027709 0.098180 -0.139520 0
-0.087760 0.054128 -0.098948 0
0.076276 -0.717423 -0.097320 0
-0.510681 0.095003 0.071845 0
-0.011658 -0.167512 -0.045155 0
0.066518 0.140128 0.094858 0
0.011691 -0.266906 -0.089195 0
-0.553825 0.083208 0.040630 0
-0.011181 -0.064686 -0.072169 0
-0.007052 -0.110854 -0.019665 0
0.128723 0.185382 0.162554 0
0.053866 0.259803 0.431383 0
-0.844925 -0.057220 -0.035317 0
0.202622 0.048331 -0.040480 0
0.713095 0.152148 -0.013317 0
0.055191 -0.627585 -0.134044 0
0.300151 0.162007 0.037715 0
0.055603 -0.141666 -0.080193 0
0.525153 0.203202 -0.040872 0
-0.367205 0.047674 -0.007001 0
-0.344768 0.036149 -0.026101 0
-0.053310 -0.007422 0.001505 0
0.030633 0.175162 0.125506 0
0.825630 0.093154 -0.013370 0
-0.027130 0.020662 -0.067623 0
0.176303 0.033878 -0.066658 0
-0.875730 -0.062702 0.053379 0
-0.027298 0.216715 -0.292251 0
-0.239285 0.013541 -0.064433 0
-0.027078 0.173447 0.196782 0
-0.051718 0.117430 -0.184356 0
-0.129100 0.141105 0.323460 0
-0.892694 -0.059718 -0.054491 0
-0.405742 0.075246 0.040290 0
0.067919 0.251333 0.378696 0
0.107305 -0.047251 -0.054835 0
0.054734 -0.176267 -0.078087 0
0.060577 -0.885282 -0.156442 0
-0.017006 0.003455 -0.122389 0
0.839978 0.039470 -0.096525 0
0.386191 0.198353 -0.003106 0
-0.031993 -0.006846 -0.106046 0
-0.363073 0.054834 0.016994 0
-0.066839 0.075175 0.105439 0
-0.889821 -0.062197 -0.080261 0
-0.054132 0.214308 -0.319515 0
-0.001117 0.224845 0.241550 0
0.737490 0.123756 -0.107785 0
-0.043945 -0.180832 -0.079507 0
0.001274 0.139417 0.108236 0
0.065418 -0.636499 -0.098051 0
0.058606 -0.725322 -0.128021 0
-0.390820 0.072571 -0.013230 0
0.108058 0.127636 0.135584 0
0.045043 0.203014 0.211716 0
0.056107 -0.599211 -0.120150 0
-0.040358 0.265764 0.472127 0
-0.402742 0.067057 -0.163175 0
0.034784 -0.266451 -0.078576 0
0.233312 0.142157 -0.136209 0
0.594885 0.188248 0.073165 0
-0.026078 0.131154 0.146596 0
0.866569 0.024233 -0.081206 0
0.688730 0.145420 -0.134845 0
0.257377 0.142011 -0.142421 0
0.229982 0.113683 -0.067586 0
0.090674 -0.631118 -0.115069 0
-0.527266 0.088153 0.106754 0
0.292353 0.160183 -0.001089 0
-0.089540 0.064742 -0.184495 0
0.889662 0.035699 -0.001884 0
-0.065176 0.216722 0.273886 0
-0.264988 -0.027797 -0.062761 0
0.080744 -0.815346 -0.118759 0
0.112833 -0.974643 -0.125396 0
0.054019 0.264413 0.486485 0
-0.103120 0.102071 0.251157 0
-0.002234 0.034804 -0.120873 0
0.578825 0.193320 -0.175816 0
0.055447 -0.444339 -0.069623 0
0.686866 0.167891 0.027497 0
0.690437 0.158731 0.067416 0
0.069030 -0.612576 -0.145193 0
0.040334 0.265187 0.538932 0
-0.014826 -0.043968 0.020974 0
-0.001045 -0.042110 -0.111993 0
-0.284781 -0.011001 -0.063216 0
-0.101213 0.077044 0.168815 0
-0.122678 -0.099076 -0.068339 0
-0.723583 0.027057 0.000201 0
0.688554 0.144253 -0.161577 0
-0.472019 0.098904 0.067993 0
-0.794964 0.003208 -0.081523 0
0.028064 -0.312525 -0.093409 0
-0.827504 -0.029709 -0.000252 0
0.077795 0.259057 0.459774 0
-0.037849 -0.033014 -0.080402 0
0.025036 -0.412078 -0.095597 0
0.822897 0.074027 0.019928 0
-0.116931 0.094565 0.207859 0
-0.026221 0.083980 -0.149339 0
0.062538 0.109916 -0.156293 0
0.026016 0.079694 -0.098046 0
-0.072027 0.241555 0.442333 0
0.054937 -0.102274 -0.058145 0
0.878345 -0.003904 -0.047819 0
-0.010016 0.150717 0.138948 0
0.783238 0.116663 -0.026403 0
-0.188337 -0.032400 -0.066498 0
0.014135 -0.276102 -0.044023 0
0.106669 -0.976269 -0.147872 0
0.685437 0.137655 -0.187435 0
-0.303218 0.021361 -0.102317 0
0.072644 -0.911012 -0.156378 0
-0.567267 0.082384 0.081219 0
0.261606 0.135412 0.012478 0
0.240137 0.132589 -0.094625 0
-0.560418 0.080969 -0.058971 0
0.066984 -0.492652 -0.094613 0
-0.369929 0.056926 -0.130737 0
0.574353 0.202151 0.067153 0
0.144071 -0.018513 -0.054523 0
0.840232 0.065354 -0.086166 0
0.528450 0.192798 0.046814 0
-0.012641 0.111741 0.095578 0
-0.000107 -0.167929 -0.078854 0
0.486508 0.213699 0.025717 0
0.056043 -0.761588 -0.124310 0
0.082874 -0.077525 -0.052615 0
0.049153 0.258998 0.565823 0
-0.160724 -0.073012 -0.053884 0
0.497231 0.217195 0.051304 0
0.027939 -0.472943 -0.119381 0
-0.001937 -0.303836 -0.081317 0
0.245743 0.123559 -0.054908 0
-0.022766 -0.094556 -0.018488 0
-0.861356 -0.039232 -0.053404 0
-0.040670 0.047296 0.054960 0
-0.495735 0.094979 0.055186 0
-0.740417 0.015405 0.094848 0
0.011803 0.253701 0.580436 0
0.008942 -0.329355 -0.056231 0
-0.921561 -0.084040 -0.012421 0
-0.092459 0.152552 0.242686 0
0.061015 -0.607356 -0.082470 0
-0.016497 0.098936 -0.166768 0
0.104014 0.233761 0.391072 0
-0.027091 0.258929 0.552758 0
-0.068503 -0.180819 -0.080223 0
0.081810 -0.748117 -0.111159 0
0.021248 -0.222833 -0.077666 0
0.767459 0.100488 -0.134552 0
-0.058651 -0.067397 -0.086239 0
-0.254239 -0.009095 -0.088291 0
0.630837 0.169240 0.042922 0
-0.692629 0.039383 0.026558 0
-0.740071 0.017303 0.013787 0
0.123044 0.212037 0.366604 0
-0.105597 0.117871 0.266317 0
0.044934 0.197402 0.237675 0
-0.059450 0.241438 0.400009 0
-0.078518 -0.166037 -0.065899 0
0.006514 0.242094 0.291019 0
0.008401 -0.068970 -0.012338 0
-0.086933 0.173330 -0.224865 0
0.850721 0.062359 -0.066478 0
-0.020856 -0.257044 -0.069464 0
-0.593570 0.084159 -0.107938 0
-0.084738 -0.134909 -0.075182 0
-0.555992 0.083539 -0.081362 0
0.426722 0.201563 -0.088197 0
0.090985 -0.814363 -0.146479 0
0.296563 0.178754 -0.147929 0
0.295494 0.159305 -0.041111 0
0.010913 -0.138769 -0.081478 0
-0.811753 -0.022370 -0.096755 0
0.107203 0.199293 0.246675 0
-0.075543 0.102665 0.140664 0
0.231056 0.110028 -0.040673 0
0.012454 -0.085805 -0.081098 0
0.034611 -0.356851 -0.094461 0
-0.041598 -0.021400 -0.134404 0
-0.015191 -0.062653 -0.012255 0
-0.040716 0.101403 0.108652 0
-0.005904 -0.035598 -0.006465 0
-0.794290 0.003451 -0.120823 0
-0.071605 0.029398 -0.100459 0
-0.665549 0.065691 -0.144181 0
-0.015282 -0.142009 -0.052772 0
0.151519 0.210239 0.279474 0
0.133856 0.223709 0.243185 0
-0.307620 0.034166 -0.027283 0
-0.012435 -0.131214 -0.103995 0
0.390086 0.199365 -0.120869 0
0.350621 0.190920 0.014434 0
-0.876251 -0.048265 -0.066436 0
-0.052143 -0.007343 0.023487 0
-0.101082 0.186083 0.417577 0
0.012793 0.234444 0.256390 0
-0.702375 0.036919 -0.026797 0
0.519057 0.202668 -0.086787 0
0.050665 -0.397784 -0.080352 0
-0.755761 0.009742 0.000247 0
-0.151864 -0.101055 -0.078898 0
-0.053439 0.235609 0.336669 0
-0.524562 0.086339 -0.161770 0
0.103349 -0.955640 -0.160250 0
-0.053499 0.197489 -0.243040 0
-0.042776 0.187472 -0.223750 0
-0.016976 -0.022557 0.012664 0
0.150570 0.003415 -0.067860 0
0.172790 0.200085 0.202453 0
0.090525 -0.590797 -0.094589 0
0.084496 -0.781063 -0.134506 0
-0.005021 0.171696 0.170488 0
-0.089032 0.136673 0.192210 0
0.587869 0.190438 -0.062612 0
0.681788 0.162051 -0.049706 0
-0.048967 0.072092 0.082554 0
-0.042206 0.197522 0.227367 0
0.176822 0.079110 -0.089906 0
0.645390 0.166652 -0.147167 0
0.213047 0.091051 -0.027986 0
-0.903962 -0.074223 0.026695 0
-0.102601 0.161476 -0.248291 0
0.098142 -0.883785 -0.138441 0
0.673104 0.150921 -0.175973 0
-0.234246 -0.018408 -0.089956 0
-0.001296 -0.086712 -0.127489 0
0.086158 -0.711763 -0.117194 0
-0.064085 0.176544 -0.247807 0
-0.073441 0.183778 0.242428 0
0.013047 -0.385301 -0.094033 0
-0.046015 0.175772 -0.205053 0
0.769122 0.127681 0.026897 0
-0.656593 0.053996 0.102814 0
0.054302 0.151756 0.108635 0
-0.276379 0.015516 -0.050539 0
0.067992 -0.088468 -0.067551 0
-0.026377 -0.115358 -0.093148 0
-0.412057 0.066125 0.022278 0
0.027549 -0.450927 -0.102960 0
-0.027729 -0.073680 -0.095209 0
0.036467 -0.255654 -0.059467 0
0.822505 0.049244 -0.135689 0
-0.098101 0.187469 -0.271752 0
0.799351 0.093812 -0.083490 0
-0.683887 0.040484 0.102587 0
-0.795697 -0.023698 0.107870 0
0.073127 -0.554227 -0.110577 0
0.605364 0.195273 0.054776 0
-0.029790 0.229826 0.283848 0
-0.309305 0.016747 -0.051732 0
-0.069079 0.097977 0.108143 0
0.792289 0.070094 -0.157663 0
0.093666 -0.087945 -0.068305 0
-0.039828 0.239409 0.538647 0
-0.473573 0.072116 0.042363 0
0.889658 0.019292 -0.040528 0
0.645561 0.179176 -0.000624 0
-0.579664 0.073328 0.014829 0
0.324061 0.180400 0.027114 0
0.057429 -0.823108 -0.145102 0
0.710760 0.148916 -0.049055 0
-0.081388 0.192781 -0.242154 0
0.075622 -0.660003 -0.144540 0
-0.050471 0.034801 -0.143789 0
-0.886194 -0.085060 0.067299 0
-0.287017 0.025049 -0.017111 0
0.812395 0.092134 -0.058604 0
0.017511 0.188668 0.176884 0
0.058260 -0.783591 -0.125578 0
0.768897 0.116716 -0.067018 0
-0.068035 0.237055 0.418355 0
-0.783860 -0.006150 0.028167 0
0.125882 0.200239 0.259256 0
-0.014526 0.172354 -0.211181 0
0.624893 0.174026 -0.177749 0
-0.844584 -0.071479 0.085271 0
0.027533 0.129652 0.081662 0
-0.717041 0.033554 -0.121532 0
-0.028067 0.083465 0.085578 0
0.276954 0.147900 -0.075572 0
0.648657 0.157775 -0.195940 0
-0.375487 0.066030 -0.025329 0
-0.481450 0.077207 -0.161711 0
-0.014869 0.152954 -0.220956 0
0.007096 -0.000670 -0.132108 0
-0.038881 -0.032733 -0.000323 0
0.621204 0.191400 0.042293 0
-0.029433 0.048610 -0.144296 0
0.276847 0.160952 -0.116676 0
0.836204 0.058222 -0.042367 0
-0.023708 -0.113177 -0.041400 0
0.012025 -0.129585 -0.048545 0
0.193973 0.082859 -0.066083 0
0.012740 0.195201 0.202266 0
-0.062542 0.217881 -0.285742 0
-0.311419 0.033132 -0.080618 0
0.118390 -0.031927 -0.044581 0
-0.003596 -0.113821 -0.081104 0
0.045294 -0.402322 -0.101322 0
0.031729 -0.341489 -0.081343 0
0.333160 0.173341 -0.067038 0
0.389736 0.195124 -0.067325 0
0.085952 0.222219 0.291619 0
-0.367617 0.057703 -0.081899 0
0.602636 0.184444 -0.133803 0
0.710286 0.111572 -0.162988 0
-0.742807 0.012485 0.043134 0
0.061942 0.201925 0.169243 0
0.009157 -0.231626 -0.059882 0
0.122315 -0.031921 -0.079573 0
-0.391046 0.081557 0.015131 0
0.039372 -0.410757 -0.068343 0
0.079856 0.217377 0.229426 0
-0.019988 0.254877 0.571233 0
-0.028894 0.140673 -0.205013 0
-0.377583 0.062708 -0.107259 0
-0.907626 -0.070600 -0.040059 0
0.634742 0.173384 -0.107590 0
-0.422499 0.058255 0.001210 0
-0.813580 -0.028501 -0.077268 0
-0.135744 -0.076078 -0.064666 0
-0.016388 -0.062765 0.009145 0
0.057122 -0.648165 -0.114411 0
0.565512 0.207200 0.040230 0
0.022451 -0.208287 -0.093010 0
-0.557637 0.079266 -0.151104 0
-0.841400 -0.027512 -0.058083 0
0.418632 0.206495 0.054027 0
-0.620760 0.065325 0.081607 0
0.798474 0.076312 -0.137774 0
0.173770 0.048660 -0.053353 0
-0.091588 0.204040 0.416502 0
-0.630992 0.064479 -0.137086 0
-0.446206 0.093082 0.036531 0
0.363470 0.190696 -0.039860 0
0.051539 -0.687500 -0.112366 0
0.027451 0.261700 0.405129 0
0.106767 0.146466 0.143630 0
-0.018062 0.118453 -0.163004 0
0.108598 0.222015 0.202366 0
0.645808 0.174206 -0.042627 0
0.851096 0.060982 -0.027217 0
-0.011614 -0.319441 -0.093114 0
0.006021 -0.416341 -0.101037 0
-0.405030 0.070301 -0.026984 0
-0.071746 0.063945 -0.158765 0
0.079505 -0.869994 -0.149613 0
0.039732 -0.425062 -0.098690 0
-0.826242 -0.058502 0.093523 0
0.080343 0.245170 0.322649 0
0.529483 0.197679 -0.197349 0
0.565815 0.194841 -0.148720 0
-0.741676 0.015220 0.068151 0
-0.486228 0.076886 -0.040624 0
-0.029608 0.123834 -0.190940 0
0.093675 -0.856371 -0.114215 0
-0.020011 0.219915 -0.270529 0
-0.690717 0.055958 -0.095270 0
-0.475945 0.081887 -0.060274 0
0.071965 -0.845661 -0.146945 0
-0.001131 0.265999 0.445564 0
0.794099 0.113147 0.013794 0
-0.000599 0.268208 0.486288 0
-0.447172 0.066518 0.014651 0
-0.711471 0.027866 0.108212 0
0.017808 -0.384985 -0.072026 0
-0.014515 -0.209441 -0.085143 0
0.686095 0.154344 -0.093918 0
-0.040022 0.005950 -0.121460 0
0.107392 0.219914 0.229480 0
-0.406441 0.073334 -0.106647 0
-0.094016 0.208661 0.350883 0
0.309869 0.171146 -0.174976 0
0.057109 -0.548205 -0.133280 0
0.824705 0.050953 -0.091684 0
0.053696 0.184007 0.135108 0
0.390149 0.204833 -0.175712 0
-0.458710 0.084447 0.068761 0
-0.834178 -0.038901 -0.080601 0
-0.825387 -0.029314 0.026828 0
-0.760740 0.025564 -0.107658 0
0.080384 0.212656 0.201825 0
-0.763025 0.006779 -0.112868 0
0.002282 0.071221 -0.135485 0
-0.109519 -0.138154 -0.076783 0
0.091036 -0.060225 -0.065780 0
0.512172 0.201138 -0.067369 0
-0.486119 0.087472 0.085740 0
0.053734 -0.438367 -0.093973 0
-0.098558 -0.101941 -0.067653 0
-0.000135 -0.289103 -0.067633 0
0.382383 0.202304 -0.143161 0
-0.459150 0.082648 -0.094142 0
-0.062771 0.165921 -0.229913 0
0.068644 -0.098944 -0.092934 0
0.161304 0.195213 0.261438 0
-0.071166 0.057101 -0.121265 0
0.040041 -0.451902 -0.078831 0
0.087742 -0.562113 -0.092750 0
-0.749175 0.027804 -0.130749 0
-0.878263 -0.071044 -0.067343 0
-0.746507 0.026681 -0.078678 0
-0.459117 0.097925 0.053459 0
-0.174027 -0.061228 -0.045974 0
0.039342 -0.492430 -0.134154 0
-0.081405 0.209338 0.309751 0
0.498619 0.209266 -0.188467 0
-0.386766 0.066247 -0.140460 0
0.084142 -0.937579 -0.160095 0
0.897327 0.025164 -0.022342 0
0.037213 0.160206 0.115074 0
-0.013686 0.264408 0.539401 0
0.077800 -0.532637 -0.120801 0
0.593285 0.187448 -0.080982 0
0.363435 0.197066 -0.147991 0
-0.078977 0.149274 0.203499 0
-0.053380 0.109422 -0.166713 0
-0.334491 0.028276 -0.041720 0
-0.125565 0.154957 0.310485 0
0.540190 0.208510 0.000449 0
0.458603 0.206264 -0.120431 0
0.297858 0.163276 -0.081954 0
0.430764 0.203775 -0.122146 0
-0.432468 0.074829 -0.161462 0
0.147635 0.230274 0.228106 0
-0.089908 0.101231 -0.201500 0
0.080716 0.206089 0.162437 0
-0.349817 0.048857 -0.093436 0
0.017433 -0.448676 -0.085826 0
-0.378924 0.059411 -0.054450 0
0.444515 0.214035 0.040687 0
0.143736 0.215775 0.179450 0
-0.337019 0.057215 -0.014211 0
-0.336305 0.049211 -0.040912 0
-0.832366 -0.040376 0.091857 0
0.321605 0.170514 -0.051965 0
0.458266 0.212268 0.013446 0
0.872153 0.028299 -0.040640 0
-0.045391 0.152936 -0.200604 0
-0.023256 0.019926 0.053671 0
0.350626 0.187017 -0.106793 0
-0.714317 0.045297 -0.092983 0
-0.629886 0.067617 -0.068212 0
0.027510 0.118162 -0.171218 0
-0.391129 0.087616 0.040726 0
0.026624 0.258253 0.378797 0
-0.014082 0.249472 0.351208 0
-0.024975 -0.050251 -0.094864 0
-0.012431 -0.104932 -0.066663 0
0.042706 -0.532158 -0.081436 0
-0.502153 0.078330 0.075691 0
0.735465 0.121245 -0.131780 0
-0.023835 -0.018875 0.038716 0
-0.090131 0.114171 -0.215534 0
0.295395 0.170037 -0.121185 0
-0.003228 -0.250214 -0.066865 0
0.387914 0.198080 0.042230 0
-0.809435 -0.006416 -0.066133 0
-0.254365 -0.003749 -0.044503 0
-0.100245 0.116823 0.230073 0
0.003576 -0.367401 -0.089936 0
-0.028776 -0.070126 -0.114541 0
-0.018085 0.003905 -0.068506 0
0.512293 0.206583 -0.027217 0
0.512266 0.207916 -0.161480 0
-0.025139 -0.207948 -0.059144 0
0.040924 -0.463258 -0.108575 0
0.057802 -0.667000 -0.131823 0
-0.486100 0.085341 -0.094507 0
0.024755 0.204896 0.217272 0
0.363653 0.199415 -0.175559 0
0.018254 0.134883 0.097414 0
0.077349 -0.895605 -0.120833 0
0.873930 0.044754 -0.066421 0
0.472105 0.215719 0.049126 0
0.085699 -0.688115 -0.114761 0
-0.013119 0.259028 0.404840 0
-0.114274 0.097491 -0.127802 0
0.067137 -0.964574 -0.133641 0
-0.850185 -0.042643 0.014464 0
0.824021 0.088954 -0.039875 0
-0.228221 -0.017430 -0.041292 0
0.091780 -0.909029 -0.121854 0
0.351642 0.187260 -0.188045 0
-0.405087 0.089594 0.054109 0
-0.038029 0.200485 -0.274685 0
-0.404715 0.074775 -0.135536 0
0.349349 0.181466 -0.054584 0
0.072716 -0.718654 -0.152296 0
0.131859 0.204222 0.167908 0
0.446153 0.204531 -0.054552 0
-0.013789 -0.006616 0.027252 0
0.326160 0.177179 -0.025043 0
0.063303 0.211867 0.261482 0
-0.917275 -0.084638 -0.052482 0
-0.099176 0.183883 0.281980 0
-0.351528 0.069428 0.013761 0
0.038335 -0.534287 -0.108769 0
0.755476 0.130501 -0.027081 0
-0.632628 0.061187 0.040773 0
-0.003093 -0.268448 -0.044082 0
0.064023 -0.668645 -0.094965 0
-0.499601 0.079543 -0.027622 0
0.591442 0.186035 -0.107938 0
-0.714120 0.029100 0.068033 0
0.539386 0.199124 -0.106948 0
0.081131 -0.978555 -0.157656 0
0.725639 0.124367 -0.147593 0
0.842104 0.078421 -0.029764 0
-0.321119 0.025427 -0.106352 0
-0.607375 0.084028 -0.134237 0
-0.634178 0.060850 0.013673 0
0.020740 -0.250469 -0.079580 0
-0.769083 0.003880 0.014151 0
-0.202510 -0.047278 -0.079192 0
-0.014600 0.264342 0.431353 0
-0.053324 0.019440 -0.107474 0
-0.339824 0.041856 -0.107688 0
0.444166 0.202790 -0.081412 0
0.216117 0.111190 -0.081484 0
0.660922 0.171744 0.066298 0
0.175739 0.223214 0.229059 0
-0.783268 0.006579 -0.067287 0
-0.606943 0.071062 0.094515 0
0.107112 -0.031811 -0.066785 0
0.069168 -0.689713 -0.158554 0
-0.079999 0.191838 -0.269941 0
0.216646 0.089285 -0.080878 0
-0.782854 0.002595 -0.040001 0
-0.809822 -0.010557 -0.040270 0
0.308801 0.183904 -0.161079 0
-0.714208 0.046466 -0.134714 0
0.115035 0.231590 0.376169 0
-0.810719 -0.003936 -0.093961 0
0.792127 0.108894 -0.040851 0
0.624380 0.157016 -0.189246 0
-0.108645 0.194978 0.337091 0
0.857486 0.041668 -0.102558 0
-0.024761 0.190599 -0.255053 0
0.844902 0.046311 -0.116325 0
-0.011519 -0.320348 -0.073205 0
-0.431895 0.073646 -0.067176 0
0.027620 -0.451763 -0.121550 0
-0.013559 -0.086349 -0.106570 0
-0.660803 0.056403 -0.053815 0
-0.079826 0.139397 -0.193709 0
-0.485086 0.088306 -0.135189 0
0.754286 0.125636 -0.054115 0
0.660029 0.158988 -0.162404 0
-0.512202 0.084888 0.014404 0
0.443825 0.206631 -0.135043 0
0.041013 0.267831 0.499288 0
0.602599 0.180680 -0.201902 0
0.283755 0.153235 -0.026279 0
-0.107648 -0.123142 -0.059857 0
-0.104255 0.152080 0.257003 0
-0.273326 0.019953 -0.028546 0
0.134090 0.016276 -0.068070 0
0.110537 -0.950820 -0.122418 0
0.039407 0.249946 0.296567 0
0.115463 0.172539 0.161066 0
-0.287857 0.001141 -0.048416 0
0.040643 -0.116822 -0.067453 0
0.374350 0.187899 -0.075995 0
-0.566587 0.074897 -0.013406 0
-0.513219 0.084336 -0.067466 0
0.258175 0.139941 -0.013194 0
0.471351 0.207364 -0.134942 0
-0.081715 0.086306 -0.163197 0
-0.621159 0.065053 0.108038 0
-0.168218 -0.064674 -0.076566 0
-0.689101 0.044147 -0.040770 0
0.660475 0.164773 -0.093994 0
0.350045 0.192188 -0.134366 0
-0.363877 0.058324 -0.040289 0
0.104582 0.137802 0.108502 0
-0.117739 0.194357 0.378892 0
-0.078610 0.206649 0.282773 0
0.783369 0.092863 -0.123032 0
0.525398 0.210214 0.053312 0
0.163190 0.033498 -0.040233 0
-0.093463 0.199399 -0.291199 0
-0.690232 0.045887 -0.127761 0
-0.041730 -0.181724 -0.058438 0
-0.028568 0.251395 0.363636 0
0.063747 -0.868859 -0.133311 0
0.042922 -0.476940 -0.081649 0
-0.727086 0.043147 -0.108529 0
-0.876672 -0.073034 -0.043421 0
0.040842 0.261998 0.418670 0
0.043151 0.255443 0.386362 0
-0.005088 0.117005 -0.198306 0
0.094407 -0.882823 -0.120536 0
0.564946 0.194076 -0.108140 0
0.041899 -0.602377 -0.109041 0
-0.039387 -0.046725 -0.068371 0
0.024625 0.239109 0.588282 0
0.105829 0.236745 0.323660 0
0.105525 -0.910125 -0.135153 0
-0.048433 0.177144 0.187928 0
0.062221 -0.619332 -0.103469 0
0.540559 0.199844 -0.148256 0
0.039070 0.230294 0.257716 0
-0.005295 0.061481 0.061974 0
0.121069 0.220312 0.255740 0
-0.404543 0.088391 0.027704 0
-0.890950 -0.058066 -0.026347 0
0.793068 0.090056 0.000774 0
-0.513435 0.088051 0.040526 0
-0.277125 0.011070 -0.068197 0
-0.705130 0.010964 0.112938 0
0.662080 0.159600 -0.134555 0
0.756446 0.103889 -0.149118 0
0.012674 0.266519 0.539767 0
0.147226 0.226130 0.202414 0
-0.026698 -0.181619 -0.068701 0
-0.004632 -0.128503 -0.067499 0
0.339858 0.181594 0.053063 0
0.059176 -0.473222 -0.093053 0
0.309112 0.179580 -0.134847 0
0.015796 -0.424921 -0.081779 0
0.098063 -0.828771 -0.135040 0
0.824031 0.064278 -0.121523 0
0.039574 -0.369549 -0.069084 0
-0.034644 0.011396 -0.081272 0
0.647269 0.170866 -0.066651 0
0.834616 0.086123 0.026629 0
0.490298 0.221094 -0.159266 0
-0.054649 0.061864 -0.147334 0
-0.105491 0.181168 -0.256467 0
0.566677 0.195840 -0.189000 0
-0.729328 0.022200 0.027503 0
-0.858310 -0.040056 -0.030855 0
-0.432517 0.084031 0.013909 0
-0.431537 0.098039 0.053798 0
0.618832 0.180676 -0.081024 0
0.059064 -0.462048 -0.069135 0
0.886473 0.043254 -0.025148 0
0.064974 -0.613376 -0.126965 0
0.001103 0.086691 0.080833 0
0.699773 0.138901 -0.147535 0
-0.151510 -0.051282 -0.071485 0
-0.000733 -0.057358 -0.002035 0
0.606968 0.186136 -0.041364 0
0.265042 0.157876 -0.146162 0
0.065274 0.260338 0.472727 0
-0.087046 -0.112204 -0.058389 0
0.184901 0.048685 -0.037433 0
-0.022423 -0.100335 -0.084093 0
-0.067116 0.137516 0.162768 0
-0.083668 0.059640 -0.134957 0
-0.270300 -0.005663 -0.052572 0
0.860171 0.070798 0.013434 0
-0.867647 -0.055008 0.003816 0
0.104787 0.221302 0.284904 0
-0.002220 0.118181 -0.171428 0
-0.663088 0.051057 0.027643 0
0.267014 0.147138 -0.090464 0
0.405662 0.205700 0.039843 0
-0.580444 0.078441 0.117236 0
0.816683 0.075096 -0.000747 0
-0.114244 0.126275 0.282882 0
0.886554 0.031954 -0.054161 0
-0.846710 -0.048824 -0.066861 0
0.261069 0.138444 -0.051403 0
-0.009242 0.015956 -0.112238 0
0.098188 -0.933350 -0.122147 0
-0.056799 0.226661 0.309494 0
0.025605 -0.169919 -0.080951 0
-0.027357 0.116452 0.121379 0
0.741519 0.142180 0.026565 0
0.055600 -0.491088 -0.108261 0
-0.676378 0.026412 0.111612 0
0.850397 0.036198 -0.080831 0
-0.005415 0.006227 0.041018 0
0.593054 0.200240 0.039710 0
-0.045584 0.254805 0.416378 0
-0.006524 0.083450 -0.163377 0
0.011469 0.250619 0.324091 0
0.834731 0.086633 0.000476 0
-0.511591 0.095499 0.091121 0
-0.014429 0.211542 0.229427 0
-0.062304 0.028816 0.008428 0
0.106440 -0.815032 -0.116598 0
-0.604727 0.067945 -0.041785 0
0.804260 0.084586 0.013431 0
0.873090 0.059707 -0.000111 0
-0.445939 0.073650 -0.041266 0
0.082577 -0.789677 -0.115916 0
-0.016464 0.241790 0.323695 0
-0.244249 -0.007961 -0.067531 0
0.002400 -0.251810 -0.041369 0
0.739875 0.100607 -0.174635 0
-0.566278 0.074355 -0.040790 0
0.094515 0.220449 0.269323 0
-0.110524 0.156149 0.348641 0
-0.580399 0.079172 0.094291 0
-0.365910 0.065742 0.035785 0
0.347172 0.184810 -0.025839 0
-0.206477 -0.020086 -0.066299 0
0.117484 0.219316 0.402435 0
-0.553971 0.084305 0.069011 0
-0.392384 0.068187 -0.097185 0
0.028430 -0.196027 -0.081745 0
-0.027035 0.216979 0.258233 0
-0.430073 0.079798 0.048494 0
-0.641640 0.068178 -0.082862 0
0.768461 0.086745 -0.161250 0
-0.770631 -0.003515 0.081594 0
-0.027513 0.047925 0.066711 0
-0.000073 0.165523 0.148780 0
0.207041 0.096256 -0.067832 0
-0.095540 0.079462 -0.134157 0
-0.028390 -0.144776 -0.065950 0
-0.054079 -0.152497 -0.057091 0
-0.117569 0.152596 0.284502 0
-0.013164 -0.293308 -0.089876 0
0.469929 0.211604 -0.161849 0
-0.754443 0.014731 -0.027000 0
0.067488 -0.573979 -0.095522 0
0.809568 0.102114 0.026785 0
0.030901 -0.345101 -0.055990 0
-0.403605 0.066005 -0.067298 0
-0.055129 -0.194214 -0.070093 0
-0.095986 0.074241 -0.108357 0
0.457556 0.211424 -0.188534 0
0.026684 -0.290461 -0.066638 0
-0.367214 0.047879 -0.147106 0
0.095407 -0.898123 -0.148198 0
0.607697 0.194968 0.010489 0
-0.851037 -0.045943 0.040690 0
-0.026524 -0.197935 -0.079271 0
-0.012917 -0.127139 -0.040327 0
-0.005064 -0.085752 -0.081362 0
-0.701486 0.034387 0.095381 0
0.047563 -0.077924 -0.057657 0
0.430029 0.208904 -0.000763 0
-0.593728 0.084458 -0.148025 0
0.104310 0.221622 0.310813 0
0.016425 0.166573 0.134780 0
-0.636428 0.060449 0.066555 0
0.028873 -0.183114 -0.096428 0
-0.092872 0.099121 -0.176738 0
-0.055932 0.212225 -0.269581 0
-0.228411 -0.018806 -0.067011 0
0.079535 -0.761723 -0.144373 0
0.050230 0.119356 0.086470 0
0.291454 0.159092 0.016270 0
-0.027911 0.196036 -0.229202 0
0.268469 0.144946 -0.027018 0
0.150706 0.044350 -0.067459 0
0.025854 0.184056 0.162343 0
-0.047771 -0.000854 -0.067457 0
-0.772319 0.002852 -0.012872 0
0.240140 0.116330 -0.027299 0
-0.604718 0.068327 0.012597 0
-0.647080 0.056829 0.080857 0
0.783040 0.117357 0.027155 0
0.094252 0.154762 0.134982 0
0.766376 0.126210 -0.013524 0
0.308081 0.170096 -0.094168 0
-0.686085 0.040993 0.065815 0
-0.406977 0.054247 -0.010009 0
-0.004056 -0.062624 -0.025496 0
-0.795006 -0.011469 0.010250 0
0.042367 -0.128823 -0.080858 0
-0.043378 0.127251 0.148223 0
-0.038709 0.138216 -0.178500 0
-0.121046 0.171146 0.377151 0
0.172996 0.218323 0.203509 0
0.110780 0.165009 0.129628 0
0.890237 0.007152 -0.053702 0
0.013522 -0.196145 -0.065226 0
0.486405 0.201204 -0.197610 0
0.025087 0.052360 -0.121595 0
-0.013055 -0.109352 -0.106295 0
0.466224 0.199758 0.051928 0
0.822380 0.076073 -0.094128 0
0.796519 0.083130 -0.026815 0
0.067324 0.250919 0.417584 0
-0.064979 0.231648 0.351000 0
0.076635 -0.886964 -0.150459 0
-0.731344 0.024652 -0.025565 0
-0.921899 -0.115954 0.003039 0
-0.002495 0.057896 -0.122031 0
0.876260 0.010036 -0.081555 0
0.496117 0.200395 0.054766 0
-0.881121 -0.055545 -0.093497 0
0.066142 -0.519228 -0.107445 0
0.725734 0.149387 0.036766 0
0.780538 0.113061 -0.053334 0
0.548138 0.203623 -0.022917 0
0.133146 -0.016091 -0.041027 0
-0.029099 0.097217 0.095756 0
-0.762037 -0.015841 0.111778 0
-0.862691 -0.061815 0.079890 0
0.014906 -0.357140 -0.055441 0
0.081489 0.182880 0.143580 0
0.080522 -0.617059 -0.133050 0
-0.015289 -0.020577 -0.082105 0
-0.594127 0.079231 -0.090736 0
0.136678 0.002940 -0.053557 0
-0.012137 -0.004853 -0.108275 0
-0.004164 0.254632 0.364116 0
0.070686 -0.066156 -0.060372 0
-0.836258 -0.019876 -0.093993 0
-0.162499 -0.089098 -0.059296 0
-0.004932 -0.099073 -0.052504 0
0.049402 -0.580866 -0.143817 0
-0.091171 0.222371 -0.292413 0
0.210872 0.064958 -0.054553 0
0.097331 0.129400 0.121431 0
-0.787605 -0.015906 0.094693 0
0.040599 -0.525458 -0.128385 0
0.713598 0.152507 0.053678 0
0.027850 -0.344611 -0.104178 0
0.091689 -0.722318 -0.134694 0
-0.012070 0.047135 -0.146923 0
0.165972 0.200613 0.186888 0
0.030556 0.085458 -0.113376 0
-0.568032 0.077024 0.026653 0
0.065872 0.262382 0.499107 0
-0.080683 0.124616 0.161585 0
-0.026646 0.157478 0.176308 0
0.243952 0.139672 -0.121488 0
0.714631 0.127957 -0.162273 0
0.717254 0.147138 -0.028983 0
-0.022714 -0.142036 -0.091195 0
0.675476 0.170774 0.013798 0
0.378973 0.192124 0.062298 0
-0.146563 -0.063719 -0.060555 0
0.252707 0.144612 -0.107526 0
0.100859 0.114095 0.100797 0
0.067833 -0.908817 -0.125457 0
0.673116 0.169258 -0.014279 0
0.036006 -0.373931 -0.104421 0
0.718838 0.133832 -0.108531 0
0.011715 -0.344593 -0.066293 0
0.865981 0.052699 -0.053810 0
-0.003326 -0.238248 -0.082087 0
-0.093746 0.194337 -0.256956 0
-0.071884 0.159247 0.215095 0
0.862144 0.033364 -0.054224 0
-0.030472 0.018995 0.029317 0
0.040904 -0.155498 -0.084771 0
0.017795 -0.413061 -0.119235 0
0.860354 0.041773 -0.026703 0
-0.079926 0.087408 0.148480 0
0.394085 0.203603 0.026358 0
0.633037 0.172511 -0.137456 0
-0.850661 -0.044149 -0.095171 0
-0.590906 0.074867 0.056060 0
0.311870 0.183401 -0.189924 0
0.294178 0.155990 -0.067333 0
0.105496 -0.937624 -0.147867 0
-0.078526 0.137384 0.175009 0
0.022126 -0.151650 -0.069579 0
-0.041321 0.209537 -0.255759 0
-0.026304 0.256515 0.392550 0
-0.347211 0.042917 -0.010527 0
-0.658946 0.062021 -0.080473 0
0.072320 -0.746418 -0.154817 0
-0.808421 -0.022111 0.040591 0
0.044313 -0.585880 -0.108053 0
0.071799 -0.557446 -0.128535 0
0.758846 0.119572 0.037251 0
0.005832 0.066421 -0.095901 0
0.431085 0.208234 0.064995 0
-0.380590 0.053735 0.000902 0
-0.137719 -0.092822 -0.075693 0
0.047777 -0.149853 -0.055646 0
0.164924 0.061023 -0.072504 0
0.021945 -0.226652 -0.095530 0
0.083252 -0.598813 -0.107245 0
-0.105297 0.144679 -0.221170 0
-0.625772 0.052402 0.117828 0
-0.811755 -0.016969 -0.013468 0
0.008599 -0.165935 -0.060477 0
-0.002329 -0.261348 -0.082157 0
-0.004848 0.149838 -0.206388 0
0.173153 0.217027 0.255817 0
-0.135576 -0.097504 -0.058016 0
0.376166 0.204533 -0.189039 0
0.066515 -0.628900 -0.146698 0
-0.660675 0.071274 -0.121408 0
-0.001295 -0.182443 -0.058960 0
0.080538 0.249264 0.364410 0
0.174638 0.022236 -0.055009 0
-0.056393 0.007553 -0.081151 0
0.013522 0.270769 0.498727 0
-0.116416 0.130600 0.324900 0
0.116256 -0.910131 -0.120813 0
-0.110015 0.078267 0.227337 0
0.066561 -0.694050 -0.107681 0
-0.066591 0.075940 -0.168864 0
-0.526828 0.082350 -0.055159 0
0.621780 0.185977 -0.014647 0
0.042490 -0.141396 -0.069103 0
0.066099 -0.803135 -0.122115 0
0.233778 0.122499 -0.080964 0
0.039307 -0.181742 -0.079786 0
-0.012632 0.074451 0.080324 0
-0.027386 -0.024397 -0.059688 0
-0.048915 -0.082235 -0.083519 0
0.066355 0.157889 0.120020 0
0.039271 0.087395 -0.135046 0
-0.832964 -0.026848 -0.016383 0
0.094750 -0.749189 -0.121224 0
0.853065 0.050224 0.001525 0
0.845894 0.082424 0.012560 0
0.027802 -0.317426 -0.066393 0
-0.320595 0.037493 -0.015005 0
-0.903864 -0.074249 0.000261 0
-0.076376 0.242769 0.465860 0
0.020239 0.116379 0.074202 0
-0.019206 0.207453 -0.281113 0
-0.691452 0.039215 -0.012866 0
-0.124013 0.096055 -0.113380 0
0.106624 0.232154 0.296998 0
0.009862 -0.317011 -0.066916 0
0.014393 0.083010 -0.136160 0
0.066660 -0.545975 -0.094788 0
0.578697 0.199762 0.007466 0
0.078454 -0.588734 -0.119736 0
0.013274 0.220387 0.230388 0
-0.702074 0.040044 -0.049754 0
-0.040128 -0.045221 -0.010726 0
-0.390196 0.070631 0.038662 0
0.739418 0.139667 0.053778 0
0.742451 0.133138 -0.042036 0
-0.049747 0.245043 0.377883 0
-0.083413 -0.128040 -0.059524 0
0.054794 -0.507461 -0.085715 0
0.567839 0.195050 0.054041 0
-0.051683 0.257474 0.446487 0
-0.714949 0.029675 -0.013334 0
-0.348202 0.064703 -0.001442 0
-0.107117 0.180614 0.295787 0
-0.067570 0.123694 -0.176790 0
0.712068 0.118311 -0.184627 0
0.064246 -0.941373 -0.157285 0
-0.429784 0.080378 -0.135328 0
-0.019736 -0.052234 -0.078124 0
-0.916248 -0.075384 -0.027166 0
-0.472267 0.085323 -0.147959 0
-0.734863 0.011193 0.110195 0
0.205073 0.083302 -0.041151 0
-0.634239 0.063765 -0.053087 0
0.837090 0.049021 -0.066466 0
-0.055115 -0.169129 -0.079945 0
0.081598 0.237102 0.296239 0
-0.039787 0.258386 0.431442 0
0.041749 -0.543737 -0.130864 0
-0.024273 -0.033723 -0.108362 0
0.777652 0.109587 -0.080748 0
-0.719530 0.025951 0.040089 0
0.589117 0.189193 -0.164065 0
-0.025573 0.143342 0.158202 0
0.807201 0.085889 -0.095177 0
0.077335 -0.680791 -0.146358 0
0.043740 -0.385184 -0.069598 0
-0.104200 0.190683 0.310274 0
-0.039500 -0.007459 0.013474 0
0.547836 0.203319 -0.187677 0
0.563822 0.198357 -0.026958 0
0.134717 -0.021594 -0.067269 0
-0.011701 0.099937 0.081400 0
0.106193 -0.059104 -0.075284 0
-0.352680 0.045022 -0.121259 0
0.082094 -0.642763 -0.108046 0
0.082711 -0.667690 -0.108117 0
0.821786 0.048042 -0.107191 0
0.091872 -0.036770 -0.067456 0
-0.799788 -0.016168 0.026867 0
-0.054369 0.179955 0.202525 0
0.414561 0.205413 -0.041797 0
0.096442 0.216592 0.190091 0
0.111127 -0.051293 -0.039853 0
0.117467 0.219793 0.338625 0
0.102174 -0.857709 -0.135240 0
0.336863 0.181507 -0.094370 0
-0.633485 0.058779 -0.026211 0
-0.068196 0.043271 -0.107506 0
-0.108768 0.183188 0.403910 0
-0.013855 0.235024 0.296413 0
0.065334 -0.129071 -0.080501 0
0.119161 -0.056955 -0.059129 0
-0.482622 0.088433 0.027906 0
0.870504 0.055081 -0.026675 0
-0.024824 0.238438 0.578937 0
0.274371 0.148680 0.012674 0
-0.091153 0.204623 -0.271215 0
-0.011781 0.191477 0.193090 0
-0.065269 0.097187 -0.162856 0
0.379772 0.184830 0.039106 0
-0.029143 0.002921 -0.093497 0
-0.014434 0.029872 0.041112 0
0.837795 0.061533 -0.012773 0
-0.023964 -0.233149 -0.077098 0
0.021676 -0.250191 -0.058097 0
0.713925 0.155826 0.028190 0
0.090341 -0.772929 -0.147199 0
-0.865724 -0.061297 -0.066384 0
-0.015698 -0.045823 -0.116639 0
0.016795 -0.080839 -0.029192 0
-0.026512 0.179570 -0.203840 0
0.095970 0.179800 0.149094 0
-0.100591 0.085752 0.199634 0
0.028406 -0.328317 -0.093400 0
-0.754892 0.020321 -0.066908 0
-0.119637 -0.131058 -0.088818 0
0.067455 -0.790268 -0.143972 0
0.190623 0.073898 -0.095477 0
0.130369 -0.022100 -0.088918 0
-0.125040 -0.115482 -0.066390 0
0.000285 0.204736 0.203793 0
0.070181 -0.857498 -0.123661 0
0.039269 0.101196 -0.149794 0
-0.062915 0.256797 0.485581 0
-0.073337 0.227160 0.364321 0
0.052337 -0.084865 -0.079586 0
-0.013413 -0.183037 -0.077043 0
0.860468 0.059411 -0.040690 0
0.050745 0.250192 0.552885 0
0.055096 -0.962929 -0.119810 0
0.057921 0.203408 0.201310 0
-0.053568 0.257730 0.536344 0
0.000055 -0.073674 -0.035870 0
-0.202328 -0.060382 -0.054270 0
-0.016188 0.128733 -0.175471 0
-0.538363 0.082030 0.014501 0
0.157049 -0.002117 -0.054689 0
-0.082926 0.076221 -0.198342 0
-0.014889 0.033707 -0.130072 0
-0.002272 -0.275215 -0.093488 0
0.029344 -0.478984 -0.093056 0
-0.189339 -0.047984 -0.067750 0
-0.764090 0.014197 -0.054792 0
-0.079403 0.151750 -0.203316 0
-0.607473 0.065010 -0.026658 0
-0.027406 -0.157453 -0.080112 0
0.065037 -0.599836 -0.134780 0
-0.052001 0.153738 0.175560 0
-0.056359 0.158257 -0.215726 0
-0.027639 -0.007981 -0.122130 0
0.301485 0.163614 -0.054861 0
0.121365 0.003557 -0.067170 0
-0.080183 0.114593 0.149586 0
0.088803 -0.682192 -0.135711 0
-0.011183 0.125123 0.107884 0
0.087478 -0.658336 -0.133793 0
-0.096382 0.115610 0.189253 0
-0.443624 0.079473 -0.150333 0
0.027109 -0.302860 -0.081250 0
-0.594195 0.073194 0.107588 0
-0.848756 -0.050670 0.081500 0
-0.026393 -0.079042 -0.027210 0
0.010014 0.255472 0.348337 0
0.077424 0.261777 0.512917 0
0.429997 0.209876 -0.201364 0
-0.024031 0.069449 -0.139673 0
0.359675 0.187899 -0.094227 0
-0.025913 -0.020574 -0.093400 0
0.659480 0.144957 -0.180346 0
-0.899120 -0.088585 0.048845 0
0.118911 0.223177 0.215461 0
-0.837904 -0.033465 0.012340 0
0.037787 -0.236899 -0.066440 0
0.062630 -0.763177 -0.138600 0
0.026562 -0.438010 -0.114546 0
0.715499 0.141897 -0.080910 0
0.001531 -0.142646 -0.066480 0
0.404339 0.204746 -0.026960 0
-0.326355 0.059074 0.013619 0
0.390533 0.204818 -0.054470 0
0.703109 0.145289 0.044923 0
-0.053115 0.216890 0.259547 0
0.552003 0.198396 0.052361 0
-0.091979 0.037950 -0.111068 0
-0.617736 0.068048 -0.054435 0
-0.074085 0.227308 0.390820 0
0.696530 0.162572 0.053162 0
0.050215 -0.560238 -0.095844 0
-0.729520 0.024741 -0.119721 0
0.378981 0.194479 -0.108746 0
0.826095 0.042537 -0.120892 0
0.877278 0.019788 -0.052579 0
0.067660 -0.110659 -0.060188 0
0.697437 0.154958 -0.040295 0
0.237982 0.118073 -0.106504 0
0.134615 0.223343 0.189226 0
0.080462 0.152797 0.109001 0
0.223142 0.084273 -0.053214 0
0.006859 0.029545 -0.109686 0
-0.175756 -0.075358 -0.067714 0
-0.927989 -0.101621 0.013783 0
-0.770285 -0.003122 0.066130 0
-0.646542 0.038720 0.113663 0
0.047883 0.105604 0.092814 0
0.041439 0.241495 0.278431 0
-0.014490 0.180744 -0.243859 0
-0.040724 -0.067502 -0.105347 0
-0.566821 0.076712 0.001776 0
-0.460189 0.091454 0.082267 0
0.092361 -0.072976 -0.076965 0
0.066404 0.246565 0.310250 0
0.057844 -0.698046 -0.132749 0
0.020547 0.173852 0.172400 0
-0.804730 -0.026324 0.095833 0
0.634103 0.165562 -0.198104 0
-0.084011 0.075082 -0.174717 0
0.338061 0.192343 -0.175286 0
-0.270955 0.005053 -0.080797 0
0.272110 0.169849 -0.173036 0
-0.025987 0.034930 0.053244 0
-0.072612 0.198010 0.256361 0
-0.213366 -0.045715 -0.053555 0
-0.014371 -0.101171 -0.040296 0
-0.014979 0.204393 -0.243782 0
-0.053845 -0.018235 0.012239 0
0.685920 0.149907 -0.120549 0
-0.405621 0.097577 0.067081 0
0.106322 -0.971462 -0.162312 0
-0.443707 0.086508 0.067240 0
0.026613 0.192503 0.188463 0
-0.715462 0.037800 -0.067566 0
-0.129778 0.131140 0.311800 0
-0.526765 0.091442 0.081669 0
0.402779 0.197267 -0.079814 0
0.061747 -0.155005 -0.076302 0
-0.061987 0.007999 0.000169 0
-0.567866 0.084259 -0.093332 0
0.070037 -0.522669 -0.080309 0
-0.569135 0.077414 0.107174 0
0.070282 0.199112 0.242698 0
-0.929815 -0.116992 -0.010435 0
0.071436 -0.829541 -0.144843 0
0.076335 0.231454 0.283190 0
-0.002860 -0.224083 -0.054542 0
0.053793 -0.570493 -0.081451 0
0.242649 0.101424 -0.036090 0
0.726907 0.127799 -0.121145 0
0.062978 0.091192 -0.147275 0
0.365107 0.195070 0.012975 0
0.027028 0.142614 0.107019 0
-0.348673 0.050917 0.014529 0
0.537965 0.203920 -0.164328 0
-0.607726 0.069410 0.039910 0
-0.690717 0.051277 -0.080924 0
0.064204 -0.934906 -0.112503 0
0.839652 0.076243 0.038656 0
0.172793 0.048428 -0.068402 0
0.750380 0.137242 -0.000580 0
-0.656029 0.054554 0.014814 0
-0.498812 0.097559 0.080732 0
-0.055124 0.222353 0.283556 0
-0.027142 0.006566 -0.133043 0
-0.022636 0.269660 0.485532 0
0.484824 0.216305 0.040421 0
0.852270 0.037820 -0.066010 0
-0.010263 -0.301458 -0.069036 0
-0.090008 0.111100 0.163363 0
0.039127 -0.317376 -0.081631 0
0.040285 -0.505365 -0.141734 0
-0.000101 0.257854 0.378214 0
-0.077912 0.215838 -0.319411 0
0.564103 0.194435 -0.133803 0
0.014487 -0.306171 -0.094336 0
0.083308 -0.840280 -0.121298 0
-0.228498 -0.031727 -0.054253 0
-0.084436 0.157976 -0.228437 0
-0.861076 -0.051999 0.051686 0
0.848204 0.026067 -0.114742 0
-0.540855 0.076001 -0.040775 0
0.703207 0.154321 -0.026494 0
0.648082 0.181243 0.013986 0
-0.635983 0.074200 -0.147315 0
-0.051267 0.241479 0.548070 0
0.000261 0.257922 0.566848 0
-0.319878 0.033840 -0.040189 0
0.529295 0.200614 -0.120519 0
-0.012177 -0.116763 -0.053004 0
-0.053998 0.123027 0.138591 0
-0.004556 -0.030278 0.015646 0
0.107434 0.206466 0.162721 0
0.047555 -0.545774 -0.111044 0
-0.052218 0.072904 -0.157047 0
-0.446082 0.077532 -0.026902 0
0.188798 0.059638 -0.053655 0
0.668000 0.175874 0.042548 0
-0.672599 0.046492 0.068831 0
-0.202977 -0.034839 -0.067069 0
0.078872 -0.086949 -0.080242 0
0.030424 -0.097854 -0.083059 0
0.078618 -0.706453 -0.146257 0
0.328013 0.188536 -0.162902 0
-0.058072 0.251444 0.514748 0
-0.038278 0.111673 -0.161965 0
-0.022853 0.110598 0.108531 0
-0.071833 0.225509 0.445543 0
-0.013222 0.269115 0.498128 0
-0.112157 -0.102283 -0.057852 0
0.117135 -0.045694 -0.077968 0
0.013158 -0.403388 -0.101456 0
-0.895109 -0.083199 -0.055279 0
-0.688207 0.042390 0.012701 0
0.416155 0.197422 -0.067947 0
-0.067272 0.047642 -0.133861 0
0.054905 0.256327 0.338178 0
0.066128 -0.654825 -0.132383 0
0.013917 0.047023 -0.111360 0
0.056969 0.252139 0.539645 0
0.081141 -0.923199 -0.158683 0
-0.407027 0.083361 0.014057 0
-0.038612 0.061442 0.067746 0
-0.471481 0.076773 -0.040211 0
-0.014680 0.259478 0.584182 0
0.045063 -0.614975 -0.100497 0
0.432586 0.209972 -0.162757 0
