0.152582 -0.270532 -0.004931 0
-0.841418 0.508331 0.036172 0
0.217018 -0.975683 0.030761 0
-0.180235 0.334355 -0.074757 0
0.308654 0.223946 0.053224 0
0.198553 -0.621005 0.040968 0
-0.491205 0.471986 0.018204 0
0.027624 0.051358 -0.051651 0
0.260975 -0.031021 0.016340 0
-0.044089 0.224981 0.004764 0
-0.327699 0.378863 0.037273 0
0.163150 -0.448039 0.014065 0
0.194229 -0.798370 0.024207 0
-0.663815 0.513155 0.029349 0
0.096389 -0.102750 0.000657 0
0.179694 0.123174 0.000832 0
0.305265 0.092936 0.044142 0
0.212333 -0.137686 -0.028904 0
0.146350 0.003915 0.010925 0
-0.384326 0.451624 -0.034127 0
-0.019355 0.156631 -0.083815 0
-0.101658 0.254396 -0.087498 0
-0.220391 0.344633 0.029944 0
-0.282153 0.390893 -0.064096 0
-0.113329 0.310644 0.006836 0
0.018387 0.133498 0.005064 0
-0.426000 0.396054 0.036822 0
0.150185 -0.180763 0.034102 0
0.077324 -0.026696 -0.050470 0
-0.580524 0.474733 0.041584 0
0.175397 -0.357300 0.015586 0
0.192378 -0.888897 0.034567 0
0.192022 -0.531237 0.037012 0
-0.752432 0.525240 0.036667 0
0.206144 -0.709859 0.036621 0
0.229607 0.052504 0.016517 0
0.230874 0.192017 0.015806 0
0.188800 -0.060610 -0.018811 0
0.163234 -0.198358 -0.040794 0
0.074820 0.028287 0.004296 0
0.160754 -0.109353 0.029276 0
0.243398 0.122399 0.033067 0
-0.060289 0.205815 -0.058534 0
-0.267298 0.384429 0.001176 0
-0.329076 0.411976 -0.022532 0
0.312092 0.158458 0.048536 0
0.110669 -0.168954 -0.016248 0
-0.088628 0.260691 -0.023605 0
-0.172572 0.337234 -0.011014 0
0.285725 0.027685 0.030716 0
0.161245 0.063186 -0.003009 0
-0.431684 0.456311 0.007593 0
0.205863 0.000116 -0.007677 0
-0.227272 0.364925 -0.048352 0
-0.002007 0.105720 -0.046389 0
-0.138110 0.294076 -0.046705 0
-0.024514 0.169648 -0.024195 0
-0.373453 0.421095 0.019798 0
0.096912 -0.038388 0.005567 0
0.047536 0.081119 0.003122 0
-0.542906 0.484183 -0.008314 0
0.119537 -0.222044 0.000728 0
0.235071 -0.088907 -0.003979 0
0.150648 -0.055585 0.023205 0
-0.609981 0.504302 0.007103 0
0.162177 -0.145084 -0.011599 0
0.189684 -0.946509 -0.003562 0
0.143631 -0.322517 -0.004254 0
0.090402 -0.074026 -0.040786 0
-0.533594 0.456122 0.039519 0
-0.463607 0.430112 0.035606 0
0.045313 0.004880 -0.027792 0
0.185147 -0.579024 0.018768 0
0.273718 0.188157 0.040634 0
0.211274 -0.841538 0.040158 0
0.186955 -0.667974 0.022083 0
0.189006 -0.484522 0.030826 0
-0.707420 0.505450 0.043505 0
0.146421 -0.239755 0.034158 0
0.216667 -0.927992 0.029493 0
0.159810 -0.400629 0.019244 0
0.207671 -0.757456 0.040151 0
0.162508 -0.098148 -0.014206 0
-0.377210 0.381381 0.039491 0
-0.797783 0.516064 0.034705 0
0.211963 0.149522 0.015611 0
0.262622 0.075979 0.033925 0
0.246113 0.013575 0.004423 0
-0.627237 0.486078 0.043193 0
-0.276264 0.356833 0.034178 0
0.228661 -0.043481 -0.010297 0
0.146195 -0.238401 -0.039025 0
0.214498 0.092955 0.012291 0
0.184511 -0.959378 0.053650 0
-0.463988 0.468944 -0.016165 0
0.113327 -0.126935 -0.029255 0
0.169952 -0.020587 -0.014230 0
0.141869 -0.295747 0.027839 0
-0.210178 0.356490 -0.011161 0
0.026734 0.091712 -0.072879 0
0.122236 -0.139321 0.010147 0
-0.131210 0.283196 -0.085945 0
0.282009 0.129245 0.044873 0
0.268483 0.228488 0.044401 0
0.063065 0.026802 -0.057211 0
0.202105 -0.097718 -0.028277 0
-0.305902 0.398470 0.007784 0
0.190627 -0.168965 -0.043291 0
0.151374 -0.197292 -0.002004 0
0.192376 0.039283 -0.008614 0
0.066815 -0.048951 -0.017655 0
-0.084416 0.235935 -0.058176 0
-0.149086 0.327649 0.017687 0
-0.412228 0.430618 0.028038 0
-0.021867 0.194166 0.005391 0
0.000844 0.124784 -0.079313 0
0.043945 0.045276 -0.009657 0
-0.007953 0.135459 -0.024080 0
0.020217 0.081030 -0.022764 0
-0.062430 0.257642 0.005900 0
-0.292522 0.394467 -0.028294 0
-0.043851 0.184127 -0.086811 0
0.067277 -0.008418 -0.001266 0
-0.422268 0.466575 -0.026558 0
0.251730 0.158120 0.036039 0
-0.044204 0.200520 -0.023245 0
-0.088323 0.283955 0.004998 0
-0.183701 0.336778 0.024777 0
-0.110464 0.265621 -0.052147 0
-0.164830 0.318397 -0.045112 0
-0.575003 0.495252 0.005933 0
-0.002257 0.163561 0.003593 0
-0.393648 0.448116 0.000574 0
-0.338879 0.412149 0.012792 0
-0.350114 0.427845 -0.047008 0
-0.194388 0.341975 -0.039880 0
0.156750 -0.144778 0.025827 0
-0.313765 0.406463 -0.057995 0
0.154137 -0.233821 -0.004567 0
-0.156873 0.307427 -0.082114 0
-0.064674 0.230145 -0.023386 0
-0.143834 0.317630 -0.015478 0
-0.358025 0.430302 -0.010235 0
-0.261553 0.380140 -0.034401 0
-0.499686 0.444280 0.037072 0
-0.113515 0.288944 -0.023053 0
-0.209355 0.352381 -0.075408 0
-0.074608 0.223514 -0.087897 0
-0.238707 0.370342 0.011778 0
-0.500460 0.473181 -0.013967 0
0.193057 -0.734446 0.018300 0
-0.041788 0.176231 -0.051908 0
0.184958 0.087641 -0.001627 0
0.204582 -0.865670 0.014512 0
0.180542 -0.127237 -0.032292 0
-0.551562 0.483886 0.029068 0
-0.022461 0.146762 -0.052732 0
0.183636 -0.424770 0.024338 0
-0.252778 0.378510 -0.069667 0
0.261364 0.046360 0.020608 0
0.273004 -0.001776 0.022924 0
0.084255 -0.073457 -0.005349 0
0.295986 0.057437 0.037461 0
0.164587 0.021518 -0.008712 0
0.156836 -0.066775 -0.006132 0
0.315362 0.192701 0.051771 0
0.127647 -0.180104 0.010449 0
0.011209 0.110797 -0.015950 0
0.126635 -0.252958 0.001639 0
-0.461723 0.461404 0.017827 0
-0.520530 0.481409 0.013275 0
0.179493 -0.512603 0.015501 0
-0.395544 0.407352 0.040029 0
-0.640516 0.510337 0.009237 0
0.163032 -0.329186 0.018751 0
0.200305 -0.029440 -0.013787 0
-0.297699 0.379018 0.031034 0
0.157773 -0.175304 -0.021568 0
0.148848 -0.025888 0.007532 0
0.311283 0.123102 0.048116 0
0.246183 -0.061456 0.006282 0
0.237440 -0.013917 -0.003929 0
0.252205 0.211125 0.026576 0
0.097351 -0.137851 -0.006726 0
0.201753 -0.829381 0.014823 0
0.148252 -0.210341 0.030823 0
0.282437 0.158857 0.044665 0
0.124860 -0.198920 -0.016833 0
0.033057 0.107970 0.003952 0
0.238618 0.093584 0.029372 0
0.162134 -0.299303 0.006987 0
0.194122 -0.560740 0.039774 0
-0.455147 0.402142 0.035508 0
-0.350964 0.396262 0.037221 0
0.206878 0.063030 0.002005 0
0.265516 0.105270 0.040497 0
0.152157 -0.120798 0.000485 0
0.142623 -0.293094 -0.019973 0
0.215892 -0.073786 -0.019113 0
-0.238404 0.370484 -0.016869 0
0.200066 -0.650641 0.040634 0
0.109789 -0.098590 -0.028579 0
0.185873 -0.454552 0.030052 0
0.156099 -0.374445 0.003498 0
0.212446 -0.960102 0.007563 0
0.223643 -0.112936 -0.013454 0
-0.722659 0.525280 0.030653 0
-0.594580 0.495973 0.029015 0
0.197899 -0.591469 0.040187 0
0.064464 -0.002040 -0.051438 0
0.211766 -0.869285 0.041740 0
0.150713 -0.085646 0.018907 0
0.211293 -0.813316 0.040060 0
-0.689163 0.519873 0.020680 0
0.220245 0.022290 0.000024 0
0.185660 -0.635824 0.021769 0
0.037327 0.028164 -0.040778 0
0.208457 0.122543 0.012679 0
0.212649 -0.902686 0.020209 0
0.110266 -0.079355 0.001900 0
0.193735 -0.942450 0.031284 0
0.056892 -0.019647 -0.028505 0
0.146583 -0.269353 0.030517 0
0.180635 -0.548855 0.019852 0
-0.654135 0.492599 0.043624 0
0.015846 0.075356 -0.053201 0
0.149984 -0.162422 0.006875 0
0.083410 -0.097372 -0.022116 0
0.040929 0.068748 -0.066841 0
0.150550 -0.347095 0.003168 0
0.187187 -0.607403 0.021432 0
0.121075 -0.114337 0.001895 0
0.201635 -0.680083 0.040261 0
0.173601 -0.471971 0.013859 0
-0.247016 0.354299 0.030533 0
0.143443 -0.264311 -0.028460 0
-0.439293 0.438791 0.025186 0
0.150159 -0.216387 -0.023212 0
0.027287 0.055615 -0.026176 0
0.170122 -0.156611 -0.033850 0
0.199414 -0.769482 0.019471 0
-0.202569 0.353092 0.012643 0
0.080618 -0.049736 -0.040975 0
0.177348 -0.382686 0.018822 0
0.063016 0.055108 0.003289 0
0.291301 0.206705 0.047825 0
0.192047 -0.692226 0.020959 0
0.207811 -0.925534 0.052419 0
0.286344 0.239839 0.057114 0
0.152202 -0.252807 0.012124 0
0.266124 0.022646 0.016966 0
0.134241 -0.281544 0.006900 0
-0.232028 0.366526 -0.074491 0
0.228254 0.164605 0.025574 0
0.188108 -0.837111 0.034272 0
0.193209 -0.918019 0.034518 0
0.150810 0.036796 0.004144 0
0.163457 -0.043565 -0.010951 0
-0.677482 0.498380 0.043839 0
0.179852 0.003953 -0.014060 0
0.050076 0.022062 -0.011924 0
0.252285 0.182387 0.032057 0
0.208925 -0.781181 0.039942 0
0.162354 -0.424432 0.013687 0
0.122585 -0.145053 -0.017268 0
0.047415 0.046109 -0.063330 0
0.184795 0.063724 -0.005825 0
-0.476734 0.449023 0.030850 0
-0.126574 0.280692 -0.063150 0
0.205446 -0.734172 0.040246 0
-0.401748 0.460166 -0.017621 0
0.282184 0.087381 0.039146 0
-0.618860 0.502281 0.028882 0
-0.058418 0.202055 -0.088444 0
0.088793 -0.014357 0.004837 0
0.297313 0.176470 0.044963 0
-0.603175 0.478764 0.042062 0
-0.262018 0.371659 0.023959 0
-0.439688 0.467814 -0.010580 0
0.073643 -0.030374 -0.001221 0
0.212425 -0.897797 0.042501 0
-0.325312 0.398502 0.026009 0
0.193067 -0.145363 -0.038143 0
0.193488 0.140508 0.005670 0
0.130798 -0.204636 0.009785 0
0.214229 0.174997 0.011403 0
0.114310 -0.162499 0.006345 0
0.001503 0.104672 -0.068550 0
-0.514510 0.468119 0.030351 0
0.184100 -0.085259 -0.023395 0
-0.086878 0.242134 -0.036808 0
0.186613 -0.507815 0.036089 0
-0.365332 0.438752 -0.034940 0
-0.329491 0.417943 -0.047200 0
-0.009507 0.122889 -0.058402 0
-0.439905 0.420186 0.037262 0
-0.818093 0.507697 0.031846 0
0.231831 0.140942 0.029532 0
-0.736811 0.510953 0.043046 0
-0.312671 0.403379 -0.034577 0
-0.035085 0.165030 -0.070775 0
0.230132 0.074730 0.021629 0
0.207990 -0.049698 -0.018844 0
0.238174 0.033890 0.007716 0
0.191450 -0.864414 0.034753 0
-0.064852 0.212741 -0.036767 0
-0.143589 0.294623 -0.070262 0
-0.559126 0.467289 0.041204 0
0.215739 -0.954308 0.035218 0
0.245897 -0.037569 0.001991 0
0.139574 -0.234353 0.011619 0
-0.372297 0.402571 0.039014 0
0.259815 0.134647 0.040397 0
0.034860 0.069193 -0.009911 0
-0.284136 0.386169 0.014720 0
0.095807 -0.116150 -0.022522 0
-0.773165 0.520061 0.039968 0
-0.393233 0.431384 0.017784 0
-0.476645 0.473369 0.000742 0
-0.213067 0.354498 -0.035956 0
0.133432 -0.234136 -0.010340 0
-0.015752 0.139399 -0.071749 0
0.291036 0.108841 0.044205 0
-0.406529 0.387454 0.037170 0
0.113727 -0.192473 0.000115 0
-0.373275 0.435851 0.004570 0
0.180385 -0.186311 -0.049721 0
0.139674 -0.305323 0.007370 0
-0.193604 0.344979 -0.018981 0
-0.642776 0.507457 0.030012 0
-0.115876 0.268929 -0.076997 0
-0.018727 0.175819 -0.004895 0
-0.104490 0.295467 -0.005175 0
0.077675 -0.065845 -0.023730 0
0.172199 0.044857 -0.008703 0
0.150477 -0.216214 0.006836 0
0.082082 0.008789 0.002297 0
0.129877 -0.175289 -0.011171 0
-0.519989 0.479205 -0.009968 0
-0.572384 0.489692 0.029630 0
-0.121115 0.278605 -0.039918 0
0.193222 -0.712863 0.019159 0
0.298964 0.141027 0.045627 0
-0.313542 0.406431 -0.009673 0
0.156850 -0.002135 -0.005777 0
-0.410100 0.444056 0.012346 0
0.170436 -0.490137 0.023901 0
0.209857 -0.882720 0.024684 0
0.177379 -0.108448 -0.024853 0
0.201963 -0.120409 -0.032371 0
0.000478 0.140677 -0.006228 0
0.199399 -0.966403 0.036996 0
-0.356892 0.420312 0.007768 0
-0.073994 0.248066 -0.017085 0
-0.355928 0.376646 0.039521 0
-0.132968 0.302986 -0.024528 0
-0.282538 0.390732 -0.010712 0
-0.133954 0.319860 0.006704 0
-0.151151 0.308178 -0.034254 0
0.258950 -0.008120 0.009850 0
0.265887 0.206748 0.041038 0
-0.097461 0.251021 -0.061021 0
-0.180561 0.332319 -0.028841 0
-0.038288 0.205682 -0.004702 0
-0.081102 0.267846 -0.006385 0
0.222551 0.110307 0.020155 0
0.199999 0.105756 0.005612 0
-0.051623 0.193434 -0.040507 0
0.027819 0.092892 -0.008220 0
-0.030988 0.187320 -0.015965 0
-0.180356 0.335203 -0.052495 0
0.006339 0.093558 -0.029999 0
-0.022746 0.151392 -0.033253 0
-0.379559 0.447326 -0.013622 0
0.207561 -0.939458 0.015915 0
0.157600 -0.217195 -0.044185 0
-0.416273 0.414396 0.038848 0
0.150654 -0.050164 0.002829 0
0.156167 -0.281182 0.012360 0
-0.199884 0.345881 -0.058515 0
0.274332 0.058410 0.029486 0
-0.162595 0.313541 -0.064173 0
0.150711 -0.139230 0.007520 0
0.188314 -0.818241 0.028395 0
0.066421 -0.037847 -0.034069 0
-0.087419 0.238547 -0.087489 0
0.156346 -0.358662 0.020621 0
-0.534178 0.474078 0.031397 0
0.081176 -0.048790 -0.000037 0
0.149286 -0.252163 -0.011152 0
0.178620 -0.406288 0.018174 0
-0.103752 0.271899 -0.029171 0
-0.052008 0.188876 -0.069630 0
0.152086 -0.102300 0.006953 0
0.095209 -0.061632 0.005699 0
0.215136 0.040405 0.005269 0
-0.185961 0.346906 -0.000580 0
-0.275183 0.387919 -0.046095 0
-0.541415 0.486908 0.012664 0
0.228828 0.003563 -0.004599 0
0.061759 0.010218 -0.001647 0
-0.014346 0.158298 -0.012028 0
-0.005048 0.117526 -0.030795 0
0.220391 -0.026179 -0.012969 0
-0.095417 0.281010 -0.014226 0
-0.415493 0.456258 -0.002870 0
-0.060674 0.241186 -0.004997 0
-0.454735 0.468378 0.001335 0
0.148562 -0.192758 0.019235 0
-0.357340 0.412245 0.028788 0
-0.296514 0.397595 -0.053327 0
0.166714 -0.127072 -0.016285 0
0.151432 -0.084817 -0.002862 0
-0.342338 0.420047 -0.004620 0
-0.166598 0.337105 0.007140 0
-0.223550 0.365706 0.001110 0
0.159576 -0.162407 0.032498 0
0.050670 0.010219 -0.046709 0
0.176265 0.104416 0.000692 0
0.153870 -0.197751 -0.023233 0
0.180840 -0.441897 0.016476 0
-0.163545 0.325396 -0.022586 0
0.216218 -0.853087 0.026113 0
-0.037935 0.181774 -0.032563 0
0.175881 -0.531129 0.024006 0
0.202266 -0.917583 0.015474 0
-0.127185 0.311275 -0.008783 0
0.184413 0.021809 -0.011174 0
-0.346482 0.424412 -0.023496 0
0.183955 -0.037557 -0.016967 0
0.100678 -0.121319 0.000946 0
-0.202276 0.341177 0.028333 0
0.133368 -0.156729 0.001323 0
0.252402 0.063172 0.025719 0
-0.559795 0.489032 -0.003224 0
0.229044 -0.061721 -0.010621 0
0.132950 -0.215121 -0.014641 0
-0.223428 0.359247 0.018167 0
-0.243166 0.373689 -0.046782 0
0.036357 0.033783 -0.023487 0
0.199964 -0.846671 0.020164 0
-0.016211 0.133458 -0.040157 0
0.057954 -0.002552 -0.015663 0
0.146009 -0.329213 0.012414 0
0.202628 0.082035 0.004103 0
0.149420 -0.037542 0.023109 0
-0.071257 0.217061 -0.071364 0
-0.689832 0.509863 0.037516 0
-0.223444 0.361004 -0.022451 0
-0.053177 0.218041 -0.016796 0
0.302723 0.075364 0.041871 0
0.193944 -0.751484 0.023647 0
-0.303978 0.362734 0.034759 0
0.149479 -0.179870 0.003186 0
0.162645 -0.127069 0.030132 0
0.267413 0.171559 0.039074 0
-0.253361 0.377754 -0.010630 0
0.170563 -0.175625 -0.039516 0
-0.170607 0.321256 -0.081849 0
0.157617 -0.382717 0.019104 0
-0.506084 0.479630 0.001548 0
0.057729 0.033425 -0.000775 0
0.186310 -0.013986 -0.013406 0
0.222814 -0.091254 -0.016467 0
0.159113 -0.317610 0.002643 0
0.192858 -0.950353 0.015555 0
0.104447 -0.150811 -0.016307 0
0.008574 0.088396 -0.062526 0
0.170287 -0.073189 -0.015456 0
-0.483583 0.434317 0.037381 0
-0.259976 0.383221 -0.053198 0
0.020417 0.062784 -0.040456 0
-0.195010 0.341832 -0.079978 0
-0.276439 0.387969 -0.028262 0
-0.035225 0.164995 -0.040464 0
-0.387274 0.419734 0.030117 0
0.064820 -0.031825 -0.016270 0
-0.148250 0.327236 0.000405 0
0.061294 -0.018644 -0.045142 0
-0.074588 0.223205 -0.046402 0
0.114197 -0.096076 0.001787 0
0.152679 -0.287667 -0.004018 0
-0.326822 0.408897 0.001106 0
-0.280071 0.374713 0.026733 0
0.173118 -0.465913 0.029952 0
0.207127 -0.664156 0.032971 0
-0.098328 0.254294 -0.040056 0
0.149141 -0.068881 0.012709 0
-0.151587 0.304476 -0.055019 0
-0.594812 0.498710 0.002090 0
-0.213033 0.355038 -0.052865 0
0.087257 -0.090066 -0.006082 0
-0.704960 0.519557 0.034587 0
0.199631 -0.078787 -0.024393 0
-0.490943 0.457244 0.027227 0
0.199939 0.016839 -0.007081 0
0.162691 0.079400 0.001006 0
0.139596 -0.263828 0.012217 0
0.180393 -0.566959 0.029361 0
0.169976 -0.139452 -0.028090 0
0.302461 0.240948 0.061275 0
0.157445 -0.163333 -0.009961 0
0.003795 0.126799 -0.016039 0
0.213718 -0.912432 0.034671 0
0.025126 0.064581 -0.063743 0
-0.454780 0.444806 0.025583 0
0.208149 -0.941452 0.042442 0
0.170954 -0.437456 0.029013 0
0.147875 -0.305322 -0.010099 0
0.148023 -0.233613 -0.023308 0
0.205139 -0.722562 0.025242 0
0.187290 -0.650389 0.029392 0
0.185035 -0.495662 0.018504 0
-0.559591 0.491309 0.013128 0
0.282528 0.224159 0.053638 0
0.114301 -0.131088 -0.013336 0
0.184098 -0.591242 0.031191 0
0.214573 -0.834345 0.025709 0
0.095997 -0.091600 -0.034196 0
0.056632 -0.003749 -0.037095 0
0.194644 -0.780640 0.030524 0
0.042898 0.027440 -0.056195 0
0.007580 0.091832 -0.046247 0
0.156586 -0.310721 0.017315 0
-0.252984 0.378582 0.006497 0
0.151820 -0.173993 0.019378 0
-0.670983 0.516726 0.015191 0
-0.298780 0.399808 -0.011239 0
0.197891 -0.621047 0.024732 0
0.249473 0.104612 0.034312 0
0.137082 -0.262305 -0.007870 0
0.219045 0.135927 0.020860 0
-0.624564 0.507768 0.013252 0
0.095387 -0.056249 -0.040286 0
0.215737 0.075442 0.010789 0
-0.482890 0.470947 -0.013896 0
0.150755 0.016137 0.001472 0
0.156410 -0.019853 -0.005713 0
-0.312845 0.384001 0.032515 0
0.190627 -0.520016 0.024261 0
-0.446462 0.460530 0.012435 0
0.268300 0.152099 0.042111 0
0.173141 -0.395191 0.028112 0
0.219943 -0.008379 -0.010071 0
0.244215 0.193800 0.024189 0
0.238051 -0.073817 0.000659 0
0.202252 -0.829063 0.036506 0
0.196150 -0.901100 0.025380 0
0.203161 -0.811286 0.024573 0
-0.303460 0.394637 0.022745 0
-0.163347 0.331906 0.022467 0
0.196214 -0.697805 0.036758 0
0.196689 -0.579099 0.030752 0
-0.291495 0.393032 0.001856 0
0.195280 -0.963525 0.007549 0
0.168818 -0.394762 0.007942 0
-0.654915 0.513517 0.014308 0
0.252672 0.033727 0.013382 0
0.215215 -0.121008 -0.023734 0
-0.529822 0.484344 0.001164 0
-0.424935 0.438711 0.019344 0
-0.513648 0.454073 0.036792 0
0.007092 0.151364 0.005338 0
0.287708 0.045633 0.031949 0
0.164260 -0.340812 0.006446 0
-0.476624 0.466943 0.018490 0
-0.096619 0.299413 0.007483 0
0.143714 -0.251876 0.024957 0
-0.391805 0.390983 0.040029 0
0.108676 -0.142769 -0.028709 0
0.202135 0.158399 0.007857 0
-0.266672 0.384799 -0.068126 0
0.228248 0.123206 0.026141 0
0.013702 0.110506 -0.075748 0
0.193241 -0.560860 0.023780 0
0.095303 -0.079530 0.004886 0
0.050479 0.063213 0.000274 0
0.201556 -0.638576 0.031493 0
-0.144239 0.294793 -0.085454 0
0.181075 -0.458932 0.016168 0
0.123614 -0.163233 -0.021801 0
0.185099 -0.549090 0.036065 0
0.236249 0.177502 0.026207 0
-0.024684 0.151641 -0.070522 0
0.082225 -0.080268 -0.024831 0
0.069855 0.013611 -0.054171 0
0.252161 0.086827 0.032850 0
0.274270 0.034114 0.023309 0
0.164076 -0.358559 0.005710 0
-0.609977 0.492685 0.036375 0
0.153900 -0.341112 0.019934 0
0.199771 -0.603507 0.031369 0
0.121673 -0.239344 -0.002363 0
0.153892 -0.120836 0.019628 0
-0.505917 0.474641 0.019605 0
0.199141 -0.930254 0.024263 0
0.311753 0.176308 0.049047 0
0.021755 0.117261 0.000626 0
-0.425504 0.425665 0.035254 0
0.296573 0.125775 0.044842 0
0.086260 -0.108002 -0.011970 0
-0.633132 0.498301 0.036880 0
0.146049 -0.228116 0.024763 0
0.202468 -0.799306 0.036641 0
-0.267716 0.384466 -0.016678 0
-0.127888 0.289870 -0.029446 0
0.205986 -0.745657 0.030784 0
-0.440357 0.402765 0.037112 0
0.198948 0.051739 -0.003790 0
0.278873 0.015504 0.025737 0
0.297752 0.158038 0.044814 0
-0.032736 0.174519 -0.084891 0
0.138177 -0.192211 0.002382 0
0.216382 -0.103393 -0.022111 0
0.249036 -0.019632 0.003222 0
-0.343977 0.405190 0.027774 0
0.171334 -0.370498 0.024545 0
-0.342161 0.384482 0.038205 0
0.170528 -0.419513 0.028498 0
0.221623 -0.964145 0.022918 0
0.118877 -0.209964 -0.009293 0
-0.458635 0.416296 0.036893 0
0.155030 0.050343 0.000622 0
0.260013 0.010567 0.011475 0
0.091013 -0.125633 -0.011556 0
0.267610 0.122557 0.042681 0
0.244097 0.075433 0.028699 0
0.202242 -0.013448 -0.011478 0
0.040543 0.020843 -0.028613 0
-0.094948 0.247845 -0.076398 0
0.282230 0.176487 0.042165 0
0.260118 0.194217 0.035127 0
0.014208 0.075307 -0.034657 0
0.206085 -0.882576 0.040856 0
0.146236 -0.275995 -0.016718 0
0.192121 -0.537926 0.024195 0
-0.722242 0.514566 0.040345 0
-0.075081 0.234421 -0.033783 0
0.175433 -0.504224 0.027733 0
0.117971 -0.181313 -0.017495 0
0.193313 0.123013 0.005500 0
0.190575 -0.680744 0.031074 0
0.252364 -0.049295 0.010863 0
-0.320715 0.403620 0.013380 0
0.170543 -0.055310 -0.015152 0
0.199651 -0.852721 0.035897 0
0.193944 -0.668109 0.036882 0
-0.425008 0.463937 -0.010296 0
0.155825 -0.186402 -0.010111 0
0.186702 -0.613803 0.034169 0
-0.492170 0.477117 -0.000306 0
0.089524 -0.038855 -0.043348 0
0.153829 -0.073368 0.025441 0
0.104582 -0.115339 -0.033720 0
0.288417 0.074745 0.037177 0
0.240179 -0.050212 -0.001148 0
-0.677869 0.515178 0.029986 0
0.156497 -0.095802 0.028910 0
-0.589446 0.485368 0.036949 0
0.196303 -0.763218 0.031815 0
-0.270557 0.382664 0.016844 0
-0.365487 0.389323 0.039830 0
-0.261018 0.355498 0.032295 0
-0.119625 0.299549 -0.015940 0
0.141049 -0.247151 -0.000796 0
0.148292 -0.293895 0.015373 0
-0.187033 0.344286 0.013268 0
-0.080487 0.229637 -0.070204 0
0.266452 -0.018373 0.019451 0
-0.447490 0.431956 0.034433 0
0.243532 0.146574 0.034998 0
-0.031666 0.212301 0.005821 0
-0.410264 0.401682 0.039400 0
0.104241 -0.162881 -0.005319 0
0.159113 -0.263732 0.005457 0
0.186622 -0.471948 0.025092 0
0.156202 -0.109817 -0.009657 0
-0.043870 0.177486 -0.070355 0
0.153074 -0.210418 -0.010877 0
0.170000 -0.436007 0.009847 0
0.143811 -0.281939 0.025060 0
0.110793 -0.174606 0.000316 0
0.201682 -0.156363 -0.038208 0
0.296241 0.230160 0.054706 0
0.035128 0.039615 -0.052085 0
-0.052000 0.228745 -0.007961 0
0.023962 0.079505 -0.066813 0
0.103250 -0.051090 0.001557 0
0.184853 -0.156727 -0.040158 0
-0.237249 0.368637 -0.035289 0
-0.107136 0.260193 -0.064868 0
0.110627 -0.132581 0.006691 0
-0.009747 0.176038 0.005650 0
-0.290225 0.361571 0.035285 0
-0.565741 0.479986 0.036865 0
-0.171902 0.325756 -0.057953 0
0.030389 0.039847 -0.034327 0
-0.580489 0.496197 0.018538 0
0.192707 -0.727784 0.030337 0
0.311151 0.205743 0.050566 0
0.177102 -0.419150 0.013546 0
0.073747 -0.013491 -0.051763 0
-0.008454 0.143970 -0.082453 0
0.207716 0.027392 -0.002996 0
0.243093 0.044946 0.014164 0
-0.735769 0.525264 0.034534 0
0.192168 -0.110891 -0.031793 0
0.177863 -0.519630 0.031093 0
0.190514 -0.836306 0.020866 0
0.206092 -0.891622 0.015062 0
0.236323 0.111437 0.029190 0
0.146473 -0.250978 -0.033839 0
0.103235 -0.080083 -0.033977 0
-0.250117 0.375128 -0.029050 0
0.221981 0.063450 0.013957 0
0.169864 -0.376839 0.009116 0
0.057003 0.010414 -0.058718 0
-0.075121 0.271609 0.005200 0
0.243193 -0.002436 0.000436 0
0.228727 -0.079001 -0.010722 0
-0.031924 0.159845 -0.052564 0
0.214156 -0.037692 -0.016448 0
0.191899 0.074858 -0.002854 0
-0.170776 0.324500 -0.033986 0
0.230369 -0.101000 -0.007811 0
0.147199 -0.013630 0.012964 0
-0.137005 0.289202 -0.059253 0
-0.692702 0.498673 0.044498 0
0.157008 -0.245935 0.001571 0
-0.009415 0.146393 -0.016336 0
0.139676 -0.293432 0.001028 0
0.259761 0.217578 0.035865 0
0.155393 -0.133716 -0.009087 0
-0.068753 0.253599 -0.005272 0
0.139398 -0.274954 -0.003906 0
-0.224030 0.363257 -0.064178 0
-0.809605 0.514129 0.040823 0
-0.371993 0.414497 0.031424 0
0.184911 -0.620838 0.021305 0
0.303231 0.188345 0.046860 0
0.168609 0.090953 -0.002142 0
-0.289418 0.393124 -0.042938 0
-0.334798 0.417619 -0.033178 0
0.027677 0.069319 -0.021144 0
0.129525 -0.222017 0.009538 0
-0.386391 0.438582 0.006381 0
0.199484 -0.906250 0.037192 0
-0.208056 0.350943 -0.023069 0
0.198398 -0.930486 0.037543 0
0.040815 0.092582 0.003189 0
0.198143 -0.655972 0.024138 0
-0.596593 0.501022 0.016890 0
-0.240858 0.363829 0.023153 0
-0.233994 0.353403 0.028095 0
0.311911 0.140949 0.048551 0
0.217536 -0.941885 0.030961 0
0.205500 -0.786744 0.025995 0
-0.059297 0.199870 -0.070864 0
0.232257 0.016727 0.000235 0
-0.054400 0.205346 -0.033429 0
0.000747 0.105654 -0.030175 0
0.223099 0.152498 0.024289 0
-0.400872 0.418169 0.034629 0
0.148103 -0.204002 0.012360 0
-0.336663 0.395878 0.034490 0
0.199160 -0.133042 -0.034891 0
0.198420 -0.876237 0.023708 0
0.021652 0.105855 -0.005981 0
-0.827216 0.511222 0.040682 0
0.303777 0.111170 0.046611 0
-0.015664 0.134489 -0.059310 0
0.097016 -0.103841 -0.029502 0
0.169066 -0.454197 0.025613 0
0.160842 -0.162279 -0.022592 0
0.080777 -0.060818 -0.005921 0
0.150731 -0.156480 0.018545 0
-0.366292 0.438445 -0.016347 0
-0.213370 0.350171 0.020351 0
0.157988 -0.186564 -0.028697 0
0.216214 -0.894118 0.030508 0
0.202324 -0.704579 0.025265 0
-0.238519 0.372767 -0.058980 0
-0.155940 0.326831 -0.012035 0
0.195798 -0.590852 0.025075 0
0.094566 -0.026119 0.001723 0
0.178376 0.033441 -0.010192 0
0.175927 -0.097167 -0.018426 0
0.050932 0.010078 -0.017044 0
0.162451 -0.085300 -0.011890 0
0.162035 -0.407057 0.008103 0
-0.392187 0.460125 -0.028103 0
-0.004814 0.117925 -0.069511 0
0.177808 -0.477716 0.032865 0
0.279499 0.212179 0.048528 0
0.178352 0.075018 -0.005070 0
0.152026 -0.150912 0.001136 0
0.291153 0.194062 0.044724 0
-0.140235 0.294376 -0.031043 0
0.151879 -0.198375 0.034368 0
0.275147 0.071026 0.032486 0
0.182813 -0.073179 -0.018848 0
0.154957 -0.209327 -0.034227 0
0.063110 -0.014383 -0.014520 0
0.275287 0.140238 0.045814 0
0.103539 -0.103438 -0.018373 0
0.134465 -0.246174 0.010783 0
-0.320530 0.408053 -0.043683 0
0.035249 0.050343 -0.062649 0
-0.434524 0.466968 -0.022568 0
-0.661280 0.502623 0.039788 0
0.216138 -0.869730 0.029627 0
0.172451 -0.008013 -0.013022 0
0.084161 -0.037055 0.004402 0
0.152166 -0.222548 0.034626 0
0.213219 -0.953940 0.018836 0
0.053597 0.045607 -0.001062 0
0.237109 0.062167 0.020470 0
-0.196890 0.352785 -0.003875 0
-0.306698 0.401935 -0.046834 0
0.166371 -0.476560 0.023416 0
-0.545471 0.460840 0.040557 0
-0.052803 0.237853 0.004557 0
0.152190 -0.037922 -0.000608 0
0.082374 -0.061370 -0.034746 0
-0.351793 0.430905 -0.034712 0
0.186750 0.050756 -0.008455 0
0.197012 -0.947550 0.043274 0
-0.008200 0.117726 -0.046846 0
-0.304042 0.400052 -0.022809 0
0.111470 -0.150139 0.005552 0
0.134496 -0.174288 0.001469 0
-0.208831 0.358928 0.001232 0
0.057749 0.038045 -0.059719 0
0.103218 -0.132904 -0.022899 0
0.133370 -0.192465 -0.009997 0
0.066145 -0.030335 -0.044571 0
-0.031534 0.194979 -0.004442 0
0.279054 0.116938 0.044741 0
0.186703 -0.627025 0.032199 0
0.197439 -0.858519 0.024879 0
-0.124096 0.278466 -0.076081 0
0.012324 0.123061 -0.005429 0
0.125050 -0.192364 0.009018 0
0.126699 -0.162240 0.010497 0
0.113500 -0.115449 -0.024089 0
0.124608 -0.126394 0.001154 0
-0.316283 0.406044 -0.021935 0
0.036970 0.080483 -0.003612 0
0.153038 -0.227476 -0.038642 0
0.151084 -0.363367 0.010265 0
0.172068 0.057855 -0.006391 0
-0.502780 0.464784 0.026647 0
0.193436 -0.740274 0.030173 0
0.162872 0.033603 -0.006005 0
-0.114917 0.304700 -0.004044 0
0.267636 0.093115 0.038522 0
0.203493 -0.721835 0.040222 0
-0.631079 0.507540 0.023904 0
0.192649 -0.709341 0.031556 0
-0.441126 0.449511 0.019090 0
-0.320795 0.368495 0.037217 0
-0.092019 0.245033 -0.051565 0
0.190392 0.010079 -0.011326 0
0.295717 0.217874 0.052812 0
0.132493 -0.250828 -0.009241 0
-0.059101 0.201238 -0.046654 0
0.229193 0.099363 0.023703 0
-0.070348 0.217344 -0.058992 0
0.233010 -0.032282 -0.007200 0
-0.004936 0.111383 -0.058927 0
-0.758364 0.515974 0.042364 0
0.162492 0.009409 -0.007166 0
-0.238609 0.371705 -0.004547 0
0.162681 -0.413893 0.020169 0
0.182907 -0.442551 0.029925 0
-0.067577 0.213114 -0.082482 0
0.166875 -0.340922 0.018925 0
0.207252 0.134784 0.013696 0
0.198724 -0.674446 0.024273 0
-0.440974 0.463875 0.001901 0
0.153476 -0.133164 0.019633 0
0.199058 -0.953392 0.001620 0
0.110101 -0.115038 0.007441 0
0.027678 0.081048 -0.011661 0
-0.118707 0.272337 -0.058717 0
0.143887 -0.317108 0.012203 0
-0.380863 0.427976 0.012818 0
0.108125 -0.067262 0.001683 0
0.192423 -0.048903 -0.018127 0
0.120311 -0.210459 0.004696 0
0.141389 -0.205230 0.002164 0
0.258061 0.115988 0.038674 0
0.072770 -0.050100 -0.028309 0
-0.107983 0.264517 -0.040196 0
0.149844 -0.228404 0.007884 0
0.223455 0.086990 0.018105 0
0.212381 0.010121 -0.005048 0
0.214689 -0.061630 -0.019221 0
0.116238 -0.154684 -0.026462 0
0.207786 -0.109436 -0.028326 0
-0.051380 0.190472 -0.052340 0
0.087092 -0.001979 0.005014 0
0.178161 -0.144153 -0.035778 0
0.226028 0.041267 0.010615 0
0.171078 -0.032684 -0.014705 0
-0.407999 0.463804 -0.027390 0
-0.356550 0.431193 -0.023504 0
0.151621 -0.240047 0.010760 0
-0.834882 0.503524 0.027164 0
0.013554 0.098833 -0.021829 0
0.103303 -0.150810 -0.004259 0
0.104147 -0.091631 0.006838 0
0.154263 -0.335937 0.000348 0
0.169174 -0.115245 -0.016313 0
0.198417 -0.817776 0.014820 0
-0.327615 0.412446 -0.010559 0
0.185290 -0.579890 0.035087 0
0.207696 -0.769752 0.036304 0
-0.296132 0.392860 0.012984 0
-0.068185 0.224015 -0.034102 0
0.243988 0.134345 0.034474 0
0.282602 0.098857 0.042760 0
0.206869 -0.694650 0.041377 0
0.202812 -0.067273 -0.022941 0
0.213892 0.105119 0.013624 0
-0.105644 0.258740 -0.076703 0
-0.609883 0.503378 0.019078 0
0.180254 -0.495298 0.034146 0
0.146684 -0.215882 0.018217 0
-0.393266 0.452053 -0.015126 0
0.152713 -0.102974 0.018899 0
-0.155525 0.317368 -0.026427 0
0.154261 -0.221852 -0.004668 0
0.212722 -0.858381 0.036909 0
0.065467 0.021284 0.000962 0
0.251635 0.022060 0.010782 0
0.148769 -0.305067 0.024956 0
0.252390 0.170016 0.035224 0
0.166311 -0.186921 -0.039295 0
0.236876 0.158914 0.031548 0
-0.223215 0.360719 -0.035159 0
0.190471 -0.001836 -0.011764 0
-0.203016 0.347488 -0.033775 0
0.182456 -0.484364 0.015755 0
-0.403722 0.452217 -0.004232 0
0.191452 -0.876259 0.035796 0
0.199413 -0.840839 0.035919 0
0.142181 -0.150697 0.007783 0
-0.534466 0.481875 0.020880 0
0.206031 -0.921447 0.038597 0
-0.009702 0.128659 -0.070865 0
0.149737 -0.008098 0.002793 0
0.189436 -0.602574 0.037079 0
0.170742 -0.406779 0.028124 0
-0.084056 0.235555 -0.046218 0
0.070349 0.039227 0.004138 0
0.024818 0.051831 -0.039943 0
0.198187 -0.888039 0.023942 0
-0.128274 0.283624 -0.051863 0
0.034820 0.045358 -0.021953 0
0.206651 -0.756305 0.025798 0
0.165397 -0.317886 0.012595 0
0.021489 0.063948 -0.052115 0
-0.350738 0.414560 0.019349 0
0.155714 -0.305433 -0.000698 0
-0.418094 0.453678 0.008284 0
0.036470 0.057631 -0.011130 0
0.149360 -0.269652 0.008093 0
0.148438 -0.043813 0.013271 0
0.049100 0.033368 -0.009046 0
0.184326 -0.097737 -0.026549 0
0.189928 -0.507141 0.024907 0
-0.053195 0.194097 -0.081751 0
0.163292 -0.150905 -0.022457 0
0.150642 -0.061790 0.003004 0
0.125241 -0.150145 0.006396 0
0.154324 -0.174178 -0.005715 0
0.001099 0.099722 -0.058052 0
0.015654 0.099110 -0.074660 0
0.099885 -0.093082 -0.022091 0
0.163465 -0.329258 0.006623 0
-0.550539 0.473892 0.037110 0
-0.364313 0.427345 0.002337 0
0.083394 -0.025244 0.004621 0
0.044600 0.021068 -0.046686 0
0.276230 0.233826 0.051137 0
-0.110398 0.261968 -0.087140 0
0.155266 -0.097460 -0.005220 0
-0.088243 0.238663 -0.074323 0
0.160637 -0.032497 -0.009223 0
0.211468 0.051103 0.002919 0
-0.171050 0.324941 -0.070917 0
0.203889 -0.686075 0.030678 0
0.182613 -0.527004 0.015613 0
0.185109 -0.590486 0.019555 0
-0.156304 0.332059 0.007741 0
-0.522919 0.474603 0.025988 0
0.252216 0.003859 0.006430 0
-0.711269 0.523388 0.025826 0
0.150738 -0.079356 0.007184 0
0.213657 -0.965519 0.036270 0
0.180492 -0.534736 0.033832 0
-0.372678 0.444472 -0.028313 0
0.072881 -0.037679 -0.009948 0
0.195337 -0.549090 0.031052 0
0.098167 -0.066719 -0.036751 0
0.130752 -0.269557 0.001182 0
-0.172859 0.336747 0.018498 0
-0.401783 0.426852 0.025520 0
0.142049 -0.280791 -0.026154 0
0.251531 0.052331 0.022371 0
0.273604 0.045315 0.025120 0
0.222866 0.181893 0.014039 0
0.204902 -0.822481 0.023730 0
-0.081675 0.250085 -0.025201 0
-0.254790 0.363417 0.026883 0
0.044565 0.056962 -0.064912 0
0.156658 -0.055450 -0.005818 0
-0.200139 0.348403 -0.070178 0
-0.018751 0.158426 -0.022452 0
-0.465242 0.447960 0.028506 0
-0.045034 0.190494 -0.031364 0
0.212705 -0.919138 0.019507 0
-0.134229 0.288504 -0.076467 0
0.199570 -0.944024 0.007834 0
0.206051 -0.799246 0.025985 0
0.156629 -0.371536 0.019708 0
0.114371 -0.198331 -0.009447 0
0.183407 -0.466446 0.034413 0
-0.396562 0.441543 0.010067 0
0.110212 -0.184997 -0.010287 0
-0.120994 0.272350 -0.086362 0
-0.324471 0.412867 -0.055820 0
-0.314738 0.397562 0.020646 0
-0.046312 0.212876 -0.009626 0
-0.381381 0.408968 0.037691 0
0.184794 -0.026435 -0.016101 0
0.067839 -0.019189 -0.005594 0
-0.316274 0.405380 0.003267 0
0.133835 -0.204311 -0.011956 0
0.070512 0.004103 0.001636 0
0.211903 -0.872358 0.019650 0
-0.209086 0.354164 -0.064408 0
-0.135034 0.318171 -0.004900 0
0.201113 -0.818044 0.035365 0
0.202658 0.093141 0.004915 0
0.200945 -0.038760 -0.019842 0
0.202244 -0.733656 0.024535 0
-0.163646 0.314224 -0.076482 0
0.216213 -0.881306 0.036433 0
0.253373 -0.038266 0.012685 0
0.142095 -0.258019 0.001274 0
-0.378617 0.440237 -0.005132 0
-0.180421 0.331289 -0.039889 0
-0.222656 0.360654 -0.075337 0
-0.302716 0.398508 -0.034156 0
0.128072 -0.140279 0.000796 0
0.198922 -0.632839 0.040579 0
-0.077584 0.258288 -0.015028 0
-0.027515 0.161065 -0.030956 0
0.125097 -0.221616 -0.010431 0
-0.445493 0.467503 -0.021600 0
-0.359062 0.433760 -0.044468 0
0.258286 -0.020167 0.012283 0
0.051578 -0.007863 -0.022899 0
0.259456 0.146227 0.039227 0
0.292274 0.035915 0.034151 0
-0.498891 0.476686 0.009264 0
0.211892 -0.825181 0.039945 0
0.124655 -0.155057 -0.013364 0
0.280329 0.201607 0.045863 0
-0.411940 0.461412 -0.011832 0
0.010552 0.140487 0.002032 0
-0.097821 0.263184 -0.032037 0
0.181329 -0.559949 0.021037 0
-0.181345 0.336598 -0.064127 0
-0.196287 0.344358 0.019780 0
-0.055525 0.216889 -0.027392 0
0.206150 0.038154 -0.002137 0
0.140372 -0.222789 0.008807 0
0.205805 -0.087657 -0.026318 0
0.271487 0.010116 0.019808 0
-0.029641 0.164507 -0.081919 0
0.191383 -0.520524 0.035113 0
0.147262 -0.256898 0.033936 0
0.148421 -0.298970 0.004372 0
0.146679 -0.252185 -0.023033 0
-0.105266 0.281962 -0.021908 0
-0.275620 0.386223 0.007849 0
0.203067 0.145826 0.010693 0
0.184178 -0.539521 0.015721 0
-0.144158 0.300612 -0.040586 0
0.273647 0.081176 0.036857 0
-0.153616 0.302832 -0.065496 0
-0.189429 0.339974 -0.055865 0
-0.269709 0.386631 -0.057937 0
0.170551 -0.459571 0.013897 0
-0.290894 0.387570 0.023002 0
0.073998 -0.064632 -0.013374 0
-0.160375 0.312775 -0.053146 0
0.146867 -0.265259 -0.017151 0
-0.366810 0.378641 0.039397 0
-0.550780 0.489204 0.007335 0
-0.045118 0.182482 -0.040533 0
-0.501037 0.454508 0.034046 0
-0.136635 0.323116 0.016591 0
0.004880 0.116491 -0.022490 0
0.229667 -0.019615 -0.008648 0
-0.268200 0.366077 0.030722 0
0.190260 -0.496245 0.030443 0
-0.185916 0.344370 -0.010982 0
0.148930 -0.055522 0.012642 0
-0.253636 0.378161 -0.046234 0
-0.366438 0.424922 0.012700 0
0.178049 -0.168196 -0.041244 0
-0.224048 0.364488 -0.009495 0
0.150197 0.003240 0.000603 0
0.157928 -0.085241 0.028420 0
-0.200680 0.347152 -0.047954 0
0.199180 -0.911312 0.024996 0
-0.405016 0.436367 0.017688 0
0.265266 -0.001702 0.015542 0
0.079586 -0.085544 -0.015976 0
0.094487 -0.091793 0.001530 0
0.211171 -0.915360 0.045645 0
0.020148 0.093057 -0.015585 0
-0.174080 0.341094 0.000742 0
-0.027296 0.177620 -0.013749 0
0.125356 -0.233938 0.005986 0
-0.326875 0.410758 -0.034777 0
-0.454897 0.469764 -0.010772 0
0.151233 -0.126818 0.011302 0
0.205651 -0.776165 0.025892 0
-0.252976 0.372683 0.018573 0
0.291093 0.092564 0.042670 0
0.221228 -0.049147 -0.015193 0
-0.164778 0.335493 -0.004124 0
0.104876 -0.139098 0.000729 0
0.193174 0.098889 0.001462 0
0.064007 -0.027364 -0.029371 0
-0.080708 0.230021 -0.082296 0
0.153394 0.027364 0.000239 0
0.148540 -0.025186 0.018031 0
0.163749 -0.436396 0.018308 0
0.176961 -0.501607 0.015308 0
0.154505 -0.323272 0.020489 0
-0.037975 0.188414 -0.023745 0
-0.261126 0.379434 0.013507 0
0.149527 -0.192373 0.007099 0
0.215685 -0.085136 -0.021174 0
-0.484799 0.474227 0.007306 0
0.150111 -0.353223 0.012802 0
0.146966 -0.269812 0.020037 0
0.199779 -0.569098 0.031536 0
-0.470840 0.437669 0.034741 0
-0.328127 0.389775 0.034356 0
0.215690 0.165050 0.014405 0
-0.431448 0.408186 0.038215 0
0.231086 0.027599 0.003229 0
0.151230 -0.114496 0.011730 0
0.184641 0.110604 0.001787 0
-0.173168 0.329587 -0.047363 0
-0.029154 0.153125 -0.060083 0
0.191779 -0.644152 0.020203 0
0.074160 0.015551 0.002866 0
-0.007341 0.153516 -0.005983 0
0.020005 0.068295 -0.028110 0
-0.470970 0.457950 0.021142 0
-0.002194 0.134626 -0.080833 0
0.062152 -0.040850 -0.022227 0
0.147193 -0.311210 0.000755 0
-0.600318 0.487825 0.037846 0
-0.373245 0.443571 -0.039649 0
-0.090616 0.252767 -0.033259 0
0.192986 0.027318 -0.009174 0
-0.008979 0.127092 -0.031724 0
0.253396 0.200203 0.029957 0
-0.291551 0.395107 -0.062811 0
-0.180536 0.338560 -0.017686 0
-0.125094 0.315791 0.010221 0
-0.098672 0.253289 -0.050981 0
0.177737 -0.430385 0.013838 0
-0.410639 0.420408 0.032024 0
0.195617 -0.574666 0.040038 0
-0.648304 0.499776 0.038997 0
-0.669917 0.507992 0.035897 0
0.118895 -0.132708 -0.022745 0
0.245250 0.203761 0.021658 0
-0.654560 0.513407 0.024629 0
-0.150428 0.301032 -0.075142 0
0.150726 -0.092097 0.007624 0
0.169948 0.069102 -0.004236 0
-0.047113 0.183095 -0.058133 0
-0.438008 0.393071 0.034525 0
0.053686 0.028804 -0.061773 0
-0.623681 0.494225 0.037312 0
0.289610 0.136182 0.045163 0
-0.227345 0.365259 0.010791 0
-0.380472 0.396439 0.040197 0
-0.336131 0.414181 0.001114 0
0.229558 -0.007769 -0.006280 0
-0.349229 0.424930 -0.010459 0
0.007965 0.082681 -0.038128 0
-0.639216 0.492261 0.042524 0
-0.552334 0.487480 0.019493 0
-0.342096 0.421514 -0.046298 0
0.051609 0.019402 -0.053964 0
0.212592 -0.929370 0.019760 0
0.209108 -0.127283 -0.029837 0
0.076549 -0.036861 -0.049631 0
-0.015457 0.146116 -0.028390 0
-0.381068 0.450074 -0.023351 0
-0.135355 0.311936 -0.015825 0
0.192773 -0.644350 0.037321 0
-0.434144 0.431778 0.030478 0
-0.285483 0.392044 -0.052266 0
0.033615 0.080323 -0.069932 0
-0.111666 0.278273 -0.029651 0
0.198286 -0.608466 0.040125 0
0.200576 -0.661414 0.040710 0
0.155453 -0.121240 -0.009122 0
0.061152 -0.001049 -0.006138 0
0.044354 0.056780 -0.004787 0
0.201800 0.116702 0.007730 0
-0.336176 0.373378 0.038214 0
0.183458 0.097884 -0.002189 0
0.157612 -0.276144 0.001844 0
0.163470 0.051470 -0.004864 0
-0.172695 0.330841 -0.022651 0
-0.193676 0.342363 -0.028754 0
0.139930 -0.275468 0.012639 0
0.157568 -0.173859 0.034172 0
-0.782744 0.516889 0.040485 0
0.302815 0.211909 0.048817 0
0.261757 0.060297 0.028192 0
0.074181 -0.049517 -0.010792 0
0.239301 -0.025617 -0.002997 0
-0.529896 0.481057 -0.009886 0
0.210227 -0.847097 0.031571 0
0.288473 0.063684 0.035001 0
-0.021765 0.141106 -0.063834 0
0.081048 -0.074823 -0.016440 0
-0.238443 0.372324 -0.069329 0
0.087888 -0.090550 -0.028011 0
-0.570757 0.491987 -0.002588 0
0.303345 0.200277 0.047376 0
-0.065616 0.211803 -0.046741 0
0.199540 -0.751240 0.036033 0
0.178978 -0.050250 -0.016972 0
0.274056 0.163564 0.041916 0
0.199831 -0.781729 0.019476 0
0.175973 -0.394441 0.014902 0
0.211391 -0.016578 -0.013972 0
0.269529 0.218723 0.046138 0
0.154638 -0.358116 0.002538 0
-0.088226 0.272600 -0.011465 0
-0.699713 0.510837 0.038223 0
-0.364665 0.436093 -0.005605 0
-0.145810 0.310910 -0.026328 0
0.220073 -0.965619 0.013218 0
0.178376 -0.430348 0.030652 0
-0.343941 0.424941 -0.035786 0
0.202542 -0.144853 -0.035263 0
0.186204 0.134386 0.002901 0
0.194257 -0.572832 0.023471 0
0.189874 -0.851472 0.034893 0
0.083454 -0.073373 -0.033756 0
-0.415191 0.434922 0.019634 0
-0.200953 0.351363 -0.012783 0
-0.612966 0.479932 0.042831 0
0.042778 0.026678 -0.020973 0
-0.282092 0.367096 0.032669 0
0.210050 -0.965507 0.015459 0
0.190082 -0.126718 -0.034736 0
0.219175 0.049986 0.008956 0
-0.029261 0.153484 -0.040342 0
0.199576 0.069275 -0.000157 0
0.220260 0.121352 0.020691 0
0.084290 -0.097463 -0.011840 0
-0.193274 0.348856 0.007202 0
0.146279 -0.239977 0.019006 0
0.170177 -0.347090 0.012033 0
0.179043 -0.061331 -0.017958 0
-0.603583 0.499070 0.025257 0
-0.714725 0.519922 0.035534 0
-0.275109 0.388068 -0.004876 0
0.162725 -0.138724 0.030712 0
-0.428469 0.446533 0.014599 0
0.282192 0.147170 0.046472 0
0.178623 -0.570831 0.020529 0
0.181403 -0.409269 0.027080 0
0.205838 -0.650858 0.032723 0
0.171871 0.015486 -0.011244 0
-0.521571 0.461855 0.032944 0
0.140832 -0.168425 0.006083 0
-0.252799 0.379609 -0.058787 0
0.202197 -0.947641 0.016658 0
0.090521 -0.104425 -0.022213 0
0.222930 0.169948 0.018784 0
0.123973 -0.174586 -0.021267 0
0.150194 -0.240206 -0.010826 0
-0.245086 0.376348 0.001219 0
-0.051560 0.208496 -0.024416 0
-0.075460 0.223781 -0.064273 0
-0.268065 0.383771 -0.040657 0
0.102354 -0.098085 -0.037694 0
0.169583 0.004112 -0.011205 0
0.103967 -0.103124 0.006738 0
0.203279 -0.895538 0.040106 0
0.199288 -0.870514 0.035953 0
0.117024 -0.180052 0.005404 0
0.146953 -0.305433 0.015422 0
-0.642694 0.511015 0.018672 0
0.189144 -0.662317 0.030749 0
-0.216547 0.361049 0.006722 0
-0.510444 0.477626 -0.009217 0
0.151294 -0.144815 0.017803 0
0.163409 -0.014474 -0.010493 0
0.053862 0.001821 -0.050346 0
0.131197 -0.166885 -0.003827 0
0.173404 -0.513603 0.024983 0
0.030681 0.099608 -0.000280 0
0.050672 0.007012 -0.035547 0
0.179257 -0.543710 0.030464 0
0.150802 -0.227652 -0.011575 0
0.163394 -0.376730 0.024239 0
0.102273 -0.118835 -0.015873 0
-0.030808 0.170034 -0.032345 0
0.206726 -0.839415 0.023279 0
-0.090027 0.283074 -0.004458 0
0.193527 -0.085944 -0.026521 0
-0.025606 0.187373 -0.004507 0
0.152292 -0.132935 0.000393 0
-0.001611 0.123754 -0.024294 0
0.219860 0.001028 -0.007986 0
0.192341 -0.846283 0.026044 0
-0.471478 0.471147 0.008563 0
-0.692719 0.516649 0.031330 0
-0.334768 0.403512 0.025579 0
0.205876 -0.673704 0.034454 0
0.089430 -0.049933 0.004754 0
0.184934 -0.561130 0.035508 0
-0.402103 0.395717 0.039293 0
-0.084526 0.264946 -0.015941 0
0.115915 -0.204192 -0.001994 0
0.240198 0.021136 0.004511 0
0.006267 0.116552 -0.076237 0
-0.105146 0.305668 0.007409 0
0.092926 -0.114504 -0.009691 0
0.160942 -0.287419 0.006874 0
-0.454647 0.465283 0.010987 0
-0.292190 0.395676 -0.016821 0
-0.158105 0.313181 -0.040766 0
-0.094840 0.289609 0.000904 0
0.117911 -0.121579 0.007248 0
-0.745550 0.519675 0.040232 0
-0.260658 0.380854 -0.021984 0
0.243385 0.170639 0.032148 0
0.002125 0.094286 -0.038823 0
-0.402316 0.447745 0.005681 0
0.208693 -0.858546 0.024023 0
-0.061987 0.235551 -0.016014 0
-0.362954 0.403081 0.037230 0
-0.022447 0.142397 -0.036372 0
0.139835 -0.287256 0.012077 0
-0.019074 0.140105 -0.046823 0
-0.342120 0.419344 -0.016717 0
0.074653 -0.020032 0.000994 0
-0.484430 0.443508 0.035068 0
0.190895 -0.692437 0.030397 0
-0.316347 0.394416 0.029474 0
0.260859 0.159214 0.038464 0
0.192329 -0.627802 0.021011 0
-0.543353 0.483368 0.023899 0
0.206359 -0.744410 0.040193 0
0.192825 -0.826305 0.015842 0
0.200505 -0.786075 0.035636 0
0.202208 -0.954181 0.038950 0
-0.454939 0.426340 0.036100 0
-0.678697 0.517902 0.020549 0
-0.350569 0.420305 0.000731 0
-0.529527 0.484273 0.012868 0
0.042898 0.038320 -0.015964 0
-0.193463 0.343161 -0.064888 0
-0.680131 0.506637 0.040100 0
0.166399 -0.430240 0.024980 0
0.171674 -0.413077 0.008783 0
0.173601 -0.489943 0.015017 0
0.156951 -0.200114 -0.033989 0
0.146634 -0.240645 -0.029429 0
0.222190 -0.067601 -0.015813 0
0.295501 0.081345 0.041000 0
0.013846 0.086371 -0.027180 0
0.204182 -0.929779 0.015568 0
-0.075130 0.222440 -0.078035 0
-0.328735 0.404653 0.018460 0
0.155944 -0.382418 0.008471 0
-0.232269 0.366026 -0.027760 0
-0.026399 0.204566 0.006673 0
0.163219 -0.061600 -0.010680 0
0.195147 -0.806059 0.018895 0
0.170524 -0.192758 -0.045313 0
0.169983 -0.353413 0.022190 0
0.162066 -0.208967 -0.044715 0
-0.134766 0.285226 -0.067700 0
-0.654943 0.507118 0.034542 0
-0.415727 0.464454 -0.020191 0
-0.404321 0.410920 0.039455 0
0.010536 0.086645 -0.053459 0
-0.187382 0.336887 -0.046548 0
0.193455 -0.656316 0.037233 0
-0.290404 0.371133 0.034113 0
0.157539 -0.394240 0.012806 0
-0.463910 0.470158 0.001597 0
0.139712 -0.182998 0.002457 0
-0.187762 0.335655 -0.080128 0
-0.808014 0.508365 0.033651 0
0.089932 -0.048987 -0.042436 0
-0.098707 0.287961 -0.008938 0
-0.060131 0.247188 0.002114 0
0.154965 -0.144796 -0.005254 0
-0.484428 0.474771 -0.004929 0
0.129828 -0.186520 -0.016232 0
0.163969 -0.394465 0.024850 0
0.154516 -0.198480 -0.010685 0
0.196755 -0.608809 0.024347 0
-0.126526 0.314310 -0.000018 0
0.073844 -0.037770 -0.040801 0
0.205179 -0.876227 0.014566 0
-0.117195 0.273372 -0.046496 0
-0.187526 0.337680 -0.033879 0
0.057099 -0.010256 -0.029954 0
-0.012335 0.164363 -0.005314 0
0.197751 -0.804883 0.030945 0
0.186938 -0.638587 0.030517 0
0.007178 0.105476 -0.023514 0
0.113191 -0.103470 0.007260 0
0.033319 0.044397 -0.041822 0
-0.454706 0.467558 -0.021040 0
0.281165 0.039037 0.026948 0
-0.215827 0.355825 -0.022060 0
0.252481 0.140535 0.037252 0
0.282693 0.188220 0.042702 0
0.207450 -0.929850 0.042072 0
0.146096 -0.322810 0.004600 0
0.208513 -0.906131 0.038926 0
-0.012100 0.123160 -0.040537 0
0.258722 0.093099 0.036273 0
-0.702221 0.521783 0.026105 0
0.096742 -0.109258 -0.016303 0
0.163045 -0.167627 -0.029724 0
-0.021920 0.170333 -0.015417 0
-0.303302 0.372562 0.034367 0
0.059512 0.063519 0.004359 0
0.228745 0.177025 0.019299 0
0.119290 -0.198381 0.005191 0
-0.530156 0.463749 0.035785 0
0.146888 -0.281692 -0.000191 0
0.253223 0.128971 0.037538 0
0.270892 -0.010589 0.021631 0
-0.064529 0.207293 -0.076121 0
-0.514460 0.476805 0.023314 0
0.289940 0.153604 0.046493 0
0.015404 0.081260 -0.064135 0
-0.567999 0.469378 0.041727 0
-0.663240 0.492623 0.044301 0
0.208675 -0.079515 -0.023348 0
0.071363 0.003706 -0.053091 0
-0.544378 0.487082 0.001188 0
0.193058 -0.067814 -0.022443 0
-0.030257 0.176669 -0.023232 0
-0.454757 0.437613 0.031192 0
0.288369 0.117278 0.046401 0
-0.365509 0.415136 0.025053 0
0.086509 -0.061496 0.001130 0
-0.054048 0.199562 -0.056311 0
0.190088 -0.829209 0.030196 0
0.146482 -0.294396 -0.011829 0
0.193107 -0.019830 -0.014978 0
0.169689 -0.090934 -0.016177 0
0.063175 -0.020424 -0.035197 0
0.214770 0.113754 0.016348 0
-0.422816 0.460478 0.000464 0
-0.014156 0.129627 -0.051786 0
-0.037688 0.194635 -0.017132 0
0.088206 -0.060044 -0.044352 0
-0.146764 0.297525 -0.058321 0
-0.588652 0.498337 0.013411 0
-0.312660 0.372273 0.035848 0
0.180259 -0.555080 0.030634 0
-0.260822 0.381117 -0.004233 0
0.156465 0.039841 -0.002249 0
0.152977 -0.257491 -0.004820 0
-0.128455 0.306114 -0.016483 0
0.153888 -0.162392 0.025461 0
0.146654 -0.258135 0.019130 0
0.196981 -0.793078 0.031003 0
-0.066637 0.243374 -0.011432 0
0.200366 -0.774983 0.035520 0
-0.118542 0.284692 -0.029241 0
-0.433953 0.464343 -0.004528 0
-0.387196 0.402458 0.040267 0
-0.380856 0.424142 0.023954 0
-0.542344 0.468955 0.038189 0
0.152100 -0.324595 -0.002003 0
-0.217242 0.360068 -0.059029 0
0.028513 0.071474 -0.068435 0
-0.016491 0.181233 0.001922 0
0.152672 -0.073215 0.000914 0
-0.306107 0.401811 -0.058601 0
0.193459 -0.704166 0.023891 0
0.080977 -0.008518 0.004315 0
-0.192773 0.338274 0.025369 0
0.213998 -0.935898 0.036636 0
-0.423540 0.404338 0.040008 0
-0.107629 0.289767 -0.016330 0
0.001077 0.147712 -0.000209 0
0.296935 0.069173 0.038965 0
-0.127981 0.286562 -0.037768 0
-0.469635 0.472215 -0.004974 0
-0.141488 0.303233 -0.030658 0
-0.582274 0.487638 0.032095 0
-0.232142 0.368198 0.001348 0
0.044992 0.015563 -0.039643 0
-0.166471 0.317923 -0.057188 0
-0.098332 0.276339 -0.021387 0
0.241273 0.052688 0.018248 0
-0.075523 0.241353 -0.028160 0
0.218659 -0.906331 0.030404 0
-0.417744 0.444337 0.016957 0
0.146582 -0.179735 0.011627 0
-0.446387 0.396646 0.034707 0
0.237180 0.128564 0.031367 0
0.192158 -0.901662 0.034997 0
-0.446414 0.414094 0.037447 0
0.044192 0.015527 -0.022455 0
0.059451 -0.007309 -0.046287 0
0.142453 -0.315355 -0.009417 0
0.193970 -0.811783 0.025617 0
-0.205712 0.345709 0.021233 0
0.238960 0.082706 0.028541 0
0.180917 -0.584430 0.024560 0
0.152449 -0.210240 0.000535 0
0.218718 0.032685 0.002661 0
0.143642 -0.302825 -0.002070 0
-0.231998 0.361541 0.018826 0
-0.202195 0.347063 -0.079671 0
0.215491 0.062327 0.007984 0
-0.713488 0.513071 0.041061 0
0.167524 -0.465892 0.019364 0
-0.386285 0.444655 -0.004320 0
0.199599 -0.941442 0.024685 0
-0.511835 0.479629 0.012973 0
0.192892 -0.097444 -0.028865 0
-0.174534 0.330732 -0.065167 0
-0.454169 0.453104 0.022505 0
-0.268453 0.384171 -0.028964 0
0.199324 0.033920 -0.005860 0
-0.045106 0.219558 -0.003946 0
0.146791 -0.205153 0.023807 0
0.028823 0.056513 -0.058738 0
0.013632 0.080178 -0.046125 0
-0.286028 0.392084 -0.022783 0
0.148589 -0.341232 0.012877 0
0.191656 -0.615179 0.020598 0
0.196002 -0.938485 0.040421 0
-0.002187 0.138930 -0.014460 0
0.083312 -0.031916 -0.046621 0
0.149749 -0.180989 0.024343 0
-0.663149 0.515917 0.019168 0
0.258609 0.069302 0.029783 0
0.177182 -0.084485 -0.017982 0
-0.246706 0.373441 -0.016642 0
0.206644 0.100355 0.008039 0
0.199112 -0.614917 0.030937 0
0.106970 -0.174388 -0.010387 0
-0.163785 0.320137 -0.029636 0
0.198299 -0.632108 0.025831 0
-0.594806 0.476064 0.041901 0
0.206905 -0.907584 0.015698 0
0.208593 0.075117 0.005677 0
0.267279 0.182731 0.038115 0
0.152131 -0.108375 0.000609 0
0.204266 -0.698020 0.030773 0
0.125061 -0.208080 -0.015235 0
0.070635 -0.020340 -0.047235 0
0.191977 -0.543777 0.037269 0
0.222600 0.009740 -0.004452 0
-0.297691 0.396658 -0.041102 0
-0.073939 0.260669 -0.005163 0
0.212705 -0.912082 0.024712 0
0.235180 -0.067518 -0.004721 0
-0.144273 0.299309 -0.050087 0
0.196243 -0.162471 -0.041555 0
0.198647 -0.792401 0.019569 0
-0.186688 0.338214 -0.023898 0
-0.004941 0.111017 -0.040074 0
-0.350856 0.384560 0.039083 0
0.183599 -0.597281 0.024894 0
0.170096 -0.103402 -0.016576 0
-0.231311 0.367854 -0.059423 0
-0.350951 0.404163 0.032927 0
0.240053 -0.062025 0.000107 0
-0.038105 0.169876 -0.064197 0
-0.559363 0.486218 0.025975 0
0.235911 -0.043618 -0.005473 0
0.245584 0.029626 0.010423 0
0.057525 0.009090 -0.011453 0
0.160325 -0.155710 -0.015841 0
0.267901 0.051882 0.025029 0
0.192771 0.112517 0.004206 0
-0.490956 0.450036 0.032090 0
0.152298 -0.025887 -0.001004 0
-0.112478 0.296728 -0.011887 0
-0.103880 0.259588 -0.046044 0
0.267609 0.038773 0.020281 0
0.302879 0.164849 0.046414 0
-0.120941 0.294234 -0.022659 0
-0.150683 0.305740 -0.046500 0
-0.826533 0.509501 0.031227 0
0.209047 -0.024900 -0.013630 0
-0.040142 0.175454 -0.041358 0
-0.025922 0.158017 -0.076227 0
0.205814 -0.953466 0.007012 0
0.075258 -0.055571 -0.034519 0
-0.083741 0.277675 0.001232 0
-0.137709 0.289153 -0.085830 0
0.154492 0.009601 -0.003920 0
0.193769 -0.722202 0.023835 0
-0.565393 0.492435 0.006839 0
0.140834 -0.286568 -0.004066 0
0.117237 -0.139180 -0.012837 0
0.193571 -0.763293 0.023646 0
-0.038102 0.217608 0.003684 0
0.097853 -0.142632 -0.013869 0
0.162414 -0.154417 0.033989 0
-0.514528 0.481225 0.001033 0
0.258835 0.205694 0.033747 0
0.132553 -0.186390 0.007210 0
0.202447 -0.055879 -0.021106 0
0.097104 -0.124392 -0.019917 0
0.252573 0.075365 0.030654 0
0.207186 0.110177 0.009256 0
0.031443 0.057426 -0.018876 0
0.168748 -0.132698 -0.022929 0
0.170564 -0.121211 -0.022319 0
-0.061043 0.223400 -0.028247 0
0.246155 -0.050501 0.004995 0
-0.424958 0.433196 0.025910 0
-0.112951 0.265887 -0.069534 0
0.154328 -0.156725 -0.005480 0
0.249758 0.117295 0.035692 0
0.169517 -0.424438 0.008989 0
-0.231807 0.367558 -0.011410 0
-0.223805 0.353458 0.024462 0
0.184506 -0.525515 0.036151 0
0.199854 -0.739642 0.036770 0
0.040921 0.069546 -0.003878 0
-0.492081 0.471824 -0.015060 0
0.104603 -0.125938 -0.027674 0
-0.163209 0.331422 -0.011485 0
0.156387 -0.204335 -0.004734 0
0.171038 -0.044170 -0.014864 0
-0.601535 0.503043 0.007544 0
-0.101339 0.253900 -0.068076 0
-0.445802 0.444332 0.024028 0
0.297463 0.098196 0.043540 0
0.201855 -0.841283 0.013810 0
0.114392 -0.122279 -0.019051 0
-0.069754 0.264980 0.005064 0
-0.618685 0.505481 0.018993 0
0.150782 -0.169065 0.001586 0
0.198277 -0.745469 0.019432 0
0.242492 0.183207 0.027283 0
0.251975 -0.031677 0.007470 0
0.097295 -0.126856 -0.004572 0
0.130535 -0.257882 0.007391 0
0.173150 -0.127256 -0.028066 0
0.188837 -0.566628 0.019330 0
-0.550594 0.486636 -0.004610 0
0.146911 -0.168131 0.012390 0
0.189136 -0.549222 0.019887 0
-0.321934 0.408006 -0.028442 0
-0.112541 0.272322 -0.035644 0
0.178329 0.051172 -0.007459 0
0.216094 -0.131660 -0.024255 0
0.148554 -0.275786 0.014222 0
0.172847 0.027005 -0.010300 0
0.159932 -0.346857 0.021533 0
0.035305 0.062690 -0.064961 0
-0.044934 0.206330 -0.017126 0
0.189626 -0.656720 0.024275 0
-0.104459 0.258513 -0.057012 0
0.152693 -0.263422 0.012754 0
0.295226 0.045471 0.035829 0
0.309191 0.104671 0.046423 0
0.029277 0.116699 0.004457 0
0.162444 -0.305397 0.012843 0
0.089586 -0.073472 0.001215 0
0.129642 -0.169173 0.006657 0
0.101117 -0.073613 0.006516 0
-0.374680 0.390284 0.040094 0
0.214107 -0.947862 0.024637 0
0.080877 -0.043601 -0.046955 0
0.176195 -0.519631 0.019769 0
-0.067578 0.212329 -0.065418 0
-0.094366 0.266861 -0.024040 0
0.203160 -0.763907 0.024706 0
0.160211 -0.347386 0.003073 0
0.222482 -0.079985 -0.016285 0
-0.157788 0.330852 -0.004829 0
0.199175 -0.756554 0.019428 0
-0.214214 0.360673 -0.004999 0
0.267692 0.194174 0.038796 0
0.206634 -0.792741 0.039860 0
0.158518 -0.168424 -0.016786 0
-0.299422 0.398057 -0.062570 0
-0.409660 0.451008 0.001596 0
0.067943 -0.026204 -0.010859 0
-0.498774 0.469900 0.021201 0
0.089450 -0.079363 -0.034365 0
-0.542753 0.475326 0.032726 0
0.162818 -0.073538 -0.011626 0
0.147498 -0.245762 -0.016516 0
0.201646 -0.691918 0.025081 0
0.138524 -0.245004 -0.009686 0
0.207504 -0.852882 0.040502 0
-0.120683 0.275376 -0.069073 0
-0.230651 0.365088 -0.039044 0
0.073028 -0.044137 -0.035416 0
0.178273 -0.019890 -0.014908 0
-0.484630 0.462033 0.024518 0
0.244164 0.064131 0.024529 0
0.126930 -0.245690 0.005784 0
0.100924 -0.156281 -0.010121 0
-0.733620 0.518271 0.038587 0
0.228460 -0.091342 -0.010300 0
0.228943 0.062989 0.018564 0
0.292444 0.164406 0.045896 0
0.114235 -0.162868 -0.020720 0
-0.282679 0.389538 -0.033586 0
0.159544 -0.293984 0.012880 0
-0.122397 0.277697 -0.051673 0
0.229912 0.087292 0.023388 0
0.192878 -0.626404 0.038081 0
0.192965 0.063628 -0.004127 0
0.273696 0.128656 0.044576 0
0.178266 -0.400686 0.024498 0
-0.312565 0.401903 0.013012 0
-0.307080 0.389193 0.029465 0
0.072837 -0.056157 -0.015643 0
0.237944 0.010643 0.000321 0
0.154376 -0.192045 -0.017190 0
0.237046 0.188323 0.019999 0
0.288361 0.181934 0.043568 0
-0.034713 0.163943 -0.059455 0
0.195988 -0.775424 0.024187 0
-0.474597 0.470705 -0.013334 0
0.146789 -0.287846 0.030086 0
-0.038057 0.170634 -0.076139 0
0.189531 -0.590777 0.037457 0
-0.445486 0.468147 -0.004644 0
0.164427 -0.174861 -0.033976 0
-0.574000 0.480226 0.037670 0
0.154401 -0.299376 0.016619 0
0.201700 -0.021234 -0.014833 0
0.219441 0.158785 0.020296 0
-0.047573 0.191490 -0.087671 0
-0.583741 0.497138 0.006835 0
0.111238 -0.106088 -0.025344 0
0.203168 -0.857528 0.013850 0
0.088816 -0.067296 -0.035492 0
0.207332 -0.793190 0.031614 0
-0.572375 0.495054 0.013789 0
0.152685 -0.316381 -0.002880 0
0.210546 -0.894294 0.024473 0
-0.281506 0.380667 0.021163 0
-0.246547 0.369068 0.014100 0
0.274119 0.176366 0.040545 0
-0.469378 0.464177 0.015621 0
-0.385779 0.385321 0.040134 0
-0.313176 0.407298 -0.047388 0
-0.044767 0.181224 -0.077676 0
0.229083 0.111092 0.025216 0
-0.176511 0.327160 -0.076712 0
-0.078123 0.229785 -0.039912 0
0.185912 -0.116278 -0.032162 0
0.147625 -0.287360 -0.016002 0
0.282326 0.057328 0.031257 0
-0.424513 0.414198 0.038365 0
0.214629 0.129648 0.017822 0
-0.078286 0.228243 -0.051793 0
0.105916 -0.086633 -0.029733 0
0.192936 -0.032011 -0.016466 0
-0.500417 0.477421 -0.004026 0
0.058570 0.020324 -0.003462 0
0.164388 -0.138778 -0.016436 0
0.169950 0.080826 -0.002636 0
0.127646 -0.168250 -0.016649 0
0.172120 -0.364457 0.013151 0
0.110178 -0.150138 -0.022186 0
-0.817824 0.513599 0.040962 0
-0.016195 0.145044 -0.077731 0
0.059648 -0.031768 -0.022674 0
0.207810 -0.007609 -0.009871 0
0.143733 -0.263923 0.024785 0
0.021579 0.057534 -0.034230 0
0.209689 -0.097518 -0.025107 0
0.152423 -0.204514 -0.016562 0
-0.179108 0.342203 0.012609 0
0.040784 0.039001 -0.058014 0
0.207467 -0.032408 -0.016569 0
-0.200554 0.347593 -0.023064 0
0.192861 -0.601558 0.022492 0
0.027560 0.045690 -0.029296 0
0.147968 -0.032013 0.012932 0
0.160139 -0.192586 -0.034746 0
-0.618016 0.505509 0.008271 0
0.096580 -0.084905 -0.038902 0
0.173640 -0.401548 0.011537 0
0.164716 -0.417792 0.008875 0
0.060596 -0.024963 -0.017761 0
-0.142428 0.321462 -0.006130 0
-0.148829 0.301568 -0.085621 0
-0.393650 0.426492 0.024675 0
-0.209128 0.352548 -0.046119 0
-0.217043 0.356304 0.013989 0
0.163244 -0.311629 0.006387 0
0.075164 -0.073525 -0.022498 0
0.149636 -0.222928 -0.028078 0
-0.432539 0.442708 0.022802 0
0.310939 0.213808 0.051804 0
0.176281 -0.388702 0.024305 0
0.205154 -0.715930 0.031278 0
0.188332 -0.489893 0.024741 0
0.290062 0.145084 0.046494 0
0.193851 -0.679918 0.020727 0
0.050030 -0.002143 -0.028478 0
-0.535115 0.485961 0.007198 0
0.198983 0.128302 0.007967 0
0.024157 0.057223 -0.046000 0
0.178313 -0.460268 0.032654 0
-0.247711 0.375362 -0.054074 0
-0.273652 0.388758 -0.064723 0
0.184576 -0.448249 0.024371 0
-0.282511 0.390447 0.006985 0
0.211891 0.086044 0.008900 0
0.236377 0.069620 0.023628 0
0.186552 -0.513976 0.019285 0
0.148586 -0.281042 -0.010799 0
-0.089670 0.241332 -0.066783 0
-0.335091 0.415584 -0.011049 0
0.208217 -0.959603 0.038364 0
-0.336235 0.419106 -0.051553 0
0.207550 -0.804674 0.039975 0
-0.214839 0.359529 -0.073508 0
-0.378778 0.418892 0.029769 0
0.296269 0.117199 0.044593 0
0.209052 0.158159 0.012072 0
0.207914 -0.828713 0.030725 0
0.232266 0.152473 0.029915 0
0.266402 0.068799 0.031881 0
0.007458 0.094407 -0.067818 0
0.184041 -0.108832 -0.029415 0
-0.392857 0.414027 0.036348 0
-0.633364 0.503651 0.030832 0
-0.321566 0.408946 -0.005028 0
0.198372 -0.644291 0.024862 0
0.037263 0.051217 -0.016970 0
-0.193568 0.348824 -0.010750 0
0.163336 -0.388914 0.007015 0
0.025028 0.076146 -0.017763 0
0.199503 -0.905849 0.019071 0
0.089900 -0.103645 -0.006242 0
0.172580 -0.448388 0.029963 0
-0.038898 0.201023 -0.011253 0
0.196205 -0.882755 0.031033 0
-0.371862 0.438996 -0.010557 0
0.194021 -0.823195 0.025625 0
0.148933 0.022105 0.006545 0
0.243723 0.154435 0.033315 0
-0.491172 0.466703 0.024374 0
0.087969 -0.091752 -0.016136 0
0.139890 -0.251988 0.011946 0
-0.321861 0.383952 0.035127 0
0.098983 -0.132624 -0.016075 0
-0.535783 0.484407 -0.004602 0
-0.336217 0.420059 -0.041020 0
0.260193 0.031622 0.015251 0
0.176538 -0.371522 0.018516 0
0.273369 0.104509 0.041981 0
0.197343 -0.698112 0.019641 0
0.040588 0.033712 -0.045573 0
-0.358694 0.436269 -0.029333 0
0.173806 -0.507989 0.019270 0
0.146775 -0.223392 0.013598 0
0.065209 0.045233 0.002791 0
-0.058012 0.224429 -0.017131 0
-0.286765 0.378140 0.029515 0
0.035446 0.033692 -0.035284 0
-0.365651 0.409722 0.032542 0
0.199222 0.003954 -0.010003 0
-0.587546 0.493474 0.026109 0
-0.357539 0.390128 0.039248 0
-0.419030 0.392140 0.037310 0
0.181427 -0.472626 0.015421 0
0.152425 -0.014804 -0.000655 0
-0.398673 0.386955 0.039258 0
0.218675 -0.917255 0.030658 0
0.303479 0.152754 0.046598 0
-0.052511 0.231301 -0.000010 0
0.275377 0.223671 0.050104 0
0.195769 -0.561272 0.031346 0
0.092223 -0.096850 -0.024091 0
0.116611 -0.215849 -0.004402 0
0.185621 -0.436899 0.024991 0
0.024692 0.123424 0.004748 0
0.184750 -0.602809 0.030631 0
-0.158174 0.312386 -0.070984 0
0.233231 -0.055867 -0.007207 0
-0.558281 0.475695 0.037582 0
-0.306273 0.402463 -0.010841 0
0.134416 -0.228371 0.010670 0
-0.453221 0.460185 0.016925 0
-0.298495 0.386440 0.025055 0
0.148110 0.010224 0.006415 0
0.199506 -0.894519 0.018440 0
-0.140556 0.324247 0.007287 0
-0.434372 0.425614 0.035488 0
-0.405095 0.456852 -0.010536 0
0.008329 0.117407 -0.012623 0
0.222295 -0.102690 -0.016859 0
-0.054179 0.198311 -0.064143 0
0.252606 0.045599 0.018328 0
0.184257 -0.139130 -0.036420 0
-0.372283 0.443522 -0.017393 0
-0.186362 0.337734 -0.070152 0
-0.092109 0.246895 -0.040375 0
-0.009335 0.134323 -0.076387 0
-0.179349 0.342596 -0.004973 0
-0.743652 0.525523 0.035213 0
0.208558 -0.828682 0.020441 0
-0.297341 0.367043 0.034800 0
-0.482781 0.471418 0.016331 0
0.214197 -0.935747 0.024158 0
0.132859 -0.222798 -0.011369 0
-0.105014 0.300314 0.001592 0
0.261549 0.176402 0.036913 0
0.267943 0.140880 0.042973 0
0.199534 -0.108748 -0.029939 0
0.052299 0.074830 0.003172 0
-0.239335 0.370944 -0.028039 0
-0.046700 0.187250 -0.046611 0
-0.603041 0.493441 0.032707 0
0.122940 -0.228283 -0.006825 0
0.208158 -0.834986 0.037089 0
0.273306 0.199745 0.042822 0
-0.097128 0.249014 -0.083956 0
0.156250 -0.091102 -0.009761 0
-0.164652 0.318553 -0.069876 0
0.180870 -0.577413 0.028107 0
-0.365565 0.420366 0.019184 0
0.207139 -0.863723 0.038342 0
0.162872 -0.120894 -0.011686 0
-0.252987 0.377436 -0.022119 0
0.111943 -0.090919 0.007387 0
-0.303174 0.398180 -0.004955 0
-0.216194 0.355915 -0.045734 0
-0.386846 0.449658 -0.011325 0
0.179288 -0.091387 -0.022572 0
-0.061680 0.206622 -0.040489 0
-0.336325 0.414926 -0.022302 0
0.229551 0.133732 0.027506 0
0.199017 -0.727945 0.020263 0
0.148904 -0.049485 0.018642 0
-0.558724 0.480784 0.031553 0
0.168969 -0.335634 0.013576 0
0.156878 -0.273163 0.009017 0
-0.760078 0.524725 0.038133 0
0.199433 -0.727599 0.036881 0
-0.388513 0.451819 -0.021306 0
-0.612270 0.497947 0.031095 0
0.152792 -0.299436 -0.004738 0
0.149038 -0.287595 0.019908 0
0.193084 -0.514329 0.030696 0
-0.031666 0.200976 0.000532 0
-0.669887 0.502223 0.041135 0
0.191645 -0.944470 0.003697 0
-0.358366 0.415920 0.018542 0
0.150425 -0.098074 0.013297 0
0.151903 -0.151041 0.013099 0
-0.447086 0.424410 0.036303 0
0.124668 -0.216437 0.007115 0
0.303440 0.129011 0.046556 0
0.207277 -0.804704 0.031386 0
0.193701 -0.943310 0.018737 0
-0.633610 0.509553 0.012711 0
0.160390 -0.364829 0.023064 0
0.156767 -0.292869 0.000053 0
0.239736 0.198314 0.019730 0
-0.565157 0.491997 0.018499 0
0.183937 -0.465535 0.019084 0
0.196100 -0.924545 0.031469 0
0.271577 0.211292 0.045247 0
0.201443 -0.626407 0.036217 0
0.163971 -0.406533 0.024369 0
0.162528 -0.110900 -0.013981 0
0.155461 -0.043689 -0.004598 0
0.275104 0.021596 0.022820 0
0.162629 -0.132731 -0.011956 0
-0.156543 0.323083 -0.020297 0
-0.333384 0.384737 0.036922 0
-0.439919 0.458520 0.008872 0
0.176275 -0.115650 -0.027392 0
0.150053 -0.222198 -0.016975 0
-0.729137 0.510264 0.043331 0
0.149542 -0.037600 0.006618 0
-0.321634 0.408332 -0.016893 0
0.173511 -0.483111 0.029442 0
0.003885 0.132825 -0.011248 0
-0.149513 0.317085 -0.021631 0
0.020698 0.068850 -0.059123 0
0.253202 -0.014053 0.006490 0
0.291032 0.224568 0.055565 0
-0.041621 0.176133 -0.059595 0
0.183988 0.038648 -0.009471 0
0.151561 -0.216045 -0.032659 0
0.156896 -0.080275 -0.010162 0
0.202709 -0.912571 0.040144 0
-0.028337 0.153073 -0.051987 0
-0.350732 0.409615 0.025902 0
0.202743 -0.704121 0.040410 0
0.156827 -0.114837 0.025623 0
0.143700 -0.270311 -0.023690 0
0.102873 -0.061703 0.005655 0
0.007081 0.104860 -0.073800 0
-0.069186 0.218044 -0.040194 0
-0.001416 0.105857 -0.054221 0
0.249270 -0.043330 0.007207 0
0.208645 -0.948325 0.039127 0
-0.290791 0.393159 -0.009743 0
-0.671918 0.516073 0.025281 0
0.149768 -0.335035 0.017852 0
0.186667 -0.174817 -0.046185 0
0.067769 -0.055060 -0.022130 0
-0.274242 0.388394 -0.016236 0
0.168592 -0.168672 -0.035572 0
0.153823 -0.228312 0.000700 0
