-0.209985 0.180710 0.106038 0
-0.160130 -0.983079 -0.056411 0
0.600523 -0.015339 0.008078 0
-0.087444 -0.390995 -0.016026 0
0.190421 0.150721 -0.120488 0
-0.137739 0.195267 -0.323821 0
-0.510140 0.059671 0.209973 0
0.099230 0.188727 0.203042 0
-0.027158 -0.069101 -0.030186 0
-0.153292 -0.681685 -0.058369 0
0.380281 0.129335 0.060336 0
-0.056667 0.155191 -0.107198 0
-0.403793 0.135906 0.046828 0
0.469670 0.094432 -0.109577 0
-0.030693 0.173339 0.075570 0
-0.349773 0.142517 0.219761 0
0.074694 0.075830 -0.023112 0
-0.066144 -0.228346 -0.030150 0
0.229466 0.167137 0.028479 0
-0.169082 -0.831534 -0.038633 0
-0.132402 -0.534814 -0.018104 0
0.331230 0.143285 -0.082523 0
-0.180502 0.187503 -0.035406 0
-0.022919 0.136727 -0.241428 0
0.496593 0.056444 0.066528 0
-0.055774 0.070927 -0.010713 0
-0.300870 0.193199 0.001833 0
0.057866 0.121160 -0.141305 0
-0.121695 0.195507 -0.204909 0
0.067363 0.115881 0.088893 0
-0.443585 0.134868 0.152460 0
-0.320573 0.159466 0.112450 0
0.540614 0.058451 -0.038746 0
0.150611 0.141008 -0.027711 0
0.016212 0.215209 0.153708 0
0.437161 0.099769 -0.015063 0
-0.119221 0.153125 0.036433 0
-0.262669 0.172607 0.186271 0
0.008641 0.134443 0.001312 0
-0.140866 0.138149 -0.137498 0
0.035838 -0.004677 -0.034070 0
0.310923 0.143044 0.007906 0
0.090863 0.195363 0.114138 0
0.247349 0.154433 -0.055020 0
-0.125914 0.173144 0.119235 0
-0.080152 -0.311054 -0.043713 0
-0.005777 0.091921 -0.074432 0
-0.442223 0.110605 0.232442 0
-0.031279 -0.152329 -0.023569 0
-0.150327 -0.598223 -0.066486 0
-0.063891 0.180730 -0.294516 0
-0.112551 -0.461571 -0.042784 0
-0.201567 -0.916248 -0.045363 0
-0.227372 0.184771 0.028095 0
0.273328 0.155848 -0.133649 0
0.398498 0.122344 -0.125790 0
-0.150108 -0.756445 -0.030911 0
0.047035 0.181377 0.051855 0
-0.008939 0.147281 -0.165729 0
0.556837 0.035974 0.030531 0
0.376839 0.132146 -0.029936 0
-0.033057 0.005497 -0.028223 0
0.076954 0.144571 -0.008800 0
-0.376303 0.151095 0.150663 0
0.435510 0.090517 0.060467 0
-0.497705 0.092862 0.152661 0
-0.055503 0.181427 -0.203636 0
-0.345889 0.169925 0.051940 0
-0.453940 0.114113 0.092214 0
-0.086113 0.126513 -0.019664 0
-0.148649 -0.635882 -0.014803 0
0.498993 0.080137 0.007970 0
-0.281946 0.181030 0.060551 0
0.010423 0.057104 -0.024901 0
-0.140664 0.207884 -0.263429 0
0.574528 0.007610 -0.042934 0
-0.151820 -0.918847 -0.080679 0
0.107765 0.111969 -0.060062 0
-0.169509 0.177625 0.059620 0
-0.096996 0.177407 -0.151083 0
0.485794 0.088475 -0.052066 0
0.426672 0.113787 -0.075878 0
-0.262801 0.175754 0.128550 0
-0.319597 0.158480 0.173537 0
0.018449 0.200121 0.097935 0
0.039616 0.204843 0.204637 0
-0.211547 0.181181 0.163916 0
-0.165554 -0.859118 -0.087736 0
-0.406003 0.135435 0.197190 0
-0.248760 0.199938 -0.019960 0
-0.134374 0.160464 -0.024813 0
0.145866 0.140969 -0.090891 0
-0.391305 0.146184 0.098630 0
0.519090 0.066072 -0.088258 0
0.204991 0.153213 -0.022689 0
-0.006102 0.133953 -0.114337 0
-0.015688 0.173801 0.127937 0
-0.084667 0.195568 -0.248994 0
0.324037 0.145279 -0.134238 0
0.294612 0.140084 -0.043025 0
-0.024691 0.120421 -0.036845 0
0.066591 0.212989 0.159108 0
0.334191 0.148649 0.053076 0
-0.161204 -0.884514 -0.044937 0
0.065899 0.136914 0.039121 0
-0.482624 0.104373 0.204317 0
-0.159801 -0.939622 -0.032276 0
-0.075314 0.130384 0.034944 0
0.266060 0.157043 -0.007178 0
-0.127167 -0.582932 -0.023831 0
-0.097057 0.158502 0.083081 0
0.001497 0.166773 0.036723 0
-0.168969 0.182986 0.141487 0
0.235424 0.154961 -0.104272 0
0.112248 0.194612 0.157280 0
0.406031 0.120134 0.015161 0
0.189903 0.150805 -0.068012 0
0.380001 0.130963 -0.082577 0
0.360499 0.137889 0.014794 0
-0.165927 -0.785554 -0.065190 0
0.053416 0.038061 -0.042168 0
-0.073882 -0.272401 -0.016687 0
0.280953 0.162730 0.037718 0
-0.051141 0.171345 -0.150952 0
-0.160420 0.175352 0.014888 0
0.568516 -0.008323 0.039581 0
-0.094309 -0.354095 -0.044241 0
-0.010473 0.036738 -0.059100 0
-0.106030 0.200299 -0.292380 0
-0.019405 -0.112879 -0.041343 0
-0.043134 0.175690 -0.249771 0
-0.124276 -0.504608 -0.049899 0
0.036534 0.114749 -0.027057 0
-0.118953 -0.420409 -0.025851 0
0.180314 0.159002 0.013421 0
-0.054567 0.134113 -0.068575 0
0.281469 0.150342 -0.090771 0
0.003675 -0.033183 -0.042510 0
-0.242168 0.169013 0.073006 0
0.075169 0.167065 0.081258 0
-0.039533 -0.193941 -0.027816 0
0.067695 0.191618 0.233267 0
0.455369 0.091631 0.023281 0
0.576822 0.029880 -0.007281 0
-0.103664 0.158470 -0.114267 0
-0.021723 0.157229 -0.204198 0
0.004728 0.093287 -0.005365 0
-0.118641 -0.487318 -0.010929 0
-0.145300 -0.715588 -0.033444 0
0.523982 0.027225 0.056799 0
0.031215 0.120986 -0.104293 0
-0.475988 0.116071 0.126188 0
0.047368 0.215917 0.121455 0
-0.145023 -0.642376 -0.057328 0
0.528733 0.054018 0.001147 0
-0.160139 0.177659 0.099049 0
-0.076537 -0.321548 -0.005454 0
0.058171 0.202895 0.084162 0
0.115304 0.126232 -0.017003 0
0.360280 0.136468 -0.120617 0
-0.158448 -0.735822 -0.064745 0
0.333523 0.142791 -0.037227 0
-0.025508 0.097849 -0.107639 0
-0.185223 -0.953253 -0.058595 0
-0.065815 0.105515 0.006419 0
-0.132592 0.170165 0.069370 0
-0.445300 0.122808 0.195639 0
0.432952 0.107381 -0.113720 0
-0.266388 0.192433 0.019728 0
-0.135271 -0.553784 -0.051713 0
-0.206468 0.193537 -0.007685 0
-0.425204 0.136134 0.113273 0
-0.286361 0.174224 0.097763 0
0.548075 0.044132 -0.073092 0
-0.130924 -0.666465 -0.031869 0
-0.029107 0.038438 -0.010326 0
-0.312059 0.180632 0.037914 0
-0.206585 0.179329 0.068278 0
-0.357534 0.159162 0.114289 0
0.002282 0.014819 -0.031975 0
-0.293495 0.160133 0.201804 0
-0.300164 0.167973 0.143928 0
-0.358082 0.146029 0.182054 0
0.416197 0.119396 -0.037507 0
-0.109578 0.145441 0.002253 0
0.039207 0.149788 0.018117 0
-0.149943 -0.792629 -0.032804 0
0.002249 0.186438 0.068603 0
-0.020049 -0.030200 -0.015504 0
-0.378357 0.155008 0.066170 0
-0.020884 0.106893 -0.221385 0
-0.340461 0.178934 0.016511 0
-0.423602 0.131243 0.076012 0
0.524279 0.057484 0.038409 0
-0.319681 0.172457 0.075517 0
0.463578 0.069686 0.065636 0
-0.408656 0.136159 0.157597 0
-0.338347 0.160733 0.143790 0
-0.379063 0.156756 0.031066 0
-0.183889 -0.861356 -0.057972 0
0.448149 0.099506 -0.052310 0
0.511286 0.075180 -0.030213 0
0.161694 0.132097 -0.060141 0
-0.471208 0.124701 0.172560 0
0.410454 0.113735 0.053143 0
-0.387472 0.130256 0.225956 0
0.470156 0.089900 -0.014144 0
-0.103535 0.190226 -0.325123 0
-0.029412 0.149950 -0.135421 0
0.484611 0.073924 0.037873 0
-0.092816 0.189903 -0.188475 0
-0.132849 0.164179 -0.157317 0
-0.188846 -0.981234 -0.038958 0
-0.479640 0.075797 0.221351 0
-0.074679 -0.359642 -0.018084 0
-0.246291 0.177567 0.157261 0
-0.507554 0.089954 0.188131 0
-0.131314 -0.612864 -0.036450 0
0.491490 0.087642 -0.084052 0
0.356792 0.137177 -0.058976 0
0.002801 0.082771 -0.044645 0
-0.025829 0.126580 -0.089879 0
-0.007006 0.130503 -0.194072 0
0.583340 0.014834 0.023170 0
-0.155327 -0.576597 -0.041666 0
-0.187325 0.181828 0.030789 0
-0.163443 -0.859695 -0.024719 0
-0.112376 -0.388437 -0.035556 0
-0.111887 0.203016 -0.234448 0
0.070823 0.206331 0.189790 0
-0.056836 -0.296905 -0.026875 0
0.564623 0.037320 -0.046580 0
-0.165099 -0.914813 -0.052439 0
0.095088 0.099596 -0.025490 0
0.082323 0.084887 -0.052165 0
-0.323577 0.151550 0.205305 0
-0.042761 -0.121264 -0.022381 0
0.016439 0.116495 -0.077216 0
0.235722 0.157089 -0.022010 0
0.454620 0.099577 -0.083154 0
0.133487 0.119487 -0.044933 0
-0.037196 0.155659 -0.174101 0
-0.353875 0.162642 0.084127 0
0.039159 0.213859 0.173815 0
0.587049 -0.000882 -0.015047 0
-0.254936 0.179027 0.098635 0
-0.232795 0.179500 0.128982 0
-0.413579 0.112722 0.223115 0
-0.141604 0.204045 -0.293351 0
-0.009202 0.188104 0.098634 0
-0.034669 0.161015 0.108355 0
-0.026401 0.161954 0.048028 0
0.217429 0.153107 -0.052425 0
-0.093989 0.155393 0.053370 0
-0.056572 -0.257063 -0.035710 0
-0.131213 0.165200 0.007900 0
-0.046858 0.180701 -0.122975 0
-0.082516 0.193085 -0.219408 0
-0.103454 -0.424217 -0.000745 0
0.341315 0.142720 -0.007406 0
-0.157470 0.178311 -0.014481 0
0.209318 0.152734 -0.090408 0
-0.095363 -0.446407 -0.024013 0
-0.189200 -0.938093 -0.028985 0
-0.255239 0.184119 0.045804 0
0.218968 0.153653 -0.128673 0
0.180012 0.149174 -0.037610 0
0.313884 0.147368 -0.106773 0
-0.400602 0.146434 0.131336 0
0.009903 0.202953 0.127829 0
-0.149140 0.162374 0.038533 0
-0.158670 -0.659440 -0.037832 0
0.549622 0.014184 0.051582 0
0.511685 0.074951 -0.059385 0
0.398451 0.125311 -0.060695 0
-0.102304 -0.505955 -0.030767 0
-0.073734 0.165853 -0.128123 0
-0.197555 0.183292 0.136476 0
0.220050 0.162399 0.001583 0
0.069833 0.142251 0.067149 0
-0.046496 -0.167996 -0.042194 0
-0.274116 0.171195 0.159030 0
-0.066965 0.180139 -0.172952 0
-0.000214 -0.061106 -0.025569 0
-0.163725 -0.970803 -0.030731 0
0.047042 0.134827 -0.009932 0
-0.111596 0.204077 -0.264844 0
0.296273 0.152919 -0.014260 0
-0.177370 -0.930128 -0.076273 0
0.406949 0.122513 -0.098885 0
0.152814 0.143020 0.000318 0
0.029805 0.077524 -0.026091 0
0.549749 0.045584 -0.015555 0
-0.009273 0.144992 0.022899 0
-0.273791 0.197014 -0.006635 0
0.334283 0.146195 0.022460 0
-0.451865 0.128575 0.120817 0
-0.151667 -0.709433 -0.060365 0
0.303526 0.150128 -0.067131 0
0.311235 0.151262 0.038003 0
-0.027569 -0.024646 -0.041453 0
0.425841 0.106635 0.031445 0
-0.186782 0.180180 0.091329 0
-0.179593 -0.738716 -0.047439 0
0.359654 0.141229 0.046030 0
0.255196 0.151962 -0.083074 0
0.266470 0.154969 -0.035371 0
-0.082567 0.193015 -0.278681 0
0.397529 0.125331 -0.013356 0
-0.133456 -0.482980 -0.035941 0
0.032389 0.127342 -0.133642 0
-0.373193 0.142698 0.205770 0
0.174925 0.147724 -0.090589 0
-0.075819 0.194011 -0.147560 0
-0.019481 -0.100634 -0.017153 0
-0.081979 0.128008 0.008817 0
-0.111147 -0.541463 -0.033448 0
-0.035530 0.165588 -0.225876 0
-0.236081 0.190444 0.001913 0
0.088525 0.126389 -0.025052 0
0.028371 0.193156 0.068908 0
-0.390102 0.147289 0.178980 0
-0.151963 -0.857488 -0.048934 0
-0.161340 -0.809234 -0.053548 0
0.028166 0.168229 0.035256 0
-0.069370 0.098924 -0.019253 0
-0.186311 -0.894371 -0.045821 0
0.132919 0.132177 -0.068389 0
-0.021301 0.072841 -0.064161 0
0.586504 -0.036743 0.015463 0
-0.149817 -0.685620 -0.032267 0
0.255683 0.169577 0.033393 0
-0.064652 -0.198586 -0.035000 0
-0.487302 0.117793 0.152744 0
-0.120092 -0.513460 -0.007777 0
-0.179918 0.185019 -0.002436 0
-0.092084 -0.334030 -0.022637 0
0.064990 0.060632 -0.049187 0
0.092240 0.200344 0.173371 0
-0.010290 0.126348 -0.015063 0
-0.093531 -0.414600 -0.028971 0
-0.175752 -0.879623 -0.074970 0
0.083679 0.207660 0.136042 0
0.243180 0.163382 -0.127754 0
0.281828 0.153396 0.013421 0
-0.063161 0.184376 -0.234432 0
0.379750 0.130310 0.030491 0
-0.462783 0.098035 0.219722 0
-0.207246 0.201291 -0.032385 0
-0.119611 0.170269 0.091683 0
0.273897 0.152959 -0.059959 0
0.054049 0.123180 -0.115911 0
0.057751 0.051878 -0.020961 0
-0.008261 0.059523 -0.046535 0
-0.052210 -0.172435 -0.017626 0
-0.085400 -0.296681 -0.023276 0
-0.008471 -0.008170 -0.037601 0
-0.170655 -0.764022 -0.052499 0
-0.064357 0.183925 -0.263648 0
0.014443 0.154766 0.017866 0
0.038798 0.021787 -0.029537 0
-0.001594 0.115649 -0.094839 0
0.082141 0.189103 0.091340 0
-0.425612 0.130321 0.181838 0
-0.124376 0.157546 -0.128560 0
-0.045924 -0.240873 -0.019717 0
-0.066899 -0.331170 -0.026535 0
0.019446 0.113409 -0.008188 0
-0.134183 -0.590068 -0.049169 0
0.015941 -0.017229 -0.025586 0
-0.116770 -0.460597 -0.018190 0
-0.039876 -0.139543 -0.043155 0
-0.096004 0.143521 0.030537 0
0.243960 0.163050 0.008069 0
-0.017422 0.113004 -0.068634 0
-0.489554 0.105601 0.174161 0
-0.149756 0.180061 0.121273 0
-0.190672 0.168087 0.051417 0
0.296942 0.151446 -0.128346 0
0.228305 0.154970 -0.074938 0
-0.135941 -0.559997 -0.024992 0
-0.011059 0.134443 -0.217979 0
-0.001125 0.101595 -0.027692 0
0.418963 0.116223 -0.005920 0
-0.156713 -0.630008 -0.039793 0
0.059241 0.158780 0.052606 0
-0.292297 0.165152 0.174165 0
0.039171 0.214241 0.145494 0
0.065886 0.209313 0.106389 0
-0.034878 0.145395 -0.111982 0
-0.130593 -0.528086 -0.049498 0
-0.206512 0.185562 0.015283 0
-0.225412 0.182202 0.053203 0
-0.137373 0.198240 -0.241414 0
0.349037 0.137837 -0.098070 0
0.003980 0.037940 -0.039098 0
-0.085433 0.188812 -0.309137 0
-0.033352 -0.091801 -0.035723 0
0.546706 0.039521 0.008215 0
0.534967 0.063637 -0.067603 0
-0.052507 -0.211962 -0.018382 0
0.463106 0.082801 0.045403 0
-0.293320 0.173011 0.121369 0
0.078632 0.198635 0.213038 0
-0.358406 0.170325 0.029968 0
-0.291061 0.187237 0.028433 0
-0.007942 -0.081965 -0.036392 0
-0.036195 0.059180 -0.019720 0
-0.161073 -0.619483 -0.066270 0
-0.007415 0.137496 -0.144103 0
-0.498961 0.088532 0.211150 0
0.368244 0.134403 -0.007377 0
-0.398425 0.139010 0.069707 0
-0.110260 0.181526 -0.174829 0
0.263613 0.154066 -0.112140 0
-0.232616 0.181038 0.091153 0
0.175775 0.146387 -0.014586 0
-0.097573 -0.370392 -0.021379 0
-0.179118 -0.789263 -0.046031 0
-0.080773 0.157972 -0.107111 0
0.492962 0.083164 -0.014557 0
-0.179351 0.176351 0.113293 0
-0.159966 -0.658538 -0.065536 0
0.442976 0.103593 0.007302 0
-0.170216 -0.844568 -0.066826 0
-0.141835 -0.504543 -0.032937 0
0.379362 0.130924 -0.105856 0
-0.046626 0.136997 -0.090213 0
-0.113871 0.150247 -0.020036 0
-0.149245 -0.935023 -0.052405 0
0.591676 -0.013461 0.029431 0
-0.049068 0.174323 -0.278050 0
-0.424412 0.140416 0.135845 0
0.454037 0.102949 -0.030299 0
-0.265048 0.169636 0.073096 0
0.517973 0.072271 -0.008520 0
-0.178312 -0.823815 -0.057945 0
0.473072 0.090022 0.008385 0
0.066231 0.186013 0.071282 0
-0.021532 -0.046509 -0.042328 0
0.161765 0.138948 -0.106946 0
-0.044235 0.162777 -0.197335 0
-0.164899 -0.960816 -0.051953 0
0.114379 0.105293 -0.039446 0
-0.180435 -0.976630 -0.064080 0
0.472207 0.096232 -0.068272 0
-0.114386 -0.440299 -0.035627 0
-0.152007 0.142225 -0.156637 0
-0.033577 0.130055 -0.018541 0
0.330650 0.143191 -0.060025 0
-0.068644 -0.298801 -0.007851 0
0.558108 0.024946 -0.064149 0
-0.134809 -0.634937 -0.037463 0
-0.462901 0.128374 0.143292 0
-0.425206 0.128260 0.212086 0
0.544649 0.035932 0.051250 0
0.510971 0.067261 0.023408 0
0.197638 0.160825 -0.000492 0
0.377579 0.132111 -0.052797 0
0.584802 -0.022895 -0.012566 0
-0.159848 -0.733781 -0.038480 0
-0.012834 0.097855 -0.053019 0
-0.184273 -0.931724 -0.049699 0
0.427700 0.107986 -0.053562 0
-0.176191 -0.900403 -0.064759 0
0.311684 0.140470 -0.023707 0
-0.113997 0.159440 0.061360 0
-0.112704 -0.485152 -0.042470 0
-0.065108 -0.250470 -0.015771 0
0.068996 0.121244 0.061351 0
-0.122930 0.202842 -0.309717 0
-0.167961 -0.898842 -0.029957 0
-0.150221 -0.604883 -0.043792 0
-0.141122 0.166879 0.091057 0
0.041291 0.208170 0.102116 0
0.500059 0.060770 0.045406 0
0.103634 0.192630 0.131377 0
-0.033447 0.179768 0.097655 0
-0.031886 0.016184 -0.009466 0
-0.064287 -0.278132 -0.035182 0
-0.293436 0.173207 0.077417 0
-0.217659 0.175080 0.144174 0
-0.463029 0.113246 0.204097 0
-0.153054 -0.778926 -0.049285 0
0.199027 0.142047 -0.044637 0
-0.338849 0.159879 0.099152 0
0.009084 0.082405 -0.023739 0
0.387614 0.128283 0.007921 0
-0.445993 0.123511 0.174279 0
-0.338556 0.150650 0.189369 0
0.574888 0.028203 -0.028456 0
-0.322104 0.186913 0.009218 0
-0.164988 -0.807767 -0.032647 0
0.015467 0.183221 0.052264 0
-0.509167 0.068825 0.189621 0
-0.225245 0.200103 -0.015040 0
-0.376610 0.153556 0.121664 0
-0.164035 -0.770242 -0.022926 0
-0.307507 0.167177 0.091988 0
-0.469384 0.108795 0.107565 0
-0.177298 -0.868754 -0.037675 0
0.019399 0.206818 0.172955 0
0.132644 0.133817 -0.007967 0
-0.357450 0.153747 0.159443 0
-0.118056 -0.522121 -0.029279 0
-0.358017 0.157942 0.137140 0
0.534999 0.063742 -0.017166 0
0.565907 0.023289 0.015297 0
-0.209322 0.183457 0.038572 0
-0.043322 0.028830 -0.022101 0
-0.167329 0.176201 0.038992 0
-0.021145 -0.007794 -0.017636 0
-0.248346 0.183831 0.025287 0
-0.030825 0.114082 -0.238083 0
-0.168831 -0.716831 -0.051449 0
0.537713 0.052632 0.023435 0
0.567451 0.021259 0.043883 0
-0.043234 0.174578 -0.180446 0
-0.103190 0.169048 -0.133280 0
-0.490128 0.100563 0.135161 0
0.471956 0.094978 -0.036070 0
0.393555 0.125324 0.044721 0
0.313395 0.147639 -0.045700 0
0.502906 0.075552 -0.096331 0
0.058185 0.202967 0.219272 0
0.052724 0.155438 0.032231 0
0.303122 0.147487 -0.089534 0
-0.307185 0.177425 0.060293 0
-0.161055 0.181712 -0.035583 0
-0.009622 0.174828 0.051634 0
-0.412237 0.139815 0.090402 0
0.510565 0.040545 0.063944 0
0.153136 0.119832 -0.040253 0
-0.273941 0.182706 0.038308 0
-0.074082 0.185652 -0.197005 0
-0.052330 0.090536 0.007009 0
0.010317 -0.036965 -0.023852 0
0.083789 0.067810 -0.041602 0
0.379101 0.127354 -0.127752 0
-0.179635 -0.958444 -0.038525 0
-0.443089 0.120320 0.076556 0
-0.405786 0.143550 0.112218 0
0.065838 0.213397 0.129010 0
-0.405686 0.132436 0.217997 0
-0.365434 0.152490 0.097242 0
-0.052055 0.161081 -0.125667 0
-0.065662 0.115632 0.023576 0
-0.010750 0.149252 -0.188655 0
-0.047401 0.087187 -0.018414 0
-0.143134 -0.744149 -0.044838 0
-0.032061 -0.171740 -0.027587 0
0.587597 -0.000338 0.008241 0
0.397600 0.126148 -0.037493 0
-0.160595 -0.695816 -0.046615 0
0.015764 0.067842 -0.045039 0
0.524433 0.067999 -0.044884 0
-0.366299 0.162189 0.046130 0
0.179437 0.134420 -0.051830 0
0.447505 0.094882 0.045450 0
-0.105350 -0.400895 -0.021230 0
-0.127382 -0.571626 -0.049371 0
-0.133543 0.160158 0.052490 0
0.028080 0.210253 0.129125 0
-0.272659 0.177111 0.111629 0
-0.093508 -0.393665 -0.036783 0
-0.254801 0.196258 0.001161 0
-0.337645 0.157194 0.165973 0
-0.148637 -0.537459 -0.028765 0
0.095817 0.141593 -0.013134 0
-0.167121 -0.921482 -0.032510 0
0.095999 0.098826 -0.051152 0
-0.149696 0.173413 0.060476 0
0.356677 0.138203 -0.022672 0
0.341519 0.141908 -0.120756 0
0.321650 0.147902 -0.007678 0
-0.168493 -0.937531 -0.059638 0
-0.009331 0.063761 -0.027498 0
0.284351 0.152819 -0.113478 0
0.265128 0.163039 0.016302 0
-0.022913 -0.128031 -0.029599 0
-0.133716 0.151645 0.023505 0
0.485325 0.084664 -0.103379 0
0.047744 0.194978 0.069052 0
-0.025733 0.157840 -0.158551 0
-0.169750 0.177604 0.082173 0
0.028931 0.135847 0.009331 0
-0.145920 -0.592405 -0.029548 0
-0.043210 0.053873 -0.002464 0
0.051723 0.137182 0.025981 0
-0.311822 0.168206 0.128536 0
0.094838 0.201057 0.151991 0
0.435333 0.111126 -0.030554 0
-0.062636 0.180140 -0.134831 0
-0.308016 0.158257 0.189253 0
0.360479 0.135739 -0.082715 0
-0.001613 0.189071 0.121128 0
0.415600 0.115700 -0.120037 0
-0.024319 0.153191 0.122503 0
-0.098550 0.140244 -0.014250 0
0.473309 0.095810 -0.090788 0
-0.081088 0.193509 -0.173758 0
-0.026573 0.148732 -0.224214 0
-0.010248 0.152545 0.043843 0
0.284649 0.152393 -0.029966 0
-0.151825 -0.824200 -0.042469 0
-0.008649 0.022541 -0.046452 0
0.407308 0.114339 0.033308 0
-0.504512 0.084688 0.168487 0
-0.474755 0.112607 0.189057 0
0.454594 0.097994 -0.006747 0
-0.123382 0.205826 -0.286874 0
0.245587 0.149597 -0.036776 0
-0.129715 0.198400 -0.224082 0
-0.133633 -0.657457 -0.058549 0
-0.044737 -0.209521 -0.037236 0
0.444304 0.106335 -0.097509 0
0.074077 0.053257 -0.030367 0
-0.187699 0.179396 0.068269 0
-0.330237 0.175572 0.038005 0
0.481537 0.067310 0.060402 0
-0.104629 -0.483308 -0.025549 0
-0.492090 0.061980 0.218469 0
-0.146040 -0.620155 -0.024804 0
-0.080020 0.114429 -0.006590 0
-0.064032 -0.241464 -0.043389 0
-0.036069 0.133030 -0.075227 0
0.012326 0.124677 -0.103581 0
-0.142466 -0.650483 -0.030350 0
-0.021693 0.096862 -0.082984 0
-0.016917 0.186008 0.076219 0
-0.339718 0.158682 0.119939 0
-0.111359 0.192896 -0.189585 0
0.397954 0.119241 0.065798 0
0.163439 0.136044 -0.081758 0
-0.142660 -0.672969 -0.044756 0
-0.228286 0.179210 0.171785 0
-0.113873 0.172643 -0.157274 0
0.301614 0.154816 0.018881 0
0.427215 0.113705 -0.097215 0
-0.001244 0.074836 -0.060947 0
-0.375493 0.143558 0.168174 0
-0.017010 0.121657 -0.105838 0
-0.162610 -0.709143 -0.032439 0
-0.142039 0.170837 -0.007568 0
0.093986 0.084217 -0.035659 0
-0.026115 0.164547 -0.187832 0
0.493897 0.078285 -0.035544 0
-0.244166 0.177922 0.113533 0
-0.218899 0.166280 0.059772 0
0.045086 0.009114 -0.041948 0
-0.394853 0.148194 0.159001 0
0.205439 0.165451 0.015476 0
0.049154 0.058427 -0.040168 0
-0.020914 -0.053325 -0.023197 0
-0.443476 0.127686 0.098733 0
-0.414342 0.127796 0.059438 0
-0.119865 0.195753 -0.331259 0
0.057399 0.214093 0.175062 0
-0.141086 0.168391 0.023313 0
0.145066 0.133438 -0.052783 0
-0.072161 0.176465 -0.150899 0
-0.337998 0.168502 0.068307 0
-0.140715 -0.621106 -0.049658 0
0.205943 0.156087 -0.112709 0
-0.152097 -0.953421 -0.041235 0
0.506634 0.079398 -0.076202 0
-0.105007 0.196854 -0.211788 0
-0.195419 0.183187 0.155989 0
-0.109747 -0.438574 -0.016369 0
0.069826 0.136188 -0.023132 0
-0.162195 -0.753494 -0.065016 0
-0.149274 -0.872764 -0.038171 0
-0.122933 0.162371 -0.010185 0
-0.177434 -0.847074 -0.034813 0
-0.184137 -0.914923 -0.057624 0
-0.013847 -0.083537 -0.017580 0
-0.216093 0.176061 0.123223 0
-0.217505 0.173145 0.085511 0
0.028666 0.127460 -0.014506 0
-0.407687 0.141943 0.174559 0
-0.292620 0.180595 0.044994 0
0.482353 0.077266 0.016847 0
-0.311544 0.163558 0.158384 0
-0.047203 -0.151730 -0.031696 0
-0.009692 -0.023571 -0.028600 0
-0.168062 -0.869619 -0.058710 0
0.426355 0.110128 0.013953 0
0.583915 0.000535 0.037280 0
0.086681 0.200057 0.194821 0
0.397014 0.125874 -0.082416 0
-0.069054 -0.309769 -0.027592 0
0.169396 0.155165 -0.000042 0
-0.376742 0.150863 0.083670 0
-0.009394 0.125560 -0.129600 0
-0.160871 -0.839430 -0.052206 0
0.557305 0.037642 -0.030464 0
0.417321 0.099874 0.061751 0
-0.285502 0.191686 0.010481 0
0.040097 0.201038 0.083808 0
-0.139359 0.155823 -0.143155 0
0.044357 0.130451 -0.029008 0
0.254965 0.156822 -0.022142 0
-0.387810 0.137956 0.197138 0
0.173399 0.147780 -0.117008 0
-0.371136 0.136340 0.223565 0
-0.387368 0.151434 0.045633 0
0.057687 0.217110 0.144132 0
-0.102180 0.131354 0.009700 0
-0.120138 -0.500098 -0.022828 0
-0.197807 0.176954 0.118050 0
-0.036418 -0.114117 -0.037455 0
-0.004460 -0.050288 -0.041913 0
-0.449558 0.117952 0.218383 0
-0.103615 -0.414238 -0.043229 0
-0.046433 0.178059 -0.218173 0
0.160422 0.140153 -0.044740 0
0.416719 0.119733 -0.060270 0
0.075823 0.207861 0.173182 0
-0.086053 -0.317796 -0.021007 0
0.011873 0.192923 0.083531 0
0.170693 0.144860 -0.067788 0
0.549992 0.045063 -0.051869 0
-0.111615 0.142962 0.022940 0
0.054900 0.209275 0.197766 0
-0.124298 -0.552366 -0.036380 0
-0.152369 0.167274 0.076443 0
-0.185030 -0.879936 -0.055271 0
-0.141674 0.177702 0.106166 0
-0.082953 -0.349489 -0.032039 0
0.122512 0.120991 -0.059837 0
0.028406 0.206447 0.187687 0
0.581693 0.020909 0.007090 0
0.352807 0.138787 -0.042264 0
0.330598 0.143309 -0.105620 0
-0.085013 0.143689 0.044476 0
0.519186 0.067319 0.007918 0
0.349169 0.143177 0.030542 0
-0.284686 0.171249 0.136137 0
-0.056473 -0.265272 -0.016738 0
-0.092275 0.197940 -0.264182 0
0.102285 0.191398 0.184002 0
-0.095274 0.199079 -0.232968 0
0.084407 0.191073 0.227263 0
0.002965 0.113025 -0.015640 0
0.448453 0.077201 0.063046 0
-0.143852 -0.763449 -0.045173 0
-0.017279 -0.096013 -0.042928 0
0.574764 0.024059 -0.050155 0
-0.105333 0.197230 -0.309661 0
0.228322 0.157087 -0.037382 0
-0.489317 0.098330 0.189838 0
0.067242 0.166706 0.066175 0
-0.244258 0.173790 0.174059 0
0.133038 0.127445 -0.029916 0
-0.121722 0.168851 -0.140945 0
0.189819 0.152136 -0.097435 0
-0.263154 0.182400 0.060720 0
-0.140698 -0.575241 -0.030629 0
-0.348829 0.147816 0.203713 0
0.520861 0.049794 0.054249 0
-0.180184 0.180767 0.015511 0
-0.139997 -0.523211 -0.031531 0
0.537696 0.044192 0.038053 0
-0.106423 0.161553 0.097596 0
0.107101 0.112584 -0.022507 0
-0.022122 0.140589 -0.121880 0
-0.362090 0.158788 0.068232 0
-0.388491 0.136015 0.082939 0
-0.034770 -0.014078 -0.025225 0
-0.223662 0.183073 0.010489 0
-0.151500 -0.726029 -0.053004 0
0.024281 0.209244 0.085112 0
0.453282 0.103376 -0.111367 0
0.584942 0.006855 -0.029836 0
-0.092371 -0.355131 -0.016910 0
-0.064976 0.184247 -0.217121 0
-0.164913 -0.748636 -0.044193 0
-0.323459 0.169729 0.096098 0
-0.433215 0.134255 0.196338 0
-0.104593 0.202765 -0.249797 0
0.007167 0.191013 0.106109 0
-0.018079 0.112010 -0.091990 0
-0.085687 0.151717 0.067303 0
-0.148556 0.167625 -0.029685 0
0.576672 0.015503 -0.015604 0
0.521391 0.062425 -0.026913 0
-0.236915 0.171743 0.143062 0
-0.224937 0.173601 0.107164 0
0.562552 0.031175 0.001080 0
-0.311386 0.186858 0.022577 0
0.335342 0.135944 0.009517 0
0.190508 0.155777 -0.014532 0
-0.091448 -0.405634 -0.009484 0
-0.039241 0.162201 -0.144073 0
-0.255835 0.174829 0.144081 0
-0.049037 -0.227234 -0.028466 0
0.017227 -0.016794 -0.042017 0
-0.445062 0.131556 0.136383 0
-0.480875 0.096685 0.218785 0
-0.053555 -0.181387 -0.035691 0
-0.122487 -0.476567 -0.022792 0
0.531323 0.054227 -0.080604 0
0.150496 0.139735 -0.069464 0
-0.271749 0.176443 0.090537 0
-0.112404 0.166492 0.076137 0
0.001747 0.096546 -0.060512 0
0.577799 -0.022259 0.028827 0
-0.382422 0.145562 0.136445 0
-0.425650 0.135794 0.166341 0
-0.430580 0.115941 0.221540 0
-0.459757 0.127330 0.159384 0
0.593515 -0.028985 0.002258 0
-0.081053 -0.280814 -0.028807 0
0.206141 0.152897 -0.067291 0
0.001024 0.149343 0.010179 0
-0.281337 0.159802 0.190951 0
0.019714 0.204397 0.113612 0
0.059842 0.132472 0.053900 0
-0.172505 -0.943441 -0.041719 0
-0.144479 -0.696453 -0.044577 0
-0.052232 -0.188679 -0.018180 0
-0.075149 -0.339877 -0.015589 0
0.494991 0.069983 0.024272 0
-0.008330 0.131068 -0.166204 0
0.070066 0.127550 0.076266 0
-0.006215 -0.038787 -0.024160 0
-0.300681 0.172079 0.105863 0
0.008483 0.031740 -0.024802 0
-0.172377 -0.961287 -0.066327 0
-0.376184 0.147566 0.187252 0
-0.179582 0.180755 0.128872 0
0.243356 0.157840 -0.007245 0
0.439190 0.100320 0.024851 0
0.284826 0.150844 -0.074962 0
0.448676 0.105568 -0.067287 0
-0.189805 0.190447 -0.013992 0
-0.093483 0.183681 -0.170608 0
-0.062928 0.084844 -0.006828 0
-0.071711 -0.257229 -0.028823 0
0.038226 0.006352 -0.022572 0
-0.120900 0.152633 -0.113628 0
0.493383 0.083301 -0.067955 0
0.564725 0.041440 -0.011387 0
-0.177938 -0.907949 -0.038665 0
-0.075462 -0.296201 -0.035873 0
-0.177124 -0.839696 -0.053190 0
0.078448 0.208916 0.120191 0
-0.022037 0.110924 -0.051937 0
-0.004984 0.112760 -0.078721 0
-0.323824 0.172362 0.060060 0
-0.159506 -0.673314 -0.046231 0
0.260177 0.145773 -0.046847 0
-0.044208 0.168566 -0.165086 0
0.419827 0.116019 -0.022323 0
-0.489543 0.108643 0.121413 0
-0.086417 -0.377763 -0.030042 0
-0.139820 0.203394 -0.309165 0
-0.247792 0.179365 0.083684 0
0.371919 0.132552 -0.067634 0
-0.459541 0.120866 0.188874 0
-0.106051 -0.416173 -0.016943 0
-0.508749 0.075111 0.204192 0
-0.068685 0.185347 -0.279097 0
0.331460 0.142865 0.037710 0
0.032112 0.185292 0.055520 0
0.017108 0.091304 -0.034123 0
-0.331630 0.161818 0.081197 0
-0.458397 0.124791 0.106883 0
-0.043806 0.044395 -0.015150 0
0.463175 0.093007 -0.049110 0
-0.005815 0.007127 -0.044250 0
-0.032194 0.163449 -0.241192 0
-0.161710 -0.847447 -0.038600 0
-0.164790 -0.771462 -0.038674 0
0.347851 0.140034 -0.074255 0
-0.025865 -0.118136 -0.017666 0
-0.016960 0.180491 0.113715 0
-0.169896 -0.885246 -0.059170 0
-0.131146 -0.597782 -0.030084 0
-0.008993 0.144445 -0.203529 0
-0.046408 0.177768 -0.234540 0
-0.058807 0.179042 -0.188481 0
-0.146274 -0.731020 -0.030769 0
0.031507 0.213196 0.159133 0
-0.166615 -0.982870 -0.040312 0
0.520586 0.072278 -0.073943 0
-0.093700 -0.431420 -0.028275 0
-0.141223 -0.566597 -0.044044 0
-0.425100 0.134558 0.097693 0
-0.335353 0.147378 0.216069 0
-0.021455 0.157487 -0.173608 0
-0.247506 0.182621 0.060638 0
0.089342 0.182652 0.105139 0
0.258050 0.153214 -0.067749 0
-0.157667 -0.646058 -0.045851 0
0.473946 0.082505 0.030331 0
-0.163960 -0.929899 -0.045293 0
0.209430 0.155882 -0.037415 0
-0.101308 -0.385842 -0.021336 0
0.080720 0.174074 0.095216 0
-0.039020 -0.136293 -0.024098 0
0.340713 0.142641 -0.022957 0
0.430719 0.103449 0.053258 0
-0.034780 0.186734 0.082316 0
-0.077271 -0.324972 -0.037435 0
0.160348 0.148113 -0.014192 0
0.460945 0.102173 -0.097692 0
0.255978 0.156471 -0.133137 0
0.221415 0.153698 -0.017091 0
-0.293132 0.167380 0.158855 0
-0.141092 -0.551608 -0.036949 0
-0.424138 0.141550 0.151289 0
0.005813 0.053227 -0.047830 0
-0.019554 0.120574 -0.214371 0
-0.169452 0.186227 -0.023508 0
0.486074 0.077813 0.000019 0
-0.168026 -0.922118 -0.067143 0
-0.150634 -0.658577 -0.051184 0
-0.027933 -0.083416 -0.023526 0
-0.084620 0.134581 0.023569 0
-0.121982 0.166057 0.106278 0
0.225786 0.142902 -0.044712 0
-0.013417 0.110124 -0.037191 0
-0.059056 0.182988 -0.249073 0
0.047048 0.217892 0.158034 0
-0.163141 -0.824048 -0.059331 0
0.281379 0.151731 -0.044827 0
0.293342 0.152162 0.000647 0
-0.160989 -0.794032 -0.053558 0
-0.029573 0.130170 -0.106529 0
0.500101 0.082180 -0.052739 0
-0.114813 0.154785 0.013996 0
-0.101035 -0.378379 -0.035778 0
-0.131358 0.143232 -0.126855 0
-0.149092 -0.809773 -0.038757 0
-0.225242 0.179468 0.068097 0
0.597033 -0.024311 0.020333 0
-0.022407 0.173482 0.059618 0
0.070006 0.074379 -0.045337 0
-0.209831 0.181488 0.053559 0
0.484580 0.089423 -0.029871 0
-0.034637 0.161264 -0.210939 0
0.228143 0.155022 -0.090046 0
-0.105012 -0.461495 -0.029709 0
-0.083672 0.190305 -0.294233 0
-0.034940 -0.107528 -0.023349 0
0.082912 0.207665 0.158407 0
-0.361136 0.142824 0.196605 0
0.455906 0.090994 0.008264 0
-0.500441 0.074476 0.218447 0
-0.059406 -0.279949 -0.018040 0
-0.323554 0.163191 0.143262 0
0.524592 0.055460 0.015492 0
-0.183050 0.184543 0.147630 0
-0.271020 0.170646 0.173982 0
-0.021922 0.014578 -0.023999 0
0.048242 0.023647 -0.043370 0
0.405987 0.120704 0.000260 0
-0.123191 -0.565842 -0.030116 0
0.568639 0.006917 0.040041 0
-0.151295 -0.894010 -0.050678 0
-0.195500 0.181058 0.045984 0
-0.124669 0.206471 -0.271492 0
0.243737 0.166655 0.022460 0
-0.161117 -0.771533 -0.065685 0
-0.466592 0.083980 0.222445 0
0.081543 0.199987 0.101370 0
0.004645 0.120263 0.000056 0
0.000809 0.068165 -0.037310 0
-0.164808 -0.900041 -0.052259 0
-0.195303 0.193364 -0.028805 0
-0.119137 0.205096 -0.248763 0
-0.020340 -0.076855 -0.042533 0
0.352680 0.139049 0.002343 0
0.220828 0.155852 -0.106136 0
-0.106174 -0.473580 -0.014583 0
0.190935 0.149916 -0.082917 0
-0.008821 0.044688 -0.036500 0
-0.141015 0.207745 -0.279148 0
-0.016624 0.156749 0.031297 0
-0.036124 0.166961 0.091018 0
-0.131189 0.164317 0.038644 0
0.002696 -0.001426 -0.030963 0
-0.387575 0.135372 0.211530 0
-0.160715 0.175595 0.000277 0
-0.050338 -0.196862 -0.041903 0
-0.046960 0.177452 -0.263946 0
-0.376924 0.153476 0.106176 0
0.311480 0.150245 -0.128343 0
0.435371 0.106826 -0.085998 0
-0.110969 -0.425309 -0.037012 0
0.502628 0.070675 -0.002497 0
-0.135855 -0.604172 -0.052342 0
0.255221 0.153209 -0.097571 0
-0.135371 -0.536702 -0.038794 0
-0.245368 0.193256 0.014623 0
0.010864 0.177540 0.039415 0
-0.504953 0.098134 0.173946 0
-0.044939 0.137363 -0.104626 0
-0.206381 0.180530 0.091199 0
-0.025336 -0.038876 -0.030597 0
-0.399388 0.120136 0.222380 0
-0.437575 0.130926 0.120171 0
-0.179963 0.178286 0.045766 0
-0.178141 -0.884222 -0.039489 0
-0.105394 0.154642 0.040456 0
0.029522 0.127017 -0.119458 0
-0.042198 0.175809 -0.204274 0
0.001273 0.158145 0.022776 0
0.134840 0.134498 -0.082524 0
0.538315 0.024570 0.057546 0
-0.076061 0.190693 -0.233041 0
0.304190 0.150923 -0.030220 0
-0.073561 0.181043 -0.306598 0
-0.111036 0.204009 -0.279244 0
0.379026 0.132451 0.046338 0
0.548442 0.051163 -0.000061 0
0.511532 0.074883 -0.044998 0
-0.064465 -0.235473 -0.017782 0
0.062646 0.138163 -0.010839 0
-0.145205 -0.777305 -0.037357 0
-0.160692 0.173962 0.112921 0
-0.056547 0.145314 -0.096425 0
0.003910 -0.048187 -0.030243 0
0.549552 0.050922 -0.030429 0
0.067174 0.065782 -0.031378 0
-0.025481 0.123399 -0.074531 0
-0.077176 0.192183 -0.265458 0
-0.039315 -0.182299 -0.036660 0
-0.161112 -0.786019 -0.038802 0
0.030590 -0.012946 -0.023655 0
0.583283 -0.000651 0.023052 0
-0.017668 0.148008 -0.143326 0
-0.085394 0.175027 -0.143137 0
-0.269894 0.172665 0.143117 0
-0.406951 0.143754 0.143814 0
-0.122039 0.152656 0.001900 0
-0.093474 0.193338 -0.204199 0
-0.168610 -0.816263 -0.043521 0
-0.118364 -0.499811 -0.037909 0
0.322389 0.148079 0.014933 0
-0.038894 0.156309 -0.123296 0
-0.091357 -0.374615 -0.009344 0
0.044374 0.172287 0.041293 0
-0.085391 -0.363653 -0.031066 0
-0.060749 -0.211912 -0.029923 0
0.070080 0.143605 0.053035 0
0.055312 0.127148 -0.018499 0
-0.080214 0.181141 -0.166394 0
-0.226333 0.175038 0.158405 0
0.379975 0.130851 -0.014441 0
-0.193901 0.184245 0.009036 0
-0.152661 -0.674897 -0.023511 0
-0.054813 -0.242054 -0.030615 0
-0.150388 -0.610680 -0.059856 0
-0.120449 -0.527399 -0.009847 0
-0.419852 0.140451 0.189756 0
-0.168384 -0.856720 -0.074150 0
0.560305 0.036210 0.015342 0
0.273600 0.155603 -0.021849 0
-0.497654 0.085741 0.197412 0
-0.044590 0.152482 -0.100487 0
-0.050057 0.162305 -0.181376 0
-0.093126 0.165406 -0.120488 0
-0.164614 -0.862145 -0.038519 0
-0.163702 -0.926358 -0.080261 0
0.538588 0.052943 -0.054095 0
-0.141510 -0.606072 -0.025507 0
0.190911 0.149724 -0.053110 0
0.386895 0.128345 -0.068029 0
-0.166840 -0.734685 -0.051627 0
-0.020823 0.186211 0.091033 0
-0.018367 -0.065984 -0.017764 0
0.431243 0.109777 0.000830 0
0.143043 0.140679 -0.014370 0
0.046769 0.037345 -0.029860 0
-0.148877 0.156498 -0.153404 0
0.269587 0.153625 0.005931 0
-0.168164 -0.779371 -0.052833 0
-0.179688 -0.922717 -0.040029 0
0.395728 0.123631 0.023946 0
-0.462994 0.126732 0.129418 0
0.331688 0.135670 -0.014670 0
-0.003368 0.130623 -0.179248 0
-0.503692 0.052893 0.199612 0
-0.036572 -0.159647 -0.037045 0
0.295631 0.157800 0.031120 0
-0.472030 0.121946 0.151641 0
-0.184731 -0.971516 -0.048067 0
-0.271275 0.175759 0.050080 0
-0.149060 -0.593233 -0.053565 0
-0.178503 -0.943308 -0.067373 0
-0.445053 0.135037 0.166579 0
-0.076025 -0.288726 -0.016812 0
-0.046860 0.075059 -0.000907 0
0.523599 0.067850 -0.059933 0
-0.349453 0.155357 0.173034 0
0.016046 -0.030200 -0.036982 0
0.001523 -0.015888 -0.031371 0
-0.161266 0.181061 0.128952 0
0.368094 0.133006 -0.098045 0
0.007249 0.106737 -0.001446 0
0.410340 0.108939 0.069554 0
0.209539 0.158376 -0.007124 0
-0.008787 0.112994 -0.022921 0
0.321991 0.147693 -0.029426 0
-0.096776 -0.355612 -0.029994 0
-0.020873 -0.015740 -0.030558 0
-0.028771 0.173391 0.113955 0
-0.387130 0.148701 0.074880 0
-0.173733 -0.853724 -0.052673 0
0.292748 0.151138 -0.052554 0
-0.042897 -0.198200 -0.014815 0
-0.094804 0.141011 0.016131 0
0.094122 0.193482 0.098156 0
-0.256137 0.174492 0.167201 0
-0.123282 -0.537087 -0.028759 0
0.117353 0.117485 -0.044966 0
-0.330447 0.164391 0.128258 0
-0.014345 -0.099185 -0.029771 0
0.122009 0.123227 -0.073323 0
0.376997 0.132018 0.015670 0
0.558590 0.039772 -0.065560 0
0.149296 0.130129 -0.002459 0
0.321701 0.135997 -0.037781 0
-0.103389 -0.454638 -0.016670 0
-0.479343 0.114973 0.167549 0
0.319402 0.145099 -0.067490 0
0.103573 0.190931 0.167131 0
0.065771 0.204788 0.204657 0
0.436292 0.099332 0.038114 0
-0.165832 -0.803564 -0.065069 0
-0.262022 0.197979 -0.013381 0
-0.001248 0.050329 -0.023259 0
-0.130700 -0.582308 -0.038585 0
-0.114405 0.163637 -0.121705 0
0.407540 0.122228 -0.074708 0
-0.093013 0.134727 0.000321 0
-0.039963 -0.183020 -0.017288 0
-0.245607 0.177318 0.132739 0
-0.017516 0.096482 -0.095846 0
0.368901 0.136624 0.059746 0
0.057113 0.171962 0.054771 0
-0.066255 0.104913 -0.007535 0
0.182642 0.153287 -0.001974 0
0.243725 0.153378 -0.090466 0
0.200687 0.158167 -0.125156 0
0.066766 0.113150 0.075677 0
-0.147575 -0.629134 -0.058064 0
-0.120790 0.162646 0.048847 0
-0.142169 -0.650295 -0.044737 0
-0.243462 0.182676 0.037798 0
-0.101963 0.175700 -0.163485 0
0.421801 0.109349 0.045070 0
-0.110547 -0.401756 -0.034846 0
-0.148225 -0.636765 -0.031822 0
0.046752 0.126357 -0.135766 0
0.120421 0.122754 -0.029943 0
0.418147 0.120322 -0.105971 0
0.228203 0.165336 0.015232 0
-0.369999 0.150621 0.135909 0
-0.072541 0.189912 -0.249645 0
-0.156809 -0.756124 -0.053044 0
-0.018371 -0.059445 -0.043565 0
-0.123302 -0.514512 -0.038934 0
0.463027 0.098552 -0.021406 0
0.228340 0.153193 -0.060128 0
-0.009777 -0.068746 -0.036502 0
-0.179895 -0.826391 -0.044950 0
0.293126 0.149623 -0.098107 0
-0.068896 -0.315958 -0.015779 0
-0.121339 -0.469157 -0.036221 0
-0.207626 0.185241 0.144998 0
-0.131106 0.171690 0.083716 0
-0.244149 0.197644 -0.006705 0
-0.047206 0.165601 -0.211552 0
0.102524 0.188957 0.114489 0
-0.123077 -0.455247 -0.028615 0
0.056826 0.187807 0.062044 0
0.406243 0.121457 -0.022630 0
-0.274036 0.178972 0.075981 0
0.141735 0.133583 -0.037832 0
-0.472305 0.098603 0.198302 0
0.053677 0.206619 0.097634 0
-0.080649 0.114943 0.007019 0
-0.493137 0.096871 0.164871 0
0.591399 0.008706 -0.007020 0
0.310352 0.149983 -0.014596 0
-0.098448 0.162305 0.070490 0
-0.030836 0.029796 -0.026352 0
-0.420368 0.124296 0.223737 0
-0.263036 0.182184 0.030877 0
0.481814 0.089858 -0.074713 0
0.065564 0.045837 -0.037208 0
-0.300205 0.189537 0.016088 0
0.038190 0.137955 -0.000652 0
-0.004595 0.054308 -0.058092 0
0.001495 0.189949 0.091118 0
-0.160075 0.175693 0.068638 0
0.549033 0.043067 0.022642 0
0.179197 0.150772 -0.105568 0
0.567322 0.019981 0.030777 0
0.462191 0.099933 -0.060245 0
0.464808 0.080896 0.058873 0
-0.293512 0.174825 0.059825 0
-0.132242 -0.515044 -0.024778 0
-0.029824 -0.142652 -0.035309 0
0.340921 0.141771 -0.051986 0
-0.444892 0.099451 0.226090 0
-0.161382 -0.824163 -0.031004 0
-0.149912 0.172715 0.007512 0
-0.141797 0.170278 0.045972 0
-0.092982 0.195716 -0.286770 0
0.266360 0.152198 -0.090764 0
-0.036614 -0.166463 -0.016514 0
-0.033346 -0.078303 -0.037119 0
-0.307187 0.162571 0.173064 0
-0.133941 -0.552803 -0.014262 0
0.415635 0.114646 0.023261 0
-0.387196 0.150581 0.113683 0
-0.398413 0.137956 0.182826 0
-0.344727 0.177663 0.028771 0
0.112006 0.193000 0.144343 0
-0.328970 0.155870 0.182241 0
0.361695 0.132729 -0.133020 0
-0.156757 0.173390 0.046071 0
-0.027387 -0.056717 -0.034215 0
-0.038630 0.065185 -0.006986 0
0.532402 0.054778 -0.026210 0
-0.501267 0.098204 0.197014 0
-0.147003 -0.697526 -0.058130 0
-0.487416 0.086540 0.223561 0
0.416913 0.119164 -0.083148 0
-0.153135 -0.965771 -0.045081 0
0.313729 0.147177 -0.082069 0
-0.168551 -0.801777 -0.043578 0
-0.282532 0.169114 0.086481 0
-0.399061 0.143465 0.083821 0
0.039990 0.157396 0.030884 0
-0.038491 -0.206671 -0.023567 0
-0.270241 0.195571 0.007768 0
-0.157437 -0.917387 -0.040030 0
0.396492 0.115245 0.052227 0
0.018092 0.121991 -0.092391 0
-0.196009 0.174517 0.098291 0
-0.414772 0.141791 0.121264 0
-0.185740 -0.869275 -0.047997 0
0.436350 0.111582 -0.044741 0
-0.193675 0.172821 0.083339 0
0.054936 0.143387 0.037297 0
-0.396606 0.144505 0.053134 0
0.047892 0.217742 0.135839 0
0.322193 0.152873 0.051394 0
-0.067609 -0.242152 -0.029839 0
0.284291 0.155392 -0.007838 0
-0.319889 0.175421 0.046616 0
0.267563 0.166554 0.037122 0
-0.216200 0.191305 0.000344 0
0.398364 0.126460 -0.113666 0
0.012066 0.210177 0.142700 0
0.168264 0.130074 -0.043981 0
0.522819 0.060933 -0.014289 0
-0.036411 0.166985 -0.256294 0
0.190009 0.151021 -0.029853 0
-0.139068 0.207597 -0.249951 0
-0.047153 0.067741 -0.019589 0
0.057352 0.121393 -0.128113 0
-0.028249 0.151495 -0.239074 0
0.321351 0.147619 -0.120694 0
0.167492 0.141198 -0.022788 0
-0.149893 -0.703996 -0.030755 0
0.348778 0.143340 0.052350 0
0.474194 0.074546 0.052928 0
0.416681 0.115518 0.007676 0
0.368055 0.136102 0.037959 0
0.579320 0.008733 0.011578 0
-0.025596 0.127521 -0.233069 0
-0.146845 -0.710931 -0.045178 0
-0.460019 0.101120 0.207703 0
0.159825 0.144062 -0.090927 0
0.538084 0.051069 -0.007415 0
-0.123213 0.158753 0.022774 0
-0.141976 -0.672682 -0.031120 0
0.511716 0.059317 0.038750 0
-0.272288 0.168123 0.194133 0
0.011478 0.164869 0.026206 0
-0.313177 0.166974 0.105389 0
0.530965 0.037516 0.059276 0
0.230526 0.163475 -0.126950 0
0.480936 0.088569 -0.007612 0
0.387141 0.129095 -0.045050 0
0.303825 0.149952 -0.114026 0
-0.218538 0.199106 -0.027119 0
0.077338 0.180982 0.082919 0
-0.074304 0.127349 0.022574 0
-0.090458 0.152670 -0.113255 0
-0.311897 0.154849 0.208795 0
0.095816 0.097740 -0.037959 0
0.426963 0.105624 -0.022038 0
0.009306 0.097299 -0.022074 0
0.011393 0.068410 -0.030477 0
0.502788 0.080645 -0.022017 0
0.028183 0.006774 -0.030151 0
0.243924 0.156242 -0.113468 0
0.436142 0.106348 -0.068127 0
-0.230472 0.166484 0.064711 0
-0.043539 0.032834 -0.010208 0
0.192367 0.162365 0.014101 0
-0.122700 -0.529375 -0.038619 0
-0.142351 -0.726686 -0.044492 0
0.254222 0.154247 -0.002188 0
0.348708 0.142067 0.014726 0
0.292947 0.159550 0.043210 0
0.273872 0.155763 -0.121155 0
-0.236364 0.201348 -0.020815 0
-0.331462 0.166520 0.106748 0
-0.293724 0.162756 0.189581 0
-0.157564 -0.744938 -0.033327 0
-0.055202 0.174388 -0.166133 0
-0.001020 0.141458 -0.189254 0
0.349366 0.136805 -0.128974 0
0.151253 0.133499 -0.081629 0
0.528445 0.072683 -0.026916 0
0.351047 0.139024 -0.112672 0
-0.059569 0.089306 -0.019905 0
-0.130454 -0.499959 -0.030882 0
-0.303021 0.152032 0.200572 0
-0.149843 -0.619965 -0.037354 0
-0.168532 0.168237 0.051569 0
-0.396668 0.138844 0.148674 0
-0.323169 0.183079 0.022245 0
-0.142534 0.163336 0.060848 0
0.077594 0.080688 -0.037887 0
-0.028580 0.006214 -0.015974 0
-0.151938 -0.741078 -0.052942 0
-0.050904 -0.167072 -0.030691 0
0.041723 0.120444 -0.017401 0
0.041659 0.121455 -0.110863 0
-0.179426 0.170345 0.060675 0
-0.046082 0.152210 -0.112759 0
-0.032437 0.169375 -0.197230 0
-0.376632 0.153404 0.054087 0
-0.129687 -0.654283 -0.033136 0
-0.146704 -0.589110 -0.042209 0
-0.491246 0.108460 0.161190 0
-0.055273 -0.227294 -0.017627 0
0.031574 0.206792 0.111426 0
0.330938 0.146838 0.005946 0
-0.016568 0.137610 -0.135928 0
0.228019 0.157342 -0.007413 0
0.083946 0.097216 -0.049532 0
0.567691 0.030115 -0.058141 0
-0.051631 0.168432 -0.135474 0
-0.425792 0.121727 0.068594 0
-0.214041 0.184526 0.027317 0
-0.123636 0.161554 0.068590 0
0.559772 0.043542 -0.000410 0
0.236041 0.149523 -0.045334 0
0.053770 0.048213 -0.035063 0
-0.414452 0.134112 0.143843 0
0.019719 0.115212 -0.020262 0
-0.000172 0.137863 0.014146 0
0.465078 0.085497 0.016419 0
0.550287 0.030599 0.039313 0
-0.176492 -0.971834 -0.039072 0
-0.236405 0.179381 0.075864 0
-0.415591 0.130817 0.205043 0
-0.172281 0.178539 0.098553 0
0.002420 0.176504 0.051912 0
-0.041947 0.017491 -0.026270 0
0.508140 0.069699 -0.015181 0
0.545407 0.050856 0.014049 0
-0.084628 0.168701 -0.132681 0
0.058328 0.046582 -0.049272 0
0.368351 0.135108 -0.045513 0
-0.066096 0.160460 -0.120411 0
-0.152770 0.178486 -0.026349 0
-0.133398 0.174566 0.097890 0
-0.349994 0.146166 0.191072 0
0.039273 0.030720 -0.037705 0
0.085072 0.090128 -0.029974 0
-0.472194 0.118588 0.114113 0
-0.094236 0.122939 0.002812 0
-0.459974 0.120662 0.174593 0
-0.197215 0.183705 0.022817 0
-0.076761 0.184878 -0.181038 0
-0.039120 -0.129175 -0.036980 0
0.569289 0.022843 -0.037727 0
-0.082978 -0.369926 -0.016654 0
-0.436753 0.133007 0.107218 0
-0.086501 0.127194 -0.007635 0
-0.480275 0.091754 0.204204 0
-0.415572 0.138294 0.106363 0
0.020209 0.144810 0.014301 0
0.406948 0.122473 -0.044582 0
0.032281 0.178301 0.045714 0
-0.008722 0.083083 -0.066799 0
0.016656 0.190474 0.068219 0
-0.303640 0.176247 0.047125 0
0.001117 0.142146 -0.151206 0
-0.433810 0.128586 0.173198 0
-0.432854 0.129259 0.090175 0
-0.139487 -0.635691 -0.023625 0
-0.035146 0.168378 -0.172983 0
0.453625 0.087389 0.059318 0
-0.150625 -0.670121 -0.056517 0
0.254904 0.157095 -0.121198 0
-0.454025 0.091435 0.224601 0
-0.141843 0.157766 0.030200 0
-0.451999 0.120101 0.205192 0
-0.366791 0.151601 0.113820 0
-0.168798 -0.975823 -0.060317 0
0.280414 0.162537 0.025774 0
-0.113517 0.198157 -0.318327 0
-0.009155 0.124034 -0.209605 0
-0.135345 -0.544705 -0.029067 0
-0.444089 0.121009 0.088849 0
0.217648 0.164421 0.020743 0
0.000953 -0.029689 -0.027060 0
0.473626 0.090777 -0.054431 0
-0.008866 0.163197 0.049056 0
0.271345 0.144226 -0.050743 0
0.179344 0.147733 -0.075480 0
-0.334416 0.167935 0.056838 0
-0.168560 0.178849 0.022863 0
0.322429 0.144023 -0.090520 0
0.205560 0.152205 -0.052719 0
-0.436055 0.125537 0.217115 0
-0.285520 0.196705 -0.004701 0
-0.047197 0.167746 -0.226667 0
-0.113423 0.155834 -0.007321 0
0.239392 0.154128 -0.079424 0
0.368135 0.135088 -0.022194 0
0.577845 0.013675 0.036768 0
-0.400508 0.138153 0.094341 0
0.049082 0.161064 0.042023 0
-0.130686 -0.468620 -0.028934 0
-0.387436 0.149986 0.060426 0
-0.093214 0.194104 -0.301932 0
0.377903 0.131653 0.002028 0
0.073427 0.192652 0.084141 0
-0.188034 0.180461 0.106364 0
-0.159321 -0.718544 -0.038850 0
0.544211 0.057875 -0.021737 0
0.015740 0.123878 -0.001910 0
-0.507658 0.089120 0.203148 0
-0.027070 -0.022812 -0.023168 0
-0.472008 0.091485 0.212653 0
-0.394109 0.143758 0.039690 0
-0.018195 0.120130 -0.022533 0
-0.102212 0.201345 -0.271870 0
-0.140198 0.198155 -0.272316 0
-0.002230 0.045148 -0.050885 0
-0.168417 0.180688 -0.007069 0
-0.482953 0.114270 0.135539 0
-0.360344 0.135757 0.218842 0
0.387030 0.128186 -0.023509 0
0.567189 0.029186 -0.014046 0
-0.161387 -0.944987 -0.045300 0
0.038130 0.138188 0.016357 0
-0.043461 -0.152579 -0.043467 0
-0.311685 0.165542 0.143951 0
-0.121728 0.144357 0.028794 0
-0.497640 0.090564 0.181842 0
0.133702 0.128096 -0.052936 0
-0.098533 -0.432429 -0.017614 0
0.576353 0.014871 -0.029798 0
0.532572 0.039394 0.047458 0
0.018981 0.075591 -0.022016 0
-0.350651 0.160661 0.066507 0
-0.036054 0.158345 -0.188120 0
-0.009411 0.170162 0.039330 0
-0.349588 0.172608 0.038149 0
-0.282383 0.167959 0.166665 0
-0.168661 0.175668 0.121325 0
-0.170806 -0.832844 -0.060280 0
-0.104136 0.199058 -0.225334 0
-0.473795 0.105184 0.211944 0
0.502502 0.054725 0.055114 0
-0.150191 0.164778 0.052136 0
-0.118397 -0.446350 -0.022664 0
-0.005814 0.124863 -0.104963 0
0.348076 0.139874 -0.031658 0
-0.111755 -0.491596 -0.029618 0
-0.083807 -0.393259 -0.026869 0
-0.147620 0.149984 -0.137394 0
0.177720 0.145930 -0.051949 0
-0.281860 0.174793 0.120430 0
0.033527 0.007792 -0.041904 0
-0.228041 0.172470 0.080042 0
0.557684 0.007060 0.047198 0
0.008938 0.046673 -0.033265 0
-0.162199 -0.862262 -0.051634 0
-0.009012 0.029151 -0.036912 0
-0.407060 0.136084 0.127797 0
-0.149860 0.171834 0.030060 0
-0.287401 0.169173 0.147208 0
-0.303450 0.168821 0.081253 0
-0.005993 -0.038222 -0.038592 0
0.091413 0.202448 0.129180 0
-0.092228 0.128834 0.015050 0
-0.117834 -0.509265 -0.029497 0
-0.021511 0.165562 0.122284 0
0.322774 0.150626 0.037721 0
0.217905 0.154564 -0.082909 0
-0.383139 0.144078 0.090756 0
-0.105873 0.150958 0.029535 0
0.145171 0.129724 -0.067347 0
0.371833 0.133029 -0.120876 0
0.538615 0.052751 -0.068163 0
-0.092891 0.189106 -0.317874 0
0.258831 0.154448 -0.054255 0
-0.153509 -0.794446 -0.044857 0
0.028163 0.211439 0.143843 0
-0.084393 -0.333807 -0.035753 0
0.597264 0.000510 0.002127 0
-0.177106 -0.892141 -0.053520 0
-0.077534 -0.310715 -0.009072 0
0.273314 0.152792 -0.106169 0
-0.165505 -0.909420 -0.033625 0
0.083718 0.202872 0.180602 0
-0.079972 -0.349752 -0.020979 0
-0.349950 0.157481 0.151628 0
-0.059422 0.172817 -0.143033 0
-0.488992 0.109744 0.188939 0
-0.293755 0.168248 0.091384 0
-0.148927 -0.567733 -0.035655 0
0.500278 0.045030 0.061706 0
0.257514 0.149165 -0.031255 0
0.054597 0.142507 -0.017700 0
-0.496853 0.104170 0.151286 0
-0.110759 0.138359 0.012492 0
-0.193940 0.171878 0.061684 0
-0.172731 0.179054 0.007029 0
-0.130952 0.205176 -0.301932 0
-0.432487 0.136200 0.128963 0
-0.035399 0.132629 -0.091326 0
-0.479891 0.110191 0.114798 0
0.305717 0.138256 -0.041147 0
0.006130 0.116322 -0.072353 0
-0.024968 0.138318 -0.229471 0
0.533446 0.048040 0.009629 0
0.001520 0.073927 -0.024593 0
0.069559 0.201656 0.219231 0
0.047807 0.211703 0.189191 0
0.266123 0.152339 -0.075736 0
0.386992 0.128078 -0.097893 0
-0.145754 0.145495 -0.147694 0
-0.232711 0.178497 0.113893 0
0.086029 0.137192 -0.016942 0
-0.071251 0.115679 0.013400 0
-0.358301 0.151617 0.127686 0
-0.000237 0.066275 -0.053532 0
-0.123759 0.158364 -0.021325 0
-0.053033 -0.249562 -0.022266 0
0.283348 0.155002 -0.128352 0
0.106485 0.098193 -0.043497 0
-0.252805 0.176536 0.123203 0
0.296168 0.150201 -0.075783 0
0.433811 0.110714 -0.014547 0
-0.074169 0.188104 -0.211697 0
-0.020606 0.152594 -0.193177 0
0.368371 0.135587 0.022630 0
-0.017293 0.150193 -0.211914 0
-0.169881 -0.952699 -0.059350 0
0.492358 0.065984 0.051877 0
-0.179999 -0.945198 -0.052587 0
0.254744 0.159413 0.007874 0
-0.063935 -0.287314 -0.028570 0
0.560266 0.045002 -0.021150 0
-0.441583 0.131698 0.180797 0
-0.028266 -0.106133 -0.039413 0
-0.148348 -0.663365 -0.031698 0
-0.177245 -0.896258 -0.039346 0
-0.079951 -0.265103 -0.022809 0
-0.160329 0.163912 0.038603 0
0.009560 0.190148 0.122367 0
0.292638 0.151048 -0.037828 0
-0.508825 0.078593 0.176953 0
-0.045453 0.167626 -0.239399 0
-0.319744 0.156019 0.188729 0
0.528556 0.065736 -0.082137 0
-0.262987 0.173451 0.158306 0
-0.365887 0.146419 0.160925 0
-0.030818 -0.128226 -0.018374 0
-0.302323 0.184498 0.033783 0
0.341112 0.140281 -0.090464 0
0.249337 0.144443 -0.050237 0
-0.454596 0.108310 0.214435 0
-0.083954 -0.310694 -0.029462 0
0.054642 0.029864 -0.032741 0
-0.018554 -0.113292 -0.030153 0
-0.055597 0.180758 -0.271570 0
-0.093074 -0.370489 -0.036202 0
0.462966 0.084599 0.031251 0
0.255025 0.165589 0.022933 0
-0.315323 0.146242 0.199885 0
0.019043 -0.030077 -0.025288 0
0.586912 0.013652 -0.021145 0
0.509698 0.073241 0.007248 0
-0.194932 0.188574 -0.001230 0
0.462382 0.098279 -0.075203 0
-0.117052 -0.520441 -0.018267 0
0.462817 0.089917 -0.000462 0
-0.046459 -0.159900 -0.023355 0
0.029095 0.158507 0.028646 0
-0.255075 0.179390 0.075205 0
-0.137921 0.198513 -0.257989 0
-0.075566 0.107162 0.000640 0
0.360131 0.135626 -0.105429 0
0.302482 0.143680 -0.009787 0
-0.414709 0.135440 0.168564 0
0.303993 0.152331 0.008256 0
-0.015253 0.143380 -0.174073 0
0.217273 0.153748 -0.067481 0
-0.413453 0.135893 0.076203 0
-0.140238 -0.687546 -0.037668 0
-0.337779 0.149391 0.203772 0
-0.236729 0.182604 0.022412 0
0.064080 0.208026 0.092109 0
-0.368710 0.149692 0.174550 0
-0.398020 0.147988 0.120606 0
-0.218216 0.179913 0.098567 0
0.102071 0.105996 -0.031357 0
-0.099594 -0.398050 -0.009946 0
0.530079 0.065440 -0.007153 0
-0.281922 0.173372 0.068630 0
-0.491374 0.111347 0.144636 0
-0.158569 -0.694947 -0.057521 0
0.427399 0.102481 0.065679 0
0.323105 0.137794 -0.021412 0
-0.055646 0.178542 -0.285959 0
-0.151973 -0.649544 -0.036971 0
-0.104367 0.189217 -0.180259 0
-0.463246 0.114434 0.098263 0
-0.433880 0.106151 0.225582 0
-0.475015 0.090392 0.225792 0
0.054326 0.207520 0.209925 0
0.339704 0.140754 -0.132718 0
-0.150137 0.173329 0.091245 0
0.011904 0.106734 -0.013816 0
0.076840 0.211019 0.144087 0
-0.386632 0.146448 0.166212 0
0.198572 0.154721 -0.104602 0
-0.367214 0.163709 0.030684 0
-0.082117 0.163644 -0.121289 0
0.160297 0.133192 -0.036174 0
0.122322 0.133314 -0.011825 0
-0.017990 0.169823 0.046476 0
-0.236488 0.182187 0.060688 0
0.426597 0.117684 -0.112538 0
0.313619 0.140365 -0.007953 0
-0.470703 0.121660 0.135433 0
-0.423093 0.107036 0.223549 0
-0.178696 0.179254 0.075976 0
-0.018667 0.118839 -0.083381 0
0.492309 0.087195 -0.095007 0
-0.065818 -0.265449 -0.033133 0
0.573472 0.026606 0.022548 0
-0.300901 0.170160 0.128799 0
0.235600 0.158304 0.000524 0
-0.500125 0.104573 0.181425 0
0.247068 0.153476 -0.067863 0
-0.103535 -0.438851 -0.036473 0
-0.232916 0.197038 -0.007814 0
0.018340 0.122231 -0.112427 0
0.065052 0.150564 0.046204 0
-0.122583 -0.483664 -0.037936 0
-0.111708 -0.469351 -0.023055 0
-0.349114 0.163700 0.098618 0
-0.005902 0.187167 0.075895 0
-0.120585 0.143730 0.016690 0
-0.368065 0.157544 0.083263 0
0.455124 0.103135 -0.044678 0
0.112420 0.113998 -0.031977 0
0.537409 0.057970 0.007263 0
0.454395 0.090163 0.038372 0
-0.263428 0.177693 0.083540 0
-0.255714 0.189982 0.015976 0
-0.157019 -0.920202 -0.071158 0
-0.131413 -0.545554 -0.043838 0
-0.104437 0.175529 -0.143302 0
0.303580 0.157296 0.044345 0
-0.479738 0.118021 0.180978 0
-0.179649 0.189940 -0.022225 0
0.273634 0.149209 -0.006382 0
0.057953 0.211632 0.113531 0
-0.121519 -0.535698 -0.017983 0
-0.187565 0.181077 0.121430 0
0.094424 0.193515 0.211595 0
0.077836 0.068604 -0.032486 0
-0.160131 -0.907167 -0.045461 0
0.474176 0.076676 0.039539 0
0.583511 0.007228 0.000353 0
-0.016349 0.105891 -0.059739 0
-0.482463 0.083352 0.214060 0
-0.186925 0.185543 0.136202 0
-0.225397 0.180672 0.136853 0
-0.151115 -0.849094 -0.040338 0
-0.164442 -0.726018 -0.044830 0
-0.056027 -0.219791 -0.035699 0
-0.345803 0.157647 0.107176 0
0.069891 0.130378 0.046806 0
0.558148 0.022977 0.038586 0
0.197389 0.152542 -0.037642 0
-0.073611 -0.325710 -0.016083 0
0.592784 -0.015667 0.000502 0
0.220625 0.157525 -0.029770 0
0.501678 0.075500 -0.067395 0
-0.161180 -0.757050 -0.038493 0
0.156490 0.138551 -0.017481 0
0.406865 0.117723 0.043577 0
-0.215101 0.184815 0.152809 0
-0.501650 0.053130 0.211449 0
0.086149 0.197116 0.205408 0
-0.010111 -0.053677 -0.023519 0
-0.345773 0.161406 0.076128 0
0.072851 0.134270 0.060508 0
-0.398358 0.136107 0.204803 0
-0.311196 0.190465 0.003462 0
0.019943 -0.007839 -0.029124 0
0.168187 0.147475 -0.105290 0
0.058320 0.196223 0.075670 0
-0.008533 0.096592 -0.083771 0
0.322923 0.145152 -0.052744 0
0.511184 0.073298 -0.089598 0
0.008480 0.059769 -0.036248 0
-0.236063 0.182698 0.045649 0
-0.009550 0.181039 0.060450 0
-0.030122 0.155543 -0.144608 0
-0.068994 0.188142 -0.141636 0
-0.020235 0.120773 -0.226604 0
0.396337 0.125494 0.000201 0
0.198091 0.152210 -0.074856 0
0.171340 0.148966 -0.029167 0
-0.262775 0.178278 0.105964 0
-0.284936 0.183572 0.038081 0
0.511195 0.050851 0.060117 0
-0.001062 0.029996 -0.044888 0
0.426481 0.115802 -0.045351 0
-0.118581 0.189126 -0.196838 0
-0.436792 0.136030 0.144214 0
-0.135949 0.169357 0.119881 0
-0.156434 -0.673401 -0.033451 0
0.038519 0.190010 0.066731 0
-0.425727 0.118965 0.231354 0
-0.142315 0.172742 -0.022618 0
-0.180426 -0.929067 -0.059346 0
-0.131182 0.202793 -0.316557 0
-0.066189 0.150337 -0.106502 0
-0.137149 -0.575498 -0.051445 0
0.445411 0.094055 0.057655 0
0.286331 0.142099 -0.049507 0
-0.423749 0.140428 0.175802 0
0.017095 0.171041 0.032903 0
-0.375450 0.128442 0.217791 0
0.589219 0.007732 0.015481 0
0.360448 0.139104 0.031087 0
-0.018289 0.134384 -0.114076 0
-0.165059 -0.705081 -0.049494 0
-0.217320 0.182845 0.045620 0
0.074751 0.201585 0.093288 0
-0.134991 0.168190 0.106302 0
-0.491373 0.096031 0.210779 0
0.368008 0.135219 0.007695 0
0.532557 0.055175 -0.045589 0
-0.018062 -0.038140 -0.022328 0
0.103816 0.106080 -0.052109 0
-0.279486 0.192121 0.019261 0
-0.081688 -0.303572 -0.016057 0
-0.071824 -0.259681 -0.018464 0
0.190914 0.143870 -0.037686 0
0.561096 0.030915 -0.037783 0
0.009499 0.187014 0.060844 0
-0.032321 -0.097630 -0.026215 0
0.443965 0.098069 -0.006914 0
-0.158324 -0.801280 -0.037793 0
-0.454223 0.110822 0.224755 0
0.018723 0.215220 0.166484 0
0.151937 0.138121 -0.099133 0
-0.030901 0.148367 -0.121376 0
0.071181 0.059477 -0.038933 0
-0.357350 0.142910 0.211586 0
0.142173 0.120027 -0.038847 0
0.387386 0.128497 -0.007209 0
-0.122388 0.203979 -0.233343 0
-0.160530 -0.834662 -0.032189 0
-0.217679 0.179959 0.113495 0
0.583338 0.021523 -0.007476 0
-0.065890 0.183479 -0.204110 0
-0.094492 0.199516 -0.248597 0
-0.025932 -0.121595 -0.037456 0
-0.186987 0.178537 0.053690 0
-0.111469 -0.492182 -0.017007 0
0.188261 0.137418 -0.046827 0
-0.043990 0.168934 -0.269446 0
0.530280 0.051434 0.044653 0
0.046702 0.015062 -0.031512 0
-0.217689 0.180830 0.075354 0
-0.169206 -0.959989 -0.039157 0
0.519629 0.037483 0.059471 0
-0.142367 -0.628002 -0.030843 0
-0.121931 0.144929 -0.122408 0
-0.017606 0.151104 -0.158304 0
0.357260 0.137719 -0.007077 0
0.171654 0.136216 -0.075129 0
-0.121355 -0.612035 -0.033048 0
0.387148 0.127727 -0.120932 0
-0.128877 -0.514105 -0.049772 0
0.160267 0.144827 -0.029596 0
-0.217921 0.180865 0.060633 0
0.179293 0.152039 -0.022765 0
0.570641 0.024489 0.000066 0
-0.006270 0.184986 0.112599 0
-0.091605 -0.399550 -0.020557 0
0.499565 0.079795 -0.007071 0
0.009307 0.143828 0.013637 0
0.493280 0.067958 0.038352 0
0.026734 -0.015815 -0.037589 0
-0.132489 -0.529739 -0.028084 0
0.039791 0.213720 0.128425 0
0.421400 0.109433 0.060082 0
-0.056276 -0.189785 -0.029959 0
0.310363 0.150346 0.022657 0
0.387868 0.128782 0.053063 0
-0.010409 -0.068415 -0.024203 0
-0.085349 0.189429 -0.195871 0
-0.125342 -0.557370 -0.018245 0
0.273855 0.151249 -0.082784 0
-0.145550 0.171469 0.125636 0
-0.104253 0.157620 0.053622 0
-0.387941 0.149685 0.151232 0
-0.158393 -0.766763 -0.031795 0
0.180527 0.147756 -0.061902 0
0.055004 0.214360 0.128897 0
0.436246 0.105392 0.016145 0
-0.077590 -0.340695 -0.030020 0
0.330634 0.145544 -0.022606 0
0.311230 0.150237 0.000272 0
0.442620 0.106510 -0.038029 0
-0.054660 0.075195 -0.020229 0
-0.162424 -0.877128 -0.037591 0
0.160243 0.143197 -0.074792 0
-0.030823 0.018393 -0.028014 0
-0.301072 0.174263 0.068194 0
-0.492104 0.076206 0.224551 0
0.030146 0.198032 0.082518 0
0.519407 0.060486 0.023079 0
-0.065844 -0.249719 -0.037208 0
-0.156873 -0.961521 -0.036273 0
-0.147730 0.171351 0.111875 0
-0.166017 -0.942687 -0.068406 0
0.597396 -0.008239 0.015101 0
-0.055153 -0.204555 -0.036695 0
0.586918 -0.023504 0.022874 0
0.167913 0.144971 -0.007688 0
-0.331267 0.160776 0.151486 0
0.311330 0.148475 -0.060370 0
-0.138425 -0.620294 -0.039489 0
-0.036675 0.164314 -0.159220 0
0.094060 0.135389 -0.023374 0
-0.112477 0.151840 -0.119745 0
-0.452641 0.122655 0.098071 0
-0.114905 0.161314 0.084830 0
-0.159892 -0.975956 -0.044262 0
-0.059272 0.097187 -0.007276 0
-0.111498 0.201035 -0.302177 0
0.443765 0.088965 0.066626 0
-0.198436 0.180970 0.106272 0
-0.018131 -0.091052 -0.023377 0
-0.005951 0.021596 -0.030435 0
-0.433396 0.127940 0.204613 0
0.484117 0.080132 0.029533 0
0.545712 0.037706 0.030919 0
0.340542 0.147230 0.044959 0
0.342293 0.140733 -0.105441 0
0.000772 0.083580 -0.055690 0
-0.209529 0.181731 0.135400 0
0.028050 0.204092 0.098265 0
-0.433010 0.126831 0.076019 0
0.530902 0.051183 0.031144 0
0.396983 0.125261 -0.097667 0
0.452342 0.102683 -0.015731 0
-0.179934 -0.871041 -0.056904 0
-0.025996 -0.137007 -0.025395 0
-0.473001 0.110836 0.202521 0
-0.178344 -0.921023 -0.065562 0
-0.330818 0.152406 0.196702 0
-0.406754 0.142405 0.189551 0
0.236778 0.154348 -0.067011 0
0.481395 0.083232 0.007507 0
-0.001723 0.129827 -0.122770 0
-0.092367 0.196177 -0.218610 0
-0.413736 0.137324 0.182012 0
-0.036462 0.171785 -0.188004 0
-0.184138 -0.905421 -0.046556 0
-0.413915 0.142835 0.136215 0
-0.130157 0.196794 -0.331354 0
0.491804 0.081174 0.015372 0
-0.308081 0.170822 0.113512 0
-0.339393 0.166432 0.091182 0
0.346449 0.140517 -0.060618 0
0.569484 0.015203 -0.050727 0
-0.084319 -0.410012 -0.028134 0
-0.073613 0.172174 -0.136279 0
0.018953 0.134217 0.001026 0
0.559819 0.020692 0.050797 0
0.103889 0.195329 0.151282 0
-0.111712 0.166865 0.105808 0
-0.346003 0.159659 0.136972 0
0.171380 0.143586 -0.038273 0
0.473292 0.067272 0.068061 0
0.160651 0.149680 0.000662 0
-0.452027 0.127472 0.181613 0
-0.169655 -0.907715 -0.058329 0
-0.405164 0.140462 0.062075 0
-0.452177 0.127024 0.166327 0
-0.129400 -0.567951 -0.038036 0
-0.133239 -0.514116 -0.036333 0
0.041520 0.132599 -0.019367 0
0.000810 0.083538 -0.017763 0
-0.329743 0.169856 0.075107 0
0.550591 0.023352 0.047087 0
0.009255 0.021663 -0.035087 0
0.059114 0.059819 -0.038176 0
-0.173694 -0.861648 -0.044122 0
-0.107105 0.147992 -0.012694 0
-0.179180 -0.880766 -0.065396 0
-0.159233 0.175667 0.031464 0
-0.124410 0.160366 0.058132 0
-0.104884 -0.393804 -0.031136 0
0.006998 0.114921 -0.089352 0
-0.025707 0.111678 -0.229011 0
-0.111681 0.196607 -0.203238 0
-0.069671 -0.304546 -0.036905 0
0.011568 0.200670 0.108717 0
-0.055865 -0.242176 -0.015816 0
0.310897 0.146076 -0.097102 0
-0.045397 -0.220190 -0.022055 0
-0.058709 -0.204841 -0.022868 0
-0.048456 0.177912 -0.188542 0
-0.074318 0.186328 -0.294995 0
-0.236448 0.179492 0.159071 0
-0.161285 -0.870099 -0.044881 0
0.066224 0.210154 0.181545 0
-0.432718 0.136024 0.159011 0
-0.186668 0.171708 0.074865 0
0.519482 0.060191 0.000662 0
-0.452092 0.134072 0.143295 0
-0.085044 0.137904 0.036106 0
-0.176832 -0.932474 -0.040380 0
-0.130927 0.164294 0.090694 0
-0.148526 -0.743143 -0.029024 0
0.331409 0.145104 -0.007139 0
-0.009585 0.104423 -0.075162 0
-0.110252 -0.382645 -0.024956 0
-0.254998 0.178095 0.113401 0
0.569194 0.035746 -0.021546 0
-0.217501 0.171773 0.068206 0
0.579245 -0.007823 0.033879 0
-0.171063 0.183381 -0.035051 0
-0.010228 0.181107 0.121299 0
-0.062910 0.108094 0.017348 0
0.583104 0.014275 -0.037364 0
-0.059777 -0.235034 -0.036778 0
0.493125 0.083775 -0.044049 0
-0.110611 -0.409395 -0.022999 0
-0.156269 -0.725737 -0.032379 0
-0.228304 0.192293 0.008159 0
0.410079 0.121736 -0.114043 0
0.436046 0.112303 -0.105418 0
0.296918 0.143051 -0.033306 0
-0.028052 -0.007753 -0.029404 0
0.302826 0.150147 -0.052669 0
-0.300966 0.161073 0.180913 0
0.276001 0.146471 -0.038052 0
-0.141279 -0.658340 -0.036920 0
-0.054115 0.176218 -0.179970 0
-0.143622 0.172335 0.075900 0
-0.198989 0.194447 -0.015429 0
-0.138476 -0.582841 -0.024335 0
-0.181192 -0.960336 -0.052604 0
-0.321152 0.166459 0.083522 0
-0.006275 0.138610 -0.172615 0
-0.261636 0.166894 0.174167 0
-0.179796 -0.940239 -0.031989 0
-0.012394 0.126951 -0.097587 0
-0.139837 0.178675 0.119673 0
0.132427 0.132532 -0.021214 0
-0.164465 -0.877276 -0.053197 0
0.566399 0.028515 0.036801 0
0.229103 0.155911 -0.112082 0
0.046781 0.203499 0.090957 0
0.114940 0.104854 -0.049511 0
-0.062177 0.090573 0.004818 0
-0.173261 -0.847095 -0.043997 0
-0.123031 0.168509 -0.156495 0
-0.321469 0.162561 0.156960 0
-0.224910 0.180541 0.121296 0
-0.323920 0.166639 0.120919 0
-0.176013 -0.910380 -0.066132 0
-0.160485 0.173966 0.083716 0
-0.206854 0.180579 0.120582 0
-0.177943 -0.876840 -0.046334 0
-0.270083 0.175736 0.121604 0
0.019133 0.125893 -0.011166 0
-0.008198 0.160896 0.027687 0
0.246951 0.156791 -0.029880 0
-0.300454 0.164722 0.165908 0
0.095472 0.195462 0.196474 0
0.447531 0.098871 0.014923 0
-0.224411 0.183852 0.037661 0
-0.131718 -0.559758 -0.044447 0
0.337272 0.139053 0.030446 0
-0.092546 -0.340086 -0.030643 0
0.020179 0.176576 0.043049 0
-0.443817 0.128053 0.204074 0
-0.330494 0.158674 0.113791 0
-0.368354 0.157741 0.060454 0
-0.436311 0.128396 0.188794 0
0.198245 0.152149 -0.059597 0
-0.105384 0.147885 0.016800 0
-0.097944 -0.409071 -0.036767 0
-0.171354 -0.809647 -0.053327 0
-0.492304 0.077205 0.213267 0
-0.263536 0.199996 -0.002035 0
-0.143294 -0.690106 -0.026119 0
-0.026522 0.101431 -0.090479 0
-0.017535 -0.038064 -0.036825 0
0.020073 0.209999 0.136697 0
-0.008929 0.074131 -0.054575 0
0.463027 0.098954 -0.038184 0
-0.097125 0.164675 0.090948 0
-0.073190 -0.273643 -0.035944 0
0.485024 0.083216 -0.060535 0
0.556274 0.043795 -0.038273 0
-0.225762 0.181512 0.083634 0
0.014750 0.206841 0.158959 0
0.057454 0.216989 0.158732 0
-0.016411 0.185323 0.104935 0
-0.103295 0.137044 0.019532 0
-0.063231 -0.222099 -0.022947 0
0.304309 0.151568 0.030479 0
0.001791 0.126494 -0.007178 0
-0.053187 0.139889 -0.083294 0
-0.038001 0.171402 -0.233972 0
0.588119 -0.008457 -0.008669 0
-0.193831 0.179883 0.076100 0
