0.167107 -0.610127 0.199175 0
-0.520606 0.516703 -0.679697 0
-0.090763 0.194100 0.001705 0
0.346314 0.138875 0.376447 0
0.119484 -0.180164 0.109495 0
-0.245336 0.405798 -0.350170 0
0.156243 -0.871586 0.221181 0
0.166537 -0.008771 0.288578 0
-0.415188 0.398025 -0.511337 0
0.063092 0.021520 0.015688 0
0.126403 -0.385933 0.200459 0
-0.213618 0.310580 -0.146025 0
0.307893 0.047941 0.248154 0
-0.064453 0.273103 -0.141163 0
0.216845 -0.069301 0.161342 0
0.121031 -0.136196 0.244282 0
0.203076 -0.738881 0.232627 0
-0.359347 0.363221 -0.398795 0
0.064185 -0.062764 0.113497 0
-0.028125 0.100995 0.064371 0
0.132882 -0.260687 0.222027 0
-0.286307 0.341927 -0.248500 0
-0.423427 0.481726 -0.603655 0
0.243348 0.075525 0.350622 0
0.007184 0.139127 -0.041552 0
0.172554 -0.493250 0.189962 0
-0.166703 0.355583 -0.243120 0
-0.157802 0.258711 -0.062618 0
-0.322014 0.435671 -0.471446 0
0.163931 -0.309151 0.142765 0
-0.035553 0.206832 -0.085605 0
0.016123 0.026981 0.093470 0
0.235176 -0.008711 0.226635 0
-0.132247 0.308651 -0.179918 0
0.162450 -0.135115 0.170415 0
-0.323137 0.356384 -0.323827 0
0.160359 -0.066385 0.227596 0
0.336458 0.105447 0.302401 0
-0.367304 0.457543 -0.539759 0
0.102137 -0.254202 0.133091 0
0.198205 -0.812788 0.250761 0
-0.227700 0.372140 -0.285127 0
0.016137 0.082452 0.006947 0
0.240722 0.030943 0.289717 0
-0.295724 0.408341 -0.405076 0
0.099617 -0.116523 0.079514 0
0.085020 -0.040178 0.047993 0
-0.489942 0.472449 -0.629635 0
0.144684 -0.204527 0.177555 0
-0.449575 0.426730 -0.567507 0
0.196061 -0.669581 0.223153 0
0.161552 -0.430427 0.158950 0
-0.044362 0.141757 0.009972 0
-0.096352 0.243710 -0.087580 0
-0.229367 0.336743 -0.206431 0
-0.372214 0.382459 -0.461193 0
-0.139252 0.278120 -0.122414 0
0.126769 -0.323643 0.208467 0
0.129157 -0.199529 0.237377 0
0.179812 -0.550407 0.212787 0
0.296701 0.105607 0.359860 0
0.292630 0.063905 0.308870 0
0.164167 -0.368094 0.153230 0
0.031999 -0.027354 0.076822 0
-0.045753 0.177605 -0.035862 0
0.159164 -0.252824 0.135852 0
0.081197 -0.142148 0.125301 0
0.011861 0.035698 0.036041 0
-0.118187 0.232342 -0.036507 0
-0.266907 0.361032 -0.320633 0
-0.187202 0.285907 -0.099472 0
-0.293494 0.370729 -0.368287 0
-0.366003 0.425430 -0.498322 0
0.282023 0.012202 0.217040 0
-0.178111 0.329450 -0.191365 0
0.120665 -0.335385 0.151912 0
0.193626 0.026052 0.313606 0
0.245800 -0.034828 0.184520 0
-0.087868 0.285967 -0.183680 0
0.191232 -0.028033 0.240079 0
-0.329262 0.397724 -0.439584 0
0.184510 -0.780866 0.215039 0
-0.076070 0.210501 -0.057551 0
0.145051 -0.279824 0.177368 0
0.136826 -0.161068 0.202798 0
0.202388 -0.855385 0.227705 0
0.179428 -0.091690 0.184001 0
-0.408563 0.452415 -0.567808 0
0.123453 -0.087541 0.250433 0
0.142307 -0.042268 0.265112 0
0.157560 -0.157625 0.129387 0
0.071732 -0.079303 0.070705 0
-0.166529 0.305548 -0.149150 0
0.210777 0.005484 0.265842 0
0.148238 -0.108773 0.212814 0
0.197600 -0.054319 0.202785 0
-0.056077 0.239072 -0.110395 0
-0.006535 0.063729 0.078004 0
0.152295 -0.202757 0.130098 0
0.182853 -0.107634 0.142145 0
-0.020398 0.106255 0.020995 0
-0.456779 0.453130 -0.604782 0
-0.013012 0.173005 -0.064807 0
0.123791 -0.292274 0.135923 0
-0.216856 0.353293 -0.247298 0
0.094628 -0.210803 0.128120 0
0.133260 -0.428496 0.193883 0
-0.483071 0.501243 -0.661573 0
-0.296515 0.354599 -0.289913 0
0.269049 0.029938 0.257595 0
0.037551 0.000768 0.045133 0
0.063603 -0.105121 0.108857 0
-0.142496 0.331194 -0.214256 0
0.177100 -0.705589 0.216075 0
0.048556 0.058919 -0.001710 0
-0.108897 0.287051 -0.148427 0
0.225810 0.048307 0.325324 0
-0.333955 0.359885 -0.367051 0
0.026577 0.106666 -0.023987 0
-0.453015 0.489762 -0.630319 0
-0.392859 0.427410 -0.530349 0
0.345559 0.125271 0.336568 0
0.156221 -0.530025 0.186840 0
0.322557 0.071280 0.277316 0
0.144427 -0.465986 0.183514 0
0.137450 -0.242169 0.186569 0
0.147608 -0.342911 0.181476 0
-0.225026 0.395593 -0.316289 0
-0.191125 0.374955 -0.267010 0
-0.047997 0.131312 0.050596 0
-0.240009 0.320445 -0.173027 0
0.135217 -0.398828 0.165103 0
-0.071253 0.170506 0.024607 0
0.116227 -0.142636 0.101927 0
-0.013991 0.127758 -0.009896 0
-0.005421 0.069248 0.038711 0
-0.267084 0.334641 -0.216812 0
-0.266452 0.412773 -0.380696 0
-0.254743 0.353506 -0.266488 0
0.081848 -0.179019 0.109231 0
-0.096468 0.268628 -0.118319 0
-0.132162 0.260932 -0.089706 0
-0.322577 0.378138 -0.397597 0
0.190844 -0.630406 0.219310 0
0.313426 0.089381 0.326474 0
-0.303102 0.427474 -0.441827 0
0.260083 0.049158 0.314207 0
0.129348 -0.230715 0.134160 0
-0.428994 0.410609 -0.541910 0
0.077345 -0.007028 0.031247 0
0.049903 -0.030830 0.109389 0
-0.402218 0.385910 -0.481243 0
0.170276 -0.654661 0.204905 0
0.044663 -0.058929 0.082203 0
-0.195484 0.343924 -0.217275 0
0.283052 0.077266 0.338965 0
0.074355 -0.135863 0.091791 0
-0.353653 0.375680 -0.430803 0
0.150907 -0.174050 0.163868 0
0.291091 0.049415 0.278290 0
0.129691 -0.218007 0.209012 0
0.261042 -0.010846 0.202690 0
-0.019283 0.157592 -0.029864 0
0.033812 -0.001246 0.098296 0
-0.350770 0.407804 -0.465652 0
-0.094120 0.211230 -0.027994 0
0.195867 -0.817005 0.218151 0
-0.057798 0.169648 -0.005465 0
0.131453 -0.366221 0.154603 0
0.164581 -0.573862 0.195879 0
0.123580 -0.167671 0.233867 0
-0.266714 0.379847 -0.347038 0
-0.208763 0.326380 -0.178875 0
0.129395 -0.292226 0.202768 0
0.242819 0.012131 0.253754 0
0.140439 -0.311307 0.177477 0
0.153522 -0.374763 0.182336 0
0.052834 -0.034220 0.054082 0
0.018340 0.001927 0.070968 0
-0.352520 0.450028 -0.512565 0
0.217920 -0.031369 0.209680 0
0.102757 -0.082299 0.074361 0
0.102386 -0.181931 0.137446 0
0.318037 0.125098 0.371658 0
-0.069085 0.229387 -0.082774 0
0.163233 -0.436371 0.190571 0
0.124011 -0.355002 0.202739 0
-0.244222 0.345258 -0.235466 0
0.164431 -0.398884 0.154165 0
0.188832 -0.595205 0.214831 0
-0.429904 0.452752 -0.589725 0
-0.046919 0.201519 -0.055761 0
-0.296659 0.365227 -0.335841 0
-0.118293 0.242388 -0.066601 0
0.154815 -0.405146 0.187409 0
0.146938 -0.236509 0.158194 0
-0.190336 0.300635 -0.129538 0
0.004133 0.032874 0.065035 0
0.133220 -0.264121 0.146104 0
0.203287 -0.780995 0.238492 0
-0.158560 0.275095 -0.091819 0
0.027381 0.055822 0.020516 0
0.191792 0.010537 0.288622 0
0.193128 -0.842187 0.252207 0
0.323141 0.109158 0.346317 0
0.170267 -0.025429 0.259865 0
-0.139423 0.296005 -0.152510 0
0.157256 -0.280102 0.146368 0
0.193759 -0.087139 0.159447 0
-0.074667 0.190456 -0.021874 0
0.269800 0.095736 0.359522 0
0.221232 -0.049474 0.183684 0
0.072424 -0.105847 0.081785 0
-0.265965 0.359229 -0.292015 0
-0.510063 0.494398 -0.656004 0
0.121773 -0.211138 0.115537 0
-0.288170 0.394812 -0.381459 0
-0.158871 0.318050 -0.174731 0
0.127065 -0.110848 0.234521 0
-0.190577 0.315723 -0.160746 0
-0.385758 0.402570 -0.496193 0
0.002350 0.107697 0.000214 0
0.180718 -0.736213 0.216395 0
0.036706 0.026930 0.027792 0
0.166123 -0.336347 0.146890 0
0.134035 -0.137252 0.216346 0
0.037270 0.081826 -0.011969 0
0.266826 0.037500 0.283993 0
0.177074 -0.759728 0.230965 0
-0.343345 0.437795 -0.489019 0
0.169298 -0.085698 0.208756 0
-0.384717 0.463931 -0.560861 0
0.153183 -0.136233 0.196062 0
0.133795 -0.192005 0.202224 0
0.175740 -0.518497 0.201772 0
0.177342 -0.863163 0.236035 0
0.170989 -0.131145 0.135625 0
0.142355 -0.088249 0.229499 0
-0.247485 0.376927 -0.310671 0
0.097803 -0.161685 0.096120 0
-0.407795 0.475857 -0.582520 0
-0.205495 0.386550 -0.289618 0
0.082596 -0.113278 0.125923 0
0.132189 -0.235558 0.231200 0
0.140268 -0.065361 0.245150 0
0.259472 0.009592 0.231056 0
0.317036 0.076425 0.302883 0
-0.410505 0.432244 -0.549726 0
-0.139072 0.247180 -0.047660 0
0.053767 -0.079911 0.096047 0
-0.165132 0.344223 -0.219157 0
0.182609 -0.799202 0.234042 0
0.292955 0.031067 0.234331 0
-0.315081 0.394421 -0.416562 0
-0.019369 0.076894 0.059244 0
-0.067989 0.280643 -0.165757 0
-0.168045 0.289116 -0.116686 0
-0.060580 0.151011 0.037903 0
0.212938 0.026139 0.296478 0
0.180059 -0.047557 0.227601 0
0.210058 -0.831223 0.234159 0
0.191419 -0.010181 0.259710 0
0.173693 -0.681234 0.208914 0
0.196421 -0.072553 0.183066 0
0.130913 -0.267494 0.196419 0
-0.041951 0.152876 -0.016400 0
-0.078556 0.250412 -0.104543 0
0.139830 -0.316456 0.146556 0
0.066739 -0.054923 0.058931 0
0.094866 -0.061656 0.061833 0
-0.095908 0.225865 -0.060805 0
0.166915 -0.461580 0.194177 0
0.213186 -0.010365 0.246348 0
0.098615 -0.161291 0.121334 0
0.173485 -0.111446 0.165223 0
-0.111802 0.296137 -0.173101 0
0.260130 0.063918 0.334262 0
-0.006440 0.083385 0.017257 0
0.160317 -0.048122 0.244412 0
-0.034571 0.126306 0.026625 0
0.156046 -0.228476 0.134783 0
-0.372383 0.439364 -0.524075 0
0.104380 -0.229821 0.140065 0
0.006847 0.121146 -0.023623 0
0.148106 -0.211702 0.152478 0
0.151595 -0.179792 0.140116 0
-0.252943 0.329229 -0.197628 0
0.143901 -0.343364 0.153590 0
-0.317444 0.361246 -0.347535 0
-0.190224 0.360855 -0.241619 0
-0.376883 0.372270 -0.436002 0
0.198007 -0.718314 0.221343 0
0.166162 -0.110615 0.190072 0
0.169590 -0.549365 0.190670 0
0.196531 -0.693124 0.226604 0
0.144531 -0.442884 0.177427 0
-0.120389 0.266136 -0.109636 0
-0.464976 0.440413 -0.586507 0
-0.472817 0.484620 -0.642305 0
0.018339 0.015416 0.046415 0
0.229315 0.018100 0.273387 0
0.149480 -0.491289 0.185642 0
-0.482569 0.459293 -0.611602 0
-0.465674 0.471435 -0.623294 0
0.153066 -0.154807 0.178494 0
-0.290589 0.422305 -0.422950 0
-0.335855 0.382958 -0.417855 0
-0.428466 0.435356 -0.571656 0
0.157367 -0.149717 0.151130 0
-0.370713 0.402356 -0.478622 0
0.170400 -0.631397 0.208714 0
-0.231179 0.358668 -0.266855 0
-0.352633 0.390076 -0.448630 0
0.183248 -0.573473 0.210137 0
-0.222753 0.342245 -0.228046 0
0.129144 -0.299870 0.158072 0
-0.280815 0.352799 -0.273432 0
-0.112517 0.219733 -0.017552 0
0.116958 -0.271213 0.130014 0
-0.018061 0.088968 0.040009 0
0.056515 -0.011625 0.039062 0
-0.031351 0.185210 -0.058168 0
0.339902 0.125773 0.359147 0
0.116732 -0.249052 0.149542 0
-0.089746 0.277260 -0.141567 0
-0.287248 0.360068 -0.310924 0
0.146006 -0.179468 0.188001 0
-0.069127 0.256537 -0.123991 0
-0.272888 0.391337 -0.365287 0
0.117513 -0.315754 0.141570 0
0.073238 -0.085921 0.115144 0
-0.022388 0.190284 -0.078293 0
-0.033470 0.108848 0.040553 0
0.077275 -0.155808 0.108075 0
0.130406 -0.242765 0.208993 0
-0.152636 0.290453 -0.135239 0
-0.266910 0.343671 -0.237103 0
0.147456 -0.380915 0.160126 0
0.098246 -0.198354 0.110207 0
-0.443313 0.477455 -0.612192 0
0.144905 -0.261206 0.164571 0
0.211049 -0.854923 0.250784 0
-0.042094 0.224875 -0.101035 0
-0.157206 0.326369 -0.197526 0
-0.386164 0.446675 -0.542967 0
0.043815 0.041566 0.010911 0
0.200080 -0.762307 0.227399 0
-0.245387 0.388805 -0.329011 0
0.138362 -0.422711 0.171408 0
-0.313983 0.413074 -0.429361 0
-0.004056 0.052885 0.053126 0
-0.323605 0.422733 -0.453961 0
-0.118556 0.275630 -0.129154 0
-0.135715 0.255719 -0.067352 0
0.133782 -0.405424 0.194329 0
-0.382456 0.419990 -0.511367 0
0.050079 0.010000 0.028858 0
0.332482 0.102190 0.328139 0
-0.075089 0.178454 0.003828 0
-0.004675 0.155754 -0.048224 0
0.037467 -0.042103 0.096044 0
-0.068059 0.194670 -0.041827 0
0.152838 -0.299299 0.158230 0
-0.408620 0.413931 -0.525031 0
-0.302846 0.389449 -0.398021 0
0.289570 0.041129 0.258697 0
-0.134480 0.318473 -0.198668 0
0.163038 -0.474474 0.177639 0
0.200740 -0.036721 0.223162 0
-0.276286 0.418270 -0.398706 0
-0.314268 0.370860 -0.372494 0
0.249857 0.023862 0.271986 0
0.120039 -0.279306 0.152480 0
0.203596 -0.800067 0.229639 0
0.030885 -0.016239 0.059046 0
-0.245957 0.358293 -0.285806 0
0.242382 -0.020176 0.204496 0
0.098714 -0.135941 0.087229 0
0.116261 -0.241869 0.122293 0
-0.338253 0.367938 -0.388300 0
0.189840 -0.649412 0.210734 0
-0.202422 0.331221 -0.198137 0
-0.369311 0.367146 -0.416569 0
0.150923 -0.324349 0.165229 0
0.007834 0.061413 0.024302 0
0.180480 -0.063966 0.209209 0
0.331698 0.088990 0.290884 0
0.139691 -0.360766 0.188350 0
0.126715 -0.186592 0.221567 0
0.277334 0.050576 0.303115 0
-0.308793 0.356366 -0.306278 0
0.001717 0.045603 0.082802 0
-0.051815 0.212439 -0.074585 0
0.131214 -0.336544 0.191760 0
0.242414 0.041184 0.307957 0
0.239951 0.061871 0.335835 0
0.084840 -0.127403 0.111494 0
0.157190 -0.511590 0.197258 0
-0.214149 0.368328 -0.261617 0
-0.356474 0.419732 -0.481373 0
0.303449 0.060073 0.290234 0
0.156777 -0.022534 0.277474 0
0.212656 0.037208 0.314775 0
-0.024255 0.116505 0.004110 0
0.015515 0.096076 -0.009449 0
0.180137 -0.613165 0.216660 0
-0.222844 0.318412 -0.162951 0
0.047583 -0.061200 0.102474 0
0.167746 -0.592788 0.209007 0
0.272990 0.022437 0.239548 0
-0.200259 0.295962 -0.112914 0
0.310910 0.057509 0.265348 0
0.190277 -0.830007 0.234986 0
-0.111722 0.253718 -0.096830 0
0.154110 -0.355369 0.165625 0
0.183505 -0.003340 0.276540 0
-0.032029 0.133085 -0.003697 0
0.136512 -0.217505 0.190493 0
-0.246231 0.339315 -0.216752 0
-0.497881 0.507541 -0.672935 0
0.030781 -0.023004 0.095948 0
0.094594 -0.228917 0.120512 0
-0.088507 0.280792 -0.160806 0
0.042721 -0.047849 0.066279 0
0.130679 -0.280011 0.221042 0
0.085483 -0.093076 0.071095 0
-0.428035 0.425510 -0.554773 0
0.176389 0.003468 0.300021 0
0.030246 0.069864 0.002469 0
0.173826 -0.778400 0.235244 0
0.148272 -0.192574 0.158923 0
0.296194 0.090196 0.344757 0
-0.027453 0.170751 -0.041411 0
0.164004 -0.536156 0.203589 0
0.216709 -0.021251 0.226000 0
0.017261 0.008119 0.089917 0
0.072666 -0.023593 0.039766 0
-0.337475 0.425021 -0.467617 0
0.108283 -0.197380 0.127515 0
0.112450 -0.212504 0.138898 0
-0.269877 0.349471 -0.255557 0
0.157860 -0.392438 0.171170 0
0.275484 0.058478 0.320355 0
-0.281306 0.366890 -0.346939 0
-0.490437 0.489263 -0.648866 0
0.226172 0.001933 0.252591 0
0.189173 -0.799550 0.215370 0
-0.060227 0.177938 -0.022266 0
0.263598 0.081354 0.349007 0
-0.234464 0.329609 -0.189767 0
0.163620 -0.449132 0.176753 0
0.132694 -0.310485 0.194602 0
-0.056200 0.159045 0.009910 0
-0.380814 0.386549 -0.477306 0
-0.007836 0.143509 -0.025330 0
0.144557 -0.224316 0.172170 0
0.128138 -0.255077 0.128111 0
0.140144 -0.297711 0.143038 0
-0.140963 0.272672 -0.104708 0
-0.177392 0.318466 -0.173732 0
0.160399 -0.411514 0.170941 0
0.130461 -0.349206 0.164884 0
-0.098324 0.206302 -0.009899 0
0.130036 -0.217566 0.227717 0
0.057754 -0.067283 0.070397 0
0.328905 0.089845 0.309088 0
0.088256 -0.185008 0.125361 0
0.128962 -0.154263 0.220999 0
0.098837 -0.179079 0.102300 0
-0.049130 0.140006 0.028746 0
0.023494 -0.010468 0.083406 0
0.266845 0.002320 0.214696 0
0.173719 -0.035929 0.242287 0
0.297121 0.075297 0.322385 0
0.176849 -0.661848 0.220299 0
-0.259547 0.403681 -0.366447 0
-0.444240 0.417682 -0.552145 0
0.059872 -0.092995 0.078961 0
-0.221528 0.387762 -0.300261 0
-0.172739 0.276174 -0.080550 0
0.124202 -0.317861 0.158244 0
0.139633 -0.385946 0.188178 0
0.070259 -0.118179 0.098346 0
-0.152395 0.308706 -0.160767 0
-0.133580 0.283321 -0.141227 0
0.119816 -0.162306 0.107818 0
-0.334281 0.357248 -0.342917 0
-0.469001 0.499993 -0.650565 0
-0.336960 0.408199 -0.454331 0
-0.037554 0.114317 0.057049 0
0.105742 -0.099826 0.081001 0
-0.210767 0.304192 -0.129608 0
-0.344801 0.369362 -0.410551 0
-0.183970 0.307709 -0.146254 0
-0.101261 0.221497 -0.040622 0
0.241655 0.003593 0.238261 0
-0.146148 0.264263 -0.078852 0
-0.442930 0.463378 -0.600817 0
-0.233735 0.349324 -0.250598 0
-0.110604 0.233666 -0.053361 0
-0.389486 0.378990 -0.461124 0
0.070919 0.007543 0.023003 0
0.113786 -0.126578 0.095147 0
0.126248 -0.305518 0.213862 0
-0.096097 0.257326 -0.103957 0
0.142143 -0.367585 0.171110 0
-0.295561 0.345965 -0.266891 0
-0.301289 0.381668 -0.379530 0
-0.473233 0.450395 -0.599506 0
0.136149 -0.280454 0.139583 0
0.166478 -0.129727 0.152453 0
0.140881 -0.261185 0.183576 0
-0.405828 0.391858 -0.497213 0
0.209501 0.016071 0.282689 0
-0.083175 0.227608 -0.072517 0
0.212930 -0.045232 0.198331 0
0.178429 -0.586478 0.196898 0
0.209992 -0.836657 0.250602 0
0.008613 0.021878 0.077621 0
0.192191 -0.686566 0.211195 0
0.345375 0.112817 0.323779 0
0.169129 -0.511111 0.184814 0
-0.026777 0.144721 -0.016573 0
0.134982 -0.330548 0.163375 0
0.157732 -0.480386 0.196075 0
-0.397701 0.465402 -0.572000 0
-0.155456 0.345717 -0.234854 0
-0.258553 0.377935 -0.328980 0
0.156586 -0.084454 0.220071 0
-0.082432 0.265827 -0.129240 0
0.191722 -0.749221 0.216974 0
0.183877 -0.680995 0.226474 0
0.131090 -0.379989 0.164683 0
0.184156 -0.077662 0.193620 0
-0.448485 0.442469 -0.589925 0
-0.207586 0.348074 -0.234081 0
0.056531 -0.047658 0.113324 0
-0.426447 0.404187 -0.526449 0
-0.250707 0.349326 -0.250568 0
0.303085 0.116722 0.370905 0
-0.415450 0.460875 -0.584118 0
0.123375 -0.193087 0.121380 0
0.104895 -0.216663 0.115275 0
-0.302856 0.367640 -0.352862 0
0.137504 -0.292446 0.185448 0
0.144085 -0.124601 0.209283 0
-0.192213 0.325223 -0.181075 0
0.152825 -0.428277 0.180287 0
0.173373 -0.530277 0.190150 0
0.254961 0.037802 0.297494 0
0.186378 -0.730527 0.230970 0
0.067446 -0.039920 0.048704 0
-0.183527 0.338115 -0.204422 0
-0.366638 0.382363 -0.444352 0
-0.054799 0.223554 -0.088742 0
-0.081148 0.204484 -0.039492 0
-0.500665 0.481778 -0.638274 0
-0.146414 0.315852 -0.185350 0
0.199419 -0.837007 0.222933 0
0.226297 -0.035674 0.196143 0
-0.253498 0.391717 -0.347607 0
-0.310724 0.432178 -0.457970 0
0.085626 -0.124169 0.083522 0
-0.428750 0.468601 -0.593875 0
-0.349590 0.359534 -0.379915 0
0.137926 -0.327410 0.179417 0
-0.277223 0.368502 -0.330979 0
0.013613 0.031512 0.051775 0
0.079319 -0.065884 0.059051 0
0.127541 -0.127578 0.232014 0
-0.183239 0.353293 -0.228965 0
-0.100958 0.234761 -0.073511 0
0.211476 -0.061130 0.177837 0
0.153598 -0.449423 0.191958 0
0.191035 -0.813792 0.234128 0
-0.180814 0.365575 -0.254003 0
0.254629 -0.023427 0.192013 0
0.156723 -0.117272 0.201875 0
-0.046741 0.168944 -0.021687 0
0.136613 -0.116846 0.221383 0
0.184367 -0.624423 0.204572 0
0.248615 -0.000643 0.222995 0
0.256573 0.019109 0.249204 0
-0.118696 0.249948 -0.080784 0
-0.167289 0.297309 -0.135419 0
-0.237564 0.401061 -0.335689 0
-0.236310 0.376762 -0.297793 0
-0.278841 0.404185 -0.390461 0
0.185606 -0.668158 0.208500 0
0.183544 -0.098208 0.164799 0
0.113768 -0.298823 0.146497 0
-0.126761 0.299168 -0.161707 0
-0.017880 0.081287 0.074470 0
0.311683 0.099689 0.340626 0
-0.209100 0.336723 -0.213280 0
0.026822 0.000117 0.057659 0
-0.010858 0.096988 0.010399 0
0.134440 -0.080041 0.240515 0
0.034726 0.042286 0.024499 0
0.107117 -0.282145 0.135746 0
0.150845 -0.254772 0.149111 0
-0.152841 0.280894 -0.111034 0
-0.207616 0.316658 -0.159266 0
0.184688 0.015294 0.306288 0
0.178737 -0.567001 0.196522 0
0.180163 -0.642697 0.221108 0
0.142633 -0.405266 0.177333 0
0.183764 -0.606540 0.202914 0
0.123041 -0.148941 0.234501 0
0.084278 -0.149379 0.095619 0
0.190250 -0.854976 0.239472 0
0.168746 -0.097985 0.199079 0
0.235236 -0.044640 0.178511 0
-0.184895 0.293585 -0.116755 0
0.196160 -0.734323 0.217977 0
0.330164 0.133524 0.376611 0
0.163340 -0.555364 0.203591 0
0.145887 -0.052005 0.250793 0
-0.037335 0.196765 -0.066986 0
-0.358440 0.438805 -0.503662 0
0.191944 -0.749565 0.233977 0
0.173131 -0.866808 0.221598 0
0.284071 0.094151 0.353490 0
-0.101851 0.289654 -0.161905 0
-0.085107 0.200675 -0.016926 0
0.020246 0.119454 -0.031012 0
0.080791 -0.111127 0.110800 0
-0.393479 0.409339 -0.510247 0
0.192409 -0.705258 0.214884 0
-0.076381 0.239761 -0.091400 0
0.128936 -0.349641 0.149643 0
0.130944 -0.173770 0.209001 0
0.225335 -0.059499 0.171559 0
0.226898 -0.005430 0.239078 0
0.144926 -0.293932 0.171504 0
0.159964 -0.128745 0.184065 0
-0.088889 0.214501 -0.047997 0
-0.033102 0.164212 -0.028845 0
0.129162 -0.204298 0.215619 0
-0.258719 0.364033 -0.304514 0
-0.121759 0.309318 -0.190929 0
0.081654 -0.160840 0.121755 0
-0.165522 0.336631 -0.205980 0
0.070143 -0.129803 0.108413 0
0.315524 0.114751 0.358230 0
0.107113 -0.267249 0.140893 0
0.251524 0.053642 0.325906 0
0.060334 -0.098209 0.095761 0
0.192034 -0.793511 0.244427 0
-0.514110 0.504591 -0.666390 0
0.179399 -0.536121 0.202705 0
0.150533 -0.274128 0.158499 0
0.035717 0.014541 0.036359 0
0.092899 -0.148857 0.132072 0
0.132552 -0.060615 0.257214 0
0.227072 0.031345 0.296471 0
-0.278706 0.379352 -0.358333 0
0.043540 -0.021514 0.052905 0
0.196498 -0.785498 0.222729 0
0.215060 -0.854476 0.235610 0
0.189866 -0.083706 0.175601 0
-0.208660 0.376536 -0.272815 0
-0.401993 0.445542 -0.556298 0
0.166688 -0.354345 0.148001 0
-0.083514 0.258121 -0.116316 0
-0.323600 0.412579 -0.443038 0
0.192938 -0.048357 0.215605 0
0.204985 -0.025410 0.234147 0
0.101141 -0.178758 0.121372 0
0.163339 -0.867785 0.233673 0
0.162662 -0.498962 0.179239 0
-0.159883 0.268478 -0.073578 0
0.116317 -0.198160 0.109394 0
0.077791 -0.099175 0.119912 0
0.143916 -0.242255 0.171495 0
0.158047 -0.317387 0.153562 0
0.056648 0.034238 0.010138 0
-0.280755 0.358317 -0.297743 0
0.228396 -0.022146 0.214510 0
0.085369 -0.079142 0.065036 0
-0.237939 0.388394 -0.316270 0
0.161365 -0.293626 0.142122 0
0.126581 -0.185086 0.238954 0
-0.421722 0.446373 -0.578774 0
-0.011670 0.065455 0.052050 0
0.121771 -0.103591 0.246188 0
0.131372 -0.229932 0.196483 0
0.157454 -0.342388 0.159253 0
-0.306806 0.408625 -0.417306 0
-0.041504 0.188644 -0.048107 0
0.007932 0.074835 0.018313 0
0.056576 -0.074863 0.110093 0
-0.124997 0.285910 -0.152855 0
-0.131743 0.237951 -0.035926 0
0.024245 0.027874 0.035807 0
-0.441204 0.435581 -0.579248 0
0.011065 0.108815 -0.016962 0
0.276158 0.037386 0.267981 0
-0.078188 0.188620 -0.006213 0
-0.343536 0.384842 -0.436026 0
-0.069193 0.218964 -0.067266 0
0.085706 -0.110121 0.077581 0
-0.366712 0.413389 -0.490157 0
-0.308884 0.359304 -0.323403 0
0.166231 -0.117631 0.177081 0
0.205170 -0.004642 0.257043 0
-0.321100 0.364640 -0.361277 0
-0.455935 0.468522 -0.612954 0
-0.215696 0.331886 -0.192340 0
-0.284142 0.415188 -0.410496 0
0.153154 -0.059892 0.239905 0
-0.062273 0.207454 -0.054351 0
-0.326619 0.394177 -0.425302 0
-0.025989 0.090953 0.051932 0
0.156828 -0.460883 0.171799 0
-0.170771 0.312014 -0.162637 0
-0.060583 0.153348 0.022413 0
0.163204 -0.142411 0.140111 0
-0.082326 0.186624 0.013237 0
0.124002 -0.229811 0.120810 0
-0.326549 0.368960 -0.379761 0
-0.047787 0.153301 -0.003250 0
-0.125283 0.244195 -0.054154 0
0.002614 0.053001 0.034744 0
0.147146 -0.155454 0.194491 0
0.203691 -0.060081 0.189886 0
0.139051 -0.101981 0.226816 0
0.049929 0.025272 0.020085 0
-0.465193 0.495327 -0.636504 0
0.163693 -0.036597 0.252544 0
0.161968 -0.417892 0.184124 0
0.030510 0.094430 -0.017591 0
-0.005054 0.051330 0.070929 0
0.203820 -0.072600 0.170770 0
-0.415309 0.420912 -0.542348 0
-0.496556 0.496379 -0.661338 0
0.110049 -0.112650 0.088549 0
0.014028 0.014319 0.065198 0
-0.167949 0.282691 -0.103884 0
-0.273769 0.401817 -0.375086 0
-0.364455 0.451283 -0.524352 0
0.127333 -0.072512 0.251201 0
0.015057 0.047713 0.028946 0
-0.250400 0.323789 -0.184643 0
0.186418 -0.785012 0.233871 0
0.186139 -0.768883 0.222642 0
0.099607 -0.241973 0.123388 0
0.042950 -0.018824 0.106030 0
0.198035 0.002310 0.271437 0
0.338621 0.110353 0.338103 0
-0.371577 0.432019 -0.511876 0
-0.153995 0.297989 -0.147267 0
0.282971 0.103302 0.364360 0
0.310876 0.081281 0.315041 0
-0.068147 0.178520 -0.009580 0
0.157464 -0.150137 0.165362 0
0.093355 -0.148737 0.117187 0
0.157347 -0.030034 0.265397 0
0.124292 -0.214029 0.131161 0
0.074161 -0.123508 0.120767 0
0.191824 -0.098576 0.148443 0
-0.102396 0.276023 -0.135196 0
-0.060699 0.184069 -0.035079 0
-0.415123 0.439095 -0.561262 0
-0.288169 0.383621 -0.372741 0
0.210254 -0.818438 0.228025 0
0.035466 0.057506 0.009004 0
0.088170 -0.198338 0.120578 0
0.008599 0.094403 0.006159 0
0.141524 -0.192772 0.189769 0
0.149989 -0.075658 0.230124 0
0.140037 -0.330485 0.148278 0
0.153697 -0.167151 0.146063 0
0.063927 -0.003062 0.029312 0
0.037841 -0.040620 0.077388 0
-0.196240 0.367132 -0.252746 0
-0.077157 0.277669 -0.147920 0
0.285211 0.067007 0.325913 0
-0.367657 0.394807 -0.466192 0
-0.015086 0.094604 0.026844 0
0.158113 -0.099525 0.208964 0
-0.441665 0.488760 -0.622078 0
0.118095 -0.227081 0.141768 0
0.079672 -0.053179 0.053070 0
0.180724 -0.026154 0.249534 0
0.133171 -0.280239 0.191030 0
0.150136 -0.199364 0.146175 0
0.157900 -0.267139 0.141117 0
-0.306239 0.376774 -0.393152 0
0.057422 -0.023837 0.045928 0
0.170306 -0.568220 0.209635 0
0.163790 -0.499760 0.200693 0
0.092083 -0.167531 0.131993 0
0.175954 -0.103360 0.176335 0
0.142184 -0.386601 0.171716 0
0.280015 0.046607 0.290043 0
-0.015473 0.169622 -0.048368 0
0.127131 -0.367355 0.197193 0
0.136162 -0.442248 0.188491 0
0.170642 -0.073155 0.214563 0
0.052361 -0.079483 0.082244 0
0.254642 0.030857 0.283906 0
0.106972 -0.151710 0.093125 0
-0.040571 0.120738 0.039739 0
0.085793 -0.026503 0.043136 0
-0.383327 0.376581 -0.448944 0
0.183380 -0.711888 0.226675 0
0.229786 0.041665 0.313582 0
0.020094 0.070231 0.013615 0
0.243410 -0.011146 0.214914 0
-0.377892 0.459194 -0.548488 0
0.007315 0.043657 0.049817 0
-0.330402 0.440774 -0.485248 0
-0.153156 0.338554 -0.222961 0
-0.044405 0.232756 -0.114086 0
0.283480 0.020512 0.227927 0
-0.478139 0.464527 -0.623535 0
0.317203 0.070462 0.289967 0
0.133503 -0.205521 0.196540 0
0.198173 -0.017854 0.246198 0
0.299161 0.050382 0.265708 0
0.141535 -0.310636 0.158891 0
0.151338 -0.216638 0.139911 0
0.170504 -0.473884 0.189265 0
-0.280084 0.339367 -0.236552 0
0.143046 -0.142292 0.202995 0
0.286069 0.033899 0.245820 0
0.092292 -0.211456 0.114107 0
0.169845 -0.017328 0.270873 0
0.205760 -0.079399 0.159074 0
-0.063480 0.237020 -0.099094 0
0.177751 -0.642136 0.204549 0
-0.067972 0.247621 -0.113723 0
0.076702 -0.142216 0.107001 0
0.186878 -0.806078 0.245689 0
0.148955 -0.417814 0.188213 0
0.131064 -0.092444 0.235889 0
0.161864 -0.436790 0.171246 0
0.132738 -0.246472 0.223062 0
0.037407 -0.034828 0.065064 0
0.129865 -0.261736 0.208789 0
0.198340 -0.831194 0.246116 0
-0.376843 0.414575 -0.499159 0
-0.034333 0.133188 0.013286 0
0.147556 -0.186210 0.170908 0
0.186552 -0.719879 0.214214 0
0.106214 -0.244011 0.141084 0
-0.222633 0.367349 -0.272836 0
-0.354031 0.430166 -0.492450 0
-0.198268 0.312140 -0.150185 0
0.059749 -0.092171 0.108353 0
0.288937 0.055565 0.298329 0
0.144647 -0.363664 0.155937 0
0.149875 -0.868191 0.232825 0
-0.257723 0.356341 -0.279337 0
-0.258710 0.371059 -0.316855 0
-0.075370 0.283609 -0.179231 0
0.211671 0.043473 0.326657 0
0.121207 -0.122780 0.245436 0
0.332465 0.116836 0.352356 0
0.130766 -0.242783 0.139951 0
0.026604 0.013806 0.097762 0
0.173588 -0.116900 0.152964 0
0.153555 -0.361607 0.177491 0
0.136830 -0.287586 0.151193 0
0.023406 0.085303 -0.008187 0
-0.169040 0.323977 -0.183147 0
0.137050 -0.174513 0.197090 0
0.163821 -0.417254 0.158335 0
0.086686 -0.191552 0.109146 0
0.197590 0.019496 0.296641 0
0.191096 -0.066571 0.196228 0
0.131431 -0.248867 0.196395 0
0.085884 -0.168310 0.102445 0
-0.216964 0.381395 -0.285286 0
-0.477428 0.476429 -0.631741 0
-0.146392 0.269777 -0.091091 0
0.241391 0.047864 0.319562 0
-0.391666 0.434666 -0.541644 0
0.345689 0.131421 0.348621 0
-0.263676 0.395034 -0.355432 0
0.197729 -0.856561 0.250295 0
0.338479 0.102192 0.315082 0
0.072919 -0.092942 0.076738 0
0.298487 0.083122 0.333851 0
0.129381 -0.229609 0.215297 0
-0.064014 0.169538 0.008213 0
0.153900 -0.466693 0.192656 0
0.164844 -0.587042 0.195742 0
0.162780 -0.380424 0.157655 0
-0.175249 0.281001 -0.093066 0
0.154816 -0.142600 0.183085 0
0.175012 -0.504976 0.196233 0
0.130668 -0.267368 0.132053 0
-0.055343 0.195330 -0.047786 0
0.177498 -0.694006 0.222272 0
0.204573 -0.817956 0.240495 0
0.148569 -0.412408 0.165293 0
-0.143083 0.309557 -0.169996 0
-0.110467 0.223980 -0.029953 0
0.050177 -0.067930 0.089976 0
0.306024 0.069384 0.303759 0
-0.119626 0.279807 -0.141522 0
0.028521 -0.011937 0.071185 0
-0.096443 0.284767 -0.172775 0
-0.144983 0.254894 -0.058153 0
-0.295780 0.361907 -0.323221 0
0.255035 0.072497 0.344628 0
0.161764 -0.561009 0.191905 0
-0.335780 0.374086 -0.399567 0
-0.022437 0.089268 0.065103 0
-0.394033 0.416745 -0.520981 0
-0.375710 0.450346 -0.532851 0
0.127635 -0.292722 0.215898 0
0.150307 -0.167447 0.176939 0
0.172598 -0.667632 0.209022 0
-0.303865 0.397012 -0.410485 0
0.141995 -0.230324 0.183670 0
0.097257 -0.198285 0.134341 0
0.157150 -0.367949 0.164457 0
-0.302904 0.418969 -0.425405 0
0.298049 0.039766 0.245906 0
0.221428 0.023038 0.287166 0
0.126811 -0.172910 0.221269 0
-0.239101 0.348420 -0.266208 0
0.185947 -0.698541 0.231782 0
0.312512 0.063106 0.277934 0
0.205947 -0.843517 0.234133 0
-0.356920 0.363417 -0.416753 0
0.063663 -0.110752 0.090052 0
0.133097 -0.323370 0.193487 0
0.147690 -0.436409 0.189037 0
-0.300278 0.348699 -0.278585 0
-0.011975 0.119435 0.001457 0
0.318070 0.068651 0.265511 0
0.151475 -0.242233 0.146181 0
-0.011250 0.063764 0.064822 0
0.137066 -0.348247 0.186596 0
0.169275 -0.618635 0.209844 0
0.170687 -0.061798 0.221491 0
0.156846 -0.442283 0.160776 0
-0.345746 0.426550 -0.479548 0
-0.309739 0.362246 -0.337328 0
0.227424 0.056482 0.335076 0
-0.484292 0.478223 -0.642427 0
0.069543 -0.074118 0.110918 0
0.087418 -0.131106 0.127020 0
-0.166976 0.349523 -0.230830 0
0.141883 -0.343082 0.166201 0
0.071146 -0.110052 0.120091 0
0.044041 -0.045638 0.106374 0
-0.344632 0.446079 -0.503371 0
-0.029393 0.201269 -0.075855 0
-0.390086 0.378165 -0.474959 0
0.192704 -0.773958 0.234075 0
-0.466083 0.458757 -0.611378 0
-0.035533 0.145306 -0.004018 0
-0.195923 0.352461 -0.229248 0
0.100737 -0.217893 0.137693 0
0.146433 -0.210193 0.164946 0
-0.246643 0.369575 -0.296382 0
0.011353 0.127467 -0.035123 0
-0.120570 0.303569 -0.179728 0
-0.031684 0.114006 0.027033 0
-0.083690 0.237040 -0.081467 0
0.177927 -0.625305 0.219338 0
0.123313 -0.343269 0.207350 0
-0.313687 0.388123 -0.404342 0
0.147574 -0.223908 0.158060 0
0.150529 -0.312493 0.169489 0
0.150766 -0.179914 0.152715 0
0.167038 -0.124606 0.165191 0
0.154795 -0.160850 0.159293 0
0.086126 -0.173380 0.121020 0
0.155731 -0.510176 0.184831 0
-0.257376 0.342022 -0.229053 0
-0.000084 0.116775 -0.014070 0
0.192636 -0.843885 0.234025 0
-0.033047 0.102535 0.052893 0
0.129022 -0.280135 0.208579 0
0.006488 0.032574 0.083869 0
-0.350352 0.397380 -0.458598 0
-0.084171 0.218511 -0.062854 0
0.199126 -0.805546 0.240022 0
0.147730 -0.399541 0.164369 0
-0.316458 0.376544 -0.385865 0
-0.108877 0.269460 -0.116642 0
-0.199019 0.381926 -0.279929 0
0.147035 -0.167108 0.189620 0
0.176336 -0.598988 0.215640 0
-0.064827 0.278290 -0.153905 0
0.128924 -0.242633 0.127531 0
0.042799 0.069300 -0.005540 0
-0.314853 0.424467 -0.444712 0
0.117072 -0.261471 0.150538 0
0.169586 -0.045065 0.234892 0
-0.442334 0.452871 -0.592950 0
-0.320297 0.355164 -0.310898 0
0.197114 -0.705533 0.226824 0
-0.022258 0.100224 0.036915 0
0.155708 -0.380226 0.171274 0
-0.013009 0.076058 0.045754 0
-0.392606 0.453007 -0.559399 0
0.142019 -0.398780 0.187862 0
0.188067 -0.651173 0.225427 0
-0.308520 0.352099 -0.291504 0
-0.342947 0.395191 -0.442924 0
0.176740 -0.586398 0.214539 0
-0.175527 0.343191 -0.212587 0
0.263892 0.032231 0.273231 0
0.182297 -0.556760 0.202406 0
-0.362883 0.367532 -0.430080 0
0.151288 -0.336935 0.171274 0
0.344296 0.137149 0.360931 0
0.175681 -0.086036 0.196730 0
-0.153317 0.287632 -0.123279 0
0.291492 0.112635 0.370347 0
-0.415868 0.471483 -0.590670 0
0.204949 -0.793859 0.240140 0
-0.206867 0.362426 -0.248910 0
0.130689 -0.304660 0.139575 0
-0.385832 0.396214 -0.485753 0
0.183403 -0.742266 0.226666 0
-0.462719 0.482369 -0.629801 0
0.323602 0.094384 0.321996 0
-0.088764 0.248522 -0.095765 0
0.199806 -0.824596 0.227231 0
-0.280372 0.355945 -0.285833 0
-0.053990 0.140349 0.039865 0
-0.014242 0.107953 0.004607 0
-0.433519 0.474026 -0.605938 0
0.306473 0.106477 0.352754 0
0.202869 -0.775422 0.227665 0
0.177752 -0.787177 0.222849 0
0.240883 -0.027979 0.195372 0
0.266510 0.072077 0.340880 0
0.113015 -0.173364 0.101910 0
0.228835 0.010086 0.264382 0
-0.146566 0.320714 -0.197541 0
-0.041829 0.215606 -0.090939 0
0.266507 0.041031 0.296485 0
-0.128179 0.273208 -0.122356 0
-0.042418 0.131555 0.034823 0
0.253814 0.086918 0.353230 0
-0.190722 0.329409 -0.196083 0
0.110548 -0.261380 0.127445 0
-0.379111 0.428855 -0.520674 0
-0.068463 0.161272 0.031747 0
0.160071 -0.423496 0.171315 0
0.275620 0.083091 0.346348 0
0.151223 -0.286059 0.158675 0
0.096873 -0.072696 0.065943 0
0.176678 -0.121537 0.139880 0
0.186725 -0.037201 0.233881 0
-0.297056 0.357480 -0.304341 0
-0.001948 0.133695 -0.028742 0
0.135257 -0.410424 0.167957 0
0.141539 -0.374164 0.188046 0
0.148329 -0.430073 0.169389 0
-0.360497 0.404369 -0.472837 0
0.150745 -0.230348 0.146268 0
-0.021129 0.181632 -0.063099 0
0.106382 -0.230050 0.119365 0
0.148480 -0.248287 0.158835 0
0.206955 -0.041877 0.208046 0
0.130509 -0.324900 0.143891 0
-0.005641 0.076855 0.027151 0
-0.238330 0.363889 -0.278631 0
-0.234234 0.340077 -0.216700 0
0.154708 -0.386462 0.183697 0
0.163387 -0.486266 0.178523 0
0.164464 -0.524344 0.203122 0
-0.032491 0.121650 0.015132 0
-0.274096 0.337136 -0.226001 0
0.190601 -0.618423 0.215077 0
-0.320937 0.358759 -0.335890 0
0.042288 -0.010823 0.048045 0
-0.479019 0.495058 -0.646782 0
0.140749 -0.355157 0.177806 0
0.186062 -0.856123 0.251777 0
0.241675 0.015840 0.264850 0
-0.042299 0.205568 -0.074990 0
-0.139969 0.286681 -0.131971 0
-0.419468 0.413994 -0.533833 0
0.155505 -0.493182 0.195643 0
-0.385329 0.439617 -0.533118 0
0.136530 -0.417778 0.190573 0
0.252300 0.020076 0.260034 0
0.138417 -0.452244 0.182901 0
0.187431 -0.636994 0.208553 0
-0.336398 0.358127 -0.354359 0
0.091141 -0.052591 0.055117 0
-0.246977 0.378975 -0.322950 0
-0.042497 0.133503 0.021587 0
0.073012 -0.123213 0.088211 0
0.157492 -0.328846 0.155457 0
0.051644 -0.057493 0.068987 0
-0.012315 0.137806 -0.016266 0
-0.372115 0.372635 -0.447530 0
0.051754 0.046728 0.004200 0
0.162858 -0.054496 0.234837 0
-0.436850 0.487349 -0.611648 0
-0.257515 0.334245 -0.210341 0
0.149005 -0.098103 0.217186 0
-0.224504 0.346550 -0.241874 0
-0.130584 0.266862 -0.104281 0
0.130272 -0.361428 0.165029 0
-0.034684 0.181897 -0.041708 0
0.147871 -0.034534 0.271533 0
-0.402282 0.426238 -0.536808 0
0.125178 -0.288821 0.156343 0
0.160031 -0.543007 0.190595 0
0.022468 0.038255 0.031257 0
0.057972 -0.047584 0.059589 0
-0.293771 0.396426 -0.397858 0
0.097589 -0.098012 0.073174 0
0.192495 -0.661986 0.215235 0
0.060643 -0.079774 0.073484 0
-0.456358 0.431778 -0.575204 0
0.123571 -0.280098 0.132852 0
0.000323 0.056859 0.084190 0
0.197848 -0.724390 0.231016 0
-0.396910 0.391314 -0.490095 0
-0.246025 0.355813 -0.273485 0
-0.078556 0.274206 -0.137141 0
0.303232 0.056555 0.278924 0
0.190804 -0.762685 0.234011 0
0.189653 -0.818115 0.245434 0
-0.352848 0.374352 -0.416838 0
-0.230963 0.325810 -0.179650 0
-0.124281 0.290150 -0.141744 0
0.028280 -0.010970 0.096442 0
0.183088 0.003422 0.287144 0
0.196705 -0.806437 0.222153 0
0.112868 -0.286147 0.147015 0
0.172721 -0.649854 0.214851 0
0.136081 -0.148963 0.208909 0
0.126868 -0.140770 0.227681 0
0.028261 0.007183 0.045781 0
-0.047930 0.163047 -0.008973 0
0.087451 -0.134883 0.086620 0
0.176950 -0.599235 0.197630 0
0.182594 -0.654502 0.203721 0
0.132668 -0.162827 0.213145 0
0.203395 0.028491 0.308507 0
-0.152986 0.332574 -0.210331 0
-0.198836 0.335381 -0.208792 0
-0.138759 0.304245 -0.160188 0
0.128889 -0.205177 0.227614 0
0.090209 -0.136007 0.116425 0
0.194374 -0.680605 0.221542 0
0.200306 -0.849732 0.241723 0
-0.322158 0.385723 -0.417566 0
0.137266 -0.304364 0.185724 0
-0.231191 0.387345 -0.305977 0
-0.195928 0.305737 -0.137833 0
0.176902 -0.691776 0.211287 0
0.166852 -0.486489 0.198409 0
-0.267265 0.377182 -0.336004 0
-0.329575 0.375630 -0.412164 0
-0.083634 0.201927 -0.028880 0
-0.221926 0.359668 -0.260639 0
0.157993 -0.154651 0.140164 0
0.183786 -0.668926 0.225490 0
-0.167306 0.330831 -0.193904 0
0.180129 -0.019461 0.258475 0
0.180895 -0.106346 0.153081 0
-0.032138 0.153294 -0.021731 0
0.119379 -0.305333 0.153632 0
0.164947 -0.523184 0.185569 0
-0.112325 0.293730 -0.162232 0
0.148374 -0.324150 0.177352 0
0.239854 0.021329 0.276140 0
-0.229264 0.313836 -0.155122 0
0.269100 0.014209 0.228023 0
0.150907 -0.480671 0.182738 0
0.151549 -0.192422 0.134074 0
0.202981 -0.754143 0.234331 0
-0.342641 0.414408 -0.461994 0
-0.280330 0.347678 -0.258798 0
-0.315908 0.402162 -0.428947 0
-0.297347 0.414753 -0.416799 0
-0.175576 0.356268 -0.236381 0
0.066699 -0.117142 0.108748 0
-0.214855 0.334976 -0.204020 0
-0.334623 0.385673 -0.429592 0
0.276283 0.069998 0.334218 0
0.223852 0.035626 0.306576 0
-0.180958 0.301203 -0.135235 0
-0.218559 0.306299 -0.137195 0
-0.271560 0.354757 -0.279382 0
-0.233616 0.343369 -0.229233 0
-0.432515 0.446363 -0.580791 0
-0.202255 0.300215 -0.122837 0
0.154959 -0.869889 0.210419 0
-0.406751 0.465310 -0.579137 0
0.142031 -0.300049 0.156136 0
-0.289257 0.405450 -0.393625 0
0.133265 -0.297971 0.194299 0
0.144799 -0.273957 0.167809 0
-0.012319 0.151597 -0.035770 0
-0.036137 0.174540 -0.031688 0
0.149029 -0.455701 0.177409 0
-0.055829 0.208741 -0.065134 0
0.254512 -0.004547 0.214684 0
-0.140108 0.294179 -0.141786 0
0.200787 0.032390 0.318822 0
-0.102272 0.278412 -0.148116 0
-0.210548 0.340342 -0.227007 0
0.075044 -0.135745 0.119004 0
-0.343821 0.357837 -0.362945 0
0.107694 -0.204612 0.110945 0
-0.272483 0.352043 -0.266502 0
0.262725 0.017084 0.238211 0
0.125689 -0.205060 0.125228 0
0.001582 0.146756 -0.046840 0
0.156826 -0.242333 0.134444 0
0.013916 0.017722 0.086176 0
0.132491 -0.253474 0.139820 0
0.323447 0.101381 0.334036 0
0.324932 0.122346 0.363788 0
0.107252 -0.192808 0.106907 0
0.134112 -0.393380 0.193760 0
-0.410052 0.406596 -0.517218 0
0.235552 -0.035500 0.189727 0
-0.455952 0.477235 -0.623119 0
0.168262 -0.605667 0.208947 0
-0.307076 0.416526 -0.436915 0
0.164095 -0.323791 0.147323 0
0.132921 -0.380006 0.194182 0
0.001459 0.042801 0.069827 0
-0.311002 0.368743 -0.359843 0
-0.337146 0.434296 -0.479893 0
0.179997 -0.056665 0.217118 0
0.137138 -0.050217 0.260024 0
0.185695 -0.805905 0.223323 0
0.003541 0.086786 0.011821 0
0.236514 0.005611 0.248020 0
-0.287307 0.371322 -0.354650 0
0.140393 -0.205024 0.188342 0
-0.176563 0.348235 -0.222304 0
0.180215 -0.724359 0.221569 0
0.067472 -0.128703 0.095699 0
-0.005528 0.127121 -0.016342 0
0.179985 -0.073811 0.202636 0
-0.253865 0.384042 -0.336337 0
0.105813 -0.185955 0.127674 0
0.269081 -0.004183 0.204761 0
-0.239661 0.335289 -0.204219 0
-0.328888 0.371526 -0.391820 0
-0.050769 0.149649 0.020740 0
0.112771 -0.273469 0.147375 0
-0.105131 0.295301 -0.181313 0
-0.202322 0.370947 -0.260561 0
-0.270481 0.363467 -0.310943 0
-0.012395 0.071837 0.074479 0
-0.400239 0.434644 -0.548589 0
0.216767 -0.013871 0.237016 0
-0.365040 0.441361 -0.516708 0
0.189639 -0.058655 0.209314 0
0.106094 -0.122665 0.085186 0
-0.440124 0.421758 -0.560987 0
-0.007748 0.165605 -0.059400 0
-0.365789 0.388472 -0.455345 0
0.273511 0.028519 0.248146 0
-0.289248 0.352916 -0.279756 0
0.142562 -0.322726 0.159022 0
0.169675 -0.579882 0.210219 0
0.277480 0.004894 0.210960 0
-0.131609 0.256789 -0.080037 0
0.171356 -0.543391 0.201487 0
-0.287222 0.365603 -0.329477 0
-0.124739 0.260063 -0.097104 0
0.014240 0.037231 0.092102 0
-0.234383 0.317210 -0.164765 0
0.250759 0.012703 0.243253 0
-0.102375 0.250197 -0.093604 0
0.040921 -0.028684 0.103105 0
0.160929 -0.142520 0.159056 0
0.339319 0.132856 0.371494 0
0.283247 0.057082 0.308792 0
-0.376452 0.407334 -0.491616 0
-0.137291 0.323978 -0.208757 0
-0.402222 0.403636 -0.510880 0
0.010338 0.106102 -0.006327 0
0.258930 0.002997 0.221474 0
0.250171 -0.013222 0.204551 0
-0.097911 0.201461 -0.000228 0
0.043601 -0.049322 0.077702 0
0.044430 0.019934 0.027303 0
0.203197 0.009234 0.277289 0
0.124389 -0.342254 0.158802 0
0.234922 0.052703 0.327789 0
0.073543 -0.147097 0.098364 0
0.000762 0.045198 0.058232 0
-0.223835 0.339666 -0.216954 0
-0.018312 0.145768 -0.022539 0
0.108060 -0.251122 0.125111 0
0.267401 0.061471 0.327234 0
0.145803 -0.267581 0.177011 0
0.106356 -0.199241 0.139271 0
0.127220 -0.311117 0.203404 0
0.185600 -0.586720 0.209135 0
0.140277 -0.336757 0.185493 0
-0.096305 0.284270 -0.154266 0
0.285996 0.044046 0.271034 0
0.154188 -0.167396 0.128774 0
-0.413727 0.452965 -0.577670 0
0.254583 0.043463 0.307545 0
-0.345376 0.377377 -0.423317 0
0.115344 -0.236187 0.145826 0
0.120211 -0.324579 0.146236 0
-0.074872 0.176247 0.013927 0
0.143918 -0.418418 0.178988 0
-0.280612 0.394406 -0.372853 0
-0.066778 0.266753 -0.133354 0
0.236233 0.066006 0.344532 0
-0.021791 0.176984 -0.053907 0
-0.220919 0.322838 -0.172073 0
-0.118888 0.238797 -0.048163 0
0.046470 -0.001267 0.040421 0
-0.091447 0.211964 -0.037902 0
-0.137643 0.266891 -0.096049 0
-0.072469 0.194632 -0.031009 0
0.074749 -0.096675 0.110420 0
0.120466 -0.304503 0.138636 0
0.132544 -0.353489 0.194167 0
-0.329178 0.426834 -0.461875 0
0.161063 -0.073838 0.218146 0
-0.026845 0.189655 -0.066220 0
-0.174973 0.293554 -0.122780 0
-0.161068 0.291466 -0.128757 0
0.024444 0.001806 0.095527 0
0.233622 -0.025424 0.204018 0
0.325755 0.083823 0.284374 0
0.037681 -0.010904 0.102308 0
0.010872 0.025349 0.059435 0
0.269005 0.047839 0.308318 0
0.209707 -0.034410 0.214884 0
0.092889 -0.147340 0.090577 0
0.042619 0.033497 0.016996 0
0.194723 -0.848884 0.225412 0
-0.012593 0.084259 0.027738 0
0.044364 -0.030364 0.058172 0
-0.075365 0.203099 -0.047734 0
0.183928 0.009006 0.295588 0
-0.201887 0.355850 -0.237268 0
-0.117535 0.274169 -0.119069 0
-0.194807 0.291979 -0.105336 0
0.184448 -0.754789 0.221328 0
0.160309 -0.399290 0.164112 0
0.065440 -0.015229 0.035883 0
0.304811 0.073055 0.313117 0
0.129094 -0.335227 0.146313 0
0.340182 0.112166 0.315109 0
-0.224215 0.333822 -0.198230 0
0.274972 0.040073 0.277659 0
-0.279968 0.363436 -0.317076 0
-0.174552 0.360235 -0.247464 0
-0.055209 0.170889 -0.016528 0
0.034422 -0.030498 0.090234 0
0.079089 -0.016860 0.035852 0
-0.351569 0.363300 -0.392367 0
-0.015017 0.186025 -0.072877 0
0.144440 -0.191810 0.178700 0
-0.392517 0.388224 -0.479731 0
0.178511 -0.618591 0.198789 0
-0.302536 0.375131 -0.367539 0
-0.102512 0.212166 -0.016947 0
-0.246564 0.396190 -0.341823 0
0.060925 0.008734 0.023432 0
0.049886 -0.068080 0.076635 0
0.093607 -0.179575 0.133109 0
0.304874 0.089656 0.338083 0
0.261396 0.089917 0.359137 0
0.086056 -0.122878 0.121388 0
0.340913 0.116370 0.345835 0
0.034201 -0.023837 0.064747 0
-0.359053 0.382736 -0.437753 0
-0.450285 0.484708 -0.618842 0
-0.488600 0.467143 -0.621208 0
0.309275 0.122785 0.375993 0
0.312142 0.055001 0.255703 0
0.167476 -0.462097 0.184166 0
0.151021 -0.347719 0.173355 0
-0.175503 0.287974 -0.110070 0
0.192033 -0.830144 0.224170 0
0.126848 -0.396552 0.199896 0
0.157259 -0.305518 0.151730 0
0.093693 -0.084108 0.067536 0
-0.288146 0.380538 -0.361437 0
0.139826 -0.372411 0.155397 0
0.166948 -0.599210 0.197585 0
0.107006 -0.142021 0.090730 0
-0.082520 0.282610 -0.172347 0
-0.127324 0.304221 -0.172417 0
-0.053859 0.172661 -0.027838 0
-0.020628 0.122394 -0.003070 0
-0.111880 0.262331 -0.106113 0
-0.125401 0.250932 -0.073482 0
-0.001802 0.142357 -0.038568 0
-0.253320 0.358544 -0.298203 0
0.220768 0.013368 0.271474 0
0.043917 -0.054664 0.095925 0
0.150350 -0.038157 0.260941 0
-0.102779 0.264615 -0.110459 0
0.141350 -0.072971 0.238842 0
0.234223 -0.014973 0.218973 0
0.175705 -0.675251 0.216591 0
0.163615 -0.430379 0.178635 0
-0.064180 0.222794 -0.077189 0
-0.224023 0.382061 -0.292243 0
0.179679 -0.774371 0.227792 0
0.142997 -0.430063 0.177751 0
0.134209 -0.209942 0.234492 0
0.196554 -0.033820 0.231669 0
0.186576 -0.079778 0.184247 0
0.203798 -0.787175 0.229214 0
-0.434419 0.419054 -0.550810 0
-0.433939 0.428486 -0.567078 0
0.260804 0.026948 0.265443 0
-0.134521 0.249672 -0.056086 0
0.171118 -0.011245 0.278567 0
-0.110120 0.284795 -0.158610 0
-0.504942 0.488839 -0.649638 0
-0.105366 0.227376 -0.047840 0
-0.384581 0.410401 -0.503633 0
0.192028 -0.800660 0.231514 0
0.107258 -0.166634 0.097580 0
0.187199 -0.698844 0.209509 0
0.145877 -0.380375 0.178393 0
0.169407 -0.540374 0.186675 0
0.180596 -0.093304 0.172804 0
-0.458915 0.444680 -0.592975 0
0.018890 0.009077 0.058446 0
0.080546 -0.167588 0.114691 0
0.195253 -0.651453 0.218723 0
-0.053882 0.162367 -0.000159 0
0.197934 -0.080261 0.165082 0
-0.042132 0.121387 0.051995 0
-0.244037 0.330501 -0.193686 0
0.250085 0.059867 0.333365 0
-0.452340 0.437596 -0.582014 0
0.192716 -0.761745 0.220934 0
-0.372473 0.389843 -0.473341 0
0.189772 -0.837289 0.241532 0
-0.281622 0.409625 -0.398140 0
0.333847 0.096033 0.303312 0
0.006888 0.045750 0.039749 0
-0.434903 0.457915 -0.596846 0
-0.279499 0.376456 -0.347945 0
0.172785 -0.097678 0.190175 0
0.184038 -0.010763 0.266102 0
0.126554 -0.335830 0.201901 0
0.133796 -0.128961 0.221508 0
-0.264310 0.353918 -0.271505 0
0.146966 -0.179476 0.177941 0
0.009235 0.045711 0.089010 0
-0.109382 0.275243 -0.124474 0
0.130582 -0.185653 0.208876 0
-0.202205 0.320274 -0.166512 0
0.177600 -0.562964 0.213372 0
-0.231165 0.399907 -0.328446 0
-0.289500 0.368852 -0.342077 0
-0.168049 0.316723 -0.171671 0
0.125821 -0.217409 0.121765 0
-0.211287 0.389481 -0.296853 0
-0.201540 0.327693 -0.185233 0
0.185675 -0.679646 0.209217 0
0.138910 -0.352787 0.168035 0
-0.019902 0.138607 -0.010273 0
-0.078863 0.279738 -0.160826 0
-0.494681 0.507603 -0.663777 0
0.113409 -0.223840 0.116883 0
-0.005442 0.114499 -0.003744 0
0.160719 -0.016084 0.283550 0
-0.505951 0.500223 -0.663504 0
-0.422709 0.432684 -0.564329 0
-0.356200 0.398008 -0.466918 0
0.023254 0.078100 -0.001705 0
-0.359927 0.421829 -0.490180 0
0.142310 -0.393086 0.159600 0
-0.051536 0.189426 -0.041123 0
-0.253025 0.407775 -0.360584 0
0.122286 -0.181606 0.118645 0
0.217198 -0.001006 0.254679 0
0.153074 -0.212391 0.129854 0
-0.447160 0.465223 -0.610589 0
-0.119336 0.294588 -0.155640 0
-0.400897 0.411899 -0.516217 0
-0.217377 0.373712 -0.279447 0
-0.110286 0.281584 -0.135161 0
0.138635 -0.338788 0.174209 0
0.157580 -0.523708 0.196395 0
-0.177685 0.311903 -0.155917 0
0.265872 0.022413 0.246039 0
-0.281690 0.401936 -0.381311 0
-0.183033 0.323458 -0.183356 0
-0.095478 0.272438 -0.129564 0
0.156038 -0.400456 0.179107 0
0.173448 -0.517858 0.190128 0
0.186284 -0.605949 0.215065 0
-0.400661 0.399228 -0.500571 0
0.190915 0.002595 0.277995 0
0.140952 -0.273846 0.183668 0
0.165382 -0.442831 0.183779 0
-0.417209 0.403404 -0.524003 0
0.020942 0.001639 0.083889 0
0.122085 -0.145714 0.243912 0
0.151238 -0.163791 0.167682 0
-0.069823 0.166496 0.015188 0
0.163147 -0.449244 0.191313 0
0.127054 -0.161246 0.227687 0
0.156081 -0.292987 0.151813 0
0.127164 -0.197411 0.222320 0
-0.111032 0.246235 -0.085113 0
0.173663 -0.573760 0.192070 0
-0.189944 0.321203 -0.172712 0
-0.390449 0.451732 -0.549845 0
0.195909 -0.821487 0.238573 0
0.191584 -0.831359 0.252853 0
0.106788 -0.256520 0.141092 0
-0.022046 0.114236 0.013108 0
0.189102 -0.822531 0.229110 0
0.078746 -0.117259 0.083465 0
0.015356 0.013649 0.077683 0
0.027349 0.064086 0.014216 0
-0.409801 0.416808 -0.535760 0
-0.364628 0.375255 -0.435351 0
-0.384558 0.384281 -0.467300 0
-0.259335 0.346287 -0.242220 0
-0.028267 0.126719 0.008289 0
0.125853 -0.354850 0.158781 0
0.281678 0.027730 0.240087 0
-0.358009 0.391243 -0.460021 0
-0.513617 0.513917 -0.673913 0
-0.146715 0.258717 -0.066662 0
0.090412 -0.181778 0.106241 0
-0.187342 0.343116 -0.212486 0
-0.243169 0.342591 -0.226434 0
-0.255054 0.398255 -0.357671 0
0.056753 -0.086360 0.089786 0
0.144657 -0.255024 0.177461 0
0.345971 0.114978 0.334364 0
0.200475 -0.812213 0.228615 0
0.205821 -0.824792 0.246900 0
0.325253 0.084031 0.302595 0
-0.146131 0.302467 -0.154094 0
0.169997 -0.000852 0.294588 0
-0.069886 0.245136 -0.104830 0
0.285929 0.062735 0.315845 0
-0.055053 0.232803 -0.098826 0
0.148180 -0.130019 0.202762 0
0.116814 -0.155057 0.102615 0
0.067292 -0.079632 0.118836 0
-0.025132 0.102627 0.028287 0
0.232833 0.037631 0.304632 0
-0.048182 0.149545 0.006349 0
0.130243 -0.254797 0.215119 0
0.001161 0.067902 0.025580 0
0.157483 -0.091839 0.214324 0
0.222829 -0.041983 0.190113 0
-0.065333 0.212291 -0.061906 0
0.030568 0.034438 0.028445 0
0.147148 -0.355078 0.158776 0
0.064223 -0.030297 0.045924 0
0.071019 -0.062607 0.062187 0
-0.124829 0.232403 -0.029888 0
0.202363 -0.768540 0.234013 0
0.154781 -0.499448 0.184283 0
0.146406 -0.392398 0.177745 0
-0.026971 0.196392 -0.083717 0
-0.183056 0.316853 -0.166211 0
-0.117615 0.225130 -0.023255 0
0.138031 -0.056662 0.248760 0
0.172571 -0.555065 0.209151 0
-0.372800 0.369398 -0.424933 0
-0.251619 0.370665 -0.305116 0
0.136216 -0.386021 0.159657 0
-0.266877 0.366590 -0.328125 0
0.093942 -0.217314 0.121478 0
-0.130723 0.311124 -0.189121 0
0.124265 -0.330146 0.158725 0
0.299099 0.061931 0.298262 0
-0.019932 0.083218 0.052433 0
0.115563 -0.296863 0.136575 0
0.137006 -0.318721 0.186434 0
-0.046585 0.206346 -0.066768 0
0.163799 -0.343527 0.152548 0
-0.104581 0.231979 -0.060229 0
0.145205 -0.335226 0.157867 0
0.151191 -0.186954 0.146677 0
-0.338425 0.366421 -0.404081 0
0.153574 -0.440840 0.177697 0
0.001324 0.061123 0.039031 0
-0.272305 0.371946 -0.341765 0
0.001048 0.051849 0.045453 0
-0.004983 0.059139 0.046348 0
-0.238472 0.378921 -0.309946 0
-0.322404 0.403595 -0.435380 0
0.138648 -0.182734 0.193176 0
0.079289 -0.086251 0.070387 0
0.184386 -0.774018 0.238106 0
-0.124582 0.282636 -0.129360 0
0.090890 -0.141473 0.126902 0
0.229909 0.024880 0.284020 0
0.160017 -0.355723 0.158544 0
-0.314646 0.415090 -0.441992 0
0.144984 -0.230017 0.164469 0
0.030697 -0.009439 0.052815 0
-0.416457 0.429197 -0.556080 0
0.043474 0.008548 0.035127 0
-0.314033 0.353614 -0.299214 0
0.206813 -0.053264 0.195243 0
0.180235 -0.769102 0.215571 0
0.332860 0.126777 0.365337 0
0.142567 -0.217149 0.183571 0
-0.158710 0.313345 -0.166827 0
0.056691 -0.085612 0.102645 0
-0.272015 0.385314 -0.356298 0
-0.021070 0.164141 -0.041371 0
0.146958 -0.199126 0.165230 0
-0.145697 0.325491 -0.205341 0
0.132524 -0.289568 0.136756 0
0.116604 -0.254471 0.125310 0
0.100912 -0.242807 0.133690 0
0.177377 -0.554186 0.195102 0
0.163391 -0.104906 0.201816 0
-0.220653 0.328974 -0.185199 0
0.153406 -0.311337 0.158651 0
-0.273866 0.345822 -0.248155 0
-0.233653 0.346747 -0.241364 0
0.051753 -0.073596 0.102405 0
-0.342814 0.398192 -0.453458 0
0.148851 -0.067479 0.234083 0
0.192507 -0.793360 0.225176 0
-0.070442 0.184450 -0.016417 0
0.283156 0.035413 0.254359 0
0.150080 -0.864834 0.221432 0
0.212948 -0.027902 0.220427 0
-0.209642 0.353842 -0.241711 0
-0.144637 0.285581 -0.139743 0
0.182785 -0.593073 0.201471 0
-0.409244 0.395801 -0.504776 0
-0.055942 0.219404 -0.079180 0
0.202926 -0.849096 0.251048 0
-0.351691 0.388046 -0.438700 0
0.130213 -0.236558 0.221149 0
0.015759 0.064350 0.019069 0
0.197931 -0.091707 0.152754 0
0.028279 -0.018225 0.083416 0
0.160724 -0.549721 0.196718 0
-0.245503 0.352035 -0.260825 0
0.291804 0.052897 0.290106 0
-0.038560 0.114726 0.046275 0
0.246089 0.036270 0.298803 0
0.190340 -0.849028 0.246354 0
0.207483 -0.835342 0.241958 0
0.154959 -0.431025 0.189992 0
-0.398445 0.420241 -0.530052 0
0.007764 0.036841 0.057705 0
0.126284 -0.179914 0.227720 0
0.261142 0.055993 0.323576 0
0.168371 -0.659216 0.212533 0
-0.260753 0.409708 -0.373138 0
-0.343455 0.359202 -0.373227 0
0.129993 -0.268002 0.215361 0
-0.202321 0.345023 -0.223150 0
0.212281 -0.844707 0.240528 0
0.194596 -0.861265 0.234575 0
0.135295 -0.273993 0.145903 0
-0.287349 0.356366 -0.291820 0
-0.095951 0.237230 -0.081240 0
-0.336262 0.364700 -0.380063 0
0.156591 -0.042220 0.252083 0
0.133465 -0.255466 0.190517 0
0.041753 -0.048109 0.090045 0
0.290681 0.074483 0.328712 0
-0.140003 0.316151 -0.191731 0
-0.027546 0.101454 0.045797 0
-0.415471 0.446684 -0.568911 0
0.197324 -0.743833 0.221592 0
0.248802 -0.019354 0.198052 0
0.100705 -0.168072 0.126923 0
0.156746 -0.517820 0.189530 0
0.220235 0.051571 0.332699 0
-0.396202 0.379642 -0.483685 0
0.109303 -0.223078 0.143483 0
0.014588 0.094654 -0.000581 0
0.187569 -0.088423 0.165880 0
0.220325 -0.004887 0.247165 0
0.126346 -0.099340 0.239686 0
0.145897 -0.212579 0.173686 0
0.304932 0.099190 0.346560 0
0.170442 -0.124535 0.145626 0
0.170809 -0.624103 0.202872 0
-0.047546 0.215406 -0.084009 0
0.097850 -0.169788 0.099997 0
-0.153763 0.268462 -0.081098 0
0.067773 -0.069748 0.118561 0
-0.028621 0.182092 -0.048328 0
-0.176353 0.304121 -0.142366 0
-0.154290 0.321044 -0.190915 0
0.107410 -0.273481 0.133422 0
-0.456142 0.459763 -0.610781 0
-0.040902 0.161516 -0.018554 0
0.065329 -0.046878 0.053945 0
0.198009 -0.011790 0.252797 0
-0.379392 0.380777 -0.456099 0
0.180083 -0.787583 0.239660 0
0.170672 -0.561671 0.192554 0
-0.337324 0.443442 -0.492492 0
0.076852 -0.149411 0.114326 0
-0.471940 0.463774 -0.617118 0
0.106624 -0.184697 0.103173 0
-0.303058 0.359238 -0.316612 0
-0.133365 0.276933 -0.129047 0
0.027828 -0.006108 0.064441 0
-0.094201 0.229370 -0.071240 0
0.028601 0.019157 0.039167 0
-0.174203 0.337836 -0.204334 0
0.171046 -0.104964 0.185203 0
-0.216333 0.314224 -0.153695 0
0.148610 -0.116656 0.208667 0
0.232985 -0.053055 0.176621 0
0.135702 -0.355241 0.151156 0
0.049151 -0.054582 0.108217 0
0.183988 -0.860172 0.244131 0
0.323560 0.115034 0.352980 0
0.065523 -0.086827 0.075820 0
0.158147 -0.483464 0.187073 0
0.186292 -0.049794 0.221325 0
0.332063 0.095265 0.315377 0
0.246690 0.065851 0.340028 0
0.140859 -0.135936 0.208792 0
0.147167 -0.305519 0.177347 0
-0.327655 0.359626 -0.354342 0
0.130612 -0.236283 0.202620 0
-0.160176 0.297346 -0.140701 0
0.182422 -0.793891 0.226956 0
-0.296080 0.374857 -0.360891 0
0.157953 -0.142725 0.170946 0
-0.449625 0.458937 -0.604843 0
0.128059 -0.223936 0.127301 0
0.322722 0.077358 0.290460 0
0.135559 -0.317518 0.160427 0
0.164420 -0.579559 0.202636 0
0.219061 -0.065137 0.168928 0
-0.258483 0.349590 -0.254751 0
0.128600 -0.298484 0.209066 0
-0.470000 0.444827 -0.592274 0
-0.140389 0.264877 -0.085518 0
0.164100 -0.867575 0.221554 0
0.103342 -0.092260 0.077140 0
0.129606 -0.273675 0.202582 0
-0.083112 0.194752 -0.010203 0
0.056267 0.000549 0.031767 0
0.157102 -0.449392 0.170826 0
0.084815 -0.154814 0.127353 0
-0.065332 0.175670 0.002024 0
0.123339 -0.262459 0.127844 0
0.182809 -0.580552 0.201718 0
0.149133 -0.087689 0.223456 0
0.220468 -0.036141 0.202719 0
-0.084114 0.188383 0.002402 0
0.043326 0.053544 0.002886 0
0.132765 -0.215451 0.201185 0
0.191319 -0.041294 0.227607 0
0.101404 -0.151990 0.115842 0
-0.132629 0.290445 -0.152824 0
-0.300235 0.384560 -0.391208 0
-0.278235 0.360875 -0.307736 0
0.196187 -0.692725 0.216014 0
0.138224 -0.306370 0.143739 0
-0.263558 0.358121 -0.311669 0
0.189112 -0.814498 0.225580 0
-0.475951 0.500857 -0.656461 0
0.194382 -0.076499 0.173463 0
-0.422172 0.419948 -0.547721 0
-0.160889 0.324698 -0.186291 0
0.200222 -0.047484 0.208278 0
-0.266183 0.396666 -0.367142 0
0.298736 0.101675 0.352301 0
-0.140567 0.312618 -0.179688 0
0.023714 0.100438 -0.018536 0
-0.075328 0.265350 -0.134582 0
0.128477 -0.310262 0.158972 0
-0.038946 0.140023 0.002064 0
0.276474 0.089167 0.352583 0
-0.092042 0.205996 -0.016956 0
-0.328545 0.384368 -0.423376 0
0.260442 0.035322 0.289544 0
-0.264379 0.388158 -0.348371 0
-0.159075 0.280873 -0.104917 0
0.130497 -0.198775 0.208990 0
0.163857 -0.474167 0.196082 0
-0.350117 0.366224 -0.404392 0
-0.377850 0.452775 -0.542589 0
-0.009147 0.093377 0.018142 0
0.191757 0.019283 0.303125 0
0.051724 -0.016220 0.044698 0
-0.417554 0.479616 -0.597583 0
-0.299497 0.373161 -0.379091 0
-0.093657 0.261337 -0.111281 0
0.052196 -0.066686 0.107671 0
0.063803 -0.104751 0.083757 0
0.191172 -0.072982 0.189987 0
0.269560 0.008820 0.221213 0
-0.047122 0.231349 -0.103930 0
0.177394 -0.011297 0.271679 0
0.113599 -0.135979 0.097004 0
0.123517 -0.161705 0.240177 0
-0.224418 0.310914 -0.148535 0
0.064120 -0.098299 0.114199 0
0.295793 0.070256 0.315450 0
-0.295532 0.369600 -0.348262 0
0.153862 -0.467923 0.175902 0
-0.089713 0.265164 -0.122506 0
-0.294372 0.390869 -0.386055 0
0.312890 0.105562 0.346884 0
0.235957 -0.019977 0.210341 0
-0.108221 0.213968 -0.010682 0
0.135529 -0.392404 0.170909 0
-0.273447 0.402861 -0.383809 0
0.187617 -0.611827 0.208846 0
0.211671 0.030772 0.303683 0
0.191264 -0.017273 0.251382 0
0.022315 0.072289 0.004906 0
0.172500 -0.636960 0.214987 0
0.129217 -0.179307 0.215408 0
0.147374 -0.204593 0.158434 0
0.072569 -0.031613 0.044118 0
-0.233763 0.333494 -0.198166 0
0.259404 -0.017767 0.196456 0
0.044361 -0.058690 0.073577 0
0.110666 -0.204172 0.133646 0
0.195470 -0.787818 0.231395 0
0.070266 -0.092479 0.119906 0
-0.496851 0.489731 -0.654622 0
-0.084533 0.242656 -0.087963 0
0.178320 -0.543126 0.196407 0
-0.074558 0.229004 -0.076121 0
0.214080 -0.052986 0.186974 0
0.200850 -0.749478 0.227410 0
0.170772 -0.053556 0.231572 0
0.002400 0.109844 -0.009610 0
0.199242 0.012816 0.284963 0
0.128281 -0.191887 0.214969 0
-0.039635 0.194196 -0.054406 0
0.235687 0.033499 0.296205 0
-0.506341 0.508630 -0.674037 0
-0.159817 0.286781 -0.117539 0
0.151607 -0.267616 0.152994 0
0.150219 -0.292697 0.164039 0
-0.344354 0.403388 -0.460126 0
0.190974 -0.002540 0.270813 0
0.123887 -0.135986 0.234160 0
0.031890 0.006868 0.100349 0
-0.134440 0.271899 -0.110237 0
0.289981 0.100174 0.355073 0
0.186714 -0.730157 0.215355 0
0.151123 -0.150520 0.185674 0
-0.315091 0.358548 -0.329609 0
-0.236040 0.370601 -0.286443 0
-0.407550 0.439085 -0.555311 0
0.130382 -0.223589 0.202462 0
0.006528 0.132440 -0.028603 0
0.136053 -0.373506 0.169980 0
0.276218 0.064441 0.327696 0
-0.104444 0.293364 -0.169180 0
-0.032318 0.150008 -0.012733 0
0.289769 0.082459 0.340090 0
0.158954 -0.536682 0.196693 0
-0.159046 0.306283 -0.155955 0
0.095453 -0.223438 0.127262 0
0.210171 -0.066876 0.171089 0
-0.013169 0.082085 0.038636 0
0.195371 -0.673868 0.215784 0
-0.302748 0.365011 -0.341843 0
-0.152425 0.264382 -0.072760 0
0.051451 -0.042079 0.060042 0
0.130556 -0.286455 0.196278 0
0.107420 -0.130339 0.088702 0
-0.287208 0.409435 -0.404601 0
0.090060 -0.155657 0.095836 0
0.123420 -0.343272 0.148270 0
0.142483 -0.080077 0.234253 0
-0.265475 0.347463 -0.248534 0
0.130970 -0.118138 0.227645 0
-0.084563 0.279159 -0.153424 0
0.191491 -0.644156 0.221028 0
-0.385809 0.423938 -0.522581 0
0.204440 0.019972 0.291590 0
0.163361 -0.568608 0.202476 0
0.305238 0.081018 0.321423 0
-0.105131 0.239762 -0.078995 0
-0.188950 0.349910 -0.223638 0
0.191532 -0.712113 0.229106 0
-0.462770 0.435519 -0.579363 0
-0.448850 0.472488 -0.616315 0
0.141595 -0.405163 0.162614 0
0.078830 -0.073747 0.064366 0
0.206209 -0.014978 0.244841 0
0.329078 0.107705 0.340414 0
0.176645 -0.762225 0.222856 0
0.126359 -0.174183 0.238560 0
-0.076594 0.253199 -0.116130 0
0.121839 -0.111674 0.241165 0
0.141505 -0.167128 0.196066 0
-0.290079 0.345159 -0.260457 0
0.129274 -0.211124 0.221569 0
0.113669 -0.212347 0.113328 0
-0.456092 0.495411 -0.635847 0
-0.336440 0.400675 -0.443002 0
0.198022 -0.787460 0.240036 0
-0.217893 0.341746 -0.234975 0
0.129418 -0.223444 0.221110 0
0.001763 0.038947 0.077559 0
-0.471029 0.497964 -0.642594 0
-0.018020 0.103223 0.010533 0
0.187692 -0.712092 0.211094 0
-0.251410 0.399898 -0.348207 0
-0.230734 0.364904 -0.272955 0
0.206803 -0.854640 0.237455 0
0.126902 -0.192274 0.233652 0
0.163029 -0.084550 0.214316 0
0.276144 0.034146 0.259457 0
-0.061227 0.189561 -0.041484 0
0.170265 -0.530630 0.204853 0
0.149935 -0.391092 0.162629 0
0.017064 0.026721 0.040095 0
0.219138 0.031090 0.299360 0
-0.330558 0.364661 -0.373706 0
0.022373 -0.005433 0.071848 0
-0.118550 0.290991 -0.147870 0
0.227482 -0.012039 0.227527 0
0.133570 -0.236356 0.191277 0
-0.054633 0.178311 -0.034057 0
-0.121198 0.299546 -0.169010 0
0.270006 0.052562 0.315222 0
-0.491041 0.496025 -0.654992 0
0.169552 -0.499256 0.184892 0
-0.333519 0.393740 -0.431710 0
0.147232 -0.293553 0.154899 0
0.149746 -0.159407 0.184699 0
-0.022061 0.095042 0.045725 0
0.080621 -0.141448 0.092230 0
0.080151 -0.097930 0.075414 0
-0.028888 0.108580 0.033512 0
-0.111324 0.279009 -0.148260 0
0.149069 -0.044882 0.254712 0
-0.125772 0.255846 -0.086004 0
0.261355 -0.004859 0.208574 0
0.153880 -0.236684 0.139918 0
-0.147212 0.281718 -0.117213 0
0.146534 -0.356690 0.168998 0
0.247982 0.045834 0.314772 0
0.154404 -0.173813 0.134183 0
-0.280827 0.388720 -0.366063 0
-0.006124 0.150866 -0.041384 0
-0.092084 0.199812 -0.006036 0
0.146184 -0.449282 0.184017 0
-0.026555 0.164651 -0.035052 0
0.065125 -0.067072 0.066136 0
-0.182060 0.362205 -0.244303 0
0.129289 -0.323825 0.161208 0
-0.090840 0.219394 -0.054514 0
-0.006876 0.103968 0.004374 0
0.037240 0.045090 0.014719 0
-0.386539 0.458592 -0.554671 0
-0.223630 0.351987 -0.252046 0
-0.471014 0.485197 -0.634152 0
-0.367424 0.455787 -0.531579 0
-0.252006 0.354711 -0.290883 0
0.099997 -0.174201 0.132589 0
-0.330995 0.409509 -0.448622 0
0.317765 0.061284 0.261575 0
-0.075923 0.260876 -0.127526 0
0.150592 -0.305421 0.165041 0
0.305114 0.051809 0.258889 0
0.220644 -0.025004 0.215719 0
-0.230964 0.376743 -0.291271 0
-0.313007 0.381641 -0.392873 0
0.122194 -0.267942 0.151746 0
0.144164 -0.236223 0.177250 0
-0.033592 0.119413 0.033090 0
-0.150659 0.273494 -0.097211 0
0.153933 -0.418516 0.168673 0
-0.054044 0.205797 -0.055141 0
0.089954 -0.072067 0.061345 0
0.148962 -0.362059 0.162945 0
-0.310137 0.403602 -0.423055 0
0.338726 0.107678 0.328607 0
0.130371 -0.255888 0.202886 0
-0.423158 0.457281 -0.587920 0
0.144051 -0.248931 0.166527 0
0.162658 -0.147817 0.133807 0
0.084703 -0.117601 0.115103 0
-0.427454 0.476598 -0.598493 0
0.026462 0.042602 0.025347 0
-0.055593 0.146029 0.033503 0
0.087297 -0.103052 0.073518 0
0.163968 -0.092065 0.208957 0
0.171893 -0.611271 0.213883 0
0.191041 -0.686997 0.227724 0
-0.329099 0.357391 -0.335244 0
-0.218858 0.392935 -0.306167 0
0.177757 -0.543092 0.209470 0
-0.335404 0.392218 -0.440360 0
-0.095221 0.289784 -0.183671 0
0.248892 0.032203 0.290236 0
0.297093 0.053776 0.283796 0
0.014510 0.055172 0.025395 0
0.030346 -0.001640 0.048424 0
-0.160646 0.337420 -0.212624 0
0.183436 -0.793766 0.244020 0
0.163876 -0.511085 0.202107 0
0.186164 -0.786254 0.221097 0
0.248645 0.007298 0.235845 0
0.126671 -0.316828 0.213151 0
-0.111101 0.231118 -0.043205 0
0.085826 -0.185965 0.115181 0
-0.048696 0.133480 0.039846 0
-0.083275 0.212948 -0.054322 0
-0.165945 0.275012 -0.085108 0
0.127300 -0.342997 0.197871 0
0.225511 -0.028462 0.208243 0
0.020602 0.112093 -0.025704 0
0.134380 -0.072775 0.244422 0
0.014766 0.020836 0.053735 0
0.002445 0.125099 -0.016927 0
-0.380356 0.395568 -0.479624 0
0.316786 0.096594 0.334818 0
-0.359273 0.447225 -0.517201 0
0.134656 -0.180336 0.202400 0
0.043648 -0.035825 0.106161 0
0.149744 -0.147663 0.195046 0
0.176616 -0.524720 0.195283 0
0.151114 -0.480165 0.191192 0
0.163571 -0.405735 0.158638 0
0.196732 -0.059814 0.196727 0
0.217733 0.005454 0.261459 0
-0.271232 0.360209 -0.298245 0
0.191384 -0.736983 0.231827 0
-0.215110 0.320811 -0.166631 0
0.178586 -0.104756 0.164736 0
-0.358663 0.371425 -0.424207 0
-0.465258 0.446990 -0.598621 0
