-0.453129 0.051176 -0.060086 0
0.908325 -0.012554 -0.115580 0
0.052009 -0.875201 0.106326 0
0.242360 0.175200 0.065914 0
-0.963926 -0.127843 0.233458 0
-0.002528 -0.321404 0.062274 0
0.503452 0.087938 -0.280359 0
-0.660972 0.118558 0.263123 0
-0.084447 -0.017021 -0.160648 0
0.681968 0.201564 -0.032435 0
-0.770897 -0.031052 0.007082 0
-0.355029 0.163331 0.208809 0
0.220850 0.112935 -0.212195 0
0.069934 -0.593413 0.104664 0
-0.226395 0.033845 0.033637 0
0.432735 0.200918 -0.078017 0
0.723910 0.015192 -0.269515 0
0.104472 0.031766 -0.041049 0
-0.010270 -0.129583 -0.004329 0
-0.609337 0.072331 0.064762 0
-0.823142 0.020266 0.199076 0
-0.257884 0.065886 -0.214592 0
0.791147 0.121193 -0.142277 0
0.628076 0.117572 -0.170231 0
-0.519487 0.143463 0.180108 0
-0.891135 -0.089301 0.091756 0
-0.383154 0.076409 0.078111 0
0.376474 0.140854 -0.205911 0
0.294841 0.137138 -0.078280 0
0.005210 -0.728583 0.087874 0
0.001665 -0.470036 0.063915 0
-0.121818 -0.068664 0.067834 0
0.374378 0.229284 0.050130 0
0.548420 0.240224 -0.003831 0
0.079777 -0.055185 0.065264 0
-0.321213 0.010366 -0.058753 0
-0.243969 0.092187 0.151505 0
-0.719555 0.016608 0.119670 0
0.836002 -0.029329 -0.224435 0
-0.587641 0.037496 -0.056601 0
0.508539 0.156468 -0.171329 0
0.033019 -0.036420 -0.116996 0
-0.029895 -0.009261 0.012139 0
0.174085 0.114002 -0.095416 0
-0.158719 0.068843 -0.133263 0
0.156932 0.097552 0.039066 0
-0.896278 -0.041391 0.271246 0
0.613549 0.051737 -0.280049 0
0.035391 -0.207137 0.068078 0
-0.493384 0.087674 0.040938 0
-0.179698 -0.018378 -0.222331 0
-0.090438 -0.072290 -0.060364 0
-0.754076 0.059761 0.280240 0
0.586438 0.178463 -0.086204 0
-0.618980 0.085823 0.168943 0
-0.680041 0.021142 -0.003223 0
-0.008395 -0.112575 0.094051 0
-0.811188 -0.014676 0.096500 0
0.876013 0.081928 -0.113930 0
0.761522 0.149867 -0.054455 0
0.722860 0.092250 -0.204021 0
-0.916873 -0.062025 0.179746 0
-0.435779 0.132379 0.134407 0
0.065736 -0.404109 0.087411 0
-0.174837 0.008394 0.108724 0
-0.723581 0.075125 0.193055 0
0.226841 0.130331 -0.013682 0
0.455794 0.235553 0.006520 0
0.297374 0.196252 -0.005262 0
-0.311263 0.064100 0.023549 0
0.700050 0.132783 -0.117323 0
0.831711 0.052277 -0.187913 0
0.377155 0.141797 -0.117845 0
0.069857 -0.679175 0.122328 0
-0.577743 0.147524 0.243980 0
-0.325821 0.120218 0.124681 0
-0.007144 -0.810826 0.109153 0
0.294569 0.141241 -0.180936 0
0.421990 0.095930 -0.261490 0
-0.530467 0.088367 0.118157 0
0.069861 -0.513259 0.085961 0
-0.438329 0.166018 0.209226 0
-0.009812 -0.060599 -0.050609 0
0.009881 -0.640971 0.076201 0
-0.381714 0.060527 -0.023055 0
0.127266 0.000310 0.030442 0
0.559423 0.108340 -0.227591 0
0.506316 0.176672 -0.094470 0
0.059196 -0.125165 0.034537 0
0.352416 0.194864 -0.059886 0
-0.159307 -0.006103 0.034157 0
-0.071294 -0.122145 0.042371 0
-0.824470 0.028185 0.280536 0
-0.118332 0.013344 -0.098890 0
0.160621 0.095964 -0.167697 0
-0.035697 -0.185476 0.075547 0
-0.521906 0.063423 -0.023655 0
0.311574 0.119225 -0.249786 0
-0.176806 0.053449 -0.204918 0
0.227471 0.135538 -0.142305 0
-0.831567 -0.066808 0.049204 0
0.070846 -0.751507 0.133683 0
-0.263510 0.073431 0.083494 0
-0.042483 -0.057434 -0.116474 0
-0.671124 0.073697 0.119244 0
0.451764 0.114207 -0.197602 0
0.170685 0.054637 -0.021367 0
0.448763 0.147168 -0.131995 0
0.612108 0.217886 -0.031094 0
0.821627 0.114664 -0.077778 0
0.881664 -0.051920 -0.174480 0
0.005677 -0.570440 0.084495 0
-0.017437 -0.874006 0.139093 0
0.660093 0.069607 -0.226114 0
-0.730741 0.013978 0.050339 0
-0.862077 -0.031304 0.141502 0
0.778751 0.023768 -0.227937 0
-0.257248 0.010539 -0.023772 0
0.574932 0.158731 -0.152150 0
0.296038 0.220852 0.058935 0
-0.150159 0.000208 -0.161351 0
0.010301 -0.391735 0.050370 0
0.074122 -0.024115 -0.003603 0
0.642138 0.165852 -0.125437 0
-0.856146 -0.035622 0.215500 0
0.047608 -0.807503 0.070947 0
-0.393496 0.027299 -0.079296 0
-0.768461 0.038333 0.160940 0
-0.010141 -0.249269 0.044841 0
-0.946887 -0.115140 0.153971 0
-0.673235 0.045811 0.059286 0
-0.438909 0.076254 0.004681 0
-0.585943 0.060575 0.005137 0
0.390289 0.224047 -0.015705 0
-0.295871 0.136251 0.180074 0
0.500673 0.210942 -0.035640 0
-0.022453 -0.073230 0.023967 0
0.116312 0.079487 -0.082192 0
-0.448353 0.080345 0.085798 0
0.896733 0.020053 -0.167883 0
0.045750 -0.284185 0.073016 0
-0.944380 -0.069677 0.235741 0
0.226870 0.138474 -0.077913 0
-0.381405 0.132348 0.161106 0
-0.519375 0.163418 0.242168 0
-0.577904 0.127647 0.181084 0
-0.118186 -0.050179 -0.108537 0
-0.671791 0.104292 0.198863 0
-0.777676 0.051652 0.220359 0
-0.592147 0.097011 0.115378 0
0.778365 0.082453 -0.189700 0
0.199137 0.137358 0.039820 0
0.710381 0.174573 -0.078424 0
-0.121570 -0.017210 0.094138 0
-0.231300 0.014774 -0.219074 0
-0.713638 0.091075 0.254118 0
-0.547538 0.086361 0.059799 0
0.367635 0.113316 -0.260685 0
0.325819 0.161062 -0.132538 0
0.559997 0.069016 -0.272704 0
-0.320009 0.075591 0.088015 0
-0.215185 0.054389 0.106063 0
0.672129 0.037125 -0.270603 0
0.640431 0.180915 -0.063723 0
0.822228 0.076303 -0.130100 0
0.027777 -0.483654 0.111400 0
0.687338 0.123799 -0.174624 0
-0.766304 -0.029320 0.062670 0
0.183758 0.105666 -0.041149 0
0.504000 0.103104 -0.226737 0
0.020408 -0.361660 0.096102 0
0.010160 -0.166454 0.040105 0
0.014901 -0.014443 -0.068168 0
-0.068342 -0.062970 0.052654 0
0.550249 0.214789 -0.058941 0
-0.045232 -0.101220 -0.035696 0
0.020091 -0.429927 0.103598 0
-0.721851 -0.015374 -0.011659 0
-0.786730 -0.012875 0.145349 0
0.053496 -0.693338 0.072347 0
0.041975 -0.346321 0.043606 0
0.608520 0.085533 -0.221333 0
0.741085 0.103301 -0.152411 0
-0.505513 0.037035 -0.067866 0
-0.619433 0.104804 0.219278 0
-0.478831 0.101440 0.124891 0
0.128743 0.055159 0.022200 0
-0.004388 -0.029436 -0.154587 0
0.256446 0.165045 0.014076 0
0.043809 -0.820568 0.122557 0
-0.467085 0.133926 0.178042 0
0.014137 -0.522853 0.062381 0
0.015555 -0.050602 0.054197 0
-0.633427 0.033984 -0.023879 0
0.397961 0.161212 -0.162468 0
0.755381 0.147934 -0.114672 0
-0.868392 -0.000683 0.253743 0
0.269332 0.168066 -0.039268 0
0.048216 -0.746247 0.063916 0
-0.215682 0.093272 -0.201793 0
-0.135077 -0.038732 -0.192155 0
-0.769542 0.015164 0.104341 0
0.043033 -0.434805 0.052360 0
-0.679973 0.058286 0.171457 0
-0.365562 0.076066 0.023172 0
0.339282 0.219283 0.012731 0
-0.325263 0.047422 -0.022573 0
0.061615 -0.073927 0.021650 0
-0.078822 -0.020516 -0.096235 0
0.545255 0.122495 -0.181130 0
0.059048 -0.640567 0.087865 0
-0.825499 -0.025763 0.176648 0
0.859086 0.039584 -0.141133 0
0.047348 -0.597684 0.060406 0
-0.000891 -0.855766 0.089320 0
0.033165 -0.719400 0.132750 0
-0.627454 0.050843 0.105525 0
-0.395722 0.115776 0.105173 0
0.015500 -0.107873 0.051225 0
-0.630627 0.053592 0.024142 0
-0.837973 -0.061411 0.097537 0
0.734653 0.044563 -0.228253 0
0.266820 0.119625 -0.226782 0
-0.895664 -0.062499 0.227585 0
0.144396 0.087387 -0.122905 0
0.266203 0.151920 -0.114266 0
-0.269741 0.031241 0.061127 0
-0.495930 0.073542 0.088284 0
0.392251 0.185002 -0.103398 0
-0.202606 0.009865 0.069737 0
0.852443 0.010603 -0.199063 0
0.017269 -0.610365 0.112230 0
-0.937203 -0.102215 0.198833 0
0.030201 -0.774726 0.125603 0
0.090218 0.025457 0.014604 0
0.418117 0.245006 0.033723 0
-0.104198 -0.022293 0.050459 0
0.003370 -0.045775 -0.007750 0
0.542088 0.179567 -0.124800 0
-0.880541 -0.073552 0.150545 0
0.338402 0.154287 -0.082054 0
-0.111057 0.022173 -0.148030 0
0.005206 -0.267421 0.089060 0
-0.270382 0.044264 0.012873 0
0.500742 0.247009 0.004882 0
0.024929 -0.668442 0.118153 0
0.043120 -0.488215 0.052100 0
-0.009205 -0.005294 -0.106625 0
0.029481 -0.538371 0.107383 0
-0.476579 0.070899 -0.021419 0
0.054486 -0.167585 0.052129 0
-0.563076 0.058727 0.105362 0
-0.719199 0.056645 0.142061 0
-0.407949 0.088139 0.041464 0
0.140824 0.082360 -0.042129 0
0.461296 0.187097 -0.114244 0
-0.144980 0.012775 -0.204478 0
-0.477647 0.177775 0.232319 0
0.085563 -0.011937 0.042333 0
-0.270184 0.103347 0.116265 0
0.446609 0.154637 -0.178958 0
0.437755 0.207733 -0.034154 0
-0.034586 -0.142506 0.063390 0
0.669216 0.158310 -0.089295 0
-0.618597 0.132795 0.254174 0
0.055057 -0.636761 0.132034 0
-0.559785 0.097742 0.150057 0
-0.396834 0.163596 0.188483 0
0.399787 0.191183 -0.049867 0
0.465399 0.097239 -0.247625 0
0.348895 0.152013 -0.169207 0
-0.049744 -0.054025 -0.068367 0
0.045443 -0.554078 0.066910 0
0.901420 -0.051918 -0.135041 0
-0.006657 -0.116421 -0.050209 0
0.794030 0.147508 -0.086956 0
-0.531865 0.075422 0.017334 0
0.009113 -0.780092 0.082548 0
0.890845 0.041758 -0.104816 0
-0.074181 -0.058530 -0.146643 0
0.594990 0.128988 -0.196469 0
-0.699343 0.048949 0.096818 0
-0.794579 0.054574 0.263170 0
-0.155218 -0.042055 0.059703 0
0.422537 0.131246 -0.224828 0
-0.348346 0.056220 0.061554 0
0.334133 0.136453 -0.214013 0
0.251463 0.134815 -0.178320 0
-0.101407 -0.087594 0.034734 0
0.100916 -0.056047 0.023543 0
-0.174356 0.040089 -0.161457 0
0.323795 0.173826 -0.030989 0
-0.196665 0.001754 0.014123 0
0.201247 0.117521 -0.171325 0
0.178389 0.106579 0.002968 0
-0.038731 -0.096393 0.056234 0
0.224576 0.098545 -0.051936 0
-0.907440 -0.101913 0.133085 0
-0.354494 0.037067 -0.059586 0
0.082184 -0.561952 0.130652 0
-0.337608 0.130611 0.164075 0
0.475032 0.203860 -0.077709 0
0.055214 -0.454622 0.087631 0
-0.675149 0.084178 0.235859 0
0.008419 -0.149435 0.083346 0
-0.882085 -0.029009 0.183275 0
-0.796392 -0.054142 0.030739 0
-0.411916 0.054282 -0.051086 0
0.036594 -0.239903 0.042512 0
-0.352248 0.092735 0.107632 0
0.013135 -0.309615 0.098736 0
0.795539 -0.013462 -0.234104 0
-0.821838 -0.039458 0.137337 0
0.072152 -0.734219 0.096290 0
-0.965461 -0.130043 0.187611 0
0.046966 -0.856820 0.070012 0
-0.119827 -0.052589 0.024127 0
0.024497 -0.003086 -0.139064 0
0.028575 -0.308151 0.039246 0
0.501280 0.175185 -0.134788 0
-0.031981 -0.154407 0.019290 0
0.486417 0.139393 -0.200731 0
-0.005623 -0.212494 0.078194 0
0.018780 -0.848685 0.137230 0
0.818970 0.025635 -0.215936 0
0.283714 0.188337 0.032395 0
-0.520672 0.120535 0.140286 0
-0.703928 0.010303 0.080128 0
-0.540259 0.136381 0.220995 0
0.876555 -0.013803 -0.160149 0
0.696344 0.054448 -0.243734 0
0.670945 0.103009 -0.206937 0
-0.812122 -0.033021 0.060961 0
-0.559587 0.054325 -0.033194 0
0.615227 0.151879 -0.154400 0
-0.746928 0.072250 0.242862 0
-0.007180 -0.083854 -0.012617 0
-0.216314 0.050246 -0.209234 0
-0.135230 -0.017111 -0.122523 0
0.134403 0.025860 -0.004022 0
-0.075553 -0.075166 -0.023701 0
-0.808006 0.019373 0.162440 0
0.777221 0.115576 -0.103149 0
-0.285964 0.108818 0.153365 0
-0.132302 0.008223 0.059224 0
-0.114612 -0.005360 -0.183384 0
0.355869 0.195192 -0.013814 0
0.254159 0.132178 -0.050083 0
0.191961 0.122780 -0.130763 0
0.474614 0.132080 -0.162840 0
0.053361 -0.771454 0.094044 0
-0.229002 0.049330 0.069411 0
-0.697859 0.025455 0.031272 0
-0.311669 0.043390 0.058225 0
0.298055 0.174672 -0.068317 0
0.420358 0.129398 -0.160795 0
0.042436 -0.322865 0.076973 0
0.834132 0.110099 -0.115517 0
0.723877 0.177967 -0.042357 0
-0.079580 -0.095745 0.069739 0
-0.177013 0.077401 -0.170687 0
0.600089 0.174980 -0.122037 0
0.533300 0.096177 -0.252927 0
-0.837888 0.019129 0.234306 0
-0.137522 0.049879 -0.163760 0
-0.753652 0.005827 0.141982 0
0.658508 0.147329 -0.154439 0
0.423194 0.177751 -0.124190 0
-0.880154 -0.055680 0.117048 0
-0.635873 0.086574 0.124919 0
-0.730687 -0.018372 0.030514 0
0.514992 0.207214 -0.070734 0
0.629491 0.058222 -0.246284 0
0.753728 0.001175 -0.250805 0
-0.491201 0.159807 0.199208 0
0.726219 0.138604 -0.144014 0
0.802117 0.071613 -0.162455 0
0.150353 0.079569 0.003335 0
0.005353 -0.163618 -0.000511 0
0.014234 -0.051146 -0.077926 0
-0.450274 0.092072 0.050242 0
-0.661884 0.094856 0.164032 0
-0.743104 -0.006628 0.081206 0
-0.287428 0.032524 -0.023288 0
-0.710246 0.059642 0.224068 0
0.882740 0.011477 -0.133715 0
0.644300 0.200454 -0.025410 0
-0.845007 -0.002314 0.285067 0
-0.445610 0.114168 0.103769 0
-0.231713 0.092787 0.116686 0
-0.657178 0.065553 0.086021 0
0.796949 0.055935 -0.207369 0
0.589382 0.207580 -0.058145 0
-0.018169 -0.034163 -0.085799 0
-0.001353 -0.287220 0.042848 0
-0.734511 0.029593 0.088795 0
0.583812 0.232826 -0.013172 0
0.272693 0.145157 -0.150286 0
-0.187821 0.022887 -0.221885 0
-0.367740 0.126158 0.127716 0
-0.660502 0.011004 -0.032424 0
-0.861609 -0.068589 0.070931 0
0.038787 -0.375759 0.068150 0
-0.328147 0.163411 0.176335 0
-0.576664 0.072191 0.038130 0
-0.009479 -0.034515 0.028090 0
0.528420 0.145916 -0.143006 0
0.541677 0.180782 -0.088099 0
-0.633702 0.115138 0.184082 0
0.477655 0.235430 -0.022181 0
-0.896757 -0.027223 0.234995 0
-0.228210 0.014114 0.001856 0
0.339210 0.229330 0.057963 0
0.625801 0.182260 -0.097846 0
0.728395 0.136928 -0.093542 0
0.031497 -0.203151 0.032550 0
0.225835 0.165034 0.032780 0
-0.438098 0.151402 0.166382 0
0.033833 -0.572121 0.118325 0
-0.790696 0.038776 0.188899 0
0.105194 -0.007492 0.002000 0
-0.491183 0.136947 0.151663 0
0.272252 0.195845 0.067460 0
0.854887 -0.036814 -0.192311 0
-0.836705 -0.006654 0.143438 0
0.853262 0.087141 -0.087323 0
0.628162 0.110641 -0.205993 0
-0.754871 0.059000 0.190553 0
0.528487 0.232424 -0.031798 0
0.008830 -0.355997 0.063354 0
-0.023396 -0.110429 0.022072 0
0.354064 0.174773 -0.105905 0
-0.853546 0.000723 0.208879 0
0.599513 0.077797 -0.254311 0
-0.004816 -0.078278 0.060908 0
-0.579510 0.084528 0.078348 0
0.049664 -0.046182 0.047892 0
-0.879508 -0.063406 0.188905 0
-0.409080 0.058804 0.060394 0
0.048520 -0.089445 0.050061 0
-0.104121 -0.042115 -0.077688 0
0.022113 -0.034737 -0.040813 0
-0.778088 -0.021748 0.104555 0
0.045183 -0.651814 0.058050 0
-0.285236 0.064370 0.050011 0
-0.545552 0.115927 0.176386 0
0.752260 0.072074 -0.210057 0
-0.602313 0.134881 0.216912 0
0.298088 0.163352 -0.106811 0
-0.506886 0.105034 0.097418 0
0.417698 0.240320 -0.002486 0
0.035540 -0.139530 0.058727 0
-0.095279 -0.053399 0.083481 0
-0.090500 -0.003635 -0.123804 0
0.318412 0.135531 -0.103224 0
0.195837 0.122053 -0.070080 0
-0.646865 0.124299 0.226143 0
0.084125 -0.097759 0.031738 0
-0.300743 0.104145 0.100720 0
-0.689945 0.034362 0.126338 0
0.360265 0.165088 -0.139704 0
-0.917383 -0.095901 0.165253 0
0.010663 -0.420254 0.069201 0
0.684605 0.172467 -0.049990 0
-0.064107 -0.028814 -0.133378 0
-0.661134 0.038857 0.020967 0
0.850343 0.065150 -0.161722 0
-0.089673 -0.067439 -0.115090 0
-0.559788 0.102107 0.106516 0
-0.745438 0.037594 0.132112 0
-0.030215 -0.046740 -0.012131 0
-0.188717 -0.014028 0.048750 0
-0.405044 0.117030 0.142497 0
0.025787 -0.694517 0.096730 0
-0.602334 0.047069 -0.022707 0
-0.007278 -0.196192 0.048701 0
0.400392 0.117285 -0.202678 0
0.267042 0.156206 -0.077599 0
-0.416662 0.090518 0.097458 0
0.378525 0.172807 -0.075135 0
-0.809807 0.037669 0.235895 0
-0.352791 0.063912 -0.005504 0
-0.477296 0.096445 0.069804 0
0.461805 0.126400 -0.227286 0
0.392956 0.226052 0.021970 0
0.061481 -0.543681 0.098566 0
-0.405412 0.074498 0.003443 0
0.859267 0.034634 -0.176660 0
-0.157940 -0.013399 0.076746 0
0.019095 -0.139957 0.021807 0
0.016833 -0.236775 0.083174 0
0.463752 0.168693 -0.152461 0
-0.148855 0.027705 -0.141736 0
0.546530 0.153766 -0.169963 0
-0.604995 0.115667 0.165214 0
0.394642 0.123470 -0.244350 0
-0.354911 0.091351 0.069306 0
-0.116333 -0.040439 -0.164889 0
-0.597212 0.066695 0.103011 0
0.677531 0.158470 -0.129708 0
-0.256663 0.071116 0.116247 0
-0.494050 0.076122 0.006123 0
-0.782734 0.021260 0.136552 0
0.696731 0.073285 -0.210416 0
-0.328818 0.081014 0.052337 0
0.514105 0.121809 -0.191024 0
0.450270 0.099592 -0.277425 0
0.254039 0.149038 -0.014239 0
-0.851697 -0.006669 0.173560 0
0.068051 -0.713538 0.121035 0
-0.923400 -0.056606 0.261774 0
0.174255 0.080384 -0.142655 0
-0.853519 -0.045951 0.180619 0
0.778072 0.106500 -0.168013 0
0.747974 0.164295 -0.087757 0
-0.029778 -0.029684 -0.127178 0
-0.549708 0.038507 -0.059540 0
-0.726032 0.080270 0.281880 0
0.090473 0.004310 -0.024127 0
-0.838243 -0.022487 0.115549 0
0.204006 0.156107 0.065423 0
-0.810281 -0.000587 0.125276 0
0.122503 0.049823 -0.021662 0
-0.741484 0.023002 0.168933 0
-0.461116 0.119673 0.149988 0
0.576667 0.128797 -0.163387 0
-0.699760 0.094039 0.217939 0
0.017585 -0.879530 0.129069 0
0.527927 0.067522 -0.280998 0
-0.658190 0.060214 0.145006 0
-0.957897 -0.097250 0.227100 0
0.761694 0.130481 -0.149921 0
0.026230 -0.613837 0.079029 0
0.714573 0.101470 -0.169783 0
0.118587 0.059898 -0.057329 0
-0.364726 0.155371 0.179673 0
0.847950 0.064099 -0.116138 0
-0.801998 0.014515 0.262830 0
-0.194651 0.019227 0.040496 0
-0.756496 -0.003477 0.044322 0
0.025702 -0.697958 0.057869 0
0.202170 0.136931 0.004976 0
0.752515 0.111217 -0.124003 0
0.026594 -0.740873 0.110508 0
-0.242994 0.014742 0.058270 0
0.322212 0.209158 0.040655 0
-0.191385 0.035660 0.097231 0
0.023425 -0.876799 0.076292 0
0.058451 -0.493096 0.107307 0
0.028061 -0.276033 0.043624 0
-0.116230 -0.017967 -0.096684 0
-0.686793 0.097687 0.269110 0
-0.811105 -0.046815 0.090211 0
-0.695838 0.087013 0.184311 0
0.681048 0.185729 -0.079020 0
0.404002 0.147824 -0.190178 0
-0.114854 -0.012733 -0.150361 0
-0.925648 -0.054552 0.215776 0
0.033744 -0.636453 0.107206 0
-0.291169 0.011874 -0.050273 0
0.407003 0.147809 -0.124847 0
-0.518085 0.094658 0.070166 0
0.210269 0.125882 -0.039784 0
0.027880 -0.006678 -0.108228 0
0.158311 0.104381 -0.070242 0
0.695010 0.166560 -0.104828 0
-0.423208 0.036486 -0.076671 0
0.022990 -0.512640 0.090975 0
-0.433361 0.063928 -0.030618 0
-0.468358 0.080905 0.023650 0
0.463687 0.219073 -0.047109 0
-0.129999 0.024106 -0.179459 0
0.533373 0.122981 -0.215372 0
-0.850866 -0.060043 0.126398 0
0.795363 0.091550 -0.133162 0
0.652324 0.121543 -0.189190 0
-0.159150 -0.014754 -0.199373 0
-0.005403 -0.143879 -0.035869 0
-0.019538 -0.874644 0.105285 0
0.685753 0.124487 -0.143450 0
-0.023585 -0.169967 0.048505 0
-0.689725 0.077600 0.149452 0
-0.871238 -0.037441 0.253681 0
-0.617207 0.027675 -0.049332 0
0.212283 0.132921 -0.104437 0
0.111639 0.025695 0.038038 0
0.389767 0.172065 -0.134596 0
-0.133735 -0.029456 0.041679 0
0.041000 -0.402213 0.052670 0
-0.171557 0.013471 0.070831 0
-0.410925 0.168956 0.222686 0
0.557141 0.218798 -0.023937 0
0.018028 -0.391262 0.088645 0
0.583611 0.051421 -0.286449 0
-0.782904 -0.007312 0.075730 0
0.066182 -0.622782 0.064134 0
0.005583 -0.109320 0.012661 0
-0.463247 0.148173 0.204707 0
0.019627 -0.456576 0.088839 0
-0.481735 0.053602 -0.049896 0
0.007443 -0.180396 0.070190 0
0.431069 0.167053 -0.151586 0
-0.218615 0.068048 0.133053 0
-0.411857 0.136952 0.171552 0
0.804638 0.129893 -0.116497 0
0.367729 0.226423 0.004960 0
0.184609 0.083023 -0.020981 0
-0.675558 0.114494 0.236258 0
0.293138 0.131159 -0.217132 0
-0.509693 0.145050 0.218135 0
0.874841 0.065390 -0.139361 0
-0.544871 0.065354 0.082102 0
-0.024494 -0.066022 -0.079971 0
-0.769941 0.037384 0.266721 0
0.756887 0.134306 -0.083802 0
0.570535 0.181043 -0.114753 0
-0.061816 -0.137578 0.075421 0
-0.612035 0.101509 0.137614 0
-0.549956 0.065296 -0.004555 0
0.819558 -0.004436 -0.217596 0
0.641702 0.041242 -0.279034 0
0.348804 0.128045 -0.238850 0
-0.547953 0.160492 0.250949 0
-0.301011 0.132749 0.143325 0
0.094085 -0.028421 0.065900 0
-0.709253 0.009418 0.008768 0
-0.259536 0.051277 0.039807 0
0.049641 -0.845495 0.104594 0
-0.701775 0.001787 0.048985 0
0.256182 0.194306 0.042388 0
-0.646856 0.057375 0.051606 0
0.110488 -0.027368 0.023558 0
0.571773 0.076107 -0.243648 0
0.056260 -0.571273 0.088599 0
0.032684 -0.668669 0.083813 0
-0.654739 0.076214 0.185863 0
0.494511 0.106525 -0.254522 0
0.327870 0.204424 -0.013406 0
0.299283 0.211145 0.020093 0
0.074609 -0.043948 0.032469 0
0.027774 -0.029054 -0.152481 0
0.269074 0.183567 -0.004960 0
-0.895043 -0.051093 0.162732 0
0.473048 0.162447 -0.125033 0
0.238643 0.142213 -0.115303 0
-0.910335 -0.074101 0.141616 0
-0.380085 0.087349 0.050226 0
0.819907 0.105086 -0.141404 0
-0.037894 -0.084464 -0.058444 0
-0.629352 0.078779 0.097329 0
-0.877605 -0.016842 0.209508 0
0.177309 0.120376 0.048986 0
0.063724 -0.668307 0.095274 0
-0.240262 0.062734 -0.191696 0
-0.777192 -0.022095 0.036036 0
-0.076327 -0.045845 -0.060015 0
-0.685725 0.000265 -0.023036 0
0.019624 -0.806812 0.078901 0
0.042992 -0.515401 0.061946 0
0.441446 0.117577 -0.245778 0
-0.946699 -0.091636 0.173705 0
-0.243263 0.052759 0.094226 0
0.295408 0.182698 -0.040769 0
0.012056 -0.808393 0.130486 0
0.028272 -0.587333 0.090270 0
0.461662 0.179838 -0.086242 0
-0.100991 -0.055896 0.052650 0
0.049530 -0.720215 0.085387 0
-0.421019 0.095776 0.069554 0
-0.422875 0.104721 0.123648 0
0.724101 0.156638 -0.113968 0
-0.874170 -0.022000 0.277669 0
0.690096 0.016257 -0.262657 0
0.575489 0.108303 -0.199770 0
-0.311189 0.031836 -0.042768 0
-0.300133 0.050423 -0.005007 0
0.027058 -0.757929 0.083989 0
-0.383255 0.049432 -0.049274 0
-0.743063 -0.029982 0.001085 0
-0.031358 -0.097524 -0.006499 0
-0.564076 0.142542 0.200920 0
0.326082 0.187520 -0.067532 0
0.641368 0.090864 -0.227590 0
0.006246 -0.781302 0.112021 0
-0.836443 -0.047972 0.069730 0
-0.744621 0.001801 0.115487 0
0.433757 0.177486 -0.093795 0
-0.354737 0.053235 -0.031587 0
0.322771 0.145971 -0.178079 0
-0.585495 0.087007 0.154618 0
0.526546 0.232000 0.011957 0
0.393636 0.197608 -0.078244 0
0.612079 0.191214 -0.061231 0
-0.153697 0.049276 -0.189428 0
0.490946 0.146319 -0.144901 0
0.049469 -0.484500 0.079245 0
-0.330044 0.101830 0.088122 0
0.004812 -0.290311 0.070064 0
0.015762 -0.123111 0.077036 0
-0.937330 -0.074184 0.199379 0
0.379441 0.208682 -0.041758 0
-0.727344 0.081863 0.225256 0
0.050680 -0.792434 0.112406 0
0.617077 0.153426 -0.116499 0
0.377544 0.150661 -0.179762 0
0.297951 0.153449 -0.141746 0
-0.259312 0.107938 0.168681 0
0.145342 0.096744 -0.096653 0
-0.253645 0.038393 -0.213945 0
-0.337224 0.074047 0.026753 0
-0.720314 0.044447 0.114523 0
-0.724461 0.059795 0.253519 0
0.222762 0.155411 0.002170 0
0.001529 -0.224335 0.048670 0
-0.651976 0.087641 0.211025 0
0.203531 0.106235 -0.021399 0
0.811173 0.101215 -0.099651 0
0.737236 0.087933 -0.178124 0
0.765630 0.051580 -0.222945 0
0.865753 0.012735 -0.161098 0
-0.706721 0.030915 0.061941 0
0.643675 0.156314 -0.099580 0
0.902731 -0.015871 -0.142401 0
0.475661 0.082556 -0.268594 0
0.655714 0.203806 -0.050263 0
0.044419 -0.609130 0.108020 0
0.047760 -0.429384 0.079811 0
0.022435 -0.544645 0.078538 0
0.040150 -0.350543 0.078894 0
0.670880 0.058441 -0.253074 0
0.170464 0.111186 -0.143209 0
-0.860015 -0.045422 0.100648 0
-0.798523 -0.029469 0.121072 0
0.047266 -0.166481 0.025741 0
-0.908875 -0.074016 0.206415 0
-0.519008 0.053032 -0.050269 0
-0.281297 0.076290 0.104048 0
0.292930 0.155063 -0.043846 0
0.725146 0.068007 -0.216409 0
-0.933483 -0.090996 0.143764 0
0.737386 0.161136 -0.060378 0
0.064801 -0.052244 0.005485 0
0.725007 0.122689 -0.121967 0
-0.047873 -0.040129 -0.096185 0
-0.897126 -0.078994 0.171880 0
-0.570407 0.129176 0.225352 0
-0.099543 -0.046106 -0.144337 0
0.560648 0.201186 -0.079971 0
0.396080 0.134458 -0.145751 0
0.322234 0.170550 -0.096901 0
0.001181 -0.854035 0.116254 0
-0.468791 0.088082 0.101768 0
-0.057434 -0.062832 -0.039505 0
0.711236 0.116282 -0.147101 0
0.418879 0.224651 -0.024840 0
0.515943 0.131734 -0.163460 0
-0.282514 0.055539 0.076636 0
-0.605532 0.099882 0.187645 0
0.016557 -0.253550 0.054246 0
-0.000326 -0.087414 0.029789 0
0.042106 -0.113767 0.062912 0
-0.472064 0.044828 -0.078127 0
0.874337 0.062144 -0.095831 0
-0.191304 0.083383 -0.196360 0
-0.043774 -0.113395 0.076366 0
0.454886 0.142695 -0.201496 0
-0.685154 0.024497 0.092855 0
0.837113 0.085549 -0.150598 0
0.723446 0.036517 -0.253395 0
-0.601691 0.064698 0.032680 0
0.322534 0.162368 -0.055051 0
0.697957 0.091969 -0.188366 0
0.448513 0.229632 -0.023463 0
0.149229 0.049458 -0.006466 0
-0.899785 -0.041064 0.199011 0
-0.880742 -0.082245 0.116705 0
-0.200488 -0.000107 -0.217786 0
-0.132883 -0.018755 0.069811 0
0.267098 0.131450 -0.199498 0
0.390939 0.098840 -0.253434 0
-0.749637 0.066609 0.217117 0
0.110039 0.017187 -0.011752 0
0.353595 0.181414 -0.036302 0
-0.245581 0.035027 0.013297 0
0.504481 0.236318 -0.021400 0
0.353263 0.232060 0.031158 0
0.518626 0.188233 -0.116296 0
0.083176 -0.069847 0.037412 0
0.886322 0.042163 -0.134265 0
0.528681 0.205419 -0.046939 0
0.822282 0.054406 -0.163376 0
0.601939 0.120740 -0.168800 0
0.417601 0.209063 -0.058029 0
-0.769261 0.063776 0.254011 0
0.831736 0.023185 -0.188732 0
0.018640 -0.486805 0.075045 0
-0.357076 0.147897 0.155647 0
-0.370087 0.110191 0.099368 0
-0.398903 0.104285 0.080940 0
0.249095 0.114285 -0.208126 0
-0.205599 0.035938 0.069482 0
0.229281 0.125336 -0.188616 0
-0.950547 -0.124201 0.208332 0
0.031987 -0.692903 0.124234 0
0.354029 0.148759 -0.103184 0
0.068952 -0.651974 0.115930 0
-0.137145 -0.020876 -0.169713 0
0.325162 0.196595 0.011366 0
0.178340 0.123352 0.022989 0
0.776851 0.134719 -0.121430 0
-0.697229 -0.011519 -0.001080 0
0.668710 0.104395 -0.178373 0
-0.314285 0.143509 0.163115 0
0.586124 0.216519 -0.033318 0
0.641839 0.141089 -0.133385 0
0.899678 0.009325 -0.104491 0
0.162571 0.092307 -0.031153 0
-0.132374 0.008674 -0.123960 0
0.032556 -0.722905 0.060264 0
0.051863 -0.761181 0.117861 0
0.443616 0.234898 0.029452 0
0.754405 0.028413 -0.235677 0
-0.642325 0.102676 0.239781 0
-0.301558 0.103187 0.133428 0
-0.857112 -0.055457 0.156864 0
0.106434 0.001980 0.048489 0
0.554733 0.157416 -0.128839 0
-0.367822 0.021264 -0.075042 0
-0.296457 0.078646 0.068345 0
-0.522556 0.083215 0.040025 0
0.876846 -0.017210 -0.185648 0
0.051085 -0.816844 0.094629 0
0.491241 0.188088 -0.114968 0
0.278237 0.161831 -0.016003 0
0.583854 0.155297 -0.124919 0
0.140899 0.070831 -0.019202 0
-0.529853 0.156638 0.207292 0
-0.573324 0.083835 0.132319 0
-0.536674 0.098673 0.095567 0
0.069395 -0.627305 0.107116 0
-0.502616 0.103254 0.135003 0
0.016703 -0.337949 0.087491 0
-0.007556 -0.167391 0.021794 0
-0.463505 0.123575 0.124927 0
-0.198693 0.042510 0.121378 0
-0.733336 -0.010730 0.058098 0
-0.319911 0.096513 0.117187 0
0.654123 0.118935 -0.163523 0
0.570191 0.133723 -0.193981 0
0.071376 -0.692302 0.098013 0
0.478155 0.107269 -0.224558 0
-0.646654 0.056910 0.122719 0
0.601750 0.109153 -0.215307 0
-0.717490 0.068603 0.164249 0
-0.485670 0.155477 0.223473 0
-0.588200 0.117628 0.205046 0
0.709908 0.149533 -0.081651 0
-0.754960 -0.032668 0.030439 0
0.446109 0.167021 -0.116035 0
0.890498 -0.035540 -0.152352 0
0.407859 0.165334 -0.105584 0
0.650613 0.182498 -0.093511 0
0.419784 0.107557 -0.232754 0
-0.793818 0.036678 0.280782 0
0.352231 0.167703 -0.065954 0
-0.532790 0.098098 0.141176 0
0.532297 0.143779 -0.188040 0
-0.017071 -0.032078 0.004311 0
-0.119394 -0.043863 0.070609 0
-0.183295 0.053679 -0.180534 0
-0.729440 0.020563 0.142360 0
0.042370 -0.832309 0.067765 0
-0.018186 -0.161888 0.071552 0
-0.648138 0.037077 -0.003891 0
-0.549732 0.123686 0.152986 0
-0.005912 -0.129428 0.022065 0
0.005234 -0.444544 0.071431 0
0.754320 0.113603 -0.171041 0
-0.038652 -0.079813 -0.022524 0
0.377929 0.160803 -0.097018 0
0.894604 -0.033252 -0.117607 0
0.796561 0.057815 -0.182434 0
-0.579750 0.104967 0.170846 0
0.116811 0.041523 0.003973 0
-0.808428 -0.058513 0.052953 0
0.799172 0.009256 -0.224684 0
-0.605640 0.118177 0.235051 0
0.587467 0.094401 -0.237583 0
-0.379190 0.166487 0.213595 0
0.472275 0.150169 -0.183418 0
0.851840 -0.016217 -0.205812 0
-0.011659 -0.037518 -0.112204 0
-0.328324 0.061980 0.005710 0
0.021405 -0.028940 -0.096447 0
-0.559719 0.071702 0.020093 0
-0.841096 -0.030451 0.195381 0
0.019520 -0.332271 0.059919 0
0.808257 0.037237 -0.195922 0
0.352834 0.141269 -0.198693 0
-0.415437 0.149438 0.196279 0
-0.437482 0.084487 0.030607 0
-0.047587 -0.168081 0.062801 0
0.434329 0.123181 -0.180082 0
-0.472990 0.072769 0.074964 0
0.126788 0.003982 0.004717 0
0.096639 -0.031350 0.003149 0
-0.102344 -0.086704 0.067518 0
0.517799 0.079152 -0.261565 0
-0.079986 -0.075557 0.034137 0
0.772466 0.100403 -0.134336 0
-0.050474 -0.069221 -0.087646 0
-0.491335 0.130419 0.177405 0
0.868107 0.039472 -0.118109 0
-0.482414 0.107822 0.096942 0
0.001041 -0.079224 -0.039062 0
-0.547722 0.110290 0.126187 0
0.045773 -0.457976 0.059560 0
-0.934647 -0.088762 0.224086 0
0.646493 0.097302 -0.197061 0
0.003465 -0.014404 -0.134244 0
0.060178 -0.098692 0.027376 0
0.001346 -0.342276 0.044680 0
0.336263 0.197736 -0.041378 0
0.450316 0.133269 -0.163128 0
0.489346 0.183067 -0.078293 0
-0.522085 0.119796 0.171496 0
-0.017229 -0.060252 0.004130 0
-0.109469 -0.038353 0.096185 0
0.040226 -0.401077 0.088789 0
-0.380157 0.070985 0.004461 0
-0.748485 0.052078 0.161287 0
0.780055 0.141275 -0.068150 0
-0.827510 0.029269 0.253722 0
-0.696451 0.105246 0.244570 0
0.486065 0.214653 -0.059025 0
0.137493 0.081035 -0.070600 0
0.035124 -0.166571 0.066587 0
-0.449155 0.160297 0.188386 0
0.527513 0.098112 -0.228978 0
-0.087766 -0.040177 -0.166595 0
0.772344 0.016470 -0.251854 0
-0.603288 0.125325 0.187883 0
0.494759 0.112606 -0.206614 0
0.034828 -0.181118 0.041682 0
-0.078635 -0.070032 0.078417 0
-0.408858 0.076985 0.078391 0
0.698324 0.193412 -0.047997 0
-0.418824 0.141380 0.148811 0
0.853498 0.083768 -0.133170 0
-0.410373 0.064512 -0.023815 0
0.037235 -0.858643 0.125660 0
-0.587878 0.109302 0.146209 0
-0.096167 -0.062530 -0.092575 0
0.057814 -0.613689 0.088736 0
-0.135892 -0.011801 -0.194661 0
0.825996 0.126386 -0.098134 0
-0.017555 -0.095191 -0.049567 0
-0.639453 0.102780 0.162068 0
-0.255945 0.044780 0.075123 0
0.278064 0.138224 -0.061378 0
0.227963 0.136569 -0.051651 0
0.000412 -0.249929 0.071399 0
0.664838 0.148021 -0.110336 0
0.477663 0.172502 -0.102289 0
0.626017 0.206817 -0.049878 0
-0.004420 -0.833473 0.096881 0
0.029840 -0.267158 0.077786 0
0.476536 0.247111 0.005168 0
0.183953 0.091490 -0.161315 0
0.598349 0.144014 -0.171965 0
-0.618699 0.070646 0.128742 0
-0.882651 -0.046055 0.143153 0
-0.464005 0.074566 -0.001678 0
0.638781 0.138651 -0.169885 0
-0.166558 0.007867 -0.212797 0
0.681295 0.079986 -0.227365 0
0.419991 0.183934 -0.067682 0
0.597840 0.055251 -0.262805 0
-0.069668 -0.097678 0.048429 0
-0.020093 -0.127130 -0.028152 0
-0.051486 -0.134892 0.043114 0
-0.102685 0.004105 -0.161305 0
0.060229 -0.387408 0.071901 0
-0.809987 -0.026277 0.152679 0
0.699931 0.150541 -0.132617 0
-0.444276 0.064136 0.069464 0
0.761639 0.092253 -0.159467 0
-0.520408 0.111234 0.115405 0
0.018377 -0.068604 0.068777 0
-0.853043 -0.022878 0.254640 0
0.369700 0.179795 -0.053055 0
-0.615020 0.092686 0.115054 0
0.013755 -0.135163 0.051817 0
0.798846 0.117884 -0.089100 0
0.487379 0.161926 -0.161778 0
0.365613 0.191327 -0.080725 0
0.237883 0.152120 -0.030605 0
-0.319117 0.119630 0.149515 0
0.023692 -0.558668 0.060145 0
-0.924362 -0.074219 0.246457 0
-0.633962 0.120591 0.207289 0
-0.257496 0.028671 -0.005500 0
-0.170796 -0.013900 0.015650 0
-0.170800 0.031666 -0.199990 0
0.284243 0.209060 0.042642 0
-0.562849 0.151203 0.226693 0
0.066137 -0.034971 0.059593 0
0.252985 0.143627 -0.133362 0
-0.145541 -0.005113 0.094381 0
0.051888 -0.146236 0.040481 0
0.158102 0.105949 -0.123173 0
0.777163 0.148286 -0.102783 0
0.490454 0.124185 -0.177620 0
0.378661 0.130313 -0.226300 0
-0.572203 0.058062 -0.013200 0
-0.877500 -0.048911 0.231541 0
-0.008741 -0.044735 -0.067256 0
-0.144608 -0.020663 0.023400 0
0.321943 0.153757 -0.154011 0
-0.866087 -0.024405 0.163075 0
0.043003 -0.512036 0.102293 0
-0.791410 -0.042958 0.060540 0
-0.345433 0.078209 0.085590 0
0.338207 0.108225 -0.243355 0
-0.504359 0.138278 0.196901 0
0.532470 0.168463 -0.142578 0
0.834846 0.060183 -0.140382 0
0.595450 0.198246 -0.079055 0
-0.659240 0.082395 0.139576 0
0.796458 0.092578 -0.169541 0
0.310430 0.137661 -0.196965 0
-0.703670 0.056351 0.124492 0
-0.387609 0.103673 0.122658 0
0.030039 -0.731936 0.085983 0
-0.207701 0.017240 -0.231372 0
-0.837326 -0.033126 0.095484 0
0.533805 0.219692 -0.013739 0
-0.076908 -0.084584 -0.046871 0
-0.833371 -0.040521 0.156884 0
-0.868928 -0.077652 0.097855 0
0.252891 0.150333 -0.095980 0
0.044284 -0.710372 0.115194 0
-0.947637 -0.113398 0.179939 0
0.520699 0.195541 -0.094953 0
0.087992 0.009401 -0.001184 0
-0.349712 0.172623 0.188877 0
-0.615378 0.049055 -0.004346 0
-0.534974 0.127724 0.192511 0
0.310150 0.193833 -0.023737 0
-0.393983 0.076906 0.022752 0
0.048204 -0.530514 0.077857 0
-0.602978 0.082942 0.088469 0
-0.259786 0.105778 0.142969 0
0.211932 0.100329 -0.181215 0
0.374334 0.206120 -0.007046 0
-0.704480 0.018561 0.102716 0
0.021605 -0.213414 0.084692 0
0.599860 0.163580 -0.142905 0
0.200199 0.114814 0.001510 0
0.062740 -0.028308 0.021553 0
-0.524445 0.079988 0.097990 0
-0.673721 0.070646 0.196487 0
-0.925478 -0.075141 0.162592 0
0.555936 0.089644 -0.251942 0
0.241468 0.165732 -0.004625 0
0.297682 0.114921 -0.231871 0
0.032290 -0.305454 0.061165 0
-0.555095 0.080267 0.108021 0
-0.635581 0.086998 0.189965 0
-0.212931 0.081408 -0.183042 0
0.465228 0.197074 -0.058798 0
0.597657 0.141391 -0.145418 0
0.045984 -0.654532 0.111903 0
-0.354924 0.082745 0.041636 0
-0.846692 -0.024596 0.232459 0
0.685347 0.036852 -0.251944 0
0.646118 0.046277 -0.255137 0
0.620322 0.126227 -0.192098 0
0.755422 0.092015 -0.190374 0
0.089227 -0.000097 0.023795 0
-0.006016 -0.118762 0.072761 0
-0.633741 0.067427 0.066576 0
0.047855 -0.738023 0.116575 0
-0.353444 0.113927 0.114421 0
-0.025970 -0.199538 0.060357 0
0.768102 0.161684 -0.078571 0
0.430754 0.139211 -0.142412 0
0.155158 0.091833 -0.142490 0
0.404862 0.221548 0.003770 0
0.804090 0.126174 -0.069187 0
0.254422 0.154366 -0.050380 0
0.712397 0.161478 -0.060622 0
-0.227949 0.074725 -0.205714 0
0.566419 0.207376 -0.040511 0
-0.007075 -0.087980 0.089118 0
-0.727049 -0.005266 0.007362 0
0.402185 0.176658 -0.078669 0
-0.905395 -0.088842 0.115344 0
-0.273989 0.090351 0.133769 0
-0.831704 -0.002690 0.267386 0
0.418929 0.117913 -0.252281 0
0.055958 -0.749722 0.097246 0
0.037732 -0.644658 0.083663 0
-0.464665 0.062912 -0.039412 0
-0.729769 0.005241 0.099508 0
-0.341307 0.147934 0.184990 0
-0.652634 0.074729 0.107225 0
-0.521082 0.072341 -0.003498 0
0.137136 0.029965 -0.025514 0
0.668132 0.133520 -0.133781 0
0.271083 0.193798 0.014447 0
-0.245688 0.080616 0.132816 0
0.546081 0.137236 -0.152881 0
0.861848 -0.001656 -0.181476 0
0.626296 0.079855 -0.243822 0
0.464001 0.126548 -0.181301 0
0.434726 0.247808 0.014024 0
0.358751 0.207010 0.010061 0
0.028231 -0.557874 0.097339 0
0.050865 -0.068638 0.040046 0
0.670593 0.167760 -0.066217 0
-0.159348 0.000157 0.058375 0
0.491488 0.225464 -0.007476 0
0.217215 0.127802 -0.160389 0
0.008713 -0.050145 -0.032876 0
-0.818090 -0.055376 0.033441 0
0.003784 -0.142745 0.006074 0
0.510109 0.126442 -0.213778 0
0.010684 -0.436264 0.051938 0
-0.685638 0.048743 0.077039 0
-0.177705 0.005618 0.032906 0
-0.228106 0.038030 -0.222983 0
-0.825087 0.008296 0.170358 0
-0.755048 0.028049 0.114374 0
0.056851 -0.665782 0.070106 0
-0.205002 0.068886 -0.208241 0
0.019377 -0.764491 0.107417 0
0.030551 -0.593269 0.122557 0
0.014391 -0.198423 0.047690 0
-0.738032 0.078393 0.263776 0
-0.396445 0.148298 0.161131 0
0.701614 0.139380 -0.151254 0
-0.825792 -0.049134 0.110784 0
-0.204428 0.036979 -0.222096 0
-0.327228 0.064601 0.070666 0
-0.688742 0.013276 0.064822 0
-0.443447 0.127115 0.160280 0
-0.164575 -0.010483 0.105435 0
-0.863531 -0.008493 0.191914 0
0.169549 0.095485 0.019428 0
-0.881227 -0.056764 0.211630 0
-0.384235 0.145933 0.187552 0
-0.451228 0.105684 0.125489 0
-0.493859 0.123012 0.133089 0
0.446369 0.194722 -0.097601 0
-0.897141 -0.067064 0.125899 0
0.819497 0.068760 -0.180890 0
0.050100 -0.584742 0.105182 0
-0.502648 0.063120 -0.033548 0
-0.526168 0.030802 -0.066076 0
-0.912174 -0.038375 0.245320 0
-0.437111 0.102450 0.082361 0
0.726694 0.119369 -0.170221 0
0.833230 0.091446 -0.094222 0
-0.422802 0.160901 0.179535 0
0.324203 0.130583 -0.232259 0
0.583048 0.068336 -0.271514 0
-0.945433 -0.079558 0.254888 0
0.256659 0.174123 0.034788 0
0.754626 0.121739 -0.105303 0
-0.208269 0.020019 0.023802 0
0.398595 0.134938 -0.214921 0
-0.614503 0.078088 0.148519 0
0.782905 0.088395 -0.150450 0
0.514990 0.105754 -0.245073 0
-0.339949 0.132319 0.142739 0
-0.852132 0.010559 0.262278 0
-0.141031 -0.011325 -0.145627 0
0.626592 0.134085 -0.150184 0
0.405295 0.207955 -0.024880 0
-0.177828 -0.010061 0.066865 0
0.278402 0.159228 -0.095589 0
0.634430 0.195056 -0.078735 0
0.533261 0.171681 -0.105636 0
-0.071051 -0.038200 -0.086878 0
-0.547608 0.138063 0.178601 0
0.419338 0.190277 -0.103169 0
0.021329 -0.295068 0.085302 0
-0.395396 0.088038 0.094445 0
0.389703 0.114609 -0.267868 0
-0.099879 -0.066353 0.032496 0
-0.240797 0.080751 0.101504 0
-0.757326 0.009149 0.078628 0
0.011969 -0.719678 0.129875 0
0.027407 -0.739999 0.133035 0
-0.435904 0.095272 0.106273 0
-0.157198 0.008788 -0.179635 0
-0.001109 -0.160820 0.057384 0
-0.628726 0.131528 0.235397 0
-0.763407 -0.008310 0.114483 0
0.590190 0.163315 -0.106166 0
0.780415 0.077775 -0.168969 0
-0.796197 0.042062 0.215800 0
-0.919772 -0.094463 0.186417 0
-0.339054 0.023586 -0.053635 0
0.474048 0.116344 -0.243836 0
-0.288003 0.056829 0.030281 0
-0.464315 0.146035 0.160739 0
0.431687 0.224330 -0.003837 0
0.542815 0.076190 -0.262420 0
0.204542 0.157926 0.040132 0
-0.120158 -0.045813 0.049448 0
0.008666 -0.097472 0.068453 0
-0.550341 0.089677 0.130573 0
0.870439 0.040817 -0.159694 0
0.489677 0.197348 -0.094001 0
-0.648391 0.070282 0.160919 0
0.881812 -0.043804 -0.134536 0
-0.932117 -0.109652 0.133768 0
-0.103724 0.012893 -0.124935 0
0.048935 -0.875907 0.085370 0
0.283836 0.181513 -0.023075 0
0.691026 0.144877 -0.102474 0
0.740634 0.017526 -0.247489 0
-0.786394 -0.001187 0.095676 0
0.063271 -0.112643 0.051090 0
0.811490 -0.025465 -0.227160 0
0.653668 0.069862 -0.246210 0
0.657272 0.194062 -0.068911 0
0.000777 -0.066128 -0.020828 0
0.840030 0.044459 -0.157811 0
-0.465453 0.164881 0.217332 0
-0.363290 0.070646 0.074183 0
0.046195 -0.476773 0.098542 0
-0.643922 0.023220 -0.038595 0
-0.810686 0.037537 0.263254 0
-0.763354 -0.017492 0.090169 0
0.434137 0.141389 -0.204626 0
0.008014 -0.370057 0.078956 0
-0.592865 0.133015 0.242730 0
0.898715 0.022404 -0.125597 0
0.145184 0.079285 0.023650 0
-0.378193 0.101419 0.079493 0
0.032875 -0.567082 0.077500 0
0.670762 0.081386 -0.209331 0
-0.161450 0.009163 0.088635 0
-0.074221 -0.126225 0.062672 0
0.023267 -0.400569 0.064194 0
0.615632 0.067984 -0.263299 0
0.437208 0.192562 -0.059389 0
0.004730 -0.019761 -0.087822 0
-0.620283 0.064877 0.048604 0
-0.890992 -0.051725 0.253877 0
-0.715219 0.036384 0.084557 0
0.849613 0.093096 -0.107050 0
0.001399 -0.833338 0.118726 0
0.034950 -0.419134 0.066961 0
-0.786367 0.008906 0.114892 0
-0.536449 0.158271 0.226966 0
0.314632 0.184668 -0.004272 0
-0.882907 -0.013324 0.245843 0
-0.220539 0.020376 0.069573 0
0.544531 0.107306 -0.207560 0
0.308630 0.149888 -0.069428 0
-0.020680 -0.086184 -0.030721 0
0.039911 -0.766138 0.069922 0
-0.711910 0.030627 0.137721 0
0.183624 0.112507 -0.161625 0
-0.342401 0.111201 0.133258 0
0.295352 0.185686 0.012455 0
-0.503061 0.092791 0.117117 0
0.823190 0.086690 -0.111712 0
0.704580 0.057931 -0.225049 0
0.379148 0.240497 0.033391 0
0.778338 -0.000304 -0.241305 0
0.244222 0.145098 -0.068802 0
-0.219593 0.038111 0.094084 0
0.023733 -0.653977 0.102707 0
0.128278 0.065863 -0.040072 0
0.613709 0.165505 -0.097313 0
-0.463236 0.103357 0.089005 0
0.727407 0.166270 -0.087501 0
-0.483886 0.140953 0.194994 0
-0.103825 -0.025122 -0.170860 0
-0.421389 0.116753 0.106974 0
0.312911 0.187852 -0.050348 0
0.034993 -0.793182 0.080341 0
0.517795 0.244868 -0.006431 0
0.542187 0.191513 -0.070571 0
0.033633 -0.471015 0.069815 0
0.416638 0.158512 -0.170613 0
-0.794778 -0.022034 0.060095 0
-0.282740 0.124256 0.169784 0
0.709275 0.109109 -0.188679 0
-0.159734 0.060572 -0.173368 0
0.068704 -0.071022 0.058318 0
-0.449103 0.038958 -0.076090 0
-0.009161 -0.057610 0.024775 0
-0.432460 0.143880 0.186274 0
-0.551945 0.078861 0.041223 0
0.751670 0.138096 -0.132268 0
-0.198199 0.054832 -0.194965 0
0.059556 -0.529865 0.113575 0
0.599350 0.110445 -0.188930 0
-0.799024 0.010103 0.141953 0
-0.592992 0.078275 0.131288 0
-0.299595 0.070082 0.086661 0
0.875826 -0.032592 -0.171220 0
0.515307 0.163413 -0.125717 0
0.037749 -0.326354 0.044273 0
-0.950861 -0.086952 0.207780 0
0.398716 0.241925 0.039242 0
-0.740737 0.015609 0.068679 0
0.675671 0.192128 -0.049378 0
0.685201 0.111471 -0.190721 0
-0.643521 0.119515 0.251200 0
0.819344 0.088388 -0.160148 0
0.129842 0.080715 -0.097360 0
0.515210 0.217965 -0.023238 0
0.239024 0.176688 0.022553 0
-0.891758 -0.084743 0.134399 0
0.476051 0.212898 -0.032191 0
-0.006024 -0.141900 0.071199 0
-0.188147 0.020666 0.060420 0
-0.103318 -0.004290 -0.104346 0
0.006213 -0.068844 -0.059943 0
0.548242 0.188317 -0.107555 0
0.019309 -0.377454 0.061555 0
0.234605 0.180630 0.042261 0
0.600828 0.185874 -0.105009 0
-0.022439 -0.090093 0.010064 0
-0.674341 0.039527 0.040100 0
0.017482 -0.415216 0.087535 0
0.707641 0.026400 -0.260868 0
0.053331 -0.677792 0.110804 0
0.044821 -0.586919 0.078711 0
0.043948 -0.222602 0.058389 0
0.450426 0.174930 -0.134063 0
0.381578 0.163352 -0.150940 0
0.046223 -0.194685 0.051256 0
0.617619 0.178532 -0.075843 0
0.764190 0.058348 -0.201438 0
-0.837359 -0.073122 0.067396 0
-0.297732 0.088472 0.112935 0
0.048030 -0.835382 0.086796 0
0.166417 0.100144 -0.049661 0
0.021130 -0.586897 0.071498 0
-0.672799 0.104017 0.253175 0
0.225200 0.167280 0.059135 0
-0.089545 -0.070620 0.060052 0
0.162299 0.083097 -0.012390 0
-0.076467 -0.015462 -0.115705 0
-0.479004 0.149624 0.173912 0
0.683647 0.147279 -0.145149 0
0.892803 -0.001252 -0.151821 0
-0.568185 0.071278 0.068506 0
0.031475 -0.151459 0.043203 0
-0.396836 0.133704 0.135137 0
-0.813161 0.031541 0.216687 0
0.636043 0.218574 -0.026996 0
0.668828 0.171836 -0.103984 0
0.238079 0.111251 -0.059319 0
-0.310310 0.091213 0.080261 0
-0.430822 0.169808 0.227305 0
-0.087400 -0.101721 0.033565 0
0.011933 -0.019870 -0.160835 0
-0.026427 -0.107626 -0.022942 0
0.297046 0.147430 -0.160709 0
0.210422 0.115236 -0.194330 0
-0.026817 -0.057677 -0.062047 0
0.549628 0.089748 -0.233062 0
-0.275303 0.010365 -0.038365 0
-0.065052 -0.082710 0.060668 0
0.740471 0.143432 -0.077323 0
-0.865502 -0.002748 0.224350 0
0.017365 -0.505851 0.052652 0
0.514634 0.166131 -0.150970 0
0.417249 0.199273 -0.040768 0
-0.382410 0.158505 0.171229 0
-0.340690 0.043403 -0.041579 0
0.006127 -0.305285 0.054609 0
-0.481926 0.119433 0.152548 0
-0.785036 -0.042447 0.015042 0
-0.032544 -0.046664 -0.080331 0
-0.399821 0.092229 0.059047 0
0.890381 -0.004036 -0.124083 0
-0.814345 0.020770 0.181312 0
0.654061 0.168288 -0.077043 0
0.380351 0.201787 -0.060247 0
0.047367 -0.709858 0.059734 0
-0.381350 0.038709 -0.068708 0
0.015724 -0.127798 0.096215 0
0.031033 -0.238396 0.069561 0
0.516906 0.220839 -0.050513 0
0.377001 0.196986 -0.026066 0
-0.029856 -0.127366 -0.004984 0
-0.352835 0.099444 0.087169 0
0.190293 0.110687 -0.186215 0
-0.545587 0.148975 0.198239 0
0.459982 0.241273 -0.012461 0
-0.494421 0.098135 0.079390 0
0.081681 -0.055804 0.018418 0
0.739541 0.128587 -0.154506 0
0.565074 0.121605 -0.177584 0
0.128306 0.023612 0.014559 0
0.452261 0.202656 -0.076375 0
0.020369 -0.195091 0.072108 0
0.367343 0.156197 -0.162466 0
0.028082 -0.222585 0.046267 0
0.640518 0.158906 -0.143755 0
0.362785 0.211665 -0.021994 0
0.886940 0.023793 -0.151265 0
-0.674362 0.093486 0.179141 0
0.024743 -0.721754 0.114515 0
0.032917 -0.499476 0.070551 0
0.273855 0.146292 -0.044015 0
-0.015536 -0.102175 0.078581 0
0.617892 0.032898 -0.276906 0
-0.169867 -0.018951 0.046753 0
-0.284129 0.087946 0.088571 0
-0.017797 -0.221306 0.049518 0
-0.588340 0.145372 0.227668 0
0.667876 0.128839 -0.173308 0
-0.575527 0.090137 0.096657 0
0.058577 -0.708507 0.098176 0
-0.714294 0.019701 0.041440 0
0.022675 -0.715297 0.075310 0
-0.085035 -0.012011 -0.140587 0
-0.494419 0.111852 0.111805 0
-0.558647 0.124097 0.197568 0
-0.123038 0.026694 -0.133311 0
0.038334 -0.419204 0.041629 0
-0.753563 -0.019364 0.016240 0
0.086599 -0.017090 0.011889 0
-0.076012 -0.036561 -0.146742 0
-0.243655 0.064513 0.078673 0
0.201410 0.136655 0.059167 0
0.391342 0.154879 -0.109859 0
-0.630486 0.097445 0.142394 0
0.299998 0.166447 -0.087667 0
0.269745 0.140345 -0.168932 0
-0.398711 0.161823 0.207786 0
-0.424755 0.065215 0.070009 0
-0.359170 0.128603 0.157113 0
-0.253313 0.096970 0.125525 0
0.574138 0.145827 -0.172441 0
-0.281828 0.123511 0.141324 0
0.072445 -0.565143 0.114157 0
-0.576445 0.046781 -0.039188 0
0.018037 -0.790971 0.124041 0
-0.245468 0.049337 0.053040 0
-0.495121 0.069749 -0.015823 0
-0.573783 0.106875 0.133103 0
-0.956256 -0.105798 0.199310 0
0.597690 0.076229 -0.235072 0
0.035862 -0.442534 0.068629 0
-0.904032 -0.087977 0.153597 0
-0.103123 -0.078565 -0.073590 0
0.048571 -0.628096 0.070198 0
-0.925437 -0.110228 0.155010 0
0.195596 0.124766 -0.098956 0
-0.914686 -0.071634 0.229884 0
-0.489633 0.048088 -0.067473 0
-0.750260 0.047702 0.265599 0
-0.582308 0.054630 0.100459 0
-0.775726 -0.010444 0.058042 0
0.658455 0.034889 -0.286314 0
-0.294054 0.040560 0.050819 0
0.726868 0.179084 -0.069426 0
0.200833 0.147484 0.023462 0
0.200126 0.123374 -0.152560 0
0.699663 0.093420 -0.207538 0
-0.056365 -0.035345 -0.116948 0
-0.835112 0.008475 0.189581 0
0.545609 0.220662 -0.041158 0
0.019646 -0.763184 0.066969 0
-0.678072 0.029759 0.013921 0
0.101124 0.033567 -0.006894 0
-0.771360 -0.008125 0.134741 0
-0.063376 -0.112123 0.070065 0
0.793852 0.035354 -0.224985 0
0.489561 0.194057 -0.062478 0
0.601711 0.214920 -0.015160 0
-0.778915 -0.041898 0.045931 0
-0.368728 0.105004 0.126068 0
-0.011411 -0.018351 -0.122727 0
0.221867 0.138001 0.010258 0
-0.820962 -0.030233 0.077784 0
-0.176310 0.022063 0.087334 0
0.007399 -0.803228 0.099185 0
-0.797318 -0.033121 0.044642 0
-0.635497 0.067788 0.137561 0
0.679322 0.138886 -0.118986 0
0.030645 -0.834384 0.132476 0
0.571630 0.097738 -0.217289 0
-0.614654 0.035719 -0.032125 0
-0.949712 -0.099580 0.244272 0
0.007302 -0.863924 0.133311 0
0.503854 0.201245 -0.051829 0
-0.688120 0.067567 0.133250 0
-0.052960 -0.117915 0.051774 0
0.436601 0.185451 -0.112960 0
0.629795 0.053262 -0.270105 0
0.808339 0.079171 -0.142882 0
0.232238 0.121747 -0.040410 0
0.345450 0.157756 -0.151335 0
-0.001528 -0.459918 0.080473 0
0.072462 -0.564373 0.081282 0
0.041043 -0.877227 0.123749 0
0.602724 0.205945 -0.044634 0
-0.502641 0.081234 0.022320 0
-0.715963 0.082569 0.210024 0
0.623022 0.208002 -0.018014 0
-0.671960 0.111236 0.217875 0
-0.649138 0.104355 0.181501 0
-0.896142 -0.032985 0.215811 0
0.031082 -0.016288 -0.127113 0
-0.122413 -0.040506 -0.124315 0
0.045050 -0.112636 0.032764 0
-0.057922 -0.057279 -0.136945 0
-0.768496 0.049807 0.287508 0
0.019660 -0.031648 -0.059352 0
-0.336651 0.109713 0.106728 0
0.147020 0.093169 -0.059609 0
0.252072 0.166613 -0.020986 0
0.340491 0.185003 -0.023125 0
-0.857886 -0.014159 0.272067 0
0.298018 0.176224 -0.007498 0
-0.933791 -0.078526 0.179205 0
-0.767924 0.043310 0.179141 0
-0.519865 0.132441 0.154912 0
-0.216943 0.033594 0.049957 0
-0.313007 0.074131 0.044702 0
0.343861 0.216089 0.034645 0
0.833843 -0.001062 -0.205760 0
-0.435555 0.069634 -0.012785 0
-0.478177 0.092537 0.050961 0
0.324650 0.220299 0.024550 0
0.116861 0.042729 0.031927 0
0.281396 0.165984 -0.067143 0
0.034541 -0.447511 0.095881 0
0.018477 -0.155659 0.068711 0
0.531319 0.159483 -0.160489 0
0.544410 0.236045 -0.022465 0
0.558822 0.178195 -0.095762 0
-0.909682 -0.040110 0.226734 0
0.070479 -0.095774 0.044515 0
0.659308 0.092703 -0.222304 0
-0.224741 0.069285 0.115335 0
-0.366237 0.138289 0.172020 0
0.810028 0.137747 -0.088025 0
-0.555702 0.088854 0.076477 0
0.561081 0.146165 -0.142404 0
-0.370164 0.090657 0.102641 0
-0.585466 0.079550 0.061320 0
-0.010065 -0.099930 -0.003485 0
-0.670708 0.063545 0.098773 0
0.007645 -0.006849 -0.114568 0
-0.601915 0.092844 0.161378 0
-0.767807 0.054172 0.204700 0
0.487983 0.224020 -0.041286 0
0.089496 -0.573005 0.117505 0
-0.037737 -0.055730 -0.097631 0
-0.451571 0.096050 0.068426 0
0.534964 0.162390 -0.123376 0
-0.941375 -0.068764 0.217366 0
0.570726 0.080215 -0.261797 0
0.321940 0.167545 -0.115284 0
-0.081021 -0.049330 0.052708 0
0.694925 0.183882 -0.066739 0
0.020406 -0.719345 0.096567 0
-0.423295 0.091365 0.051488 0
-0.957335 -0.123741 0.167884 0
0.508678 0.070541 -0.276315 0
0.850965 0.054721 -0.132881 0
0.578077 0.169776 -0.135061 0
-0.027513 -0.016549 -0.140145 0
-0.219897 0.003218 -0.231936 0
0.243009 0.137588 -0.152286 0
-0.286462 0.109172 0.124412 0
-0.838975 -0.024076 0.212692 0
0.829046 0.037528 -0.176976 0
0.473686 0.105145 -0.262214 0
0.683360 0.160039 -0.077422 0
-0.134449 0.039097 -0.144310 0
-0.452549 0.134904 0.141907 0
0.185771 0.110826 -0.013502 0
-0.794882 0.048157 0.239185 0
0.245051 0.135154 -0.032607 0
-0.227720 0.027727 0.014383 0
-0.283236 0.043034 -0.003618 0
0.035316 -0.305700 0.079402 0
-0.784595 0.029319 0.160734 0
0.005456 -0.154486 0.024167 0
-0.268760 0.066254 0.067303 0
0.408252 0.215258 -0.042878 0
0.009410 -0.323004 0.079480 0
-0.270045 0.093308 0.100797 0
0.622666 0.107456 -0.188691 0
0.559064 0.165948 -0.144587 0
-0.881970 -0.038959 0.167318 0
0.310005 0.163866 -0.041637 0
0.730383 0.101011 -0.189689 0
0.214771 0.158537 0.018449 0
-0.436565 0.117937 0.145892 0
-0.190608 0.039608 -0.210258 0
0.865025 -0.046110 -0.179717 0
-0.128299 0.008931 -0.189694 0
0.099920 0.012776 0.032294 0
0.634521 0.072155 -0.229338 0
-0.142180 0.007783 -0.139444 0
-0.122905 -0.012999 0.055533 0
0.577445 0.189808 -0.097463 0
0.224510 0.149390 -0.015064 0
-0.028569 -0.037203 -0.105144 0
0.529922 0.115987 -0.198795 0
0.220277 0.152975 0.048094 0
-0.421435 0.124590 0.123528 0
-0.001263 -0.102353 -0.060620 0
0.411574 0.245256 0.014050 0
0.556897 0.197887 -0.056667 0
-0.840191 0.012976 0.217223 0
0.779463 0.048692 -0.204341 0
0.131388 0.054989 -0.006520 0
0.505436 0.146961 -0.186649 0
-0.365367 0.152673 0.198125 0
0.350089 0.211784 -0.008742 0
-0.745182 -0.021496 0.049256 0
0.183868 0.113003 -0.059631 0
0.474541 0.121989 -0.195513 0
0.478164 0.171588 -0.141609 0
0.214081 0.106160 -0.039063 0
0.018038 -0.461502 0.069594 0
-0.853968 0.007537 0.234088 0
0.256046 0.189762 0.024697 0
0.448825 0.095453 -0.255089 0
-0.778349 -0.031582 0.076210 0
0.034490 -0.105398 0.048591 0
0.008637 -0.374856 0.043631 0
-0.387507 0.114010 0.137698 0
-0.580388 0.139541 0.208523 0
-0.035682 -0.080056 -0.040524 0
-0.007720 -0.194376 0.077842 0
0.801901 0.108352 -0.149503 0
-0.849652 -0.015883 0.152376 0
-0.863313 -0.036199 0.237301 0
0.270668 0.175965 0.018248 0
-0.300060 0.054311 0.013015 0
0.002230 -0.268052 0.070935 0
0.559727 0.051778 -0.278575 0
0.600605 0.039155 -0.277646 0
0.052565 -0.547585 0.083181 0
-0.184312 0.010829 -0.208707 0
0.465148 0.222259 -0.020998 0
0.009645 -0.418133 0.050751 0
-0.657215 0.045583 0.040847 0
0.787805 0.105967 -0.114368 0
0.709105 0.140712 -0.097510 0
-0.857240 -0.083603 0.080175 0
0.166564 0.066648 -0.005988 0
0.280697 0.152588 -0.125184 0
0.039289 -0.494052 0.101966 0
0.311249 0.199543 0.029845 0
-0.340105 0.055539 -0.015426 0
0.056213 -0.501346 0.079630 0
-0.897035 -0.024887 0.252986 0
0.044235 -0.752429 0.080970 0
-0.002805 -0.248961 0.089206 0
0.876776 0.063904 -0.115616 0
0.490143 0.118162 -0.232656 0
0.450687 0.250307 0.022177 0
-0.297788 0.122679 0.158010 0
0.337997 0.181984 -0.079961 0
0.616044 0.140983 -0.169836 0
0.031062 -0.277479 0.061391 0
0.848667 0.049271 -0.176556 0
-0.507539 0.091395 0.051532 0
-0.383464 0.120608 0.117950 0
0.028172 -0.519645 0.075160 0
-0.423961 0.077050 0.014763 0
-0.508753 0.159596 0.207496 0
-0.673803 0.051338 0.143293 0
-0.928362 -0.052747 0.244865 0
-0.522484 0.109828 0.154689 0
-0.143543 -0.015807 0.048225 0
-0.967459 -0.130427 0.207646 0
0.033538 -0.418125 0.095214 0
0.477350 0.181430 -0.124342 0
0.506855 0.186572 -0.075853 0
-0.435272 0.053151 -0.058887 0
-0.731273 -0.000001 0.024049 0
-0.502904 0.142589 0.170929 0
-0.075769 -0.066968 -0.050362 0
0.360485 0.139184 -0.124090 0
0.074739 -0.600167 0.120623 0
-0.768612 0.060769 0.236297 0
-0.659741 0.026743 -0.012920 0
0.107549 0.023902 0.006810 0
-0.092628 -0.035700 0.054116 0
0.640766 0.202764 -0.060147 0
-0.856116 -0.067204 0.110798 0
-0.554144 0.033150 -0.042995 0
-0.411898 0.126481 0.156977 0
0.353788 0.201548 -0.041094 0
-0.502761 0.160568 0.225307 0
0.647559 0.024794 -0.274990 0
0.037727 -0.806186 0.113777 0
0.739583 0.062988 -0.225750 0
-0.021237 -0.150750 0.005452 0
0.112752 0.031503 -0.022134 0
0.614563 0.195891 -0.078860 0
-0.684547 0.062968 0.114299 0
0.432216 0.156239 -0.119245 0
0.558082 0.144046 -0.180085 0
-0.095633 -0.017792 -0.090826 0
0.724427 0.151328 -0.071400 0
-0.241529 0.050776 -0.209599 0
0.634110 0.191039 -0.047759 0
0.355033 0.157656 -0.087735 0
-0.173054 0.064733 -0.190103 0
0.022765 -0.465234 0.104114 0
0.708917 0.121028 -0.175422 0
-0.243305 0.033458 0.069659 0
0.027920 -0.650790 0.070113 0
-0.246503 0.026120 -0.224691 0
0.266166 0.124996 -0.062003 0
0.042050 -0.570242 0.060285 0
0.739182 0.038160 -0.245270 0
0.492645 0.082262 -0.263328 0
-0.063278 -0.083480 -0.033522 0
0.256222 0.189558 0.059519 0
0.870788 0.013687 -0.178113 0
-0.044015 -0.154927 0.074183 0
-0.715760 0.090819 0.236496 0
0.061358 -0.735167 0.127729 0
0.709912 0.074853 -0.225024 0
0.281862 0.175645 0.004487 0
0.628197 0.171981 -0.116340 0
0.542523 0.057842 -0.278188 0
-0.907678 -0.057721 0.253593 0
-0.036610 -0.127622 0.053993 0
-0.423351 0.165228 0.197649 0
0.123541 -0.011531 0.012624 0
0.183178 0.135008 0.057056 0
-0.685463 0.096442 0.206932 0
0.504799 0.192091 -0.104301 0
0.034169 -0.350455 0.062227 0
0.516963 0.137578 -0.198552 0
-0.878387 -0.012491 0.262925 0
-0.535765 0.056827 -0.032438 0
0.007988 -0.180897 0.050070 0
-0.853850 -0.058911 0.083528 0
0.405537 0.176925 -0.123982 0
0.559419 0.126202 -0.205790 0
-0.584340 0.069373 0.090948 0
-0.803469 -0.045636 0.073163 0
0.462462 0.139110 -0.151714 0
0.308532 0.218403 0.033266 0
-0.696610 0.009459 -0.003554 0
0.796493 0.132480 -0.098730 0
0.615614 0.166000 -0.135353 0
0.377567 0.187816 -0.094042 0
0.380211 0.177487 -0.113866 0
-0.883803 -0.018814 0.225899 0
0.570006 0.223928 -0.006779 0
0.029001 -0.514554 0.112694 0
-0.607876 0.054867 0.095475 0
0.740432 0.158917 -0.102740 0
-0.406503 0.158585 0.171284 0
-0.751945 -0.006236 0.097462 0
0.710219 0.166650 -0.095965 0
-0.329499 0.135867 0.180075 0
0.487724 0.237386 0.014614 0
-0.125729 -0.004113 -0.113895 0
-0.185582 0.008057 0.079933 0
-0.522927 0.138483 0.208628 0
-0.702136 0.065542 0.143642 0
0.024927 -0.045781 -0.092932 0
-0.896184 -0.070461 0.194818 0
0.586137 0.119163 -0.208534 0
0.665848 0.208302 -0.030806 0
0.637354 0.172769 -0.079947 0
-0.876087 -0.074262 0.131609 0
-0.714269 -0.000383 0.061087 0
-0.216568 0.054153 0.087701 0
-0.367223 0.135930 0.143397 0
-0.532000 0.136396 0.170116 0
0.171163 0.106492 -0.176878 0
0.012040 -0.530950 0.081784 0
0.641556 0.109973 -0.178393 0
0.733325 0.147397 -0.125610 0
-0.657512 0.061171 0.069101 0
-0.190378 0.032438 0.080088 0
-0.823245 -0.062846 0.066987 0
-0.181242 0.024567 0.107213 0
-0.449558 0.066499 -0.024628 0
0.838876 0.118447 -0.089422 0
-0.769533 -0.043929 0.031360 0
-0.115286 -0.072187 0.038224 0
-0.920775 -0.057704 0.199330 0
0.450873 0.202069 -0.050264 0
-0.896216 -0.056995 0.143480 0
-0.618430 0.128502 0.215152 0
-0.587662 0.064288 0.022066 0
-0.562374 0.113518 0.180181 0
0.044731 -0.403086 0.069647 0
-0.894657 -0.043101 0.178488 0
-0.577362 0.119364 0.161365 0
0.584907 0.064462 -0.254660 0
-0.396967 0.067670 -0.013197 0
0.712616 0.129593 -0.160757 0
0.573810 0.215095 -0.059908 0
-0.121230 -0.034602 -0.097171 0
0.282903 0.172498 -0.051114 0
-0.601533 0.057044 0.011911 0
0.485713 0.130734 -0.215760 0
-0.210668 0.053040 0.129458 0
-0.547865 0.107865 0.161199 0
0.048389 -0.627410 0.109371 0
0.405248 0.169864 -0.142107 0
-0.881864 -0.070893 0.170351 0
0.075656 -0.045716 0.049875 0
-0.657037 0.094649 0.235351 0
0.100681 0.010127 0.014768 0
0.182556 0.117121 -0.080051 0
0.072755 -0.648075 0.095340 0
-0.507178 0.082305 0.098113 0
0.207129 0.129491 -0.125805 0
-0.450004 0.136526 0.176983 0
0.194108 0.118909 0.017399 0
0.027824 -0.629074 0.070988 0
-0.131255 -0.054413 0.059556 0
-0.328625 0.087890 0.104983 0
-0.326848 0.139115 0.151760 0
0.034239 -0.323333 0.061486 0
0.339088 0.169718 -0.114993 0
-0.157679 0.036992 -0.153336 0
0.008825 -0.305449 0.079425 0
0.676800 0.022733 -0.278947 0
-0.867156 -0.047188 0.208663 0
-0.574493 0.027882 -0.062360 0
-0.114780 0.010834 -0.171624 0
0.394081 0.243270 0.021887 0
-0.943953 -0.096858 0.156152 0
0.336667 0.205313 0.022497 0
-0.772045 0.004263 0.087863 0
0.450028 0.175830 -0.099166 0
0.351157 0.135017 -0.216077 0
0.352002 0.181103 -0.090044 0
0.688771 0.114517 -0.160227 0
0.017153 -0.433150 0.086977 0
0.200096 0.092758 -0.031487 0
-0.208682 0.009371 0.004503 0
0.752142 0.048255 -0.233033 0
-0.634051 0.045088 0.001776 0
-0.961053 -0.110710 0.216930 0
0.570169 0.194921 -0.067144 0
0.314134 0.220302 0.050896 0
0.008459 -0.835062 0.135778 0
-0.760487 -0.031196 0.046645 0
0.354397 0.232074 0.050490 0
-0.303933 0.038721 -0.028842 0
0.450761 0.135070 -0.216288 0
0.042916 -0.553913 0.105245 0
-0.089801 -0.109279 0.067282 0
0.814102 0.112675 -0.127181 0
-0.301604 0.117511 0.124033 0
0.722333 0.075762 -0.199405 0
-0.839764 -0.035317 0.179015 0
0.080875 -0.010183 -0.010912 0
0.846356 0.111201 -0.103591 0
0.515568 0.096068 -0.262861 0
-0.559275 0.141606 0.240392 0
0.517024 0.107586 -0.216599 0
-0.328063 0.152615 0.194738 0
0.746812 0.172662 -0.051974 0
0.722447 0.048255 -0.241005 0
0.845606 0.028111 -0.168722 0
-0.000707 -0.061760 0.062452 0
-0.154093 -0.030002 -0.193540 0
-0.935963 -0.086883 0.242709 0
0.312577 0.137031 -0.087245 0
0.609231 0.147931 -0.130635 0
0.001250 -0.484845 0.072377 0
0.227816 0.149219 0.024268 0
0.588235 0.152002 -0.160801 0
0.003081 -0.049449 -0.050826 0
0.017442 -0.488535 0.058130 0
-0.117709 -0.028229 0.061127 0
0.833648 0.036998 -0.198516 0
-0.908441 -0.081819 0.187629 0
0.754039 0.026750 -0.252611 0
0.529361 0.128296 -0.173346 0
-0.670597 0.077983 0.211518 0
0.546076 0.135314 -0.193329 0
0.710242 0.186857 -0.059958 0
0.326714 0.212564 0.003439 0
-0.907725 -0.061577 0.158412 0
0.477094 0.191991 -0.106371 0
0.213964 0.137850 -0.021861 0
0.407514 0.230511 -0.013628 0
-0.041956 -0.133772 0.075984 0
-0.646219 0.111249 0.196761 0
0.896912 -0.051261 -0.153134 0
0.768361 0.147575 -0.088267 0
-0.922082 -0.079211 0.216605 0
0.283632 0.206093 0.024244 0
0.434518 0.103115 -0.272213 0
0.061536 -0.069990 0.005160 0
-0.369724 0.116493 0.141500 0
0.420847 0.149218 -0.189030 0
0.378244 0.189397 -0.042019 0
0.615547 0.050027 -0.261538 0
-0.465085 0.154649 0.187300 0
0.432802 0.216151 -0.020292 0
0.480298 0.098526 -0.239702 0
-0.241170 0.010923 -0.008517 0
-0.662660 0.032819 0.003636 0
-0.767649 0.028748 0.135125 0
0.156380 0.106027 -0.086945 0
0.226188 0.138607 -0.096709 0
0.374782 0.101118 -0.249109 0
0.390600 0.121684 -0.189655 0
-0.004014 -0.116787 -0.013368 0
-0.535552 0.095047 0.079132 0
-0.137185 -0.034793 0.072765 0
-0.750283 0.023139 0.098960 0
-0.007070 -0.868310 0.119791 0
0.271354 0.204433 0.052984 0
0.309772 0.133872 -0.217174 0
-0.177845 0.010060 0.049158 0
-0.508398 0.127167 0.177980 0
0.503634 0.093385 -0.243750 0
0.427322 0.235037 0.023749 0
-0.380209 0.079762 0.032000 0
-0.363441 0.081401 0.087131 0
0.197728 0.122384 -0.016094 0
0.832548 0.013001 -0.214907 0
-0.284970 0.099406 0.105588 0
0.571496 0.115119 -0.215739 0
0.558691 0.165699 -0.114772 0
0.029961 -0.594674 0.105832 0
-0.463017 0.111577 0.103646 0
-0.092916 -0.070698 0.087219 0
0.142149 0.052752 0.012391 0
-0.106330 -0.055825 0.071088 0
0.018141 -0.277207 0.084813 0
0.283449 0.134370 -0.197294 0
0.018445 -0.166380 0.025555 0
-0.420069 0.050377 -0.065321 0
-0.942539 -0.101079 0.215949 0
-0.865133 -0.056201 0.174277 0
-0.801993 0.032489 0.199529 0
0.462055 0.093009 -0.265044 0
-0.200908 0.053642 -0.214788 0
-0.397573 0.067642 0.070330 0
0.889056 -0.022795 -0.168287 0
0.464403 0.158926 -0.171558 0
0.043679 -0.532049 0.060723 0
0.378004 0.124433 -0.243204 0
0.018080 -0.627036 0.112905 0
0.877343 0.024988 -0.125511 0
-0.497943 0.148855 0.185679 0
0.685727 0.134749 -0.162128 0
-0.080521 -0.058917 -0.126145 0
0.667059 0.122775 -0.153701 0
-0.475524 0.118892 0.114337 0
-0.716470 0.009364 0.023805 0
0.838998 0.075568 -0.108010 0
0.593502 0.094684 -0.215684 0
0.561168 0.234865 -0.022280 0
0.054645 -0.125377 0.057453 0
-0.846826 -0.064596 0.055470 0
-0.717758 -0.016133 0.020282 0
0.463153 0.110592 -0.218195 0
-0.823089 -0.000479 0.150715 0
0.045546 -0.873356 0.069094 0
0.057811 -0.693134 0.088449 0
0.639822 0.212784 -0.042100 0
-0.617506 0.114694 0.180431 0
0.199343 0.096818 -0.170972 0
-0.615104 0.064447 0.113771 0
-0.001921 -0.234892 0.078006 0
-0.670349 0.057887 0.079470 0
-0.806741 -0.023031 0.073197 0
0.682428 0.063660 -0.224731 0
0.612209 0.212940 -0.056704 0
0.903119 -0.000478 -0.134068 0
-0.011391 -0.113161 -0.034667 0
0.654147 0.183244 -0.054723 0
0.075420 -0.581725 0.117038 0
-0.452763 0.078214 0.013541 0
-0.700674 0.077389 0.161863 0
-0.153301 0.007321 0.041750 0
0.601258 0.179258 -0.078193 0
0.460661 0.113134 -0.253001 0
-0.394260 0.048971 -0.061608 0
0.612479 0.069783 -0.238680 0
0.027839 -0.597403 0.060646 0
0.701779 0.045101 -0.256233 0
0.504141 0.137868 -0.153656 0
-0.449163 0.057513 -0.041238 0
