-0.174213 -0.702658 -0.298437 0
0.578449 0.811806 -0.268427 0
-0.466379 -0.018303 0.080960 0
0.174145 0.538386 -0.165311 0
-0.134156 -0.209083 -0.289405 0
-0.387835 -0.118607 -0.182746 0
0.043737 0.320258 -0.291491 0
-0.065676 0.058398 -0.272175 0
0.356220 0.703660 -0.219522 0
-0.189380 -0.450988 -0.296250 0
-0.028368 -0.557999 -0.261651 0
-0.064692 0.216599 -0.223712 0
-0.287333 -0.213097 -0.261265 0
-0.405397 -0.024782 -0.061547 0
0.127722 0.447804 -0.279058 0
-0.171575 -0.853265 -0.288283 0
0.263231 0.605285 -0.242981 0
-0.204176 -0.321887 -0.268820 0
0.480295 0.735132 -0.230976 0
-0.185434 -0.576779 -0.301101 0
0.042330 0.408855 -0.203401 0
-0.047824 0.156302 -0.312427 0
-0.011405 0.306163 -0.198703 0
-0.280788 -0.132445 -0.191266 0
-0.092300 -0.630252 -0.295531 0
0.318749 0.630035 -0.165536 0
0.175770 0.531311 -0.259693 0
0.105040 0.477089 -0.185743 0
-0.007480 0.242613 -0.303645 0
-0.338036 -0.069649 -0.120148 0
-0.114560 -0.117650 -0.282552 0
-0.096925 -0.029464 -0.274308 0
-0.092461 0.132911 -0.224917 0
-0.466279 -0.051045 -0.006759 0
-0.114346 -0.560672 -0.251293 0
-0.430906 -0.084454 -0.116978 0
0.249010 0.581369 -0.164764 0
0.066876 0.396967 -0.278110 0
-0.158210 -0.378163 -0.295615 0
-0.219967 -0.246271 -0.244482 0
-0.168327 -0.778003 -0.275327 0
-0.153765 -0.279914 -0.303430 0
-0.336050 -0.161135 -0.229044 0
-0.180335 -0.146231 -0.294149 0
-0.151321 -0.646714 -0.256813 0
0.427101 0.696642 -0.203565 0
-0.252183 -0.277961 -0.299075 0
-0.127215 0.036037 -0.247473 0
0.517020 0.791501 -0.244461 0
0.044916 0.341079 -0.226836 0
-0.016379 0.189182 -0.262653 0
-0.091141 0.016774 -0.323036 0
0.298115 0.663729 -0.219876 0
0.024134 0.272618 -0.249111 0
0.105571 0.419637 -0.223128 0
0.224229 0.554848 -0.220964 0
-0.164303 -0.511386 -0.288127 0
0.157245 0.476527 -0.228615 0
-0.123616 -0.063215 -0.321537 0
-0.251958 -0.179067 -0.223265 0
-0.044677 0.116319 -0.265528 0
0.368023 0.664302 -0.174473 0
-0.064926 0.098019 -0.319426 0
-0.331633 -0.104957 -0.168591 0
-0.433878 -0.015193 0.027311 0
-0.451579 -0.069947 -0.059827 0
-0.022967 0.255159 -0.223984 0
-0.188951 -0.634135 -0.296462 0
0.425707 0.750010 -0.220299 0
-0.134290 -0.067702 -0.266244 0
-0.181505 -0.234929 -0.292635 0
-0.071433 -0.528615 -0.247412 0
-0.388386 -0.053464 -0.107427 0
-0.072765 -0.588484 -0.268099 0
-0.106625 0.083918 -0.237621 0
-0.162527 -0.097699 -0.305725 0
0.282025 0.609774 -0.195394 0
0.185588 0.514662 -0.208838 0
-0.165959 -0.329329 -0.306746 0
-0.137053 -0.668071 -0.300105 0
-0.378619 -0.095897 -0.138786 0
-0.055321 0.168391 -0.240326 0
-0.203149 -0.361656 -0.306920 0
-0.134462 -0.160104 -0.304888 0
-0.034816 0.202626 -0.305059 0
0.078274 0.381845 -0.232688 0
-0.121341 -0.609186 -0.264421 0
-0.419895 -0.014780 -0.017830 0
0.024917 0.277661 -0.296885 0
-0.089772 0.018086 -0.268892 0
0.139073 0.507573 -0.175999 0
0.344181 0.658157 -0.214828 0
0.216636 0.600071 -0.226952 0
0.014505 0.362792 -0.199603 0
-0.295345 -0.174239 -0.210455 0
0.004045 0.233916 -0.260968 0
-0.173249 -0.189529 -0.304265 0
0.065187 0.353532 -0.266904 0
-0.469260 -0.038963 0.038081 0
0.151053 0.484955 -0.271217 0
-0.350416 -0.128514 -0.203707 0
0.213887 0.555378 -0.170634 0
-0.106799 -0.023362 -0.317464 0
0.258434 0.640065 -0.214326 0
-0.257290 -0.248271 -0.265226 0
-0.161369 -0.831876 -0.323523 0
-0.078467 0.056905 -0.317854 0
-0.233875 -0.286778 -0.261965 0
0.389639 0.728615 -0.219343 0
-0.186743 -0.409659 -0.296495 0
0.257455 0.579968 -0.209699 0
0.390980 0.682289 -0.216006 0
0.196639 0.564869 -0.249292 0
-0.413018 -0.067779 -0.078231 0
-0.250290 -0.219502 -0.237187 0
0.083411 0.447709 -0.203998 0
-0.158863 -0.736090 -0.281788 0
-0.153984 -0.815572 -0.287341 0
0.022694 0.306803 -0.227697 0
0.127101 0.453309 -0.215484 0
0.098101 0.419127 -0.265754 0
0.318679 0.628622 -0.205419 0
-0.432512 -0.053421 -0.027476 0
0.482753 0.776671 -0.231522 0
-0.313797 -0.189914 -0.243556 0
-0.158977 -0.115487 -0.271316 0
0.550436 0.785439 -0.263250 0
-0.318006 -0.141961 -0.187008 0
-0.164427 -0.604233 -0.284703 0
-0.028491 0.217006 -0.239614 0
-0.034430 0.153511 -0.276971 0
-0.134898 -0.121835 -0.314211 0
-0.187893 -0.539794 -0.294873 0
-0.139700 -0.248108 -0.290173 0
-0.413222 -0.104756 -0.148273 0
0.511654 0.755052 -0.243515 0
0.446798 0.720075 -0.230498 0
0.045986 0.314182 -0.254868 0
-0.120570 -0.003118 -0.257842 0
-0.075259 0.089831 -0.254808 0
-0.111672 -0.079543 -0.291729 0
-0.163188 -0.683357 -0.270344 0
-0.229413 -0.304923 -0.293168 0
-0.095575 0.051193 -0.254696 0
-0.174543 -0.302127 -0.285438 0
-0.127152 -0.638692 -0.282838 0
-0.163511 -0.476243 -0.290450 0
0.288042 0.608904 -0.160881 0
0.321687 0.685759 -0.206225 0
-0.031609 -0.525624 -0.250660 0
-0.279991 -0.200777 -0.225468 0
0.132176 0.463304 -0.249052 0
-0.053418 0.124255 -0.297430 0
-0.166169 -0.079564 -0.277236 0
0.050209 0.374744 -0.215276 0
-0.178027 -0.363588 -0.272463 0
-0.277423 -0.231340 -0.287856 0
-0.435944 -0.043270 0.005030 0
-0.322039 -0.079946 -0.147546 0
-0.064146 0.136676 -0.245046 0
-0.186075 -0.670067 -0.290422 0
-0.066171 0.088289 -0.286640 0
-0.380976 -0.031527 -0.082900 0
-0.160413 -0.220922 -0.313921 0
0.170450 0.502415 -0.244802 0
-0.079209 -0.561380 -0.250792 0
-0.137691 -0.032158 -0.260873 0
0.342747 0.644859 -0.185050 0
0.189419 0.540950 -0.227781 0
-0.162389 -0.433197 -0.292311 0
-0.002670 0.282556 -0.219254 0
-0.168030 -0.170297 -0.276173 0
0.202061 0.540098 -0.197501 0
0.138128 0.482294 -0.195839 0
0.401439 0.688046 -0.186186 0
-0.091074 -0.000120 -0.295859 0
-0.442129 -0.015282 0.060490 0
-0.079527 0.037012 -0.293039 0
0.244647 0.608610 -0.214943 0
-0.305864 -0.109995 -0.186184 0
-0.203180 -0.288331 -0.254677 0
-0.396971 -0.083866 -0.116134 0
-0.442375 -0.080441 -0.088025 0
0.077242 0.405643 -0.212238 0
-0.190410 -0.494893 -0.293621 0
-0.013030 0.217596 -0.285618 0
-0.157793 -0.066385 -0.307175 0
-0.182025 -0.268964 -0.296032 0
0.456619 0.755386 -0.229579 0
0.120165 0.432343 -0.248145 0
0.290860 0.629370 -0.219459 0
0.025914 0.298263 -0.273699 0
0.017373 0.333013 -0.207676 0
0.006435 0.260315 -0.276984 0
-0.361327 -0.113200 -0.166225 0
-0.267305 -0.159550 -0.205038 0
0.415121 0.709444 -0.228555 0
-0.426609 -0.046487 -0.058485 0
-0.107587 -0.049880 -0.297455 0
-0.350296 -0.090945 -0.148806 0
-0.163962 -0.650003 -0.285062 0
-0.215714 -0.334770 -0.300735 0
0.231660 0.566860 -0.194142 0
0.161392 0.501800 -0.196253 0
-0.080961 0.171102 -0.224756 0
-0.179038 -0.755050 -0.293607 0
-0.171391 -0.205496 -0.279165 0
-0.070712 -0.614806 -0.281889 0
-0.133554 -0.091252 -0.320401 0
-0.160940 -0.252675 -0.311725 0
-0.372382 -0.070323 -0.125264 0
-0.048786 0.243331 -0.216979 0
-0.043682 -0.586331 -0.269171 0
0.364373 0.677054 -0.205382 0
-0.165405 -0.559858 -0.288447 0
-0.143641 -0.187504 -0.307967 0
-0.125064 -0.146492 -0.281096 0
0.053026 0.350935 -0.293063 0
-0.361782 -0.045048 -0.099524 0
-0.148403 -0.312836 -0.290532 0
-0.040341 0.177957 -0.292154 0
-0.145982 -0.616825 -0.252585 0
-0.135436 -0.586770 -0.254417 0
-0.180614 -0.113921 -0.291236 0
-0.191307 -0.339248 -0.287461 0
-0.174517 -0.392650 -0.277975 0
-0.133952 -0.095118 -0.271616 0
-0.026806 0.275569 -0.205323 0
0.093157 0.394538 -0.253543 0
-0.153831 -0.138924 -0.298597 0
0.002029 0.258232 -0.240300 0
-0.046630 0.196137 -0.236944 0
0.066000 0.354984 -0.237955 0
-0.126893 -0.178377 -0.285862 0
-0.158799 -0.053131 -0.277590 0
-0.187931 -0.384233 -0.308022 0
-0.102900 -0.584677 -0.257181 0
0.062394 0.427198 -0.202509 0
-0.441813 -0.016302 0.001370 0
0.307201 0.612301 -0.182454 0
0.271154 0.587916 -0.183809 0
-0.176625 -0.356623 -0.306948 0
-0.115922 -0.048227 -0.270636 0
-0.149482 -0.839012 -0.275195 0
-0.084710 0.109995 -0.239952 0
0.448139 0.720119 -0.203771 0
0.529185 0.770639 -0.255819 0
-0.187130 -0.606909 -0.297838 0
-0.406033 -0.039550 -0.083568 0
0.318956 0.656088 -0.205964 0
-0.456662 -0.062204 -0.032174 0
-0.176603 -0.290853 -0.309642 0
-0.424995 -0.019597 -0.042904 0
-0.179569 -0.728066 -0.296646 0
0.381207 0.704772 -0.226494 0
-0.095176 -0.609367 -0.275295 0
-0.034411 0.169239 -0.256549 0
0.176259 0.522966 -0.185772 0
0.217125 0.574427 -0.237083 0
-0.238603 -0.262242 -0.251672 0
-0.055439 -0.552539 -0.253271 0
-0.153908 -0.353518 -0.290843 0
0.055518 0.374266 -0.283225 0
-0.161519 -0.406390 -0.296374 0
0.272173 0.605556 -0.218414 0
0.046196 0.335712 -0.268235 0
-0.338235 -0.127898 -0.176668 0
0.229372 0.581199 -0.214730 0
-0.118914 0.062374 -0.241906 0
-0.444372 -0.036955 0.035011 0
-0.120564 -0.101133 -0.301288 0
0.074223 0.376226 -0.262057 0
-0.165634 -0.142089 -0.274516 0
-0.098706 -0.004992 -0.269697 0
-0.165989 -0.165990 -0.306489 0
0.387283 0.669490 -0.194339 0
-0.311714 -0.090443 -0.167522 0
-0.157715 -0.684359 -0.298067 0
-0.330432 -0.148979 -0.208475 0
-0.246049 -0.268722 -0.274097 0
-0.385613 -0.108492 -0.158547 0
0.027566 0.383180 -0.202822 0
-0.021520 0.193065 -0.286174 0
-0.293328 -0.152185 -0.197895 0
-0.464779 -0.033207 0.061256 0
0.107658 0.456373 -0.197889 0
-0.170003 -0.789910 -0.296211 0
-0.012065 0.216186 -0.259166 0
0.412195 0.733020 -0.231330 0
-0.193422 -0.378538 -0.285457 0
-0.053327 0.092623 -0.267112 0
-0.215748 -0.268445 -0.252374 0
-0.095381 -0.544658 -0.246611 0
-0.271174 -0.226413 -0.250311 0
-0.011642 0.239006 -0.240042 0
-0.177305 -0.078018 -0.300973 0
0.277646 0.656547 -0.210723 0
-0.165318 -0.536323 -0.288706 0
-0.314998 -0.173595 -0.223369 0
0.345828 0.681077 -0.219712 0
0.119416 0.495240 -0.179545 0
-0.263521 -0.258026 -0.294117 0
-0.065492 0.114709 -0.252885 0
0.033871 0.355929 -0.212616 0
-0.436408 -0.032318 -0.018415 0
-0.159660 -0.710720 -0.282144 0
-0.410698 -0.070450 -0.103085 0
-0.180729 -0.477161 -0.305982 0
-0.178712 -0.520109 -0.304083 0
0.152595 0.506976 -0.258895 0
0.093942 0.399640 -0.230951 0
-0.167024 -0.627312 -0.293993 0
0.178090 0.551576 -0.244839 0
0.359884 0.653340 -0.197934 0
-0.456761 -0.043649 0.014920 0
0.163215 0.496888 -0.218700 0
0.184212 0.520339 -0.240321 0
0.236874 0.605319 -0.236395 0
-0.455891 -0.017799 0.040142 0
-0.068793 0.069179 -0.301073 0
0.031588 0.299517 -0.298359 0
-0.206952 -0.310978 -0.288756 0
-0.108655 0.021449 -0.256426 0
-0.180994 -0.432198 -0.306073 0
-0.148126 -0.144233 -0.320018 0
-0.157826 -0.761532 -0.288474 0
-0.071466 0.036398 -0.271674 0
0.106153 0.411740 -0.245763 0
0.055285 0.335617 -0.246262 0
0.085295 0.409403 -0.282584 0
0.156360 0.524828 -0.168960 0
0.249676 0.580419 -0.187376 0
0.034511 0.296724 -0.246151 0
-0.113115 -0.638990 -0.300576 0
-0.371528 -0.123004 -0.197865 0
-0.005268 0.240876 -0.281241 0
0.010437 0.260557 -0.299375 0
-0.151165 -0.114422 -0.295813 0
-0.045918 0.150139 -0.253561 0
-0.242601 -0.241401 -0.244490 0
0.020812 0.276710 -0.270873 0
-0.090485 0.074060 -0.250723 0
-0.076170 0.148834 -0.230923 0
0.399746 0.702470 -0.213229 0
0.202102 0.559056 -0.226156 0
0.150176 0.488314 -0.247201 0
0.466626 0.734738 -0.213547 0
0.495950 0.754169 -0.227925 0
-0.048907 0.137086 -0.279555 0
0.006769 0.313931 -0.210509 0
-0.104650 -0.000587 -0.322610 0
-0.148249 -0.083804 -0.296521 0
-0.016185 0.222964 -0.307986 0
-0.224043 -0.305886 -0.266074 0
0.106616 0.438123 -0.209912 0
-0.251991 -0.196360 -0.236563 0
-0.172867 -0.252360 -0.282766 0
0.205690 0.530149 -0.218143 0
-0.132831 0.015627 -0.252314 0
-0.135305 -0.116642 -0.273566 0
0.270447 0.595491 -0.163583 0
0.502707 0.775518 -0.246879 0
0.139654 0.467014 -0.274937 0
-0.200742 -0.359154 -0.279477 0
-0.178386 -0.586246 -0.283069 0
-0.064853 0.186240 -0.231255 0
0.195020 0.539789 -0.177194 0
-0.160687 -0.843502 -0.305461 0
0.086032 0.425145 -0.210181 0
-0.058319 0.118428 -0.318955 0
-0.297507 -0.188897 -0.228668 0
-0.081375 0.035738 -0.318582 0
0.108246 0.437359 -0.270410 0
0.258309 0.622302 -0.226209 0
0.036680 0.322159 -0.232682 0
-0.181810 -0.316695 -0.299263 0
-0.154666 -0.794163 -0.277559 0
0.014900 0.285624 -0.235049 0
-0.275466 -0.179972 -0.215280 0
0.561919 0.803194 -0.258312 0
-0.144761 -0.226835 -0.300949 0
0.231777 0.568192 -0.173017 0
0.130615 0.444612 -0.234454 0
-0.110859 -0.625404 -0.281106 0
-0.352872 -0.076951 -0.133246 0
-0.098209 -0.019857 -0.296461 0
-0.410073 -0.092190 -0.131797 0
-0.428808 -0.069085 -0.064544 0
-0.052833 0.108485 -0.283689 0
-0.178804 -0.212893 -0.297274 0
0.219401 0.551340 -0.200898 0
-0.126001 -0.133999 -0.299763 0
0.087445 0.462534 -0.190151 0
-0.101830 -0.063729 -0.282791 0
-0.313174 -0.158490 -0.202377 0
0.302702 0.615606 -0.204869 0
-0.396974 -0.058888 -0.087629 0
-0.034207 0.235487 -0.229252 0
-0.102522 0.106207 -0.230330 0
0.534917 0.798634 -0.251705 0
-0.142039 -0.268478 -0.288529 0
0.443736 0.739121 -0.223371 0
-0.026345 0.172413 -0.276527 0
-0.152834 -0.662072 -0.272690 0
-0.113250 -0.044472 -0.316454 0
0.248070 0.590973 -0.224719 0
-0.072314 0.078971 -0.318735 0
-0.064045 -0.571166 -0.260377 0
-0.230416 -0.225320 -0.241403 0
-0.178926 -0.555965 -0.303419 0
0.060989 0.393390 -0.212086 0
-0.165742 -0.457173 -0.297043 0
-0.239524 -0.287855 -0.286681 0
0.121321 0.449744 -0.259495 0
-0.090471 0.019015 -0.302502 0
-0.059114 0.139505 -0.312321 0
-0.446242 -0.023520 0.078493 0
0.431888 0.713371 -0.218073 0
0.242116 0.565947 -0.211472 0
-0.169453 -0.121881 -0.305931 0
-0.150479 -0.164272 -0.319148 0
0.141859 0.466782 -0.217437 0
-0.053690 -0.522959 -0.254887 0
-0.161176 -0.309941 -0.305864 0
-0.180941 -0.429003 -0.286167 0
0.302959 0.640920 -0.206284 0
-0.210353 -0.337044 -0.281667 0
-0.415618 -0.037133 -0.043143 0
-0.275474 -0.233903 -0.268224 0
-0.161372 -0.200115 -0.316163 0
-0.447311 -0.048164 -0.013480 0
-0.169654 -0.496594 -0.300240 0
0.335990 0.639818 -0.203024 0
0.327204 0.668764 -0.218775 0
-0.179323 -0.094608 -0.287021 0
-0.300430 -0.130216 -0.191781 0
0.013257 0.256391 -0.256472 0
-0.438825 -0.055912 -0.046041 0
-0.319010 -0.123857 -0.176351 0
-0.290257 -0.201925 -0.242140 0
0.124083 0.468960 -0.198492 0
-0.037998 0.260225 -0.209945 0
-0.063828 0.103487 -0.299011 0
0.264553 0.596716 -0.202763 0
-0.118086 -0.029675 -0.265175 0
-0.179180 -0.466175 -0.285071 0
-0.031903 0.190452 -0.248186 0
-0.268474 -0.213380 -0.234649 0
0.330821 0.629536 -0.187496 0
-0.140697 -0.630532 -0.265087 0
0.352174 0.653830 -0.170819 0
0.181035 0.506535 -0.227309 0
-0.167423 -0.827458 -0.294202 0
-0.037125 0.136619 -0.263921 0
0.197682 0.552101 -0.160935 0
0.365439 0.685339 -0.222622 0
-0.176149 -0.656850 -0.300082 0
-0.109096 -0.095243 -0.281136 0
-0.123380 -0.078870 -0.309999 0
-0.173878 -0.283156 -0.284463 0
-0.053799 -0.601731 -0.273828 0
-0.182864 -0.692369 -0.285009 0
0.287376 0.599133 -0.177136 0
-0.348579 -0.058223 -0.109267 0
-0.145070 -0.289439 -0.289511 0
0.034134 0.315212 -0.271496 0
0.459029 0.735782 -0.234056 0
-0.042853 0.157984 -0.294224 0
-0.170151 -0.754645 -0.275950 0
0.302181 0.675414 -0.205707 0
0.199121 0.579421 -0.234967 0
-0.138525 -0.008637 -0.257947 0
-0.044829 0.220094 -0.230757 0
-0.424289 -0.025469 -0.003079 0
-0.445317 -0.027243 0.018785 0
0.484533 0.748086 -0.243682 0
0.269791 0.625941 -0.210048 0
-0.155748 -0.097258 -0.270047 0
-0.177902 -0.773934 -0.291083 0
0.118389 0.434328 -0.225095 0
-0.177823 -0.179822 -0.288635 0
-0.077259 0.055033 -0.286183 0
0.471784 0.762378 -0.237502 0
0.004775 0.342224 -0.197775 0
-0.142132 -0.205813 -0.307082 0
-0.063740 0.075608 -0.266003 0
0.405631 0.682441 -0.203171 0
-0.173004 -0.595504 -0.300424 0
-0.170878 -0.273714 -0.312635 0
-0.167926 -0.223468 -0.279427 0
-0.403603 -0.111655 -0.162212 0
-0.408309 -0.049143 -0.068171 0
-0.151182 -0.330861 -0.291336 0
0.151709 0.486782 -0.208766 0
-0.345377 -0.146872 -0.222503 0
0.428949 0.725811 -0.232040 0
-0.355811 -0.123415 -0.180283 0
0.065314 0.370855 -0.226081 0
-0.178343 -0.615730 -0.282460 0
-0.448405 -0.030229 0.052248 0
-0.164308 -0.670931 -0.287740 0
-0.204060 -0.304556 -0.262800 0
-0.346918 -0.108380 -0.156290 0
-0.183330 -0.561151 -0.285936 0
-0.177245 -0.250554 -0.300807 0
-0.425766 -0.075209 -0.093012 0
0.166584 0.520277 -0.244088 0
0.141268 0.473720 -0.237499 0
-0.146170 -0.056996 -0.296245 0
-0.077743 0.127008 -0.238284 0
-0.039446 0.181713 -0.309722 0
0.230952 0.589263 -0.231079 0
-0.183670 -0.364753 -0.291421 0
-0.084238 0.005396 -0.280285 0
-0.333655 -0.096242 -0.152614 0
-0.090922 0.090753 -0.244371 0
0.050428 0.358460 -0.222608 0
-0.090940 0.035827 -0.262494 0
0.333394 0.639928 -0.167617 0
-0.420060 -0.032764 -0.026483 0
0.009120 0.295758 -0.220910 0
0.518400 0.773343 -0.238832 0
-0.365781 -0.057658 -0.114692 0
-0.183064 -0.524833 -0.286635 0
0.196701 0.547899 -0.244150 0
-0.178544 -0.740640 -0.282851 0
-0.363854 -0.102260 -0.150303 0
-0.131519 -0.652565 -0.293681 0
-0.151540 -0.068554 -0.269889 0
-0.190563 -0.333886 -0.270662 0
-0.171852 -0.127559 -0.284368 0
0.244780 0.628847 -0.217083 0
-0.175052 -0.718838 -0.279637 0
0.084673 0.407841 -0.265029 0
0.416466 0.695286 -0.218292 0
-0.035899 -0.542406 -0.253226 0
-0.012180 0.203479 -0.275324 0
-0.141540 -0.644915 -0.274961 0
-0.132100 -0.048442 -0.263705 0
-0.077487 0.065796 -0.261658 0
0.147079 0.469793 -0.255346 0
0.339481 0.695318 -0.211921 0
-0.172066 -0.390682 -0.304923 0
-0.175234 -0.680238 -0.299465 0
-0.397292 -0.101442 -0.139088 0
-0.406406 -0.018032 -0.045574 0
-0.167869 -0.808336 -0.294823 0
-0.173248 -0.064569 -0.282199 0
-0.020204 0.290904 -0.200769 0
-0.336383 -0.076840 -0.138427 0
-0.149464 -0.043969 -0.265340 0
-0.184417 -0.647262 -0.286288 0
-0.169197 -0.235674 -0.304632 0
-0.237381 -0.208281 -0.238912 0
0.406016 0.720428 -0.219040 0
-0.092307 -0.595781 -0.264782 0
-0.168410 -0.188755 -0.277173 0
-0.203572 -0.349949 -0.294479 0
-0.334769 -0.141216 -0.193894 0
0.566315 0.799677 -0.274431 0
0.533976 0.783342 -0.244202 0
-0.426960 -0.023015 0.013553 0
-0.122592 -0.575629 -0.253756 0
-0.389655 -0.022163 -0.067445 0
0.231226 0.615155 -0.223095 0
0.144841 0.496392 -0.189101 0
0.288274 0.607142 -0.210976 0
-0.117708 -0.077129 -0.276032 0
0.038742 0.336243 -0.288667 0
0.306625 0.627705 -0.193497 0
0.376783 0.692341 -0.212197 0
0.374041 0.659769 -0.189625 0
-0.002106 0.225343 -0.274176 0
-0.006037 0.267960 -0.227064 0
0.156625 0.513186 -0.181185 0
-0.052620 0.133805 -0.257852 0
-0.179450 -0.339175 -0.304316 0
-0.156958 -0.781816 -0.289197 0
-0.043156 -0.570149 -0.264489 0
-0.173802 -0.373156 -0.305503 0
0.367661 0.715963 -0.218528 0
-0.378174 -0.041455 -0.100743 0
-0.108993 0.041927 -0.250565 0
-0.079985 -0.602267 -0.274773 0
-0.174194 -0.061577 -0.304601 0
0.072932 0.366336 -0.248100 0
-0.166337 -0.580824 -0.293315 0
-0.050914 -0.537719 -0.246989 0
0.340273 0.657374 -0.198607 0
-0.388181 -0.070140 -0.106987 0
0.021790 0.321623 -0.220105 0
0.290856 0.646490 -0.216311 0
-0.170761 -0.417847 -0.304190 0
0.273133 0.642172 -0.221837 0
-0.152950 -0.238163 -0.310291 0
-0.432315 -0.038091 -0.036329 0
0.305497 0.620069 -0.165690 0
-0.435949 -0.024276 0.041535 0
-0.258715 -0.233667 -0.238742 0
-0.096652 -0.044489 -0.281233 0
-0.141302 -0.107771 -0.320115 0
-0.180262 -0.484536 -0.285673 0
-0.263111 -0.244036 -0.285334 0
0.079804 0.388537 -0.272212 0
-0.122747 -0.117921 -0.297956 0
-0.087902 -0.574461 -0.255787 0
-0.096577 -0.560696 -0.250069 0
-0.195839 -0.322934 -0.286806 0
0.190327 0.525807 -0.193723 0
0.433124 0.711137 -0.198793 0
-0.165791 -0.716600 -0.296548 0
-0.134746 -0.189927 -0.294365 0
-0.135903 -0.232458 -0.287355 0
-0.300076 -0.201896 -0.255180 0
0.052039 0.356090 -0.277664 0
-0.266640 -0.191357 -0.222841 0
-0.071306 0.071132 -0.280580 0
0.379272 0.674140 -0.180976 0
-0.364281 -0.088896 -0.135659 0
-0.179198 -0.502709 -0.284848 0
0.193623 0.518664 -0.222371 0
0.132440 0.460200 -0.230290 0
-0.218620 -0.318471 -0.275381 0
-0.172354 -0.158252 -0.286725 0
0.119303 0.485283 -0.192356 0
0.459006 0.718112 -0.215646 0
0.100461 0.423547 -0.281171 0
-0.113970 -0.063399 -0.303622 0
-0.412845 -0.082269 -0.118730 0
0.394191 0.716053 -0.229121 0
0.186617 0.534402 -0.247873 0
-0.271883 -0.146617 -0.196541 0
-0.117628 -0.594409 -0.259108 0
-0.163237 -0.744342 -0.294924 0
0.062573 0.412068 -0.210427 0
-0.111314 -0.015070 -0.264506 0
0.210970 0.545686 -0.227461 0
0.168688 0.512599 -0.258063 0
0.157240 0.496869 -0.235557 0
-0.385558 -0.085165 -0.127323 0
0.030084 0.335117 -0.217870 0
0.221994 0.558691 -0.184366 0
-0.002607 0.298278 -0.210392 0
0.030069 0.285368 -0.261194 0
0.212891 0.543594 -0.186345 0
-0.060749 0.153497 -0.241847 0
0.002542 0.244825 -0.248844 0
0.284590 0.621997 -0.205765 0
0.440137 0.756622 -0.220610 0
0.014072 0.270489 -0.287554 0
-0.401877 -0.025199 -0.077050 0
-0.151628 -0.261997 -0.302959 0
-0.087973 -0.013633 -0.277478 0
0.249922 0.594613 -0.208339 0
-0.029723 0.155104 -0.261810 0
-0.375876 -0.115820 -0.171770 0
0.008058 0.244413 -0.272051 0
-0.156849 -0.178561 -0.317250 0
-0.126018 -0.159808 -0.289466 0
-0.048620 0.143921 -0.298333 0
-0.137662 -0.137646 -0.310294 0
0.233295 0.596875 -0.217521 0
0.105939 0.427868 -0.253097 0
0.042331 0.395706 -0.211960 0
-0.441402 -0.072990 -0.074258 0
-0.082718 0.020655 -0.283576 0
-0.025756 0.211281 -0.295626 0
0.410083 0.697779 -0.202416 0
0.081449 0.383317 -0.250114 0
-0.180324 -0.195087 -0.290999 0
-0.156013 -0.841081 -0.290730 0
-0.064799 0.083844 -0.304731 0
-0.460626 -0.018312 0.063370 0
-0.127403 -0.622333 -0.270215 0
0.483239 0.746296 -0.220502 0
-0.222163 -0.318702 -0.293894 0
0.173771 0.512039 -0.196600 0
-0.100982 -0.034947 -0.293767 0
-0.215853 -0.298202 -0.289586 0
0.161518 0.493394 -0.256522 0
0.212723 0.583951 -0.225636 0
-0.217444 -0.288512 -0.260679 0
-0.064521 0.099990 -0.259379 0
0.218200 0.571024 -0.218048 0
-0.172231 -0.444800 -0.303669 0
-0.167266 -0.150627 -0.305961 0
0.188769 0.559250 -0.236814 0
-0.078553 0.052771 -0.301344 0
0.224083 0.568889 -0.159734 0
-0.430775 -0.046431 -0.013904 0
-0.394945 -0.041380 -0.094042 0
-0.187083 -0.392383 -0.287429 0
0.376305 0.673644 -0.214402 0
0.587322 0.806155 -0.279592 0
-0.105277 0.068446 -0.245236 0
-0.149776 -0.673507 -0.282370 0
0.317681 0.645524 -0.216937 0
-0.433028 -0.016760 -0.025385 0
-0.182514 -0.289937 -0.295087 0
0.384208 0.682970 -0.200803 0
0.000616 0.322760 -0.199694 0
-0.080445 -0.540892 -0.247076 0
0.060895 0.369055 -0.263715 0
0.338687 0.675776 -0.207356 0
0.259224 0.588107 -0.173805 0
-0.174591 -0.106639 -0.303149 0
-0.419058 -0.034292 -0.063502 0
-0.324411 -0.159896 -0.217157 0
-0.316682 -0.107372 -0.169677 0
0.074093 0.391913 -0.219605 0
-0.087851 -0.617790 -0.285536 0
0.138398 0.479345 -0.265072 0
0.262881 0.582291 -0.195167 0
-0.152502 -0.823232 -0.274383 0
-0.262213 -0.170500 -0.214140 0
0.059930 0.353912 -0.251758 0
0.030829 0.307602 -0.285611 0
-0.020703 0.207854 -0.248772 0
0.004009 0.244098 -0.292702 0
-0.072467 0.197535 -0.224822 0
0.217292 0.589227 -0.239840 0
-0.342735 -0.115337 -0.169725 0
0.126973 0.460383 -0.270349 0
-0.323712 -0.177398 -0.235005 0
-0.419382 -0.053026 -0.047147 0
-0.180599 -0.630468 -0.283477 0
0.244466 0.578348 -0.202524 0
0.322244 0.642457 -0.197880 0
-0.158197 -0.392662 -0.291650 0
-0.108296 0.004638 -0.261126 0
0.064776 0.363998 -0.277721 0
-0.078721 0.048337 -0.266643 0
-0.171033 -0.643053 -0.298176 0
-0.165197 -0.082453 -0.308259 0
0.171385 0.534168 -0.245652 0
0.469563 0.748342 -0.228584 0
-0.180710 -0.444667 -0.286113 0
-0.184834 -0.506916 -0.301593 0
0.292793 0.613129 -0.185520 0
0.354281 0.667693 -0.200101 0
-0.107792 -0.603485 -0.265497 0
-0.173661 -0.267181 -0.284031 0
0.207462 0.560542 -0.240283 0
0.278176 0.621045 -0.221127 0
-0.291523 -0.119377 -0.187308 0
-0.096573 -0.006018 -0.308179 0
-0.263516 -0.240177 -0.254619 0
-0.284008 -0.164921 -0.209254 0
-0.121828 -0.132166 -0.280130 0
0.109014 0.428515 -0.238719 0
-0.020596 0.268656 -0.216734 0
-0.135057 -0.608864 -0.259112 0
-0.069275 0.166058 -0.232101 0
-0.325890 -0.087940 -0.164615 0
-0.160030 -0.292619 -0.307247 0
0.030538 0.289963 -0.287284 0
-0.159786 -0.696198 -0.284145 0
0.028481 0.369058 -0.208952 0
-0.286378 -0.190002 -0.217890 0
-0.169385 -0.609380 -0.297488 0
0.530114 0.786894 -0.259006 0
-0.173584 -0.533595 -0.301777 0
0.030620 0.303356 -0.258574 0
-0.454399 -0.046752 0.000843 0
-0.165037 -0.347995 -0.304841 0
0.492677 0.767985 -0.237775 0
-0.190721 -0.587774 -0.293106 0
0.233749 0.567706 -0.223287 0
0.074118 0.437376 -0.208332 0
-0.427382 -0.075864 -0.078561 0
-0.178266 -0.163949 -0.298965 0
-0.166588 -0.105845 -0.279091 0
-0.402455 -0.058579 -0.101082 0
0.069760 0.381372 -0.279874 0
-0.193878 -0.371764 -0.302150 0
0.202473 0.543303 -0.212944 0
0.263218 0.612688 -0.209518 0
0.263530 0.591373 -0.216235 0
-0.149561 -0.100038 -0.295428 0
-0.010067 0.225411 -0.248191 0
0.052228 0.338205 -0.283799 0
0.515177 0.766106 -0.252148 0
0.250468 0.610191 -0.237020 0
-0.041922 0.177385 -0.247297 0
0.172607 0.505924 -0.212541 0
0.465867 0.768454 -0.225896 0
0.278294 0.594784 -0.199029 0
-0.190110 -0.349102 -0.277074 0
0.382155 0.714882 -0.216376 0
-0.413426 -0.056567 -0.087148 0
-0.175569 -0.132994 -0.297093 0
0.330654 0.684167 -0.217272 0
-0.037262 0.191707 -0.296129 0
-0.175949 -0.404556 -0.305199 0
-0.462672 -0.057913 -0.019932 0
-0.240745 -0.274478 -0.259698 0
0.094300 0.411202 -0.220801 0
0.423257 0.735975 -0.221039 0
0.059616 0.339681 -0.259235 0
-0.228983 -0.301342 -0.278663 0
-0.438849 -0.039957 0.018701 0
-0.255752 -0.257239 -0.276184 0
-0.172301 -0.699034 -0.277989 0
0.361836 0.665705 -0.213562 0
-0.010793 0.231956 -0.290826 0
-0.393846 -0.036624 -0.074423 0
0.236163 0.577821 -0.159866 0
-0.047713 0.171009 -0.305542 0
-0.133106 -0.172882 -0.297329 0
0.022591 0.348767 -0.207959 0
0.550357 0.795866 -0.253688 0
-0.164057 -0.492049 -0.288091 0
0.442732 0.708087 -0.208823 0
0.304761 0.653865 -0.211610 0
0.317857 0.620456 -0.189090 0
0.464847 0.725255 -0.226773 0
-0.055355 0.208770 -0.230706 0
-0.104439 -0.080277 -0.279393 0
-0.250632 -0.255973 -0.255315 0
-0.126286 -0.015750 -0.260073 0
-0.242891 -0.274253 -0.287304 0
0.047514 0.322183 -0.271581 0
0.306980 0.625906 -0.213326 0
0.176826 0.520828 -0.228447 0
-0.121239 0.048866 -0.244705 0
0.010873 0.266796 -0.265454 0
-0.345285 -0.131312 -0.188212 0
0.010300 0.269418 -0.241114 0
0.515967 0.780899 -0.253438 0
0.414381 0.707930 -0.212844 0
0.191989 0.531132 -0.215873 0
0.170275 0.494674 -0.231200 0
-0.359322 -0.069183 -0.120606 0
-0.441851 -0.030039 0.005612 0
0.498368 0.749238 -0.242957 0
0.401343 0.704147 -0.226931 0
-0.425847 -0.056459 -0.069535 0
0.419394 0.700856 -0.192579 0
-0.179225 -0.617904 -0.302305 0
0.347885 0.645567 -0.198913 0
-0.123089 -0.060183 -0.269306 0
0.402210 0.734355 -0.219372 0
-0.010279 0.251282 -0.233855 0
0.034083 0.308421 -0.238820 0
0.319648 0.631086 -0.179536 0
-0.180477 -0.545323 -0.284630 0
-0.436641 -0.084031 -0.104434 0
0.360767 0.662823 -0.187434 0
-0.423742 -0.093986 -0.131973 0
0.093131 0.408083 -0.248422 0
-0.182040 -0.492589 -0.304707 0
-0.174962 -0.081066 -0.287767 0
-0.047406 0.120678 -0.280374 0
0.228915 0.567023 -0.207603 0
0.124363 0.451433 -0.244584 0
-0.176710 -0.319974 -0.286992 0
-0.096479 -0.009355 -0.287343 0
-0.307915 -0.169004 -0.211648 0
-0.063946 -0.544589 -0.246116 0
-0.105570 -0.571991 -0.252881 0
0.024964 0.285464 -0.244553 0
0.157044 0.519337 -0.255190 0
0.193301 0.528028 -0.233645 0
-0.307216 -0.143248 -0.195256 0
0.241098 0.570567 -0.183458 0
0.449732 0.727736 -0.218353 0
-0.160197 -0.177596 -0.302361 0
-0.452387 -0.066858 -0.046605 0
-0.437817 -0.017858 -0.012711 0
0.508041 0.763454 -0.233493 0
-0.094484 0.120309 -0.229510 0
-0.456623 -0.040008 0.030084 0
-0.041084 -0.556687 -0.257157 0
-0.459795 -0.036295 0.047393 0
0.313707 0.669155 -0.217967 0
0.210811 0.556461 -0.216142 0
-0.180330 -0.375218 -0.278962 0
-0.426240 -0.034922 -0.051205 0
0.246729 0.578373 -0.217762 0
0.433302 0.743426 -0.230772 0
-0.226189 -0.256285 -0.251035 0
0.217666 0.543173 -0.211483 0
0.334765 0.648048 -0.213616 0
-0.449521 -0.017506 0.027069 0
-0.182868 -0.715424 -0.293427 0
-0.414882 -0.023151 -0.034777 0
0.256429 0.601327 -0.222786 0
-0.056966 -0.584516 -0.268149 0
-0.342869 -0.136407 -0.211553 0
-0.376400 -0.064221 -0.109541 0
-0.131683 -0.076402 -0.320255 0
-0.061395 0.116498 -0.306058 0
0.102943 0.468882 -0.197036 0
-0.161374 -0.419379 -0.293112 0
-0.140383 -0.084141 -0.267435 0
-0.027447 0.179360 -0.261878 0
-0.160637 -0.111832 -0.304899 0
-0.210785 -0.325184 -0.291171 0
0.297988 0.606877 -0.174423 0
-0.172622 -0.303205 -0.304365 0
-0.152644 -0.301930 -0.299434 0
-0.097548 0.006790 -0.314043 0
-0.033934 0.248450 -0.220382 0
0.131806 0.490056 -0.187046 0
-0.182356 -0.458062 -0.305083 0
-0.156460 -0.670328 -0.262889 0
-0.377350 -0.099570 -0.151490 0
0.137769 0.458386 -0.260044 0
-0.157181 -0.126259 -0.303454 0
0.368764 0.707973 -0.229781 0
0.143019 0.475896 -0.207877 0
-0.358590 -0.122478 -0.195103 0
-0.281808 -0.212807 -0.249246 0
-0.053219 0.127594 -0.310896 0
-0.123408 -0.100414 -0.277549 0
-0.081911 0.034160 -0.279359 0
-0.083017 0.034371 -0.305428 0
-0.173124 -0.263177 -0.303772 0
0.369452 0.661323 -0.202080 0
-0.177227 -0.763226 -0.282920 0
0.291871 0.667403 -0.207000 0
-0.468475 -0.042850 0.020752 0
0.086464 0.395684 -0.240965 0
0.045068 0.327982 -0.257716 0
0.097946 0.412643 -0.235593 0
-0.104482 -0.030272 -0.305482 0
-0.183038 -0.347758 -0.292981 0
-0.467160 -0.046523 0.007532 0
-0.298392 -0.162868 -0.203439 0
-0.372136 -0.053070 -0.104259 0
-0.259878 -0.205047 -0.229460 0
-0.128807 -0.149764 -0.299295 0
-0.442103 -0.065385 -0.037715 0
0.278166 0.639460 -0.210127 0
0.074453 0.419188 -0.209749 0
-0.155227 -0.083414 -0.271302 0
0.404229 0.690951 -0.218898 0
-0.048582 0.128655 -0.269078 0
0.120544 0.435660 -0.260685 0
0.263604 0.634141 -0.226605 0
-0.267291 -0.245453 -0.273135 0
0.493714 0.782165 -0.235689 0
-0.168181 -0.202283 -0.305366 0
-0.022019 0.232020 -0.236707 0
0.077153 0.391844 -0.260003 0
-0.114153 -0.032957 -0.322245 0
0.039367 0.378980 -0.209668 0
-0.445987 -0.052436 -0.025597 0
-0.178431 -0.573345 -0.283165 0
0.046923 0.326491 -0.239216 0
0.398816 0.676943 -0.193714 0
-0.311645 -0.182631 -0.231916 0
-0.143780 -0.175590 -0.312862 0
0.484881 0.758618 -0.233618 0
-0.106197 -0.039252 -0.274392 0
-0.148745 -0.631804 -0.255152 0
-0.172700 -0.092660 -0.299723 0
0.216479 0.557409 -0.230877 0
-0.158755 -0.362083 -0.299089 0
-0.145235 -0.069425 -0.293163 0
0.243773 0.617297 -0.224752 0
-0.129150 -0.108732 -0.307041 0
-0.109653 0.055431 -0.247426 0
-0.380388 -0.076389 -0.117294 0
-0.398600 -0.087287 -0.128872 0
-0.048210 0.161771 -0.248669 0
-0.170204 -0.219348 -0.305819 0
-0.117647 -0.088675 -0.298411 0
0.018363 0.268265 -0.305808 0
-0.025030 0.210866 -0.308383 0
-0.312563 -0.129392 -0.187843 0
-0.166407 -0.729352 -0.296919 0
0.149266 0.478615 -0.218864 0
-0.113228 -0.615918 -0.271627 0
0.144935 0.462571 -0.232475 0
0.182602 0.537182 -0.174799 0
-0.397544 -0.048259 -0.079735 0
-0.189711 -0.515762 -0.292643 0
-0.190239 -0.552309 -0.295387 0
0.359521 0.651122 -0.180872 0
-0.165020 -0.591548 -0.285758 0
-0.415209 -0.057998 -0.062153 0
0.422430 0.721847 -0.218881 0
0.115307 0.451733 -0.206927 0
-0.161577 -0.130200 -0.272574 0
-0.226242 -0.277432 -0.258007 0
-0.189648 -0.467698 -0.292087 0
-0.433895 -0.033247 -0.005965 0
0.100351 0.427455 -0.212675 0
-0.116268 0.030104 -0.251158 0
-0.414669 -0.039868 -0.073976 0
-0.031825 0.182164 -0.283799 0
0.357626 0.693735 -0.211806 0
-0.012935 0.219136 -0.272131 0
-0.169414 -0.691870 -0.293904 0
-0.184437 -0.329623 -0.297706 0
0.326003 0.671838 -0.206573 0
-0.424159 -0.082358 -0.105484 0
-0.371086 -0.037231 -0.091177 0
-0.164762 -0.154678 -0.273942 0
0.167504 0.506555 -0.227935 0
-0.181129 -0.543624 -0.304920 0
-0.021177 0.185198 -0.273616 0
0.187381 0.551279 -0.253354 0
-0.333861 -0.083640 -0.152822 0
0.197243 0.526641 -0.204226 0
0.145181 0.517722 -0.171698 0
-0.330693 -0.118979 -0.168989 0
-0.449753 -0.031003 0.068998 0
0.062677 0.382105 -0.217401 0
-0.398766 -0.070772 -0.099105 0
0.056850 0.346914 -0.234905 0
-0.396729 -0.115596 -0.171971 0
-0.187873 -0.654627 -0.295864 0
-0.327605 -0.130242 -0.182891 0
0.381463 0.692180 -0.223806 0
-0.254715 -0.267341 -0.292968 0
-0.074403 0.101701 -0.250972 0
-0.180773 -0.405767 -0.286227 0
-0.432727 -0.057383 -0.058586 0
-0.090574 0.014235 -0.290976 0
0.349975 0.668944 -0.217217 0
-0.059004 0.101998 -0.275013 0
-0.026067 -0.545073 -0.260385 0
0.274976 0.598544 -0.177670 0
-0.186341 -0.422012 -0.297746 0
-0.164791 -0.636397 -0.285825 0
0.204089 0.574192 -0.245884 0
-0.039821 0.145125 -0.284359 0
-0.411426 -0.073792 -0.091164 0
-0.410753 -0.038575 -0.055356 0
-0.142652 -0.128514 -0.321201 0
-0.180191 -0.598493 -0.283622 0
0.388771 0.696908 -0.211789 0
-0.022748 0.205805 -0.281336 0
-0.101001 -0.017981 -0.272157 0
0.448090 0.712326 -0.219136 0
-0.036813 0.166917 -0.280144 0
0.291440 0.636661 -0.207676 0
-0.171468 -0.466576 -0.302655 0
0.037340 0.301711 -0.270500 0
0.010318 0.253761 -0.288286 0
-0.121827 0.010611 -0.254813 0
0.292694 0.605083 -0.199463 0
-0.164846 -0.775028 -0.295827 0
0.145129 0.490677 -0.262033 0
-0.011800 0.203017 -0.255806 0
0.159986 0.502546 -0.267712 0
-0.166895 -0.135090 -0.305589 0
0.375257 0.672949 -0.192561 0
0.152392 0.480089 -0.259987 0
-0.032780 0.205606 -0.241229 0
0.116108 0.438423 -0.237171 0
-0.101022 0.094965 -0.235016 0
-0.099893 -0.621492 -0.284969 0
0.054257 0.345136 -0.272623 0
-0.180413 -0.067005 -0.295549 0
-0.149065 -0.196841 -0.313744 0
-0.432722 -0.027349 0.028082 0
-0.394677 -0.030228 -0.085559 0
0.162200 0.483197 -0.219657 0
-0.320377 -0.097305 -0.175531 0
0.072645 0.363652 -0.260011 0
-0.171391 -0.667834 -0.297663 0
-0.156750 -0.337624 -0.299839 0
0.094917 0.459385 -0.199274 0
0.018007 0.279141 -0.259253 0
0.152242 0.474692 -0.242721 0
0.042830 0.347473 -0.286261 0
0.071684 0.370770 -0.236473 0
-0.420541 -0.024451 -0.053729 0
0.001082 0.277617 -0.229740 0
0.136123 0.453136 -0.241952 0
0.121536 0.439566 -0.272167 0
-0.001283 0.219868 -0.254931 0
0.427623 0.702735 -0.222115 0
-0.188316 -0.364373 -0.280206 0
0.205263 0.546060 -0.175420 0
-0.019870 0.244153 -0.231779 0
0.167083 0.528534 -0.173244 0
-0.186627 -0.621779 -0.289410 0
-0.323856 -0.149638 -0.198323 0
-0.147521 -0.247001 -0.304032 0
-0.167734 -0.826851 -0.314523 0
0.187050 0.546487 -0.162413 0
0.398447 0.692163 -0.202581 0
-0.437890 -0.043179 -0.023524 0
0.048706 0.338581 -0.295359 0
-0.175199 -0.282371 -0.301033 0
-0.008454 0.287709 -0.209981 0
0.333873 0.660679 -0.209066 0
0.302790 0.638384 -0.218088 0
-0.090364 0.062504 -0.254189 0
0.555884 0.796226 -0.269458 0
-0.388080 -0.055671 -0.095094 0
0.244933 0.567759 -0.194529 0
0.351154 0.683884 -0.209278 0
-0.187095 -0.529217 -0.300576 0
-0.129128 -0.597866 -0.258207 0
0.253417 0.621005 -0.214120 0
0.158464 0.506780 -0.248389 0
-0.076795 0.018633 -0.273297 0
-0.109051 -0.011779 -0.322250 0
-0.446888 -0.016999 0.012678 0
-0.184281 -0.396456 -0.302098 0
-0.173588 -0.178195 -0.300269 0
0.041532 0.329500 -0.278977 0
-0.051162 0.179618 -0.239617 0
-0.161643 -0.264640 -0.311351 0
0.230211 0.555162 -0.206415 0
-0.159345 -0.722566 -0.280316 0
-0.153539 -0.658253 -0.259201 0
-0.157692 -0.320695 -0.301875 0
-0.125650 -0.090661 -0.307109 0
-0.167485 -0.545592 -0.295989 0
-0.190298 -0.482924 -0.293312 0
0.058789 0.363889 -0.288216 0
-0.118805 -0.056450 -0.312081 0
0.079336 0.398230 -0.279214 0
-0.175232 -0.317489 -0.309220 0
-0.390593 -0.089829 -0.137380 0
-0.183565 -0.307689 -0.291603 0
-0.076017 -0.579004 -0.261602 0
0.395345 0.676833 -0.205475 0
-0.174531 -0.240551 -0.283159 0
-0.387026 -0.102932 -0.145369 0
0.089478 0.421222 -0.273723 0
0.367522 0.698145 -0.216964 0
-0.065588 -0.605179 -0.277079 0
-0.308476 -0.101658 -0.178092 0
0.096031 0.404744 -0.263250 0
0.292221 0.618753 -0.197231 0
-0.237814 -0.294421 -0.296450 0
-0.238779 -0.278099 -0.273317 0
-0.064480 0.085069 -0.273168 0
0.043406 0.364995 -0.215440 0
0.024684 0.295837 -0.238759 0
-0.279100 -0.221444 -0.259334 0
-0.087146 -0.585914 -0.260636 0
-0.175407 -0.222124 -0.288551 0
-0.169469 -0.844168 -0.297513 0
0.132894 0.467679 -0.206322 0
0.112531 0.433843 -0.280892 0
-0.086281 0.150522 -0.224983 0
-0.183678 -0.703488 -0.289013 0
-0.059206 0.226984 -0.222184 0
-0.188436 -0.435353 -0.297431 0
-0.074926 0.114356 -0.245753 0
-0.044426 0.207715 -0.235941 0
0.542046 0.778224 -0.259126 0
-0.170146 -0.246168 -0.315238 0
0.282948 0.599418 -0.165722 0
-0.295607 -0.140293 -0.195589 0
-0.044135 0.143901 -0.270007 0
0.410227 0.720311 -0.230059 0
0.272589 0.605270 -0.203915 0
-0.064306 -0.560461 -0.255439 0
-0.210228 -0.278886 -0.254474 0
-0.230966 -0.242527 -0.246391 0
-0.241724 -0.229781 -0.242863 0
-0.374238 -0.119708 -0.182753 0
-0.012776 0.221472 -0.296716 0
0.349383 0.658121 -0.191265 0
-0.179320 -0.742261 -0.294436 0
0.164417 0.497233 -0.207051 0
0.239925 0.604019 -0.224628 0
-0.172570 -0.565394 -0.300617 0
-0.138327 -0.149036 -0.312913 0
-0.098881 0.012784 -0.263803 0
-0.147041 -0.216256 -0.308987 0
-0.281034 -0.151739 -0.201703 0
-0.171288 -0.141277 -0.284713 0
0.280811 0.600604 -0.188260 0
0.178234 0.523634 -0.251243 0
-0.278908 -0.207717 -0.234799 0
0.088912 0.385529 -0.235789 0
-0.316827 -0.084300 -0.157020 0
-0.113740 -0.106153 -0.280914 0
0.177305 0.530623 -0.236280 0
-0.091039 0.029650 -0.320777 0
-0.021052 0.196101 -0.254535 0
0.176227 0.512491 -0.244995 0
0.262463 0.611964 -0.222928 0
0.378405 0.703791 -0.215269 0
0.331730 0.642374 -0.187740 0
-0.396245 -0.071644 -0.115202 0
0.114067 0.471367 -0.190274 0
-0.050465 -0.563467 -0.257998 0
-0.179910 -0.664395 -0.282394 0
-0.206207 -0.348936 -0.280014 0
-0.168833 -0.480484 -0.299843 0
0.234913 0.560805 -0.184455 0
-0.131344 0.000603 -0.255706 0
0.059644 0.381299 -0.274210 0
-0.156061 -0.772293 -0.282658 0
-0.072640 0.068782 -0.313236 0
-0.422542 -0.061184 -0.079566 0
0.023007 0.276235 -0.282973 0
0.211503 0.561190 -0.160942 0
0.317407 0.658245 -0.218773 0
-0.188804 -0.566261 -0.297733 0
-0.411541 -0.028227 -0.070695 0
-0.166940 -0.232901 -0.315608 0
0.440897 0.720954 -0.215359 0
-0.083283 0.026485 -0.297018 0
-0.296561 -0.181705 -0.219158 0
-0.167258 -0.117925 -0.280017 0
-0.146106 -0.278146 -0.295004 0
-0.109965 -0.068165 -0.292345 0
-0.317244 -0.111459 -0.180431 0
-0.169123 -0.508064 -0.299377 0
0.160574 0.486772 -0.242517 0
0.021269 0.288947 -0.278588 0
-0.373215 -0.085737 -0.129144 0
0.309932 0.666975 -0.206658 0
0.036895 0.332106 -0.226920 0
-0.053805 0.120688 -0.260084 0
0.005297 0.255470 -0.266633 0
-0.197256 -0.363718 -0.294684 0
0.457535 0.743675 -0.225850 0
0.003246 0.252856 -0.303934 0
-0.401055 -0.106119 -0.152492 0
-0.070897 0.075576 -0.291144 0
-0.147239 -0.055214 -0.265104 0
0.085690 0.398903 -0.223045 0
-0.185443 -0.681093 -0.293441 0
-0.054261 0.115213 -0.273024 0
0.079973 0.454917 -0.194259 0
-0.439539 -0.048793 -0.005119 0
-0.065812 0.125683 -0.247701 0
0.035644 0.345044 -0.216848 0
0.391894 0.698059 -0.224952 0
-0.146926 -0.301593 -0.289293 0
-0.165083 -0.522321 -0.291271 0
-0.440328 -0.067059 -0.048847 0
-0.424276 -0.047248 -0.032368 0
-0.371245 -0.107329 -0.157340 0
0.197744 0.538297 -0.235797 0
0.127452 0.502784 -0.176680 0
0.494469 0.743971 -0.233653 0
-0.105200 0.032218 -0.255127 0
-0.143256 -0.018831 -0.259722 0
-0.447710 -0.017166 0.087809 0
0.343186 0.693145 -0.222441 0
0.409235 0.695237 -0.190249 0
0.232927 0.577735 -0.228541 0
-0.056427 0.142623 -0.250851 0
0.035725 0.313421 -0.259695 0
-0.137139 -0.219510 -0.292703 0
0.436966 0.730223 -0.221582 0
-0.166972 -0.657511 -0.293489 0
-0.061114 0.093411 -0.309526 0
0.541023 0.791671 -0.262475 0
-0.422462 -0.029570 -0.013463 0
-0.025678 0.220793 -0.302233 0
-0.115197 -0.066104 -0.274831 0
0.311862 0.620126 -0.175768 0
-0.180537 -0.417713 -0.286050 0
-0.253211 -0.246758 -0.249310 0
-0.303664 -0.120906 -0.184275 0
0.149473 0.485079 -0.236411 0
-0.116559 -0.075658 -0.301608 0
0.415271 0.743911 -0.220725 0
0.121162 0.444951 -0.228339 0
0.315012 0.634944 -0.214155 0
-0.272752 -0.242757 -0.290982 0
0.288835 0.657540 -0.215769 0
0.051935 0.408828 -0.211994 0
-0.073280 0.078021 -0.260604 0
-0.178083 -0.168611 -0.288310 0
-0.075733 0.044119 -0.284104 0
0.244421 0.572699 -0.170190 0
-0.152334 -0.826488 -0.285413 0
-0.029645 0.161676 -0.270974 0
0.069432 0.387697 -0.268064 0
0.346026 0.704251 -0.214918 0
-0.072538 0.178042 -0.227275 0
-0.162287 -0.063749 -0.276963 0
-0.231669 -0.291149 -0.274902 0
-0.203330 -0.335138 -0.290170 0
0.314638 0.677792 -0.209660 0
-0.077756 0.160592 -0.227291 0
-0.184203 -0.376965 -0.291578 0
0.095004 0.470039 -0.186775 0
-0.439804 -0.023107 0.052584 0
0.312208 0.647060 -0.205080 0
0.214323 0.541405 -0.200906 0
-0.042804 0.157870 -0.283071 0
-0.248034 -0.263821 -0.264282 0
-0.146898 -0.654146 -0.278164 0
-0.408378 -0.102131 -0.138179 0
-0.155305 -0.209285 -0.314362 0
-0.087908 -0.003490 -0.272872 0
-0.145835 -0.255088 -0.296316 0
-0.172307 -0.765942 -0.296460 0
-0.108862 -0.633871 -0.291646 0
0.282428 0.650403 -0.222426 0
-0.140958 -0.164846 -0.313017 0
0.076162 0.408937 -0.276276 0
0.103876 0.447860 -0.203937 0
-0.082927 0.134411 -0.230392 0
-0.407521 -0.058721 -0.074938 0
0.255173 0.589059 -0.159672 0
-0.164794 -0.615304 -0.285235 0
-0.424035 -0.014903 -0.006439 0
-0.429423 -0.055532 -0.037915 0
-0.098317 -0.019893 -0.284447 0
0.391560 0.677138 -0.185342 0
-0.005524 0.228782 -0.264215 0
-0.062366 0.175537 -0.235635 0
0.042664 0.307047 -0.245681 0
-0.051363 0.155250 -0.301988 0
-0.061043 0.196634 -0.231157 0
-0.060088 -0.531561 -0.246317 0
0.063120 0.343303 -0.244836 0
0.425257 0.713800 -0.229423 0
-0.022936 0.197537 -0.273986 0
-0.125011 -0.647484 -0.301044 0
-0.255929 -0.185786 -0.231102 0
0.013383 0.269201 -0.254956 0
-0.086450 0.019893 -0.312765 0
-0.183127 -0.694182 -0.295908 0
-0.047335 0.130042 -0.290249 0
0.205465 0.569548 -0.226927 0
-0.070897 0.143381 -0.239438 0
-0.402793 -0.049145 -0.094087 0
0.448090 0.734967 -0.232853 0
-0.038513 0.148448 -0.261591 0
-0.388920 -0.043764 -0.085122 0
0.219480 0.561655 -0.211743 0
0.417356 0.690321 -0.205980 0
0.102133 0.417789 -0.255357 0
-0.446758 -0.015496 0.045832 0
0.037038 0.311795 -0.293670 0
0.108381 0.422853 -0.266735 0
-0.010882 0.231221 -0.301780 0
-0.118961 -0.087939 -0.277476 0
-0.113048 0.075041 -0.241175 0
-0.348106 -0.085022 -0.139837 0
0.052775 0.422108 -0.201285 0
0.253077 0.576200 -0.177869 0
-0.080280 -0.624761 -0.289224 0
0.224535 0.560231 -0.171134 0
-0.178224 -0.258804 -0.293713 0
0.202154 0.541598 -0.186548 0
-0.264009 -0.180779 -0.223479 0
0.394342 0.718866 -0.217969 0
0.116564 0.442063 -0.252799 0
0.322915 0.640174 -0.208751 0
-0.000351 0.250186 -0.284773 0
-0.115916 -0.096835 -0.291390 0
0.317068 0.634459 -0.192582 0
-0.332713 -0.074189 -0.128502 0
-0.181792 -0.415909 -0.305540 0
-0.336460 -0.153150 -0.221647 0
-0.127681 -0.124722 -0.305214 0
-0.146357 -0.673574 -0.298794 0
-0.124318 -0.111207 -0.278572 0
0.151022 0.496240 -0.254779 0
0.100294 0.429953 -0.270849 0
0.086856 0.393153 -0.265342 0
-0.431325 -0.014474 0.003577 0
-0.063621 -0.593262 -0.271475 0
-0.265735 -0.223345 -0.237964 0
0.112638 0.419669 -0.233582 0
-0.123834 -0.041635 -0.265421 0
-0.358257 -0.095143 -0.142777 0
-0.161153 -0.836496 -0.313704 0
0.161261 0.489044 -0.229142 0
0.155220 0.493507 -0.199462 0
-0.286465 -0.176838 -0.216074 0
0.324430 0.626996 -0.195850 0
0.145140 0.464420 -0.243134 0
0.304739 0.611993 -0.192983 0
-0.363950 -0.126839 -0.204551 0
0.329534 0.630027 -0.175298 0
0.205373 0.532955 -0.207513 0
-0.404311 -0.080065 -0.109175 0
-0.093850 0.008511 -0.301735 0
-0.289109 -0.197243 -0.232480 0
0.242851 0.586268 -0.209680 0
0.052456 0.386797 -0.211793 0
-0.417941 -0.090732 -0.123050 0
0.252158 0.584405 -0.197077 0
-0.448685 -0.016377 0.068968 0
-0.110379 -0.039285 -0.305702 0
-0.353035 -0.102246 -0.149893 0
-0.433360 -0.028763 -0.028107 0
-0.082456 0.030341 -0.269312 0
0.136124 0.471208 -0.258411 0
-0.249049 -0.206402 -0.239031 0
-0.002187 0.235964 -0.296022 0
0.267296 0.595737 -0.190094 0
-0.268822 -0.232443 -0.259867 0
-0.179171 -0.534477 -0.283923 0
-0.450404 -0.027579 0.030681 0
0.009484 0.243647 -0.261439 0
0.018688 0.267646 -0.278210 0
-0.442158 -0.014814 0.034381 0
-0.082293 0.081948 -0.253006 0
0.142495 0.479263 -0.253310 0
-0.198312 -0.314664 -0.263507 0
-0.050785 0.146100 -0.313803 0
-0.303751 -0.192903 -0.241348 0
-0.049517 0.102490 -0.265426 0
-0.029831 0.201551 -0.293941 0
-0.236007 -0.252016 -0.250055 0
-0.208878 -0.348415 -0.303605 0
0.198874 0.553799 -0.234856 0
-0.431781 -0.044768 -0.044624 0
0.222008 0.588121 -0.222465 0
-0.463135 -0.025026 0.071259 0
0.013204 0.308036 -0.216623 0
-0.181255 -0.671225 -0.299854 0
-0.157884 -0.754245 -0.280709 0
-0.165469 -0.572219 -0.287104 0
-0.118262 -0.641103 -0.291503 0
0.442628 0.748342 -0.229304 0
0.228293 0.605474 -0.226402 0
-0.342597 -0.141430 -0.202179 0
-0.119845 -0.125123 -0.290697 0
0.329459 0.650054 -0.199611 0
-0.427524 -0.034223 0.002469 0
0.435750 0.712857 -0.228203 0
0.424268 0.709012 -0.209163 0
0.283177 0.638799 -0.221452 0
-0.010571 0.277061 -0.214812 0
0.294084 0.619705 -0.209874 0
-0.090738 0.101300 -0.239559 0
-0.167786 -0.285215 -0.311240 0
-0.453650 -0.056610 -0.014239 0
-0.157544 -0.792304 -0.290518 0
-0.216339 -0.256679 -0.247176 0
-0.177859 -0.104758 -0.284394 0
-0.058492 0.113004 -0.291408 0
-0.327653 -0.097960 -0.161702 0
0.438400 0.730480 -0.232946 0
0.342417 0.638800 -0.176389 0
-0.420972 -0.047080 -0.069429 0
0.359226 0.694976 -0.224741 0
0.265192 0.585590 -0.205208 0
0.254615 0.585344 -0.218602 0
-0.343209 -0.074690 -0.129496 0
-0.436570 -0.015670 0.017122 0
0.177336 0.539993 -0.252123 0
0.174828 0.511804 -0.234565 0
-0.183759 -0.587157 -0.301788 0
-0.431272 -0.032348 0.018928 0
0.337395 0.671369 -0.219095 0
-0.139191 -0.199110 -0.299529 0
0.291209 0.601980 -0.189015 0
-0.051002 0.233483 -0.223157 0
0.412344 0.731645 -0.219975 0
-0.163283 -0.700395 -0.293673 0
0.221876 0.567032 -0.231337 0
-0.355903 -0.132963 -0.211466 0
0.280649 0.599327 -0.208189 0
-0.100736 0.077897 -0.243877 0
-0.057265 0.091826 -0.276880 0
0.182298 0.519218 -0.195112 0
0.272406 0.631923 -0.218243 0
-0.063506 0.109410 -0.317704 0
-0.338107 -0.145111 -0.215135 0
0.505256 0.783680 -0.240842 0
0.272385 0.592883 -0.210869 0
-0.101476 -0.014521 -0.311799 0
0.130420 0.452746 -0.253008 0
-0.154847 -0.783381 -0.279079 0
-0.178540 -0.209669 -0.287345 0
0.522267 0.761294 -0.246186 0
0.012006 0.349351 -0.200200 0
0.166937 0.520778 -0.181619 0
-0.336184 -0.087649 -0.143472 0
-0.364890 -0.118441 -0.174505 0
-0.108033 -0.552863 -0.248503 0
-0.406380 -0.036923 -0.068197 0
-0.151427 -0.227909 -0.311249 0
-0.085758 -0.549816 -0.247783 0
0.007814 0.285616 -0.227426 0
-0.416477 -0.050657 -0.079152 0
-0.175226 -0.101660 -0.294042 0
-0.142249 -0.236222 -0.297264 0
0.339766 0.637579 -0.192216 0
0.023868 0.293141 -0.295661 0
-0.171011 -0.738864 -0.275979 0
-0.212095 -0.309600 -0.266932 0
0.034073 0.298308 -0.282309 0
-0.141760 -0.603239 -0.253609 0
0.034821 0.390631 -0.207006 0
-0.183257 -0.371675 -0.301629 0
0.084795 0.401205 -0.257123 0
0.195594 0.533655 -0.185935 0
-0.361361 -0.077062 -0.126947 0
0.113552 0.421730 -0.245027 0
-0.164142 -0.681724 -0.290440 0
-0.169873 -0.767827 -0.275917 0
-0.109865 -0.024399 -0.268631 0
-0.415469 -0.046195 -0.060784 0
0.054937 0.329938 -0.255580 0
-0.098423 -0.054428 -0.279305 0
-0.136534 -0.182593 -0.302407 0
-0.186575 -0.571381 -0.289099 0
0.472441 0.739066 -0.236282 0
-0.132807 -0.635543 -0.274876 0
0.010196 0.323150 -0.207590 0
0.025039 0.292050 -0.255259 0
-0.068628 0.207043 -0.225019 0
0.040399 0.319716 -0.248301 0
-0.428914 -0.059932 -0.047150 0
-0.079607 0.045819 -0.318805 0
-0.000059 0.307969 -0.205757 0
0.181395 0.544486 -0.238241 0
-0.446669 -0.035922 0.012457 0
-0.386360 -0.116110 -0.172935 0
-0.071020 0.046733 -0.275410 0
-0.057710 0.111238 -0.260298 0
0.086123 0.412296 -0.214764 0
0.371581 0.668055 -0.183835 0
-0.059717 0.095580 -0.289720 0
0.014722 0.277737 -0.297427 0
-0.159778 -0.802574 -0.292473 0
-0.415506 -0.078574 -0.109351 0
0.270601 0.646281 -0.210668 0
0.525246 0.787538 -0.249000 0
-0.164088 -0.754494 -0.295267 0
-0.222677 -0.309284 -0.279672 0
-0.025377 0.167803 -0.261039 0
-0.055417 0.136353 -0.298721 0
-0.033026 -0.570963 -0.264025 0
-0.130369 -0.099635 -0.315604 0
-0.442191 -0.038249 -0.002879 0
-0.274590 -0.168667 -0.209778 0
-0.151982 -0.153568 -0.319081 0
0.377848 0.666806 -0.203597 0
0.110031 0.434491 -0.218743 0
-0.166666 -0.429066 -0.300524 0
-0.125207 0.022163 -0.250922 0
-0.069233 0.088330 -0.316357 0
-0.370704 -0.093288 -0.144550 0
0.261929 0.581206 -0.185139 0
0.146409 0.472910 -0.264959 0
-0.340724 -0.102654 -0.161893 0
0.102968 0.419978 -0.240825 0
0.352548 0.652893 -0.204884 0
-0.231466 -0.269193 -0.255336 0
0.007831 0.333411 -0.201679 0
-0.446620 -0.056826 -0.034784 0
0.350989 0.646636 -0.177819 0
-0.180775 -0.682676 -0.283052 0
-0.316604 -0.162770 -0.210864 0
0.168475 0.524678 -0.253603 0
-0.064173 0.079225 -0.282685 0
0.053289 0.366691 -0.276952 0
-0.223692 -0.237023 -0.242095 0
0.393942 0.685435 -0.196071 0
0.197987 0.569460 -0.234028 0
0.435563 0.747742 -0.221830 0
0.576116 0.801902 -0.274763 0
-0.125592 -0.585273 -0.255792 0
0.035328 0.320238 -0.285985 0
-0.106982 -0.005522 -0.264019 0
-0.152376 -0.073588 -0.302729 0
0.237747 0.575044 -0.214727 0
-0.082850 0.099689 -0.245928 0
-0.043505 0.186146 -0.242653 0
-0.169057 -0.258372 -0.313894 0
0.082460 0.375427 -0.244003 0
-0.126154 -0.081152 -0.272413 0
-0.177658 -0.248928 -0.290922 0
-0.180499 -0.298360 -0.300497 0
-0.132448 -0.104827 -0.273579 0
-0.014861 0.200421 -0.266171 0
-0.175716 -0.708014 -0.280788 0
-0.029785 0.184401 -0.293323 0
-0.449674 -0.034754 0.043430 0
-0.405979 -0.066361 -0.085178 0
-0.327511 -0.165591 -0.226403 0
-0.015998 0.262309 -0.222922 0
-0.384947 -0.026190 -0.075455 0
-0.383720 -0.063815 -0.116287 0
0.401218 0.711673 -0.220405 0
-0.187970 -0.388704 -0.297056 0
0.031250 0.290344 -0.302202 0
-0.153310 -0.809289 -0.279663 0
0.112158 0.488463 -0.179934 0
-0.085403 0.124512 -0.232470 0
-0.412151 -0.027497 -0.043284 0
0.095958 0.396680 -0.243717 0
-0.214899 -0.326691 -0.271226 0
0.138806 0.472019 -0.246968 0
0.355131 0.677741 -0.220531 0
-0.173863 -0.630294 -0.300525 0
0.061074 0.360476 -0.231331 0
0.182424 0.529460 -0.227875 0
-0.438011 -0.069274 -0.060885 0
0.384452 0.714303 -0.228761 0
0.459248 0.732378 -0.219713 0
0.082236 0.383906 -0.263809 0
0.133830 0.453402 -0.222735 0
-0.347728 -0.069688 -0.122129 0
0.371071 0.683717 -0.208314 0
-0.174428 -0.728658 -0.278760 0
-0.037233 0.214740 -0.235615 0
0.229715 0.555683 -0.191110 0
-0.027458 0.259463 -0.216337 0
0.022204 0.289310 -0.265638 0
0.186318 0.523142 -0.214818 0
-0.126092 -0.071209 -0.270437 0
0.205504 0.586954 -0.231621 0
-0.157869 -0.089103 -0.306886 0
0.125955 0.440657 -0.250243 0
0.064621 0.378500 -0.287741 0
-0.119790 -0.627305 -0.277507 0
-0.099972 0.024379 -0.259933 0
-0.035045 0.164423 -0.289466 0
-0.152888 -0.290534 -0.300860 0
0.419725 0.703175 -0.202090 0
0.101722 0.404765 -0.240505 0
-0.417859 -0.099686 -0.138016 0
-0.423308 -0.062564 -0.059079 0
-0.074009 0.057154 -0.277166 0
0.305119 0.621253 -0.185821 0
0.080087 0.390208 -0.227935 0
-0.217433 -0.320789 -0.285511 0
0.254158 0.601653 -0.242941 0
-0.209869 -0.296736 -0.262032 0
-0.159499 -0.678617 -0.278047 0
-0.285897 -0.140410 -0.194531 0
-0.185637 -0.611432 -0.287329 0
0.403730 0.728230 -0.230467 0
0.259431 0.614057 -0.237026 0
0.210854 0.582406 -0.242534 0
0.053056 0.398103 -0.208915 0
0.239026 0.562899 -0.202740 0
-0.104327 -0.613982 -0.275092 0
-0.130632 -0.196125 -0.288072 0
0.073510 0.400416 -0.271719 0
-0.171402 -0.179649 -0.278838 0
-0.429314 -0.041806 -0.005382 0
0.203547 0.550925 -0.219469 0
-0.113983 -0.049051 -0.307912 0
-0.005107 0.233762 -0.247929 0
-0.336420 -0.134160 -0.184063 0
-0.079237 0.042648 -0.308824 0
-0.090382 -0.023038 -0.277637 0
0.124644 0.450914 -0.270395 0
-0.080717 -0.593816 -0.269686 0
0.056071 0.356803 -0.267517 0
0.055191 0.345493 -0.252849 0
0.067988 0.351650 -0.246853 0
-0.242686 -0.199096 -0.236444 0
0.065649 0.373740 -0.275137 0
-0.186686 -0.355969 -0.288634 0
0.298601 0.651666 -0.218980 0
0.014861 0.257000 -0.266453 0
-0.398626 -0.029423 -0.066689 0
-0.063417 0.067775 -0.273040 0
0.549008 0.803903 -0.258909 0
-0.012914 0.225629 -0.280222 0
-0.171320 -0.092380 -0.282056 0
-0.179748 -0.640082 -0.301132 0
-0.275049 -0.219267 -0.245075 0
-0.189395 -0.597818 -0.295445 0
0.210038 0.548391 -0.208646 0
-0.146854 -0.033086 -0.263803 0
-0.308325 -0.153454 -0.195706 0
-0.306214 -0.136650 -0.187246 0
0.539461 0.789332 -0.249425 0
-0.222655 -0.296777 -0.263189 0
-0.415318 -0.078592 -0.098582 0
0.072972 0.393967 -0.285078 0
-0.100936 -0.593281 -0.261078 0
-0.359542 -0.054214 -0.108191 0
0.128276 0.481904 -0.193402 0
-0.122411 -0.137132 -0.291379 0
0.196294 0.539628 -0.219357 0
0.082030 0.392823 -0.251559 0
-0.181571 -0.446904 -0.304695 0
0.252576 0.573519 -0.195554 0
0.114379 0.428067 -0.261308 0
0.097111 0.419923 -0.217882 0
0.272655 0.614525 -0.206517 0
0.131255 0.461945 -0.214835 0
-0.158346 -0.830038 -0.292416 0
0.062019 0.421992 -0.210566 0
-0.429535 -0.025850 -0.037209 0
-0.044295 0.251088 -0.213559 0
-0.185827 -0.459244 -0.289646 0
0.046674 0.329390 -0.291439 0
0.426854 0.736361 -0.231333 0
0.156804 0.493579 -0.266579 0
-0.393458 -0.112235 -0.162567 0
-0.122630 -0.053692 -0.321770 0
0.134567 0.498729 -0.184067 0
-0.348157 -0.122177 -0.173664 0
-0.180376 -0.127339 -0.291045 0
-0.177783 -0.118796 -0.298969 0
0.453652 0.760764 -0.222243 0
-0.444664 -0.045271 0.008419 0
0.117701 0.442925 -0.219657 0
0.069986 0.380811 -0.223406 0
-0.418542 -0.043908 -0.052040 0
-0.154113 -0.800515 -0.284657 0
0.032799 0.288407 -0.251074 0
-0.004037 0.231510 -0.282538 0
-0.310084 -0.117405 -0.178161 0
0.388999 0.708300 -0.215569 0
0.145600 0.477213 -0.227547 0
-0.182021 -0.384949 -0.284282 0
0.483380 0.767817 -0.239845 0
0.224425 0.575590 -0.223617 0
0.232925 0.557677 -0.215183 0
0.118033 0.427372 -0.235035 0
-0.000923 0.243498 -0.269065 0
-0.423003 -0.043548 -0.041180 0
0.039922 0.315912 -0.239114 0
0.471462 0.739353 -0.220301 0
-0.092328 0.002366 -0.284235 0
-0.034226 0.194407 -0.309777 0
0.433223 0.712967 -0.208103 0
0.132068 0.450675 -0.262117 0
0.363207 0.669466 -0.197427 0
0.268987 0.620971 -0.223471 0
-0.072218 0.058433 -0.305551 0
-0.252843 -0.238227 -0.245198 0
-0.155558 -0.370327 -0.290989 0
0.419453 0.712993 -0.220471 0
0.370458 0.667352 -0.210000 0
-0.427085 -0.041940 -0.025051 0
0.052019 0.347501 -0.282032 0
-0.394080 -0.062875 -0.102067 0
0.164530 0.502054 -0.258866 0
0.164858 0.493797 -0.247189 0
-0.457081 -0.026821 0.050629 0
-0.269206 -0.198356 -0.228663 0
0.038968 0.308931 -0.280982 0
0.029190 0.313215 -0.230161 0
-0.011569 0.297862 -0.203225 0
-0.437018 -0.049287 -0.038181 0
0.345309 0.664592 -0.208000 0
-0.046163 0.139510 -0.290350 0
0.351310 0.644373 -0.189005 0
-0.321407 -0.184434 -0.240866 0
-0.383606 -0.034655 -0.091413 0
-0.199946 -0.372196 -0.287985 0
-0.155301 -0.103459 -0.303789 0
-0.173523 -0.152800 -0.299236 0
0.240161 0.613230 -0.232449 0
0.298343 0.631494 -0.203877 0
0.153253 0.486036 -0.223082 0
-0.431230 -0.024285 -0.014709 0
0.371003 0.699283 -0.225635 0
0.338909 0.650790 -0.192025 0
-0.032701 0.191299 -0.287629 0
-0.046605 -0.525696 -0.249340 0
-0.304834 -0.177297 -0.219871 0
0.354823 0.675697 -0.206474 0
-0.054527 0.220722 -0.227399 0
-0.416441 -0.058891 -0.071996 0
0.158490 0.485942 -0.251679 0
0.240584 0.594356 -0.229267 0
0.377382 0.684832 -0.217800 0
0.155135 0.498376 -0.245859 0
-0.124935 -0.169218 -0.285255 0
0.094081 0.433243 -0.208773 0
0.234275 0.587962 -0.220283 0
0.013901 0.262342 -0.248583 0
-0.069005 0.086484 -0.260938 0
0.107540 0.427119 -0.276170 0
-0.066309 0.094578 -0.300517 0
-0.041151 0.238368 -0.223660 0
-0.335704 -0.110556 -0.161624 0
-0.161822 -0.442262 -0.290030 0
-0.172302 -0.583037 -0.300174 0
-0.437439 -0.015467 0.045068 0
0.048850 0.334980 -0.235803 0
0.430183 0.701929 -0.210666 0
-0.030053 0.227766 -0.234523 0
-0.165965 -0.364729 -0.304410 0
-0.164209 -0.398771 -0.301065 0
-0.100328 -0.009502 -0.319592 0
0.022322 0.271249 -0.261746 0
-0.177453 -0.383087 -0.304285 0
0.149166 0.503435 -0.184764 0
-0.117708 0.039267 -0.248556 0
-0.059760 0.102134 -0.312838 0
-0.402653 -0.069356 -0.108822 0
-0.123598 -0.149524 -0.289790 0
-0.176231 -0.203935 -0.294322 0
-0.165927 -0.317650 -0.308041 0
-0.017900 0.226027 -0.243193 0
-0.170906 -0.191280 -0.285782 0
-0.007027 0.314356 -0.198082 0
-0.439513 -0.026469 -0.002935 0
0.197808 0.526534 -0.225047 0
-0.420419 -0.031559 -0.037452 0
-0.394495 -0.050076 -0.101290 0
0.016117 0.298218 -0.226514 0
-0.441819 -0.054593 -0.017343 0
-0.424029 -0.020667 -0.023718 0
-0.381890 -0.120170 -0.189717 0
