0.145830 0.552908 -0.066035 0
-0.144101 -0.908922 0.369060 0
-0.854273 0.162856 -0.158933 0
-0.214945 -0.119147 0.228420 0
0.195760 -0.351893 0.142456 0
-0.141442 -0.513682 0.288063 0
-0.584589 0.171031 0.103582 0
-0.068733 0.116770 0.088581 0
0.354755 0.756922 -0.107446 0
-0.346212 0.045959 0.061334 0
-0.012128 0.335770 -0.053016 0
-0.102835 -0.306366 0.236160 0
-0.665119 0.244158 -0.082033 0
-0.093312 -0.710661 0.334832 0
0.054839 -0.430539 0.276652 0
-0.089041 -0.043503 0.147292 0
-0.023783 0.279003 0.103301 0
-0.438989 0.177684 0.026210 0
0.060930 0.455723 0.026530 0
0.053377 -0.415281 0.116548 0
0.219793 0.683257 -0.089997 0
-0.296367 0.005064 0.200005 0
-0.435637 0.119278 0.165222 0
-0.782895 0.175494 -0.032970 0
-0.052572 -0.486000 0.180408 0
-0.085240 0.218988 -0.002744 0
-0.100647 -0.178300 0.189510 0
-0.553078 0.226867 -0.017754 0
0.091355 0.440906 -0.099059 0
-0.239264 -0.065499 0.117685 0
-0.681764 0.177155 0.031807 0
-0.141279 -0.409815 0.249761 0
-0.124396 -0.623462 0.275315 0
-0.760798 0.221177 -0.128757 0
-0.036729 -0.488539 0.299574 0
-0.150813 -0.793872 0.370220 0
0.002541 0.368420 0.047794 0
0.131742 -0.374461 0.230061 0
-0.199864 -0.199358 0.159482 0
-0.168247 -0.227841 0.253060 0
-0.365354 0.056875 0.157203 0
0.213082 0.598057 -0.127139 0
-0.058895 0.199052 0.135463 0
-0.496473 0.147601 0.097162 0
-0.081753 -0.560693 0.225395 0
-0.406813 0.110857 0.078219 0
-0.024275 0.278011 0.012819 0
0.027097 -0.454302 0.188884 0
0.046740 0.399822 -0.036167 0
-0.302260 -0.008774 0.114661 0
0.300410 0.693805 -0.114972 0
-0.154706 -0.268965 0.181709 0
-0.091178 0.104835 0.169953 0
-0.080641 0.038251 0.118210 0
0.090400 0.526923 -0.003015 0
0.165877 0.631590 -0.053346 0
-0.082307 -0.566150 0.316349 0
-0.117788 0.158245 0.038738 0
0.126308 -0.391196 0.137566 0
-0.038180 0.214332 0.060962 0
-0.706543 0.188128 -0.046035 0
-0.630235 0.203431 -0.019262 0
-0.518727 0.183678 0.034524 0
-0.248207 -0.052899 0.195873 0
-0.104874 -0.849532 0.347516 0
-0.812047 0.175481 -0.100533 0
-0.219628 -0.132709 0.135988 0
0.132646 0.500881 -0.113769 0
-0.134753 0.080178 0.083946 0
0.092858 -0.419626 0.191234 0
-0.594427 0.178806 0.033682 0
-0.008003 -0.492321 0.237891 0
-0.108673 -0.239594 0.221207 0
-0.102327 -0.464705 0.267979 0
0.083631 0.468025 -0.034004 0
-0.102365 -0.775302 0.328530 0
-0.128064 -0.656974 0.331131 0
0.168821 0.551593 -0.126468 0
-0.190743 -0.178590 0.221796 0
0.260446 0.646278 -0.120930 0
-0.133799 0.009093 0.116452 0
-0.144224 -0.349050 0.247948 0
-0.736446 0.182559 0.006743 0
-0.138856 -0.570848 0.301843 0
-0.752381 0.187198 -0.082066 0
-0.044588 -0.533582 0.260667 0
-0.637952 0.180702 0.071306 0
0.004754 0.327339 0.007867 0
-0.155232 -0.280181 0.236466 0
-0.250293 -0.103433 0.172269 0
0.005982 -0.443831 0.138396 0
0.166218 -0.350796 0.193266 0
-0.601957 0.240607 -0.049160 0
-0.069667 0.168608 0.064106 0
-0.043757 0.292385 -0.036943 0
-0.713647 0.224773 -0.099024 0
-0.014960 0.320541 0.068571 0
-0.072923 0.145397 0.137875 0
-0.286696 -0.046632 0.157313 0
0.113939 0.506790 -0.058033 0
-0.406753 0.089582 0.128469 0
0.034931 0.405762 0.016244 0
0.025399 0.369609 -0.075456 0
-0.326031 0.019329 0.154074 0
-0.451124 0.141280 0.068865 0
0.182309 0.587421 -0.084618 0
0.117397 0.578606 -0.028844 0
0.010746 -0.459836 0.283654 0
-0.095478 -0.123234 0.183641 0
-0.482926 0.132875 0.146266 0
-0.224760 -0.148424 0.185816 0
0.093994 -0.401913 0.253610 0
0.214321 0.628946 -0.085752 0
-0.141934 -0.150420 0.202628 0
-0.137502 -0.736048 0.340941 0
-0.479698 0.203470 0.007768 0
-0.178172 -0.227543 0.200627 0
-0.105146 -0.607457 0.335373 0
-0.403325 0.144640 0.040820 0
0.060955 -0.436704 0.226356 0
0.307815 0.741558 -0.098248 0
-0.539180 0.159786 0.121885 0
-0.369439 0.070447 0.098301 0
-0.811704 0.195807 -0.146251 0
-0.371548 0.092642 0.048338 0
-0.333937 0.026988 0.106039 0
-0.097671 -0.897089 0.376822 0
-0.449246 0.120414 0.113701 0
-0.075742 0.086883 0.127791 0
-0.103342 -0.374459 0.243449 0
-0.096445 -0.583677 0.265269 0
-0.131201 -0.308573 0.196059 0
-0.550365 0.167117 0.066878 0
-0.145648 -0.850582 0.373118 0
0.158440 -0.362456 0.114271 0
0.057209 0.403061 -0.088029 0
-0.137482 -0.195736 0.215616 0
-0.394214 0.093247 0.173935 0
0.258018 0.710058 -0.102089 0
-0.087192 0.009137 0.156015 0
-0.049045 0.239742 0.023520 0
-0.132632 0.121293 0.062223 0
0.023137 0.365281 -0.011075 0
-0.024868 0.267400 0.058789 0
-0.073466 -0.522208 0.201975 0
-0.102820 -0.540584 0.279306 0
-0.127100 -0.075921 0.146833 0
-0.041808 0.228155 0.104351 0
0.129117 -0.392784 0.184173 0
-0.664228 0.210345 -0.047737 0
-0.677403 0.187058 -0.011662 0
-0.338151 0.038959 0.192394 0
-0.637725 0.185404 0.026227 0
-0.012487 -0.474622 0.195757 0
0.058541 -0.432407 0.166243 0
-0.064694 0.257617 -0.019582 0
-0.052865 -0.527194 0.313391 0
0.059360 0.435073 -0.013392 0
-0.093665 -0.644799 0.307223 0
-0.557226 0.194691 0.017978 0
-0.109523 -0.805831 0.364875 0
0.094033 -0.390009 0.108864 0
-0.084217 0.191623 0.030519 0
0.026377 -0.455988 0.244094 0
-0.270351 -0.039124 0.104996 0
-0.480638 0.165999 0.050497 0
-0.141799 -0.450371 0.275049 0
-0.137728 -0.698111 0.322176 0
-0.104147 -0.422688 0.266905 0
-0.592072 0.207134 -0.003575 0
0.071918 0.433886 -0.054116 0
-0.229980 -0.081602 0.219173 0
-0.059676 0.166492 0.105060 0
-0.026559 -0.465006 0.156363 0
0.191348 0.659418 -0.070772 0
-0.120996 0.046739 0.103186 0
0.151066 0.593842 -0.051557 0
-0.087460 -0.604858 0.298702 0
0.089553 -0.409686 0.143849 0
-0.522502 0.211939 0.003829 0
-0.137089 -0.609958 0.311177 0
-0.097591 -0.079341 0.175430 0
-0.742819 0.177765 -0.032489 0
-0.095007 0.081338 0.088333 0
0.076573 0.490071 0.013390 0
-0.127512 -0.293513 0.264300 0
0.161350 -0.369191 0.158661 0
-0.103897 -0.682902 0.308785 0
0.097895 0.471480 -0.070432 0
-0.319231 0.001518 0.080359 0
-0.125098 -0.273446 0.211665 0
-0.063753 -0.564067 0.275062 0
-0.044605 -0.499492 0.215868 0
-0.122370 -0.032535 0.130937 0
-0.807715 0.170184 -0.062147 0
-0.844517 0.166154 -0.121698 0
-0.257204 -0.072291 0.150919 0
-0.104296 -0.502283 0.279324 0
-0.126556 -0.140094 0.168992 0
-0.098034 0.137371 0.065011 0
0.119355 0.540558 -0.041147 0
-0.782904 0.190586 -0.119848 0
-0.123685 -0.768847 0.359209 0
-0.084168 0.058687 0.154385 0
-0.113873 -0.340411 0.226237 0
-0.297602 -0.012118 0.167119 0
-0.018875 0.308984 -0.015244 0
-0.125664 -0.879516 0.352223 0
-0.694249 0.214326 -0.068735 0
-0.148055 -0.315948 0.232462 0
-0.268223 -0.022865 0.199951 0
-0.143064 -0.233472 0.207110 0
0.021103 0.404890 0.049671 0
0.110831 0.470103 -0.107690 0
-0.010585 0.302862 0.037423 0
0.110586 -0.401507 0.219132 0
-0.360955 0.043511 0.124106 0
0.146654 0.534634 -0.096740 0
-0.511996 0.160178 0.067542 0
-0.210435 -0.163922 0.150488 0
0.270060 0.676667 -0.099903 0
-0.106987 -0.212820 0.194768 0
-0.122229 -0.121029 0.206764 0
-0.202287 -0.175565 0.185320 0
-0.228253 -0.099660 0.127656 0
-0.634857 0.237534 -0.060978 0
-0.138722 -0.821762 0.352978 0
-0.119660 -0.869061 0.387275 0
-0.132714 -0.376675 0.265825 0
-0.097971 0.008340 0.122286 0
0.044037 0.429109 0.041395 0
-0.175286 -0.257510 0.216974 0
-0.139042 -0.483932 0.269280 0
0.090549 0.499395 -0.023266 0
-0.016876 -0.486381 0.270027 0
-0.104938 -0.743175 0.347732 0
0.017270 0.357589 -0.045019 0
-0.599451 0.177856 0.074399 0
0.128054 -0.375455 0.108106 0
-0.709545 0.178277 -0.013266 0
-0.177162 -0.227008 0.167396 0
-0.118322 -0.107258 0.157912 0
0.243284 0.655180 -0.093979 0
0.236044 0.620403 -0.118645 0
-0.740502 0.206977 -0.106177 0
-0.049040 0.191518 0.081869 0
-0.512008 0.142928 0.135492 0
-0.180943 -0.194685 0.248390 0
-0.124218 -0.536902 0.303577 0
-0.722682 0.198435 -0.072281 0
-0.784466 0.183250 -0.084078 0
-0.067137 -0.533544 0.235142 0
0.019533 0.377998 0.021560 0
-0.107675 -0.151119 0.204910 0
-0.016195 0.352394 0.068260 0
0.167514 0.561174 -0.095017 0
-0.071289 0.118794 0.120394 0
-0.133466 -0.175216 0.184603 0
-0.229927 -0.112854 0.194656 0
-0.198918 -0.203498 0.204029 0
-0.109157 -0.584191 0.308742 0
0.034848 -0.432240 0.142990 0
0.002453 0.339716 -0.020886 0
-0.204636 -0.153159 0.210157 0
-0.152401 -0.254560 0.256105 0
0.191816 0.577698 -0.116858 0
-0.106954 0.109537 0.075831 0
-0.114796 -0.683835 0.339617 0
-0.378048 0.069182 0.131596 0
-0.122332 -0.322354 0.254317 0
-0.062157 0.213127 0.032913 0
-0.128617 -0.642865 0.303737 0
-0.666013 0.176022 0.059683 0
-0.117295 -0.726848 0.319829 0
-0.386269 0.119655 0.045477 0
0.012173 -0.470685 0.221356 0
-0.381254 0.094222 0.079919 0
0.003291 -0.456097 0.169848 0
-0.001435 0.339536 0.038740 0
0.117773 0.495326 -0.087693 0
-0.284138 -0.028393 0.133009 0
0.066575 0.463613 -0.002358 0
-0.586353 0.226466 -0.027133 0
-0.710902 0.180731 0.024591 0
-0.124577 -0.826528 0.380842 0
0.071334 -0.421766 0.253236 0
0.099950 0.551977 -0.016288 0
-0.032647 0.247339 0.083348 0
0.054044 -0.442713 0.194568 0
-0.124209 -0.799517 0.339313 0
0.289111 0.718538 -0.100441 0
-0.762098 0.178508 -0.055099 0
-0.553399 0.172726 0.037459 0
0.044469 0.390054 -0.064721 0
-0.066381 0.145768 0.083313 0
-0.420172 0.133587 0.064892 0
-0.113360 -0.210022 0.224915 0
0.143311 -0.374192 0.202948 0
-0.027105 0.238118 0.047605 0
-0.427956 0.105474 0.097985 0
-0.118685 -0.474155 0.290485 0
-0.122435 -0.904854 0.390562 0
-0.117809 -0.279231 0.240556 0
-0.476913 0.131084 0.117624 0
0.110534 -0.405828 0.165688 0
0.087184 -0.418491 0.223686 0
0.189878 0.619262 -0.072923 0
-0.365257 0.066256 0.184887 0
-0.133487 -0.247100 0.235200 0
-0.085703 -0.016165 0.137963 0
0.038003 -0.452523 0.217688 0
0.132173 0.526172 -0.073073 0
-0.427585 0.108886 0.134350 0
-0.124021 -0.437978 0.252391 0
-0.428544 0.156960 0.047670 0
-0.199550 -0.154070 0.238572 0
-0.524206 0.155561 0.096492 0
-0.490458 0.186715 0.028630 0
-0.106828 -0.405241 0.244145 0
-0.043472 0.278243 -0.011910 0
0.334024 0.736852 -0.109093 0
-0.348872 0.049457 0.096277 0
-0.484324 0.145941 0.070608 0
-0.033201 -0.506858 0.240906 0
-0.021113 0.305277 0.092807 0
-0.114481 -0.605194 0.255936 0
-0.689835 0.242441 -0.095861 0
-0.831080 0.174170 -0.147179 0
0.004822 -0.472061 0.252963 0
-0.319669 0.018493 0.181588 0
-0.079008 0.119596 0.149352 0
-0.096647 -0.810596 0.340380 0
-0.012606 -0.474262 0.298100 0
-0.617628 0.189813 0.007207 0
-0.106880 -0.567391 0.286309 0
-0.059273 -0.537328 0.288090 0
-0.118940 -0.174901 0.217930 0
-0.096393 -0.051204 0.176657 0
-0.078328 0.066233 0.109138 0
-0.102213 -0.151857 0.177552 0
-0.554727 0.164286 0.094292 0
-0.224498 -0.123380 0.169403 0
-0.112608 -0.633900 0.328554 0
-0.034147 0.254762 0.112311 0
-0.309532 -0.003279 0.143547 0
-0.172711 -0.217907 0.226169 0
-0.059330 0.193030 0.055699 0
-0.091446 0.164419 0.045110 0
-0.110562 -0.902821 0.352408 0
0.206864 0.604378 -0.096319 0
-0.653435 0.188668 0.002105 0
-0.071223 0.176506 0.145743 0
-0.082563 -0.562736 0.253845 0
-0.364342 0.071592 0.064607 0
-0.300597 -0.020139 0.089616 0
-0.019337 0.293382 0.067613 0
-0.044341 -0.513954 0.279951 0
-0.268729 -0.044822 0.179842 0
-0.253691 -0.077580 0.180050 0
-0.120302 -0.351786 0.260597 0
-0.128047 -0.410718 0.273505 0
-0.761253 0.179204 -0.012552 0
0.181736 -0.349122 0.171081 0
-0.145611 -0.878333 0.370540 0
0.012041 0.351971 0.016398 0
-0.639448 0.218189 -0.040364 0
-0.139664 -0.544868 0.282910 0
-0.011517 0.302813 0.010462 0
-0.465602 0.137495 0.091290 0
0.135807 0.569311 -0.047191 0
-0.128884 -0.762804 0.333503 0
0.040192 0.385924 -0.008582 0
-0.615080 0.176022 0.050595 0
-0.258997 -0.050131 0.127327 0
-0.117010 -0.714129 0.346812 0
-0.345245 0.039630 0.160108 0
-0.128145 -0.368794 0.235546 0
0.047986 0.429952 0.010145 0
0.316151 0.714958 -0.111488 0
0.105006 0.518940 -0.034053 0
-0.130683 -0.298817 0.221984 0
-0.457199 0.126566 0.147817 0
-0.064008 0.234891 -0.002332 0
-0.339457 0.027294 0.132682 0
-0.082435 0.086092 0.153449 0
-0.465331 0.180348 0.033809 0
-0.614379 0.222014 -0.029353 0
0.160429 0.574523 -0.070224 0
-0.392626 0.074947 0.110127 0
-0.050384 0.203303 0.106695 0
-0.154686 -0.273702 0.210899 0
-0.813120 0.177737 -0.126758 0
-0.409473 0.099867 0.153537 0
-0.574927 0.175774 0.063076 0
0.035020 -0.446324 0.269614 0
-0.092250 -0.581987 0.238924 0
-0.102064 -0.865072 0.368354 0
0.075001 0.423821 -0.088128 0
-0.083840 0.031935 0.143249 0
0.140213 -0.384343 0.159075 0
-0.442896 0.122857 0.085708 0
-0.103414 -0.286075 0.218379 0
0.217350 0.659379 -0.080066 0
0.245600 0.684685 -0.091307 0
-0.790218 0.207675 -0.137851 0
-0.335459 0.028393 0.076988 0
-0.094494 -0.667114 0.326988 0
-0.102386 -0.069131 0.150206 0
-0.121982 -0.523568 0.274234 0
-0.134448 -0.051254 0.144008 0
-0.164424 -0.242958 0.185179 0
-0.113762 -0.622399 0.299216 0
-0.078981 -0.576485 0.291543 0
0.147277 0.522589 -0.119364 0
-0.043301 0.261579 0.007518 0
-0.318575 0.010273 0.123828 0
-0.130576 -0.850070 0.352475 0
0.099486 0.487792 -0.048908 0
-0.737058 0.183033 -0.057834 0
-0.071876 0.092786 0.103246 0
-0.021857 -0.486594 0.217233 0
0.085016 0.447902 -0.070864 0
-0.131954 -0.207990 0.193555 0
0.172038 0.602671 -0.065607 0
-0.065956 0.142032 0.111635 0
-0.566500 0.211424 -0.002745 0
-0.101558 -0.750548 0.323128 0
-0.138037 -0.674010 0.314373 0
-0.730780 0.226157 -0.119529 0
-0.106394 -0.603445 0.282044 0
-0.103775 0.182633 0.017328 0
-0.128620 -0.592697 0.294443 0
-0.761778 0.193517 -0.104785 0
-0.386560 0.079782 0.152628 0
-0.671241 0.225205 -0.066870 0
0.061673 -0.420820 0.144374 0
-0.024912 0.318426 -0.040581 0
-0.235707 -0.095146 0.150932 0
-0.022295 0.263632 0.034452 0
-0.108233 -0.102306 0.197616 0
0.052179 -0.437121 0.251912 0
-0.101562 0.062074 0.102301 0
0.152122 -0.374869 0.134504 0
-0.127034 -0.462384 0.259538 0
0.075163 -0.429750 0.205513 0
0.058519 0.413386 -0.053023 0
-0.046502 0.218497 0.127281 0
-0.117810 -0.439876 0.277618 0
-0.064591 -0.549434 0.318077 0
-0.184556 -0.207698 0.180345 0
-0.455244 0.163580 0.048291 0
-0.684131 0.194630 -0.039105 0
-0.094675 -0.583299 0.328389 0
-0.095568 -0.784626 0.349945 0
-0.653374 0.198647 -0.024772 0
0.031066 0.376580 -0.038921 0
-0.115032 0.023123 0.110417 0
0.025158 -0.446883 0.165196 0
-0.143369 -0.385061 0.245806 0
-0.123465 -0.250592 0.204101 0
-0.113177 -0.661275 0.302922 0
-0.101913 -0.262421 0.223521 0
-0.113198 -0.391026 0.262293 0
0.174610 -0.355205 0.130329 0
-0.405132 0.098557 0.099209 0
-0.095378 -0.102609 0.170613 0
-0.691807 0.181367 0.006484 0
-0.504031 0.168427 0.046558 0
-0.836541 0.168812 -0.099402 0
-0.136467 -0.631311 0.323028 0
0.077983 -0.401744 0.121905 0
-0.117436 -0.515277 0.296424 0
-0.509346 0.198057 0.017920 0
-0.214491 -0.143859 0.162817 0
-0.093810 0.073695 0.170147 0
-0.281777 -0.023555 0.180478 0
0.055464 0.410790 -0.017227 0
-0.036149 -0.484742 0.198608 0
0.007068 0.351194 -0.065224 0
-0.784842 0.174527 -0.060042 0
0.078869 -0.421518 0.162998 0
0.110987 -0.390364 0.242659 0
-0.240653 -0.074888 0.199142 0
-0.658739 0.179737 0.034468 0
-0.114793 -0.702830 0.313410 0
0.153988 -0.368310 0.183262 0
-0.112537 -0.844211 0.368706 0
-0.532649 0.173146 0.049719 0
-0.158749 -0.253537 0.232618 0
-0.076101 -0.543877 0.209421 0
-0.059754 -0.515591 0.222400 0
-0.585311 0.194919 0.014717 0
-0.062347 -0.503031 0.195853 0
-0.139250 -0.276003 0.255127 0
-0.137374 -0.093601 0.159080 0
-0.133526 -0.220941 0.225387 0
-0.119014 -0.562727 0.309959 0
-0.131498 -0.012295 0.124091 0
-0.042623 0.214894 0.085859 0
-0.125635 0.139084 0.049921 0
-0.087089 0.139487 0.156802 0
-0.111317 -0.485243 0.264427 0
-0.217027 -0.128577 0.207909 0
-0.108042 -0.015349 0.127399 0
-0.079957 0.056398 0.131662 0
-0.118426 -0.828555 0.345758 0
-0.120951 -0.321568 0.216035 0
-0.270031 -0.063840 0.167845 0
-0.617861 0.174257 0.086847 0
-0.148290 0.015090 0.132580 0
-0.109185 -0.075130 0.194238 0
-0.533441 0.190568 0.018978 0
-0.131693 -0.790565 0.358918 0
-0.093378 0.200665 0.007307 0
-0.823612 0.169020 -0.081079 0
-0.135482 -0.336804 0.231353 0
-0.146078 -0.292190 0.193084 0
-0.121542 -0.228235 0.201743 0
-0.054392 0.165912 0.080146 0
0.060832 0.425233 -0.033366 0
0.273727 0.664797 -0.118377 0
-0.085476 0.121619 0.074393 0
-0.043179 0.224042 0.041526 0
-0.141610 -0.427904 0.269834 0
-0.087341 0.103548 0.091552 0
-0.119646 0.064522 0.089710 0
0.127451 -0.390925 0.209465 0
-0.101302 -0.192268 0.206665 0
-0.046936 -0.507646 0.303882 0
0.240065 0.635258 -0.102787 0
-0.299322 -0.029999 0.148856 0
-0.573710 0.179747 0.026401 0
-0.141633 0.060997 0.095868 0
-0.029355 -0.470387 0.177395 0
0.084772 0.505311 -0.000012 0
0.008909 -0.464923 0.194453 0
-0.091059 -0.018555 0.163905 0
0.152582 0.616355 -0.045291 0
-0.721488 0.183053 -0.030821 0
-0.112785 -0.050018 0.143360 0
-0.060687 0.181509 0.120699 0
-0.010462 -0.450647 0.150774 0
-0.636737 0.182828 0.049777 0
0.276249 0.698760 -0.099555 0
0.106142 -0.394747 0.130843 0
-0.143958 -0.298305 0.244046 0
-0.119472 -0.600216 0.318598 0
-0.615312 0.186134 0.028162 0
-0.094900 -0.689694 0.330903 0
-0.137990 0.099875 0.076310 0
-0.105061 -0.349058 0.243678 0
0.135465 0.595998 -0.037126 0
-0.097721 -0.822497 0.358719 0
-0.123661 -0.392619 0.240652 0
-0.286103 -0.025253 0.108399 0
-0.501612 0.137438 0.117796 0
-0.126743 -0.496360 0.294034 0
-0.051965 -0.521871 0.244257 0
0.099583 0.463954 -0.090125 0
0.076900 0.480755 -0.009170 0
-0.143798 -0.175210 0.203034 0
-0.145461 -0.819070 0.372820 0
0.110105 -0.407311 0.186756 0
0.182909 0.640717 -0.061864 0
-0.131294 -0.886529 0.385017 0
0.131892 0.515071 -0.090984 0
-0.732626 0.176822 -0.013168 0
-0.520555 0.148413 0.117031 0
-0.384444 0.106471 0.061768 0
-0.072185 0.210754 0.014592 0
-0.313765 0.006385 0.165147 0
-0.577419 0.170816 0.083298 0
0.008838 0.388135 0.044419 0
-0.726539 0.210052 -0.089294 0
-0.102430 -0.613354 0.314342 0
-0.076460 0.179037 0.045851 0
-0.064926 0.161831 0.126321 0
-0.063671 -0.541328 0.257234 0
-0.136290 -0.267674 0.233117 0
-0.017145 0.285634 0.048363 0
-0.545931 0.210383 0.000550 0
0.084014 0.456863 -0.052080 0
-0.002178 0.322321 0.026861 0
-0.094953 -0.761443 0.347332 0
-0.126853 -0.503735 0.270194 0
-0.182229 -0.200047 0.221416 0
-0.031221 -0.501441 0.269802 0
-0.150647 -0.293463 0.220117 0
-0.190237 -0.176985 0.242837 0
-0.791668 0.181325 -0.103438 0
-0.028608 0.267400 0.086664 0
-0.239384 -0.093119 0.189383 0
-0.503142 0.214063 -0.003214 0
-0.095381 -0.732077 0.330153 0
-0.265774 -0.050963 0.146865 0
-0.224309 -0.101390 0.217376 0
-0.532569 0.225905 -0.007522 0
-0.458432 0.189852 0.016888 0
-0.116064 -0.191855 0.192316 0
-0.206892 -0.161031 0.171530 0
0.222844 0.616111 -0.101717 0
-0.115257 0.091806 0.082040 0
-0.531429 0.162422 0.078590 0
-0.139135 -0.150113 0.182367 0
-0.804277 0.178137 -0.081811 0
-0.695780 0.225694 -0.085500 0
-0.561524 0.165992 0.113356 0
-0.353169 0.051562 0.177892 0
-0.095987 -0.087314 0.156875 0
-0.139470 -0.125033 0.173050 0
-0.108896 -0.325970 0.239523 0
-0.082363 0.149296 0.060372 0
0.076219 0.449482 -0.030893 0
-0.352148 0.056818 0.077304 0
-0.109099 -0.425680 0.246578 0
-0.159710 -0.257075 0.200650 0
-0.609211 0.207378 -0.014162 0
-0.766536 0.202818 -0.122824 0
-0.127976 -0.850925 0.384749 0
-0.139084 -0.894024 0.356533 0
-0.418108 0.110092 0.168543 0
0.179668 -0.358958 0.152141 0
-0.128036 -0.751466 0.350320 0
-0.107363 -0.122808 0.167604 0
-0.694661 0.184317 -0.025667 0
-0.027248 0.288050 -0.005905 0
0.023811 0.398421 0.031000 0
-0.069097 -0.553195 0.294922 0
-0.140386 -0.394906 0.267632 0
0.154097 -0.355880 0.208150 0
-0.404007 0.122519 0.061716 0
-0.106693 -0.446860 0.256201 0
0.107807 0.488656 -0.071026 0
-0.243698 -0.078385 0.137727 0
0.012042 0.345724 -0.004603 0
0.071607 -0.431389 0.181122 0
-0.595775 0.179891 0.055028 0
-0.315214 0.006993 0.098974 0
-0.098147 0.036400 0.109121 0
-0.202235 -0.181150 0.205863 0
-0.088953 -0.588322 0.309455 0
-0.007272 0.321489 0.045955 0
-0.367725 0.059981 0.115737 0
-0.762757 0.176598 -0.031956 0
-0.103331 -0.132749 0.198911 0
-0.121986 -0.161739 0.176232 0
-0.127246 -0.559907 0.284647 0
-0.137782 -0.717403 0.325271 0
-0.334377 0.029369 0.172686 0
-0.423749 0.120269 0.080633 0
0.041828 -0.444359 0.179477 0
-0.124931 -0.301921 0.246127 0
-0.004164 -0.474064 0.280575 0
0.158309 0.543649 -0.109386 0
-0.136838 -0.469880 0.282495 0
-0.668315 0.179608 0.017588 0
-0.240182 -0.122858 0.180792 0
-0.693992 0.200925 -0.054726 0
-0.106294 -0.878819 0.352181 0
-0.237816 -0.060452 0.211729 0
-0.191103 -0.191359 0.188405 0
-0.008500 0.326359 -0.029600 0
-0.798348 0.190825 -0.133013 0
0.287077 0.680056 -0.117510 0
-0.256821 -0.087721 0.163280 0
-0.569888 0.233536 -0.034147 0
-0.090389 -0.589391 0.282585 0
-0.099680 -0.030080 0.136461 0
-0.102580 -0.229117 0.204441 0
-0.128673 -0.805960 0.369932 0
-0.135596 0.030005 0.109369 0
0.181192 0.573764 -0.099557 0
-0.085194 0.005294 0.136145 0
-0.187938 -0.216851 0.214429 0
-0.092660 -0.624972 0.302823 0
-0.077423 0.159475 0.151527 0
-0.169784 -0.274665 0.223081 0
-0.139863 -0.315523 0.251573 0
-0.380728 0.079889 0.172867 0
-0.207651 -0.140097 0.228550 0
-0.035144 0.234599 0.069471 0
-0.710866 0.211921 -0.078728 0
-0.846121 0.162848 -0.141778 0
-0.004731 -0.479617 0.221496 0
-0.633465 0.195244 -0.001669 0
-0.461858 0.124227 0.127291 0
0.030394 0.376331 -0.058482 0
0.105040 0.535487 -0.024869 0
0.066552 0.419844 -0.068883 0
-0.130167 -0.781584 0.339940 0
0.194927 0.589360 -0.098531 0
0.154449 0.549096 -0.087443 0
-0.165340 -0.235953 0.234425 0
-0.116078 -0.254331 0.232995 0
-0.769951 0.184325 -0.071208 0
-0.106833 -0.547068 0.296526 0
-0.328609 0.007133 0.139999 0
-0.655492 0.226047 -0.056652 0
-0.225951 -0.118253 0.146193 0
-0.467691 0.156483 0.060450 0
-0.101153 -0.717583 0.317340 0
-0.130789 -0.701746 0.343896 0
-0.415154 0.101896 0.117110 0
-0.569151 0.178894 0.045448 0
-0.216084 -0.161058 0.197666 0
-0.089347 0.037918 0.162575 0
-0.112047 -0.882721 0.377077 0
-0.100523 0.148552 0.050296 0
-0.445582 0.119488 0.135055 0
-0.003676 0.348910 0.054687 0
-0.076169 0.101635 0.139153 0
-0.077541 0.072058 0.142229 0
0.121003 0.523768 -0.055193 0
-0.251399 -0.053409 0.110436 0
-0.019181 -0.494226 0.252629 0
0.097566 -0.407802 0.234742 0
0.005249 0.356370 0.033073 0
-0.074578 -0.548274 0.243580 0
0.055191 0.446962 0.011182 0
0.042152 0.406502 -0.000760 0
0.203168 0.645542 -0.073853 0
0.136000 -0.379082 0.124396 0
-0.023435 0.287856 0.087084 0
-0.007375 0.323447 -0.011402 0
-0.009061 0.286074 0.029934 0
-0.104326 0.171613 0.034098 0
0.100617 -0.412155 0.207901 0
-0.205735 -0.182026 0.157514 0
-0.112483 0.126421 0.061917 0
-0.011443 0.368159 0.060072 0
-0.363343 0.056094 0.138946 0
0.029114 0.384902 0.007475 0
-0.827197 0.172300 -0.114817 0
-0.118215 0.000354 0.123332 0
-0.144287 -0.065443 0.154899 0
-0.252923 -0.035744 0.200369 0
-0.123005 -0.617928 0.321797 0
0.226760 0.641863 -0.089441 0
-0.129851 -0.158723 0.213588 0
0.204819 0.672454 -0.077417 0
0.114331 -0.383467 0.117156 0
0.096098 -0.414488 0.174019 0
0.068852 0.473559 0.014098 0
-0.080783 -0.570361 0.273629 0
-0.372478 0.078264 0.079846 0
-0.061637 0.229524 0.015235 0
-0.305928 0.003645 0.184588 0
-0.325551 0.017147 0.088002 0
-0.104316 -0.247196 0.204600 0
0.030967 -0.447311 0.287283 0
-0.172244 -0.210141 0.242562 0
-0.178466 -0.236736 0.216244 0
0.039476 0.420981 0.024901 0
-0.113200 -0.358073 0.230280 0
-0.282951 -0.007001 0.199045 0
-0.389745 0.086806 0.096804 0
0.243530 0.703770 -0.093334 0
0.037762 -0.426110 0.126281 0
-0.390787 0.081308 0.127347 0
0.043835 -0.445554 0.233223 0
-0.137664 -0.553328 0.305658 0
-0.114816 -0.784439 0.359750 0
0.003107 0.346972 -0.047961 0
-0.146714 -0.086775 0.179456 0
-0.054635 0.184361 0.104109 0
0.049696 0.437614 0.026217 0
-0.736715 0.195662 -0.083733 0
-0.134325 -0.673636 0.332742 0
-0.107644 -0.792859 0.339384 0
-0.312976 0.017773 0.198117 0
-0.043591 0.192064 0.064907 0
-0.339732 0.039065 0.117784 0
-0.649657 0.239172 -0.070712 0
-0.126688 -0.419890 0.248361 0
-0.679485 0.211541 -0.059046 0
-0.113053 -0.456292 0.282459 0
-0.106049 -0.173019 0.205585 0
-0.089905 0.123812 0.164656 0
-0.115962 -0.864407 0.348465 0
-0.025255 -0.488185 0.286114 0
-0.105524 -0.525694 0.288527 0
-0.110953 -0.652649 0.331997 0
-0.104662 -0.592717 0.248220 0
-0.108439 -0.642860 0.297769 0
-0.121159 -0.681402 0.311877 0
-0.035903 0.238380 0.118499 0
0.120217 0.486992 -0.102983 0
-0.414899 0.158466 0.036708 0
-0.117769 -0.089766 0.156832 0
-0.140630 -0.495892 0.283369 0
-0.117223 -0.307483 0.261982 0
-0.794630 0.171142 -0.045952 0
-0.032368 0.249361 0.034730 0
-0.053774 0.270294 -0.024584 0
-0.712288 0.176995 0.007591 0
-0.031923 0.301527 -0.024112 0
-0.618028 0.234373 -0.046558 0
-0.432789 0.114951 0.111965 0
-0.426791 0.111142 0.152632 0
0.323270 0.748905 -0.095079 0
0.014190 -0.461963 0.263558 0
0.024131 -0.458589 0.205447 0
-0.125465 -0.137745 0.210166 0
0.118258 0.561754 -0.032917 0
-0.769013 0.189424 -0.088998 0
-0.099278 0.048690 0.172043 0
-0.130123 -0.587059 0.314953 0
-0.586968 0.239820 -0.040560 0
0.007979 -0.447039 0.155274 0
0.041092 0.384773 -0.080833 0
-0.710403 0.198528 -0.060117 0
-0.139946 -0.529744 0.294256 0
0.067249 0.452504 -0.015574 0
0.193978 0.605548 -0.082590 0
-0.672028 0.195756 -0.025575 0
-0.681530 0.175529 0.048992 0
0.258179 0.658152 -0.102150 0
-0.146922 -0.834831 0.360676 0
-0.142260 -0.442349 0.259837 0
-0.227193 -0.131962 0.190167 0
-0.509256 0.154130 0.087687 0
0.143185 -0.380567 0.177921 0
-0.115163 -0.305990 0.223618 0
-0.104345 -0.725234 0.343467 0
-0.296797 -0.013432 0.138100 0
-0.121957 -0.193288 0.222530 0
0.133462 0.543987 -0.058194 0
-0.121937 -0.544579 0.279112 0
-0.119442 -0.743019 0.324943 0
0.172863 0.560300 -0.112321 0
0.105615 -0.404165 0.145741 0
-0.069912 0.194711 0.042387 0
-0.443472 0.154417 0.056615 0
0.123314 -0.396316 0.159524 0
0.122052 -0.387770 0.225518 0
-0.091576 -0.062076 0.161379 0
-0.116929 -0.372850 0.260568 0
-0.119945 -0.230918 0.230562 0
-0.745749 0.216020 -0.119612 0
-0.138473 -0.284255 0.236233 0
-0.036979 -0.519192 0.251932 0
-0.073597 0.102003 0.119675 0
-0.722489 0.183020 -0.048719 0
-0.101376 -0.213593 0.211141 0
-0.600265 0.172764 0.097379 0
-0.137519 -0.331789 0.255683 0
-0.096721 -0.800942 0.354327 0
-0.029085 0.251013 0.059448 0
-0.143767 -0.779513 0.364662 0
-0.104149 -0.699078 0.341521 0
0.015008 0.354135 -0.028631 0
-0.801371 0.185676 -0.116571 0
-0.541881 0.161074 0.104765 0
-0.213983 -0.150918 0.140341 0
0.194176 -0.345306 0.160372 0
-0.140021 -0.299184 0.207152 0
-0.143432 -0.860299 0.359574 0
0.077207 -0.423213 0.236367 0
-0.040614 -0.476233 0.166391 0
-0.569286 0.223183 -0.015416 0
-0.073132 0.246948 -0.009577 0
0.092609 0.472567 -0.054559 0
-0.601475 0.187020 0.018807 0
-0.140952 -0.214416 0.211898 0
-0.055547 0.257707 -0.005588 0
-0.188453 -0.211383 0.161618 0
-0.140620 -0.364342 0.253583 0
0.222664 0.609796 -0.120142 0
-0.272784 -0.043216 0.133862 0
-0.198868 -0.161440 0.223408 0
0.066755 -0.411612 0.129243 0
-0.123658 -0.733598 0.349850 0
0.054522 0.403199 -0.066428 0
-0.728550 0.218351 -0.104050 0
-0.136978 -0.192136 0.193550 0
-0.252475 -0.060964 0.138095 0
-0.095927 -0.598867 0.322800 0
-0.016898 0.320572 0.085035 0
-0.054258 0.209262 0.046965 0
-0.091910 -0.037634 0.162524 0
-0.717158 0.236831 -0.109834 0
-0.168738 -0.241080 0.202057 0
-0.132205 -0.658652 0.312425 0
-0.234311 -0.080976 0.124357 0
-0.346659 0.039335 0.141390 0
-0.680325 0.234913 -0.084664 0
-0.068357 0.124675 0.103068 0
0.043024 -0.434887 0.157056 0
0.165639 -0.357504 0.178224 0
-0.619903 0.180559 0.065677 0
-0.140411 -0.242142 0.220842 0
-0.106680 -0.583398 0.290060 0
-0.186858 -0.211956 0.196770 0
-0.195030 -0.190319 0.172299 0
-0.052883 0.176791 0.067963 0
0.141670 0.539034 -0.076720 0
-0.491407 0.157790 0.059745 0
0.096272 0.517337 -0.020280 0
-0.102778 -0.443969 0.272558 0
-0.014211 0.300936 0.053393 0
-0.132076 -0.353032 0.233505 0
0.235516 0.672576 -0.086873 0
-0.547096 0.186710 0.028059 0
-0.177041 -0.223036 0.184959 0
0.304669 0.705537 -0.104423 0
0.249027 0.634688 -0.119455 0
-0.122759 0.103444 0.071602 0
-0.461003 0.127721 0.105026 0
-0.037067 -0.500633 0.285984 0
-0.134586 -0.805974 0.352614 0
-0.401649 0.089419 0.112279 0
0.101824 0.502125 -0.041528 0
-0.482990 0.174934 0.037034 0
-0.111314 -0.491914 0.291323 0
0.069328 -0.417730 0.268882 0
-0.079304 0.140592 0.074903 0
-0.129125 -0.906729 0.354695 0
0.014775 -0.465793 0.238335 0
0.021557 -0.435664 0.134368 0
-0.435319 0.139285 0.065654 0
0.031234 0.413897 0.040814 0
-0.750667 0.186731 -0.065780 0
-0.482235 0.141663 0.102048 0
-0.109252 -0.406702 0.262297 0
-0.107052 -0.770455 0.357418 0
0.309298 0.725539 -0.099820 0
-0.693842 0.179907 -0.009814 0
-0.126791 -0.627112 0.290919 0
-0.117212 -0.821807 0.367272 0
-0.094983 -0.650586 0.322232 0
0.000175 0.307408 0.021162 0
-0.748492 0.195740 -0.095903 0
-0.775510 0.215098 -0.131381 0
-0.375185 0.068344 0.162869 0
-0.260183 -0.060827 0.180261 0
-0.107718 -0.271506 0.211552 0
-0.102243 -0.159802 0.192516 0
-0.024896 -0.496078 0.229841 0
-0.098686 0.091637 0.175017 0
-0.000155 -0.470992 0.206159 0
-0.129445 -0.576051 0.290007 0
-0.439502 0.168863 0.039504 0
-0.702793 0.236188 -0.102910 0
-0.082629 0.103464 0.156565 0
0.034672 0.383011 -0.023253 0
-0.109436 -0.135768 0.176630 0
-0.492878 0.137132 0.134586 0
-0.748426 0.183084 -0.003950 0
-0.375076 0.084760 0.065565 0
-0.057374 -0.549888 0.271743 0
-0.132914 -0.864696 0.378547 0
0.271875 0.717811 -0.102611 0
0.117861 -0.400759 0.201494 0
0.001021 -0.478631 0.239025 0
-0.102757 -0.062370 0.187387 0
0.150571 0.578802 -0.056507 0
0.141049 -0.368486 0.217534 0
-0.136016 -0.902375 0.382848 0
-0.014467 -0.465118 0.176601 0
-0.124705 -0.611204 0.297061 0
-0.117851 -0.337906 0.253461 0
0.045058 0.399108 -0.019203 0
-0.088775 -0.027931 0.149733 0
-0.089232 -0.002852 0.166041 0
-0.112122 -0.812334 0.338034 0
-0.122376 -0.123120 0.162911 0
-0.235338 -0.107841 0.170165 0
-0.494479 0.151580 0.081216 0
-0.093409 -0.632658 0.317222 0
-0.103922 -0.562568 0.300978 0
-0.136067 -0.483781 0.292696 0
-0.076063 -0.546074 0.226037 0
-0.038014 0.231104 0.084502 0
-0.776498 0.188116 -0.105427 0
-0.566371 0.198185 0.005720 0
-0.141273 -0.464708 0.265662 0
-0.086755 0.088648 0.100609 0
-0.390847 0.106601 0.076052 0
-0.230664 -0.097836 0.201492 0
0.161572 0.589366 -0.062240 0
-0.107587 -0.319664 0.224012 0
-0.103669 -0.893424 0.362857 0
0.075621 0.432087 -0.074876 0
-0.140233 -0.136944 0.194901 0
0.100781 0.453764 -0.101908 0
-0.321991 0.017503 0.109389 0
0.181829 0.565776 -0.123868 0
-0.534166 0.166687 0.063841 0
-0.661305 0.190329 -0.014255 0
0.262625 0.693569 -0.094110 0
-0.051208 -0.493541 0.201115 0
-0.114838 -0.177605 0.183213 0
-0.218856 -0.136296 0.175925 0
-0.274772 -0.033839 0.121644 0
-0.474592 0.195065 0.019737 0
-0.131577 -0.721871 0.343546 0
-0.827714 0.172266 -0.130299 0
-0.139521 -0.632580 0.307540 0
-0.340265 0.040231 0.087364 0
-0.104232 -0.827341 0.339811 0
0.020017 0.362473 0.008384 0
-0.127365 -0.450420 0.283590 0
0.288868 0.691295 -0.105043 0
-0.129130 -0.321401 0.229114 0
-0.653079 0.175851 0.068077 0
0.203090 0.587350 -0.112709 0
0.084597 -0.408401 0.263925 0
0.120664 0.508283 -0.071788 0
-0.337878 0.029850 0.149731 0
0.085348 0.481732 -0.027272 0
-0.595259 0.216268 -0.015511 0
0.252003 0.644709 -0.106248 0
-0.774489 0.174988 -0.046780 0
-0.288640 -0.010476 0.184573 0
-0.076627 -0.565125 0.302156 0
-0.093913 0.022967 0.124366 0
-0.160264 -0.254436 0.175933 0
0.061950 -0.436746 0.208806 0
-0.133926 -0.838948 0.377328 0
0.179992 0.625721 -0.063210 0
-0.034444 0.246558 0.099456 0
0.171700 0.587258 -0.073448 0
-0.100763 -0.839129 0.360455 0
-0.496493 0.207467 0.008795 0
-0.353544 0.048872 0.110757 0
-0.360135 0.062267 0.089065 0
-0.290697 -0.018415 0.123582 0
-0.009016 -0.483148 0.254827 0
0.024849 0.369046 -0.027300 0
-0.291182 -0.026518 0.161179 0
-0.695117 0.174986 0.038645 0
-0.044220 0.205395 0.074156 0
-0.221622 -0.130834 0.153450 0
0.163395 -0.369138 0.142850 0
0.037726 -0.447083 0.248704 0
-0.426085 0.166650 0.030630 0
0.021407 0.364301 -0.060225 0
-0.535858 0.177977 0.035760 0
-0.099846 -0.663464 0.313360 0
-0.753286 0.181395 -0.043198 0
-0.100790 0.123683 0.071032 0
-0.105760 -0.514971 0.271333 0
-0.098131 -0.087893 0.187819 0
-0.050773 0.248498 0.011395 0
-0.133658 -0.177669 0.219333 0
0.339986 0.750523 -0.111030 0
-0.098080 0.094843 0.082501 0
-0.520152 0.168261 0.056481 0
-0.117837 -0.289447 0.215867 0
-0.107886 -0.630125 0.314123 0
-0.563614 0.168146 0.078060 0
0.098006 0.538034 -0.009617 0
-0.121961 -0.319778 0.201180 0
-0.415329 0.101416 0.138688 0
-0.113421 -0.758785 0.327063 0
-0.034075 0.258677 0.018941 0
0.200099 0.631002 -0.075638 0
-0.475609 0.130979 0.133354 0
0.134933 -0.386992 0.197124 0
-0.114464 -0.669109 0.337046 0
-0.024253 0.277125 0.076179 0
-0.394647 0.131954 0.046835 0
-0.651524 0.185172 0.016503 0
0.138682 0.517325 -0.104098 0
0.045155 -0.449173 0.205020 0
-0.008877 0.311538 -0.002526 0
-0.276343 -0.058111 0.154611 0
-0.667973 0.182618 -0.000977 0
0.010644 0.373455 0.032654 0
-0.108328 0.074655 0.087792 0
-0.136406 -0.766018 0.351976 0
-0.001164 0.384555 0.054868 0
-0.105895 -0.477878 0.276186 0
0.141058 -0.383357 0.139732 0
-0.754278 0.202880 -0.114383 0
-0.150419 -0.266965 0.241323 0
-0.036186 0.304943 -0.039440 0
-0.329805 0.025612 0.189790 0
-0.071344 0.108347 0.106434 0
0.110874 0.482402 -0.090044 0
-0.216009 -0.141160 0.200129 0
-0.135564 -0.253697 0.212078 0
-0.070612 0.156463 0.072538 0
-0.412269 0.141469 0.052196 0
0.091270 -0.398711 0.127695 0
-0.793024 0.178817 -0.071609 0
-0.125994 -0.710338 0.319510 0
0.067552 -0.404847 0.111890 0
0.042740 -0.439469 0.283050 0
-0.397302 0.089890 0.153007 0
-0.041768 -0.506554 0.228902 0
0.143928 -0.363671 0.116604 0
-0.130634 -0.835323 0.352345 0
-0.481447 0.144055 0.084932 0
-0.723258 0.181019 -0.002620 0
-0.114409 -0.311960 0.243887 0
-0.101258 -0.109130 0.186620 0
-0.061314 0.151408 0.095905 0
-0.013781 0.335181 0.068198 0
-0.276003 -0.048998 0.167782 0
0.075837 0.469370 -0.018381 0
0.068330 0.436407 -0.039241 0
-0.125224 -0.480638 0.263502 0
-0.819056 0.180213 -0.141335 0
-0.617357 0.200824 -0.003873 0
0.023185 -0.461016 0.221082 0
-0.099224 -0.701640 0.323599 0
0.127156 0.552015 -0.045859 0
-0.106136 -0.364558 0.255202 0
-0.329178 0.026906 0.119868 0
-0.118479 -0.063054 0.146749 0
0.005160 0.340298 0.021878 0
-0.096803 -0.002835 0.132608 0
-0.407167 0.097605 0.168783 0
-0.117324 -0.420661 0.272868 0
-0.724252 0.181744 0.014738 0
-0.523867 0.198983 0.011856 0
-0.604638 0.196428 0.008020 0
-0.142104 -0.426108 0.255356 0
0.032418 0.374802 -0.003207 0
-0.018328 0.305798 0.075200 0
-0.284445 -0.033336 0.096372 0
0.111980 0.547251 -0.029973 0
-0.141748 -0.371883 0.239747 0
-0.002282 0.337893 -0.035966 0
0.174000 0.574957 -0.086946 0
-0.318640 0.006549 0.150603 0
-0.028487 -0.505704 0.254615 0
-0.083164 0.196442 0.016840 0
-0.165455 -0.239445 0.171145 0
-0.051227 -0.519544 0.296823 0
-0.436718 0.120163 0.098518 0
0.130856 0.582334 -0.038345 0
-0.094139 0.179852 0.027987 0
-0.542376 0.157557 0.090754 0
-0.109530 -0.273574 0.228667 0
0.161820 -0.366287 0.128108 0
-0.652221 0.179013 0.047333 0
-0.000613 -0.466801 0.295149 0
-0.115999 -0.615690 0.284107 0
-0.619924 0.242291 -0.058466 0
-0.132836 -0.515644 0.299460 0
0.158816 0.562655 -0.078239 0
-0.514016 0.147834 0.103125 0
-0.311613 0.003967 0.112919 0
-0.072677 0.204161 0.028912 0
-0.104472 -0.595523 0.266795 0
-0.465139 0.143840 0.070836 0
-0.598614 0.229987 -0.033774 0
-0.736285 0.191310 -0.069559 0
-0.109024 -0.288486 0.231389 0
-0.136729 -0.353114 0.261656 0
-0.442819 0.118159 0.152832 0
0.121877 -0.379984 0.238916 0
-0.140366 -0.161705 0.193893 0
0.231749 0.696617 -0.089343 0
-0.081448 -0.563163 0.239547 0
-0.138925 -0.877796 0.357369 0
-0.638474 0.189298 0.010367 0
-0.097552 -0.146327 0.191236 0
-0.697680 0.177174 0.020405 0
-0.106800 0.047603 0.101580 0
-0.081493 0.051351 0.112518 0
-0.104989 -0.391123 0.245270 0
-0.128303 -0.207652 0.225401 0
-0.115167 -0.862794 0.375281 0
0.092490 0.458899 -0.075986 0
0.197283 0.583372 -0.128727 0
-0.587601 0.182137 0.020576 0
-0.645960 0.209519 -0.031125 0
-0.138191 -0.310821 0.220423 0
0.046977 0.395734 -0.051907 0
0.145700 0.605883 -0.036628 0
-0.103250 -0.614161 0.294304 0
0.081122 -0.428075 0.192699 0
0.085802 0.442667 -0.086093 0
-0.118238 -0.778566 0.332828 0
-0.075779 -0.557787 0.265293 0
-0.140208 -0.590467 0.305569 0
-0.021719 0.276169 0.027832 0
-0.361140 0.058477 0.103264 0
-0.111367 -0.900251 0.378580 0
-0.071718 -0.528200 0.214682 0
-0.040028 0.290413 -0.020772 0
-0.590342 0.175842 0.086111 0
-0.145151 -0.327905 0.239441 0
-0.184779 -0.191451 0.235176 0
-0.126882 -0.643619 0.326661 0
-0.623707 0.183775 0.039266 0
-0.308903 -0.008730 0.089431 0
-0.412380 0.108373 0.092155 0
-0.089734 0.069692 0.101578 0
-0.115206 -0.599588 0.292324 0
-0.353700 0.057622 0.058883 0
-0.033172 0.275903 -0.001981 0
-0.284174 -0.039200 0.145651 0
-0.115683 -0.381076 0.241479 0
-0.326202 0.016955 0.169248 0
0.051826 0.421601 -0.009042 0
-0.077097 0.135815 0.147656 0
-0.123361 -0.265861 0.238254 0
0.213569 0.602056 -0.108419 0
-0.137856 0.048823 0.101707 0
-0.707255 0.182036 -0.031389 0
-0.056219 -0.503814 0.209233 0
-0.009046 0.331630 0.055461 0
-0.018169 0.290599 0.008750 0
-0.515675 0.218071 -0.007982 0
-0.127089 -0.817787 0.343575 0
-0.134763 -0.689128 0.332478 0
-0.735968 0.183557 -0.043901 0
-0.095879 -0.035712 0.176494 0
-0.093979 0.112375 0.080534 0
-0.116048 -0.756922 0.355001 0
-0.163037 -0.287814 0.223248 0
0.249263 0.667691 -0.092280 0
-0.451377 0.173424 0.033733 0
-0.558836 0.172603 0.052459 0
-0.384328 0.064835 0.115017 0
-0.072529 0.129248 0.083605 0
0.204083 0.619332 -0.082160 0
-0.260963 -0.074997 0.167205 0
-0.069904 0.224253 0.004461 0
-0.721937 0.189620 -0.060972 0
-0.074589 0.079642 0.109316 0
-0.452535 0.130808 0.094419 0
0.082205 -0.415314 0.247411 0
-0.239715 -0.109314 0.183935 0
0.092932 0.490477 -0.034975 0
-0.138003 -0.106554 0.164086 0
-0.081353 0.045571 0.142208 0
-0.160870 -0.239236 0.250072 0
-0.456732 0.133813 0.079156 0
0.288414 0.732323 -0.098874 0
0.055072 0.413676 -0.038471 0
0.125595 0.499443 -0.100033 0
-0.676979 0.203944 -0.047711 0
-0.211036 -0.151530 0.180750 0
0.159561 0.604399 -0.054520 0
-0.843141 0.171742 -0.153574 0
-0.277502 -0.034875 0.173711 0
0.039590 0.388100 -0.038082 0
-0.035955 0.227076 0.052962 0
-0.083355 0.019763 0.132760 0
-0.267731 -0.033494 0.187768 0
0.159393 0.539573 -0.122578 0
-0.584633 0.181637 0.043054 0
-0.117779 0.116298 0.070320 0
-0.645831 0.194638 -0.013888 0
-0.104357 -0.852830 0.361620 0
-0.191732 -0.193995 0.211055 0
-0.412284 0.123172 0.072774 0
-0.589155 0.174363 0.065863 0
-0.141133 -0.409678 0.263571 0
0.083422 -0.424190 0.179648 0
-0.779982 0.201759 -0.127399 0
-0.101484 -0.597009 0.293216 0
-0.375882 0.066233 0.144899 0
-0.136133 0.108378 0.065607 0
-0.024765 0.254339 0.046782 0
-0.095184 0.049718 0.112323 0
0.079229 0.445276 -0.057814 0
0.048569 -0.422917 0.134217 0
0.076695 -0.414600 0.144452 0
0.097437 -0.411523 0.154991 0
-0.102664 -0.872828 0.379719 0
-0.071039 0.133922 0.130522 0
-0.097286 -0.053831 0.151111 0
-0.085964 -0.591424 0.296172 0
-0.053592 0.228142 0.029340 0
-0.028648 0.262326 0.102231 0
-0.121115 -0.216435 0.193693 0
-0.746559 0.181291 -0.017442 0
-0.061233 -0.499899 0.182529 0
0.015467 0.360752 -0.072094 0
-0.109361 -0.115618 0.200756 0
-0.158173 -0.298339 0.230585 0
-0.499555 0.178357 0.038235 0
-0.039888 -0.480551 0.186106 0
-0.130862 -0.427711 0.278329 0
-0.053046 -0.530865 0.277740 0
-0.102174 -0.758624 0.334873 0
-0.119083 -0.549313 0.306244 0
-0.139649 -0.564633 0.287888 0
-0.161059 -0.264002 0.218094 0
-0.084756 0.072157 0.156549 0
-0.488352 0.137616 0.121186 0
-0.135062 -0.749183 0.338284 0
-0.076890 0.167023 0.052230 0
-0.224397 -0.112639 0.128991 0
-0.230286 -0.106260 0.141452 0
-0.170392 -0.248214 0.225609 0
-0.348043 0.048580 0.190126 0
-0.105320 -0.109915 0.163844 0
-0.084369 0.021580 0.160656 0
-0.119833 -0.407442 0.247320 0
-0.114106 -0.527959 0.302232 0
-0.124926 -0.397954 0.270143 0
0.109155 0.559251 -0.023186 0
-0.104638 -0.381640 0.257555 0
-0.092237 -0.075566 0.162545 0
-0.487586 0.195414 0.015893 0
-0.067993 0.189309 0.137849 0
-0.149115 -0.280701 0.200738 0
-0.102313 -0.677399 0.331020 0
-0.248270 -0.085006 0.153158 0
0.083609 0.492139 -0.014207 0
-0.394296 0.095922 0.087915 0
-0.110951 -0.088132 0.197470 0
-0.117519 -0.260075 0.211658 0
-0.071392 0.162681 0.138144 0
0.049679 -0.444495 0.216848 0
-0.109737 -0.552068 0.280889 0
-0.637271 0.231517 -0.049145 0
-0.814899 0.176374 -0.073701 0
-0.041917 0.236925 0.037781 0
-0.467199 0.167744 0.043697 0
0.225795 0.627825 -0.095769 0
-0.133821 -0.398941 0.246826 0
-0.803349 0.203272 -0.138795 0
-0.107843 -0.223652 0.217268 0
-0.053731 0.177361 0.087146 0
0.173960 -0.357757 0.164224 0
0.062173 -0.431917 0.244628 0
-0.303900 -0.003630 0.131384 0
0.086297 -0.422501 0.203702 0
-0.122996 -0.895168 0.357468 0
-0.113229 -0.617901 0.330923 0
-0.144144 -0.895650 0.370648 0
-0.145771 -0.863910 0.373334 0
0.133115 -0.380050 0.214690 0
0.324205 0.725490 -0.110168 0
0.112964 0.521534 -0.044805 0
-0.306342 -0.005022 0.102547 0
-0.107787 -0.164689 0.181432 0
0.212260 0.615811 -0.092054 0
-0.582569 0.212719 -0.011018 0
0.140511 0.561308 -0.057207 0
-0.567223 0.168489 0.092638 0
0.028357 0.394310 0.017616 0
-0.345134 0.041553 0.174522 0
-0.038418 -0.514750 0.264350 0
-0.147938 -0.052293 0.153547 0
-0.134416 -0.281080 0.217212 0
0.064586 0.412452 -0.082286 0
0.058112 -0.437136 0.183263 0
-0.064421 0.134144 0.094689 0
-0.700731 0.237469 -0.089894 0
-0.327926 0.020951 0.134129 0
-0.118057 -0.841529 0.348364 0
-0.102037 -0.595370 0.306334 0
-0.132050 -0.240679 0.205844 0
-0.535747 0.203085 0.007754 0
-0.014627 -0.479700 0.207773 0
0.012620 0.363699 0.023956 0
-0.107418 -0.094817 0.163316 0
-0.244135 -0.042689 0.207372 0
-0.135735 -0.733681 0.328069 0
-0.257911 -0.045232 0.191288 0
-0.219897 -0.117021 0.213580 0
-0.379830 0.075802 0.107059 0
0.038784 -0.448902 0.191736 0
-0.113302 -0.471529 0.265410 0
0.002721 -0.462545 0.181321 0
-0.057202 -0.537263 0.306094 0
-0.109417 -0.080177 0.151598 0
-0.142766 -0.807067 0.362862 0
-0.136190 -0.525379 0.282429 0
-0.047183 0.200492 0.091296 0
-0.023228 0.310975 -0.029897 0
-0.823181 0.171088 -0.095146 0
-0.549001 0.165197 0.079789 0
-0.607272 0.179509 0.062355 0
-0.794689 0.177953 -0.090737 0
-0.195629 -0.168017 0.234265 0
0.183723 0.600196 -0.076496 0
-0.398314 0.086179 0.137850 0
-0.002747 -0.474357 0.263368 0
-0.102650 -0.299580 0.224993 0
-0.094573 -0.687459 0.318045 0
0.024110 -0.439985 0.154173 0
-0.110019 0.139899 0.052554 0
-0.143489 -0.301108 0.227884 0
-0.626665 0.217722 -0.029842 0
-0.141527 -0.846854 0.358735 0
0.020986 -0.456612 0.273284 0
0.018870 -0.453480 0.174478 0
-0.070350 -0.573898 0.280547 0
-0.126620 -0.572991 0.312376 0
-0.814498 0.175884 -0.113278 0
-0.695777 0.189037 -0.037858 0
-0.084071 0.213303 0.010072 0
-0.027487 -0.477472 0.192265 0
0.204436 0.660094 -0.073532 0
-0.233647 -0.106848 0.156099 0
0.169316 0.620122 -0.058287 0
-0.112812 -0.237839 0.201784 0
-0.125941 -0.187834 0.184975 0
-0.102940 -0.640291 0.322795 0
-0.145521 -0.079690 0.164023 0
-0.651421 0.218016 -0.047379 0
-0.538788 0.227021 -0.018796 0
0.061880 0.451650 -0.003638 0
-0.121114 -0.382813 0.268345 0
-0.251498 -0.091329 0.176503 0
0.017210 0.344596 0.007138 0
0.101874 -0.390902 0.119319 0
-0.014862 -0.460043 0.164791 0
0.069065 0.434945 -0.026485 0
0.217058 0.673148 -0.081299 0
-0.105326 -0.251748 0.217217 0
0.071379 -0.430708 0.221849 0
-0.109233 -0.371835 0.232349 0
-0.276598 -0.016022 0.192501 0
-0.437579 0.131298 0.075436 0
0.137189 0.526084 -0.087101 0
0.108142 -0.398393 0.233088 0
-0.135683 -0.705361 0.332636 0
-0.558617 0.183636 0.033275 0
0.115171 -0.397900 0.139979 0
0.005259 0.318488 0.017084 0
0.049183 -0.427448 0.148677 0
-0.207615 -0.172050 0.198673 0
-0.204560 -0.185323 0.194006 0
-0.131712 -0.063737 0.143691 0
0.153134 0.532566 -0.113078 0
-0.581508 0.202878 0.002211 0
-0.130846 -0.777940 0.353812 0
-0.379229 0.084080 0.088994 0
-0.096364 -0.744944 0.338443 0
-0.063943 0.154544 0.113096 0
-0.507786 0.187562 0.029252 0
-0.118398 -0.453836 0.255685 0
-0.533311 0.212820 -0.002839 0
-0.707566 0.219050 -0.088741 0
-0.263385 -0.046865 0.115841 0
-0.132272 0.067158 0.089851 0
-0.140469 -0.287655 0.250186 0
-0.019226 0.297789 -0.004347 0
-0.081386 0.117945 0.088169 0
-0.667655 0.181308 0.043394 0
0.190011 -0.350995 0.131155 0
-0.108284 0.016783 0.119108 0
-0.088922 -0.010289 0.148745 0
-0.028700 0.257728 0.070206 0
-0.097768 -0.772746 0.342318 0
-0.115621 -0.293499 0.240986 0
-0.122864 0.034307 0.104774 0
-0.301016 -0.015286 0.155336 0
0.049813 0.395746 -0.075521 0
-0.098565 -0.115269 0.174295 0
-0.530666 0.152053 0.127179 0
-0.721358 0.181295 -0.016814 0
-0.125357 -0.668691 0.308880 0
-0.682010 0.180086 -0.002155 0
-0.091401 -0.575932 0.249999 0
-0.103562 -0.336222 0.234378 0
0.080578 -0.396108 0.110894 0
0.034143 0.378934 -0.070259 0
-0.009594 0.295741 0.021825 0
-0.345547 0.042138 0.073339 0
0.005165 0.333176 -0.003309 0
-0.119696 -0.019170 0.130343 0
0.060999 -0.426731 0.265940 0
-0.092003 0.056843 0.165751 0
-0.021172 0.270650 0.044866 0
-0.088250 -0.573143 0.263869 0
-0.116065 -0.609380 0.267710 0
-0.051454 0.280734 -0.031232 0
-0.365358 0.060997 0.169099 0
-0.680389 0.178735 0.014138 0
-0.545062 0.199017 0.015170 0
-0.017596 0.324487 -0.052066 0
-0.101164 -0.634612 0.303864 0
0.006835 -0.467480 0.272132 0
-0.051240 0.268405 -0.011056 0
-0.248817 -0.059847 0.123565 0
-0.112365 -0.187213 0.217193 0
-0.244667 -0.090760 0.163929 0
-0.703225 0.181165 -0.000013 0
-0.382546 0.105038 0.049453 0
-0.666174 0.235919 -0.070956 0
-0.106872 -0.202484 0.217314 0
-0.118642 -0.204198 0.194613 0
-0.073454 0.116933 0.132582 0
0.122271 -0.398836 0.175620 0
-0.521692 0.155866 0.074165 0
0.213491 0.641064 -0.082777 0
-0.735367 0.203268 -0.094980 0
-0.235445 -0.087744 0.138461 0
0.007347 0.345855 -0.035771 0
0.118632 -0.390440 0.127736 0
-0.119445 0.080042 0.082324 0
-0.133101 -0.794902 0.346761 0
-0.703149 0.205611 -0.069573 0
0.092279 0.473573 -0.041092 0
-0.146014 -0.265187 0.254674 0
-0.077883 0.070537 0.120842 0
-0.101566 -0.201880 0.197268 0
-0.147509 -0.282238 0.185729 0
-0.556022 0.218699 -0.008826 0
-0.112401 -0.531399 0.275602 0
-0.085094 0.019118 0.145065 0
-0.571943 0.194158 0.016088 0
-0.103275 -0.490929 0.274368 0
-0.325606 0.012253 0.076586 0
-0.138782 -0.503667 0.273654 0
0.101728 -0.399810 0.244122 0
-0.809227 0.187069 -0.137665 0
-0.063791 0.182032 0.059325 0
-0.082920 -0.572721 0.228148 0
-0.209916 -0.142063 0.211741 0
-0.115406 -0.163618 0.214226 0
-0.054791 0.202383 0.124275 0
-0.142838 -0.119793 0.185974 0
-0.656393 0.209681 -0.037765 0
-0.136737 -0.541349 0.297045 0
-0.140876 -0.580456 0.294338 0
-0.613153 0.179316 0.075953 0
-0.089945 0.158232 0.055689 0
-0.107279 -0.795371 0.358715 0
-0.797011 0.176588 -0.059875 0
-0.025609 -0.483333 0.300817 0
-0.154218 -0.268067 0.199517 0
0.233102 0.659705 -0.088679 0
-0.141557 -0.200086 0.201799 0
-0.530966 0.153450 0.112737 0
-0.464528 0.130960 0.116386 0
0.080166 0.494150 -0.002431 0
-0.074604 -0.557346 0.311468 0
-0.626186 0.179614 0.076200 0
-0.076962 -0.587755 0.287089 0
-0.088971 -0.573563 0.323530 0
-0.128379 -0.692759 0.316271 0
0.070551 0.474711 0.001063 0
0.293513 0.705368 -0.099333 0
-0.113123 -0.672354 0.309913 0
-0.143348 -0.379348 0.256649 0
0.170181 -0.359625 0.116353 0
-0.098867 0.063266 0.174116 0
-0.114799 -0.041330 0.134970 0
0.062760 0.461143 0.008997 0
0.052654 -0.438059 0.237168 0
-0.687793 0.226481 -0.076281 0
-0.344850 0.040032 0.106730 0
-0.349151 0.042753 0.127156 0
-0.136533 -0.650258 0.323285 0
0.037895 0.383000 -0.051587 0
0.030780 -0.452933 0.256814 0
-0.147726 -0.886030 0.359600 0
-0.102358 0.027979 0.116823 0
-0.730905 0.177801 -0.025170 0
-0.121483 -0.795550 0.363246 0
-0.001970 0.343067 -0.064944 0
0.152458 -0.376784 0.161967 0
-0.114946 0.056585 0.099437 0
-0.039048 0.223135 0.070260 0
-0.129491 -0.535043 0.279432 0
0.034203 0.396034 0.007130 0
0.014894 -0.441262 0.146400 0
-0.032319 -0.492591 0.216027 0
-0.514380 0.174365 0.044449 0
-0.126105 -0.365272 0.262796 0
-0.100949 -0.729627 0.318539 0
0.082690 0.432520 -0.098037 0
-0.086506 0.175480 0.036293 0
-0.102245 -0.574208 0.298169 0
-0.362802 0.066533 0.075475 0
-0.130338 -0.152675 0.174488 0
-0.645836 0.177922 0.058636 0
-0.114736 -0.715059 0.320228 0
0.010858 -0.467086 0.209158 0
-0.468402 0.130953 0.148707 0
-0.076022 0.087631 0.139811 0
-0.386534 0.074974 0.137871 0
-0.781035 0.177776 -0.071841 0
-0.104228 -0.432287 0.259657 0
-0.109992 0.038345 0.109829 0
-0.770486 0.197194 -0.112190 0
-0.476840 0.187037 0.028368 0
-0.137282 -0.167707 0.210769 0
-0.076263 0.231163 -0.002986 0
0.257352 0.675439 -0.096541 0
-0.562779 0.232929 -0.024529 0
-0.048830 0.212663 0.113996 0
0.090744 0.461472 -0.064428 0
-0.110667 -0.319708 0.254366 0
-0.104735 -0.187933 0.195300 0
-0.113474 -0.506123 0.269124 0
0.069121 -0.434679 0.196465 0
0.032945 -0.452036 0.234934 0
-0.020860 0.278639 0.058774 0
0.143397 -0.378109 0.189592 0
-0.103876 -0.698050 0.313199 0
0.065233 -0.425933 0.158810 0
-0.115114 -0.146143 0.178044 0
-0.120678 -0.635276 0.299137 0
-0.549466 0.162645 0.113798 0
-0.699756 0.215825 -0.080155 0
-0.053690 -0.530651 0.253650 0
-0.630679 0.181384 0.059871 0
-0.510932 0.160874 0.055559 0
0.179040 0.612136 -0.066929 0
-0.126647 -0.286861 0.242564 0
-0.836733 0.168294 -0.136865 0
0.139955 0.580632 -0.045726 0
0.263605 0.656620 -0.116115 0
-0.392842 0.113749 0.057710 0
-0.207013 -0.164960 0.183053 0
-0.304858 -0.004329 0.172271 0
-0.146267 -0.310412 0.242757 0
-0.373422 0.075527 0.181073 0
-0.812967 0.173243 -0.088963 0
-0.354431 0.045548 0.147756 0
-0.454865 0.156725 0.058658 0
0.282567 0.677508 -0.106905 0
-0.275058 -0.044928 0.150944 0
-0.104207 -0.863416 0.348442 0
-0.241252 -0.069684 0.128525 0
-0.120312 0.146488 0.042450 0
-0.145009 -0.342848 0.234761 0
-0.101409 0.158336 0.043497 0
-0.592528 0.199660 0.006699 0
-0.647704 0.234640 -0.058659 0
-0.085454 0.092043 0.163136 0
-0.451134 0.186424 0.025449 0
-0.094833 0.196650 0.018267 0
-0.250732 -0.069672 0.188231 0
-0.003469 0.320960 0.001968 0
-0.117856 0.011969 0.114280 0
-0.057503 0.167415 0.092137 0
-0.201221 -0.177783 0.167492 0
-0.136918 -0.224088 0.203681 0
-0.126269 -0.865432 0.353949 0
-0.107430 -0.296962 0.214619 0
0.009734 0.354498 -0.054023 0
-0.168441 -0.220264 0.238053 0
-0.103721 -0.803550 0.334253 0
-0.135967 -0.081118 0.152447 0
-0.773401 0.181155 -0.060479 0
-0.214362 -0.145773 0.150847 0
-0.749332 0.179962 -0.054120 0
0.085555 0.516881 0.001555 0
-0.737874 0.217317 -0.111040 0
-0.127303 -0.814672 0.377617 0
-0.511987 0.207598 0.006532 0
-0.065463 0.184333 0.045403 0
-0.308428 -0.001600 0.158520 0
-0.741954 0.226568 -0.122860 0
-0.133025 -0.117101 0.163824 0
-0.199245 -0.166027 0.212699 0
0.147665 -0.379667 0.148589 0
-0.190841 -0.225269 0.206925 0
0.234946 0.625908 -0.107476 0
0.145364 0.526703 -0.105829 0
-0.138038 -0.621210 0.317455 0
-0.839813 0.168224 -0.110560 0
-0.756155 0.211647 -0.122465 0
-0.114851 -0.328047 0.227527 0
-0.497750 0.191900 0.020334 0
-0.103966 -0.710522 0.343570 0
-0.044463 0.205414 0.056960 0
-0.094792 -0.719125 0.327015 0
-0.296035 -0.015406 0.107441 0
-0.133901 -0.299582 0.253121 0
0.024172 0.373312 0.008625 0
-0.563971 0.173398 0.066090 0
-0.104340 -0.880063 0.368821 0
-0.783066 0.182624 -0.095772 0
-0.060278 0.238949 0.007866 0
0.153995 -0.363562 0.193816 0
-0.108737 -0.738989 0.326694 0
-0.110461 -0.572766 0.307475 0
-0.128527 -0.448456 0.257176 0
-0.190526 -0.197627 0.198664 0
0.096353 -0.411474 0.223196 0
-0.134310 -0.876160 0.378126 0
-0.602969 0.183130 0.040149 0
0.192020 0.638325 -0.068553 0
-0.128775 -0.379616 0.239535 0
-0.437086 0.117078 0.142499 0
-0.543058 0.165353 0.056607 0
-0.424054 0.112900 0.089510 0
-0.503109 0.154023 0.063532 0
0.017434 0.356339 -0.015595 0
-0.142350 -0.395099 0.253561 0
-0.605013 0.202482 -0.001776 0
-0.133025 -0.618818 0.305036 0
-0.118453 -0.589252 0.315212 0
-0.094822 -0.602884 0.312065 0
-0.317390 0.008701 0.137957 0
-0.127395 -0.095464 0.153681 0
-0.112065 -0.128828 0.205279 0
-0.387815 0.084006 0.164819 0
0.189853 0.580286 -0.103411 0
-0.136445 -0.140037 0.174826 0
-0.115009 -0.417191 0.251562 0
-0.165874 -0.261784 0.228278 0
0.178045 -0.344113 0.180728 0
-0.139294 -0.501399 0.293349 0
-0.136260 -0.645483 0.311886 0
0.028835 0.373732 -0.016338 0
-0.005990 0.310941 0.030704 0
-0.268068 -0.071268 0.159060 0
-0.311663 -0.014351 0.145433 0
-0.131665 -0.439999 0.281692 0
0.154736 -0.370835 0.171456 0
0.030313 0.407561 0.028838 0
-0.129396 0.059548 0.097857 0
-0.134732 -0.824348 0.376109 0
-0.355376 0.048054 0.135116 0
-0.415794 0.095474 0.101836 0
-0.520081 0.148914 0.130118 0
-0.119408 -0.701191 0.343739 0
-0.682938 0.219317 -0.066627 0
-0.803095 0.178493 -0.106906 0
0.107270 -0.384661 0.108297 0
-0.110065 -0.509402 0.290025 0
-0.381152 0.095588 0.062468 0
-0.446709 0.123039 0.162358 0
-0.223355 -0.121428 0.201701 0
-0.128217 -0.038968 0.138288 0
-0.608021 0.215168 -0.022847 0
-0.058600 0.149917 0.076113 0
0.048701 -0.439274 0.171962 0
0.177291 -0.359964 0.140307 0
-0.133475 -0.781157 0.369212 0
0.049368 -0.436703 0.262919 0
-0.061936 0.245034 -0.009499 0
-0.131514 -0.601136 0.315622 0
-0.156847 -0.275466 0.221893 0
-0.060609 0.190898 0.127057 0
0.015318 0.383728 0.031578 0
-0.119207 -0.894012 0.389849 0
-0.025708 0.276812 0.092275 0
0.318157 0.737022 -0.099193 0
-0.618580 0.208965 -0.020336 0
-0.010101 -0.487352 0.227788 0
-0.020612 -0.504388 0.246589 0
-0.437189 0.116297 0.122303 0
0.039760 0.415829 0.014419 0
-0.027345 0.298629 -0.012174 0
-0.004144 0.314062 0.012634 0
-0.066432 0.216443 0.022997 0
0.134683 -0.388292 0.147640 0
0.166510 0.551225 -0.114507 0
-0.121153 -0.147875 0.212645 0
-0.772890 0.177331 -0.027045 0
-0.758977 0.182849 -0.073366 0
-0.022474 0.294278 0.096301 0
-0.143264 -0.097596 0.169140 0
-0.235412 -0.075002 0.209115 0
-0.712269 0.235508 -0.095939 0
-0.177402 -0.208171 0.229312 0
-0.522523 0.192417 0.020977 0
-0.628406 0.187798 0.020407 0
-0.788954 0.194975 -0.128452 0
-0.065538 -0.514807 0.212807 0
-0.105765 -0.662723 0.333969 0
-0.064147 -0.545617 0.303315 0
-0.165802 -0.252069 0.214498 0
-0.138368 -0.231131 0.221166 0
-0.478442 0.156132 0.057327 0
-0.111140 -0.436953 0.252180 0
-0.141519 -0.132555 0.181424 0
-0.001492 0.354857 0.045463 0
-0.462389 0.128105 0.138026 0
-0.577996 0.170906 0.094462 0
-0.051412 -0.523345 0.285844 0
-0.757664 0.190366 -0.092492 0
0.081894 -0.408789 0.135782 0
-0.348956 0.031616 0.127666 0
-0.114331 -0.614754 0.315550 0
-0.067280 0.143889 0.122544 0
0.124818 -0.381486 0.120367 0
-0.124425 -0.461032 0.285300 0
-0.257875 -0.025449 0.203172 0
-0.102839 -0.597082 0.332043 0
-0.171791 -0.229212 0.228346 0
-0.543140 0.176475 0.044045 0
0.099575 0.481748 -0.058256 0
-0.081321 0.024084 0.122705 0
-0.360667 0.054551 0.122754 0
-0.110576 -0.339068 0.245131 0
-0.096545 -0.066084 0.178945 0
0.332269 0.750032 -0.103039 0
0.109207 0.495236 -0.062178 0
-0.063825 -0.547050 0.285216 0
-0.088785 0.135196 0.070766 0
-0.756301 0.177649 -0.022984 0
-0.119280 -0.107881 0.203952 0
-0.105101 -0.459603 0.258520 0
0.040406 0.391642 -0.027606 0
-0.122642 0.125964 0.057503 0
0.054374 0.434705 -0.003503 0
-0.067230 -0.550228 0.262781 0
-0.106002 -0.650526 0.305381 0
-0.112887 -0.352281 0.252388 0
-0.130140 -0.315504 0.214437 0
-0.054467 0.196658 0.114544 0
0.071074 -0.427610 0.168057 0
-0.117825 -0.651237 0.302915 0
-0.093940 -0.725553 0.339730 0
-0.070166 -0.562502 0.283933 0
-0.493420 0.153184 0.070334 0
-0.126669 -0.342188 0.227422 0
-0.490927 0.169165 0.048019 0
-0.141087 -0.186861 0.210115 0
-0.523655 0.158604 0.085891 0
0.074087 0.443464 -0.045480 0
0.066070 0.426823 -0.047984 0
-0.131578 0.020044 0.111874 0
0.026539 0.370406 -0.050026 0
-0.056823 0.249357 0.001489 0
-0.043337 0.251625 0.018884 0
-0.803263 0.172957 -0.072152 0
-0.136671 -0.554807 0.291840 0
-0.017478 0.288159 0.020722 0
-0.072294 0.099665 0.094687 0
-0.773897 0.180922 -0.080875 0
0.114317 -0.400682 0.151458 0
-0.101842 -0.612023 0.325954 0
-0.421592 0.146966 0.054003 0
-0.008663 0.357468 0.059392 0
0.160796 0.550987 -0.101627 0
-0.114712 -0.409668 0.271322 0
-0.050779 -0.516594 0.311569 0
-0.422047 0.104641 0.125166 0
-0.092703 -0.611720 0.305958 0
-0.075525 -0.553563 0.214473 0
-0.647324 0.180076 0.037608 0
-0.763258 0.176505 -0.044407 0
0.018073 0.355266 0.000391 0
-0.017734 0.279648 0.039234 0
-0.688051 0.186096 -0.016718 0
-0.134783 -0.264381 0.214231 0
-0.721333 0.225855 -0.107345 0
-0.054863 0.188317 0.064474 0
0.151983 0.554353 -0.076353 0
-0.330806 0.025474 0.092686 0
-0.117276 -0.884749 0.356785 0
0.102753 0.472539 -0.084229 0
-0.044458 0.213246 0.096455 0
-0.137667 -0.799841 0.369979 0
-0.467411 0.135262 0.080624 0
-0.102912 -0.124506 0.191477 0
-0.313972 0.010418 0.177062 0
-0.141565 -0.834334 0.371131 0
-0.144779 -0.289322 0.205728 0
-0.179369 -0.247599 0.215209 0
-0.017493 0.326341 -0.041091 0
-0.133927 -0.435122 0.255802 0
-0.422294 0.107497 0.111150 0
-0.500783 0.142508 0.108233 0
0.210248 0.595382 -0.116310 0
-0.059786 -0.525223 0.237521 0
-0.100599 -0.559570 0.290437 0
-0.577001 0.176039 0.037759 0
0.278142 0.709537 -0.099467 0
