-0.148357 0.257885 -0.035996 0
0.033249 -0.996498 -0.050973 0
0.714389 -0.058964 -0.099034 0
-0.706493 -0.148892 0.086529 0
0.047875 -0.352509 -0.026173 0
0.368614 0.295816 0.174641 0
-0.526111 0.213914 0.105015 0
0.621844 0.271370 -0.055699 0
0.038452 -0.017300 0.013576 0
0.007203 -0.675478 -0.006711 0
0.190974 0.242100 -0.082482 0
-0.400103 0.209353 -0.148395 0
-0.585808 0.022173 -0.083559 0
0.579084 0.062109 0.085654 0
-0.292336 0.225616 0.134539 0
0.395820 0.317005 -0.047583 0
-0.687527 0.071308 0.104960 0
0.158660 0.260394 0.122579 0
0.532013 0.241062 0.100849 0
0.711517 0.112872 -0.036765 0
0.053810 0.161764 0.000581 0
0.014999 -0.826826 -0.098430 0
0.012011 -0.180602 -0.048442 0
0.000560 -0.518467 -0.069603 0
-0.528797 0.172011 -0.055481 0
-0.394146 0.249137 0.005579 0
-0.113151 0.225409 0.110034 0
-0.268290 0.282896 -0.128446 0
0.273315 0.306475 0.042176 0
-0.693843 -0.029857 0.005154 0
0.638834 -0.021890 0.000996 0
0.634811 0.180880 0.041677 0
-0.623657 0.113826 0.003209 0
-0.272253 0.261653 -0.006193 0
0.515277 0.303305 -0.007245 0
-0.045342 0.195348 -0.054765 0
0.426233 0.298472 0.071990 0
0.308017 0.244155 -0.086817 0
-0.408190 0.222684 0.120737 0
0.042305 -0.785257 0.008963 0
-0.718369 -0.036950 0.132139 0
-0.007262 0.072584 -0.036898 0
0.259435 0.312337 0.154031 0
0.126429 0.246488 0.013385 0
0.011613 -0.894174 -0.009877 0
-0.621266 0.160813 0.105157 0
-0.497760 0.085120 -0.112904 0
0.448072 0.224730 0.178652 0
0.522527 0.142594 0.133421 0
0.702956 0.049083 -0.118105 0
0.010906 -0.444269 0.004217 0
0.012578 -0.260345 0.014745 0
0.045961 -0.584756 -0.009793 0
-0.196502 0.242598 0.053886 0
0.662643 0.067924 0.035559 0
-0.348762 0.258444 -0.080139 0
0.696596 0.211666 -0.062066 0
-0.067227 0.174927 0.035368 0
-0.485230 0.225263 0.014426 0
0.048453 -0.725715 -0.074414 0
-0.006661 -0.093633 -0.017151 0
0.475671 0.311627 -0.093231 0
-0.448001 0.220699 -0.067831 0
-0.177815 0.271472 -0.117439 0
-0.569068 0.183370 0.020899 0
0.581474 0.257816 0.026019 0
0.703538 0.022891 -0.036709 0
0.200826 0.282365 -0.006566 0
-0.644475 0.031980 -0.024832 0
-0.464624 0.161766 -0.125710 0
0.336015 0.311283 0.096604 0
-0.570680 0.102597 -0.078848 0
-0.337277 0.254375 0.064191 0
-0.650695 -0.097030 -0.007212 0
0.066519 0.083077 -0.000667 0
0.318137 0.304553 -0.036167 0
-0.104480 0.226355 -0.096802 0
0.105544 0.213786 -0.054831 0
-0.724244 -0.073379 0.064080 0
0.550495 0.291622 -0.076386 0
-0.005618 -0.619799 -0.058264 0
0.052498 -0.920279 -0.069492 0
-0.632906 -0.037933 -0.054496 0
-0.333130 0.256195 -0.157595 0
0.581084 0.183364 0.095115 0
-0.118657 0.230374 0.031644 0
0.210094 0.298368 0.082786 0
0.369848 0.314780 0.022902 0
-0.704649 0.012335 0.064540 0
-0.008085 -0.784936 -0.043143 0
0.037556 -0.514102 0.004025 0
-0.222719 0.274101 -0.056248 0
-0.027961 0.138082 -0.011106 0
-0.266320 0.246234 0.064543 0
-0.019836 -0.371183 -0.021294 0
0.686496 0.171636 -0.005521 0
0.046866 0.019749 -0.045212 0
0.429382 0.282668 0.142647 0
-0.669925 0.073134 0.036101 0
0.611854 0.123066 0.076983 0
0.048743 -0.838690 -0.038918 0
-0.014042 -0.696750 -0.076620 0
0.651145 0.230326 -0.008460 0
-0.180126 0.218059 0.122246 0
0.443544 0.314966 0.001374 0
-0.461022 0.233831 0.077754 0
0.490705 0.283844 0.056058 0
0.046987 -0.060813 -0.041932 0
0.037289 -0.147296 0.004657 0
0.009625 -0.294728 -0.043348 0
0.257302 0.274574 -0.054497 0
-0.280924 0.241759 -0.068891 0
0.033968 -0.453712 -0.055859 0
0.609295 0.013134 0.046212 0
0.043376 -0.236407 -0.045958 0
0.364880 0.272807 -0.087718 0
0.250063 0.216215 -0.077552 0
-0.103400 0.205766 -0.033443 0
0.502745 0.203820 0.156852 0
0.094974 0.196228 0.032112 0
0.125673 0.235409 0.074290 0
0.683429 -0.041001 -0.037203 0
0.002885 -0.881847 -0.069063 0
0.009204 -0.737068 -0.010014 0
-0.332078 0.257334 0.002157 0
-0.577046 0.146124 -0.030510 0
0.040521 -0.562918 -0.065717 0
-0.646468 0.112494 0.074648 0
-0.237452 0.212275 0.106938 0
-0.693879 0.020699 0.135695 0
0.016149 -0.954916 -0.012197 0
0.014283 -0.322657 0.012583 0
-0.578033 0.195307 0.083220 0
0.212342 0.275499 0.142753 0
-0.006466 -0.563066 -0.026522 0
0.699069 -0.010005 -0.128196 0
-0.713288 -0.099127 0.117417 0
-0.349854 0.234859 0.126272 0
0.659422 0.125381 0.018606 0
-0.697448 -0.117683 0.036386 0
0.155887 0.256906 -0.038140 0
0.032412 -0.665766 -0.059379 0
0.166648 0.276913 0.042876 0
-0.599285 0.136798 0.050716 0
-0.205312 0.257470 -0.003416 0
-0.615037 0.081796 -0.047780 0
0.479118 0.258203 0.125615 0
0.702914 0.102720 -0.092672 0
0.004649 -0.022354 -0.032310 0
0.039831 -0.203631 0.012148 0
-0.399550 0.246306 0.062128 0
0.313244 0.296936 0.162643 0
-0.010054 -0.972979 -0.078566 0
-0.008156 -0.841817 -0.016016 0
0.561948 0.111875 0.105270 0
0.043266 -0.093939 0.020667 0
-0.011337 -0.495028 -0.020320 0
-0.396702 0.245378 -0.055053 0
0.402860 0.257942 0.195484 0
0.567575 0.288088 -0.024573 0
0.017360 0.031601 0.001600 0
-0.529719 0.213420 0.043856 0
0.030411 -0.389006 0.010337 0
0.674811 -0.070967 -0.134492 0
0.262207 0.311549 0.095243 0
-0.527010 0.130458 -0.095577 0
0.704805 0.153559 -0.073419 0
-0.545964 0.059592 -0.101175 0
0.059215 -0.299816 -0.020720 0
0.037411 -0.400462 -0.048517 0
0.420391 0.312147 -0.095167 0
-0.009694 -0.217763 -0.016516 0
0.001005 -0.610569 0.001591 0
0.592948 0.211471 0.051942 0
0.383819 0.302651 0.124586 0
-0.682666 0.020873 0.012532 0
0.669004 0.020755 0.005135 0
0.694951 0.073697 -0.006201 0
-0.365444 0.215961 -0.109811 0
-0.523961 0.194590 -0.008769 0
0.260335 0.298181 -0.008501 0
0.104840 0.173965 -0.013403 0
0.136649 0.240874 -0.085788 0
-0.055477 0.204228 -0.005399 0
-0.024225 -0.440711 -0.032745 0
-0.445768 0.230444 -0.017805 0
-0.465551 0.212082 0.123636 0
0.712703 -0.007885 -0.076257 0
0.057110 -0.627036 -0.035735 0
0.044475 -0.135219 -0.044030 0
0.050071 -0.774953 -0.062833 0
-0.436357 0.202114 -0.113894 0
-0.088836 0.201794 0.072684 0
-0.148226 0.232316 0.074454 0
-0.486867 0.186290 -0.079161 0
-0.001424 -0.745609 -0.073289 0
0.447460 0.319230 -0.052674 0
0.318800 0.312481 0.012881 0
0.538429 0.192309 0.118692 0
-0.650849 0.124387 0.122494 0
-0.180847 0.250384 -0.072447 0
0.049214 -0.708865 -0.015516 0
0.713841 0.063700 -0.064835 0
0.030631 0.112189 -0.017211 0
0.538802 0.266873 0.047584 0
0.623242 0.070897 0.063800 0
0.006250 -0.928322 -0.055926 0
-0.304754 0.273901 -0.097932 0
-0.134901 0.262167 -0.086005 0
-0.437346 0.242955 0.032979 0
0.227800 0.294729 0.033647 0
0.506046 0.314060 -0.056952 0
-0.307206 0.266757 -0.038494 0
0.657467 0.241622 -0.063639 0
-0.161715 0.244873 0.019433 0
0.086793 0.130996 -0.018612 0
0.020602 -0.057113 -0.003645 0
-0.222870 0.285735 -0.118472 0
0.006152 -0.341767 -0.046110 0
-0.705522 -0.029017 0.085460 0
-0.015767 0.182217 -0.015694 0
-0.637505 0.068414 0.003920 0
-0.663680 -0.016843 -0.027720 0
0.611745 0.260619 -0.008034 0
0.036704 -0.495493 -0.037180 0
-0.356747 0.259502 -0.035841 0
-0.002501 -0.785915 -0.092607 0
-0.242154 0.261344 0.030704 0
0.003314 -0.137886 -0.028740 0
0.033911 0.059920 -0.028236 0
0.212645 0.268207 -0.046423 0
0.294057 0.316057 0.127301 0
-0.298905 0.245039 0.093890 0
-0.419854 0.167113 -0.134543 0
-0.302048 0.260385 0.033957 0
-0.404568 0.230683 -0.095574 0
-0.099683 0.243264 -0.056780 0
-0.696704 -0.068137 0.026040 0
0.322517 0.283749 -0.076036 0
0.048753 -0.427023 -0.016124 0
0.384131 0.307719 0.075923 0
0.335157 0.312238 0.052918 0
-0.620479 0.001835 -0.066057 0
0.002110 -0.839056 -0.059032 0
-0.479547 0.212300 -0.037062 0
0.033053 -0.543548 -0.026853 0
-0.569870 0.139820 0.019888 0
0.003825 -0.995366 -0.020036 0
0.052237 -0.260179 -0.000766 0
0.055770 0.127549 0.025575 0
-0.013522 -0.259594 -0.022214 0
0.052930 -0.178029 -0.019892 0
-0.257005 0.278915 -0.080478 0
-0.001386 -0.706465 -0.037594 0
0.094501 0.214263 -0.007486 0
-0.006471 0.101547 -0.000650 0
-0.469254 0.120351 -0.120856 0
0.002964 0.031038 -0.037768 0
0.400007 0.319464 -0.006077 0
0.561577 0.152363 0.115245 0
0.046115 -0.098929 -0.023582 0
-0.008531 0.113473 -0.044709 0
0.451381 0.282414 0.106448 0
0.004320 -0.404756 -0.023686 0
0.554836 0.225960 0.058723 0
-0.661547 -0.058038 -0.026447 0
-0.015080 0.155415 -0.046928 0
-0.585337 0.110632 -0.011715 0
0.384985 0.264668 0.153801 0
-0.026944 0.177750 0.023369 0
0.170788 0.279618 0.083391 0
0.021413 -0.806203 -0.024778 0
0.641455 0.142843 0.054309 0
-0.081800 0.214450 0.025546 0
0.046756 -0.019263 -0.025988 0
-0.328283 0.242853 -0.119817 0
-0.134587 0.210096 -0.008415 0
-0.715238 -0.110761 0.075734 0
-0.709127 -0.031022 0.045515 0
-0.587089 0.061978 -0.078974 0
-0.151647 0.200779 0.099988 0
0.677220 0.205324 -0.025608 0
0.020358 -0.641477 -0.022801 0
-0.499726 0.226552 0.073345 0
0.473994 0.304190 0.024299 0
0.035162 -0.878939 -0.046347 0
-0.364520 0.235076 -0.146013 0
0.412375 0.307760 0.036135 0
0.627195 0.225129 0.022540 0
0.351441 0.304860 -0.057330 0
0.007957 -0.569098 0.009689 0
0.027817 -0.960123 -0.064949 0
0.608271 0.165315 0.066020 0
-0.074310 0.212035 -0.075243 0
0.546887 0.284353 0.013481 0
0.648234 0.099745 0.055544 0
0.032230 -0.595884 -0.046516 0
-0.007844 -0.657319 -0.068554 0
-0.679287 0.051548 0.072399 0
0.233589 0.307916 0.125238 0
0.657440 0.194532 0.013082 0
-0.558495 0.140179 -0.064115 0
-0.317630 0.231957 -0.061261 0
0.350776 0.310703 0.142901 0
0.478331 0.234178 0.156728 0
0.717960 0.031960 -0.086247 0
0.569422 0.251907 -0.009985 0
0.349596 0.313422 -0.015979 0
0.036056 -0.746741 -0.035728 0
0.008310 -0.425145 -0.056215 0
-0.619070 0.040097 -0.063361 0
0.035123 -0.924271 -0.025234 0
-0.206380 0.232248 0.096726 0
-0.242701 0.240830 -0.067178 0
0.166785 0.266697 0.001148 0
0.708056 0.152894 -0.035335 0
0.687299 0.112267 -0.007252 0
-0.117807 0.243040 -0.017802 0
0.474897 0.316722 -0.026336 0
0.002978 -0.475860 -0.054546 0
-0.603209 0.175067 0.062998 0
0.027255 -0.805362 -0.063592 0
0.693320 -0.008563 -0.017995 0
0.505646 0.266320 0.086278 0
-0.646747 0.112635 0.033284 0
-0.300286 0.274777 -0.147047 0
0.119664 0.237129 -0.024174 0
-0.055047 0.166147 0.000623 0
0.103745 0.234754 0.043492 0
0.229630 0.250840 -0.075313 0
-0.358415 0.256704 0.033101 0
0.303264 0.310661 0.072813 0
-0.498558 0.154753 -0.098194 0
0.512707 0.229306 0.131303 0
-0.267749 0.268287 -0.042684 0
-0.699731 0.006577 0.101637 0
0.001717 -0.555555 -0.066415 0
-0.006830 -0.175440 -0.016827 0
-0.553916 0.171086 -0.015714 0
-0.370306 0.243103 0.096514 0
0.030453 -0.475331 -0.006812 0
0.695534 -0.059394 -0.067246 0
-0.728594 -0.058590 0.104075 0
-0.008206 -0.322147 -0.016619 0
0.007826 -0.360515 0.004488 0
-0.630644 0.150890 0.066812 0
-0.558757 0.201478 0.116252 0
0.048845 0.048936 0.008832 0
-0.655853 0.085694 0.116511 0
0.382649 0.307308 -0.080293 0
0.033294 -0.291472 0.011213 0
-0.191648 0.267163 -0.038363 0
0.585609 0.271478 -0.060181 0
0.636854 0.042804 0.041429 0
0.209993 0.211049 -0.082019 0
-0.677128 0.090393 0.075842 0
-0.073740 0.226642 -0.035295 0
0.014155 -0.119413 0.003287 0
-0.237953 0.265755 -0.016614 0
0.190773 0.280761 0.114315 0
0.090147 0.153378 0.012143 0
-0.124493 0.197615 0.073185 0
-0.223153 0.262211 -0.091461 0
-0.590239 0.184656 0.114963 0
-0.426983 0.236938 0.087772 0
0.155966 0.218056 -0.066479 0
-0.602245 0.142089 0.004927 0
0.456372 0.294858 0.053570 0
0.019591 -0.261606 -0.035742 0
-0.366121 0.218457 -0.074511 0
-0.545846 0.207684 0.075258 0
0.594696 0.093467 0.090013 0
0.274675 0.254074 -0.080989 0
0.516119 0.289468 0.032387 0
0.640277 0.009501 0.022031 0
0.504510 0.170030 0.147246 0
0.052776 -0.801114 -0.039600 0
0.006731 -0.060588 -0.035637 0
0.015061 -0.216203 -0.041854 0
-0.394756 0.195202 -0.116816 0
0.537085 0.300386 -0.036444 0
-0.232631 0.235842 0.074074 0
0.001898 -0.526517 -0.026987 0
-0.529881 0.090182 -0.097515 0
0.031894 -0.705726 -0.047554 0
-0.593205 0.120337 -0.047151 0
0.038210 -0.325715 -0.045846 0
0.005319 -0.000813 0.000094 0
-0.688635 -0.145512 0.054962 0
0.137239 0.262654 0.053924 0
0.415406 0.295016 0.113236 0
0.017714 0.070587 0.000196 0
-0.666200 0.049833 0.003100 0
0.017609 -0.372498 -0.036484 0
-0.267719 0.227994 0.108211 0
0.518716 0.298652 -0.086560 0
0.430065 0.255501 0.175074 0
-0.703819 0.040344 0.103961 0
-0.366010 0.249652 -0.114815 0
-0.681811 -0.090150 0.004361 0
0.006989 -0.778911 -0.010771 0
0.566409 0.213740 0.092824 0
0.061643 0.147529 -0.033955 0
-0.679224 0.031473 0.045262 0
0.668623 -0.038446 -0.007015 0
0.016035 -0.179861 0.012409 0
0.041448 -0.664365 -0.010085 0
0.597803 0.036475 0.067417 0
-0.013494 -0.987580 -0.047472 0
0.642850 0.254415 -0.036197 0
-0.333423 0.243817 0.095530 0
0.277769 0.293470 -0.036454 0
0.050669 -0.061565 0.009177 0
-0.001380 -0.665196 -0.036824 0
-0.007313 -0.808780 -0.067847 0
-0.686243 -0.010840 0.033183 0
0.018173 -0.859110 -0.087276 0
0.035115 -0.232436 -0.004175 0
-0.495577 0.203565 0.113758 0
-0.192095 0.279551 -0.089115 0
0.018083 -0.110012 -0.037252 0
0.020067 -0.837289 -0.000341 0
0.074175 0.184827 -0.014681 0
0.427521 0.320305 -0.026368 0
-0.128139 0.227705 -0.057186 0
0.249450 0.306373 0.065890 0
0.003811 -0.706284 0.002765 0
0.002690 -0.597269 -0.027842 0
-0.475101 0.231304 0.044529 0
0.032349 -0.520899 -0.064386 0
0.704372 0.081388 -0.036518 0
0.010976 -0.535054 0.002716 0
-0.007349 -0.748034 -0.035299 0
-0.001968 0.139235 0.007619 0
-0.406434 0.243180 -0.024606 0
-0.008056 0.052013 -0.003961 0
0.688407 0.041311 -0.015418 0
0.515335 0.283247 -0.052401 0
0.011376 -0.088211 0.009219 0
0.677900 0.090229 0.015033 0
-0.175039 0.256289 -0.013533 0
0.654074 0.162589 0.024394 0
-0.087150 0.224308 -0.006749 0
0.045402 0.020813 -0.008127 0
0.017269 -0.857362 -0.031896 0
0.061657 0.104938 -0.022780 0
0.020720 -0.765831 -0.056638 0
-0.266474 0.258759 -0.102520 0
0.672080 0.234057 -0.036916 0
0.033140 -0.612721 -0.004046 0
0.141293 0.260467 0.084852 0
-0.148374 0.254523 -0.113155 0
0.698540 0.182473 -0.038091 0
0.707887 0.012270 -0.108207 0
0.689376 -0.077045 -0.107618 0
0.603083 0.253317 -0.037021 0
0.017522 -0.908014 -0.077384 0
0.289610 0.306684 0.003821 0
-0.632508 0.063843 -0.029336 0
0.045926 0.096954 0.018045 0
0.685741 0.141791 0.003088 0
-0.177142 0.232408 0.085751 0
0.702722 -0.047650 -0.125484 0
-0.696670 -0.016792 0.121829 0
-0.511531 0.194292 -0.037184 0
0.230477 0.289428 -0.012109 0
-0.499896 0.127047 -0.111986 0
-0.009775 -0.582947 -0.057976 0
0.296055 0.284276 -0.060140 0
0.037510 -0.324327 -0.015057 0
0.554973 0.242232 0.023800 0
-0.597022 0.153984 0.084586 0
0.705902 0.072471 -0.097597 0
0.595590 0.143021 0.093850 0
0.011166 -0.495814 0.005588 0
0.456421 0.264466 0.145341 0
-0.557746 0.201123 0.046261 0
-0.515346 0.212346 0.014731 0
0.336883 0.254522 -0.085843 0
0.033705 -0.635157 -0.058299 0
-0.298106 0.270703 -0.067447 0
-0.438303 0.224390 0.115581 0
-0.061498 0.198731 0.053629 0
0.003067 -0.958923 -0.047162 0
-0.443359 0.135919 -0.124789 0
-0.301099 0.263301 0.003421 0
0.703780 -0.010326 -0.046520 0
0.670150 0.050660 0.011714 0
-0.388577 0.231877 -0.127788 0
0.477390 0.193725 0.170047 0
0.717448 -0.029095 -0.106675 0
-0.616963 0.102884 -0.026188 0
0.284456 0.309788 0.170826 0
-0.459868 0.198342 -0.095403 0
0.466514 0.296830 -0.068619 0
-0.374170 0.218907 0.118481 0
0.002620 -0.466770 -0.025848 0
-0.558705 0.033281 -0.089397 0
0.532000 0.255247 0.074595 0
0.198079 0.282872 0.023102 0
0.035767 -0.201749 -0.026051 0
-0.423419 0.244139 0.003799 0
-0.293601 0.260062 -0.121776 0
0.026823 -0.157448 -0.035195 0
0.334063 0.304153 0.182596 0
0.557642 0.272097 -0.050186 0
-0.044696 0.180097 -0.023410 0
-0.364644 0.253461 -0.007929 0
0.095044 0.194924 -0.034565 0
-0.627036 0.134658 0.031697 0
-0.666898 0.111805 0.096002 0
0.034537 -0.773205 -0.022647 0
-0.196491 0.252927 0.024411 0
-0.111169 0.222358 0.064223 0
0.002828 -0.279751 -0.008209 0
0.405520 0.288983 -0.083269 0
0.168645 0.253005 -0.066683 0
0.408869 0.282627 0.163763 0
0.471204 0.282426 0.084718 0
0.183191 0.248394 0.111720 0
0.182456 0.266811 -0.030678 0
-0.602633 0.163795 0.035941 0
0.007241 -0.888154 -0.038213 0
-0.154045 0.229588 0.104623 0
0.708600 0.051715 -0.036406 0
-0.682813 -0.059501 -0.006403 0
-0.333794 0.234619 -0.088155 0
-0.730440 -0.090268 0.095444 0
0.004630 0.131762 -0.026078 0
-0.629173 0.134298 0.095749 0
0.364235 0.309594 0.052474 0
0.199093 0.292509 0.056382 0
-0.308780 0.248042 0.064368 0
0.705174 0.182628 -0.066517 0
-0.663562 0.011317 -0.017077 0
-0.272339 0.258756 0.022831 0
-0.543818 0.196408 0.012440 0
0.061869 0.056257 -0.021007 0
-0.516825 0.064348 -0.100544 0
0.231850 0.294649 0.152731 0
0.008761 -0.992343 -0.066028 0
-0.587945 0.088528 -0.055779 0
0.004154 -0.718781 -0.063297 0
-0.154190 0.267478 -0.064988 0
0.011128 0.093043 -0.026776 0
0.593008 0.231380 0.023790 0
0.078043 0.181379 0.013962 0
-0.146203 0.246636 -0.004858 0
0.033147 -0.347782 0.009810 0
-0.646084 0.012081 -0.045635 0
0.598813 0.194573 0.075441 0
0.712099 -0.037952 -0.076776 0
0.711033 0.120255 -0.064469 0
0.015631 -0.210398 -0.005431 0
-0.712199 -0.070495 0.124205 0
-0.538176 0.188792 0.098777 0
-0.149522 0.237380 0.044035 0
0.021623 -0.693734 -0.023097 0
0.666690 -0.010097 -0.006664 0
0.536060 0.114605 0.116657 0
-0.423802 0.236581 -0.046098 0
0.037118 -0.393683 -0.016864 0
-0.073693 0.198502 -0.038846 0
0.323574 0.316217 0.137627 0
0.258366 0.297643 0.019930 0
-0.400418 0.241222 0.096247 0
-0.329888 0.215417 0.121979 0
0.051767 0.134212 -0.005054 0
-0.399988 0.251582 0.033041 0
0.019585 0.001511 -0.033476 0
-0.574623 0.150343 0.049985 0
0.414968 0.320211 -0.067958 0
0.369679 0.313412 -0.035619 0
-0.432729 0.243371 0.060484 0
-0.712739 -0.090695 0.045580 0
-0.432351 0.216789 -0.090633 0
0.711009 0.091081 -0.068618 0
-0.499629 0.207912 -0.009980 0
0.121243 0.215125 0.052295 0
0.005034 -0.143431 0.013578 0
-0.057709 0.200901 0.024238 0
0.562966 0.082365 0.095423 0
0.171345 0.233656 -0.099986 0
-0.710562 -0.129685 0.105949 0
0.031422 -0.947748 -0.040536 0
0.022454 -0.685557 -0.075834 0
0.046447 -0.051189 -0.015999 0
-0.315863 0.242087 0.116690 0
-0.378292 0.246956 -0.075449 0
-0.546609 0.112934 -0.087276 0
0.042121 -0.271749 -0.023650 0
0.037327 -0.485658 -0.062845 0
-0.662740 0.102613 0.053230 0
0.004287 -0.431909 -0.027563 0
-0.723006 -0.047986 0.074193 0
0.028216 -0.837930 -0.067142 0
-0.552797 0.159527 -0.045692 0
0.031869 -0.433506 -0.036584 0
0.063762 0.156702 0.025478 0
-0.525407 0.155766 -0.077137 0
0.005498 -0.240968 -0.016392 0
0.041073 -0.872943 -0.020450 0
-0.454431 0.237004 0.012681 0
0.363696 0.309484 0.093678 0
0.580935 0.236547 0.047524 0
0.125553 0.231984 -0.056506 0
-0.124780 0.243146 -0.106409 0
-0.643697 0.093360 0.012287 0
0.041615 -0.129877 -0.017713 0
0.349469 0.283525 0.160248 0
0.581741 0.272403 0.003456 0
-0.008519 0.155033 -0.018421 0
0.044428 -0.181570 -0.045030 0
0.299956 0.307200 0.044381 0
0.533805 0.172735 0.136310 0
0.017601 -0.030241 0.002964 0
-0.103991 0.216486 -0.059567 0
0.029879 -0.878358 -0.072533 0
-0.481380 0.228718 0.094286 0
-0.005844 -0.774269 -0.067536 0
0.029290 0.032471 -0.029630 0
-0.130698 0.256467 -0.055982 0
-0.297571 0.248285 -0.095821 0
-0.163600 0.283235 -0.098168 0
0.234541 0.281107 -0.038401 0
0.445088 0.306064 -0.081489 0
0.501961 0.248404 0.116058 0
0.031665 -0.911008 -0.055036 0
-0.374696 0.250579 0.053656 0
-0.578496 0.156007 -0.005901 0
0.607405 0.191048 0.043278 0
-0.252795 0.287340 -0.107441 0
-0.332579 0.262820 -0.059684 0
0.034599 -0.353505 -0.049015 0
0.553185 0.234972 0.084261 0
0.066319 0.113480 0.005837 0
-0.419714 0.193259 -0.138162 0
0.211832 0.296618 0.113455 0
-0.032441 0.114500 -0.021910 0
-0.599108 0.125259 0.024897 0
0.007120 -0.415848 -0.000014 0
-0.632371 0.121503 0.053798 0
0.009592 -0.918270 -0.026100 0
0.020866 -0.565486 -0.048579 0
0.002765 -0.686703 -0.054214 0
0.278865 0.228322 -0.081907 0
-0.317507 0.271660 -0.127689 0
-0.582943 0.184013 0.049263 0
0.035304 -0.413814 0.004033 0
0.031995 -0.549860 -0.001187 0
-0.074251 0.182484 -0.005644 0
0.016566 -0.534768 -0.046732 0
-0.007564 -0.347456 -0.022264 0
0.701594 0.131227 -0.017574 0
0.022579 -0.080424 -0.030583 0
-0.127111 0.218356 -0.031754 0
0.258566 0.314558 0.125179 0
0.709931 -0.050237 -0.047891 0
0.275520 0.311105 0.073164 0
0.102885 0.226151 0.013793 0
-0.001169 -0.633814 -0.037104 0
-0.721675 -0.030022 0.107562 0
-0.667223 -0.084336 -0.022321 0
0.706081 0.022317 -0.065591 0
-0.469046 0.205948 -0.068139 0
0.015627 -0.161583 -0.005634 0
0.030967 -0.727206 -0.019390 0
0.655100 0.121422 0.043654 0
0.034259 -0.079951 0.001106 0
0.106702 0.192022 0.004659 0
-0.610509 -0.021478 -0.062532 0
0.017490 -0.565540 -0.017888 0
0.629134 0.199667 0.024080 0
-0.415169 0.215572 -0.118364 0
0.502757 0.311528 -0.027860 0
0.009789 -0.829890 -0.029563 0
0.596965 0.275711 -0.026620 0
0.032623 -0.896321 -0.025806 0
-0.693522 0.047191 0.126173 0
-0.254074 0.241423 0.086437 0
0.475748 0.320408 -0.067430 0
0.024720 -0.734561 -0.074932 0
0.010557 -0.390782 -0.052535 0
0.041691 -0.450163 -0.008709 0
-0.003116 0.021664 -0.015097 0
-0.038985 0.186392 0.001463 0
-0.681149 -0.010948 -0.005725 0
-0.303341 0.213602 0.115267 0
0.513102 0.273453 0.061150 0
0.002023 -0.503921 -0.049067 0
0.020979 -0.514657 -0.014941 0
0.302838 0.312450 0.103964 0
0.034819 -0.936656 -0.076834 0
0.038387 -0.301713 -0.038259 0
-0.500613 0.222759 0.034147 0
0.153532 0.244766 0.103605 0
-0.148936 0.243402 -0.069785 0
-0.171507 0.242324 0.055021 0
0.031710 -0.042021 -0.035661 0
0.634293 0.116206 0.068193 0
-0.333808 0.263373 -0.026678 0
-0.467696 0.224288 -0.007510 0
0.543898 0.294425 -0.013150 0
-0.243514 0.246239 0.054155 0
0.010242 -0.950728 -0.079979 0
0.018792 -0.592991 0.001227 0
0.627052 0.233260 -0.002692 0
0.002721 -0.302177 0.004323 0
-0.580267 0.172370 0.092685 0
-0.339569 0.261755 -0.108160 0
-0.086139 0.186554 0.053194 0
-0.444041 0.174885 -0.130469 0
0.004917 -0.810557 -0.046271 0
0.384013 0.294776 0.155164 0
-0.698261 -0.016791 0.065125 0
-0.490926 0.199022 -0.054659 0
0.386044 0.273456 0.186064 0
0.019105 -0.614666 -0.055766 0
0.560762 0.183811 0.112575 0
0.003973 -0.040083 -0.015075 0
0.033251 0.091052 -0.002265 0
0.000705 -0.634158 -0.005580 0
-0.334168 0.260369 0.031094 0
-0.604022 0.063475 -0.059953 0
0.415281 0.316005 0.012882 0
0.190136 0.259515 -0.052805 0
0.033784 -0.676945 -0.036153 0
-0.418764 0.230414 -0.075487 0
-0.284528 0.281338 -0.110203 0
-0.116194 0.215777 0.087318 0
0.047138 0.079945 -0.023697 0
0.610801 0.245913 0.015530 0
-0.219824 0.246993 0.048206 0
0.031409 -0.180806 -0.006513 0
-0.099791 0.226696 0.013971 0
-0.619343 0.080267 -0.017166 0
-0.708940 -0.059469 0.045153 0
0.665656 0.100935 0.033067 0
0.019340 -0.864632 -0.008842 0
-0.005018 -0.123276 -0.011043 0
-0.006403 -0.295555 -0.025178 0
0.484510 0.310848 -0.004873 0
0.396421 0.306657 0.055057 0
-0.665120 0.076069 0.060435 0
0.044608 -0.472875 -0.033648 0
0.402551 0.257971 0.169058 0
-0.614507 0.171367 0.084453 0
-0.209167 0.246692 -0.079264 0
0.178717 0.217932 -0.083216 0
0.154561 0.266337 0.024860 0
0.020691 -0.980447 -0.038055 0
-0.176975 0.270281 -0.057258 0
-0.560351 0.082427 -0.087103 0
0.353583 0.293839 -0.084372 0
0.443454 0.305305 0.036107 0
-0.377531 0.206784 -0.129017 0
0.544213 0.097367 0.096936 0
0.535062 0.223221 0.073742 0
0.640601 0.213070 0.006671 0
0.031287 -0.000026 -0.001495 0
0.481861 0.271282 0.103107 0
-0.605668 0.122522 -0.016215 0
0.003635 -0.373181 -0.016820 0
0.078386 0.163076 -0.026699 0
0.532219 0.219402 0.121575 0
-0.675770 0.051148 0.025003 0
0.049575 0.042695 -0.037044 0
0.623899 0.244669 -0.023412 0
0.014983 -0.803039 -0.096668 0
-0.642155 -0.009980 -0.053796 0
-0.261157 0.205748 0.102740 0
0.137998 0.251358 -0.018829 0
0.304782 0.269169 -0.082359 0
-0.241446 0.265483 -0.106311 0
-0.091810 0.230719 -0.075355 0
-0.032738 0.159850 -0.020145 0
-0.096463 0.236023 -0.025392 0
-0.044399 0.203580 -0.026631 0
0.041318 -0.699880 -0.075220 0
-0.522060 0.218935 0.075162 0
0.595408 0.117015 0.092873 0
-0.019947 0.163526 0.005812 0
-0.509079 0.180338 -0.065489 0
0.010132 -0.242899 -0.046601 0
0.671933 0.194043 -0.005538 0
0.520464 0.193547 0.145179 0
-0.702287 0.033313 0.074951 0
-0.640773 -0.050874 -0.034876 0
0.699585 0.094690 -0.016872 0
-0.694897 0.010896 0.035053 0
0.157604 0.274362 0.064724 0
-0.712847 -0.121357 0.054974 0
0.398436 0.302053 0.093567 0
0.018050 -0.787841 -0.076051 0
0.582948 0.213198 0.076298 0
0.045492 -0.494931 -0.006738 0
0.032400 -0.615001 -0.027274 0
-0.676217 0.092442 0.105137 0
-0.008955 0.082309 -0.015755 0
-0.715573 -0.069563 0.085404 0
0.647510 0.032036 0.023715 0
-0.590869 0.162307 0.015887 0
0.045596 -0.561274 -0.035275 0
0.216316 0.233239 -0.085145 0
-0.283282 0.254901 0.051157 0
0.705177 0.051040 -0.082646 0
-0.124911 0.239467 0.004007 0
-0.455855 0.238788 0.055682 0
0.489215 0.300570 -0.071617 0
0.547794 0.134660 0.121152 0
0.034352 -0.372845 -0.007057 0
0.010299 -0.645678 -0.060035 0
-0.703682 -0.039295 0.024596 0
0.030868 -0.858891 -0.056975 0
-0.378924 0.253087 -0.035438 0
-0.225664 0.257635 0.015010 0
-0.002012 -0.866319 -0.023088 0
-0.212907 0.211997 0.105487 0
-0.607106 0.021556 -0.069781 0
-0.708991 -0.048378 0.114550 0
0.606974 0.211712 0.033303 0
-0.245103 0.253605 -0.086087 0
0.351871 0.311406 0.074124 0
-0.508440 0.105378 -0.112064 0
-0.694030 -0.100793 0.021282 0
0.565896 0.254101 0.042390 0
-0.451240 0.224517 -0.045507 0
-0.128926 0.238369 -0.084427 0
0.228653 0.306145 0.093649 0
-0.646352 0.089892 0.035466 0
0.017992 -0.323943 -0.035394 0
-0.571492 0.121436 -0.063408 0
0.305273 0.316724 0.154560 0
0.320318 0.311188 -0.014454 0
-0.654757 0.060526 0.024656 0
-0.055493 0.213733 -0.045879 0
-0.345162 0.231836 -0.109167 0
0.017713 -0.451040 -0.039358 0
0.600062 0.174345 0.085642 0
0.573099 0.290076 -0.057045 0
0.043344 -0.208914 -0.046116 0
-0.691635 -0.147560 0.103516 0
0.126370 0.253367 0.034909 0
0.495322 0.296717 0.027363 0
0.025704 -0.718809 0.000910 0
-0.282980 0.276295 -0.088247 0
0.006162 -0.766121 -0.035258 0
0.037584 -0.816466 -0.046158 0
-0.674714 -0.039968 -0.023534 0
0.234490 0.264908 -0.058377 0
-0.222812 0.280328 -0.077880 0
-0.479842 0.162592 -0.107931 0
-0.024785 0.181703 -0.036245 0
0.017742 -0.313543 -0.007858 0
-0.349550 0.256124 -0.128574 0
-0.202097 0.241236 0.075541 0
0.010027 -0.392011 0.001545 0
0.006400 0.118973 -0.007821 0
0.642306 0.079563 0.047972 0
0.626359 0.160195 0.042051 0
-0.358385 0.256789 -0.057956 0
-0.676099 -0.000826 0.013530 0
-0.572517 0.054701 -0.094250 0
-0.656300 0.030444 -0.005965 0
0.019364 -0.757127 -0.077144 0
0.278042 0.272976 -0.066914 0
-0.284679 0.265531 -0.028420 0
0.036189 -0.789491 -0.048936 0
0.350327 0.310553 0.032783 0
-0.328962 0.234347 0.133915 0
-0.201312 0.280871 -0.116062 0
0.227446 0.303760 0.064373 0
-0.338288 0.226249 -0.067088 0
0.004585 -0.868393 -0.047988 0
-0.390956 0.236181 0.124306 0
0.003918 -0.070191 -0.015855 0
0.048200 -0.514399 -0.038473 0
0.049503 -0.897906 -0.056064 0
0.000109 -0.695189 -0.018023 0
0.034474 -0.120187 0.012011 0
0.046689 0.073427 0.001044 0
-0.329710 0.265802 -0.088620 0
-0.621215 0.090517 0.002336 0
-0.604036 0.100934 -0.046871 0
-0.189884 0.205073 0.107284 0
0.488501 0.242239 0.138866 0
0.691770 -0.067813 -0.087716 0
-0.352706 0.226082 -0.129689 0
0.623795 0.090421 0.073995 0
0.021238 -0.665762 -0.020632 0
0.348883 0.310690 0.114460 0
0.034287 -0.583976 -0.067230 0
-0.663345 0.032124 0.015850 0
-0.649183 0.124855 0.095760 0
0.012167 -0.979146 -0.007754 0
-0.080232 0.231784 -0.056739 0
0.459880 0.243368 0.164149 0
0.705906 0.130267 -0.083262 0
0.534169 0.302963 -0.067244 0
0.014870 -0.735655 -0.054438 0
0.117891 0.247230 0.054543 0
0.086290 0.208994 0.012072 0
0.549196 0.221416 0.103890 0
0.606790 0.077833 0.080704 0
-0.601108 0.184293 0.095880 0
0.015098 -0.239811 0.003194 0
-0.085477 0.214465 0.055243 0
-0.322641 0.252389 -0.138857 0
0.047196 -0.240554 -0.024894 0
0.008759 -0.473843 -0.005374 0
-0.650420 0.059868 -0.011378 0
-0.371814 0.228456 0.137893 0
-0.632573 0.043097 -0.046578 0
0.682830 0.010267 -0.015196 0
0.019513 -0.756129 -0.008378 0
0.695377 0.053057 -0.060780 0
-0.039416 0.160982 0.015002 0
0.671174 0.110625 0.007925 0
0.043395 -0.212715 -0.007633 0
0.032688 -0.655308 -0.036012 0
-0.666714 0.102784 0.124214 0
0.008054 -0.040669 -0.044053 0
-0.714336 0.001459 0.116792 0
-0.548553 0.207765 0.097593 0
0.138449 0.248946 -0.048207 0
0.004253 -0.826595 -0.079637 0
0.003659 -0.716683 -0.016216 0
0.451400 0.290104 0.080571 0
-0.467294 0.180939 -0.105882 0
-0.480873 0.103258 -0.114501 0
0.172958 0.273227 0.104734 0
0.653207 0.144508 0.036314 0
0.045507 0.002242 -0.025423 0
0.004176 0.052173 -0.033772 0
0.017249 -0.261007 -0.006267 0
-0.131221 0.228085 0.058874 0
0.039007 -0.292484 -0.018773 0
0.022958 -0.434071 -0.010392 0
0.032555 -0.593641 -0.024047 0
0.379294 0.287915 -0.092795 0
0.035355 -0.411985 -0.030504 0
-0.367065 0.249563 0.076301 0
0.045417 -0.373819 -0.025443 0
0.564995 0.270969 0.022014 0
0.527220 0.292897 0.013782 0
0.672150 0.163178 0.012878 0
-0.619560 0.142619 0.116369 0
-0.131318 0.228671 0.095310 0
-0.237978 0.285018 -0.133615 0
0.008313 -0.937018 -0.036486 0
0.579037 0.131365 0.100767 0
0.035199 -0.643865 -0.007582 0
0.548947 0.250707 0.062361 0
-0.630414 0.022737 -0.055540 0
0.034345 -0.829350 -0.026164 0
0.458781 0.272460 0.123855 0
0.043654 -0.029294 -0.007378 0
-0.683096 0.061336 0.053808 0
0.001972 -0.545053 -0.016396 0
-0.140819 0.242861 0.023298 0
0.569002 0.262133 -0.035124 0
-0.677011 0.083181 0.124315 0
0.003784 -0.909625 -0.046030 0
0.006558 -0.968558 -0.027454 0
0.111934 0.233984 -0.004602 0
-0.611348 0.148585 0.023885 0
-0.714626 -0.009858 0.087095 0
-0.710690 -0.131457 0.073927 0
-0.285285 0.248794 0.077999 0
0.638556 0.254451 -0.056996 0
0.016321 -0.595852 -0.065150 0
0.202488 0.276033 -0.026734 0
0.000687 -0.803318 -0.021362 0
0.051173 -0.605013 -0.043850 0
0.016093 -0.334601 -0.006131 0
0.715644 -0.009313 -0.097196 0
-0.166149 0.254009 -0.087275 0
0.037161 -0.251381 0.011244 0
-0.012932 -0.611509 -0.029031 0
0.467832 0.319572 -0.047030 0
0.093663 0.216348 0.040940 0
0.042920 -0.081162 -0.037933 0
-0.211081 0.284444 -0.096900 0
0.698004 -0.035063 -0.056305 0
0.678581 0.232735 -0.056896 0
-0.317994 0.257743 0.047443 0
-0.238275 0.272643 -0.036491 0
0.373546 0.312058 -0.056246 0
0.010734 -0.151307 -0.047265 0
-0.368563 0.250663 -0.093972 0
0.044287 -0.159049 -0.023602 0
0.003254 -0.199655 -0.036497 0
0.042575 -0.527018 -0.018026 0
-0.725397 -0.110626 0.094214 0
0.035861 -0.222722 -0.027223 0
-0.015218 0.102299 -0.028228 0
-0.473796 0.143587 -0.120579 0
-0.703435 -0.010176 0.045896 0
0.018945 -0.140479 -0.002899 0
-0.692041 0.061746 0.086851 0
-0.399639 0.238999 -0.075004 0
-0.706150 -0.040899 0.063972 0
0.006863 -0.191248 -0.015729 0
0.597532 0.245274 -0.007284 0
-0.010167 -0.387007 -0.009340 0
0.016079 -0.282049 -0.028036 0
0.293428 0.307347 0.024526 0
0.259447 0.234252 -0.086843 0
0.017679 -0.487219 -0.044990 0
-0.537552 0.178742 -0.026202 0
-0.500871 0.221365 0.095088 0
0.677598 0.071174 0.005058 0
0.712150 0.041281 -0.057035 0
-0.545453 0.132290 -0.078317 0
0.692433 0.201586 -0.043665 0
0.535047 0.286026 -0.089223 0
0.697353 -0.067681 -0.127239 0
-0.526388 0.110981 -0.103172 0
0.653995 0.000587 0.005860 0
0.034624 -0.726309 -0.046703 0
0.621355 0.041937 0.055242 0
0.217561 0.294026 0.134938 0
0.460016 0.323048 -0.085799 0
0.490560 0.182981 0.155492 0
-0.601812 0.001904 -0.075093 0
0.465271 0.215897 0.171160 0
0.629020 0.019706 0.036131 0
-0.697250 0.022870 0.115380 0
0.033214 -0.542345 -0.056402 0
0.323313 0.294684 -0.058511 0
-0.499305 0.170318 -0.084645 0
0.536264 0.233994 0.054679 0
0.690360 0.189388 -0.020471 0
0.336605 0.274814 -0.089452 0
-0.426362 0.237312 -0.016809 0
-0.012400 -0.455686 -0.017122 0
0.051870 -0.924595 -0.049369 0
-0.358818 0.225721 -0.092954 0
0.579988 0.152633 0.103199 0
0.036656 -0.454330 -0.029722 0
0.046104 -0.688618 -0.016364 0
0.046815 -0.079537 -0.015096 0
-0.727398 -0.090685 0.075184 0
-0.514371 0.210688 0.121493 0
0.036009 -0.100679 0.002732 0
0.708521 0.142317 -0.056726 0
0.242945 0.301840 0.045413 0
0.513213 0.152559 0.153319 0
-0.295835 0.239136 0.113927 0
0.018204 -0.179932 -0.028999 0
0.010330 -0.495500 -0.014794 0
0.215947 0.289961 0.016268 0
0.024223 -0.128219 -0.028206 0
0.666241 0.213591 -0.006399 0
-0.379416 0.254608 0.034246 0
0.195439 0.266227 0.136182 0
0.627500 -0.006329 0.021862 0
0.716968 -0.009015 -0.118578 0
0.690154 -0.021461 -0.036332 0
0.620363 0.151476 0.074709 0
-0.592293 0.042334 -0.079270 0
-0.686882 -0.148204 0.075026 0
-0.578975 0.105444 -0.030302 0
-0.228513 0.229940 0.102515 0
0.351220 0.292294 0.184467 0
-0.316439 0.248950 0.084474 0
-0.513221 0.221148 0.052769 0
0.487967 0.317487 -0.048176 0
-0.081387 0.207009 -0.055553 0
-0.620567 0.149893 0.043330 0
0.010833 -0.976935 -0.078953 0
-0.425986 0.226012 0.131527 0
0.712358 0.032879 -0.105629 0
0.035013 -0.374160 -0.046588 0
0.399029 0.319969 -0.026239 0
0.428161 0.319153 -0.046742 0
0.003864 -0.861730 -0.067728 0
-0.013669 -0.413717 -0.024982 0
-0.568664 0.172475 0.003968 0
-0.105302 0.222485 0.044475 0
-0.048972 0.182470 0.031558 0
0.105054 0.223387 -0.025471 0
0.318900 0.308949 0.037947 0
0.081948 0.137591 0.002827 0
-0.117730 0.252525 -0.075627 0
0.688716 0.151892 -0.014001 0
0.181569 0.286641 0.064207 0
0.369704 0.304321 0.144679 0
-0.207798 0.266579 -0.026528 0
-0.660120 -0.039636 -0.037227 0
0.148141 0.257659 0.008031 0
0.045207 0.011994 0.009813 0
-0.180765 0.244818 0.033705 0
0.399250 0.294638 0.134434 0
-0.598673 0.095114 -0.024165 0
-0.591888 0.133137 -0.027412 0
0.005910 -0.787951 -0.058984 0
0.349180 0.315795 0.003833 0
0.155039 0.242919 -0.078405 0
-0.587017 0.122799 0.003951 0
0.017687 -0.604977 -0.017216 0
0.369375 0.275570 0.159591 0
0.471098 0.287471 0.065471 0
-0.603984 0.164061 0.114466 0
0.002487 -0.758384 -0.053855 0
0.451927 0.310968 0.019044 0
-0.692788 -0.049065 0.011184 0
-0.196737 0.272116 -0.057549 0
0.319841 0.311481 0.085102 0
-0.574501 0.103619 -0.055241 0
0.692208 0.059572 -0.022122 0
-0.304276 0.263019 -0.016140 0
-0.348869 0.257190 0.012670 0
0.336837 0.310639 -0.033777 0
0.001431 -0.383850 -0.035142 0
0.021767 -0.709969 -0.065375 0
0.020657 -0.892072 -0.061631 0
0.010623 -0.220977 -0.021387 0
-0.105270 0.233277 -0.006013 0
0.380258 0.318401 -0.005966 0
-0.658969 0.000780 -0.035341 0
-0.726265 -0.078222 0.112665 0
0.318554 0.313650 0.115883 0
0.012051 -0.819201 -0.062540 0
0.499349 0.305478 -0.087848 0
0.521148 0.306948 -0.046093 0
0.182889 0.275357 0.012962 0
0.103298 0.165990 0.004619 0
-0.016366 -0.510004 -0.032098 0
0.580257 0.244111 0.004505 0
0.130819 0.223261 -0.079166 0
-0.607244 0.152867 0.067793 0
-0.543842 0.204634 0.032774 0
-0.666739 0.012901 0.002276 0
-0.123507 0.251034 -0.034834 0
0.713097 0.009693 -0.047703 0
0.186288 0.286363 0.042802 0
-0.072235 0.217137 -0.017344 0
-0.021214 -0.460562 -0.033978 0
0.035518 -0.273411 0.003859 0
0.003401 -0.605359 -0.048537 0
0.012688 -0.342191 0.012408 0
-0.257099 0.266408 -0.026344 0
0.563249 0.193531 0.095748 0
0.021370 -0.786631 -0.028100 0
0.028389 -0.982270 -0.063501 0
0.426010 0.318739 -0.006919 0
0.018551 -0.625765 -0.004009 0
-0.644232 0.132055 0.065235 0
-0.281868 0.235730 0.096306 0
0.017079 -0.929214 -0.073301 0
0.715954 0.008289 -0.088677 0
0.000877 -0.725823 -0.036062 0
-0.274994 0.250621 -0.086931 0
0.034923 -0.748201 -0.055160 0
-0.012884 0.120029 -0.005001 0
0.245312 0.290719 -0.025292 0
-0.404217 0.181718 -0.135697 0
-0.697084 0.032003 0.052957 0
-0.167382 0.273487 -0.077961 0
0.706690 0.163427 -0.056796 0
0.002668 -0.998807 -0.048769 0
-0.540915 0.208835 0.118319 0
0.018959 0.072236 -0.027016 0
0.669307 0.144204 0.015678 0
0.421035 0.263805 0.192146 0
0.031754 -0.323973 0.004317 0
0.709155 0.022547 -0.124578 0
-0.005817 -0.836763 -0.038722 0
-0.576617 0.132771 -0.048585 0
0.019468 -0.512290 -0.048761 0
-0.074317 0.215982 0.005093 0
0.598108 0.060676 0.078599 0
-0.308978 0.240809 -0.082104 0
0.019661 -0.535910 -0.015171 0
0.622765 0.265289 -0.037382 0
0.474342 0.295347 0.046502 0
0.161374 0.262435 -0.016898 0
-0.619911 0.129698 0.014461 0
-0.275389 0.265531 -0.118573 0
0.000935 -0.546017 -0.047485 0
0.004608 0.111154 -0.027728 0
0.003339 -0.656721 -0.004764 0
0.063336 0.143405 0.011593 0
0.494517 0.276176 0.074082 0
0.609152 0.103537 0.082313 0
-0.638512 0.080366 -0.016545 0
0.018911 -0.417367 -0.042252 0
0.010163 -0.798132 -0.005521 0
-0.282210 0.271615 -0.054823 0
0.608540 0.282180 -0.040445 0
0.017366 -0.291987 -0.006023 0
0.641214 0.236567 -0.024009 0
-0.707349 -0.009808 0.136069 0
-0.345187 0.240012 -0.140369 0
0.424891 0.295145 0.096687 0
0.036865 -0.766210 -0.046521 0
0.429040 0.302398 0.053575 0
-0.421707 0.245555 0.045117 0
-0.253418 0.272195 -0.119487 0
0.454744 0.318272 -0.033295 0
0.010467 0.052700 0.000260 0
-0.316429 0.266738 -0.153059 0
-0.348393 0.238540 0.107682 0
-0.118317 0.201787 -0.013657 0
0.032012 -0.968146 -0.048258 0
0.038467 -0.258845 -0.037043 0
0.004655 -0.310632 -0.033376 0
0.512210 0.253499 0.100968 0
0.289772 0.303774 -0.014880 0
0.605374 0.273155 -0.064846 0
0.301634 0.296653 -0.040961 0
0.009865 -0.094315 -0.028932 0
0.584696 0.254754 -0.027606 0
-0.571219 0.198631 0.102337 0
-0.239239 0.262191 0.002727 0
0.010869 -0.132449 -0.046874 0
-0.682473 0.053489 0.108496 0
0.574727 0.216029 0.053538 0
0.355908 0.305595 0.164734 0
0.703096 -0.028908 -0.127332 0
0.641299 0.061161 0.051862 0
0.050342 0.122584 -0.019803 0
0.008989 -0.099690 -0.008642 0
-0.707880 0.022108 0.094890 0
-0.480974 0.226902 0.072216 0
0.033914 -0.342291 -0.033492 0
0.275772 0.316644 0.132415 0
-0.698037 0.002698 0.083345 0
-0.012637 0.122941 -0.029036 0
0.584704 0.197806 0.061808 0
0.492937 0.181604 0.174019 0
-0.378316 0.253703 0.014478 0
0.320889 0.313906 0.164667 0
-0.621179 0.112727 0.022224 0
0.442742 0.281838 0.125929 0
-0.695595 0.001835 0.120966 0
-0.544750 0.210392 0.055943 0
-0.165065 0.250392 0.001100 0
0.242052 0.309207 0.106275 0
0.017315 -0.584840 -0.050122 0
-0.237931 0.277673 -0.066432 0
0.579050 0.102232 0.095124 0
-0.184099 0.253513 0.010501 0
0.698979 -0.049023 -0.084008 0
0.333336 0.294757 0.166528 0
-0.140331 0.222980 0.115355 0
-0.669516 0.053173 0.044017 0
0.501710 0.224464 0.145530 0
-0.347548 0.245198 0.083474 0
-0.422124 0.212899 0.113196 0
0.013747 -0.278318 0.010016 0
-0.192243 0.260968 -0.088092 0
-0.285222 0.281723 -0.138609 0
0.517743 0.292258 -0.068504 0
-0.238547 0.282550 -0.087519 0
0.684534 -0.050854 -0.127492 0
0.120711 0.207302 -0.046287 0
-0.311446 0.250671 -0.120268 0
-0.566867 0.201421 0.062431 0
0.234165 0.294611 0.005331 0
0.197874 0.251999 -0.068378 0
-0.421769 0.247756 0.024132 0
-0.682514 0.032758 0.122414 0
-0.012116 0.168635 -0.032752 0
0.017325 0.016310 -0.044374 0
0.216899 0.257874 -0.061187 0
0.423006 0.297459 -0.084233 0
0.011493 0.010797 -0.019680 0
-0.238445 0.224293 0.120944 0
0.624603 0.175656 0.056168 0
0.333810 0.312658 0.023648 0
0.505144 0.301237 0.012390 0
-0.469770 0.232972 0.022142 0
-0.118394 0.228431 -0.072968 0
0.003222 -0.910941 -0.066079 0
-0.585989 0.080273 -0.076888 0
0.701380 0.003809 -0.067591 0
-0.698611 -0.019605 0.022683 0
-0.485793 0.215419 0.123918 0
0.087613 0.154019 -0.013585 0
-0.391968 0.195467 -0.135921 0
0.442420 0.261723 0.162922 0
-0.011525 -0.724332 -0.071127 0
0.253352 0.298817 0.164901 0
0.043273 -0.109974 -0.037984 0
-0.711619 -0.049275 0.096396 0
0.549698 0.298290 -0.058630 0
0.002819 -0.703978 -0.075849 0
0.034817 -0.859328 -0.039049 0
0.004796 -0.512131 -0.006646 0
0.017607 -0.464897 -0.052901 0
0.553465 0.266374 0.036569 0
-0.192263 0.262245 -0.015615 0
0.035380 -0.929314 -0.055808 0
0.626772 0.132820 0.066564 0
-0.059827 0.189917 -0.026480 0
0.550709 0.216423 0.080351 0
-0.681432 0.072771 0.073525 0
-0.191793 0.224605 0.104659 0
0.441556 0.232658 0.163541 0
0.032268 -0.530880 -0.000853 0
0.695722 0.057339 -0.098291 0
0.459752 0.315516 -0.006992 0
0.051471 0.042004 -0.016451 0
0.393698 0.285143 0.173534 0
-0.665933 -0.099004 0.003184 0
-0.300328 0.277900 -0.118587 0
-0.002457 -0.686676 -0.036767 0
-0.524444 0.195898 0.108391 0
0.051311 0.020971 -0.025346 0
-0.708403 -0.144571 0.061525 0
0.021399 -0.746371 -0.023608 0
0.007909 -0.850178 -0.017600 0
-0.389021 0.244585 0.082491 0
0.034660 -0.160661 -0.007367 0
0.661150 0.246382 -0.046500 0
-0.256777 0.262181 0.014112 0
0.673374 -0.032101 -0.023357 0
-0.433208 0.155203 -0.131441 0
0.562351 0.285680 -0.007354 0
0.016219 -0.878642 -0.025639 0
-0.648906 -0.029531 -0.047292 0
0.698205 0.020622 -0.019518 0
0.711647 0.130999 -0.037295 0
0.032133 -0.574318 -0.024004 0
-0.315018 0.268687 -0.078393 0
-0.691825 -0.000141 0.055553 0
0.040506 -0.047467 0.004024 0
0.008463 -0.007535 -0.016443 0
-0.644145 0.140637 0.087744 0
0.017590 -0.676604 -0.056784 0
-0.601915 0.101456 -0.007521 0
0.064029 0.151612 -0.016491 0
0.048429 0.112941 0.003252 0
0.032784 -0.473138 -0.047538 0
0.140965 0.235018 0.083925 0
-0.042385 0.151810 -0.000270 0
0.112527 0.191619 -0.031484 0
0.535068 0.207367 0.108435 0
0.001667 -0.233127 -0.032169 0
0.663855 0.034257 0.016462 0
-0.268632 0.274647 -0.067419 0
-0.455540 0.232116 0.094799 0
-0.685544 0.045356 0.090392 0
0.288915 0.316103 0.147126 0
0.333569 0.311893 0.073513 0
0.049709 -0.896826 -0.038150 0
0.034999 -0.058832 -0.027516 0
-0.658799 0.081164 0.024546 0
0.180665 0.264620 0.118908 0
0.008324 0.093225 -0.006399 0
-0.628820 0.135023 0.074919 0
0.032391 -0.635633 -0.034705 0
-0.285393 0.224599 0.114062 0
0.247337 0.253189 -0.076106 0
0.550298 0.163325 0.123730 0
0.004765 -0.324124 -0.048463 0
-0.479759 0.215971 -0.017698 0
-0.627090 0.080228 -0.033857 0
0.015698 -0.808312 -0.076852 0
0.031942 -0.523729 -0.043182 0
0.000085 0.040927 -0.015290 0
0.380721 0.310219 0.036262 0
0.008244 -0.362204 -0.047608 0
-0.675580 -0.027836 -0.006783 0
0.020482 -0.938830 -0.018469 0
-0.055252 0.165351 0.026332 0
0.669002 0.181359 0.010002 0
0.428020 0.307816 0.027620 0
-0.654555 0.103448 0.105680 0
0.048411 -0.334824 -0.024523 0
-0.378408 0.250439 -0.058029 0
-0.450545 0.151591 -0.130042 0
-0.031093 0.145236 -0.030094 0
-0.008095 -0.677174 -0.064514 0
-0.606442 0.114048 0.012438 0
0.593208 0.261850 0.011917 0
0.033309 -0.514937 -0.027682 0
0.046094 -0.188345 0.005704 0
-0.225808 0.243648 -0.073954 0
0.157808 0.264047 0.104043 0
-0.373242 0.243001 0.113994 0
0.000033 -0.576049 -0.036674 0
0.033324 -0.504667 -0.057390 0
-0.617005 0.064106 -0.037866 0
0.000171 -0.274114 -0.024760 0
-0.641296 0.106849 0.049078 0
-0.333459 0.243556 0.115906 0
-0.596369 0.185145 0.075784 0
0.008698 -0.554401 -0.000010 0
-0.004218 0.135716 -0.011368 0
0.654855 -0.026838 -0.004295 0
0.004478 -0.847751 -0.078364 0
0.529439 0.202906 0.133324 0
-0.006344 -0.462632 -0.047717 0
-0.693917 -0.068543 0.003763 0
0.197355 0.222799 -0.085273 0
-0.706889 -0.089922 0.026248 0
0.016899 -0.159603 0.011757 0
0.685020 0.092151 -0.007420 0
0.030709 -0.353466 -0.006603 0
-0.712154 -0.052984 0.135579 0
0.401669 0.302438 -0.093822 0
0.413162 0.300003 0.084295 0
0.566398 0.207521 0.075353 0
-0.379746 0.205921 -0.111078 0
-0.686546 0.017387 0.052672 0
0.396614 0.300391 0.112834 0
0.031349 -0.428040 -0.053205 0
0.430106 0.320725 -0.076659 0
0.005578 -0.534773 -0.073303 0
-0.588804 0.135949 0.036795 0
0.010713 -0.272172 -0.046409 0
0.290668 0.242448 -0.086467 0
-0.131592 0.227087 0.076274 0
-0.379233 0.225738 -0.146089 0
-0.099702 0.215172 0.075259 0
0.666055 0.225029 -0.019544 0
-0.510728 0.142406 -0.096589 0
0.049562 -0.494232 -0.025526 0
-0.165200 0.261070 -0.027063 0
-0.176293 0.263154 -0.098044 0
-0.546246 0.152455 -0.062981 0
0.714004 0.090379 -0.047840 0
-0.712630 -0.071815 0.102374 0
-0.412739 0.240683 0.078602 0
-0.451417 0.192230 -0.109253 0
0.654586 0.052769 0.033109 0
0.059356 0.062486 0.005541 0
0.071411 0.123026 -0.018899 0
0.276578 0.303564 0.023254 0
0.031380 0.013420 -0.029156 0
0.078694 0.104592 -0.019800 0
0.019984 -0.245781 -0.028789 0
0.702355 0.111717 -0.017849 0
0.000723 -0.977973 -0.045459 0
-0.006991 -0.856068 -0.051463 0
-0.620174 0.060204 -0.054378 0
-0.497130 0.205227 -0.026829 0
0.037391 -0.170118 0.006783 0
-0.573028 0.184214 0.114637 0
0.699815 -0.057633 -0.108088 0
0.591725 0.245532 0.033494 0
-0.590463 0.149164 0.067032 0
0.338100 0.297211 -0.066924 0
0.033953 0.042795 0.002808 0
0.115410 0.243327 0.026203 0
-0.680852 -0.043318 -0.000929 0
-0.161698 0.211391 0.109007 0
0.033087 -0.789375 -0.065893 0
-0.425310 0.234901 0.104734 0
0.000645 -0.494238 -0.032577 0
0.128126 0.252387 0.074263 0
0.015702 -0.393715 -0.036440 0
-0.346071 0.256703 -0.016718 0
0.318620 0.257216 -0.090129 0
-0.582641 0.191851 0.067094 0
-0.060086 0.207929 -0.066677 0
-0.484585 0.129633 -0.119156 0
0.702534 0.063335 -0.047392 0
0.016677 -0.404569 -0.008599 0
0.044499 -0.557971 -0.009558 0
-0.610083 0.164286 0.051675 0
0.398444 0.315930 -0.067581 0
0.230608 0.223919 -0.085598 0
0.016439 -0.048626 -0.028289 0
0.384246 0.316254 0.013861 0
0.077028 0.194061 0.002595 0
0.525324 0.233378 0.114634 0
0.035467 -0.796869 -0.027259 0
0.641866 -0.009093 0.012929 0
0.021223 -0.352569 -0.038393 0
0.047641 -0.313650 -0.023651 0
0.536972 0.150782 0.129579 0
0.380275 0.306085 0.095648 0
0.409960 0.287453 0.147463 0
0.645782 0.203004 0.022848 0
-0.709545 -0.010741 0.105942 0
0.485461 0.219439 0.161337 0
0.565382 0.231912 0.072811 0
0.586546 0.164287 0.087960 0
-0.149879 0.249301 -0.085751 0
-0.683318 -0.020053 0.014220 0
0.034908 -0.180934 -0.026155 0
0.032131 -0.304819 -0.005637 0
0.489776 0.316469 -0.077516 0
-0.263983 0.242274 -0.068111 0
0.551007 0.205133 0.097552 0
-0.316513 0.266790 -0.055991 0
-0.694693 -0.131510 0.047591 0
0.046811 -0.472979 -0.010542 0
-0.667106 0.094384 0.090989 0
0.020164 -0.028980 -0.030830 0
-0.001788 -0.737691 -0.056709 0
0.002907 -0.443962 -0.015752 0
-0.000352 -0.205610 -0.008267 0
0.683480 -0.022536 -0.013735 0
-0.351750 0.256431 -0.096663 0
0.576294 0.283084 -0.072092 0
0.046272 -0.853181 -0.053033 0
0.199732 0.292096 0.094559 0
0.367546 0.307148 0.124748 0
0.033965 0.092262 -0.019082 0
-0.646997 0.052485 -0.026158 0
-0.395975 0.247722 -0.037026 0
0.525772 0.157822 0.140007 0
-0.545455 0.185866 -0.000590 0
-0.456384 0.175372 -0.117433 0
0.244433 0.310308 0.089567 0
-0.615328 0.138294 0.055551 0
-0.438865 0.190645 -0.127691 0
-0.001623 0.061495 -0.016266 0
-0.487553 0.217631 -0.002900 0
-0.164893 0.234130 0.073357 0
-0.702091 -0.035339 0.122568 0
-0.718098 -0.049927 0.056393 0
0.005932 -0.756504 -0.018232 0
-0.324281 0.261512 0.016414 0
0.577892 0.232060 0.031649 0
0.459019 0.321034 -0.066361 0
-0.469019 0.225215 0.105071 0
-0.286020 0.255450 0.034199 0
0.004195 -0.993001 -0.082151 0
0.350255 0.264671 -0.086762 0
-0.132492 0.212086 0.097428 0
0.139448 0.257098 0.025113 0
0.093583 0.193096 0.015030 0
0.211509 0.290817 0.033948 0
0.137834 0.233830 -0.068218 0
-0.513727 0.082067 -0.108887 0
-0.089403 0.214619 -0.068469 0
-0.163858 0.221756 0.123671 0
0.006331 -0.960148 -0.066706 0
-0.585540 0.110829 -0.065535 0
0.715034 -0.018372 -0.055916 0
0.174459 0.242747 -0.085033 0
-0.714004 -0.089541 0.065251 0
-0.631673 0.131332 0.114110 0
0.410860 0.319378 -0.040709 0
0.469312 0.253885 0.144846 0
0.704766 0.075101 -0.021072 0
-0.014178 0.143079 -0.028555 0
-0.546884 0.081899 -0.096898 0
-0.392989 0.234500 -0.106929 0
-0.002352 -0.453123 -0.034640 0
-0.633941 0.151700 0.094874 0
-0.708833 0.015093 0.124594 0
-0.678117 0.019341 0.033924 0
0.259598 0.264956 -0.067873 0
0.363714 0.316750 -0.006255 0
0.035670 -0.910761 -0.034913 0
0.040380 -0.847001 -0.027203 0
0.428461 0.270490 0.164984 0
0.607786 0.232821 0.031238 0
0.030864 -0.628956 -0.018434 0
0.033109 -0.392780 -0.034459 0
-0.438567 0.241832 0.013026 0
0.273429 0.303047 0.003966 0
0.066392 0.100643 -0.007494 0
0.683565 0.050938 0.001997 0
-0.286070 0.256590 -0.107437 0
0.048256 -0.008710 0.003367 0
0.431605 0.240324 0.181506 0
-0.467159 0.220121 -0.027602 0
0.009566 -0.150842 -0.016671 0
-0.635772 0.028442 -0.038457 0
0.064938 0.173833 0.002670 0
0.125351 0.243414 -0.006629 0
0.337216 0.312210 0.166544 0
0.637274 0.090750 0.063992 0
0.241546 0.306764 0.147113 0
-0.164053 0.268075 -0.108999 0
0.450132 0.297308 -0.066737 0
0.007880 -0.572967 -0.006340 0
0.016254 0.011183 -0.003906 0
0.033998 -0.442579 0.003735 0
0.274397 0.298268 -0.021058 0
-0.213643 0.238532 0.064126 0
0.006332 -0.625525 -0.018404 0
-0.315853 0.223903 0.120752 0
-0.223033 0.272532 -0.108668 0
-0.494978 0.142360 -0.108554 0
0.012579 -0.068018 0.005657 0
-0.008620 -0.478846 -0.019679 0
0.289118 0.311511 0.063978 0
-0.009798 -0.818685 -0.082663 0
0.079881 0.194149 0.024082 0
0.703433 0.070820 -0.075301 0
0.108837 0.210951 0.037941 0
-0.601685 0.083666 -0.063258 0
-0.254657 0.252020 0.043663 0
-0.389523 0.237066 0.107722 0
0.608982 0.209122 0.049722 0
0.037864 -0.233129 0.011932 0
0.689816 -0.049809 -0.055302 0
0.187153 0.274503 -0.017042 0
0.717227 -0.028603 -0.089164 0
-0.674764 0.070836 0.094768 0
-0.253601 0.290028 -0.127941 0
0.512347 0.212186 0.143831 0
0.007381 -0.342306 -0.026363 0
-0.378350 0.243407 -0.106135 0
0.048796 -0.088807 0.006192 0
0.641697 0.162187 0.035005 0
0.183442 0.282924 0.096861 0
-0.342461 0.256365 0.044540 0
-0.486583 0.227329 0.055386 0
0.033645 -0.704097 -0.014927 0
-0.714285 -0.092219 0.094674 0
0.506813 0.183921 0.155685 0
-0.045205 0.192094 0.015378 0
0.030456 -0.005837 -0.043100 0
0.612139 0.266314 -0.025104 0
-0.484701 0.094905 -0.101078 0
0.034917 -0.251097 -0.004861 0
0.015137 -0.472442 -0.038692 0
0.063761 0.072231 -0.018641 0
-0.626256 -0.018017 -0.060441 0
0.047954 0.029592 0.005304 0
0.001759 0.079104 -0.001788 0
0.581460 0.263339 -0.045460 0
0.305209 0.308079 -0.009404 0
0.567908 0.163467 0.103551 0
-0.373408 0.242452 -0.127338 0
-0.549461 0.098602 -0.094317 0
0.440415 0.290517 0.095850 0
0.534970 0.286811 -0.068494 0
-0.507463 0.190009 -0.052290 0
0.531987 0.132359 0.125140 0
0.032523 -0.692915 -0.057457 0
-0.701841 -0.134707 0.092826 0
-0.555368 0.099020 -0.074949 0
-0.632361 0.101104 0.023746 0
0.506565 0.311664 -0.074739 0
0.004723 -0.644488 -0.025725 0
0.564347 0.131105 0.107552 0
-0.105099 0.242434 -0.076325 0
0.004329 -0.311236 -0.016608 0
0.036346 -0.745809 -0.074607 0
-0.070081 0.205997 0.033312 0
-0.365792 0.217090 -0.133169 0
-0.652837 0.072449 0.007031 0
0.409586 0.303619 0.063916 0
-0.123401 0.252846 -0.092456 0
-0.692097 -0.032183 0.033295 0
-0.563680 0.147681 -0.046989 0
-0.221485 0.255206 0.034417 0
0.705880 0.111150 -0.076749 0
0.014489 0.042729 -0.041801 0
0.111952 0.233887 0.061376 0
-0.532003 0.052750 -0.096911 0
-0.529784 0.204326 0.012698 0
0.577565 0.286708 -0.037126 0
0.690478 0.173944 -0.025008 0
0.505963 0.285028 0.044056 0
0.555677 0.236404 0.038785 0
0.004029 -0.566579 -0.049013 0
-0.558358 0.069128 -0.095870 0
-0.482901 0.173189 -0.096274 0
0.018024 -0.875117 -0.088402 0
-0.674744 -0.000121 -0.015818 0
0.653420 0.182432 0.022822 0
-0.711542 -0.019169 0.056424 0
-0.256298 0.263295 -0.006371 0
0.016624 -0.846356 -0.059948 0
0.568791 0.237790 0.058294 0
0.033873 -0.422357 -0.010881 0
-0.589828 0.173390 0.035207 0
0.201454 0.283785 0.125845 0
0.034590 -0.140404 -0.027982 0
0.031252 -0.615320 -0.045397 0
0.001515 -0.787772 -0.024943 0
0.088430 0.176848 0.002708 0
0.023585 -0.299466 -0.032708 0
0.622845 0.194985 0.044282 0
0.704066 -0.028745 -0.039213 0
0.077675 0.145395 -0.022625 0
0.701054 0.042394 -0.096566 0
0.520807 0.172633 0.145558 0
-0.709792 -0.120021 0.093289 0
0.016357 -0.879982 -0.048428 0
0.614000 0.182682 0.065770 0
0.088768 0.175130 -0.025778 0
-0.710226 -0.110388 0.043728 0
0.014736 -0.787160 -0.095542 0
0.004774 -0.524123 -0.047689 0
-0.105532 0.243295 -0.036256 0
0.627205 0.257661 -0.067660 0
-0.102364 0.200594 0.081010 0
-0.469027 0.232765 0.063528 0
0.005398 -0.010423 -0.042773 0
0.702445 0.001143 -0.026643 0
-0.515183 0.216451 0.033803 0
0.665978 0.083271 0.033205 0
0.612802 0.049619 0.066175 0
0.032635 -0.555179 -0.045976 0
0.152409 0.270257 0.044935 0
-0.006871 -0.647410 -0.056220 0
0.362539 0.304634 -0.068629 0
0.035470 -0.840876 -0.047274 0
0.401672 0.314482 0.020806 0
-0.602826 0.114252 -0.036168 0
-0.576685 0.183096 0.034766 0
0.576533 0.201590 0.092612 0
-0.032548 0.193110 -0.026324 0
0.714978 -0.041045 -0.117982 0
0.578328 0.224669 0.066440 0
-0.694181 0.049107 0.067704 0
0.417678 0.265625 0.176811 0
-0.253367 0.271613 -0.048317 0
0.525767 0.274856 0.043586 0
0.217269 0.281312 -0.028521 0
0.592902 0.225385 0.044466 0
-0.316941 0.264461 -0.025460 0
0.067757 0.173226 0.022738 0
0.005597 -0.411043 -0.047904 0
0.608016 0.230399 0.015638 0
0.488967 0.303261 0.014512 0
0.439504 0.317980 -0.016402 0
0.011550 -0.130689 -0.017413 0
-0.433461 0.224828 -0.074647 0
-0.114487 0.232282 0.014585 0
-0.695207 -0.080001 0.014466 0
0.039890 -0.125132 -0.002814 0
-0.707076 -0.029648 0.101100 0
0.685232 0.102128 0.004735 0
0.017775 -0.383255 -0.008970 0
-0.707004 -0.070135 0.056539 0
0.707241 -0.038365 -0.099125 0
0.019402 -0.880525 -0.009911 0
0.643202 0.132416 0.037109 0
0.638445 0.111644 0.052461 0
-0.682473 0.032084 0.023540 0
-0.207126 0.221262 0.116775 0
-0.268759 0.244053 0.081534 0
0.035593 -0.827720 -0.056910 0
0.001258 -0.261498 -0.015493 0
-0.363665 0.253830 -0.078481 0
0.707318 0.020866 -0.095117 0
0.306991 0.315991 0.136148 0
0.020743 -0.011583 -0.002138 0
-0.370354 0.215757 -0.089337 0
0.000715 -0.798176 -0.037665 0
0.104312 0.214123 -0.038066 0
-0.591667 0.143487 -0.006524 0
-0.207998 0.247843 0.037989 0
0.017790 0.103260 -0.016667 0
-0.723048 -0.038772 0.094523 0
-0.254133 0.217451 0.110361 0
-0.662069 0.111532 0.074813 0
-0.516368 0.205436 0.000757 0
-0.563847 0.135923 0.006012 0
0.035036 -0.374132 0.009267 0
-0.089397 0.218481 0.038550 0
0.647329 0.068256 0.038513 0
0.685249 0.129246 -0.006121 0
-0.268137 0.280952 -0.091171 0
0.607680 0.142628 0.076495 0
-0.226064 0.262140 -0.007248 0
-0.003455 -0.705843 -0.059196 0
0.242949 0.233342 -0.086559 0
0.033677 -0.503949 -0.016678 0
0.000219 -0.976562 -0.067454 0
-0.238667 0.285666 -0.118093 0
0.308368 0.292783 -0.054712 0
0.004707 -0.940581 -0.069610 0
0.639818 0.240938 -0.008652 0
-0.009183 -0.244634 -0.019843 0
0.046108 -0.807527 -0.055537 0
0.369166 0.310338 0.072940 0
0.654848 0.235391 -0.037605 0
0.034876 -0.463529 -0.015796 0
0.396945 0.308723 0.036183 0
-0.681928 -0.108236 0.015204 0
0.404551 0.274736 0.177092 0
0.003115 -0.866265 -0.082468 0
0.548057 0.204296 0.116192 0
-0.166381 0.266037 -0.046893 0
0.035854 -0.362151 -0.028548 0
0.017413 -0.200949 -0.030577 0
-0.501119 0.217153 0.011355 0
-0.655708 0.081860 0.044677 0
0.277537 0.311264 0.093979 0
0.045680 -0.191566 -0.018981 0
0.056375 0.061169 -0.034505 0
-0.060405 0.186642 0.042627 0
0.001239 -0.669776 -0.054792 0
-0.529799 0.071044 -0.105359 0
-0.436387 0.240370 0.076106 0
0.007724 -0.079637 -0.034453 0
-0.116270 0.248768 -0.048202 0
-0.208749 0.276022 -0.066299 0
0.622276 0.212984 0.033832 0
0.050167 -0.862109 -0.026443 0
0.150543 0.256260 -0.007070 0
0.140328 0.246734 0.093828 0
0.034252 -0.898159 -0.047040 0
-0.668616 -0.069799 -0.017594 0
0.157320 0.254034 -0.056377 0
-0.690811 0.000951 0.024107 0
-0.403585 0.245760 -0.006036 0
0.035157 -0.724354 -0.066899 0
-0.025530 0.175677 -0.005857 0
-0.390148 0.221126 0.121580 0
-0.559381 0.120720 -0.083996 0
0.672895 0.030533 -0.005988 0
0.034311 -0.461963 -0.000426 0
-0.662534 0.093274 0.072249 0
0.591799 0.181002 0.074532 0
0.656614 0.092201 0.045199 0
0.004149 -0.585687 -0.017956 0
0.567570 0.276905 0.008158 0
0.333326 0.312436 0.126471 0
0.033082 -0.779130 -0.008628 0
-0.132782 0.246040 -0.012115 0
0.005460 -0.987943 -0.034922 0
-0.545378 0.045771 -0.094634 0
-0.571515 0.091578 -0.068336 0
0.007189 -0.903873 -0.020777 0
0.619235 0.256784 -0.052130 0
0.076662 0.122747 0.012117 0
0.670145 0.072956 0.022789 0
-0.178004 0.230413 0.101793 0
-0.727885 -0.058980 0.083542 0
0.157408 0.272390 0.084279 0
0.034600 -0.108743 -0.025522 0
0.276190 0.285070 -0.049059 0
0.215311 0.286793 -0.004983 0
0.595234 0.282166 -0.047851 0
0.711455 -0.055565 -0.078230 0
-0.146210 0.263994 -0.096033 0
-0.600605 0.051670 -0.068938 0
-0.433220 0.230635 -0.056475 0
-0.352160 0.231318 -0.154052 0
0.126017 0.239372 -0.037814 0
0.003928 -0.796423 -0.083704 0
0.686130 0.223325 -0.047663 0
-0.698968 -0.042276 0.044569 0
-0.692452 0.015066 0.073160 0
-0.633821 0.122879 0.024936 0
0.559681 0.098002 0.099544 0
0.715811 0.041566 -0.074697 0
-0.330452 0.246708 0.075368 0
-0.120065 0.225180 0.049014 0
0.107141 0.222783 0.052165 0
-0.638344 0.124652 0.085154 0
0.001411 -0.609856 -0.019480 0
0.637795 0.181326 0.026820 0
0.045470 0.004695 -0.044184 0
0.037866 -0.343316 -0.015270 0
0.006063 -0.322971 -0.005857 0
0.670250 0.111503 0.023246 0
-0.650809 0.042019 -0.015434 0
0.033356 -0.988513 -0.036142 0
0.020918 -0.891403 -0.076740 0
0.306644 0.311014 0.058081 0
0.712570 0.063429 -0.087140 0
0.023848 -0.937498 -0.061114 0
-0.695320 -0.022677 0.048340 0
-0.300161 0.266007 -0.134752 0
0.697535 -0.038042 -0.072785 0
0.016408 -0.231070 -0.034669 0
-0.208199 0.263287 -0.089732 0
0.031671 -0.314646 -0.034338 0
0.005126 -0.293531 -0.014674 0
-0.147432 0.214580 0.104314 0
-0.314554 0.242956 -0.095932 0
0.275790 0.310350 0.057056 0
-0.453087 0.221694 0.114552 0
-0.408916 0.242400 -0.046763 0
0.016403 -0.827988 -0.016169 0
-0.181417 0.264061 -0.025898 0
-0.446138 0.212312 -0.086567 0
0.014748 -0.401118 0.012561 0
0.713457 0.144745 -0.082009 0
-0.135303 0.232468 0.044168 0
0.005740 -0.737174 -0.027470 0
0.030903 -0.037902 -0.002496 0
-0.302216 0.258886 0.017750 0
0.678141 0.132156 0.011775 0
-0.261697 0.260650 0.033281 0
-0.599309 0.088008 -0.037399 0
0.044949 -0.010447 -0.038003 0
0.536851 0.246895 0.086078 0
0.623555 0.245406 0.005387 0
0.020715 -0.785801 -0.057895 0
0.705161 0.082522 -0.086492 0
-0.620361 0.161794 0.066308 0
-0.630826 0.139494 0.046722 0
-0.033557 0.188705 -0.046186 0
-0.404157 0.228775 0.133828 0
0.636049 0.232049 0.009231 0
0.654909 0.210368 0.010212 0
0.467449 0.310194 -0.075319 0
0.023752 -0.994690 -0.070462 0
0.336372 0.313724 -0.003642 0
-0.009899 0.169757 -0.009821 0
0.056142 0.083263 0.010120 0
-0.075178 0.206436 0.062551 0
-0.344049 0.215039 0.117170 0
0.026527 0.047840 -0.033065 0
-0.572188 0.144887 0.033770 0
0.028093 -0.670703 -0.072819 0
0.516674 0.306401 -0.025959 0
-0.675755 0.030953 0.003920 0
0.031183 -0.018995 -0.029283 0
-0.274920 0.229616 0.123468 0
0.019754 -0.079814 -0.002475 0
-0.625394 0.103075 -0.007010 0
0.623013 0.250459 -0.039090 0
0.007621 -0.432534 -0.004405 0
0.592127 0.072700 0.085111 0
0.711591 0.101637 -0.058093 0
0.023942 -0.656776 -0.051023 0
-0.486305 0.226923 0.034707 0
-0.267411 0.284385 -0.107495 0
0.030454 -0.023038 -0.001500 0
-0.589369 0.193331 0.094275 0
0.043185 -0.029676 -0.036032 0
0.549940 0.182117 0.122672 0
0.398635 0.304587 0.074600 0
0.597447 0.263385 -0.056155 0
-0.468036 0.231213 0.005665 0
0.364405 0.285553 0.185992 0
-0.514863 0.216382 0.094162 0
0.684221 -0.070037 -0.120663 0
0.705874 0.061310 -0.108410 0
0.264445 0.287596 -0.039475 0
-0.711068 -0.020208 0.074841 0
0.384419 0.317300 -0.026822 0
0.593536 0.281730 -0.067483 0
0.552210 0.257339 0.048288 0
-0.702696 0.036712 0.121030 0
0.004128 -0.827857 -0.045204 0
0.020687 -0.768020 -0.023872 0
0.036223 -0.939056 -0.024755 0
0.030300 0.062868 0.001432 0
-0.619334 0.122299 0.034415 0
-0.026757 0.143759 0.002520 0
0.035873 -0.200007 -0.006687 0
0.212916 0.272447 0.128285 0
-0.713935 -0.109609 0.103497 0
-0.652592 0.115400 0.053266 0
0.366409 0.300978 -0.082777 0
0.004835 0.079852 -0.028857 0
-0.366489 0.236419 0.125331 0
-0.565758 0.162495 -0.013927 0
0.013271 -0.665254 0.001992 0
0.651646 0.021155 0.014690 0
0.007808 -0.454427 -0.005962 0
0.046993 -0.623904 -0.045936 0
-0.220913 0.270115 -0.020901 0
-0.632761 0.000912 -0.056839 0
0.043819 -0.288057 0.001540 0
0.106964 0.200656 0.016549 0
-0.000943 0.100952 -0.036733 0
-0.719824 -0.078931 0.051214 0
0.677876 0.219869 -0.027547 0
-0.329273 0.266469 -0.117514 0
0.018680 -0.142380 -0.038737 0
-0.669412 0.074895 0.114873 0
0.307772 0.310470 0.024748 0
0.057838 0.090768 -0.022614 0
-0.527344 0.183390 -0.035666 0
0.003429 0.015454 -0.031022 0
0.415368 0.290415 0.134151 0
0.042987 -0.252450 -0.017411 0
-0.223670 0.272436 -0.037826 0
0.713503 0.004342 -0.123529 0
0.612893 0.244233 -0.013741 0
0.702908 0.193516 -0.056972 0
-0.012801 -0.435080 -0.025498 0
0.031188 -0.575293 -0.009420 0
0.003164 -0.053945 -0.010414 0
0.032150 -0.598269 -0.010161 0
-0.487341 0.216300 0.109389 0
0.043489 -0.786570 -0.020648 0
-0.088973 0.204191 -0.043370 0
0.016598 -0.355805 -0.009645 0
0.028352 -0.852883 -0.021339 0
0.183865 0.246727 -0.070580 0
-0.420191 0.239646 -0.029847 0
-0.165396 0.245111 0.033572 0
0.003892 -0.899099 -0.056162 0
-0.711035 -0.070353 0.035637 0
0.308017 0.306048 -0.025739 0
0.475883 0.192230 0.155600 0
0.698538 0.041144 -0.036848 0
-0.510682 0.199934 -0.015204 0
0.489912 0.203220 0.163775 0
0.041644 -0.387450 0.001153 0
-0.393675 0.247167 -0.018753 0
-0.656893 0.122217 0.083288 0
0.032814 -0.485738 -0.016752 0
-0.008908 -0.381682 -0.022854 0
0.049170 -0.217214 -0.035647 0
0.351133 0.310897 -0.036599 0
-0.352619 0.223862 -0.075446 0
0.049648 -0.140518 -0.023597 0
-0.725598 -0.101289 0.109929 0
-0.196194 0.232344 0.085457 0
0.040666 -0.171151 -0.035568 0
-0.405800 0.215906 -0.129510 0
0.016840 -0.868177 -0.066308 0
-0.629095 0.074509 -0.007121 0
-0.237665 0.234681 0.092245 0
0.626985 0.143241 0.055759 0
0.379459 0.284391 0.176372 0
0.013748 -0.839994 -0.092402 0
0.000882 -0.544918 -0.032997 0
-0.176501 0.212777 0.109209 0
0.022910 -0.938737 -0.032968 0
-0.649992 0.100815 0.059929 0
0.625740 0.003466 0.032411 0
-0.359292 0.250920 0.064139 0
-0.213298 0.232538 0.078540 0
-0.146688 0.228505 0.088350 0
0.036368 -0.776788 -0.036632 0
0.444684 0.320948 -0.068446 0
-0.180559 0.239754 0.073745 0
-0.695865 0.031777 0.095415 0
-0.414286 0.186600 -0.149814 0
-0.651835 0.051578 0.003520 0
0.704892 0.031091 -0.077033 0
-0.586630 0.130898 0.020237 0
-0.544765 0.170712 -0.035825 0
0.031487 -0.574862 -0.045683 0
0.190230 0.254729 0.123344 0
0.033851 -0.756755 -0.025539 0
0.006213 -0.948699 -0.057746 0
0.422252 0.279791 0.155830 0
0.006700 -0.534015 -0.058047 0
-0.257397 0.249075 -0.079997 0
0.550881 0.296119 -0.036869 0
0.003879 -0.625139 -0.048782 0
-0.388950 0.250342 0.051366 0
0.577267 0.082929 0.093540 0
-0.165566 0.230930 0.094244 0
0.261335 0.309669 0.075374 0
0.075606 0.112988 -0.008481 0
-0.723328 -0.048465 0.112951 0
-0.376604 0.251236 -0.015677 0
-0.011543 -0.511530 -0.018594 0
-0.724675 -0.090689 0.119995 0
-0.193178 0.280652 -0.104177 0
0.021029 -0.634470 -0.051500 0
0.021141 -0.847064 -0.075733 0
