0.186845 0.096230 0.019556 0
-0.827760 0.612047 0.472823 0
-0.134564 -0.845907 -0.062496 0
-0.492707 -0.239082 -0.164498 0
-0.401792 0.341633 0.083832 0
0.679812 0.127917 -0.002542 0
-0.095653 -0.229381 0.009749 0
-0.677837 0.515105 0.182849 0
0.036251 -0.554573 -0.019471 0
0.423947 0.163904 -0.066132 0
-0.173047 -0.450428 -0.034328 0
0.012868 -0.037511 -0.022136 0
-0.329141 -0.289410 -0.022977 0
-0.138825 -0.646895 -0.038822 0
-0.205335 -0.071945 0.005528 0
-0.313893 0.209966 -0.015700 0
-0.769417 0.617419 0.303401 0
-0.543486 0.451356 0.080951 0
0.550700 0.179543 -0.016568 0
0.284703 0.159688 -0.051727 0
-0.245971 0.142137 0.069522 0
-0.159721 -0.328821 -0.025555 0
0.098235 0.045028 -0.041159 0
-0.316129 0.256558 0.093707 0
-0.389781 -0.223947 -0.100995 0
-0.057620 -0.131700 -0.038884 0
-0.562952 0.485615 0.189285 0
-0.211282 0.033888 0.053011 0
-0.045135 -0.600972 -0.078052 0
-0.450317 0.429204 0.129697 0
-0.183874 -0.175929 -0.007220 0
-0.107436 -0.745858 -0.049852 0
-0.122380 -0.544043 -0.031725 0
-0.250628 -0.328781 -0.068883 0
-0.696330 0.590338 0.243387 0
-0.356013 0.299494 0.008215 0
-0.471860 0.395210 0.043784 0
-0.250410 0.135311 -0.023492 0
0.359771 0.168189 0.003044 0
-0.809573 0.605476 0.385083 0
-0.616018 0.487100 0.121420 0
0.069167 0.004447 0.027524 0
-0.459420 -0.266066 -0.091263 0
-0.207289 0.045931 -0.026084 0
-0.017799 -0.096466 0.020594 0
0.266810 0.123761 0.015896 0
-0.029481 -0.593639 -0.001302 0
-0.168471 -0.252320 -0.010145 0
-0.211639 -0.385596 -0.032789 0
0.611076 0.136251 -0.031748 0
0.468199 0.177969 -0.007212 0
0.216970 0.127343 -0.041255 0
-0.613620 0.536126 0.212347 0
0.128702 0.048707 0.025711 0
-0.292097 0.197152 0.056584 0
-0.128405 -0.393658 -0.020620 0
-0.254455 0.083814 0.025279 0
0.161437 0.082411 -0.045166 0
-0.325581 -0.245239 -0.079788 0
-0.513178 0.455410 0.149550 0
-0.393727 -0.268692 -0.047110 0
0.501833 0.149214 -0.060848 0
-0.750838 0.557750 0.270588 0
0.351017 0.162867 -0.063325 0
-0.109756 -0.270711 -0.041221 0
-0.077429 -0.165340 0.015975 0
-0.074707 -0.632548 -0.027424 0
-0.420075 0.352096 0.022587 0
-0.223134 -0.010904 0.007040 0
-0.333347 0.243432 0.032552 0
-0.363127 0.294703 0.074475 0
-0.093005 -0.671599 -0.070903 0
-0.441150 -0.219553 -0.133699 0
-0.096991 -0.190418 -0.037033 0
-0.119971 -0.484556 -0.032281 0
-0.274469 -0.321755 -0.014929 0
-0.025439 -0.078538 -0.035672 0
0.053884 0.008128 -0.039711 0
-0.494628 0.418188 0.094526 0
-0.411762 0.388306 0.117808 0
-0.720105 0.540860 0.225427 0
0.001637 -0.570810 -0.061435 0
-0.288256 -0.285900 -0.069530 0
0.412566 0.179251 -0.012944 0
-0.564065 0.469986 0.132057 0
-0.281027 0.150291 0.027329 0
-0.181744 -0.019843 0.042330 0
-0.147185 -0.793247 -0.053520 0
-0.126560 -0.595137 -0.049486 0
-0.662246 0.556375 0.219318 0
-0.193605 -0.124297 0.000373 0
0.308516 0.151254 -0.001626 0
-0.135864 -0.701653 -0.054175 0
-0.123130 -0.294494 0.003636 0
-0.141028 -0.205473 -0.012775 0
-0.611921 0.504032 0.171679 0
0.026948 -0.026393 0.026323 0
0.560653 0.144481 -0.052945 0
-0.794619 0.592720 0.339161 0
-0.441912 0.370634 0.079970 0
-0.230412 0.090153 -0.019415 0
-0.144959 -0.146971 0.011066 0
-0.282734 0.172349 -0.016036 0
-0.735480 0.605965 0.271173 0
-0.237797 0.040749 0.013152 0
-0.234432 0.095929 0.067392 0
-0.160011 -0.098812 0.023687 0
-0.385797 0.319089 0.041762 0
-0.801780 0.613402 0.429904 0
-0.125424 -0.438598 -0.029930 0
-0.049724 -0.128705 0.014662 0
-0.238797 -0.348801 -0.029488 0
-0.489401 -0.262948 -0.124859 0
0.225295 0.112895 0.005469 0
-0.372826 0.326023 0.113179 0
-0.648016 0.504037 0.146642 0
-0.077029 -0.630570 -0.073846 0
-0.106346 -0.808405 -0.053423 0
-0.101054 -0.667121 -0.026956 0
0.259729 0.132628 -0.025995 0
0.095498 0.024914 -0.000146 0
0.593424 0.173145 -0.014460 0
0.134466 0.061900 -0.018354 0
-0.418431 -0.257256 -0.084665 0
-0.185860 -0.416142 -0.055717 0
-0.367185 -0.251462 -0.075737 0
-0.186977 0.009056 -0.028830 0
-0.188270 -0.414475 -0.013009 0
0.003774 -0.060089 0.018230 0
0.387470 0.163611 -0.043345 0
0.465201 0.162846 -0.046695 0
0.510056 0.174962 -0.022462 0
-0.286781 0.230951 0.079982 0
-0.777411 0.577019 0.300537 0
-0.023016 -0.598402 -0.043284 0
-0.153972 -0.288593 -0.023848 0
0.052781 -0.014416 -0.004217 0
0.195003 0.099044 -0.019742 0
0.647616 0.149067 -0.013738 0
0.002818 -0.576657 -0.017741 0
-0.127757 -0.354019 -0.019055 0
-0.300135 0.190285 0.018556 0
-0.213932 -0.355944 -0.059116 0
-0.332787 0.243409 -0.007622 0
-0.106193 -0.231825 -0.038802 0
-0.781019 0.621433 0.361846 0
-0.462169 0.398801 0.103946 0
-0.149612 -0.166372 -0.022203 0
-0.528334 0.444667 0.115744 0
-0.488185 0.435608 0.128148 0
-0.257296 0.120755 0.039827 0
-0.177216 -0.058362 0.030114 0
-0.147308 -0.510784 -0.036991 0
0.321057 0.155080 -0.037380 0
-0.342867 -0.272306 -0.055206 0
-0.354214 0.273950 0.041454 0
-0.260799 0.182731 0.072564 0
0.153616 0.074054 0.011931 0
-0.034746 -0.108606 -0.015108 0
-0.152748 -0.477911 -0.015855 0
-0.114787 -0.259389 -0.005374 0
-0.519110 -0.260039 -0.179521 0
-0.176287 -0.215552 -0.008748 0
-0.639033 0.520828 0.190834 0
-0.075521 -0.159456 -0.023545 0
-0.580997 0.468751 0.099998 0
-0.343666 0.284224 0.103121 0
-0.508645 0.434852 0.065649 0
-0.231111 0.065061 0.048997 0
-0.254913 0.112151 0.003545 0
-0.389871 0.357147 0.113924 0
-0.583076 0.487662 0.159279 0
-0.726868 0.571542 0.248483 0
-0.298223 -0.301018 -0.035713 0
-0.588182 0.510177 0.197204 0
-0.540009 0.471419 0.165705 0
-0.443503 0.368627 0.042736 0
-0.151096 -0.472112 -0.050228 0
-0.085552 -0.195869 -0.004731 0
-0.322466 0.212738 0.043625 0
-0.205458 -0.039408 0.016373 0
-0.457246 -0.251589 -0.123922 0
-0.127670 -0.318940 -0.019801 0
-0.005729 -0.081169 -0.008210 0
-0.690671 0.537149 0.209813 0
-0.117200 -0.777817 -0.045058 0
-0.421429 -0.234953 -0.109434 0
-0.046726 -0.611904 -0.024007 0
-0.207512 0.002086 0.033490 0
-0.152688 -0.415514 -0.026980 0
-0.341476 0.269492 0.071628 0
0.026431 -0.009321 -0.034228 0
-0.418686 0.349466 0.056715 0
-0.214916 0.018240 -0.010097 0
-0.156023 -0.183373 0.008443 0
-0.322569 0.243174 0.064578 0
-0.144297 -0.569171 -0.040551 0
-0.153793 -0.371997 -0.026814 0
0.357400 0.161186 -0.031063 0
0.531435 0.155950 -0.045147 0
-0.343791 0.266669 0.011124 0
0.438861 0.169728 -0.030270 0
-0.320450 0.221479 0.013260 0
-0.691211 0.560871 0.233011 0
-0.107087 -0.713861 -0.049213 0
-0.143578 -0.237001 -0.021955 0
-0.272792 -0.309493 -0.055678 0
-0.364490 -0.277618 -0.033109 0
-0.137265 -0.737226 -0.050034 0
-0.117097 -0.625826 -0.045538 0
-0.119002 -0.671782 -0.054029 0
0.289648 0.142028 -0.024245 0
-0.050549 -0.146299 -0.011105 0
-0.083920 -0.651519 -0.049609 0
-0.467208 0.393041 0.074313 0
-0.393529 0.333972 0.016209 0
0.166149 0.081688 -0.014870 0
0.072149 0.009643 -0.015580 0
0.024700 -0.556979 -0.047640 0
-0.054502 -0.618444 -0.052445 0
-0.383950 0.318365 0.076796 0
-0.269167 0.147568 -0.000233 0
-0.751407 0.584508 0.287526 0
0.570769 0.156064 -0.027245 0
-0.270926 0.162188 0.053338 0
-0.467217 -0.235755 -0.147169 0
-0.510598 -0.262182 -0.151138 0
-0.229397 0.062270 -0.009438 0
-0.311511 -0.268263 -0.064501 0
-0.106028 -0.837423 -0.059251 0
-0.165037 -0.191236 -0.023592 0
-0.780717 0.619459 0.330270 0
-0.187530 -0.095839 0.014838 0
-0.421186 -0.264849 -0.056826 0
-0.178137 -0.147994 0.006619 0
0.619010 0.159827 -0.016278 0
-0.011315 -0.053341 -0.034749 0
-0.084880 -0.216864 -0.026534 0
-0.260617 -0.331616 -0.041881 0
-0.437069 0.406442 0.115582 0
-0.198119 -0.388110 -0.057955 0
-0.419914 0.368844 0.098425 0
-0.486103 0.411470 0.063345 0
0.336103 0.157072 -0.012724 0
0.117936 0.042114 -0.001493 0
-0.135545 -0.818322 -0.047564 0
0.256154 0.153459 -0.044608 0
-0.200081 -0.010955 -0.013966 0
0.118200 0.066362 -0.040746 0
-0.664145 0.531524 0.202713 0
0.185276 0.096986 -0.046148 0
-0.124350 -0.285928 -0.022931 0
-0.020391 -0.585656 -0.070002 0
0.380868 0.170978 -0.014998 0
-0.142817 -0.613356 -0.036076 0
-0.163635 -0.125949 0.018792 0
-0.120104 -0.516178 -0.039075 0
-0.142376 -0.262682 -0.004927 0
-0.114614 -0.692985 -0.032511 0
-0.538603 0.459152 0.139103 0
-0.553253 0.459207 0.109133 0
-0.218135 -0.360750 -0.015925 0
0.108375 0.026635 0.023994 0
-0.151790 -0.225637 0.002179 0
0.079054 0.025656 -0.041718 0
0.586212 0.140601 -0.043504 0
0.233960 0.119288 -0.021550 0
0.491901 0.162830 -0.039565 0
-0.823935 0.610667 0.445353 0
0.022039 -0.041410 0.004297 0
-0.225243 0.015570 0.018278 0
-0.358964 -0.229553 -0.089022 0
-0.117447 -0.569448 -0.039314 0
-0.272162 0.206946 0.074305 0
-0.484667 0.446127 0.152504 0
-0.393214 -0.257229 -0.075217 0
-0.632847 0.551811 0.222114 0
-0.138657 -0.309238 -0.042041 0
0.287040 0.140976 0.014265 0
-0.613007 0.491832 0.147432 0
-0.588571 0.479921 0.134306 0
-0.791201 0.615909 0.400876 0
-0.129717 -0.762265 -0.062166 0
-0.072304 -0.190701 -0.028054 0
-0.144088 -0.141710 -0.014604 0
-0.366332 0.299958 0.032225 0
0.011629 -0.061762 -0.009124 0
-0.654957 0.509513 0.171111 0
-0.147455 -0.451415 -0.024962 0
-0.304406 0.219519 0.061148 0
-0.400943 0.330693 0.060350 0
-0.112087 -0.693755 -0.065625 0
-0.147071 -0.536492 -0.035625 0
-0.200061 -0.050672 -0.007972 0
-0.097466 -0.236140 -0.015026 0
-0.359081 0.304550 0.106044 0
-0.290855 0.176099 0.042040 0
-0.162095 -0.073801 0.016296 0
-0.145104 -0.121573 0.001258 0
-0.772024 0.596066 0.316637 0
-0.286493 0.170591 0.010651 0
-0.519661 0.437527 0.088163 0
-0.178314 -0.031373 0.017879 0
0.048979 -0.009801 0.023187 0
-0.240500 0.063146 0.024407 0
-0.673296 0.578130 0.234710 0
-0.244793 0.096924 0.044145 0
-0.720243 0.599346 0.252611 0
-0.803274 0.598926 0.361907 0
-0.475042 0.416413 0.115907 0
-0.316059 -0.286332 -0.048024 0
-0.243629 0.084279 0.000820 0
-0.150341 -0.312307 -0.009529 0
-0.191194 -0.084803 -0.011409 0
0.394380 0.168680 -0.066655 0
0.411702 0.165150 -0.038366 0
-0.611568 0.522838 0.191537 0
-0.127418 -0.802657 -0.065112 0
0.436085 0.185847 -0.009070 0
-0.818776 0.608831 0.407740 0
-0.235667 -0.342835 -0.055341 0
-0.039380 -0.106170 -0.039077 0
0.326470 0.160418 -0.060653 0
-0.226457 0.041291 0.034784 0
-0.746906 0.611776 0.291933 0
-0.235520 0.113198 -0.025574 0
0.451227 0.157878 -0.065988 0
-0.508955 0.429386 0.110697 0
-0.199716 -0.406453 -0.036551 0
-0.436882 -0.253328 -0.105586 0
-0.002715 -0.583705 -0.040331 0
-0.170909 -0.434937 -0.052936 0
-0.184164 -0.429061 -0.032898 0
-0.437232 0.385176 0.102280 0
0.034600 -0.028051 -0.012207 0
-0.738807 0.550493 0.251081 0
-0.216117 0.067979 -0.028815 0
-0.298670 0.189136 -0.010063 0
-0.370818 0.317540 0.012463 0
-0.140541 -0.678289 -0.046710 0
-0.741806 0.579786 0.266475 0
-0.441835 -0.265603 -0.075708 0
-0.128676 -0.413999 -0.032255 0
-0.380614 0.303158 0.058104 0
-0.269048 0.154575 -0.022695 0
-0.252548 -0.337417 -0.014367 0
-0.266959 0.127019 0.017000 0
-0.228169 -0.367431 -0.038807 0
-0.150282 -0.346605 -0.013753 0
-0.131199 -0.461974 -0.037843 0
0.089953 0.032081 -0.022211 0
0.204452 0.102598 0.005739 0
-0.366490 -0.269387 -0.054641 0
-0.073359 -0.176331 -0.006895 0
-0.098086 -0.680653 -0.049727 0
-0.425063 0.354820 0.080168 0
-0.768563 0.568682 0.280574 0
-0.099897 -0.213685 -0.009286 0
-0.114942 -0.251874 -0.027201 0
0.252040 0.122330 -0.001702 0
0.479097 0.151479 -0.063024 0
-0.404559 0.339868 0.039640 0
-0.031908 -0.115753 0.021041 0
-0.587743 0.505577 0.174772 0
-0.343626 0.251521 0.051329 0
0.593483 0.149753 -0.023863 0
-0.159512 -0.214630 -0.024214 0
0.088387 0.015697 0.022485 0
0.277522 0.134559 -0.006433 0
-0.453981 0.379383 0.059807 0
-0.477842 -0.260500 -0.103360 0
-0.207501 -0.379150 -0.007880 0
-0.240697 0.117561 0.070326 0
-0.114586 -0.652132 -0.043575 0
-0.642347 0.540683 0.204828 0
-0.261341 0.142091 0.049415 0
0.237977 0.141656 -0.038249 0
0.326197 0.164036 0.006292 0
0.216498 0.105770 -0.017042 0
0.493484 0.181802 -0.008860 0
-0.561890 0.481005 0.155641 0
-0.130653 -0.584392 -0.029063 0
-0.016325 -0.592594 -0.022758 0
-0.094258 -0.168818 -0.042078 0
-0.065218 -0.620682 -0.011098 0
-0.172558 -0.160653 -0.018854 0
0.630752 0.135964 -0.020084 0
-0.154253 -0.262752 -0.023739 0
-0.343367 -0.255854 -0.070104 0
-0.210154 -0.027276 -0.001558 0
-0.520229 0.462349 0.169799 0
-0.400988 -0.241661 -0.093919 0
-0.063643 -0.148081 0.006626 0
-0.265629 0.106563 0.025176 0
0.526751 0.185173 -0.012417 0
0.109226 0.046275 -0.021257 0
0.200719 0.112908 -0.035827 0
-0.092847 -0.643784 -0.022273 0
-0.200361 0.014927 0.053383 0
0.071007 0.004793 0.005762 0
-0.202570 -0.018431 0.028080 0
-0.308147 0.188954 0.038912 0
0.137479 0.060028 0.008036 0
-0.127275 -0.717854 -0.042283 0
-0.137882 -0.628161 -0.051341 0
0.014839 -0.561456 -0.008041 0
-0.468453 0.437487 0.138191 0
0.166912 0.088784 0.023332 0
-0.009585 -0.076377 0.012475 0
-0.633502 0.509135 0.173065 0
-0.135293 -0.497022 -0.023675 0
-0.161108 -0.162852 0.012182 0
-0.486212 -0.250948 -0.147864 0
-0.149721 -0.392326 -0.019613 0
-0.173263 -0.443344 -0.014174 0
-0.132511 -0.315342 0.001803 0
0.180708 0.087941 -0.000583 0
-0.141413 -0.284642 -0.007079 0
0.243101 0.111418 0.017096 0
-0.142205 -0.180712 -0.007560 0
-0.187330 -0.074930 0.021329 0
-0.116689 -0.729501 -0.060005 0
-0.151586 -0.488669 -0.034468 0
-0.175399 -0.005810 0.024860 0
0.466874 0.172557 -0.027684 0
-0.712579 0.558405 0.240200 0
-0.595697 0.475052 0.113757 0
-0.362633 0.279103 0.060063 0
-0.070982 -0.634923 -0.050170 0
-0.221663 0.041804 -0.011281 0
0.143596 0.077499 -0.035178 0
-0.023211 -0.098126 0.000350 0
0.049303 -0.003203 -0.021627 0
-0.304474 0.242199 0.080792 0
-0.199471 -0.101574 -0.001923 0
-0.061195 -0.613637 -0.073613 0
0.550556 0.161023 -0.029441 0
-0.046507 -0.126254 -0.015535 0
-0.086007 -0.650924 -0.070410 0
0.659795 0.130141 -0.008086 0
-0.440936 -0.238822 -0.120024 0
-0.136143 -0.336937 -0.027435 0
0.018582 -0.566080 -0.027889 0
-0.433411 0.362924 0.062028 0
-0.132409 -0.371707 -0.028398 0
-0.165145 -0.275955 -0.012170 0
-0.154405 -0.203634 0.006026 0
-0.766280 0.594823 0.297058 0
-0.104924 -0.248057 0.008464 0
-0.120976 -0.782732 -0.064487 0
-0.161068 -0.466832 -0.033282 0
-0.255875 0.161566 0.066972 0
-0.108291 -0.767125 -0.059857 0
-0.409976 -0.219205 -0.115181 0
-0.165724 -0.234189 -0.018826 0
-0.789499 0.615106 0.379139 0
-0.118752 -0.823918 -0.067416 0
0.339742 0.158793 -0.044305 0
0.529565 0.170369 -0.025942 0
-0.310536 0.206055 0.004702 0
-0.136270 -0.425189 -0.017238 0
-0.633237 0.496784 0.134944 0
-0.509756 0.442530 0.126005 0
-0.378149 -0.235819 -0.088607 0
-0.101618 -0.212173 -0.038453 0
-0.811931 0.615669 0.460856 0
-0.325856 0.224170 -0.005972 0
-0.124935 -0.840748 -0.045557 0
0.035495 -0.025689 0.008088 0
0.368466 0.163844 -0.049999 0
-0.280187 -0.313440 -0.037376 0
0.298645 0.153137 -0.038770 0
-0.195737 -0.056663 0.020532 0
-0.027776 -0.089900 -0.019252 0
0.570239 0.177826 -0.012632 0
-0.311420 0.208326 0.025317 0
-0.564571 0.462108 0.090827 0
0.511597 0.160874 -0.041871 0
-0.345663 -0.282703 -0.037144 0
-0.183845 -0.140039 -0.010707 0
-0.384951 0.337458 0.102308 0
-0.177437 -0.194584 -0.004975 0
-0.787995 0.584513 0.318992 0
-0.143760 -0.432734 -0.034734 0
-0.373939 0.318710 0.094801 0
-0.180171 -0.115586 0.015587 0
-0.220137 0.053286 0.060426 0
-0.197959 0.025032 -0.025333 0
-0.292695 -0.307015 -0.017799 0
-0.214306 0.021071 0.038454 0
-0.127555 -0.753993 -0.044521 0
-0.125669 -0.795408 -0.046595 0
-0.085331 -0.176321 -0.025685 0
-0.599789 0.522949 0.208423 0
0.151540 0.064981 -0.009452 0
-0.277994 0.179770 0.057912 0
-0.039410 -0.606522 -0.055490 0
-0.198748 -0.395762 -0.012841 0
-0.137968 -0.299597 -0.025045 0
-0.133722 -0.553662 -0.045475 0
-0.123986 -0.609291 -0.033765 0
-0.133343 -0.472060 -0.021412 0
-0.128447 -0.284945 -0.041851 0
-0.146075 -0.161928 -0.001202 0
-0.009965 -0.578963 -0.003380 0
-0.328701 0.231252 0.050615 0
-0.072409 -0.147192 -0.038141 0
0.015701 -0.046563 0.025032 0
-0.188299 -0.062245 -0.017854 0
-0.191063 -0.003950 0.047822 0
-0.479930 0.406458 0.090550 0
-0.330300 0.269516 0.092948 0
-0.348718 0.285594 0.084765 0
-0.226973 0.029190 0.002515 0
0.313271 0.147941 -0.019786 0
-0.691455 0.524227 0.192566 0
-0.275083 -0.299223 -0.072763 0
-0.136115 -0.661012 -0.053268 0
-0.010706 -0.067442 -0.022034 0
-0.331398 0.240601 0.013889 0
-0.210219 -0.373364 -0.047176 0
-0.081989 -0.186350 0.011246 0
-0.451981 0.383122 0.090591 0
-0.149043 -0.245557 -0.000686 0
-0.569428 0.492338 0.172902 0
-0.401143 0.372216 0.115002 0
0.433735 0.164253 -0.050040 0
-0.129694 -0.526716 -0.026776 0
-0.150129 -0.101117 0.007840 0
-0.536283 0.447033 0.097764 0
-0.088523 -0.207229 0.009941 0
-0.406488 0.355856 0.096427 0
0.178438 0.093086 -0.026301 0
0.451601 0.177113 -0.017770 0
-0.139901 -0.328888 -0.009672 0
-0.177534 -0.038561 0.035156 0
-0.626749 0.534294 0.195030 0
-0.160528 -0.453943 -0.047748 0
0.302826 0.160588 -0.055866 0
-0.355095 0.286799 0.021794 0
-0.270274 0.135543 0.033205 0
-0.259480 0.131800 -0.001917 0
-0.144316 -0.590271 -0.040183 0
-0.710670 0.578225 0.242364 0
-0.456926 0.379412 0.035817 0
0.397145 0.168940 -0.023645 0
-0.038438 -0.115844 0.001556 0
-0.785567 0.607125 0.346487 0
-0.230703 0.078031 0.064708 0
-0.122296 -0.276377 0.000135 0
-0.161958 -0.305496 -0.022151 0
-0.702606 0.546303 0.223412 0
-0.343202 -0.239869 -0.079519 0
-0.625165 0.500668 0.158081 0
-0.680572 0.546955 0.221625 0
-0.133171 -0.629221 -0.033614 0
0.270081 0.145068 -0.034665 0
-0.047573 -0.608428 -0.006003 0
-0.308187 -0.297273 -0.019180 0
-0.134530 -0.496553 -0.041936 0
-0.577916 0.471799 0.117714 0
0.215528 0.103016 0.020174 0
-0.287324 -0.296962 -0.055160 0
-0.382102 -0.264147 -0.062263 0
-0.504361 -0.252486 -0.168162 0
-0.127811 -0.644828 -0.053605 0
-0.114979 -0.823461 -0.048375 0
-0.112932 -0.272462 -0.017696 0
0.363538 0.163554 -0.013996 0
-0.498329 0.425358 0.078374 0
-0.647750 0.564991 0.225770 0
-0.341633 0.259278 0.030164 0
-0.735097 0.548143 0.232298 0
-0.140739 -0.364184 -0.011765 0
-0.141194 -0.275942 -0.023560 0
-0.062848 -0.161757 -0.007626 0
-0.202559 0.006937 -0.016642 0
-0.137315 -0.224397 -0.008367 0
0.397579 0.181153 -0.003325 0
-0.575584 0.498374 0.192496 0
-0.119322 -0.734904 -0.042207 0
-0.130867 -0.559298 -0.027929 0
-0.136804 -0.523067 -0.044593 0
-0.061861 -0.140049 -0.023433 0
-0.210017 -0.054203 0.007485 0
-0.325712 0.256995 0.075292 0
-0.239406 0.080004 0.043760 0
-0.656712 0.521271 0.189422 0
-0.162914 -0.462098 -0.016289 0
-0.500247 0.446570 0.141236 0
-0.246381 0.116942 -0.012114 0
-0.241139 0.100152 -0.009524 0
-0.546848 0.475270 0.181481 0
-0.498898 0.453388 0.159856 0
-0.129625 -0.666201 -0.037832 0
0.011728 -0.024467 -0.033764 0
0.146304 0.066921 0.026120 0
-0.469677 -0.249197 -0.136278 0
-0.098147 -0.245633 -0.031734 0
-0.193541 -0.035554 0.028876 0
-0.143520 -0.358534 -0.031123 0
-0.013283 -0.587295 -0.053633 0
-0.095435 -0.202475 -0.024642 0
-0.357266 0.263395 0.055017 0
-0.461425 -0.260543 -0.108969 0
-0.130403 -0.578269 -0.048638 0
-0.708689 0.536339 0.210635 0
-0.137483 -0.407479 -0.015514 0
-0.237255 0.057103 0.007517 0
-0.524793 0.442632 0.072459 0
-0.143590 -0.320653 -0.026313 0
-0.549259 0.470049 0.147240 0
-0.134606 -0.776406 -0.053547 0
-0.425389 -0.218039 -0.122872 0
0.000947 -0.051221 -0.022784 0
-0.106748 -0.789998 -0.051362 0
-0.103729 -0.222935 -0.024155 0
0.379319 0.175692 0.001501 0
-0.140221 -0.401360 -0.033819 0
-0.123121 -0.713597 -0.059202 0
-0.289033 0.217946 0.068632 0
-0.364482 0.305349 0.089624 0
-0.426022 0.355931 0.042620 0
-0.220445 0.005419 0.002553 0
0.485527 0.175461 -0.022645 0
0.106696 0.031537 -0.011281 0
-0.322751 0.225796 0.029631 0
-0.183960 -0.158169 -0.005809 0
0.067063 0.015266 -0.031537 0
0.001271 -0.038590 -0.034612 0
-0.721685 0.584076 0.260078 0
-0.182427 -0.122648 -0.014555 0
-0.302295 -0.284337 -0.057821 0
-0.134500 -0.479327 -0.039403 0
-0.056579 -0.620834 -0.034549 0
-0.127093 -0.299392 -0.012066 0
-0.292373 0.161441 0.033735 0
-0.401263 -0.264231 -0.062091 0
-0.213595 -0.007236 0.020776 0
-0.133463 -0.610509 -0.050696 0
-0.676758 0.564720 0.221493 0
-0.369218 0.291583 0.050870 0
-0.671210 0.511863 0.167429 0
-0.495147 0.420541 0.114333 0
-0.129826 -0.452793 -0.022116 0
0.549095 0.152827 -0.044001 0
-0.140678 -0.253422 -0.020228 0
-0.124234 -0.687630 -0.055829 0
-0.123774 -0.746617 -0.061568 0
-0.139215 -0.381203 -0.012803 0
-0.252653 0.094670 0.012673 0
-0.172392 -0.173741 0.004749 0
-0.452854 0.411155 0.112848 0
-0.033667 -0.602433 -0.019746 0
-0.247793 0.125222 0.057331 0
-0.145753 -0.552472 -0.031207 0
-0.212388 -0.024154 0.014617 0
-0.786020 0.603173 0.329510 0
-0.597187 0.495755 0.165252 0
0.063456 -0.003848 -0.011397 0
-0.230659 -0.349997 -0.015054 0
-0.692461 0.579291 0.231723 0
-0.574571 0.479639 0.145165 0
-0.817187 0.609219 0.425771 0
0.040088 -0.000527 -0.037129 0
-0.376039 0.313279 0.029831 0
-0.093817 -0.661436 -0.040612 0
0.373762 0.161675 -0.029289 0
-0.501683 -0.262687 -0.137317 0
-0.454820 -0.233191 -0.136665 0
0.165812 0.080721 0.003209 0
-0.278037 0.154632 0.011608 0
-0.749493 0.600013 0.280828 0
-0.339539 0.259088 -0.002757 0
0.119691 0.057683 -0.026575 0
-0.524416 0.453872 0.132926 0
-0.120379 -0.502829 -0.029640 0
0.013558 -0.568938 -0.047701 0
0.334671 0.152773 -0.028416 0
-0.260434 -0.320350 -0.058910 0
-0.049473 -0.133323 -0.001145 0
-0.197600 -0.086258 0.006230 0
0.374758 0.167656 -0.064514 0
-0.307734 0.208373 0.048908 0
-0.046471 -0.116173 -0.028215 0
-0.165912 -0.141551 0.015070 0
-0.192478 -0.401881 -0.050285 0
-0.269397 -0.323572 -0.030167 0
-0.768388 0.613118 0.318941 0
-0.800574 0.612636 0.413614 0
-0.328204 -0.259641 -0.066043 0
-0.298860 -0.267052 -0.074441 0
-0.595548 0.487889 0.149057 0
-0.153679 -0.295017 -0.008311 0
-0.438534 0.364703 0.027929 0
-0.165124 -0.173876 -0.024251 0
-0.148649 -0.130824 0.015641 0
0.034763 -0.553245 -0.035413 0
-0.131888 -0.829677 -0.060199 0
-0.350406 0.279781 0.004704 0
-0.544493 0.456550 0.122265 0
-0.032571 -0.595947 -0.065360 0
-0.242134 0.105815 0.057458 0
-0.623309 0.514345 0.184222 0
-0.118619 -0.839747 -0.069630 0
-0.124944 -0.683205 -0.039748 0
-0.388736 0.316693 0.060176 0
0.538581 0.147360 -0.056475 0
-0.000337 -0.067287 0.003266 0
-0.117392 -0.585383 -0.037760 0
-0.176265 -0.088191 0.023003 0
-0.740529 0.567103 0.255118 0
-0.107701 -0.698267 -0.046808 0
-0.598092 0.515951 0.186362 0
-0.312337 -0.293051 -0.033799 0
-0.127276 -0.699481 -0.041134 0
-0.495461 0.423725 0.060142 0
-0.440508 -0.261300 -0.092514 0
-0.137094 -0.446784 -0.037045 0
0.085630 0.013577 -0.008517 0
-0.374736 0.306375 0.072515 0
-0.426521 -0.263841 -0.072772 0
-0.411405 0.341909 0.068380 0
-0.311045 -0.255677 -0.073834 0
0.114727 0.037511 0.014677 0
0.400833 0.166718 -0.050862 0
-0.661582 0.546689 0.207087 0
-0.480649 -0.232844 -0.154582 0
-0.121580 -0.639892 -0.036881 0
0.164850 0.086235 -0.029759 0
0.251278 0.122253 -0.017983 0
-0.418872 -0.245940 -0.098704 0
0.219481 0.118697 -0.028568 0
-0.464358 0.424213 0.124066 0
-0.078255 -0.204178 -0.020509 0
0.342676 0.165482 -0.001455 0
-0.186515 -0.415502 -0.040244 0
-0.446198 0.396572 0.107737 0
-0.145643 -0.192627 -0.020057 0
-0.425427 0.390630 0.110659 0
-0.093277 -0.662621 -0.058314 0
0.290797 0.141404 -0.002464 0
-0.132138 -0.538310 -0.044935 0
0.425013 0.175317 -0.021181 0
-0.155210 -0.343298 -0.028390 0
-0.386148 0.328488 0.088224 0
-0.422465 0.406084 0.120513 0
-0.260898 0.144173 -0.012790 0
-0.091453 -0.231000 -0.028818 0
-0.164177 -0.215405 0.000771 0
-0.293001 0.174889 0.026250 0
0.416065 0.167175 -0.053106 0
-0.232487 0.077432 -0.010983 0
-0.181126 -0.427601 -0.016673 0
-0.233243 -0.353572 -0.043120 0
-0.113188 -0.797046 -0.063787 0
0.229924 0.129608 -0.033186 0
-0.139611 -0.801837 -0.043304 0
0.635377 0.158213 -0.015136 0
0.025953 -0.040852 -0.010519 0
0.123330 0.048788 -0.014651 0
-0.604492 0.485174 0.136584 0
-0.382006 0.324854 0.020475 0
0.510975 0.183313 -0.009681 0
-0.164540 -0.232483 -0.003673 0
-0.353740 -0.265029 -0.063099 0
-0.144801 -0.220146 -0.020920 0
0.583861 0.160624 -0.019400 0
-0.212771 -0.008541 -0.003802 0
-0.737610 0.591727 0.276324 0
-0.272915 0.191738 0.065729 0
-0.329210 -0.279172 -0.050290 0
-0.058982 -0.139633 0.019530 0
-0.085826 -0.191023 -0.019043 0
0.516061 0.152704 -0.053769 0
-0.529920 0.464175 0.150368 0
-0.227451 0.031565 0.023313 0
-0.757715 0.606127 0.302110 0
-0.218117 -0.372708 -0.028535 0
-0.377247 -0.271419 -0.044372 0
-0.141469 -0.382933 -0.032531 0
-0.308608 0.232755 0.066819 0
0.270881 0.156276 -0.044640 0
-0.123390 -0.273638 -0.033432 0
-0.143354 -0.194145 0.002567 0
-0.152241 -0.111229 0.020595 0
-0.754398 0.576923 0.274994 0
-0.107262 -0.242519 -0.005707 0
-0.140638 -0.156848 -0.014159 0
-0.211362 0.033168 -0.017769 0
0.027284 -0.020651 -0.022861 0
0.448383 0.165588 -0.047785 0
-0.763669 0.577650 0.292416 0
-0.246036 -0.344811 -0.041849 0
-0.251970 0.099376 0.031360 0
0.237362 0.116025 -0.007454 0
-0.067051 -0.623200 -0.063871 0
-0.404739 -0.228356 -0.104718 0
-0.439204 0.421730 0.123282 0
0.604489 0.162715 -0.017355 0
0.262131 0.129690 -0.011160 0
-0.033383 -0.094030 -0.033075 0
-0.467955 0.396010 0.088775 0
-0.180768 -0.129353 0.010261 0
-0.391487 0.330036 0.030540 0
0.572085 0.144449 -0.041783 0
0.076791 0.022612 -0.023248 0
-0.175447 -0.049429 0.016287 0
-0.083303 -0.642625 -0.033864 0
-0.144432 -0.213009 0.000412 0
-0.110876 -0.759720 -0.046312 0
-0.137628 -0.511517 -0.024542 0
0.132424 0.068319 -0.032565 0
-0.246439 0.075194 0.012019 0
-0.157044 -0.248337 -0.023214 0
0.152901 0.075434 -0.019685 0
-0.085964 -0.159011 -0.034969 0
-0.409362 0.342071 0.022717 0
-0.152852 -0.087118 0.011250 0
-0.316009 0.222560 0.052360 0
-0.140229 -0.439017 -0.019909 0
-0.337071 0.253688 0.017095 0
0.619636 0.145289 -0.017588 0
-0.348378 0.272955 0.028100 0
0.126319 0.051239 0.011437 0
0.012131 -0.050017 0.010654 0
-0.037381 -0.608640 -0.041205 0
-0.480383 0.407081 0.106101 0
0.196545 0.096530 -0.004830 0
-0.166805 -0.192836 0.004771 0
-0.215910 -0.038278 0.006350 0
-0.266517 -0.310932 -0.072210 0
-0.255057 -0.335455 -0.028525 0
-0.643189 0.553652 0.211280 0
-0.807231 0.613656 0.447283 0
-0.710341 0.593745 0.241898 0
-0.465304 0.387771 0.056447 0
-0.190740 -0.112043 -0.006821 0
-0.292256 0.182610 0.001163 0
-0.777524 0.621051 0.344305 0
0.132240 0.052995 -0.003476 0
-0.273654 0.159249 -0.007462 0
-0.521392 0.438513 0.102470 0
-0.400624 0.322353 0.072138 0
-0.167305 -0.068826 0.030418 0
-0.105955 -0.256421 -0.016325 0
-0.264683 0.172132 0.062795 0
-0.276815 0.155574 0.042015 0
-0.105243 -0.226858 -0.007179 0
-0.473667 -0.256634 -0.124662 0
-0.072410 -0.165219 0.002503 0
-0.143989 -0.468415 -0.038308 0
0.002943 -0.568496 -0.004321 0
-0.353810 0.295375 0.093878 0
-0.486154 0.414615 0.080627 0
0.173172 0.089700 -0.041655 0
-0.167121 -0.289018 -0.018369 0
-0.145644 -0.135811 0.001077 0
-0.015192 -0.085470 0.001513 0
-0.173474 -0.102515 0.020991 0
-0.555531 0.482341 0.168277 0
-0.478826 0.402295 0.053907 0
0.475479 0.166527 -0.037202 0
-0.164294 -0.150183 -0.023598 0
0.560244 0.169927 -0.020667 0
-0.337444 0.257780 0.062416 0
-0.638645 0.504414 0.160184 0
-0.008958 -0.084594 0.023971 0
-0.408359 -0.259736 -0.073459 0
0.354723 0.161743 -0.044926 0
-0.270848 -0.322261 -0.044607 0
-0.104528 -0.260288 -0.031683 0
-0.649209 0.529105 0.200595 0
-0.677875 0.529457 0.200249 0
-0.107149 -0.728142 -0.049711 0
0.060069 -0.002256 0.011182 0
-0.122791 -0.470834 -0.030747 0
0.303876 0.150031 0.011605 0
-0.370855 -0.225317 -0.095201 0
0.043384 -0.014427 -0.015590 0
0.425574 0.166454 -0.033450 0
-0.383739 0.344806 0.116635 0
0.349848 0.161413 -0.016273 0
-0.800690 0.605427 0.374028 0
-0.120016 -0.533140 -0.040226 0
0.284749 0.151557 -0.039026 0
-0.661440 0.572242 0.230217 0
0.598492 0.136441 -0.037824 0
0.581007 0.147501 -0.031343 0
-0.028507 -0.105010 0.012800 0
-0.174774 -0.183597 -0.014508 0
0.646443 0.135443 -0.011017 0
-0.143975 -0.175269 0.005153 0
-0.138128 -0.239373 -0.009350 0
-0.153256 -0.359504 -0.018035 0
-0.476843 0.402759 0.076805 0
-0.761027 0.615219 0.292123 0
-0.250396 -0.331318 -0.051284 0
-0.509101 0.430254 0.093501 0
-0.134815 -0.720582 -0.056537 0
0.186265 0.089437 -0.014862 0
-0.018407 -0.066692 -0.037255 0
0.059486 0.006584 -0.020315 0
-0.387373 -0.247879 -0.083615 0
0.049693 -0.012327 0.009584 0
-0.233028 0.053378 0.030762 0
-0.790447 0.607350 0.359428 0
-0.552322 0.455775 0.091835 0
0.501444 0.168379 -0.031043 0
-0.231304 0.043041 0.001179 0
0.488229 0.155704 -0.053601 0
-0.454512 0.381823 0.073357 0
-0.158658 -0.260723 -0.005357 0
0.272932 0.135272 -0.023075 0
-0.106698 -0.675249 -0.036535 0
-0.625838 0.543134 0.214046 0
-0.120003 -0.554736 -0.040048 0
-0.356952 -0.275836 -0.047136 0
-0.200210 -0.391375 -0.044769 0
-0.514812 -0.261282 -0.164182 0
0.464450 0.156396 -0.058792 0
-0.273440 0.142665 0.016519 0
0.299388 0.145047 -0.015074 0
-0.115797 -0.598845 -0.039827 0
0.269754 0.129452 0.003788 0
-0.223582 0.050710 0.047420 0
-0.256011 0.149498 0.059612 0
0.437908 0.160084 -0.068130 0
-0.222394 0.080070 -0.028116 0
-0.326840 -0.286744 -0.036148 0
-0.155544 -0.201062 -0.024130 0
0.084958 0.016307 0.004805 0
0.456063 0.166940 -0.036628 0
-0.152782 -0.333232 -0.014128 0
-0.102972 -0.680844 -0.070308 0
0.660370 0.143524 -0.005783 0
-0.452820 -0.221046 -0.142419 0
-0.352308 0.279499 0.068873 0
-0.137028 -0.311469 -0.011994 0
-0.362066 0.288121 0.037240 0
-0.407857 0.340054 0.052771 0
-0.281896 -0.314931 -0.023957 0
-0.191408 -0.409370 -0.025143 0
-0.483515 0.441355 0.139896 0
-0.142159 -0.485017 -0.025511 0
-0.174401 -0.202869 -0.015196 0
-0.363008 0.305300 0.020295 0
-0.216863 0.056812 -0.021296 0
-0.080577 -0.641818 -0.058354 0
-0.049760 -0.611330 -0.062854 0
0.157213 0.078459 0.024133 0
-0.697979 0.570212 0.239988 0
-0.222762 0.001248 0.015135 0
0.314456 0.157945 0.009060 0
-0.728662 0.572733 0.261954 0
-0.159754 -0.085672 0.026508 0
-0.477316 0.427438 0.125502 0
-0.413844 0.377810 0.106366 0
-0.116948 -0.708042 -0.041642 0
-0.373768 0.303413 0.042848 0
0.254258 0.120525 0.012432 0
0.323677 0.156653 -0.007695 0
0.098666 0.041624 -0.028062 0
0.105760 0.034134 0.005348 0
-0.808973 0.607103 0.398820 0
0.314866 0.160365 -0.047959 0
-0.155766 -0.062070 0.015777 0
-0.446381 -0.249970 -0.114285 0
-0.263974 -0.329930 -0.015225 0
-0.145305 -0.521637 -0.028461 0
-0.430922 0.368660 0.090987 0
0.095406 0.022702 0.012944 0
0.244543 0.128864 -0.027320 0
-0.168988 -0.062449 0.016823 0
-0.327224 0.231857 0.004854 0
-0.727379 0.595611 0.268862 0
-0.671387 0.540838 0.214307 0
-0.777867 0.589882 0.306495 0
-0.130042 -0.598045 -0.030298 0
0.036766 -0.009351 -0.025963 0
-0.109351 -0.237137 -0.027109 0
-0.304772 0.197163 0.029110 0
0.227750 0.136360 -0.044733 0
-0.010368 -0.577064 -0.070622 0
-0.235249 0.026469 0.013946 0
-0.282551 0.169255 -0.001872 0
-0.116526 -0.810977 -0.066121 0
-0.111012 -0.682086 -0.047639 0
-0.290921 0.181892 -0.019951 0
0.543560 0.170693 -0.023891 0
-0.196016 -0.068754 -0.009410 0
-0.500039 0.430365 0.121588 0
-0.154079 -0.274132 -0.005320 0
-0.285162 0.163637 0.022972 0
-0.217055 0.011872 0.027866 0
-0.053578 -0.127515 -0.026511 0
-0.699854 0.529809 0.200946 0
-0.243141 0.124443 -0.024285 0
-0.378897 -0.257549 -0.073095 0
-0.347403 0.260507 0.042613 0
0.411957 0.169474 -0.026034 0
-0.227472 -0.359818 -0.028209 0
-0.658535 0.507644 0.158689 0
-0.005634 -0.585230 -0.023931 0
-0.561777 0.464421 0.117492 0
-0.155770 -0.122122 0.008712 0
-0.314585 0.200167 0.040395 0
-0.155852 -0.275750 -0.022954 0
-0.016124 -0.090111 -0.010604 0
-0.288342 0.185208 0.052215 0
-0.237532 0.069549 0.036261 0
0.407293 0.167417 -0.067406 0
0.562539 0.151240 -0.036008 0
-0.282663 0.200840 0.064656 0
-0.165414 -0.088687 0.013979 0
0.109140 0.057145 -0.040103 0
-0.825677 0.613866 0.460212 0
-0.364599 -0.240754 -0.082467 0
-0.199571 -0.007745 0.036106 0
-0.535302 0.468985 0.177463 0
-0.376396 0.291328 0.061568 0
0.016031 -0.051082 -0.001733 0
0.189320 0.102368 -0.030814 0
0.519084 0.165452 -0.032449 0
-0.727888 0.552533 0.242017 0
-0.124798 -0.286448 -0.007481 0
-0.331055 0.243299 0.054903 0
-0.136497 -0.272558 -0.010654 0
-0.796839 0.611653 0.389089 0
0.007272 -0.576133 -0.037571 0
-0.079357 -0.203084 -0.033242 0
-0.096100 -0.203477 -0.002520 0
-0.134127 -0.543852 -0.026599 0
0.422199 0.186805 -0.009149 0
-0.541550 0.452689 0.110408 0
-0.088215 -0.211297 -0.015491 0
-0.121245 -0.614112 -0.049383 0
-0.488899 -0.258027 -0.137561 0
-0.443873 0.371839 0.061869 0
-0.338802 0.275315 0.085373 0
0.229106 0.109919 0.017293 0
-0.012763 -0.591505 -0.039151 0
-0.250602 0.110815 0.044249 0
-0.748577 0.556616 0.256561 0
-0.147605 -0.464159 -0.025649 0
-0.068105 -0.148582 0.018573 0
-0.171330 -0.263483 -0.015568 0
-0.119798 -0.264275 -0.024616 0
-0.330045 -0.271054 -0.060059 0
0.001633 -0.069468 -0.010724 0
-0.517967 0.437293 0.115713 0
-0.207604 -0.382567 -0.020123 0
-0.148855 -0.428034 -0.024083 0
-0.136955 -0.296904 -0.039538 0
0.339772 0.162933 -0.056301 0
-0.058150 -0.619619 -0.021580 0
0.502236 0.157637 -0.049779 0
-0.129030 -0.571844 -0.029771 0
-0.185952 -0.137037 0.001627 0
-0.130042 -0.817174 -0.060776 0
-0.146844 -0.805459 -0.056800 0
0.194656 0.105611 -0.044181 0
-0.224634 0.067010 0.063575 0
-0.127233 -0.379701 -0.020101 0
0.176128 0.089641 0.011057 0
-0.448336 -0.258588 -0.105023 0
-0.354626 -0.252028 -0.074313 0
-0.758116 0.603164 0.289856 0
-0.579376 0.498122 0.167771 0
-0.238272 0.087640 0.053713 0
0.002693 -0.577157 -0.049629 0
-0.206924 -0.040431 -0.002182 0
-0.015547 -0.078285 -0.017938 0
0.086168 0.033475 -0.034933 0
-0.395579 0.332179 0.078385 0
0.480712 0.178092 -0.008236 0
-0.242381 -0.343456 -0.018709 0
-0.061948 -0.628820 -0.043950 0
-0.280059 0.169147 0.048282 0
-0.196805 -0.069787 0.014467 0
-0.129776 -0.341807 -0.017141 0
-0.416334 0.358131 0.088517 0
-0.128903 -0.427337 -0.034159 0
-0.150097 -0.307469 -0.025608 0
0.242343 0.118563 0.006858 0
-0.395920 0.331183 0.042180 0
-0.300854 0.193303 0.001526 0
-0.070364 -0.621172 -0.078707 0
-0.200138 -0.396360 -0.025249 0
-0.117398 -0.811293 -0.046921 0
-0.175296 -0.435714 -0.038636 0
-0.393492 0.339283 0.092855 0
0.386207 0.164669 -0.027873 0
-0.199083 0.036704 -0.029572 0
-0.141195 -0.420557 -0.035109 0
0.203070 0.100514 0.017931 0
-0.107445 -0.818959 -0.059899 0
0.138009 0.057270 0.020143 0
-0.112742 -0.665385 -0.045425 0
-0.622115 0.491305 0.135413 0
-0.302702 -0.295505 -0.045886 0
-0.174658 -0.229058 -0.009977 0
-0.138602 -0.690458 -0.048107 0
0.208942 0.119085 -0.045831 0
-0.627106 0.497501 0.146259 0
-0.244607 0.053084 0.018496 0
-0.715129 0.567681 0.248290 0
-0.398717 0.359650 0.105668 0
-0.032462 -0.119463 -0.009682 0
-0.238101 0.071027 -0.002041 0
0.476594 0.159000 -0.049467 0
-0.031458 -0.592330 -0.077105 0
-0.075146 -0.627609 -0.013355 0
-0.795661 0.598524 0.349963 0
-0.191088 -0.105779 0.006039 0
-0.151989 -0.400094 -0.028877 0
0.012610 -0.563590 -0.058729 0
-0.433708 -0.228950 -0.121059 0
-0.297395 0.229498 0.070612 0
-0.151971 -0.147550 -0.021964 0
-0.533303 0.446367 0.085622 0
0.201378 0.108512 -0.024210 0
-0.150261 -0.181557 -0.022580 0
-0.125973 -0.632781 -0.052398 0
-0.289778 -0.304778 -0.043742 0
-0.081523 -0.641764 -0.077183 0
-0.534840 0.448510 0.125366 0
-0.204948 -0.369594 -0.057531 0
-0.115290 -0.701628 -0.056865 0
-0.131291 -0.672182 -0.054227 0
0.024874 -0.558843 -0.018361 0
-0.369853 -0.263568 -0.064826 0
0.399973 0.167747 -0.036234 0
0.278390 0.132712 0.011896 0
-0.430205 -0.243802 -0.109241 0
-0.463549 -0.224782 -0.151010 0
-0.095775 -0.216303 0.001879 0
-0.730357 0.560746 0.252987 0
0.304976 0.148645 -0.029384 0
-0.243672 -0.335858 -0.061301 0
-0.315637 -0.278270 -0.057132 0
0.536774 0.162267 -0.031446 0
0.669993 0.137212 -0.001850 0
-0.073129 -0.169301 -0.016831 0
-0.244109 0.079307 0.029751 0
-0.297551 -0.277431 -0.066604 0
0.325952 0.152674 -0.018933 0
-0.735630 0.607855 0.283159 0
-0.019967 -0.587842 -0.006105 0
-0.392403 0.347405 0.101793 0
-0.662151 0.515108 0.179108 0
-0.133000 -0.792098 -0.055664 0
0.217734 0.106679 -0.001664 0
-0.155104 -0.478069 -0.029784 0
-0.548767 0.461287 0.132899 0
-0.334745 0.246790 0.004051 0
-0.159297 -0.108252 0.011182 0
-0.078505 -0.181394 -0.016588 0
0.254095 0.144828 -0.036429 0
-0.125839 -0.828717 -0.048237 0
-0.417979 0.350012 0.035856 0
-0.264959 0.122158 0.030619 0
-0.121205 -0.764947 -0.042975 0
-0.135565 -0.837047 -0.051408 0
-0.609488 0.498051 0.157127 0
0.437306 0.178685 -0.018655 0
0.059128 -0.003424 0.024107 0
0.120710 0.039137 0.024974 0
-0.176988 -0.159649 0.003959 0
-0.453272 0.390523 0.099961 0
-0.599628 0.506807 0.175976 0
0.362779 0.165250 -0.063399 0
0.575580 0.169387 -0.019277 0
-0.476611 -0.243878 -0.149031 0
-0.126967 -0.654566 -0.036805 0
-0.113907 -0.753354 -0.060809 0
-0.714142 0.549649 0.230949 0
-0.441728 0.377619 0.093379 0
-0.217082 -0.363658 -0.048524 0
-0.045328 -0.117004 -0.040091 0
-0.199062 0.003924 0.043696 0
-0.453643 0.419692 0.121289 0
0.388468 0.166938 -0.056413 0
-0.121831 -0.456780 -0.030051 0
-0.126353 -0.406360 -0.023367 0
-0.157592 -0.149993 0.013581 0
-0.812755 0.611664 0.436590 0
0.498188 0.175954 -0.021572 0
-0.105819 -0.683517 -0.058360 0
-0.039890 -0.125324 0.020516 0
-0.076591 -0.643481 -0.044033 0
0.011319 -0.050979 -0.014222 0
-0.234474 0.101358 -0.019564 0
-0.108746 -0.243462 -0.039140 0
-0.780685 0.593634 0.324454 0
-0.163996 -0.455040 -0.025818 0
-0.140813 -0.578981 -0.032093 0
-0.129056 -0.482717 -0.024514 0
-0.444210 -0.230900 -0.128274 0
-0.028994 -0.599227 -0.054502 0
-0.608717 0.513496 0.181622 0
-0.219170 0.038496 0.043752 0
0.370762 0.168444 -0.002438 0
-0.130110 -0.366018 -0.018221 0
-0.002805 -0.074441 0.024243 0
-0.166946 -0.442609 -0.044813 0
-0.306072 0.198362 -0.010761 0
-0.137777 -0.598892 -0.049176 0
-0.429016 0.356630 0.028869 0
-0.511589 0.450318 0.138991 0
-0.160542 -0.317319 -0.022943 0
0.044070 -0.024350 -0.006192 0
-0.169106 -0.218791 -0.017541 0
0.159304 0.072909 -0.005498 0
-0.648651 0.516345 0.182397 0
-0.189183 -0.046419 0.027696 0
0.539053 0.181109 -0.016922 0
-0.179554 -0.424228 -0.043913 0
-0.335823 0.243140 0.044023 0
-0.312652 0.249871 0.084265 0
-0.772636 0.603496 0.307574 0
0.034970 -0.017840 0.026754 0
-0.177545 -0.148719 -0.015455 0
-0.129293 -0.733681 -0.057872 0
-0.114548 -0.614630 -0.039776 0
-0.232656 0.044344 0.023048 0
-0.561873 0.470954 0.143521 0
0.024059 -0.033699 0.017648 0
-0.206566 0.020305 -0.018969 0
-0.146514 -0.497210 -0.026967 0
-0.754467 0.592753 0.295234 0
-0.152507 -0.229791 -0.024204 0
-0.139946 -0.170161 -0.012056 0
0.192055 0.096674 0.009107 0
0.636329 0.143409 -0.013027 0
-0.299784 0.209258 0.058038 0
-0.329125 0.234043 0.038061 0
-0.029899 -0.109116 -0.004510 0
-0.134308 -0.567347 -0.047507 0
0.143154 0.069179 -0.021055 0
-0.117773 -0.747849 -0.042998 0
-0.124551 -0.660778 -0.054616 0
-0.327041 0.234610 0.023367 0
-0.294620 0.181802 0.012819 0
-0.498346 0.440149 0.131500 0
-0.036614 -0.600667 -0.008648 0
-0.686082 0.569539 0.226474 0
-0.388921 -0.238312 -0.092117 0
-0.134264 -0.807669 -0.051960 0
-0.733298 0.584002 0.259826 0
-0.080335 -0.183497 -0.001035 0
-0.095600 -0.653733 -0.027542 0
-0.135386 -0.292055 -0.015463 0
-0.819643 0.615567 0.480288 0
-0.224090 0.068936 -0.017273 0
-0.597857 0.480391 0.123797 0
-0.083018 -0.633840 -0.019476 0
-0.145685 -0.499463 -0.040966 0
-0.508176 0.431347 0.079367 0
-0.143239 -0.319098 -0.038094 0
0.010554 -0.567892 -0.016630 0
-0.298300 0.189671 0.044903 0
-0.479217 0.402342 0.065518 0
-0.128103 -0.304866 -0.022217 0
0.457046 0.180913 -0.007142 0
-0.500576 -0.256663 -0.152586 0
-0.107021 -0.777888 -0.050478 0
-0.259838 0.110487 0.013838 0
-0.046789 -0.615050 -0.042985 0
-0.409936 0.366804 0.103814 0
0.155008 0.080570 -0.031636 0
-0.410349 -0.251071 -0.090032 0
-0.204709 -0.020330 -0.008937 0
-0.688276 0.556369 0.222844 0
0.604419 0.147587 -0.021050 0
-0.133842 -0.391535 -0.032466 0
-0.220827 0.022715 0.028378 0
-0.135333 -0.748353 -0.052125 0
-0.365672 0.313117 0.109910 0
-0.095663 -0.224360 -0.012989 0
-0.623007 0.523677 0.191119 0
-0.433882 0.362032 0.081497 0
-0.066584 -0.154235 -0.018604 0
-0.025029 -0.598955 -0.026659 0
-0.145281 -0.149565 -0.006339 0
-0.171271 -0.049429 0.034133 0
-0.317302 0.212731 -0.001679 0
-0.550745 0.476797 0.156366 0
0.390654 0.174000 -0.008966 0
-0.251118 0.127353 -0.012137 0
-0.144082 -0.345474 -0.029839 0
-0.146365 -0.479648 -0.043055 0
-0.078889 -0.175800 0.008135 0
0.145109 0.063875 -0.000075 0
-0.672674 0.523950 0.191699 0
-0.741987 0.581100 0.277815 0
0.077132 0.005927 -0.006005 0
-0.714922 0.577988 0.253173 0
-0.459485 0.382247 0.048349 0
0.079983 0.012176 0.015640 0
-0.225090 0.018109 0.004376 0
-0.137907 -0.649719 -0.051627 0
-0.191449 -0.025511 0.033817 0
-0.298709 0.184406 0.028783 0
-0.121988 -0.623101 -0.035630 0
-0.466597 0.409586 0.112502 0
-0.139303 -0.250299 -0.006418 0
-0.206722 0.012894 0.040681 0
-0.758429 0.563570 0.281094 0
-0.211336 0.005604 -0.009555 0
-0.141814 -0.545696 -0.045310 0
-0.362219 0.282964 0.048497 0
-0.140301 -0.191802 -0.008997 0
-0.127149 -0.505080 -0.040744 0
-0.276033 0.217578 0.074849 0
-0.774231 0.578626 0.288470 0
-0.115594 -0.262563 0.005451 0
-0.574221 0.473516 0.128262 0
-0.135480 -0.761970 -0.052446 0
-0.112304 -0.257717 -0.039474 0
-0.405663 -0.268504 -0.052599 0
-0.473912 -0.261470 -0.114461 0
-0.701759 0.558956 0.237026 0
-0.056851 -0.137897 0.008587 0
-0.152103 -0.383623 -0.028830 0
-0.207162 0.023910 0.049744 0
-0.411812 0.346620 0.082476 0
-0.132470 -0.357218 -0.028774 0
-0.159907 -0.246794 -0.003387 0
-0.018550 -0.089118 0.012112 0
-0.717550 0.600184 0.263495 0
-0.266090 0.196988 0.072955 0
-0.220653 -0.375770 -0.039225 0
-0.613928 0.530499 0.202642 0
-0.175342 -0.172420 -0.014786 0
-0.127515 -0.742360 -0.043811 0
-0.792874 0.594666 0.327172 0
-0.144839 -0.602685 -0.038692 0
-0.150317 -0.163536 0.009383 0
-0.510407 0.459002 0.165679 0
-0.520872 0.441876 0.126505 0
-0.114604 -0.841931 -0.049552 0
-0.226536 -0.349202 -0.055654 0
-0.167867 -0.204915 0.000197 0
0.355429 0.163957 -0.006377 0
-0.251451 0.139347 0.059265 0
0.205468 0.100120 -0.010425 0
-0.644383 0.513408 0.172560 0
-0.293892 0.238352 0.084257 0
-0.421785 0.352161 0.069887 0
-0.329252 0.264642 0.083020 0
0.025350 -0.031546 -0.017267 0
-0.340134 -0.264950 -0.063065 0
-0.065854 -0.626750 -0.030773 0
-0.218408 -0.024383 0.005273 0
-0.344609 0.271338 0.000440 0
-0.346734 -0.283656 -0.026146 0
-0.142210 -0.579643 -0.043533 0
-0.138442 -0.533528 -0.026817 0
-0.089179 -0.165970 -0.026657 0
-0.262902 0.130521 0.039785 0
0.549413 0.145887 -0.054640 0
-0.521778 0.458176 0.143141 0
-0.173701 -0.438338 -0.024025 0
-0.496255 -0.249912 -0.161093 0
-0.223404 0.052622 -0.012763 0
-0.140177 -0.265231 -0.021025 0
-0.721536 0.585870 0.249145 0
-0.164062 -0.456027 -0.037417 0
-0.099571 -0.201363 -0.038880 0
-0.312453 0.243232 0.073290 0
-0.126587 -0.329724 -0.017941 0
-0.037813 -0.105253 -0.025115 0
-0.128659 -0.303327 0.000143 0
-0.448403 -0.265275 -0.085988 0
-0.118158 -0.763655 -0.063212 0
-0.100374 -0.211906 -0.027348 0
-0.114776 -0.796786 -0.046783 0
0.079542 0.010318 0.026443 0
-0.116503 -0.636765 -0.046117 0
-0.023946 -0.097766 -0.012650 0
0.097687 0.025346 -0.012084 0
-0.273548 0.145838 0.038205 0
-0.141401 -0.619253 -0.046026 0
-0.236805 0.087382 -0.009524 0
-0.637218 0.501603 0.147084 0
-0.473797 0.401041 0.097811 0
-0.632079 0.544369 0.204021 0
-0.686987 0.585826 0.239940 0
-0.420749 -0.224765 -0.115616 0
-0.135355 -0.725321 -0.046707 0
0.039316 -0.018408 0.015279 0
-0.741215 0.566886 0.266016 0
-0.114042 -0.742097 -0.059566 0
-0.376697 -0.246921 -0.081593 0
-0.428734 -0.252909 -0.098349 0
-0.779117 0.611359 0.337385 0
-0.092487 -0.177755 -0.033762 0
-0.322290 -0.252641 -0.072519 0
-0.437512 0.365459 0.051252 0
0.582997 0.175964 -0.013151 0
-0.053618 -0.134285 -0.017359 0
-0.140436 -0.396039 -0.015356 0
-0.110490 -0.782701 -0.061646 0
-0.398926 -0.220353 -0.109209 0
-0.123768 -0.514544 -0.028981 0
0.439317 0.165342 -0.040793 0
-0.559689 0.483803 0.179093 0
-0.125582 -0.493228 -0.026674 0
-0.415122 -0.264196 -0.065783 0
-0.148656 -0.370256 -0.015992 0
-0.400170 -0.253453 -0.082612 0
-0.124579 -0.562814 -0.046056 0
-0.429077 -0.258886 -0.085786 0
-0.486493 0.413168 0.052661 0
-0.250497 0.069947 0.020569 0
-0.404611 0.332625 0.070340 0
0.052033 0.003820 -0.029385 0
-0.266027 0.133182 0.006579 0
-0.736645 0.559465 0.244290 0
-0.259203 0.096491 0.021070 0
-0.748637 0.567667 0.274248 0
-0.021260 -0.590328 -0.060230 0
-0.136469 -0.312817 -0.024262 0
0.364993 0.163122 -0.038469 0
-0.623809 0.506763 0.166871 0
-0.216550 0.043167 0.054505 0
-0.102045 -0.245820 -0.016128 0
-0.374572 0.311785 0.081818 0
-0.111194 -0.720664 -0.056463 0
0.227865 0.111547 -0.005145 0
-0.278598 0.163800 -0.021064 0
0.620729 0.133424 -0.027975 0
-0.141442 -0.664868 -0.044780 0
-0.058071 -0.149007 -0.003938 0
-0.486948 -0.245041 -0.157671 0
0.528333 0.149770 -0.054395 0
-0.575161 0.497652 0.180252 0
-0.775461 0.602983 0.325095 0
0.280238 0.143742 -0.031475 0
-0.104032 -0.234603 0.000767 0
-0.334088 -0.248975 -0.074437 0
-0.316902 0.214022 0.032560 0
-0.282671 0.191333 0.059697 0
-0.280680 0.139859 0.029771 0
-0.766287 0.593127 0.308081 0
-0.423955 0.381247 0.105527 0
-0.786170 0.620158 0.352550 0
-0.414954 0.348395 0.045987 0
-0.449785 -0.239906 -0.126813 0
-0.378538 0.327419 0.098956 0
-0.052294 -0.613645 -0.014051 0
-0.249950 0.153130 0.069783 0
-0.318899 -0.292393 -0.023583 0
-0.148414 -0.407993 -0.020710 0
-0.290117 -0.307482 -0.033134 0
-0.320250 0.217990 -0.012649 0
-0.233255 -0.342821 -0.065743 0
-0.045634 -0.124445 0.003380 0
-0.136405 -0.707555 -0.045292 0
-0.174465 -0.182946 -0.000239 0
-0.040794 -0.125427 -0.006562 0
-0.243176 0.065228 0.013984 0
-0.307140 0.201623 0.013788 0
-0.312517 0.210950 0.013965 0
-0.462534 0.431513 0.131639 0
0.327304 0.158003 -0.045502 0
-0.787649 0.586141 0.308468 0
0.003362 -0.058488 -0.014980 0
-0.163459 -0.268497 -0.021255 0
-0.140136 -0.344605 -0.011243 0
-0.171204 -0.077908 0.026474 0
-0.464762 -0.257621 -0.118931 0
-0.200723 -0.040405 -0.010819 0
-0.068672 -0.147132 -0.027488 0
-0.140156 -0.322189 -0.001427 0
-0.379674 0.336205 0.111902 0
-0.143089 -0.093549 0.002578 0
-0.248196 0.108947 -0.005358 0
-0.204163 -0.058233 -0.001747 0
-0.169828 -0.247128 -0.019306 0
0.450324 0.171811 -0.026866 0
0.402930 0.174931 -0.013808 0
-0.571051 0.489121 0.162956 0
-0.088561 -0.662004 -0.071228 0
-0.126620 -0.782530 -0.046007 0
-0.383791 -0.268164 -0.052010 0
-0.162423 -0.297593 -0.014355 0
-0.138942 -0.301247 -0.010108 0
-0.136474 -0.213734 -0.006489 0
0.347420 0.158588 -0.028808 0
-0.656756 0.566606 0.220510 0
-0.246714 -0.341914 -0.028301 0
-0.189643 -0.132058 -0.007007 0
-0.451722 0.374994 0.044429 0
-0.337544 0.276487 0.096079 0
-0.257136 0.108541 0.031736 0
0.029118 -0.559490 -0.029094 0
-0.165007 -0.203413 -0.020187 0
-0.244792 0.131725 0.068738 0
-0.175702 -0.016066 0.022609 0
-0.204098 -0.380891 -0.051190 0
-0.148770 -0.381517 -0.017140 0
-0.130574 -0.514763 -0.043125 0
-0.237028 0.107874 0.068715 0
-0.098109 -0.671519 -0.061018 0
0.282454 0.137028 -0.018495 0
-0.565250 0.464050 0.101102 0
0.488780 0.169169 -0.030349 0
-0.185732 -0.085287 0.019631 0
-0.213279 -0.371712 -0.019316 0
0.099052 0.022218 0.025699 0
-0.161042 -0.164272 -0.023665 0
-0.476096 0.442537 0.147721 0
-0.117311 -0.676268 -0.041413 0
-0.537891 0.470025 0.153716 0
-0.250887 0.099584 0.003640 0
-0.589016 0.473021 0.105115 0
-0.149634 -0.151613 0.002994 0
-0.460856 -0.245486 -0.132170 0
-0.384103 0.308406 0.068454 0
-0.201478 -0.078031 -0.001978 0
-0.605460 0.524674 0.199753 0
-0.354125 0.289383 0.006684 0
-0.393275 0.323954 0.054284 0
0.178004 0.083413 -0.013083 0
-0.158340 -0.285836 -0.009584 0
-0.043169 -0.607298 -0.015326 0
0.476553 0.178289 -0.017726 0
-0.193261 -0.080846 0.013926 0
-0.652174 0.554136 0.216415 0
-0.140849 -0.631833 -0.040057 0
-0.256708 0.132843 0.049220 0
-0.170256 -0.239246 -0.009015 0
-0.206704 -0.394527 -0.034461 0
-0.156183 -0.463028 -0.045405 0
-0.168203 -0.453217 -0.016294 0
-0.202040 -0.061968 0.010194 0
0.164114 0.083527 0.014886 0
-0.429697 -0.264639 -0.062975 0
-0.472550 0.394929 0.058148 0
-0.033895 -0.605087 -0.029720 0
-0.590359 0.508987 0.184157 0
-0.246977 0.090520 0.033093 0
-0.118752 -0.279250 -0.011706 0
-0.070242 -0.155626 0.009021 0
-0.673329 0.550955 0.214172 0
-0.143784 -0.814236 -0.052370 0
-0.273301 0.128265 0.025014 0
0.597383 0.141567 -0.028737 0
-0.145690 -0.410075 -0.034151 0
-0.185199 -0.147464 -0.003710 0
0.059683 -0.005586 0.001461 0
-0.636110 0.531057 0.197780 0
-0.401146 0.347117 0.092500 0
-0.682577 0.578974 0.228936 0
-0.488510 0.425661 0.120275 0
-0.221735 0.032171 0.035014 0
-0.166136 -0.109690 0.021447 0
-0.183105 -0.065536 0.025717 0
0.107398 0.052344 -0.031201 0
-0.277593 -0.301995 -0.060769 0
-0.139404 -0.487616 -0.035041 0
-0.139458 -0.459366 -0.021689 0
-0.697306 0.552547 0.229570 0
-0.502464 0.424975 0.099252 0
-0.746309 0.609738 0.280300 0
-0.036133 -0.112437 0.012316 0
-0.126873 -0.417002 -0.022631 0
-0.183344 -0.207247 -0.012816 0
-0.115561 -0.773915 -0.062961 0
-0.183988 -0.421372 -0.024265 0
-0.122118 -0.561657 -0.032672 0
-0.132462 -0.639843 -0.035032 0
-0.118619 -0.269553 -0.006531 0
0.175962 0.092800 0.020788 0
-0.117804 -0.721633 -0.042024 0
-0.351167 0.269268 0.060704 0
0.136264 0.073615 -0.041086 0
-0.209646 0.057757 -0.028399 0
0.294606 0.159216 -0.049462 0
-0.110015 -0.238928 -0.014815 0
-0.817508 0.614974 0.470374 0
-0.467067 -0.263769 -0.097538 0
-0.362447 0.310325 0.011488 0
-0.126614 -0.774399 -0.063164 0
-0.494443 0.448748 0.151910 0
-0.144961 -0.330413 -0.028639 0
0.230805 0.111958 -0.014818 0
-0.120983 -0.527283 -0.031890 0
-0.154302 -0.236989 0.000356 0
-0.043749 -0.114931 -0.018563 0
-0.085777 -0.193962 0.005788 0
0.322183 0.150893 -0.028125 0
-0.359741 0.295251 0.026213 0
-0.150341 -0.438859 -0.030169 0
-0.124807 -0.697558 -0.057476 0
0.628125 0.150007 -0.014893 0
-0.133057 -0.619154 -0.033179 0
-0.171672 -0.131020 0.015445 0
-0.159545 -0.324937 -0.016262 0
-0.366651 0.302125 0.080342 0
-0.353198 0.296420 0.106774 0
0.148740 0.077731 -0.043822 0
-0.148937 -0.255666 -0.001957 0
-0.011259 -0.584837 -0.011436 0
-0.461941 0.390555 0.094890 0
0.559978 0.157642 -0.028709 0
-0.149832 -0.114202 0.007053 0
-0.811532 0.611387 0.417771 0
-0.355880 0.288301 0.077153 0
-0.197064 0.013737 -0.021566 0
-0.446143 0.370572 0.030806 0
0.356625 0.163478 -0.055031 0
-0.230894 0.052489 -0.002162 0
-0.393441 0.313240 0.068303 0
0.245561 0.137305 -0.032590 0
0.070031 0.018145 -0.040637 0
-0.436897 0.366270 0.072512 0
-0.479052 0.436475 0.132408 0
0.210977 0.113558 -0.027535 0
0.211453 0.119664 -0.036184 0
-0.581477 0.503441 0.185369 0
-0.369267 0.312985 0.021404 0
0.146194 0.068251 0.015204 0
-0.119671 -0.660952 -0.039114 0
-0.463402 0.388547 0.066200 0
0.376946 0.163694 -0.044776 0
-0.221319 0.024907 -0.004476 0
-0.127906 -0.428150 -0.021756 0
-0.355068 0.283302 0.031115 0
-0.638768 0.515431 0.181895 0
-0.088754 -0.653066 -0.038870 0
-0.381895 0.309622 0.050671 0
-0.487165 0.413258 0.109913 0
-0.335946 -0.285776 -0.032324 0
-0.755587 0.575611 0.284753 0
-0.330586 0.233750 -0.007761 0
0.170282 0.088293 -0.021734 0
-0.194263 -0.403253 -0.017894 0
-0.111611 -0.253719 0.003443 0
0.294032 0.147512 -0.032047 0
0.308423 0.154600 -0.038327 0
-0.143473 -0.554785 -0.041780 0
-0.527207 0.464831 0.163254 0
-0.121581 -0.492915 -0.037293 0
-0.391003 -0.261714 -0.066698 0
-0.063980 -0.139050 -0.037165 0
-0.171308 -0.153319 0.011350 0
-0.120119 -0.542924 -0.041436 0
-0.347943 0.277615 0.014002 0
-0.320954 0.220346 0.003486 0
-0.130432 -0.439291 -0.020912 0
-0.021583 -0.076614 -0.025537 0
-0.319022 0.234725 0.060974 0
0.141695 0.058896 -0.012381 0
-0.193944 -0.015796 0.035620 0
-0.738400 0.589139 0.266870 0
-0.287192 0.177282 -0.005363 0
-0.491007 0.417384 0.072541 0
-0.195702 -0.089944 -0.004355 0
-0.139539 -0.286042 -0.022024 0
-0.676406 0.534732 0.208489 0
-0.130080 -0.287199 -0.030791 0
-0.164789 -0.178253 0.008980 0
-0.184899 -0.120920 0.007455 0
-0.155719 -0.137610 0.015536 0
-0.624990 0.537740 0.205360 0
-0.128805 -0.619986 -0.051412 0
-0.133398 -0.326909 -0.024373 0
-0.121052 -0.295706 -0.018817 0
-0.354650 -0.282186 -0.033322 0
-0.483341 -0.262876 -0.116613 0
-0.069902 -0.632643 -0.037435 0
-0.443998 0.414360 0.115401 0
0.006551 -0.057263 0.007262 0
-0.366632 0.287032 0.064088 0
-0.283103 0.210249 0.067166 0
-0.300583 0.198061 0.049306 0
-0.091187 -0.668227 -0.047089 0
-0.547442 0.455339 0.100259 0
-0.656498 0.535870 0.206902 0
-0.299372 0.177079 0.037416 0
-0.710297 0.588340 0.249997 0
-0.126732 -0.464528 -0.024465 0
-0.144473 -0.453124 -0.037387 0
-0.325315 0.221860 0.041795 0
-0.425247 0.357012 0.052259 0
0.019595 -0.037105 0.025591 0
-0.531948 0.445832 0.106388 0
-0.203431 -0.031706 0.021929 0
-0.207422 -0.004961 -0.011069 0
-0.207064 -0.009845 0.027461 0
-0.247991 0.116251 0.051850 0
-0.518819 0.460085 0.155896 0
0.009249 -0.572844 -0.024860 0
0.379134 0.166384 -0.053896 0
-0.135191 -0.608493 -0.032622 0
-0.191185 0.019189 -0.029032 0
-0.224953 -0.357245 -0.046512 0
-0.583521 0.482026 0.142287 0
0.462875 0.176135 -0.019636 0
-0.774487 0.618858 0.314121 0
0.016823 -0.029183 -0.025032 0
-0.128872 -0.788555 -0.063644 0
-0.696233 0.541731 0.216222 0
-0.110608 -0.736550 -0.045984 0
-0.685711 0.519637 0.186052 0
-0.149508 -0.208500 -0.023154 0
-0.218742 0.031214 -0.011903 0
-0.341981 0.252794 0.040675 0
-0.394367 0.364204 0.118677 0
-0.128447 -0.837841 -0.063955 0
-0.141949 -0.373340 -0.031972 0
0.490197 0.150298 -0.061289 0
0.243830 0.148339 -0.041888 0
0.027631 -0.033376 0.008745 0
-0.139871 -0.507187 -0.041873 0
-0.266480 0.151974 -0.012761 0
0.593414 0.160337 -0.018717 0
-0.153114 -0.215302 0.003742 0
-0.101597 -0.223426 -0.038986 0
-0.004871 -0.045798 -0.036000 0
-0.119261 -0.694103 -0.040801 0
-0.041750 -0.604136 -0.064449 0
-0.323950 0.263979 0.097467 0
-0.033437 -0.097558 -0.021513 0
-0.700215 0.583158 0.235756 0
-0.552588 0.461339 0.123957 0
-0.262084 -0.322389 -0.048408 0
-0.771223 0.572115 0.294782 0
-0.285122 0.164248 0.039282 0
0.525092 0.160401 -0.037889 0
-0.710158 0.540974 0.218851 0
-0.144940 -0.524446 -0.039791 0
-0.153633 -0.298111 -0.024379 0
-0.575667 0.482712 0.155905 0
-0.121712 -0.604609 -0.048870 0
0.072652 0.006604 0.018067 0
-0.347286 -0.276096 -0.047673 0
-0.293967 -0.288215 -0.060293 0
-0.449884 0.380108 0.081489 0
-0.154134 -0.470795 -0.038441 0
-0.576769 0.468824 0.108760 0
-0.355727 -0.242545 -0.079570 0
-0.367245 0.312390 0.097163 0
0.219224 0.106901 0.009651 0
-0.253400 -0.336532 -0.038149 0
-0.154054 -0.157855 -0.023303 0
-0.192644 -0.037179 -0.017447 0
-0.264690 0.150423 0.052463 0
-0.152836 -0.358421 -0.029386 0
-0.690449 0.530852 0.201412 0
-0.781521 0.596009 0.315326 0
-0.262514 0.147785 -0.023576 0
-0.110792 -0.693332 -0.056164 0
-0.589579 0.476659 0.121142 0
-0.215950 0.047671 -0.019061 0
0.421206 0.166927 -0.045184 0
-0.008453 -0.077061 0.003125 0
-0.166850 -0.277291 -0.021812 0
-0.145208 -0.321084 -0.009771 0
0.445283 0.160344 -0.054992 0
-0.518004 0.438935 0.077866 0
-0.570338 0.474282 0.137638 0
0.202894 0.111895 -0.045114 0
-0.761115 0.616918 0.307821 0
-0.147574 -0.185749 0.005031 0
-0.006985 -0.058855 -0.023055 0
-0.138346 -0.308932 -0.032639 0
-0.511473 -0.258794 -0.174168 0
-0.124849 -0.819375 -0.048639 0
0.611705 0.152704 -0.018033 0
-0.750705 0.567075 0.265098 0
-0.394117 -0.266154 -0.056298 0
-0.052949 -0.606136 -0.078831 0
-0.185694 -0.055112 0.026938 0
-0.282661 -0.305362 -0.049849 0
0.350388 0.167468 0.003522 0
0.034697 -0.031976 -0.003680 0
-0.431683 0.399137 0.113186 0
0.559440 0.149652 -0.044722 0
0.375669 0.164814 -0.019793 0
-0.131992 -0.710102 -0.055447 0
-0.181625 -0.167997 -0.002748 0
-0.088028 -0.219023 -0.035097 0
-0.135367 -0.352578 -0.013780 0
-0.255168 0.120174 -0.001282 0
0.408947 0.185068 -0.006557 0
-0.319347 -0.263246 -0.065533 0
-0.337049 -0.279502 -0.045200 0
-0.200465 -0.046382 0.020101 0
-0.264385 0.114771 0.020797 0
-0.024767 -0.593960 -0.011296 0
-0.183753 -0.029563 0.037244 0
-0.170541 -0.119737 0.017749 0
-0.145215 -0.174417 -0.018496 0
0.122987 0.045531 0.018551 0
0.384885 0.169630 -0.064606 0
-0.349355 0.258624 0.056370 0
0.346321 0.160681 -0.037840 0
-0.145855 -0.232637 0.000486 0
-0.196413 -0.111927 0.001467 0
0.018908 -0.019765 -0.030113 0
0.053624 -0.007151 -0.014369 0
-0.233825 0.073441 0.052048 0
-0.229481 0.005993 0.010751 0
-0.346846 -0.233860 -0.085642 0
0.261600 0.125055 0.004775 0
-0.135480 -0.247580 -0.015163 0
