0.279002 0.207110 -0.071184 0
-0.062986 -0.996564 -0.053788 0
-0.444283 0.152220 0.474717 0
-0.050873 -0.349439 -0.000638 0
-0.215757 0.123071 -0.149122 0
-0.124002 0.201884 0.236936 0
0.490444 0.102858 -0.320371 0
-0.025267 -0.673843 -0.004740 0
-0.028891 -0.050123 0.003804 0
-0.371732 0.206441 0.244738 0
0.038166 0.167659 -0.095075 0
0.283656 0.172401 -0.287126 0
0.031412 0.113235 0.122276 0
-0.138164 0.151413 0.056231 0
-0.254627 0.199575 0.386287 0
0.428541 0.168128 -0.166385 0
-0.047961 -0.827924 -0.062878 0
-0.062846 0.042651 -0.127715 0
-0.045312 -0.510171 -0.032426 0
0.150169 0.205934 -0.201756 0
-0.265401 0.205909 0.128666 0
-0.041119 -0.200408 -0.015958 0
0.150181 0.191704 -0.017724 0
-0.002931 0.080457 0.000529 0
-0.436972 0.186976 0.351881 0
-0.127794 0.052803 -0.018047 0
-0.246166 0.207956 0.263880 0
0.397356 0.163064 -0.287775 0
0.314181 0.183596 -0.176416 0
-0.342803 0.182335 0.447103 0
-0.088812 0.170672 0.145775 0
-0.131214 0.114021 -0.095958 0
0.192344 0.186726 -0.114201 0
-0.341069 0.202883 0.342120 0
-0.046158 -0.911115 -0.017871 0
-0.181543 0.179569 0.166792 0
0.480212 0.155163 -0.243959 0
-0.077779 0.081162 0.051593 0
0.236330 0.193130 -0.210670 0
-0.044918 -0.595462 -0.033631 0
-0.057731 -0.745902 -0.035817 0
-0.174643 0.202275 0.307862 0
0.067861 0.149499 -0.018517 0
-0.041731 -0.436176 0.004873 0
0.106717 0.194919 -0.130961 0
0.357337 0.191926 -0.109003 0
-0.048181 -0.128720 0.018027 0
-0.305809 0.217698 0.201947 0
-0.201284 0.185480 0.088054 0
-0.056841 0.024779 0.001127 0
-0.059524 -0.270831 0.006088 0
0.378132 0.175914 -0.218591 0
-0.411533 0.184838 0.421467 0
0.217452 0.201895 -0.036217 0
-0.059909 0.063707 -0.060893 0
-0.021796 0.110691 0.078376 0
0.254949 0.198475 -0.139739 0
-0.315130 0.209368 0.281095 0
-0.235818 0.205143 0.193218 0
0.017116 0.114833 -0.050999 0
0.097613 0.175382 -0.069824 0
-0.393770 0.210152 0.306788 0
-0.028897 -0.850139 -0.007003 0
-0.087076 0.132950 0.087843 0
-0.271151 0.206664 0.325650 0
-0.145530 0.170833 0.113975 0
-0.157739 0.099603 -0.149223 0
-0.191519 0.202863 0.236884 0
0.341058 0.171717 -0.267699 0
-0.189347 0.128283 -0.089889 0
0.436428 0.131626 -0.319672 0
-0.315087 0.196190 0.394796 0
0.031832 0.096656 0.062308 0
0.289934 0.176910 -0.227915 0
-0.213260 0.205081 0.347926 0
-0.028516 -0.560109 0.005703 0
-0.025138 0.064102 0.049030 0
-0.104768 0.093894 -0.045998 0
0.148962 0.190852 -0.078486 0
-0.069387 -0.692533 -0.030078 0
-0.385031 0.200301 0.376875 0
0.431563 0.161946 -0.221493 0
0.368474 0.184522 -0.166202 0
0.202413 0.196989 -0.166152 0
-0.008917 0.026351 -0.022124 0
-0.034160 -0.798545 -0.018407 0
-0.131420 0.195452 0.184776 0
0.237968 0.185051 -0.262789 0
0.307172 0.199651 -0.122351 0
-0.050446 -0.946317 -0.061425 0
-0.034384 -0.879795 -0.057212 0
0.191834 0.198731 -0.235879 0
-0.045897 -0.394791 -0.023841 0
-0.455083 0.177756 0.397326 0
-0.048681 -0.644458 -0.041190 0
-0.104675 0.073075 -0.094018 0
-0.043632 -0.092905 -0.014305 0
-0.218155 0.196891 0.131971 0
-0.155577 0.107938 -0.054844 0
0.473709 0.140351 -0.289325 0
0.106872 0.204968 -0.181252 0
0.228916 0.201861 -0.087343 0
0.158578 0.196083 -0.148626 0
0.059725 0.187203 -0.131908 0
-0.105416 0.120302 0.044293 0
-0.396599 0.166951 0.461826 0
-0.082170 0.062119 -0.019003 0
0.105864 0.176338 -0.017168 0
-0.066439 -0.479767 -0.005289 0
-0.044354 -0.307125 -0.016536 0
-0.041036 -0.955178 -0.018044 0
0.353026 0.152306 -0.305672 0
0.334257 0.181644 -0.218795 0
-0.303394 0.212984 0.158218 0
-0.289337 0.210215 0.245632 0
0.054625 0.135714 -0.059086 0
-0.155759 0.206785 0.268761 0
-0.217422 0.204589 0.299477 0
0.438581 0.158227 -0.271423 0
0.272481 0.192301 -0.183069 0
-0.056485 -0.019970 0.016613 0
-0.036695 -0.158218 -0.014623 0
-0.047421 -0.244740 -0.024509 0
-0.059008 -0.551896 -0.021703 0
-0.059850 0.042665 0.040639 0
-0.461792 0.159068 0.437607 0
-0.346285 0.216787 0.211063 0
0.505591 0.115374 -0.281299 0
-0.048920 -0.227107 0.014493 0
0.188394 0.198099 -0.069247 0
-0.036358 -0.462000 -0.026365 0
-0.066499 -0.866800 -0.035688 0
0.400739 0.182659 -0.140496 0
-0.023359 -0.008804 -0.008133 0
-0.358972 0.193770 0.412081 0
-0.029964 -0.626350 -0.010675 0
-0.036067 -0.718079 -0.016704 0
-0.358042 0.211991 0.282024 0
-0.167059 0.166070 0.078775 0
0.473946 0.158498 -0.205167 0
-0.029566 -0.774117 -0.048879 0
-0.289168 0.203322 0.360389 0
-0.183334 0.176404 0.122565 0
-0.130537 0.176024 0.149700 0
0.021249 0.115015 -0.012132 0
-0.020157 0.047990 0.013702 0
-0.173722 0.197064 0.200720 0
-0.121760 0.141674 0.102676 0
0.000046 0.081757 -0.040408 0
-0.000220 0.093336 0.036694 0
-0.240771 0.194253 0.101023 0
0.378370 0.161434 -0.254813 0
-0.058006 -0.909264 -0.063515 0
-0.146713 0.045877 -0.050085 0
-0.332159 0.212503 0.245842 0
-0.262739 0.208560 0.219191 0
-0.050583 -0.182676 0.015573 0
-0.402941 0.202597 0.342224 0
-0.420512 0.193540 0.386300 0
-0.270196 0.211628 0.175128 0
-0.278205 0.206916 0.289393 0
-0.183465 0.122070 -0.131241 0
-0.122606 0.088669 -0.122221 0
-0.095965 0.192436 0.193305 0
-0.069176 0.061564 -0.095986 0
0.140642 0.191691 -0.113849 0
-0.306438 0.205306 0.316130 0
-0.053763 -0.832381 -0.026137 0
0.402786 0.175812 -0.192328 0
-0.227279 0.203667 0.228171 0
0.264057 0.202315 -0.105148 0
-0.349244 0.200119 0.377411 0
0.237597 0.195972 -0.175270 0
0.333092 0.194069 -0.148318 0
-0.192473 0.204377 0.272276 0
0.070554 0.181635 -0.097669 0
-0.073396 0.035104 -0.039982 0
0.202843 0.198832 -0.201299 0
0.183761 0.197074 -0.026156 0
0.387628 0.144529 -0.315522 0
0.083220 0.200690 -0.155772 0
0.316787 0.167116 -0.295780 0
-0.053337 -0.522855 -0.001208 0
-0.033239 -0.487946 0.000099 0
0.002006 0.119624 0.105579 0
-0.392175 0.209108 0.272475 0
-0.308586 0.190340 0.428002 0
0.307262 0.178250 -0.263034 0
0.321867 0.195884 -0.091760 0
-0.051869 -0.771382 -0.008206 0
-0.091378 0.154474 0.116006 0
0.219648 0.198061 -0.130950 0
-0.055006 0.010163 0.032412 0
-0.166130 0.108829 -0.104633 0
0.259454 0.189289 -0.237391 0
0.246433 0.203930 -0.052936 0
-0.131194 0.089780 -0.068836 0
-0.075991 0.063055 0.019888 0
-0.217268 0.197336 0.166733 0
-0.043137 -0.078585 0.015629 0
-0.100069 0.105141 -0.087017 0
0.470701 0.129219 -0.320483 0
-0.428919 0.174067 0.447196 0
-0.036241 -0.682238 -0.034535 0
-0.375817 0.184100 0.438560 0
0.079520 0.167410 -0.043384 0
-0.035650 -0.275032 -0.020695 0
-0.158358 0.202478 0.228995 0
-0.079024 0.113183 0.062099 0
-0.035578 -0.380181 0.003381 0
0.132168 0.187715 -0.044433 0
-0.359120 0.209576 0.315996 0
0.114132 0.184746 -0.095917 0
-0.053096 -0.426157 -0.025774 0
-0.067158 -0.971640 -0.033940 0
0.404160 0.169466 -0.236306 0
-0.281425 0.196943 0.403308 0
0.034663 0.110627 0.090918 0
-0.060003 -0.798305 -0.036614 0
0.061915 0.165475 -0.072030 0
0.176486 0.198528 -0.184087 0
-0.236248 0.204555 0.324652 0
0.290561 0.194386 -0.148494 0
-0.205734 0.197586 0.198171 0
0.351531 0.185222 -0.192588 0
-0.039597 -0.293438 0.014408 0
-0.253122 0.204757 0.350935 0
-0.035016 -0.876784 -0.026362 0
0.042879 0.133056 -0.026380 0
-0.013248 0.058568 -0.024966 0
-0.421378 0.197387 0.318059 0
-0.161797 0.171753 0.144510 0
-0.067242 -0.929181 -0.042034 0
0.447279 0.167251 -0.192754 0
-0.051037 -0.713195 -0.043386 0
0.497940 0.132854 -0.255290 0
-0.113484 0.140171 0.070141 0
-0.245509 0.204764 0.158184 0
-0.052631 -0.132437 -0.014050 0
-0.051806 -0.579148 -0.009036 0
0.029635 0.148811 -0.070130 0
-0.028581 -0.910775 -0.056555 0
-0.042146 -0.974821 -0.052230 0
0.297309 0.189058 -0.200807 0
0.008237 0.109235 0.076260 0
0.126189 0.197181 -0.153759 0
0.426643 0.155757 -0.298797 0
-0.088180 0.078752 -0.070215 0
-0.057109 0.054149 -0.001015 0
-0.114471 0.172342 0.125349 0
-0.057956 -0.042683 -0.001499 0
0.272338 0.183864 -0.262922 0
-0.057309 -0.617142 -0.007324 0
-0.044815 -0.335464 -0.025332 0
-0.107604 0.189504 0.167027 0
-0.023691 0.095093 0.053187 0
-0.026002 -0.844741 -0.055558 0
-0.368389 0.203030 0.350609 0
-0.141351 0.112244 -0.122651 0
-0.047226 0.043414 -0.097990 0
-0.057442 -0.154264 0.009359 0
0.351564 0.167458 -0.236371 0
-0.139589 0.158113 0.087815 0
-0.317273 0.203112 0.357809 0
-0.050981 -0.367039 -0.024389 0
-0.035309 -0.751817 -0.019860 0
0.368130 0.166738 -0.280483 0
-0.439405 0.181485 0.422061 0
-0.183271 0.107677 -0.157558 0
0.412257 0.154269 -0.262710 0
-0.054671 -0.997429 -0.027074 0
0.158489 0.193297 -0.052342 0
-0.157256 0.185720 0.180616 0
-0.042588 -0.652152 -0.002117 0
0.261584 0.181384 -0.209424 0
-0.205714 0.131894 -0.117975 0
-0.050990 -0.410915 -0.001652 0
-0.332220 0.209213 0.306862 0
0.290795 0.202672 -0.095764 0
0.219146 0.194956 -0.236483 0
-0.218821 0.205069 0.254335 0
-0.081515 0.078944 -0.040785 0
0.447004 0.164590 -0.246052 0
-0.244822 0.205786 0.297826 0
-0.036842 -0.815088 -0.041305 0
0.167259 0.192427 -0.104616 0
0.193421 0.195965 -0.140277 0
-0.385170 0.193651 0.404170 0
0.361956 0.192481 -0.140911 0
-0.157151 0.121315 -0.078502 0
-0.053300 -0.679864 -0.012242 0
0.176077 0.203638 -0.210686 0
-0.201624 0.208553 0.323774 0
-0.037745 -0.031589 -0.015390 0
-0.113583 0.070360 -0.032551 0
0.104468 0.179047 -0.043760 0
0.123902 0.185340 -0.070871 0
-0.044601 -0.463744 -0.000442 0
-0.130069 0.202274 0.210597 0
0.141268 0.202871 -0.175082 0
-0.043596 -0.614966 -0.051830 0
-0.057919 -0.891885 -0.032684 0
-0.130311 0.092718 -0.038425 0
-0.027534 -0.521704 -0.007330 0
0.394950 0.177702 -0.165919 0
-0.007109 0.069916 0.026383 0
-0.033391 0.016389 -0.007893 0
0.334306 0.198952 -0.122494 0
-0.230816 0.201083 0.367010 0
-0.042336 -0.063555 -0.014126 0
-0.094894 0.100602 0.030782 0
-0.056827 -0.176447 -0.008991 0
0.015984 0.089905 -0.016887 0
-0.051044 -0.104522 0.008784 0
0.317235 0.174259 -0.237092 0
-0.057305 -0.220773 -0.014813 0
0.492407 0.125053 -0.306936 0
-0.039277 0.058831 0.027400 0
-0.053990 -0.486018 -0.031392 0
-0.066495 -0.385752 -0.011485 0
-0.288362 0.211124 0.219509 0
-0.052337 -0.770890 -0.034803 0
-0.176212 0.180305 0.097855 0
-0.035268 -0.317084 0.006070 0
-0.117293 0.110952 -0.067651 0
-0.264101 0.208032 0.245549 0
-0.035588 -0.543373 -0.025805 0
-0.063714 0.059354 -0.036023 0
0.455658 0.146060 -0.306006 0
0.465018 0.155374 -0.271010 0
-0.333485 0.188505 0.424352 0
0.255376 0.202063 -0.078362 0
0.377651 0.176762 -0.192844 0
0.220319 0.202076 -0.061149 0
0.279574 0.195522 -0.123641 0
-0.042989 -0.859057 -0.043959 0
-0.421057 0.157529 0.464283 0
-0.058618 -0.326105 0.005385 0
-0.052511 0.026981 -0.023432 0
0.237261 0.192318 -0.114159 0
-0.050672 -0.000401 -0.001284 0
0.123647 0.206922 -0.199577 0
-0.045883 -0.568887 -0.034246 0
-0.056801 -0.205551 0.004978 0
0.203881 0.192646 -0.087746 0
-0.070091 0.037201 0.017916 0
-0.280452 0.211768 0.149101 0
-0.060700 -0.665882 -0.031207 0
0.235376 0.187436 -0.149879 0
-0.200436 0.193827 0.149106 0
0.088276 0.187167 -0.113836 0
-0.101507 0.116736 0.076387 0
0.412793 0.138153 -0.320459 0
-0.315085 0.213147 0.228258 0
-0.038693 -0.925759 -0.035987 0
-0.058423 -0.244705 0.000412 0
-0.039932 0.031605 0.017371 0
0.462709 0.162972 -0.226331 0
0.478035 0.141577 -0.222173 0
-0.035440 -0.596879 -0.010753 0
-0.200762 0.190666 0.113796 0
0.501352 0.098321 -0.297864 0
-0.057647 -0.557047 0.001753 0
-0.174869 0.203882 0.254203 0
0.060060 0.153350 -0.044134 0
-0.042704 -0.754645 -0.051883 0
0.046473 0.179018 -0.113999 0
0.488336 0.148212 -0.270320 0
-0.321528 0.212458 0.185568 0
-0.059239 -0.456668 -0.017052 0
-0.058602 -0.288084 -0.009416 0
-0.040870 -0.997114 -0.045909 0
-0.276031 0.205800 0.266321 0
-0.035752 -0.026969 0.008953 0
-0.124985 0.090102 -0.099210 0
-0.445484 0.184627 0.377425 0
-0.060825 -0.528091 -0.022425 0
0.014768 0.083180 0.050993 0
-0.138689 0.196999 0.254041 0
-0.066808 -0.975044 -0.060944 0
0.422070 0.165712 -0.200914 0
-0.028023 -0.449140 -0.009267 0
0.313852 0.175319 -0.208709 0
0.344625 0.186138 -0.166439 0
0.377520 0.188195 -0.124697 0
0.087209 0.161457 -0.017324 0
-0.081202 0.085262 0.021037 0
-0.404732 0.177832 0.441999 0
0.133536 0.172931 -0.095915 0
-0.420281 0.200140 0.359871 0
-0.062285 -0.945833 -0.027493 0
-0.036421 -0.113076 -0.007038 0
-0.195302 0.206320 0.295187 0
-0.057549 -0.078916 -0.003323 0
-0.052412 -0.804522 -0.056949 0
-0.173940 0.206837 0.284917 0
-0.050237 -0.499419 -0.009298 0
-0.383696 0.205808 0.326372 0
-0.037778 -0.657526 -0.026633 0
-0.243755 0.205698 0.122938 0
-0.108047 0.199137 0.212445 0
-0.036635 -0.161962 0.011404 0
0.343062 0.166279 -0.289172 0
-0.040311 -0.622403 -0.029873 0
-0.352164 0.214956 0.236826 0
0.005850 0.068155 -0.019646 0
-0.035384 -0.828489 -0.014673 0
-0.058270 -0.261695 -0.015684 0
0.377990 0.158289 -0.298215 0
-0.148248 0.197539 0.198756 0
-0.053106 0.053311 -0.079351 0
-0.051368 -0.639647 -0.017766 0
-0.226863 0.206708 0.274604 0
0.181769 0.187921 -0.087419 0
0.325846 0.181936 -0.279504 0
-0.148876 0.184590 0.157749 0
0.032251 0.114228 -0.035389 0
-0.000653 0.045224 -0.013417 0
-0.056256 0.065220 0.039199 0
-0.012494 0.010805 -0.007240 0
-0.452517 0.164952 0.456235 0
-0.104823 0.147211 0.090552 0
0.451793 0.144564 -0.284063 0
-0.007567 0.106749 0.061204 0
-0.052702 -0.700622 -0.017570 0
0.159398 0.205578 -0.223990 0
0.404340 0.155763 -0.306661 0
0.105788 0.202777 -0.156919 0
-0.066965 0.046348 -0.018307 0
0.168509 0.187663 -0.070483 0
-0.218366 0.194609 0.097052 0
-0.036229 -0.903096 -0.038192 0
-0.137261 0.060128 -0.035652 0
0.004049 0.102582 -0.038841 0
-0.124842 0.162890 0.109408 0
0.078767 0.198780 -0.135105 0
0.253133 0.184450 -0.166587 0
-0.066311 -0.916985 -0.015018 0
0.131641 0.183710 -0.011361 0
-0.044138 -0.955686 -0.043471 0
-0.020184 0.069889 0.006625 0
0.028673 0.137614 -0.052242 0
-0.174946 0.128946 -0.105325 0
-0.023280 0.050618 -0.008211 0
-0.377193 0.170151 0.454258 0
-0.288846 0.216773 0.183399 0
-0.430828 0.186629 0.403617 0
-0.096823 0.130464 0.061278 0
-0.164566 0.167295 0.124160 0
0.254179 0.192518 -0.193199 0
-0.349336 0.212511 0.263062 0
-0.038049 -0.736586 -0.033851 0
-0.147443 0.102022 -0.090712 0
0.290234 0.184001 -0.176024 0
-0.306001 0.200393 0.376557 0
-0.148879 0.120318 -0.104767 0
0.255088 0.176445 -0.271609 0
0.193178 0.203216 -0.043513 0
-0.300789 0.206829 0.296296 0
-0.139897 0.114085 -0.069727 0
-0.040541 -0.561057 -0.015894 0
-0.106593 0.181034 0.144533 0
0.153453 0.176051 -0.110108 0
-0.025737 0.079160 0.035101 0
-0.105493 0.089699 -0.069147 0
0.332320 0.189279 -0.184012 0
0.308873 0.193514 -0.157437 0
-0.367478 0.196647 0.386585 0
-0.296071 0.206422 0.274575 0
-0.033622 -0.851115 -0.026773 0
-0.037623 -0.413429 -0.022553 0
0.359820 0.172205 -0.254290 0
0.210463 0.198493 -0.105969 0
-0.182279 0.187118 0.139687 0
0.421279 0.158730 -0.245186 0
0.351955 0.176107 -0.210826 0
0.280990 0.188138 -0.212648 0
0.449518 0.158407 -0.211759 0
0.088117 0.177924 -0.087418 0
-0.263083 0.203255 0.368367 0
-0.296254 0.205517 0.333481 0
0.304746 0.203364 -0.081329 0
-0.165526 0.110881 -0.124584 0
0.412606 0.172065 -0.218312 0
-0.140558 0.096364 -0.139438 0
0.281257 0.184376 -0.245033 0
-0.050625 -0.061289 0.008954 0
-0.054010 -0.911499 -0.044057 0
-0.149179 0.164369 0.070049 0
0.175715 0.195905 -0.131072 0
0.266264 0.204689 -0.055029 0
-0.332692 0.193593 0.403804 0
-0.047085 -0.443723 -0.033060 0
0.272537 0.194612 -0.156992 0
-0.057670 -0.324469 -0.014447 0
-0.006037 0.122999 0.078027 0
-0.052241 -0.841460 -0.043980 0
-0.254204 0.204413 0.315553 0
-0.227931 0.200308 0.148907 0
-0.041616 -0.140242 0.000479 0
-0.191659 0.177284 0.072773 0
-0.262459 0.208197 0.193053 0
-0.075514 0.063203 0.043387 0
-0.056991 -0.609577 -0.025631 0
-0.042509 -0.280601 -0.000361 0
-0.209734 0.202396 0.219133 0
0.326561 0.168529 -0.254637 0
0.241419 0.182207 -0.233466 0
0.166834 0.196767 -0.166926 0
0.378328 0.183543 -0.149103 0
-0.236566 0.205498 0.245684 0
-0.324061 0.204075 0.324941 0
-0.045018 -0.787444 -0.043442 0
0.149217 0.194896 -0.131329 0
0.412645 0.175790 -0.175145 0
0.492293 0.131587 -0.280116 0
-0.192026 0.194407 0.184389 0
0.012006 0.116475 0.122956 0
0.228369 0.194876 -0.192621 0
-0.245082 0.205247 0.210565 0
0.420304 0.152153 -0.280484 0
0.209103 0.198438 -0.219886 0
-0.042861 -0.260863 0.008775 0
-0.375776 0.212283 0.290334 0
0.009558 0.101954 0.053031 0
-0.035756 -0.780347 -0.025375 0
-0.157825 0.163892 0.095863 0
-0.037605 -0.336561 -0.007209 0
-0.446653 0.173323 0.438217 0
-0.035972 -0.489994 -0.025117 0
0.166084 0.190601 -0.034602 0
-0.279175 0.211996 0.202279 0
-0.400848 0.195190 0.386987 0
-0.053275 -0.863896 -0.059747 0
-0.393603 0.201053 0.359198 0
-0.044330 -0.043411 0.014725 0
-0.194323 0.120258 -0.147740 0
0.211135 0.196310 -0.148843 0
-0.323500 0.218180 0.211529 0
-0.139609 0.175449 0.131836 0
-0.095729 0.106083 0.053176 0
-0.056880 -0.151203 -0.012012 0
-0.027013 -0.508289 -0.026475 0
-0.121691 0.134131 0.053765 0
-0.227390 0.200845 0.114001 0
-0.175053 0.115616 -0.087417 0
0.246077 0.202820 -0.096003 0
0.393001 0.167483 -0.209817 0
0.394953 0.166703 -0.262961 0
-0.255092 0.208170 0.280861 0
0.299141 0.173890 -0.246251 0
-0.401502 0.205816 0.289822 0
-0.182829 0.200287 0.220025 0
-0.323870 0.211020 0.263013 0
-0.090403 0.186384 0.174740 0
0.380536 0.169044 -0.236240 0
0.185068 0.196296 -0.158222 0
-0.132462 0.185064 0.167462 0
0.220873 0.186192 -0.253338 0
0.485557 0.089437 -0.307775 0
-0.046131 -0.005317 0.022984 0
-0.059356 -0.596527 -0.010758 0
0.068328 0.148699 -0.061423 0
-0.051299 -0.929138 -0.052321 0
0.282156 0.179700 -0.193413 0
0.044979 0.160010 -0.078500 0
0.123678 0.190494 -0.122175 0
-0.056702 -0.853352 -0.026650 0
0.411884 0.181000 -0.156976 0
-0.052546 -0.368245 -0.001749 0
-0.057953 -0.349764 -0.018155 0
-0.305934 0.209613 0.254622 0
-0.123771 0.082244 -0.053219 0
-0.051718 -0.885442 -0.052441 0
-0.056951 -0.306906 -0.002525 0
0.142163 0.189336 -0.060867 0
0.054531 0.173747 -0.088012 0
-0.411485 0.191032 0.403684 0
-0.261717 0.210062 0.149824 0
0.211807 0.196964 -0.183973 0
-0.279479 0.201728 0.377387 0
-0.297688 0.194047 0.412231 0
0.429944 0.173459 -0.184323 0
-0.107755 0.097344 -0.102246 0
-0.056585 -0.627515 -0.039851 0
-0.035823 -0.358642 0.005641 0
-0.052160 -0.727498 -0.018379 0
-0.113810 0.198083 0.193671 0
-0.068395 0.055495 -0.113667 0
-0.333072 0.202738 0.367777 0
-0.279740 0.205278 0.342190 0
-0.209302 0.205086 0.280718 0
-0.043628 -0.543638 -0.008982 0
0.042609 0.126520 -0.044837 0
-0.358789 0.186160 0.429091 0
-0.063838 -0.955896 -0.043261 0
-0.367917 0.212993 0.263075 0
-0.036501 -0.832503 -0.034925 0
-0.426641 0.198869 0.342113 0
-0.453581 0.167400 0.422079 0
-0.172351 0.116888 -0.068906 0
-0.376243 0.190765 0.420126 0
0.177677 0.198688 -0.052486 0
-0.271064 0.205202 0.307272 0
-0.051098 -0.674616 -0.044274 0
-0.035624 -0.940275 -0.048813 0
-0.341408 0.212175 0.289871 0
-0.173955 0.107822 -0.140619 0
-0.034436 -0.579945 -0.003137 0
-0.062953 0.018283 0.017991 0
0.254564 0.184319 -0.254367 0
-0.123831 0.102696 -0.052674 0
0.316830 0.194152 -0.139918 0
-0.251508 0.205827 0.175412 0
-0.403084 0.207515 0.324626 0
-0.042342 -0.254288 -0.008255 0
-0.051209 -0.692675 -0.035275 0
0.328737 0.177938 -0.198462 0
0.236254 0.202365 -0.070059 0
-0.394419 0.186391 0.429618 0
-0.368434 0.199818 0.368644 0
0.115936 0.169707 -0.065987 0
0.158512 0.201120 -0.184785 0
0.489485 0.140284 -0.239196 0
0.465272 0.159603 -0.253353 0
-0.288307 0.205444 0.316554 0
-0.128697 0.143471 0.079421 0
-0.061001 -0.588311 -0.026811 0
-0.057532 -0.431501 -0.002633 0
-0.361974 0.204539 0.333745 0
-0.037180 -0.688088 -0.012198 0
-0.036805 -0.938120 -0.022321 0
-0.140597 0.154729 0.105896 0
-0.332623 0.217541 0.227935 0
-0.051593 -0.981701 -0.035342 0
-0.052178 -0.473258 -0.016793 0
0.289476 0.175345 -0.263500 0
-0.057358 -0.816158 -0.019149 0
-0.296817 0.199029 0.394162 0
-0.343610 0.208020 0.325039 0
-0.217847 0.200406 0.184395 0
-0.043495 -0.192547 -0.000027 0
0.236809 0.193051 -0.132109 0
0.080150 0.166544 -0.061246 0
0.147675 0.185415 -0.035833 0
0.162819 0.183568 -0.087087 0
-0.350425 0.196203 0.394797 0
0.307946 0.203384 -0.104902 0
-0.071148 0.078720 0.035191 0
-0.036928 -0.175583 -0.000133 0
-0.235473 0.205054 0.342465 0
-0.138991 0.096769 -0.114104 0
-0.359533 0.176176 0.447027 0
-0.201023 0.204197 0.254764 0
0.018714 0.115638 0.097077 0
0.429985 0.147458 -0.314736 0
0.299920 0.175658 -0.280714 0
-0.411235 0.206890 0.306567 0
-0.139418 0.204268 0.228445 0
-0.246119 0.192889 0.363331 0
-0.349882 0.200763 0.359704 0
-0.054143 -0.122822 0.000755 0
-0.042968 -0.236617 -0.008872 0
0.273153 0.202591 -0.087242 0
-0.035664 -0.525710 -0.025969 0
-0.306880 0.211919 0.175729 0
0.272705 0.199124 -0.139950 0
-0.192090 0.193687 0.166807 0
-0.205318 0.127960 -0.135836 0
-0.332954 0.200175 0.385171 0
0.334076 0.179256 -0.236869 0
0.272527 0.179081 -0.227993 0
-0.006178 0.061174 -0.008666 0
0.333788 0.194542 -0.104547 0
0.123355 0.205522 -0.175313 0
-0.096103 0.071652 -0.034392 0
-0.048379 -0.738378 -0.048790 0
-0.051300 -0.026622 0.000345 0
-0.044325 -0.218668 -0.000091 0
0.126093 0.178155 -0.026934 0
0.044336 0.150324 -0.060902 0
-0.253066 0.204646 0.333515 0
0.071307 0.190648 -0.115645 0
-0.058903 -0.403055 -0.015744 0
-0.156872 0.205924 0.245983 0
-0.077167 0.095846 0.060901 0
-0.043371 -0.397012 0.005497 0
0.076969 0.152681 -0.034534 0
-0.286753 0.215062 0.166258 0
-0.068056 0.027829 0.032365 0
-0.037752 -0.093855 0.005632 0
-0.038075 -0.578353 -0.020004 0
-0.105949 0.055776 -0.027227 0
0.254578 0.192591 -0.123478 0
-0.119181 0.096167 -0.079515 0
0.105543 0.186896 -0.114108 0
-0.062277 0.053036 0.027062 0
0.176484 0.196534 -0.226404 0
-0.114034 0.132940 0.087596 0
-0.037332 -0.762491 -0.034387 0
-0.097632 0.087430 -0.087700 0
-0.226720 0.202962 0.211039 0
-0.166021 0.184661 0.157726 0
-0.041486 -0.437774 -0.017989 0
-0.056499 -0.728703 -0.034903 0
-0.052098 -0.876519 -0.027312 0
-0.375826 0.210208 0.307315 0
-0.255883 0.207028 0.110966 0
-0.209444 0.204268 0.236117 0
-0.323858 0.204202 0.342086 0
-0.035136 -0.891774 -0.018212 0
-0.037349 -0.718704 -0.033698 0
-0.246150 0.207498 0.139710 0
0.504571 0.115025 -0.298795 0
-0.175016 0.193645 0.183924 0
-0.087042 0.052215 -0.031967 0
-0.192480 0.122330 -0.113182 0
-0.191857 0.178727 0.105577 0
-0.014215 0.114011 0.093236 0
-0.034960 -0.069676 -0.000095 0
-0.104801 0.157001 0.105917 0
-0.026971 0.036417 0.000296 0
-0.037976 0.011824 0.007759 0
-0.056607 -0.777105 -0.050182 0
-0.123810 0.104207 -0.113783 0
-0.090802 0.159426 0.132161 0
-0.053900 -0.796259 -0.020994 0
-0.244161 0.204263 0.228217 0
0.395105 0.157711 -0.244326 0
-0.050938 0.011308 -0.017452 0
-0.315443 0.193094 0.412893 0
-0.037457 -0.358465 -0.019257 0
-0.069028 0.061899 -0.079206 0
0.324244 0.191699 -0.165707 0
0.290749 0.201795 -0.112815 0
-0.114179 0.079525 -0.079270 0
0.202642 0.196948 -0.122587 0
-0.058356 -0.193252 -0.007707 0
0.014514 0.089749 -0.036433 0
-0.057574 -0.106108 -0.006534 0
0.204259 0.187352 -0.236944 0
-0.052789 -0.815311 -0.035170 0
-0.078892 0.095888 0.043844 0
-0.382195 0.206049 0.257719 0
-0.412125 0.169473 0.456361 0
-0.217974 0.205901 0.325215 0
-0.159548 0.106333 -0.071767 0
0.324079 0.166770 -0.273006 0
-0.093544 0.144427 0.102377 0
0.475354 0.109563 -0.319081 0
0.202157 0.201420 -0.060656 0
-0.197625 0.180478 0.139723 0
-0.174975 0.202489 0.237058 0
-0.051661 -0.930925 -0.027144 0
0.359292 0.163238 -0.294996 0
-0.076113 0.065952 -0.058846 0
-0.167455 0.181827 0.131386 0
-0.054781 -0.386276 0.000081 0
0.067717 0.163891 -0.087715 0
0.138848 0.178100 -0.072415 0
-0.047944 -0.551139 -0.033834 0
-0.022208 0.033337 -0.015501 0
0.272586 0.170245 -0.272040 0
0.141172 0.187418 -0.096396 0
-0.439047 0.165430 0.465534 0
0.054184 0.146836 -0.027087 0
-0.058808 -0.304671 -0.023789 0
0.195556 0.197902 -0.184968 0
-0.011114 0.037940 -0.003168 0
-0.126447 0.047952 -0.033548 0
-0.032789 -0.647830 -0.040102 0
-0.052139 0.044023 -0.113496 0
-0.005634 0.078938 -0.015578 0
-0.037428 -0.421360 -0.008398 0
-0.053789 -0.743623 -0.018970 0
0.308981 0.179137 -0.193723 0
0.444160 0.154209 -0.294510 0
-0.049826 -0.665257 -0.018092 0
-0.358423 0.211290 0.298115 0
-0.057416 -0.508567 -0.020442 0
-0.037530 -0.639843 -0.025939 0
0.193420 0.201787 -0.219120 0
-0.140415 0.097452 -0.049966 0
-0.199796 0.202883 0.338671 0
-0.384906 0.203592 0.342215 0
0.360627 0.186663 -0.123766 0
-0.053323 0.042015 0.019721 0
-0.037272 -0.614269 -0.003187 0
-0.043886 -0.183965 -0.014568 0
-0.038639 -0.700059 -0.025116 0
-0.057702 -0.568174 -0.023548 0
0.218356 0.196443 -0.166086 0
0.034978 0.098217 0.077849 0
-0.057259 -0.439902 -0.017601 0
0.344979 0.167395 -0.251157 0
-0.018033 0.056003 0.027269 0
0.176730 0.183138 -0.121678 0
0.386472 0.180886 -0.180310 0
-0.036244 -0.508629 -0.009411 0
0.192204 0.196871 -0.097564 0
0.237192 0.191662 -0.245410 0
0.431118 0.167979 -0.237012 0
-0.124868 0.154109 0.091825 0
0.033459 0.123096 -0.017992 0
-0.038387 -0.391455 -0.010382 0
-0.166424 0.178556 0.113299 0
0.487695 0.136493 -0.295453 0
-0.043894 -0.244744 0.006391 0
0.363414 0.162137 -0.266221 0
-0.057031 -0.227796 0.000712 0
0.150411 0.198300 -0.161786 0
-0.158120 0.110857 -0.138372 0
0.360177 0.177232 -0.227747 0
-0.049613 -0.446582 -0.003643 0
-0.111830 0.125666 0.062368 0
0.019029 0.106736 -0.025118 0
-0.056238 0.057461 -0.103579 0
-0.043113 -0.297882 -0.000043 0
-0.333121 0.214096 0.195734 0
0.132481 0.194061 -0.139946 0
-0.026094 -0.024036 -0.008496 0
-0.015539 0.043242 -0.025336 0
-0.157707 0.196409 0.280067 0
0.307676 0.182368 -0.228037 0
-0.037564 -0.808574 -0.058431 0
-0.050147 0.009592 0.017757 0
-0.032950 -0.814180 -0.019919 0
-0.062537 -0.980807 -0.047286 0
0.246381 0.195012 -0.157618 0
-0.052738 0.029500 0.032472 0
0.001068 0.087964 -0.026106 0
0.043566 0.141842 -0.043768 0
-0.315847 0.208393 0.299049 0
-0.035429 -0.473058 -0.008550 0
-0.167879 0.196553 0.294590 0
0.365680 0.177153 -0.183223 0
-0.096326 0.183519 0.158483 0
-0.452607 0.149613 0.456956 0
0.055976 0.191222 -0.116130 0
-0.087430 0.122957 0.070810 0
-0.043773 -0.903552 -0.052222 0
-0.157454 0.198947 0.210911 0
0.447753 0.165851 -0.227876 0
-0.062932 0.046463 -0.044239 0
0.380021 0.159714 -0.269924 0
-0.060877 -0.000390 0.010109 0
0.104163 0.179504 -0.085571 0
-0.037159 -0.797483 -0.035017 0
-0.418974 0.180590 0.437226 0
-0.059077 0.048486 -0.061570 0
-0.056759 -0.906602 -0.028843 0
-0.202287 0.192353 0.131362 0
0.165201 0.194349 -0.017846 0
-0.105553 0.187607 0.182484 0
-0.404028 0.197439 0.369708 0
0.333881 0.157679 -0.297716 0
-0.189770 0.205115 0.309298 0
-0.035342 0.047380 0.013891 0
-0.177367 0.114541 -0.113108 0
-0.042665 -0.217218 -0.016634 0
0.465510 0.152595 -0.237033 0
0.219980 0.196200 -0.209555 0
-0.131088 0.166893 0.122660 0
-0.115981 0.194009 0.224296 0
-0.180093 0.171203 0.084552 0
0.465690 0.149586 -0.218577 0
0.461403 0.163008 -0.196183 0
0.125583 0.172602 -0.078873 0
0.479238 0.156129 -0.261176 0
0.368674 0.150457 -0.307208 0
0.308147 0.160269 -0.285461 0
-0.044337 -0.865527 -0.020519 0
-0.048962 -0.470520 -0.031257 0
-0.131633 0.101867 -0.127591 0
-0.152599 0.120341 -0.064198 0
-0.270742 0.193562 0.386509 0
-0.134282 0.154707 0.070359 0
0.034958 0.109661 0.108132 0
0.221463 0.191462 -0.113380 0
0.475727 0.132172 -0.306654 0
-0.015042 0.093740 0.038581 0
-0.042814 -0.876963 -0.043968 0
-0.119230 0.074129 -0.097100 0
0.202525 0.197294 -0.033520 0
-0.087933 0.087542 0.035487 0
0.366889 0.180806 -0.202278 0
-0.097233 0.172765 0.133480 0
-0.105104 0.160861 0.120267 0
-0.043635 -0.043838 -0.005252 0
-0.032208 -0.592473 -0.040695 0
-0.036169 -0.008542 -0.000636 0
-0.078388 0.064448 -0.040758 0
-0.044015 -0.852350 -0.059045 0
0.350025 0.193490 -0.131543 0
-0.042768 -0.331444 0.005658 0
-0.148837 0.180913 0.143441 0
-0.035494 -0.674457 -0.017626 0
-0.042733 -0.287301 -0.016573 0
-0.005451 0.069539 -0.034241 0
-0.037816 -0.891206 -0.046850 0
-0.042688 -0.079187 -0.008233 0
0.318994 0.189416 -0.190492 0
0.456407 0.125782 -0.320653 0
-0.025628 0.099144 0.070149 0
-0.037432 -0.605388 -0.025827 0
-0.090695 0.086629 -0.058089 0
0.271468 0.190474 -0.201742 0
-0.052932 0.042177 -0.017556 0
0.115211 0.183948 -0.035113 0
-0.037939 -0.373607 -0.023418 0
-0.046811 0.023617 -0.010385 0
-0.325590 0.187716 0.436635 0
-0.053266 -0.963447 -0.051853 0
-0.049684 -0.496212 -0.040911 0
0.437255 0.167555 -0.209284 0
-0.174088 0.128518 -0.077525 0
-0.035021 -0.640414 -0.011612 0
0.077738 0.170511 -0.075018 0
-0.175797 0.173411 0.139794 0
0.211057 0.200975 -0.078253 0
-0.147595 0.105373 -0.104828 0
0.351657 0.186486 -0.149168 0
0.369134 0.165660 -0.227986 0
-0.043086 -0.323819 -0.016911 0
-0.191794 0.198794 0.201850 0
0.254904 0.190026 -0.218911 0
-0.053126 -0.166219 0.000542 0
0.421964 0.163114 -0.271209 0
-0.209638 0.206742 0.311442 0
-0.107805 0.102034 -0.061438 0
0.220686 0.185541 -0.147934 0
-0.141212 0.119612 -0.087200 0
-0.037558 -0.406666 -0.009822 0
-0.396752 0.188544 0.415557 0
0.070319 0.160554 -0.052622 0
-0.050495 -0.384612 -0.032885 0
0.299885 0.176689 -0.211746 0
-0.028134 0.081627 0.049041 0
0.072337 0.194291 -0.147129 0
0.298429 0.193230 -0.167278 0
-0.055628 -0.964332 -0.029537 0
-0.120403 0.107740 -0.087894 0
-0.059283 -0.546023 -0.008627 0
0.437497 0.157725 -0.254293 0
0.339834 0.169839 -0.227728 0
-0.237420 0.203204 0.175335 0
-0.038921 -0.136607 -0.013987 0
-0.096060 0.085403 -0.038411 0
0.024606 0.124250 -0.043255 0
-0.035433 -0.344367 0.006535 0
-0.442354 0.197517 0.359921 0
0.201757 0.184532 -0.138159 0
-0.056473 -0.337552 -0.006296 0
0.001503 0.115947 0.087900 0
-0.059541 -0.186807 0.005246 0
0.089716 0.172484 -0.026005 0
-0.036166 -0.735640 -0.019774 0
-0.285548 0.206691 0.301579 0
0.413298 0.160698 -0.289424 0
-0.113927 0.080877 -0.043064 0
-0.430540 0.195036 0.368243 0
-0.130551 0.096738 -0.087983 0
-0.035301 -0.535239 -0.001167 0
0.378509 0.158872 -0.312974 0
0.097446 0.199863 -0.140459 0
0.488378 0.146916 -0.255528 0
-0.059641 -0.944219 -0.050047 0
-0.089312 0.105206 0.067566 0
0.126387 0.188966 -0.108411 0
-0.042367 -0.377086 -0.008572 0
-0.171311 0.099386 -0.152978 0
-0.040805 -0.017869 -0.015403 0
-0.073993 0.045874 -0.030461 0
-0.186959 0.205432 0.323057 0
-0.115968 0.179121 0.154815 0
-0.034675 -0.423642 0.005181 0
-0.094873 0.067802 -0.020825 0
-0.063977 0.078841 0.050609 0
-0.056605 -0.137299 0.010810 0
-0.227644 0.205448 0.289925 0
0.023530 0.105707 -0.042552 0
-0.041499 -0.615345 -0.016934 0
0.402885 0.155861 -0.272916 0
-0.174849 0.174219 0.070593 0
-0.059012 -0.920782 -0.034593 0
-0.101617 0.115645 0.061339 0
-0.127581 0.170843 0.137185 0
0.109370 0.180887 -0.061085 0
-0.008575 0.099767 0.049285 0
-0.026070 0.062718 0.018220 0
-0.053570 -0.385129 -0.017572 0
0.090468 0.171687 -0.053593 0
-0.045663 -0.535433 -0.030949 0
-0.165891 0.165007 0.065060 0
0.461726 0.152126 -0.205218 0
0.265651 0.179390 -0.244681 0
0.492786 0.104374 -0.306774 0
0.289746 0.202901 -0.078655 0
0.290448 0.199501 -0.131011 0
-0.217830 0.188206 0.084925 0
-0.035857 -0.060365 0.009939 0
-0.165412 0.124371 -0.114041 0
-0.044314 -0.762091 -0.018819 0
-0.051737 0.036424 -0.003961 0
-0.050720 -0.411353 -0.025952 0
-0.384874 0.180709 0.448231 0
0.438979 0.147520 -0.280341 0
-0.000057 0.079771 0.035044 0
-0.124647 0.145830 0.064663 0
-0.060638 -0.017101 0.003926 0
-0.165846 0.125322 -0.095844 0
-0.263627 0.206658 0.341891 0
-0.044488 -0.657383 -0.041892 0
-0.044963 -0.481175 -0.003237 0
-0.047355 -0.231333 -0.022225 0
0.229773 0.193830 -0.228091 0
0.254089 0.194662 -0.175493 0
0.281063 0.186919 -0.166444 0
-0.038282 -0.926148 -0.049874 0
0.440027 0.143040 -0.306739 0
-0.305807 0.204097 0.342998 0
-0.042553 -0.824286 -0.026004 0
-0.058776 -0.652672 -0.028968 0
0.128201 0.174363 -0.062693 0
-0.030885 -0.035385 -0.000447 0
-0.039062 -0.452709 0.005072 0
0.088228 0.159453 -0.030656 0
0.368660 0.163452 -0.245635 0
-0.060056 -0.365937 -0.014452 0
-0.046414 -0.815548 -0.050815 0
-0.179276 0.188382 0.156830 0
-0.192279 0.182279 0.174472 0
0.228679 0.199401 -0.105238 0
0.053052 0.181802 -0.098697 0
-0.234464 0.202599 0.132171 0
0.412833 0.165066 -0.254694 0
0.316170 0.194934 -0.113528 0
0.447866 0.152572 -0.263496 0
-0.042575 -0.526500 -0.008395 0
-0.121962 0.192113 0.175853 0
-0.042903 -0.840724 -0.026478 0
-0.051969 -0.032650 0.017097 0
-0.045939 -0.308172 0.008075 0
0.096039 0.203408 -0.166082 0
-0.045522 -0.009224 0.008926 0
-0.252563 0.205503 0.238570 0
0.228640 0.201774 -0.043572 0
-0.259476 0.206636 0.264239 0
-0.042389 -0.157156 0.000339 0
-0.038493 -0.635760 -0.040684 0
-0.290484 0.187539 0.400514 0
-0.023748 0.019632 -0.016535 0
0.299393 0.189930 -0.183714 0
-0.056132 -0.591434 -0.039622 0
-0.064095 0.055045 0.043186 0
0.131528 0.185868 -0.087326 0
-0.042415 -0.807401 -0.026397 0
-0.035029 -0.746058 -0.042715 0
0.132491 0.189809 -0.026148 0
-0.104908 0.081950 -0.052796 0
-0.355078 0.214280 0.220720 0
-0.184497 0.176710 0.149285 0
-0.207602 0.197317 0.175841 0
-0.167236 0.175981 0.087605 0
0.019035 0.103500 0.062196 0
-0.163676 0.109013 -0.085676 0
-0.096298 0.112073 0.039277 0
0.421681 0.170263 -0.227818 0
0.263799 0.207896 -0.069956 0
0.096775 0.181939 -0.096609 0
-0.364369 0.212550 0.232271 0
-0.054839 -0.472116 -0.000243 0
-0.288640 0.208253 0.263173 0
-0.138812 0.046003 -0.037786 0
-0.050953 -0.165703 -0.013919 0
0.111752 0.198161 -0.142720 0
-0.029576 -0.053220 -0.009003 0
-0.155689 0.173846 0.106118 0
-0.045884 -0.628850 -0.012651 0
0.264022 0.200436 -0.130196 0
-0.130302 0.115323 -0.078589 0
-0.045426 -0.832046 -0.050059 0
-0.038329 -0.106676 0.011148 0
-0.049231 -0.946552 -0.028464 0
-0.084033 0.074945 0.028583 0
-0.052008 -0.754276 -0.026353 0
0.248791 0.206653 -0.068035 0
-0.437128 0.190308 0.385727 0
0.463650 0.138571 -0.314763 0
0.324674 0.184075 -0.210304 0
-0.235878 0.204813 0.307254 0
0.473639 0.149779 -0.280337 0
-0.342761 0.191343 0.411752 0
0.481972 0.155979 -0.231092 0
-0.208067 0.117055 -0.157723 0
-0.024376 0.007411 -0.003196 0
0.395142 0.172114 -0.227342 0
-0.028197 -0.561431 -0.007212 0
-0.276915 0.208211 0.134187 0
-0.051981 -0.683684 -0.025960 0
0.263611 0.193888 -0.166726 0
0.386355 0.165012 -0.279890 0
0.148997 0.185007 -0.049408 0
0.019556 0.125531 -0.057837 0
-0.183862 0.183213 0.087489 0
-0.142791 0.095417 -0.062507 0
-0.153150 0.162082 0.121072 0
-0.148562 0.105545 -0.131025 0
-0.222238 0.203952 0.357781 0
-0.052704 -0.867538 -0.043232 0
0.228406 0.196233 -0.157991 0
0.140943 0.205815 -0.192739 0
0.175912 0.196016 -0.149144 0
0.387243 0.176388 -0.201444 0
-0.191518 0.188124 0.122407 0
-0.332867 0.211195 0.272232 0
-0.057288 -0.782410 -0.037734 0
0.158224 0.192107 -0.113782 0
-0.126144 0.064946 -0.031322 0
-0.234696 0.206697 0.356106 0
-0.305779 0.211980 0.237047 0
0.325087 0.181171 -0.227784 0
-0.193241 0.114281 -0.162248 0
-0.376864 0.212364 0.272269 0
-0.420471 0.186378 0.412374 0
0.075103 0.163914 -0.028617 0
0.351413 0.162006 -0.280430 0
-0.101420 0.071531 -0.081713 0
-0.050130 -0.087151 0.009143 0
-0.093951 0.096745 0.044581 0
-0.147082 0.197356 0.268630 0
-0.111543 0.086203 -0.097181 0
-0.315592 0.211920 0.246531 0
0.192704 0.193602 -0.080438 0
0.359530 0.185225 -0.175418 0
-0.049477 -0.193230 -0.022469 0
-0.447884 0.177859 0.413199 0
0.110675 0.179728 -0.073755 0
-0.037391 -0.867337 -0.034645 0
0.167902 0.203480 -0.200859 0
0.140846 0.196042 -0.149397 0
0.316739 0.177607 -0.254491 0
-0.025234 0.000401 -0.016788 0
-0.129020 0.111688 -0.062643 0
-0.049692 -0.455376 -0.025434 0
0.231024 0.206555 -0.055824 0
-0.037309 -0.183257 0.010055 0
-0.279496 0.210325 0.228648 0
-0.060849 0.036253 -0.026087 0
-0.052125 -0.095842 -0.000491 0
-0.040726 -0.885323 -0.034576 0
0.501851 0.123000 -0.271797 0
-0.280950 0.188006 0.391717 0
-0.147970 0.201685 0.218941 0
0.342550 0.183357 -0.201405 0
0.024772 0.120632 0.114346 0
0.097438 0.192592 -0.122589 0
-0.043812 -0.019689 0.017504 0
-0.429096 0.182750 0.429382 0
0.167093 0.182101 -0.113469 0
-0.442267 0.172042 0.453798 0
-0.306010 0.213119 0.219380 0
-0.039494 0.046301 0.029411 0
-0.121512 0.081942 -0.066412 0
-0.194636 0.128046 -0.128992 0
0.015617 0.094368 0.044912 0
0.211146 0.204095 -0.052174 0
0.149145 0.204540 -0.216663 0
0.325759 0.172288 -0.218758 0
-0.051254 -0.534507 -0.017244 0
-0.035330 -0.575743 -0.033261 0
-0.368871 0.208640 0.324005 0
0.280272 0.202513 -0.102727 0
-0.056505 -0.639610 -0.029290 0
0.485792 0.116633 -0.319524 0
-0.043517 0.023488 0.008409 0
-0.151121 0.119296 -0.118939 0
-0.014858 0.067682 -0.015082 0
-0.359146 0.213724 0.254067 0
-0.040601 0.066922 0.036956 0
0.123024 0.184152 -0.052298 0
-0.052218 -0.262260 0.000498 0
0.368439 0.175139 -0.236980 0
0.316515 0.173476 -0.280461 0
0.183673 0.185979 -0.105147 0
0.325904 0.194125 -0.131239 0
-0.183751 0.203902 0.263261 0
0.299474 0.195316 -0.139708 0
0.055797 0.139049 -0.043914 0
0.272525 0.197148 -0.113392 0
-0.037453 -0.700621 -0.012419 0
0.379908 0.179412 -0.166746 0
0.184136 0.201535 -0.201323 0
-0.145884 0.184818 0.175444 0
0.339923 0.179512 -0.185915 0
-0.200224 0.200828 0.211157 0
-0.044625 -0.202163 0.007891 0
-0.057232 -0.209946 -0.008557 0
0.175724 0.193199 -0.114324 0
-0.153392 0.161252 0.107239 0
-0.045529 -0.901645 -0.026586 0
0.482469 0.139898 -0.280447 0
0.403595 0.156542 -0.254025 0
0.341900 0.193476 -0.114251 0
-0.148995 0.167234 0.131832 0
0.405592 0.167190 -0.200881 0
0.463175 0.163473 -0.210162 0
-0.171422 0.170830 0.104376 0
-0.296635 0.216797 0.193115 0
-0.044753 -0.605325 -0.041228 0
-0.040054 -0.122651 0.000043 0
-0.314810 0.204916 0.333567 0
-0.045920 -0.701908 -0.042240 0
-0.349242 0.191263 0.422374 0
0.219912 0.199867 -0.096423 0
-0.044363 -0.499238 -0.026567 0
0.412700 0.162181 -0.230970 0
-0.115429 0.095089 -0.112831 0
-0.175371 0.205086 0.272705 0
0.441393 0.162226 -0.183047 0
0.132158 0.207350 -0.183873 0
0.114296 0.204369 -0.166910 0
-0.035113 -0.840338 -0.044444 0
-0.040228 -0.454627 -0.017171 0
-0.051909 -0.289027 0.000983 0
-0.241355 0.207513 0.275302 0
0.368186 0.170570 -0.209153 0
-0.052278 -0.990537 -0.052175 0
0.301673 0.197522 -0.091816 0
-0.269131 0.207062 0.280990 0
0.263403 0.198425 -0.148758 0
-0.052344 -0.709798 -0.025837 0
-0.049965 -0.604412 -0.012245 0
0.360203 0.189818 -0.157435 0
-0.394470 0.204037 0.333361 0
0.007276 0.079953 -0.006390 0
0.333878 0.168416 -0.280321 0
-0.015862 0.078600 0.026814 0
0.176550 0.194229 -0.078202 0
0.465224 0.142026 -0.299358 0
0.150090 0.189505 -0.104895 0
0.132420 0.201362 -0.166636 0
-0.122686 0.093143 -0.060578 0
0.017782 0.114849 -0.034306 0
-0.038109 -0.534418 -0.017611 0
-0.044374 -0.139691 0.013929 0
0.098825 0.167625 -0.012056 0
-0.066944 0.027577 0.010919 0
-0.052058 -0.621674 -0.026274 0
0.326344 0.182611 -0.174821 0
-0.271106 0.203738 0.359062 0
-0.037730 -0.953981 -0.053824 0
-0.038519 -0.345989 -0.024482 0
-0.184117 0.117958 -0.103423 0
0.334402 0.169678 -0.244561 0
-0.041992 -0.271730 -0.008842 0
-0.052800 -0.894488 -0.044207 0
-0.050737 -0.053170 -0.000242 0
-0.029926 -0.917416 -0.037929 0
-0.181903 0.204383 0.298214 0
-0.055179 -0.235922 -0.009536 0
0.346111 0.162376 -0.304817 0
-0.058391 -0.854373 -0.038729 0
-0.051654 -0.490194 -0.017211 0
-0.140347 0.165684 0.097397 0
0.429594 0.149954 -0.270762 0
-0.043633 -0.770769 -0.043390 0
-0.051000 -0.577975 -0.026465 0
0.389272 0.179703 -0.143530 0
-0.323849 0.209896 0.289646 0
0.497503 0.129210 -0.295850 0
0.159204 0.198324 -0.028097 0
-0.049011 -0.839728 -0.059916 0
-0.044416 0.009260 -0.007330 0
-0.035822 -0.667471 -0.033448 0
0.209778 0.188668 -0.129942 0
-0.046554 -0.067790 -0.003397 0
0.228595 0.190487 -0.123228 0
-0.010231 0.063267 0.009025 0
-0.077865 0.053774 0.036025 0
0.167889 0.198484 -0.043718 0
0.061378 0.174643 -0.103962 0
0.430369 0.149128 -0.288801 0
-0.144108 0.058670 -0.045613 0
0.271878 0.183266 -0.174946 0
-0.148766 0.167489 0.088586 0
-0.052321 -0.420912 -0.008447 0
-0.208967 0.193280 0.105210 0
-0.156128 0.177063 0.131432 0
-0.054529 0.027028 0.018301 0
-0.292234 0.206801 0.286085 0
0.275767 0.180720 -0.277280 0
-0.332959 0.203488 0.351122 0
-0.271969 0.211797 0.157765 0
-0.183921 0.202140 0.246294 0
-0.419309 0.201578 0.332860 0
-0.367432 0.195870 0.403671 0
-0.038542 -0.255614 -0.019673 0
-0.191770 0.179549 0.160317 0
0.115791 0.182695 -0.019911 0
-0.175576 0.124508 -0.122401 0
-0.095688 0.132419 0.079368 0
0.474167 0.148936 -0.252896 0
-0.408986 0.158138 0.459119 0
-0.042434 -0.148182 -0.008585 0
-0.219125 0.201919 0.201713 0
-0.079279 0.104623 0.052891 0
-0.107763 0.065925 -0.020953 0
-0.297627 0.212116 0.228152 0
-0.158469 0.189804 0.169333 0
0.176110 0.200527 -0.034815 0
-0.042429 -0.315626 -0.008096 0
-0.209345 0.195683 0.157817 0
-0.051341 -0.559937 -0.008085 0
-0.253918 0.207406 0.202686 0
-0.332892 0.203181 0.333313 0
0.497036 0.114377 -0.311909 0
0.505936 0.106367 -0.290201 0
-0.350691 0.184935 0.437885 0
0.026587 0.106747 0.078932 0
0.185002 0.194426 -0.043086 0
0.448072 0.155625 -0.281227 0
0.447989 0.140297 -0.315299 0
0.440954 0.158424 -0.234410 0
-0.350338 0.210643 0.306963 0
-0.148028 0.205067 0.236766 0
-0.105673 0.140037 0.079250 0
0.246125 0.200395 -0.113947 0
0.385874 0.185393 -0.158237 0
-0.043803 -0.937924 -0.034768 0
0.210870 0.193510 -0.245028 0
0.307661 0.185665 -0.210146 0
-0.376896 0.201606 0.358927 0
0.456851 0.163677 -0.236754 0
-0.376268 0.195854 0.394680 0
0.396016 0.156487 -0.315210 0
0.167511 0.196950 -0.139701 0
0.382888 0.189447 -0.135302 0
0.298729 0.182280 -0.235960 0
-0.061693 0.055783 -0.087285 0
-0.227531 0.205297 0.333541 0
-0.147688 0.204806 0.254879 0
-0.227626 0.204994 0.316402 0
-0.043050 -0.648202 -0.017427 0
0.411533 0.151467 -0.298162 0
0.175204 0.193910 -0.095836 0
-0.166101 0.205560 0.262964 0
-0.412548 0.201642 0.350936 0
-0.132606 0.202393 0.245336 0
-0.038042 -0.427471 -0.022873 0
-0.262780 0.205231 0.298726 0
0.244964 0.194094 -0.184426 0
-0.059016 0.019809 -0.015489 0
-0.209217 0.195258 0.140565 0
-0.034466 -0.087587 -0.006523 0
-0.252171 0.206033 0.253817 0
-0.042236 -0.359094 -0.008408 0
0.246390 0.191139 -0.227107 0
-0.057892 -0.175470 0.008333 0
-0.148862 0.193254 0.184296 0
0.255381 0.182263 -0.227869 0
-0.183468 0.184855 0.114242 0
0.351742 0.170093 -0.262825 0
-0.413312 0.196505 0.377018 0
0.324902 0.178421 -0.245101 0
0.385253 0.166578 -0.220119 0
-0.187974 0.177675 0.133462 0
0.394697 0.157562 -0.297916 0
-0.009174 0.027260 -0.010322 0
0.335279 0.186151 -0.156843 0
-0.032107 0.068596 0.026536 0
-0.306196 0.194847 0.404041 0
0.090069 0.196572 -0.130953 0
-0.183558 0.191986 0.175904 0
-0.323894 0.214138 0.236095 0
-0.294880 0.204773 0.158273 0
0.473567 0.158403 -0.218827 0
-0.096195 0.097068 -0.079297 0
0.225836 0.197576 -0.072915 0
-0.057916 -0.271439 -0.009016 0
0.132662 0.206989 -0.207203 0
-0.427541 0.167514 0.463903 0
0.064801 0.156052 -0.027840 0
0.061773 0.159992 -0.060738 0
-0.248901 0.194041 0.374728 0
0.236497 0.195333 -0.097425 0
-0.049874 -0.752411 -0.041677 0
-0.122025 0.200583 0.202183 0
-0.105589 0.194971 0.201723 0
-0.037397 -0.369233 -0.000497 0
0.464871 0.148340 -0.289460 0
0.289780 0.182202 -0.253979 0
0.289650 0.189830 -0.191947 0
0.430989 0.158918 -0.280341 0
-0.047569 -0.970919 -0.037617 0
-0.271163 0.207837 0.254914 0
-0.297660 0.201015 0.368333 0
0.035816 0.142270 -0.061185 0
-0.321998 0.187433 0.422338 0
-0.023082 0.019915 -0.003649 0
-0.043283 -0.103633 -0.007671 0
0.316308 0.186059 -0.201361 0
-0.155134 0.161114 0.079559 0
0.024725 0.094056 0.053409 0
-0.043354 -0.587203 -0.009397 0
-0.209884 0.207631 0.333456 0
-0.004405 0.094532 -0.039118 0
-0.393733 0.175117 0.453988 0
0.342368 0.192495 -0.140299 0
-0.070108 0.089918 0.052373 0
-0.175209 0.176043 0.157651 0
0.141534 0.178323 -0.089103 0
0.167365 0.194162 -0.122398 0
-0.190969 0.186298 0.096201 0
0.496325 0.137973 -0.271236 0
-0.201000 0.203413 0.228126 0
-0.386300 0.211465 0.297940 0
0.315198 0.183754 -0.218824 0
-0.341174 0.212505 0.254752 0
0.184121 0.193649 -0.122370 0
0.158720 0.191072 -0.096827 0
-0.116555 0.145683 0.079917 0
-0.043538 -0.096200 0.015449 0
-0.046628 -0.797354 -0.049308 0
0.096571 0.175859 -0.034768 0
0.079372 0.184248 -0.104781 0
-0.051915 -0.297748 -0.017488 0
-0.052639 -0.893442 -0.060825 0
0.185414 0.197760 -0.176694 0
-0.305896 0.201718 0.359615 0
-0.001059 0.052743 -0.022245 0
-0.208925 0.204555 0.263233 0
-0.149314 0.105253 -0.045478 0
-0.044979 -0.728794 -0.043246 0
0.415397 0.170036 -0.158236 0
-0.043496 -0.787238 -0.020216 0
-0.286504 0.205149 0.139898 0
0.035312 0.132331 -0.035105 0
-0.051487 -0.807729 -0.043958 0
-0.271591 0.209263 0.210577 0
-0.005378 0.085777 0.026714 0
-0.036997 -0.473043 -0.023009 0
-0.228238 0.200921 0.166129 0
0.248047 0.182130 -0.242927 0
-0.037516 -0.499679 -0.017274 0
0.412607 0.148206 -0.314774 0
-0.340562 0.217082 0.236300 0
-0.137571 0.095070 -0.076867 0
-0.037351 -0.909778 -0.026484 0
-0.111550 0.094752 -0.088044 0
0.290313 0.185983 -0.219077 0
-0.139934 0.106961 -0.060667 0
0.447696 0.143609 -0.297330 0
-0.014765 0.052827 -0.000774 0
-0.053771 -0.393463 -0.008847 0
-0.262030 0.209099 0.167441 0
-0.307054 0.185249 0.412495 0
0.297951 0.187236 -0.157487 0
-0.034318 -0.000075 -0.008178 0
-0.045448 -0.913693 -0.057349 0
0.147958 0.178960 -0.100145 0
0.404087 0.173725 -0.210811 0
-0.137036 0.198679 0.196622 0
0.237688 0.197723 -0.058843 0
-0.297867 0.212592 0.211341 0
-0.058399 -0.008331 0.017971 0
0.314852 0.169691 -0.263301 0
-0.104954 0.126445 0.085106 0
-0.034376 -0.041629 0.009380 0
0.047793 0.138205 -0.017429 0
-0.049390 -0.938320 -0.045788 0
-0.184433 0.196414 0.192691 0
-0.051245 -0.823085 -0.043389 0
-0.041346 -0.727105 -0.025312 0
0.360338 0.169039 -0.219800 0
-0.075881 0.057076 -0.031434 0
-0.037875 -0.516992 -0.016986 0
0.201429 0.199015 -0.228295 0
0.207431 0.196318 -0.043757 0
0.271613 0.186186 -0.236845 0
-0.054712 -0.148417 -0.000019 0
0.375479 0.171498 -0.250351 0
0.386008 0.151747 -0.306879 0
0.324678 0.201342 -0.104984 0
-0.288652 0.199810 0.386285 0
-0.095666 0.141036 0.087918 0
-0.245094 0.205204 0.184760 0
0.318251 0.187191 -0.156461 0
0.350947 0.175196 -0.245490 0
0.421616 0.172037 -0.210297 0
0.053195 0.152326 -0.067665 0
0.288814 0.178537 -0.210349 0
-0.165232 0.199914 0.219063 0
0.306365 0.170687 -0.271393 0
0.151430 0.183745 -0.088403 0
0.367531 0.192382 -0.131083 0
0.121327 0.179260 -0.010205 0
-0.036413 -0.560942 -0.026397 0
0.255488 0.197496 -0.099617 0
-0.044987 -0.867452 -0.051457 0
-0.097976 0.098175 -0.096705 0
-0.253806 0.208721 0.131532 0
0.412646 0.168408 -0.192181 0
-0.130498 0.149754 0.105482 0
0.069008 0.154965 -0.070752 0
0.193812 0.195402 -0.051593 0
0.158397 0.203819 -0.210302 0
-0.113530 0.105756 -0.096575 0
-0.227765 0.205067 0.263514 0
-0.174795 0.182659 0.175239 0
0.483588 0.126653 -0.300194 0
-0.244754 0.203461 0.359842 0
-0.184179 0.205428 0.280588 0
0.360307 0.175611 -0.192929 0
-0.038687 -0.275084 0.008604 0
0.064589 0.145660 -0.031972 0
-0.271490 0.197513 0.398211 0
-0.114013 0.097355 -0.052845 0
0.422192 0.148807 -0.306841 0
-0.052526 -0.314865 -0.016850 0
-0.453633 0.158090 0.447512 0
-0.048151 -0.351811 -0.023066 0
0.282090 0.184834 -0.228144 0
-0.051445 -0.788454 -0.028571 0
0.052483 0.150570 -0.051828 0
0.325313 0.159491 -0.290820 0
0.367640 0.158963 -0.288978 0
0.262550 0.177501 -0.263403 0
-0.296696 0.215647 0.171241 0
0.049757 0.134521 -0.035012 0
-0.321074 0.206084 0.308591 0
0.430358 0.159756 -0.262562 0
-0.046728 -0.991683 -0.034952 0
-0.209104 0.194068 0.122766 0
0.008820 0.095906 -0.026303 0
0.341756 0.180746 -0.227032 0
-0.390746 0.197888 0.390680 0
-0.134055 0.112101 -0.114304 0
-0.104136 0.134087 0.070024 0
-0.104744 0.078506 -0.035492 0
0.466178 0.144703 -0.273770 0
0.301521 0.196603 -0.113323 0
0.026122 0.115432 -0.026244 0
0.018274 0.104374 -0.011404 0
-0.131050 0.090933 -0.129232 0
0.420988 0.168515 -0.175372 0
-0.297854 0.205732 0.306914 0
-0.183307 0.115009 -0.139766 0
-0.122691 0.201257 0.219303 0
0.150045 0.181791 -0.072227 0
0.386465 0.168947 -0.254205 0
-0.060406 0.050502 -0.026178 0
0.307084 0.191966 -0.175082 0
0.309456 0.186051 -0.165564 0
-0.385586 0.211371 0.281048 0
-0.297512 0.203611 0.350271 0
-0.106536 0.128677 0.053163 0
-0.051986 -0.201607 -0.014445 0
-0.375147 0.204400 0.333209 0
-0.043250 -0.209817 -0.008471 0
-0.041948 -0.771226 -0.025650 0
-0.040558 -0.847704 -0.018271 0
-0.033756 -0.613231 -0.032648 0
-0.058156 -0.700830 -0.032714 0
-0.042883 -0.569341 -0.009028 0
-0.040644 -0.964150 -0.049968 0
0.007772 0.081407 -0.017285 0
0.377717 0.169251 -0.262527 0
-0.060029 -0.902422 -0.041793 0
-0.045811 -0.683848 -0.041480 0
-0.066142 0.067038 -0.069921 0
0.022634 0.095737 -0.023419 0
-0.191831 0.129424 -0.104813 0
0.386888 0.158774 -0.288920 0
-0.042659 -0.490727 -0.008155 0
-0.020283 -0.019456 -0.000373 0
-0.048966 -0.920603 -0.030162 0
-0.299767 0.188404 0.421418 0
0.288056 0.175757 -0.244844 0
-0.043877 -0.482462 -0.026154 0
-0.037884 -0.517258 -0.002845 0
-0.051302 -0.516914 -0.016809 0
-0.185226 0.128570 -0.119147 0
-0.442571 0.147081 0.460564 0
-0.122080 0.140886 0.088076 0
-0.010692 0.056658 0.017754 0
-0.273320 0.209688 0.237673 0
-0.446329 0.182563 0.403429 0
0.376308 0.159111 -0.280208 0
0.454624 0.162673 -0.253678 0
-0.374152 0.196847 0.377496 0
0.369710 0.190818 -0.148460 0
-0.163457 0.113796 -0.063321 0
-0.236683 0.203804 0.220241 0
-0.313989 0.201269 0.368081 0
0.069417 0.147870 -0.042751 0
-0.158053 0.182976 0.148931 0
0.229329 0.195278 -0.139752 0
0.280732 0.177218 -0.236816 0
0.167610 0.192678 -0.060838 0
-0.060282 -0.938580 -0.035387 0
0.454910 0.164800 -0.218934 0
-0.004608 0.077243 -0.026604 0
-0.033946 0.028104 0.001042 0
-0.058836 -0.965819 -0.042817 0
-0.351128 0.205282 0.333617 0
-0.017248 0.069012 0.019049 0
0.326873 0.193093 -0.113148 0
-0.113465 0.155188 0.099637 0
0.477412 0.144196 -0.232683 0
-0.062887 -0.985277 -0.057163 0
-0.173812 0.113475 -0.131070 0
0.307606 0.180520 -0.244896 0
0.281020 0.179166 -0.218720 0
0.204201 0.194884 -0.069030 0
-0.037185 -0.693005 -0.034847 0
0.237626 0.199156 -0.122520 0
-0.051369 -0.543344 -0.026298 0
0.377673 0.147729 -0.312819 0
-0.037143 -0.482340 -0.017525 0
0.442143 0.160675 -0.202562 0
-0.145806 0.098453 -0.123379 0
-0.306429 0.208255 0.272191 0
-0.359765 0.212357 0.271385 0
-0.113127 0.139478 0.096601 0
-0.069242 0.044843 0.026289 0
-0.042948 -0.016810 0.000713 0
0.421052 0.175868 -0.166071 0
0.502666 0.122920 -0.288805 0
-0.050931 0.046150 -0.087079 0
-0.146297 0.157561 0.062235 0
-0.254239 0.208016 0.228012 0
-0.044028 -0.386101 0.000005 0
0.149191 0.193627 -0.042986 0
0.035990 0.161041 -0.086894 0
0.159332 0.193219 -0.069974 0
-0.176677 0.189509 0.167187 0
-0.305152 0.197243 0.386786 0
-0.051800 0.035146 0.011612 0
-0.043758 -0.174890 -0.008387 0
-0.052059 -0.596020 -0.025635 0
-0.168371 0.191250 0.175613 0
0.245141 0.189436 -0.254021 0
-0.086621 0.091776 0.057890 0
-0.054926 0.061350 -0.070092 0
-0.113195 0.158800 0.113552 0
-0.009476 0.035803 -0.017112 0
-0.336317 0.214168 0.208139 0
-0.446752 0.157994 0.465208 0
0.086578 0.170842 -0.068976 0
0.271106 0.177497 -0.254398 0
-0.369608 0.186778 0.430255 0
0.333047 0.166436 -0.262884 0
-0.165781 0.195630 0.193704 0
-0.051132 -0.114412 -0.008486 0
-0.139845 0.161094 0.120673 0
-0.052053 -0.455443 -0.009234 0
-0.042899 -0.384659 -0.017432 0
-0.039958 -0.779432 -0.038339 0
0.154256 0.188554 -0.028031 0
-0.035076 -0.902608 -0.058824 0
0.396163 0.168281 -0.245318 0
-0.192335 0.190628 0.140299 0
-0.049387 -0.886835 -0.028534 0
-0.036719 -0.414527 0.000048 0
-0.048579 -0.272371 0.005733 0
-0.208558 0.184833 0.080300 0
0.177481 0.196498 -0.166918 0
-0.057437 -0.849306 -0.048967 0
0.052474 0.167569 -0.078774 0
-0.236043 0.206789 0.256239 0
-0.082009 0.080030 -0.051363 0
-0.006333 0.070381 0.000079 0
-0.034603 -0.789604 -0.043159 0
0.292529 0.195531 -0.121227 0
-0.056959 -0.217269 -0.000803 0
-0.036789 -0.631050 -0.017688 0
-0.323896 0.198439 0.379895 0
-0.437302 0.183255 0.411801 0
-0.385912 0.208895 0.316455 0
-0.087636 0.105267 0.044070 0
-0.049973 -0.955415 -0.034265 0
-0.121476 0.088255 -0.044217 0
0.349933 0.167135 -0.225886 0
0.201538 0.192761 -0.106318 0
-0.072166 0.058899 -0.020434 0
-0.202014 0.118117 -0.140760 0
0.167880 0.192853 -0.087795 0
-0.034127 0.034942 0.009136 0
-0.052988 -0.806812 -0.026142 0
-0.050258 -0.191022 0.008118 0
-0.036958 -0.552485 -0.010811 0
0.231049 0.189577 -0.253778 0
0.324567 0.174927 -0.262816 0
-0.027329 0.091557 0.062984 0
-0.340880 0.209808 0.314984 0
0.351365 0.179070 -0.183993 0
0.436753 0.171593 -0.192187 0
-0.060614 -0.885824 -0.040903 0
-0.052207 -0.778064 -0.026836 0
-0.014394 0.067509 0.033640 0
-0.053105 -0.359803 -0.008066 0
-0.006451 0.110910 0.070842 0
-0.058790 -0.429488 -0.016807 0
-0.041337 -0.663173 -0.012188 0
-0.001182 0.071348 -0.009768 0
-0.097173 0.120878 0.053339 0
0.131913 0.186908 -0.061278 0
0.246066 0.188678 -0.149214 0
0.348273 0.198016 -0.121295 0
-0.043354 -0.708105 -0.020242 0
-0.094411 0.080723 -0.078460 0
-0.041202 -0.053552 -0.008466 0
-0.052766 -0.561220 -0.032193 0
-0.081643 0.070967 -0.066228 0
-0.069487 0.052762 0.019404 0
-0.054212 -0.787182 -0.048561 0
0.456793 0.148717 -0.271381 0
0.194156 0.185233 -0.130982 0
0.008891 0.119235 0.097631 0
0.044860 0.175557 -0.096653 0
-0.191521 0.107070 -0.151145 0
-0.060494 0.053320 -0.052398 0
-0.001987 0.064273 -0.025391 0
-0.050170 -0.527252 -0.026236 0
-0.053365 -0.376503 -0.008117 0
0.025319 0.134246 -0.061559 0
-0.050451 -0.604530 -0.032045 0
0.307374 0.175393 -0.220255 0
-0.043583 -0.588746 -0.041530 0
-0.052478 -0.333109 -0.017204 0
0.403991 0.141618 -0.316026 0
-0.396525 0.197382 0.377745 0
0.281092 0.198227 -0.146375 0
-0.315441 0.217092 0.192665 0
-0.165050 0.168222 0.113450 0
0.420578 0.165358 -0.218486 0
-0.138086 0.151604 0.096279 0
0.404696 0.166657 -0.222379 0
0.388081 0.158198 -0.252942 0
0.272407 0.182587 -0.210703 0
0.044370 0.167373 -0.086730 0
-0.044027 -0.613383 -0.034696 0
-0.450520 0.169615 0.401904 0
0.247309 0.182741 -0.268809 0
-0.037201 -0.586927 -0.025804 0
0.481750 0.128416 -0.314238 0
0.378533 0.170731 -0.201535 0
-0.351281 0.179580 0.452416 0
-0.052547 -0.718466 -0.034584 0
-0.090667 0.174265 0.155324 0
0.296998 0.206548 -0.087441 0
0.334096 0.175628 -0.254152 0
-0.054406 0.046897 0.032903 0
-0.255194 0.204908 0.290694 0
0.245580 0.198537 -0.131613 0
0.078419 0.192785 -0.122864 0
0.009631 0.080869 -0.034302 0
-0.042599 -0.987566 -0.049520 0
-0.140598 0.182841 0.149406 0
0.351598 0.175757 -0.200490 0
-0.219586 0.204997 0.281841 0
0.331698 0.173219 -0.210343 0
-0.058423 -0.234394 0.008551 0
-0.072511 0.069085 0.027529 0
0.388154 0.161482 -0.237672 0
0.298667 0.178548 -0.193623 0
0.070010 0.173932 -0.086984 0
-0.097623 0.094162 -0.059454 0
-0.174677 0.198679 0.210865 0
0.247284 0.192080 -0.200853 0
0.060692 0.142328 -0.020491 0
-0.050651 -0.280779 -0.017543 0
0.116422 0.206859 -0.184627 0
-0.251010 0.206122 0.148689 0
0.402822 0.177344 -0.149064 0
-0.278956 0.213921 0.183400 0
0.423065 0.138799 -0.320561 0
-0.140139 0.104583 -0.097783 0
0.264333 0.184913 -0.218687 0
-0.041643 -0.745485 -0.024917 0
0.403535 0.180261 -0.170952 0
-0.017544 0.010377 -0.016177 0
-0.428140 0.188007 0.393801 0
0.209972 0.190812 -0.112768 0
-0.058825 -0.835971 -0.038326 0
-0.049926 -0.587056 -0.017282 0
0.009480 0.120634 0.113917 0
0.035986 0.121897 -0.051168 0
-0.034663 -0.832678 -0.024008 0
-0.122927 0.085269 -0.076009 0
0.027245 0.115708 0.105117 0
-0.057053 -0.316569 0.001975 0
-0.038415 -0.849602 -0.041566 0
-0.035396 -0.869916 -0.044530 0
-0.367589 0.182507 0.446919 0
-0.368232 0.212953 0.281576 0
-0.141278 0.205355 0.262852 0
-0.080771 0.068863 -0.026586 0
0.014652 0.100897 -0.040847 0
-0.315673 0.217382 0.218954 0
-0.089149 0.113764 0.074968 0
0.307626 0.172990 -0.286896 0
-0.058344 -0.972665 -0.051841 0
0.306050 0.195385 -0.131572 0
-0.049613 -0.175423 -0.016784 0
0.437949 0.165902 -0.174156 0
0.307262 0.183194 -0.184505 0
0.456469 0.159213 -0.263108 0
0.361626 0.165723 -0.236476 0
-0.065455 -0.946031 -0.041186 0
-0.030285 0.067875 0.041068 0
0.281345 0.206536 -0.091864 0
-0.037208 -0.324374 -0.008522 0
-0.385975 0.188176 0.421704 0
-0.042302 -0.550078 -0.001193 0
0.416054 0.161970 -0.279694 0
-0.041483 -0.685408 -0.003364 0
-0.303616 0.206361 0.286523 0
-0.055767 -0.839223 -0.018869 0
0.192258 0.196775 -0.165747 0
-0.078166 0.071014 0.035894 0
-0.200510 0.207285 0.307013 0
-0.042837 -0.911526 -0.034851 0
-0.037797 -0.436504 -0.008612 0
-0.192813 0.202004 0.219321 0
-0.192184 0.177407 0.087867 0
0.279161 0.184368 -0.254965 0
-0.095254 0.055948 -0.027318 0
-0.050972 -0.219057 0.007564 0
-0.432191 0.195891 0.351217 0
-0.059637 -0.306786 -0.013911 0
-0.105856 0.168714 0.129267 0
-0.166060 0.182198 0.141418 0
-0.041846 -0.709753 -0.035234 0
-0.040376 -0.680708 -0.023913 0
-0.084569 0.080905 0.044093 0
-0.315054 0.199259 0.384749 0
-0.051623 -0.324369 -0.022560 0
-0.043761 -0.797410 -0.025597 0
-0.157782 0.172028 0.088007 0
-0.052514 -0.736154 -0.025659 0
-0.147809 0.158913 0.096639 0
0.368653 0.181489 -0.192355 0
0.060740 0.140783 -0.052847 0
-0.046660 -0.618613 -0.042919 0
0.448048 0.132029 -0.321074 0
-0.176231 0.183558 0.122799 0
-0.059006 0.035692 0.027569 0
-0.049976 -0.762939 -0.043099 0
0.420959 0.155545 -0.254738 0
-0.044943 -0.628086 -0.039707 0
-0.221135 0.198237 0.122447 0
-0.038138 -0.401159 -0.023039 0
0.439110 0.157555 -0.244270 0
0.246131 0.195381 -0.105225 0
-0.360283 0.198179 0.394556 0
-0.166142 0.183491 0.167802 0
-0.010329 0.017215 -0.017669 0
-0.200631 0.190212 0.096895 0
-0.341274 0.186187 0.430261 0
-0.164768 0.203421 0.236674 0
-0.042938 -0.131369 0.008491 0
0.019941 0.115637 0.129049 0
0.015963 0.111225 0.082351 0
0.212835 0.192765 -0.096116 0
0.085401 0.170180 -0.034760 0
0.184684 0.195951 -0.105217 0
-0.059612 -0.128949 -0.004991 0
-0.132660 0.097881 -0.106415 0
-0.088815 0.071418 -0.077010 0
-0.058261 -0.674672 -0.035348 0
-0.051912 -0.254010 -0.016573 0
-0.112810 0.194297 0.184103 0
-0.340754 0.198497 0.391201 0
-0.138585 0.191654 0.175463 0
0.004089 0.093714 -0.044326 0
0.464440 0.150491 -0.262306 0
-0.045260 -0.112940 0.014705 0
-0.165939 0.202988 0.280335 0
-0.281074 0.206177 0.324598 0
0.281376 0.191831 -0.175131 0
-0.045199 -0.429676 -0.001859 0
-0.289140 0.212467 0.202514 0
-0.139503 0.116953 -0.105349 0
0.141460 0.186855 -0.017686 0
0.220793 0.196531 -0.175759 0
0.286561 0.180656 -0.271424 0
0.455958 0.155982 -0.228574 0
-0.333607 0.185197 0.444520 0
-0.042214 -0.498510 -0.001941 0
-0.113396 0.104256 -0.078820 0
0.271880 0.207872 -0.078885 0
-0.132285 0.148235 0.088691 0
-0.226632 0.205461 0.246407 0
-0.057419 0.006096 0.002098 0
-0.049730 -0.252812 0.006342 0
0.166753 0.201502 -0.218658 0
0.395040 0.177193 -0.183780 0
-0.044217 -0.234851 0.007428 0
-0.058593 -0.254668 -0.008645 0
-0.043766 -0.052380 0.010452 0
-0.219379 0.197287 0.348830 0
-0.229897 0.197713 0.356606 0
0.108255 0.181246 -0.026239 0
0.159888 0.186423 -0.060419 0
0.358824 0.165737 -0.246017 0
-0.305580 0.216912 0.184229 0
-0.028877 -0.016468 -0.014314 0
0.263233 0.203155 -0.087281 0
0.185099 0.201383 -0.227385 0
-0.097079 0.165560 0.123755 0
-0.207472 0.197420 0.188397 0
-0.051547 -0.665540 -0.035039 0
-0.058951 -0.280717 0.005437 0
-0.427422 0.199019 0.327751 0
-0.052070 -0.438238 -0.008412 0
-0.007242 0.117349 0.102804 0
-0.173597 0.185580 0.149206 0
0.376721 0.164061 -0.288779 0
0.168931 0.198721 -0.026333 0
0.367820 0.184681 -0.139292 0
0.262441 0.192147 -0.138482 0
-0.113236 0.187480 0.175968 0
0.233112 0.197282 -0.079659 0
-0.152837 0.104126 -0.082709 0
0.505270 0.106094 -0.302953 0
-0.017269 0.107172 0.070338 0
-0.220048 0.197830 0.108138 0
-0.305445 0.206645 0.325850 0
0.212220 0.197342 -0.229175 0
-0.049437 -0.058961 -0.008788 0
-0.245312 0.204500 0.342283 0
-0.412381 0.204268 0.325030 0
0.238888 0.204323 -0.046607 0
-0.036467 -0.024014 -0.009050 0
-0.056393 -0.419931 -0.017357 0
-0.440385 0.177143 0.430841 0
-0.157518 0.118124 -0.126327 0
-0.056711 0.019799 0.031365 0
0.123944 0.185493 -0.095920 0
0.036192 0.156137 -0.069809 0
-0.330276 0.205870 0.315898 0
-0.119393 0.135034 0.079630 0
-0.121987 0.106464 -0.104403 0
-0.148245 0.172967 0.123165 0
-0.042904 -0.516886 -0.025689 0
-0.323906 0.217244 0.201771 0
-0.051283 -0.036201 -0.004596 0
-0.026209 0.057522 0.032454 0
0.412212 0.166777 -0.245069 0
-0.055217 -0.298043 -0.008271 0
-0.357444 0.205823 0.325157 0
-0.262383 0.210390 0.140062 0
0.421114 0.173245 -0.193012 0
-0.096093 0.190246 0.183773 0
0.254314 0.202387 -0.061183 0
-0.051902 -0.631451 -0.026412 0
0.168127 0.184642 -0.095220 0
0.141540 0.189198 -0.084615 0
0.159705 0.181645 -0.105108 0
-0.420014 0.195045 0.370066 0
0.212264 0.196734 -0.062543 0
0.281224 0.190516 -0.201367 0
-0.062052 0.052126 -0.096329 0
-0.054506 -0.718329 -0.020763 0
-0.038176 -0.086860 0.014177 0
0.068962 0.159860 -0.042985 0
-0.042879 -0.675094 -0.034837 0
-0.050966 -0.465121 -0.008687 0
-0.053023 0.001024 0.025708 0
0.166340 0.201224 -0.191500 0
-0.044360 -0.262833 -0.016654 0
-0.040491 -0.043938 -0.014480 0
0.297974 0.186737 -0.210279 0
0.290406 0.168568 -0.281232 0
0.271354 0.194117 -0.129059 0
-0.177702 0.173827 0.130088 0
-0.051352 0.053387 -0.096202 0
0.376963 0.184141 -0.174732 0
0.202155 0.198388 -0.095417 0
-0.340888 0.216643 0.219160 0
0.419998 0.151097 -0.290151 0
-0.132388 0.155509 0.079868 0
0.262055 0.178781 -0.277985 0
-0.042198 -0.420429 -0.017582 0
0.275947 0.171113 -0.281127 0
0.220127 0.195732 -0.219266 0
0.316696 0.194786 -0.123236 0
0.133294 0.202249 -0.198737 0
-0.052646 -0.403409 -0.008315 0
-0.129796 0.202911 0.228329 0
0.378194 0.161804 -0.244760 0
0.307547 0.173896 -0.236654 0
-0.358735 0.199798 0.368458 0
-0.060747 0.048455 -0.071118 0
-0.041434 -0.525342 -0.033746 0
-0.176590 0.127958 -0.086870 0
0.315288 0.173687 -0.227619 0
-0.357757 0.197726 0.381365 0
-0.253204 0.205546 0.120156 0
0.105642 0.184753 -0.104662 0
-0.064001 0.050329 -0.121929 0
0.403754 0.164054 -0.280575 0
-0.261993 0.208699 0.236126 0
0.450228 0.156712 -0.237767 0
0.065667 0.193638 -0.140166 0
0.123283 0.192632 -0.131588 0
-0.218985 0.204499 0.237612 0
-0.060849 0.008865 0.017652 0
-0.053586 0.061019 -0.087288 0
-0.192867 0.132226 -0.113988 0
-0.036510 -0.845951 -0.052167 0
-0.245736 0.206619 0.288257 0
-0.402833 0.188783 0.407308 0
-0.041504 -0.604811 -0.016860 0
-0.062737 0.070602 0.043897 0
-0.451868 0.169054 0.411438 0
-0.050892 -0.613196 -0.017323 0
0.211380 0.186504 -0.139202 0
0.096988 0.177021 -0.079305 0
0.201508 0.196214 -0.148346 0
-0.403657 0.208110 0.298934 0
-0.044103 -0.147780 0.008704 0
0.333769 0.190526 -0.166462 0
-0.037403 -0.463819 -0.016774 0
-0.130765 0.184323 0.158018 0
-0.225191 0.192581 0.089315 0
-0.086496 0.071169 -0.034459 0
-0.035405 -0.397241 0.000115 0
-0.044522 -0.929589 -0.043428 0
0.256066 0.194783 -0.114243 0
0.359981 0.169311 -0.271611 0
-0.095992 0.088416 -0.069749 0
-0.102110 0.108543 0.046059 0
-0.009187 0.051743 -0.008516 0
-0.211241 0.204615 0.245540 0
-0.043119 -0.919958 -0.042222 0
-0.019566 0.001195 -0.008698 0
-0.251404 0.206010 0.193533 0
0.165551 0.198213 -0.176322 0
-0.040450 0.016307 -0.001405 0
-0.280731 0.208412 0.254951 0
-0.088811 0.112682 0.052494 0
0.192727 0.194457 -0.061060 0
0.263754 0.192445 -0.193131 0
0.341479 0.176394 -0.244754 0
0.395193 0.165702 -0.220238 0
