0.052035 -0.150669 0.122674 0
-0.475277 0.154678 -0.731810 0
0.893893 0.143720 -0.410084 0
-0.640194 0.300417 0.707036 0
0.152713 -0.957658 0.195711 0
0.168672 0.168507 -0.418723 0
-0.392192 0.230285 -0.083344 0
0.262664 0.328954 0.431622 0
0.523249 0.042121 -0.038720 0
-0.245306 0.026612 0.504695 0
0.096580 -0.560401 0.097543 0
-0.125605 -0.028421 -0.233096 0
-0.161455 0.071656 -0.577773 0
0.041300 0.160941 0.243896 0
-0.431690 0.085860 -0.413205 0
0.619834 0.110334 -0.304937 0
-0.450358 0.232119 0.493252 0
0.298572 -0.129783 -0.023021 0
-0.080682 0.093572 0.010088 0
0.213501 0.109822 0.045279 0
-0.155648 -0.011589 0.262880 0
0.090665 0.085814 -0.204613 0
0.285841 0.174044 0.254756 0
0.170227 -0.018825 0.252046 0
-0.340902 0.204981 -0.569302 0
0.149493 -0.338070 0.080179 0
-0.466874 0.157982 0.693652 0
-0.028450 -0.139042 -0.080038 0
0.073701 -0.763952 0.148641 0
-0.226398 0.088493 -0.379919 0
-0.229566 0.115593 -0.126980 0
-0.008272 0.088800 -0.379007 0
0.411885 -0.023455 -0.181878 0
0.790284 0.060635 -0.284079 0
0.672571 0.072809 -0.130123 0
0.153108 0.211168 0.367211 0
0.019654 0.027755 0.136231 0
0.010569 -0.309461 0.177597 0
-0.371555 0.084907 0.407422 0
-0.065011 -0.148950 0.239982 0
-0.097192 0.027673 0.411852 0
-0.348728 0.129184 0.580119 0
0.746919 0.201985 -0.368206 0
0.022082 0.011619 -0.082216 0
-0.499929 0.304175 0.624732 0
-0.462263 0.118137 -0.572699 0
0.526812 0.069561 -0.187908 0
0.390514 -0.016968 -0.037153 0
-0.229167 0.067715 0.358700 0
0.199590 -0.211030 0.044501 0
0.014503 -0.233853 0.014048 0
0.154601 0.002072 0.113129 0
-0.120323 0.026061 -0.105831 0
-0.242210 0.044880 -0.247287 0
0.080628 -0.433152 0.153142 0
0.009357 -0.067058 0.026069 0
0.152081 -0.150871 0.208493 0
-0.241944 0.144421 -0.498233 0
-0.354784 0.140980 -0.686022 0
0.169953 0.114493 0.285629 0
-0.341475 0.044901 -0.326737 0
-0.024799 0.043140 -0.258408 0
0.121187 -0.872446 0.110378 0
0.095740 0.130548 -0.319804 0
-0.116588 0.041202 -0.349486 0
-0.276069 0.169653 -0.029072 0
0.241860 0.071067 0.199379 0
-0.341937 0.142824 -0.155579 0
0.257883 0.260952 0.331247 0
-0.261294 0.132162 -0.617320 0
0.108196 -0.659468 0.186245 0
-0.144213 0.066386 -0.463059 0
0.109248 -0.254833 0.150847 0
-0.160463 0.168385 -0.034499 0
-0.409425 0.184237 -0.466327 0
-0.557425 0.219255 0.725780 0
0.714809 0.138506 -0.248763 0
0.083970 0.056834 0.223831 0
-0.303693 0.145632 0.480245 0
-0.055400 -0.057567 -0.152530 0
-0.424213 0.217729 0.611420 0
-0.305295 0.159948 -0.398286 0
0.833551 0.155171 -0.322866 0
0.045438 -0.320945 0.068093 0
0.584483 0.114503 -0.084110 0
0.616215 0.124061 -0.201114 0
0.094528 -0.064421 0.163418 0
-0.435434 0.190423 -0.645287 0
0.452614 0.040424 -0.116119 0
0.087599 0.110258 -0.417501 0
0.005045 -0.213233 0.201996 0
-0.062984 0.000867 -0.028875 0
0.588782 0.029566 -0.256574 0
-0.070370 -0.057586 0.279832 0
-0.000294 0.045482 0.043515 0
0.506409 -0.026570 -0.194151 0
0.008522 0.039412 -0.171529 0
0.726496 0.056394 -0.206792 0
-0.172155 0.053567 -0.187484 0
-0.332877 0.135175 -0.483118 0
0.190392 0.305778 0.374831 0
-0.405432 0.156828 0.453467 0
-0.184842 0.041173 0.433297 0
0.096661 -0.650699 0.097210 0
0.030558 -0.149654 -0.013411 0
0.160134 -0.761271 0.125462 0
-0.318151 0.048200 0.562024 0
-0.381680 0.199429 0.537351 0
0.225889 0.051798 0.113137 0
-0.153834 0.028796 0.341924 0
0.126362 -0.958491 0.110592 0
-0.306282 0.030545 0.368749 0
-0.414530 0.115989 0.639898 0
-0.580830 0.323627 0.645515 0
0.078569 -0.077641 0.080334 0
0.318810 -0.058853 -0.066512 0
0.686589 0.143768 -0.351352 0
0.823826 0.198958 -0.404725 0
-0.427458 0.104193 -0.496328 0
0.024151 -0.070988 -0.064434 0
-0.160354 0.092520 -0.071451 0
0.181082 0.148104 -0.338205 0
-0.495200 0.234430 0.670950 0
0.214215 0.181414 0.308366 0
-0.262806 0.081036 0.433130 0
0.067810 -0.475947 0.083581 0
-0.184798 0.057914 -0.304629 0
-0.226926 0.017128 0.291133 0
0.124940 -0.833229 0.182082 0
-0.065740 0.094788 -0.306781 0
-0.195541 0.000872 -0.125043 0
-0.494555 0.130456 -0.646330 0
0.081492 -0.344391 0.136042 0
-0.481142 0.288708 0.540573 0
0.155021 0.055417 0.053812 0
0.035621 0.086838 -0.291859 0
0.066087 -0.246060 0.082794 0
-0.362387 0.101121 -0.378549 0
-0.320862 0.200315 -0.095864 0
0.377974 -0.005948 -0.113559 0
0.070995 -0.591144 0.164393 0
-0.404022 0.167643 -0.545315 0
0.118175 0.155088 0.325901 0
-0.061997 0.008861 -0.200425 0
-0.274091 0.083575 -0.320137 0
0.466900 -0.011509 -0.037700 0
0.191081 0.017646 0.179128 0
0.132400 -0.084088 0.241443 0
0.121191 -0.181303 0.131461 0
-0.281710 0.103977 -0.181108 0
-0.188603 0.123446 -0.440637 0
-0.108010 0.038350 -0.262870 0
0.509451 0.086170 -0.098500 0
0.123018 0.077857 -0.271760 0
0.233075 -0.161798 -0.005649 0
-0.200145 0.135204 -0.570699 0
0.071891 -0.506732 0.160587 0
0.150448 -0.258120 0.074397 0
0.009651 -0.030615 0.092466 0
0.763194 0.144769 -0.303945 0
0.165666 -0.051337 0.176546 0
-0.089306 -0.010703 0.332317 0
0.084154 -0.132832 0.186290 0
0.097520 0.114966 0.268927 0
-0.123122 -0.031626 -0.154389 0
0.229932 0.129031 0.244377 0
0.859987 0.088024 -0.326513 0
-0.036295 -0.120107 0.008469 0
-0.199248 0.100760 -0.635149 0
0.186117 0.056801 0.242184 0
-0.559802 0.288409 0.708902 0
-0.275336 0.106807 -0.434789 0
-0.288212 0.199967 -0.616164 0
-0.284007 0.086480 0.513158 0
-0.073051 0.064848 -0.055973 0
0.109283 -0.005409 0.197681 0
0.105354 -0.400711 0.096959 0
0.025336 -0.067372 0.167523 0
0.686166 0.110255 -0.190898 0
-0.184299 0.161211 -0.101672 0
-0.361550 0.188286 -0.632573 0
-0.287763 0.163425 -0.557187 0
0.092938 -0.916319 0.153983 0
0.163498 -0.904866 0.152598 0
-0.259859 0.170370 -0.097056 0
0.111983 -0.715676 0.110905 0
-0.158020 0.082504 -0.396058 0
-0.172205 0.101187 -0.513883 0
0.565892 0.107103 -0.147956 0
-0.035840 -0.046948 -0.089803 0
-0.224892 0.135043 -0.054420 0
-0.032946 0.026721 0.096055 0
0.032530 0.060686 -0.227605 0
-0.391329 0.129078 -0.438951 0
-0.411483 0.168118 -0.700379 0
0.285703 0.115127 0.216109 0
-0.303292 0.125485 0.411343 0
0.110108 -0.803226 0.113729 0
-0.423224 0.245447 0.552077 0
0.120653 -0.470872 0.118660 0
0.051311 0.113137 -0.365433 0
-0.186260 0.069353 -0.128009 0
0.570933 0.084705 -0.231819 0
0.027940 -0.372667 0.150734 0
0.660850 0.154963 -0.290620 0
0.481733 0.025995 -0.173131 0
0.040736 0.100922 0.224237 0
-0.011305 -0.004860 0.009625 0
0.123933 0.143295 -0.380223 0
0.058888 -0.660018 0.149575 0
-0.463606 0.174573 -0.532047 0
-0.346725 0.146011 -0.542787 0
0.199983 0.248330 0.354740 0
-0.165609 0.017014 -0.263494 0
0.259515 0.307136 0.374714 0
-0.349334 0.145804 0.521445 0
-0.422210 0.174658 0.654070 0
0.069784 -0.209131 0.153105 0
-0.372967 0.175715 -0.115505 0
0.326032 -0.073126 -0.008298 0
0.628532 0.113944 -0.127685 0
-0.040121 -0.115623 -0.153109 0
-0.484035 0.101267 -0.706432 0
0.272394 0.194310 0.310228 0
0.140459 -0.107169 0.169754 0
0.891044 0.138649 -0.350884 0
-0.301859 0.111306 -0.364646 0
0.760528 0.098090 -0.249361 0
-0.345775 0.202669 -0.042478 0
-0.384319 0.169713 0.603918 0
-0.463707 0.266566 0.597460 0
-0.082265 -0.126509 -0.100405 0
0.059533 -0.010354 0.156430 0
-0.464569 0.173369 -0.592546 0
-0.316910 0.078434 -0.280416 0
-0.069985 -0.004646 -0.111525 0
0.095256 -0.151813 0.083429 0
-0.312660 0.151472 -0.637196 0
0.119433 -0.616687 0.145062 0
0.032772 -0.032540 -0.015502 0
0.151273 0.121994 -0.296072 0
-0.608260 0.254708 0.721914 0
0.013386 -0.179723 0.033670 0
0.080935 0.170646 0.284378 0
0.095135 -0.108877 0.127031 0
0.090967 -0.291727 0.110825 0
-0.126068 -0.045771 0.298256 0
0.153155 0.189993 -0.365657 0
-0.228557 0.083719 -0.184315 0
-0.374412 0.088333 0.610552 0
-0.024196 -0.164558 0.199912 0
0.425249 0.021878 -0.069949 0
0.540874 0.014198 -0.213464 0
0.099837 -0.713989 0.166142 0
-0.350129 0.137598 0.440437 0
0.173633 0.055035 0.133941 0
0.118508 -0.535055 0.147731 0
-0.287437 0.144672 -0.142834 0
-0.011070 -0.181315 -0.048323 0
-0.407052 0.161454 -0.600491 0
-0.046553 0.042059 0.012938 0
0.098825 -0.037525 0.112936 0
0.718221 0.176587 -0.320003 0
-0.514798 0.188344 0.708996 0
-0.189485 0.155849 -0.485541 0
0.140087 0.026648 0.240400 0
-0.284757 0.079888 0.380239 0
-0.594327 0.330778 0.702411 0
-0.332512 0.119413 -0.423577 0
-0.147287 0.001082 0.435518 0
0.473501 0.047263 -0.063876 0
-0.016468 -0.055178 -0.023409 0
0.818548 0.112850 -0.291557 0
0.183813 -0.072993 0.223321 0
0.791637 0.187410 -0.336388 0
-0.269418 0.015533 0.331475 0
-0.094344 -0.107068 0.258872 0
-0.018341 -0.264277 0.186293 0
-0.243286 0.141974 -0.184740 0
0.196359 -0.267923 0.047947 0
0.662589 0.137597 -0.235945 0
0.036206 -0.120534 0.081330 0
-0.226830 0.057644 0.465153 0
0.111535 0.012328 0.083071 0
0.540113 0.099497 -0.056864 0
-0.028050 0.094998 0.017681 0
-0.274033 0.212432 -0.067888 0
-0.476119 0.170472 -0.675645 0
-0.152567 0.012890 -0.160088 0
0.058357 -0.259365 0.137699 0
0.035056 -0.087731 -0.015629 0
0.083720 -0.864614 0.149742 0
-0.393568 0.144533 -0.497000 0
-0.196945 0.003103 0.467534 0
0.861223 0.186489 -0.370210 0
-0.037226 0.028208 -0.148620 0
-0.016865 0.077485 -0.299408 0
0.055879 -0.548202 0.132947 0
0.120247 -0.227233 0.103904 0
-0.539274 0.295828 0.660907 0
0.042763 -0.374601 0.100696 0
-0.155990 0.051514 0.388687 0
0.155102 0.276334 0.350572 0
-0.142812 0.023054 -0.217409 0
0.157809 0.187106 0.317588 0
0.142409 0.075914 0.265283 0
-0.423141 0.188843 0.489917 0
-0.217311 0.079750 0.407003 0
-0.184803 0.085162 -0.350344 0
0.163495 -0.956129 0.145827 0
0.123273 -0.786458 0.161705 0
0.122091 -0.670739 0.138466 0
0.054277 -0.061126 0.121964 0
-0.085173 -0.096749 -0.167084 0
0.516112 0.054052 -0.140814 0
-0.074511 -0.076045 -0.104920 0
-0.316983 0.101010 0.552658 0
0.754961 0.047985 -0.248213 0
0.245679 -0.205057 0.025107 0
0.420845 0.011923 -0.142564 0
0.051492 -0.437171 0.112510 0
-0.145524 0.140344 -0.077903 0
0.184796 -0.116476 0.192797 0
-0.022210 -0.094474 -0.058406 0
0.126929 -0.019223 0.149899 0
-0.190316 0.049258 -0.234687 0
0.052004 0.073810 0.184186 0
0.037122 -0.268206 0.049304 0
0.621666 0.063260 -0.289792 0
-0.374319 0.177737 0.493572 0
0.124650 -0.891713 0.182189 0
0.040180 -0.213540 0.056656 0
-0.540156 0.316845 0.600051 0
-0.139709 0.070639 -0.114323 0
-0.131697 0.049558 -0.303605 0
-0.016166 -0.163326 -0.001022 0
0.125800 -0.180804 0.181085 0
-0.282205 0.140209 -0.471819 0
0.217752 0.306298 0.414633 0
-0.385756 0.062526 -0.395790 0
-0.008295 0.024565 -0.217001 0
0.457440 -0.019263 -0.196987 0
-0.453422 0.216833 0.654774 0
0.350109 -0.022807 -0.072405 0
0.092191 -0.508982 0.112307 0
0.080948 0.100901 -0.273082 0
-0.228985 0.070186 -0.291461 0
0.704301 0.184209 -0.379269 0
-0.110251 0.028035 0.360735 0
-0.182018 0.031425 0.296206 0
-0.064877 0.066961 -0.266868 0
-0.286173 0.031701 0.531291 0
-0.113602 0.099421 -0.070680 0
0.264292 -0.150254 0.027833 0
-0.041109 -0.116589 0.264620 0
-0.286489 0.042515 -0.278080 0
0.629915 0.090668 -0.086781 0
0.125800 -0.047208 0.211221 0
-0.151634 -0.014019 0.322888 0
0.198067 0.071773 0.067953 0
-0.061818 -0.042913 -0.196541 0
0.139203 -0.832100 0.136350 0
-0.002450 -0.021777 -0.061117 0
-0.088551 0.002666 -0.240464 0
0.613190 0.118229 -0.246914 0
-0.081816 0.012378 -0.070188 0
0.163056 -0.016087 0.206333 0
0.049690 0.056721 -0.183204 0
-0.265916 0.108474 0.476891 0
0.043085 -0.330360 0.114835 0
-0.392597 0.116962 0.434500 0
-0.449678 0.129950 -0.527155 0
-0.436841 0.131497 -0.711376 0
0.357472 -0.063461 -0.040221 0
0.245211 0.168466 0.275028 0
0.279851 -0.090606 -0.037165 0
-0.361056 0.168690 -0.588271 0
0.080670 -0.190331 0.112621 0
-0.244942 0.155313 -0.542221 0
-0.526037 0.248372 0.701221 0
-0.230041 0.117328 -0.423209 0
-0.009104 -0.027838 0.048549 0
0.655664 0.116343 -0.332980 0
-0.046925 -0.203356 0.204336 0
-0.130574 0.054449 -0.421800 0
0.021122 -0.017664 0.133995 0
-0.048307 -0.030146 0.006619 0
-0.332433 0.070450 0.390956 0
-0.229252 0.083493 -0.335463 0
-0.107681 -0.061557 0.255352 0
0.053654 -0.101836 0.170936 0
0.223365 0.221207 0.326568 0
-0.111804 -0.005008 -0.188449 0
0.072113 -0.699854 0.123292 0
0.020466 -0.195034 -0.007624 0
0.079509 -0.597157 0.121172 0
0.006052 0.090640 -0.335142 0
-0.301346 0.166204 -0.065418 0
-0.198733 0.039039 0.373464 0
0.017049 0.049725 -0.276650 0
-0.198837 0.116114 -0.084438 0
-0.039619 -0.102390 -0.109571 0
0.062409 0.019366 0.188661 0
0.159070 -0.860284 0.163541 0
0.159194 -0.295794 0.053673 0
-0.496268 0.293154 0.582515 0
-0.378942 0.066953 -0.352769 0
-0.434081 0.111733 -0.453800 0
0.699228 0.067219 -0.174412 0
-0.008482 -0.130763 -0.038350 0
-0.124427 0.057243 -0.071822 0
-0.333489 0.085744 -0.349286 0
0.124052 -0.358640 0.108722 0
0.169043 0.042133 0.092664 0
-0.040035 -0.015405 -0.228821 0
-0.399125 0.196953 -0.506413 0
0.131655 0.154450 -0.339159 0
0.042334 -0.340965 0.176314 0
0.126418 0.100360 0.297496 0
-0.176474 0.111803 -0.598131 0
0.078246 -0.390193 0.150542 0
-0.391790 0.172989 -0.662354 0
0.124451 -0.915417 0.110084 0
0.201565 0.143758 0.286230 0
-0.364068 0.171420 0.564844 0
0.544682 0.108077 -0.110574 0
-0.490876 0.175359 -0.635581 0
0.857224 0.175825 -0.418731 0
-0.201115 0.129735 -0.527623 0
-0.481262 0.262667 0.641894 0
-0.307167 0.126822 0.519904 0
-0.507406 0.139769 -0.686112 0
0.790087 0.185323 -0.382209 0
0.095216 -0.817556 0.152991 0
0.202178 0.096283 0.245335 0
0.726510 0.096063 -0.222700 0
-0.401600 0.110807 -0.396229 0
0.126536 -0.744131 0.152247 0
0.054546 -0.478048 0.134336 0
-0.289608 0.143197 -0.513588 0
-0.316208 0.174833 -0.129573 0
0.042354 -0.285792 0.091582 0
-0.319041 0.163290 -0.589185 0
0.106153 -0.754784 0.095880 0
0.662229 0.105195 -0.155045 0
0.138064 0.132177 -0.418273 0
0.259120 -0.123787 -0.009831 0
-0.170929 0.098702 -0.469608 0
-0.260718 0.109998 -0.395526 0
0.121198 0.196697 0.335605 0
-0.012507 -0.164944 0.240153 0
0.019329 -0.259374 0.168739 0
-0.199731 0.050962 0.333450 0
-0.035168 0.084888 -0.347297 0
0.048688 -0.047027 0.083089 0
-0.337786 0.087647 0.590700 0
-0.396444 0.202025 0.580588 0
-0.395131 0.131188 -0.686188 0
0.117180 -0.322234 0.127297 0
0.723891 0.145417 -0.291074 0
0.390330 -0.032153 -0.143005 0
-0.064689 0.036084 -0.235984 0
0.157697 0.040439 0.279696 0
0.177315 0.020705 0.218204 0
-0.062156 -0.008503 -0.163068 0
0.582665 0.104708 -0.185470 0
0.166040 -0.001343 0.152614 0
-0.317564 0.114372 0.449847 0
-0.435525 0.136769 0.677813 0
-0.188414 0.108622 -0.387353 0
0.183709 0.263718 0.388959 0
-0.144305 0.113949 -0.040587 0
-0.452094 0.260559 0.522480 0
0.081178 0.098429 0.228980 0
0.043638 -0.411650 0.148374 0
-0.426606 0.196138 -0.591707 0
0.125768 -0.304974 0.081896 0
0.065401 0.103379 -0.321047 0
0.171275 0.075881 0.298455 0
0.181884 0.163806 -0.380507 0
0.112248 0.168880 -0.409234 0
0.564201 0.045531 -0.224671 0
-0.377460 0.130284 0.609273 0
0.078232 -0.327448 0.095187 0
-0.250124 0.068219 0.501041 0
-0.094202 -0.059774 -0.141972 0
0.067043 0.073648 -0.246906 0
-0.345506 0.139498 0.480335 0
-0.245773 0.140827 -0.455190 0
0.026987 0.076869 -0.393734 0
-0.080081 0.050599 -0.007137 0
0.735172 0.165368 -0.357212 0
0.093352 -0.468030 0.167979 0
0.218761 -0.172357 0.030107 0
0.195513 0.020988 0.137571 0
-0.471423 0.129155 -0.613853 0
0.089234 -0.440297 0.100164 0
0.139949 -0.107396 0.210047 0
0.232546 0.298703 0.346668 0
0.126916 -0.058377 0.141176 0
-0.239415 0.135674 -0.576465 0
0.863611 0.129344 -0.322676 0
-0.420458 0.220139 0.521740 0
0.590627 0.127219 -0.124514 0
-0.186510 0.144644 -0.054705 0
-0.364302 0.213494 -0.107564 0
0.086104 -0.366148 0.093648 0
-0.228089 0.147364 -0.100484 0
-0.450888 0.199454 -0.684071 0
0.108281 -0.579582 0.151625 0
0.594292 0.088091 -0.263594 0
-0.339358 0.119183 -0.657300 0
-0.438661 0.149203 -0.569045 0
0.429353 -0.013390 -0.026683 0
-0.130453 0.014424 -0.286362 0
-0.300910 0.199589 -0.033425 0
-0.268832 0.049724 0.350362 0
-0.214744 0.130795 -0.615558 0
0.184605 0.218303 0.330393 0
-0.598183 0.292084 0.715027 0
-0.030615 -0.075318 0.006834 0
-0.109994 -0.001941 -0.130883 0
0.126199 -0.222419 0.164220 0
-0.006306 -0.108666 0.030521 0
0.002874 -0.044172 -0.092491 0
-0.156775 0.039699 -0.132233 0
-0.165149 0.057958 -0.494720 0
0.110268 0.056309 0.252396 0
-0.177411 0.107450 -0.556555 0
0.262100 0.144630 0.229946 0
-0.478293 0.204418 0.688010 0
0.096836 -0.152251 0.125197 0
-0.246236 0.168906 -0.053274 0
-0.447511 0.174445 -0.714220 0
0.249719 0.346560 0.400116 0
-0.354529 0.226086 -0.071403 0
0.058800 -0.048330 0.159962 0
0.172043 0.095917 0.054027 0
0.819265 0.074331 -0.304660 0
0.212997 -0.239762 0.023429 0
0.151418 0.149228 0.308423 0
-0.145001 0.066626 -0.334837 0
0.076975 0.139560 0.248555 0
0.045504 -0.197085 0.022896 0
0.068788 0.186770 0.246872 0
0.080298 -0.303692 0.145097 0
-0.051538 0.035574 -0.038624 0
0.083201 0.128843 -0.378142 0
-0.027621 0.017330 -0.185426 0
0.066573 -0.402623 0.108785 0
-0.170746 0.099435 -0.111519 0
-0.258783 0.099706 -0.351960 0
-0.205805 0.094214 -0.148107 0
-0.262149 0.187763 -0.534923 0
-0.383642 0.200510 -0.062387 0
0.568723 0.003635 -0.235998 0
0.365278 -0.037479 -0.014582 0
-0.294948 0.123349 -0.401799 0
0.486863 0.067956 -0.122458 0
-0.333550 0.170914 -0.661094 0
-0.315795 0.091424 0.420638 0
0.053752 0.099908 -0.406103 0
0.067574 -0.167793 0.151781 0
0.210174 0.084952 0.119020 0
-0.093063 0.044423 -0.087021 0
-0.308003 0.130171 -0.181176 0
0.080606 -0.551294 0.160428 0
-0.333117 0.123243 -0.384028 0
0.007223 -0.110801 -0.007362 0
0.130956 -0.928109 0.185254 0
-0.131540 0.052033 -0.381588 0
-0.198090 0.119445 -0.483868 0
-0.028341 -0.062331 -0.122588 0
0.094544 -0.253445 0.108015 0
0.821526 0.194540 -0.365262 0
0.111451 -0.398185 0.136650 0
-0.363136 0.160044 -0.512919 0
0.112024 0.027289 0.214444 0
-0.294065 0.071333 0.546502 0
0.147716 -0.726693 0.127467 0
0.080601 -0.633913 0.163730 0
-0.456346 0.165245 -0.627986 0
0.111525 0.115999 -0.289951 0
0.212778 0.041726 0.196370 0
0.632139 0.139564 -0.273735 0
0.890773 0.169701 -0.383948 0
-0.208965 0.060338 -0.204477 0
0.493815 0.012425 -0.043971 0
-0.240488 0.034745 0.320054 0
-0.568964 0.313008 0.683215 0
0.077596 -0.119972 0.082416 0
0.139488 -0.042583 0.244558 0
0.277154 -0.160611 -0.004503 0
-0.168001 0.070039 -0.542119 0
0.777661 0.114879 -0.276587 0
0.114621 -0.078072 0.190347 0
0.318795 -0.092068 -0.038323 0
-0.465996 0.233778 0.625325 0
0.245993 0.113289 0.215986 0
-0.361592 0.074267 -0.320116 0
-0.125694 0.010870 -0.246823 0
0.533515 0.092077 -0.142370 0
0.030307 -0.118708 -0.033948 0
0.133769 -0.701825 0.165420 0
-0.016080 0.029271 0.131740 0
0.898371 0.121782 -0.381904 0
-0.360432 0.140736 -0.453208 0
0.406929 0.013355 -0.099692 0
0.117935 -0.144504 0.190172 0
0.009653 -0.254833 0.206777 0
0.156797 0.246709 0.370912 0
0.029966 -0.008418 -0.053384 0
0.173728 -0.235894 0.043279 0
0.761980 0.179180 -0.318096 0
-0.072380 -0.111881 0.231085 0
-0.096969 -0.037494 -0.189629 0
-0.402282 0.147729 0.629011 0
-0.393931 0.190088 -0.617667 0
-0.377948 0.189802 -0.690628 0
-0.130695 -0.007244 0.288014 0
0.139011 -0.631218 0.119114 0
0.014718 0.078451 -0.252748 0
-0.233671 0.093267 0.449455 0
-0.007635 -0.002435 0.105579 0
0.747835 0.131328 -0.259703 0
0.125266 -0.773122 0.124864 0
0.450752 0.026082 -0.155844 0
0.125416 -0.003966 0.230150 0
-0.273348 0.149674 -0.586427 0
0.035941 -0.303462 0.153709 0
0.393147 -0.001579 -0.068871 0
0.599810 0.119060 -0.158100 0
0.687334 0.159602 -0.319438 0
-0.023154 -0.020941 -0.028484 0
0.091730 -0.029905 0.169564 0
0.071056 -0.630670 0.130057 0
-0.071917 -0.034300 -0.132022 0
0.498874 0.007435 -0.198636 0
-0.431109 0.075313 -0.446694 0
0.107245 -0.759777 0.177948 0
-0.258354 0.130167 -0.113751 0
-0.083997 -0.035016 0.302627 0
0.292028 -0.109929 0.004816 0
0.055102 -0.173418 -0.007145 0
0.109512 -0.117546 0.157922 0
-0.214047 0.059426 -0.261452 0
-0.298865 0.163253 -0.101831 0
-0.125698 0.012222 0.330176 0
-0.005391 0.055532 -0.232355 0
-0.315635 0.129625 -0.453612 0
0.151373 -0.074238 0.211333 0
-0.181290 0.047414 -0.268669 0
-0.348635 0.175587 -0.141526 0
-0.317248 0.068913 -0.321319 0
-0.259732 0.115622 -0.157180 0
-0.142546 0.037862 0.417386 0
0.031232 -0.288132 0.194883 0
-0.510291 0.278185 0.655598 0
0.515560 0.038806 -0.198235 0
-0.352126 0.046201 -0.359352 0
0.061718 -0.108548 0.134895 0
-0.065220 -0.091868 0.268806 0
0.185712 0.160836 0.311323 0
0.154705 -0.818409 0.163630 0
-0.248377 0.093944 0.404735 0
0.081440 -0.738906 0.126667 0
-0.040984 -0.016053 -0.190084 0
0.101092 -0.197826 0.164724 0
0.140743 0.027026 0.066194 0
-0.434513 0.233911 0.583251 0
-0.362985 0.119770 -0.407001 0
0.144700 0.168327 -0.394583 0
-0.451840 0.276474 0.567163 0
0.638432 0.123874 -0.175376 0
-0.332702 0.174252 -0.557342 0
0.110273 -0.193482 0.096338 0
-0.376699 0.151031 -0.557843 0
-0.039925 -0.137831 0.213611 0
0.076472 -0.231981 0.128983 0
0.851955 0.158159 -0.351165 0
-0.434902 0.138983 -0.498027 0
0.112416 -0.593469 0.113984 0
0.271138 0.231642 0.320671 0
-0.204087 0.068520 0.442563 0
0.057928 0.079053 -0.209882 0
-0.170976 0.022675 0.458171 0
0.055238 -0.298664 0.122927 0
0.511672 0.070369 -0.053277 0
0.031485 -0.038671 -0.070811 0
0.550272 0.064515 -0.164296 0
-0.001189 0.011954 0.042681 0
-0.569078 0.249218 0.716280 0
0.045471 -0.240150 0.025207 0
-0.125803 0.025849 -0.140904 0
0.271657 0.279618 0.359954 0
-0.165374 0.086921 -0.438789 0
-0.199225 0.072089 -0.173253 0
-0.314830 0.044004 -0.295732 0
0.063008 -0.284543 0.065376 0
-0.053607 0.112943 0.029436 0
-0.259457 0.062056 -0.277841 0
0.228901 0.080107 0.077543 0
0.098389 -0.072053 0.130651 0
0.011021 0.051358 -0.203666 0
0.554777 0.086663 -0.202797 0
0.128930 0.228018 0.351766 0
0.010768 -0.046462 -0.040320 0
-0.408483 0.128991 -0.467380 0
0.156586 0.168465 -0.322301 0
0.228923 0.264426 0.357077 0
0.141595 -0.875978 0.136304 0
0.110751 0.131052 -0.349950 0
0.020295 0.101418 -0.366568 0
0.082099 -0.685428 0.151364 0
0.700789 0.124390 -0.222310 0
-0.317750 0.155553 -0.529950 0
-0.187319 0.066414 0.402844 0
0.793453 0.146124 -0.317213 0
-0.345471 0.180094 -0.087008 0
0.100260 -0.844125 0.129805 0
0.109936 -0.862245 0.169640 0
-0.299872 0.103689 0.475568 0
-0.216703 0.024939 0.488337 0
-0.419626 0.191794 -0.676928 0
0.660012 0.128655 -0.204324 0
-0.154013 0.000057 -0.129769 0
-0.038458 0.011113 -0.009402 0
-0.274904 0.109382 0.421552 0
0.498944 0.053895 -0.170414 0
0.006678 -0.073925 -0.006525 0
0.298811 0.142938 0.227631 0
0.007494 -0.000365 -0.109063 0
-0.126512 0.029115 0.390133 0
0.221109 0.330331 0.392641 0
0.434364 -0.000916 -0.174199 0
0.023484 -0.046322 0.046995 0
0.156133 -0.029916 0.139899 0
0.124566 0.140694 -0.308259 0
-0.450474 0.175721 0.670339 0
-0.294165 0.212095 -0.586468 0
-0.244955 0.148438 -0.027977 0
-0.048560 -0.133018 -0.055143 0
-0.041562 0.056993 -0.287299 0
0.112444 -0.005514 0.110289 0
0.109616 0.127308 0.304645 0
0.045273 -0.163792 -0.038767 0
-0.337075 0.140328 0.551092 0
0.064977 0.102865 0.201124 0
0.072131 -0.539729 0.103204 0
0.010974 -0.090588 -0.037269 0
-0.362543 0.104726 0.433203 0
0.101641 -0.491949 0.138267 0
0.371004 -0.046622 -0.065505 0
0.151330 0.066873 0.103767 0
-0.049108 -0.178562 0.225061 0
0.150578 -0.922597 0.127775 0
0.071203 -0.091318 0.108713 0
0.042287 -0.182827 0.138350 0
0.585504 0.111316 -0.216998 0
0.093611 -0.789003 0.137922 0
-0.154053 0.073812 -0.365019 0
0.047094 0.144152 0.216911 0
0.701537 0.174219 -0.348686 0
0.110450 0.085563 0.271603 0
-0.613323 0.311099 0.685375 0
0.166868 0.013033 0.255374 0
0.057954 -0.505025 0.117184 0
0.224253 0.090101 0.222808 0
-0.020728 -0.047017 0.018411 0
0.878293 0.105320 -0.346402 0
-0.393772 0.202665 0.507805 0
-0.097295 -0.074745 0.282879 0
-0.055018 -0.147504 -0.095875 0
0.102729 0.138139 -0.403600 0
0.036517 0.108823 -0.337415 0
0.687712 0.149276 -0.261875 0
-0.171738 0.049819 0.360155 0
0.243025 0.190739 0.298237 0
0.181275 0.084971 0.269534 0
0.021219 -0.240527 0.049349 0
-0.008378 -0.062495 -0.068939 0
-0.111469 0.005953 -0.218609 0
0.067320 -0.269892 0.107313 0
-0.124486 -0.035172 0.261136 0
-0.289211 0.158789 -0.617066 0
-0.550402 0.310756 0.629478 0
0.651140 0.097785 -0.112483 0
-0.153364 0.012260 0.298411 0
-0.524520 0.218760 0.712299 0
-0.407974 0.217738 0.551592 0
-0.062749 -0.103037 -0.088052 0
-0.630666 0.266726 0.703153 0
0.051395 0.096337 -0.262285 0
0.055427 -0.617294 0.153969 0
0.008418 -0.167284 -0.027886 0
0.486192 0.067193 -0.084749 0
0.104974 -0.889822 0.131034 0
0.097920 -0.599502 0.178393 0
0.108575 -0.684450 0.108932 0
0.200549 0.051423 0.149834 0
0.108446 -0.435986 0.138715 0
-0.433974 0.173744 0.464533 0
0.040976 -0.063697 0.003756 0
-0.331891 0.172831 -0.616197 0
0.080735 -0.263888 0.160327 0
-0.407963 0.189147 0.610791 0
-0.021017 -0.205711 0.221829 0
-0.244503 0.202894 -0.072015 0
-0.288098 0.188165 -0.086349 0
-0.013201 0.067269 0.025277 0
0.105819 -0.285857 0.146894 0
-0.200513 0.041581 0.460469 0
0.657977 0.145196 -0.320024 0
-0.083437 -0.081806 0.244394 0
-0.061978 -0.102755 -0.135167 0
-0.153373 0.028716 -0.186810 0
-0.393267 0.173371 -0.573868 0
0.199310 -0.239038 0.060575 0
0.114762 -0.344975 0.082446 0
0.095746 0.074474 -0.235130 0
0.207554 0.118342 0.266470 0
-0.083228 0.023303 -0.109252 0
-0.371433 0.212461 -0.615891 0
0.057124 -0.358244 0.122737 0
-0.376419 0.161329 0.463134 0
-0.526895 0.274834 0.685294 0
0.056344 0.110175 -0.292325 0
0.034619 -0.034999 0.109971 0
0.028967 -0.045319 0.145069 0
-0.049126 0.073070 0.013002 0
-0.446628 0.203849 0.476958 0
-0.023253 -0.225342 0.198289 0
0.707628 0.089575 -0.197919 0
-0.391196 0.146305 -0.527495 0
-0.040973 -0.077085 -0.088166 0
-0.448675 0.167261 -0.660295 0
0.156959 -0.929915 0.168865 0
-0.213902 0.150606 -0.030516 0
-0.287198 0.089137 -0.348101 0
0.479193 0.046733 -0.148226 0
-0.004923 -0.205335 0.005902 0
-0.225606 0.055560 0.390286 0
0.636752 0.085872 -0.311762 0
0.214796 -0.209917 0.017341 0
-0.434072 0.195604 0.629971 0
0.095953 -0.371182 0.122062 0
-0.028557 0.009452 -0.242216 0
-0.395257 0.197969 -0.536624 0
-0.031900 -0.165644 -0.064046 0
0.010017 -0.155613 0.015453 0
0.154622 -0.773029 0.152947 0
0.049380 -0.093255 0.079164 0
-0.080578 -0.057792 -0.169398 0
-0.369978 0.166595 0.529152 0
0.081641 -0.669114 0.125841 0
-0.169511 0.037164 -0.216116 0
-0.286528 0.133241 -0.633917 0
0.061658 -0.363472 0.170596 0
-0.381071 0.169435 -0.485376 0
0.082391 -0.095328 0.177357 0
0.166151 -0.093872 0.185767 0
-0.473674 0.152113 -0.699414 0
0.140116 -0.802010 0.136925 0
-0.275768 0.184425 -0.057038 0
-0.125912 -0.000934 -0.158829 0
-0.261201 0.080665 0.463082 0
-0.154279 0.024985 0.371667 0
-0.371607 0.149030 0.583310 0
0.093816 -0.743118 0.156355 0
0.167616 -0.266824 0.039581 0
0.036471 -0.146242 0.096702 0
-0.342537 0.061856 0.576254 0
-0.421077 0.114844 -0.427011 0
0.171798 0.026120 0.120050 0
0.198164 0.046402 0.098053 0
0.228721 0.306090 0.375385 0
0.350185 -0.016744 -0.111686 0
0.079470 -0.475322 0.111067 0
0.097787 -0.213324 0.138425 0
0.293644 -0.138409 0.013527 0
0.010365 -0.209982 0.031348 0
-0.389925 0.194607 -0.099962 0
0.179551 -0.295213 0.075369 0
-0.137470 0.086552 -0.053391 0
0.256880 -0.178502 0.007867 0
0.142841 0.125730 0.290287 0
-0.331782 0.180847 -0.056995 0
0.096742 -0.623895 0.116769 0
0.108208 -0.564233 0.126197 0
0.267396 0.092435 0.210489 0
0.578211 0.056240 -0.249000 0
-0.141239 0.040242 -0.276521 0
-0.415638 0.077451 -0.389817 0
0.078871 0.043147 0.194720 0
0.397424 -0.030162 -0.062953 0
-0.288072 0.118604 0.446286 0
-0.482005 0.128419 -0.720174 0
0.064221 -0.121821 0.108674 0
-0.036019 0.013268 -0.213944 0
0.451827 0.042100 -0.083186 0
0.126366 -0.033567 0.122658 0
0.771706 0.075923 -0.267062 0
0.107622 -0.157539 0.152092 0
0.029301 0.060421 -0.303213 0
0.568415 0.109600 -0.059962 0
-0.362096 0.142690 -0.482511 0
-0.022126 0.026161 0.016713 0
0.124608 -0.033826 0.185088 0
-0.230960 0.064341 0.431443 0
-0.124921 0.011664 0.419702 0
-0.214254 0.128645 -0.453954 0
-0.440777 0.244375 0.609944 0
0.055085 0.176083 0.270462 0
0.613642 0.115624 -0.276822 0
-0.422548 0.140914 -0.527211 0
0.076468 -0.567106 0.117704 0
0.169649 0.069973 0.074600 0
0.026889 -0.340881 0.151486 0
-0.421348 0.169023 -0.631282 0
-0.313544 0.152546 -0.153262 0
0.063753 -0.081264 0.152860 0
-0.450735 0.192121 -0.618098 0
0.037344 0.010725 0.151976 0
0.272837 0.324643 0.404660 0
0.149991 -0.153553 0.179573 0
0.039574 -0.256762 0.077381 0
-0.165967 0.047182 -0.464904 0
-0.066729 -0.017565 -0.217511 0
-0.436058 0.162892 -0.601733 0
0.449877 0.026168 -0.055123 0
-0.465778 0.143274 -0.586840 0
0.154088 0.160996 -0.367210 0
-0.404613 0.195879 -0.644054 0
-0.345548 0.097773 0.408810 0
-0.202451 0.122975 -0.415119 0
0.763054 0.205646 -0.392058 0
0.744603 0.167801 -0.297819 0
-0.064631 0.026469 -0.011753 0
-0.362239 0.175126 -0.660801 0
-0.179488 0.104808 -0.420401 0
0.000147 0.028373 -0.266771 0
-0.330956 0.206987 -0.069556 0
-0.169194 0.055973 -0.158789 0
0.078422 -0.063462 0.105801 0
0.761919 0.179105 -0.377445 0
0.135693 0.173132 0.343808 0
0.315454 -0.109126 -0.012004 0
-0.210960 0.092747 -0.119794 0
-0.258299 0.074969 0.369957 0
-0.523495 0.308808 0.640647 0
0.834260 0.130272 -0.308199 0
-0.179585 0.084115 -0.605269 0
0.542289 -0.014118 -0.208630 0
-0.515119 0.316608 0.585994 0
-0.076860 0.073185 -0.024554 0
0.140036 0.055100 0.244172 0
0.127660 -0.699154 0.137508 0
-0.576000 0.309713 0.719571 0
-0.037769 0.090001 -0.319194 0
-0.025402 -0.106543 -0.085028 0
0.083021 0.124303 -0.294904 0
0.836079 0.174658 -0.379873 0
-0.081321 -0.030486 -0.158781 0
-0.146828 0.094195 -0.096732 0
0.081766 0.117460 -0.352001 0
-0.086741 0.015623 0.350346 0
0.228409 0.145695 0.271342 0
-0.198825 0.021137 0.275579 0
-0.316000 0.119083 0.493358 0
0.467287 -0.000796 -0.177672 0
-0.149267 0.031862 -0.245526 0
-0.156622 0.141753 -0.051730 0
0.700728 0.161924 -0.290516 0
-0.153726 -0.015024 -0.154814 0
0.230722 0.247786 0.333448 0
0.848845 0.100803 -0.303717 0
-0.383241 0.097310 0.636000 0
0.005083 -0.239243 0.182800 0
0.091484 0.144294 0.284341 0
-0.226967 0.133418 -0.540806 0
-0.492514 0.117395 -0.677062 0
0.156585 0.214726 0.332879 0
0.818781 0.164680 -0.345107 0
-0.167845 0.011916 0.272973 0
0.238333 0.326662 0.417285 0
0.554611 0.096174 -0.171510 0
0.734994 0.069983 -0.230120 0
-0.151603 0.043439 -0.437161 0
0.139655 -0.060729 0.182319 0
0.082236 -0.000321 0.184493 0
-0.314110 0.193558 -0.566218 0
-0.390243 0.086442 -0.381418 0
0.180489 -0.934194 0.153889 0
-0.110410 -0.019736 0.315915 0
0.123321 -0.744545 0.124236 0
-0.347405 0.192565 -0.116007 0
-0.273152 0.055427 0.523405 0
-0.300704 0.084805 -0.302567 0
-0.271728 0.161869 -0.529329 0
0.184201 0.275514 0.363408 0
-0.007707 -0.136805 -0.005047 0
-0.300222 0.213128 -0.077966 0
-0.403328 0.178642 0.472855 0
0.048347 -0.386759 0.136322 0
0.135322 0.102274 -0.277812 0
0.246586 -0.171276 0.033015 0
-0.207658 0.062862 -0.319934 0
-0.067158 -0.122484 0.256500 0
-0.170338 0.115478 -0.083772 0
-0.179477 0.021378 0.349907 0
0.003439 -0.033412 0.020876 0
0.301767 -0.073154 -0.049850 0
0.330310 -0.058966 -0.036476 0
0.112410 -0.117580 0.185507 0
-0.096724 0.079128 -0.053846 0
0.511478 0.084031 -0.127657 0
-0.095195 -0.015657 -0.212800 0
0.143359 -0.281469 0.087418 0
0.197829 0.044227 0.220540 0
0.186313 0.170653 -0.354102 0
0.224520 -0.195788 0.043533 0
-0.507653 0.114551 -0.701144 0
0.160076 -0.019941 0.179173 0
-0.037138 -0.152625 0.238707 0
0.098072 -0.890841 0.163166 0
0.021067 -0.089298 0.014804 0
0.052024 0.130828 0.240498 0
-0.351608 0.171328 0.509242 0
0.028697 -0.062724 -0.027377 0
-0.492816 0.176770 0.697359 0
-0.017402 -0.248157 0.212297 0
0.543674 0.109603 -0.082042 0
-0.272699 0.158089 -0.498075 0
-0.255378 0.088857 -0.185868 0
0.851658 0.190479 -0.395812 0
-0.332280 0.122768 0.426051 0
0.496731 0.040421 -0.044958 0
0.112335 0.027013 0.241713 0
0.099542 -0.534497 0.118505 0
-0.391131 0.174569 0.565542 0
0.164693 0.139657 -0.311776 0
0.008749 0.084584 -0.305057 0
0.608142 0.104295 -0.075489 0
0.184894 0.187647 0.315666 0
0.097733 -0.225220 0.162828 0
0.535731 0.072733 -0.040952 0
-0.214585 0.077506 -0.358101 0
-0.317942 0.174958 -0.086490 0
-0.288089 0.118194 -0.158922 0
-0.233263 0.109990 -0.155557 0
-0.153380 0.155421 -0.099005 0
0.064198 -0.520666 0.138699 0
-0.049278 -0.077910 -0.129713 0
0.140321 0.025980 0.093219 0
0.069772 -0.462241 0.150135 0
0.173936 -0.060797 0.200481 0
-0.287711 0.018871 0.352967 0
0.098454 -0.460972 0.140902 0
-0.304206 0.057364 0.370975 0
-0.200098 0.065836 0.376060 0
-0.070862 -0.014949 -0.086632 0
0.058738 -0.587592 0.140664 0
-0.021975 -0.152419 -0.024897 0
-0.315353 0.132398 -0.655928 0
0.777371 0.201389 -0.364870 0
-0.022970 -0.193443 0.197489 0
-0.054026 0.056802 -0.008165 0
0.353149 -0.037185 -0.042967 0
0.408770 -0.006731 -0.157478 0
0.094989 -0.180355 0.136816 0
-0.434609 0.171835 -0.687445 0
0.152546 -0.046930 0.211535 0
0.115501 -0.807276 0.176595 0
-0.074685 0.030217 -0.051686 0
-0.494361 0.160094 -0.659223 0
-0.182646 0.045156 -0.138495 0
0.111012 -0.935375 0.121441 0
-0.421945 0.144442 0.656267 0
0.153470 -0.905668 0.179196 0
0.424239 0.006320 -0.043753 0
0.019937 -0.017462 -0.081892 0
-0.497726 0.280715 0.612467 0
0.659646 0.145118 -0.261251 0
-0.102459 0.016910 0.383558 0
-0.232223 0.154441 -0.071010 0
0.070742 -0.313023 0.067440 0
-0.238585 0.118530 -0.617434 0
0.005450 -0.284926 0.169081 0
0.171277 0.143633 0.291883 0
0.153032 -0.069607 0.249418 0
-0.214252 0.035235 0.305619 0
0.256294 0.149125 0.255323 0
-0.175980 0.021817 -0.128068 0
-0.419645 0.172656 -0.572760 0
-0.051689 0.044440 -0.263053 0
0.139749 -0.074825 0.157312 0
0.089752 -0.526558 0.160649 0
0.082145 0.014889 0.206038 0
0.170610 0.245694 0.348474 0
-0.292602 0.167642 -0.586579 0
0.037427 -0.315449 0.180445 0
0.200939 0.042990 0.124230 0
0.088159 0.085101 0.250506 0
-0.445150 0.089326 -0.463875 0
-0.182993 0.170678 -0.464887 0
-0.286437 0.065283 -0.292373 0
-0.474637 0.155521 -0.608934 0
-0.134320 0.004041 -0.201455 0
0.244314 0.232805 0.315978 0
-0.033789 0.098981 -0.007529 0
0.011550 -0.027756 0.066549 0
-0.481307 0.277442 0.567952 0
-0.315971 0.135492 -0.513316 0
-0.347187 0.187490 -0.600924 0
-0.225167 0.128474 -0.082695 0
-0.117533 0.051931 -0.108011 0
0.189737 0.287965 0.396532 0
-0.056044 -0.053763 -0.122466 0
0.733896 0.188148 -0.337381 0
-0.328681 0.044965 0.386843 0
-0.225959 0.111972 -0.398015 0
-0.007606 0.058217 -0.276688 0
0.120976 -0.225207 0.138236 0
0.002900 -0.206685 -0.022936 0
0.153023 -0.313437 0.087841 0
0.541919 0.055836 -0.216007 0
-0.109419 -0.031093 0.284707 0
0.270935 0.177796 0.290233 0
-0.171593 0.036659 0.403186 0
-0.079922 -0.010362 -0.192483 0
0.046177 -0.312178 0.092514 0
-0.030174 0.034011 -0.233984 0
0.183517 -0.002149 0.194093 0
-0.231413 0.066458 -0.215947 0
0.794734 0.097804 -0.286061 0
0.169871 0.041895 0.255824 0
0.719039 0.113462 -0.243573 0
0.467550 0.054418 -0.099651 0
-0.150754 -0.004005 -0.261159 0
0.526563 0.073291 -0.158949 0
-0.449544 0.166153 -0.512088 0
-0.307239 0.123214 -0.427077 0
-0.368398 0.065324 -0.376247 0
0.075487 0.068523 0.202483 0
-0.161277 0.064535 -0.312825 0
-0.106075 -0.031029 -0.135101 0
-0.121896 -0.066036 0.282938 0
0.056196 -0.431828 0.137243 0
-0.129162 0.081576 -0.082935 0
0.156674 0.009029 0.231683 0
0.030443 0.011161 -0.107739 0
0.761008 0.143573 -0.278359 0
0.635980 0.139927 -0.299118 0
-0.011012 -0.122503 -0.070985 0
-0.303540 0.140543 -0.486062 0
-0.259009 0.101710 0.448609 0
-0.160175 0.065002 -0.136578 0
-0.228000 0.130082 -0.482278 0
0.366245 -0.028527 -0.127708 0
0.110167 -0.373339 0.088927 0
-0.066072 0.010683 -0.231332 0
0.601613 0.044052 -0.273251 0
-0.416002 0.138328 0.439409 0
0.685434 0.084566 -0.161772 0
-0.303574 0.174908 -0.039304 0
-0.424266 0.213751 0.495110 0
-0.553492 0.318139 0.653651 0
-0.041029 -0.122159 0.233648 0
0.603277 0.087682 -0.287395 0
0.127348 -0.326411 0.095504 0
0.102131 -0.785651 0.177465 0
-0.506593 0.220603 0.688990 0
-0.253736 0.123511 -0.430029 0
-0.221001 0.137687 -0.513940 0
0.111236 -0.685721 0.155855 0
-0.321742 0.076685 0.574372 0
0.137080 -0.847688 0.162239 0
-0.198065 0.078971 -0.622245 0
-0.002182 -0.067893 -0.044264 0
0.172963 -0.270900 0.072663 0
0.629863 0.131189 -0.232927 0
0.113971 -0.076796 0.152760 0
-0.143742 0.110802 -0.066030 0
0.096203 -0.610152 0.155520 0
0.095101 -0.346212 0.106297 0
0.759759 0.192967 -0.348409 0
0.436084 0.030099 -0.100050 0
-0.031001 -0.040961 -0.008428 0
-0.289932 0.114447 0.506232 0
-0.035678 -0.000959 0.014881 0
0.126989 -0.643654 0.137482 0
0.880011 0.173097 -0.408256 0
0.092117 -0.106025 0.102149 0
-0.214997 0.051853 -0.230181 0
-0.243114 0.066404 0.404713 0
0.079966 -0.165243 0.111501 0
0.069219 -0.325674 0.149999 0
-0.359210 0.075129 0.594364 0
-0.290473 0.100313 0.404103 0
-0.438254 0.259099 0.579085 0
0.101275 -0.418023 0.122793 0
0.095855 -0.652874 0.157790 0
-0.433607 0.155171 -0.544584 0
-0.273139 0.150138 -0.103494 0
0.007572 0.010492 0.122734 0
-0.332215 0.115806 0.566928 0
-0.244443 0.079186 -0.308928 0
0.141127 -0.003582 0.136605 0
-0.230472 0.142247 -0.599930 0
-0.048954 0.010499 -0.172412 0
0.793339 0.129529 -0.289321 0
-0.293933 0.098233 0.532795 0
0.077284 -0.299963 0.091664 0
0.254752 0.211546 0.306606 0
0.202821 0.068939 0.228218 0
-0.361232 0.115564 0.597437 0
0.081295 -0.139434 0.104515 0
0.111482 0.115860 -0.413396 0
-0.145122 0.046369 -0.111300 0
-0.361199 0.122388 -0.431650 0
-0.324736 0.138128 0.449838 0
0.738990 0.045422 -0.225203 0
-0.214432 0.127771 -0.111555 0
0.141181 -0.033074 0.164730 0
0.124191 0.131083 0.324326 0
-0.160202 0.088206 -0.559406 0
-0.200906 0.092507 -0.373315 0
-0.160615 0.082863 -0.501951 0
-0.313248 0.149165 -0.553430 0
0.805376 0.175809 -0.364687 0
-0.448806 0.220352 0.610892 0
-0.477211 0.222042 0.659095 0
0.170018 0.145110 -0.410853 0
-0.009720 -0.090727 -0.014257 0
0.083314 -0.103894 0.154189 0
-0.182086 0.157105 -0.030496 0
-0.520483 0.299451 0.602947 0
0.021273 0.033073 -0.216732 0
0.568590 0.113715 -0.113060 0
0.348916 -0.075240 -0.017265 0
0.048409 -0.030381 0.142423 0
-0.174566 0.093554 -0.371141 0
-0.268624 0.026768 0.514726 0
0.155869 0.097373 0.274898 0
0.095346 -0.315686 0.114480 0
-0.289343 0.117503 -0.451987 0
-0.234267 0.053599 0.488263 0
0.125871 -0.132289 0.168831 0
-0.468192 0.182514 0.693328 0
0.244130 0.322990 0.388201 0
-0.620262 0.282723 0.720220 0
-0.167374 0.027989 0.315576 0
0.690642 0.136450 -0.241205 0
0.792105 0.205985 -0.395200 0
-0.054047 0.096813 0.009567 0
0.364029 -0.009370 -0.087394 0
0.076275 0.160882 0.260527 0
-0.319889 0.141877 0.505421 0
0.227373 -0.222873 0.033817 0
-0.274156 0.112893 -0.365635 0
0.614959 0.110290 -0.098163 0
-0.219312 0.103793 -0.619819 0
-0.243255 0.100663 -0.410862 0
0.053312 0.075522 0.209627 0
-0.265467 0.156149 -0.612483 0
-0.018387 0.038537 -0.160011 0
-0.585342 0.262901 0.728076 0
-0.201627 0.050440 0.418361 0
-0.170006 0.010603 -0.286517 0
-0.135853 0.001033 0.310969 0
0.219834 -0.178443 0.006061 0
0.052287 -0.340621 0.094855 0
0.274454 -0.113930 -0.033166 0
-0.462940 0.182234 -0.647605 0
-0.334097 0.154371 -0.497897 0
-0.165439 0.119458 -0.055306 0
0.088133 -0.200435 0.089375 0
-0.171031 0.071280 -0.336048 0
-0.009482 -0.150383 -0.052508 0
0.242510 -0.153988 0.015239 0
-0.006674 0.025015 0.109620 0
0.217096 0.281820 0.369039 0
0.223026 0.057559 0.084020 0
-0.066267 0.074206 -0.289886 0
-0.426025 0.243541 0.523579 0
-0.175697 0.108440 -0.491153 0
0.435576 -0.025921 -0.185559 0
-0.152356 0.071837 -0.425256 0
0.108151 -0.448460 0.112629 0
0.198893 0.098323 0.060570 0
-0.016836 -0.129865 0.026145 0
0.162420 0.037380 0.145807 0
0.156490 -0.117885 0.196098 0
0.864819 0.163839 -0.377393 0
-0.370411 0.151960 0.484411 0
0.482545 -0.028926 -0.193071 0
-0.135423 -0.027981 0.311360 0
-0.373975 0.140198 0.440145 0
0.111379 -0.960158 0.129246 0
0.591316 0.108771 -0.244210 0
-0.282306 0.092007 0.463991 0
-0.111967 0.042325 -0.292073 0
-0.102612 -0.009446 -0.152401 0
-0.115124 0.043157 -0.319673 0
-0.051499 -0.031190 -0.174784 0
0.263473 0.172284 0.246459 0
-0.471865 0.273104 0.622544 0
0.111901 0.098552 -0.267335 0
0.225056 0.090252 0.052675 0
0.604947 0.123177 -0.224221 0
-0.059383 0.091556 -0.329569 0
0.050438 -0.344617 0.151424 0
0.210085 0.040111 0.168529 0
0.634693 0.122520 -0.323490 0
-0.377406 0.161560 -0.677526 0
0.875677 0.157835 -0.353221 0
0.804454 0.171755 -0.323839 0
0.038215 0.082061 -0.248534 0
0.035431 -0.179632 0.010230 0
0.200511 0.322853 0.401919 0
0.122773 -0.019092 0.211973 0
-0.039178 -0.006884 -0.039055 0
0.028864 -0.214987 0.012108 0
-0.551213 0.279283 0.688695 0
-0.271396 0.087126 0.493016 0
-0.023198 -0.180110 0.225307 0
0.068101 -0.369784 0.143912 0
-0.047989 -0.091021 -0.070279 0
0.127720 -0.073570 0.209678 0
-0.461382 0.267149 0.547552 0
0.106034 -0.276327 0.125180 0
0.089326 -0.491180 0.164639 0
-0.166903 0.000122 0.452087 0
0.005882 -0.178550 0.011123 0
-0.391790 0.126373 -0.411171 0
-0.112975 -0.004400 0.341268 0
0.116794 -0.851143 0.101007 0
0.083928 -0.771290 0.125563 0
0.288055 -0.096614 -0.015804 0
0.019681 0.075339 -0.278709 0
-0.256582 0.156499 -0.571218 0
-0.335250 0.157038 0.492406 0
0.007571 0.097516 -0.394220 0
-0.451946 0.145431 -0.723015 0
0.894458 0.145034 -0.380724 0
-0.154310 0.053477 -0.293179 0
-0.122373 -0.027189 -0.209756 0
0.139812 -0.315325 0.066017 0
0.170687 0.072465 0.049292 0
-0.201190 0.138379 -0.077046 0
0.145733 -0.793538 0.160694 0
-0.306396 0.199429 -0.056347 0
-0.360689 0.081518 -0.355934 0
0.100302 -0.049288 0.136365 0
0.139145 -0.135442 0.196299 0
0.705852 0.056120 -0.195514 0
-0.497669 0.251209 0.654658 0
0.179391 -0.283203 0.053562 0
0.144818 0.154677 -0.419280 0
0.062183 -0.460997 0.117986 0
0.059345 -0.257571 0.063463 0
0.123200 -0.197571 0.156805 0
-0.199477 0.119054 -0.602166 0
-0.346928 0.183172 -0.575384 0
-0.303787 0.129807 0.463000 0
-0.046946 -0.169219 0.202807 0
-0.397922 0.170316 0.624717 0
-0.321479 0.090085 0.397982 0
0.227771 0.203596 0.310448 0
0.046570 0.091545 -0.313812 0
-0.230958 0.050288 0.334693 0
-0.231939 0.078823 0.379087 0
-0.063247 -0.138249 0.212479 0
0.146204 -0.945229 0.131484 0
0.348509 -0.052825 -0.059578 0
-0.508555 0.247137 0.685912 0
0.521389 0.016551 -0.194808 0
-0.282195 0.122232 -0.613909 0
0.112693 -0.654159 0.122517 0
-0.350963 0.159218 0.550094 0
0.011636 -0.051455 -0.016427 0
0.015072 -0.009275 0.113212 0
0.521300 0.089957 -0.066432 0
0.119257 -0.233271 0.081566 0
0.048164 -0.241289 0.048174 0
-0.434750 0.158578 0.670148 0
-0.478653 0.291988 0.597378 0
-0.401811 0.201669 -0.081485 0
-0.345296 0.069239 -0.338309 0
-0.080150 -0.087634 -0.124050 0
0.077025 -0.283658 0.127329 0
0.075442 -0.187252 0.161312 0
0.034563 -0.091641 -0.038340 0
0.072027 -0.609853 0.139854 0
0.032979 -0.032401 -0.038516 0
-0.097915 -0.048676 0.271735 0
0.142345 -0.875654 0.167213 0
-0.107916 -0.088263 0.267594 0
0.213209 0.232967 0.343902 0
-0.196995 0.078566 -0.195193 0
0.219343 0.067413 0.202156 0
-0.345379 0.144367 -0.665340 0
0.126771 -0.846765 0.123779 0
0.142872 0.190777 0.356632 0
0.005788 -0.236057 0.219390 0
-0.481745 0.143348 -0.632326 0
0.166277 -0.881170 0.157363 0
-0.099768 0.064027 -0.077203 0
-0.445675 0.096037 -0.441766 0
0.436594 0.029979 -0.128751 0
-0.542579 0.262156 0.709068 0
-0.096089 0.023422 -0.246562 0
0.503556 0.030650 -0.178312 0
0.066249 0.115599 -0.395052 0
0.125884 -0.817859 0.121504 0
-0.418901 0.204060 0.584227 0
0.110012 -0.165039 0.111631 0
-0.254315 0.077849 -0.329997 0
-0.250879 0.015326 0.314058 0
0.039656 0.066590 -0.201170 0
-0.075902 -0.073160 -0.144569 0
-0.005434 0.036536 -0.189347 0
-0.188691 0.024943 0.472362 0
-0.171296 0.046562 -0.246973 0
-0.289560 0.042284 0.356161 0
0.078022 0.072154 -0.191492 0
0.743194 0.108940 -0.239343 0
0.836255 0.086633 -0.316332 0
0.047821 -0.379728 0.159292 0
0.365623 -0.022578 -0.055763 0
0.065443 -0.018991 0.176627 0
0.662313 0.092277 -0.136329 0
0.080669 0.131047 0.269313 0
-0.146336 0.034587 -0.162768 0
-0.023127 -0.107284 -0.004885 0
-0.451376 0.130277 -0.556896 0
-0.456682 0.196773 0.679927 0
0.138354 -0.756294 0.136529 0
0.159472 0.002666 0.177344 0
-0.047460 -0.118964 -0.082842 0
0.064970 -0.373581 0.105202 0
0.023166 0.097276 -0.321825 0
-0.092277 0.000616 -0.116962 0
0.030105 -0.285620 0.172388 0
0.870446 0.130741 -0.345774 0
0.646280 0.141478 -0.220720 0
-0.331675 0.131633 0.521830 0
-0.334835 0.138219 -0.445235 0
-0.346593 0.154648 -0.133160 0
0.141760 -0.018333 0.236341 0
-0.104859 -0.055884 0.293799 0
-0.078478 0.070950 0.002481 0
-0.314970 0.039788 0.541335 0
0.775491 0.161327 -0.320755 0
-0.183911 0.115173 -0.527740 0
-0.317152 0.130272 -0.160581 0
0.128528 0.141699 0.304937 0
-0.333130 0.172516 -0.114904 0
0.245896 0.274445 0.346196 0
0.118011 0.088104 -0.291168 0
-0.289334 0.122583 0.481745 0
-0.385035 0.180885 0.520479 0
-0.152807 0.027617 0.434555 0
-0.022358 0.098236 -0.360027 0
0.135044 -0.682487 0.152549 0
0.704290 0.157403 -0.363298 0
-0.187147 0.065263 0.428205 0
-0.318304 0.128265 -0.408224 0
-0.076947 0.041845 -0.071626 0
-0.444578 0.253427 0.553259 0
-0.004275 -0.015203 0.084011 0
0.127337 -0.888829 0.124402 0
-0.335581 0.102706 -0.375372 0
0.127888 0.003620 0.096852 0
0.042298 -0.235096 0.072332 0
-0.409447 0.145987 -0.703277 0
0.128100 0.158590 -0.364395 0
0.155945 0.149376 -0.333982 0
-0.026235 0.051104 0.010404 0
0.402532 0.001698 -0.134752 0
0.030425 -0.039276 0.069963 0
-0.243997 0.071194 0.478480 0
-0.376788 0.133057 -0.468692 0
0.080476 0.115943 0.242841 0
-0.379427 0.187145 -0.600937 0
0.071807 -0.192147 0.138762 0
0.163326 -0.014043 0.125987 0
0.215491 0.170525 0.288953 0
0.083808 -0.131821 0.125311 0
0.201292 0.066862 0.089815 0
0.212090 0.196376 0.324724 0
0.340834 -0.092399 -0.028930 0
-0.095063 -0.020241 -0.172964 0
-0.376552 0.220413 -0.069297 0
-0.577194 0.226703 0.718874 0
0.082689 -0.713891 0.152003 0
0.526755 0.096336 -0.116391 0
-0.019424 -0.111938 -0.042677 0
0.644219 0.112690 -0.144455 0
-0.255250 0.131389 -0.591410 0
0.102490 -0.521204 0.141112 0
0.390212 -0.022867 -0.015777 0
-0.315157 0.069830 0.554343 0
-0.409762 0.135926 -0.509457 0
0.094075 0.089919 -0.257417 0
0.142435 0.171169 0.317095 0
-0.257698 0.149166 -0.513024 0
0.055788 -0.234514 0.121603 0
-0.279929 0.156198 -0.125538 0
-0.008377 -0.033593 -0.038962 0
0.797765 0.195860 -0.358415 0
-0.376243 0.128806 -0.674985 0
-0.260076 0.175575 -0.069801 0
0.065361 0.113895 0.226893 0
0.681545 0.123531 -0.207879 0
-0.316603 0.177252 -0.648507 0
-0.075945 0.055189 -0.251882 0
0.466838 0.010483 -0.038957 0
-0.316359 0.116846 0.537240 0
0.154304 0.054411 0.077146 0
-0.362246 0.161551 -0.541646 0
0.052161 0.073523 -0.230718 0
0.127770 -0.091366 0.178278 0
-0.199800 0.056250 -0.277893 0
0.142555 -0.902363 0.132653 0
-0.545408 0.302508 0.680920 0
-0.346356 0.148294 0.460230 0
-0.020656 0.094138 -0.333674 0
0.203928 -0.186357 0.038193 0
0.670626 0.111041 -0.175446 0
-0.022408 -0.021315 -0.050498 0
-0.385920 0.109740 0.618141 0
0.013624 -0.025233 -0.045885 0
-0.234922 0.094766 -0.353374 0
-0.177494 0.068572 -0.561809 0
0.010716 -0.280514 0.193967 0
0.042716 -0.075390 0.151518 0
0.107827 -0.494282 0.116501 0
-0.485473 0.150360 -0.676669 0
-0.137464 -0.002521 -0.234169 0
0.105193 0.055682 0.231147 0
0.094980 -0.698650 0.118438 0
-0.357752 0.210703 -0.086929 0
0.279410 0.138808 0.217992 0
0.717457 0.189015 -0.351701 0
0.093461 -0.237987 0.141276 0
0.379119 -0.035537 -0.038156 0
0.040750 -0.126686 -0.016549 0
0.095111 0.041014 0.213736 0
-0.271133 0.126754 -0.442740 0
-0.006598 -0.181132 -0.009151 0
-0.077100 0.098815 0.030925 0
-0.460618 0.125457 -0.723439 0
0.066270 -0.416891 0.151338 0
0.597709 0.070115 -0.275810 0
0.070858 0.075981 0.222500 0
0.196242 0.074761 0.249140 0
-0.413746 0.228849 0.579213 0
-0.218546 0.111080 -0.640298 0
0.168788 0.010625 0.099040 0
0.096307 -0.847371 0.153772 0
-0.468646 0.274410 0.524727 0
-0.583764 0.309323 0.667810 0
0.614653 0.120365 -0.173834 0
-0.257594 0.038517 0.332802 0
-0.080986 -0.029467 -0.204049 0
-0.438315 0.115980 -0.510877 0
0.471247 0.050391 -0.128430 0
0.001005 -0.009566 0.042023 0
-0.225970 0.090140 -0.160101 0
-0.071267 0.024423 -0.084720 0
-0.199432 0.101256 -0.100134 0
0.557940 0.024979 -0.227050 0
0.348001 -0.048601 -0.025356 0
0.770096 0.051471 -0.263233 0
-0.467561 0.171861 -0.705654 0
-0.168113 0.069867 -0.116335 0
0.553149 0.104952 -0.130179 0
0.092761 -0.773112 0.152946 0
-0.378615 0.091124 0.428501 0
0.557011 0.068279 -0.230746 0
-0.035094 -0.018562 -0.010705 0
-0.018315 -0.121357 -0.020474 0
0.298148 0.161019 0.239302 0
-0.091258 -0.123077 0.244810 0
0.184469 -0.254305 0.063683 0
-0.018120 0.042635 0.031817 0
0.643620 0.139785 -0.247936 0
-0.031460 -0.148552 -0.043807 0
-0.249060 0.123083 -0.140091 0
0.171315 0.059500 0.284560 0
0.122150 0.137160 -0.330673 0
-0.271439 0.150947 -0.038518 0
0.078571 0.073739 -0.222312 0
0.099746 -0.816936 0.126536 0
0.091513 -0.325336 0.133228 0
0.628330 0.119872 -0.156902 0
-0.032236 0.029799 0.117681 0
-0.290715 0.156571 -0.049518 0
0.110723 0.113445 0.285714 0
0.214812 0.113523 0.244134 0
0.275283 0.296045 0.384021 0
0.052186 -0.502543 0.137648 0
-0.407737 0.074265 -0.409446 0
-0.185035 0.040059 0.315811 0
-0.632312 0.287999 0.691511 0
-0.085668 -0.068014 0.260584 0
-0.010003 -0.054709 0.001611 0
-0.496811 0.204558 0.699120 0
-0.346482 0.173168 -0.632539 0
0.113903 -0.595328 0.138359 0
0.756787 0.070279 -0.252887 0
0.101038 -0.743258 0.113081 0
0.079410 -0.255953 0.137653 0
0.585031 0.116335 -0.142968 0
0.009287 -0.004271 -0.057917 0
-0.367189 0.203008 -0.125898 0
0.403833 -0.030595 -0.159415 0
0.097150 -0.577202 0.110636 0
0.110868 -0.862237 0.126178 0
0.149485 -0.778963 0.130660 0
-0.191613 0.050421 -0.211807 0
-0.365337 0.168626 -0.561639 0
0.837153 0.174639 -0.349141 0
0.159229 0.057387 0.266933 0
0.072972 -0.519786 0.114185 0
-0.066318 0.053722 -0.025247 0
0.062068 -0.326969 0.123775 0
0.081748 -0.417037 0.105141 0
-0.243026 0.070217 0.447906 0
-0.150712 0.016884 0.324628 0
0.014758 -0.324373 0.163077 0
-0.022716 -0.085832 -0.094560 0
-0.439571 0.214998 0.636616 0
-0.166117 0.086056 -0.527449 0
-0.010621 -0.208846 0.188395 0
-0.217469 0.154691 -0.051012 0
0.154827 -0.075507 0.182011 0
0.093587 -0.131317 0.155597 0
-0.036894 0.080075 -0.293056 0
-0.244688 0.099139 -0.379397 0
0.258907 -0.151637 -0.010376 0
-0.327610 0.052565 -0.310250 0
-0.032500 -0.131002 0.251759 0
0.186135 0.131041 0.300073 0
-0.500127 0.288634 0.639041 0
-0.020277 0.001831 -0.205751 0
0.035293 0.102238 -0.381403 0
-0.315697 0.203777 -0.584602 0
-0.182832 0.101976 -0.615993 0
0.494482 0.060981 -0.145438 0
0.524750 -0.003204 -0.204444 0
-0.050692 -0.062745 -0.100171 0
-0.509497 0.262620 0.669775 0
-0.287776 0.100192 0.435453 0
0.081637 -0.164194 0.133537 0
-0.302128 0.159256 -0.130936 0
-0.540075 0.232824 0.714015 0
-0.536371 0.299210 0.618876 0
-0.009600 -0.092592 0.017358 0
0.406934 -0.006196 -0.029618 0
-0.099370 0.010699 0.334265 0
0.403859 0.002406 -0.051221 0
0.694010 0.092705 -0.182210 0
-0.363103 0.175140 -0.616249 0
0.163428 -0.308159 0.070361 0
-0.393142 0.175802 -0.686820 0
-0.185093 0.114686 -0.468066 0
-0.159571 0.049914 0.414909 0
-0.052832 -0.137618 0.252782 0
0.477625 0.032517 -0.048549 0
0.039980 -0.015435 0.162110 0
-0.183320 0.129581 -0.070453 0
0.113919 -0.728589 0.158490 0
0.113277 -0.206530 0.126052 0
-0.419857 0.176352 -0.662769 0
0.851625 0.144112 -0.335623 0
0.762805 0.115574 -0.260678 0
-0.395013 0.129259 0.635669 0
-0.098149 0.020539 -0.123674 0
-0.391916 0.175410 -0.632452 0
-0.389609 0.159032 -0.588657 0
-0.346700 0.116363 0.440362 0
0.524144 0.096180 -0.086197 0
0.671815 0.127694 -0.339881 0
0.806446 0.201613 -0.380623 0
-0.136830 0.057829 -0.351950 0
0.531158 0.036826 -0.211997 0
-0.185337 0.127349 -0.587361 0
-0.582613 0.278250 0.713526 0
-0.272243 0.130425 -0.144117 0
0.673181 0.157158 -0.334565 0
0.010470 -0.035264 -0.070391 0
-0.184345 0.070245 -0.158230 0
0.169828 0.172539 -0.395055 0
0.110442 -0.638710 0.153341 0
0.123263 -0.164209 0.194223 0
0.277209 0.238396 0.339392 0
-0.288743 0.115230 -0.380313 0
0.113060 -0.250465 0.099008 0
-0.439723 0.201176 0.654712 0
0.068904 -0.565480 0.137014 0
-0.126543 0.028948 -0.262250 0
-0.049584 0.014287 0.007869 0
-0.286949 0.147879 -0.543416 0
0.735518 0.089877 -0.242451 0
-0.259154 0.087259 0.388276 0
0.154826 -0.090157 0.224230 0
0.336928 -0.035613 -0.082082 0
0.577754 0.022034 -0.239322 0
0.190252 0.109685 0.273994 0
0.170914 0.071769 0.257318 0
-0.300477 0.153674 -0.573399 0
0.127836 -0.048872 0.166427 0
0.005082 0.037467 0.125112 0
-0.346768 0.132159 -0.410673 0
-0.243794 0.144890 -0.114817 0
0.387177 -0.012091 -0.132792 0
0.490541 0.059053 -0.063715 0
0.483240 -0.008562 -0.196743 0
-0.017608 0.022292 -0.254211 0
0.073146 -0.084948 0.134784 0
-0.421574 0.128676 -0.483412 0
0.198374 0.026876 0.196450 0
0.038950 -0.282422 0.064221 0
-0.317294 0.083977 -0.336551 0
-0.028678 0.072197 0.010133 0
0.805995 0.132204 -0.305438 0
-0.377958 0.190627 -0.644912 0
0.245723 0.291550 0.360881 0
0.020967 -0.167779 -0.010909 0
-0.318339 0.098885 -0.363966 0
-0.388514 0.147426 0.613631 0
0.116980 -0.060621 0.179465 0
0.126130 0.009263 0.214335 0
0.080355 -0.047032 0.167968 0
0.140760 0.143855 -0.320625 0
-0.392273 0.215041 -0.098552 0
0.136666 -0.352269 0.093716 0
-0.346704 0.145477 -0.467818 0
-0.065476 -0.166223 0.227100 0
-0.256624 0.144343 -0.483785 0
0.104460 -0.669410 0.168597 0
0.126271 0.157805 -0.394617 0
-0.332860 0.137562 -0.646445 0
-0.140561 0.039945 0.374836 0
-0.247540 0.093398 0.471626 0
-0.016275 -0.052440 -0.092755 0
-0.302442 0.128517 -0.469285 0
-0.583548 0.308724 0.700524 0
-0.158432 0.073016 -0.482526 0
0.302709 -0.103885 -0.033625 0
-0.223093 0.006498 0.482068 0
-0.347785 0.146462 -0.512924 0
-0.053607 0.022943 -0.218087 0
0.618850 0.086611 -0.300652 0
0.271931 -0.167121 0.019086 0
-0.212690 0.126735 -0.588581 0
-0.094142 -0.047175 -0.158379 0
-0.417472 0.180077 0.626457 0
0.692150 0.063262 -0.155645 0
-0.378524 0.103475 -0.390873 0
-0.185698 0.128135 -0.558087 0
-0.407142 0.198314 -0.487664 0
-0.332611 0.141636 -0.528203 0
0.314302 -0.087692 -0.000072 0
-0.406349 0.204460 0.523805 0
0.259739 0.128359 0.215178 0
-0.591746 0.242724 0.721296 0
0.022562 -0.199975 0.044289 0
-0.018524 -0.238792 0.183695 0
0.169526 0.026849 0.240599 0
0.073483 -0.115470 0.167787 0
0.274079 -0.135500 0.008603 0
0.086986 -0.392274 0.099530 0
-0.186009 0.066750 -0.322941 0
-0.153914 0.087363 -0.114564 0
-0.229775 0.144692 -0.557533 0
-0.257192 0.043035 0.510360 0
0.885924 0.121953 -0.361342 0
-0.008682 0.011606 0.021341 0
0.169001 0.174688 -0.365323 0
0.138051 -0.092424 0.196430 0
-0.362389 0.217143 -0.054939 0
-0.178151 0.106344 -0.443968 0
-0.184452 0.115053 -0.098739 0
0.735787 0.174402 -0.375389 0
0.778318 0.146455 -0.290508 0
-0.127788 0.054274 -0.125355 0
0.010731 0.067231 -0.236183 0
-0.302412 0.082672 -0.322667 0
0.389201 0.003564 -0.098739 0
-0.257734 0.042242 -0.260035 0
-0.420280 0.183761 -0.617424 0
0.127587 -0.817249 0.163774 0
0.105569 -0.300593 0.133019 0
0.125044 0.115801 0.311086 0
-0.145010 0.068058 -0.382173 0
-0.083285 -0.018501 -0.126530 0
0.450725 0.010839 -0.172512 0
-0.043597 0.036960 -0.006399 0
-0.273366 0.105535 -0.410650 0
-0.116644 0.036970 -0.126757 0
-0.504031 0.143795 -0.666171 0
-0.459424 0.254130 0.504814 0
-0.213237 0.058922 0.346137 0
0.085752 -0.284154 0.147959 0
-0.213663 0.130267 -0.556573 0
-0.304572 0.124654 0.436398 0
0.129653 -0.728452 0.136254 0
-0.377844 0.161408 -0.527356 0
0.089455 -0.406469 0.146567 0
-0.465993 0.249933 0.613271 0
0.613956 0.119282 -0.142819 0
0.730683 0.141657 -0.261747 0
-0.318720 0.173834 -0.572049 0
-0.468525 0.290342 0.580083 0
0.134884 -0.164861 0.172624 0
0.155623 0.025438 0.106253 0
-0.366413 0.184086 -0.137523 0
0.157535 -0.032674 0.196405 0
0.036710 -0.211874 0.033294 0
0.705660 0.104992 -0.224234 0
0.186402 0.234498 0.343095 0
0.231231 -0.194622 0.009503 0
-0.303749 0.171173 -0.602903 0
0.022493 -0.192492 0.021152 0
-0.213578 0.121582 -0.433853 0
-0.266851 0.142100 -0.459053 0
-0.435248 0.160698 -0.706288 0
-0.239173 0.058571 -0.232951 0
0.164879 0.188361 -0.381845 0
0.066107 0.056770 0.187403 0
-0.137678 0.013646 -0.173491 0
-0.348312 0.163194 -0.570723 0
-0.394404 0.187715 0.596113 0
0.094016 -0.388371 0.135711 0
-0.613643 0.303479 0.709343 0
-0.244901 0.100112 -0.173034 0
0.171375 0.172580 0.303730 0
-0.271813 0.070856 0.510397 0
0.599534 0.114901 -0.188896 0
-0.410368 0.230738 0.535351 0
0.453613 0.037457 -0.139676 0
-0.168459 -0.011673 -0.137024 0
0.109834 -0.180350 0.168834 0
-0.186096 0.086818 -0.113486 0
-0.406942 0.158556 -0.526928 0
-0.194272 0.045520 0.400478 0
0.585445 0.101604 -0.068922 0
0.307587 -0.069609 -0.031109 0
0.019280 -0.098184 -0.053729 0
0.743274 0.145715 -0.295742 0
0.142470 0.188167 0.330278 0
0.037802 0.044957 -0.172391 0
-0.007142 -0.219989 0.222335 0
-0.150917 0.012163 -0.247942 0
0.212586 -0.239491 0.045761 0
0.126437 0.012229 0.241665 0
-0.348288 0.114641 -0.393593 0
0.155237 -0.044020 0.155891 0
-0.440269 0.199989 -0.577818 0
0.213648 0.307831 0.388179 0
0.053395 -0.388166 0.112129 0
-0.219755 0.038646 -0.244201 0
-0.483195 0.289330 0.623890 0
0.409123 0.010144 -0.069632 0
-0.394922 0.135464 0.441245 0
0.153889 -0.744068 0.138039 0
0.035120 -0.004724 0.139424 0
-0.275975 0.149330 -0.629163 0
0.219403 0.331996 0.414889 0
-0.408541 0.201717 0.494624 0
0.273615 -0.136966 -0.012682 0
-0.365966 0.185495 0.524863 0
0.055027 0.148375 0.250622 0
0.185601 -0.254110 0.038728 0
-0.170547 0.099933 -0.573517 0
0.077554 -0.654673 0.138724 0
-0.169511 0.023689 -0.230588 0
-0.313080 0.143914 -0.389729 0
0.542200 0.070711 -0.203027 0
0.098923 0.140709 -0.376822 0
-0.215529 0.081607 0.433214 0
-0.069678 -0.089190 -0.154245 0
-0.140834 0.013149 -0.142269 0
0.055338 -0.166481 0.136378 0
-0.377285 0.145132 -0.513583 0
-0.390463 0.190212 0.552395 0
0.103781 -0.547931 0.145392 0
-0.053089 0.004152 -0.047585 0
0.212268 0.031004 0.140183 0
-0.317327 0.188570 -0.042710 0
0.672592 0.150209 -0.275579 0
-0.244498 0.058203 -0.261563 0
0.040040 -0.357408 0.165792 0
-0.184085 0.045458 0.343993 0
0.154967 0.233887 0.347083 0
0.170044 0.262496 0.374905 0
0.201157 0.159279 0.299294 0
0.200272 -0.197171 0.020837 0
-0.076219 -0.046493 -0.117261 0
-0.138308 -0.016125 0.270860 0
0.064708 -0.356895 0.094892 0
-0.201065 0.065575 -0.295102 0
-0.385522 0.188109 -0.517423 0
0.699682 0.111500 -0.205044 0
0.116171 -0.183951 0.112422 0
0.125988 0.097178 0.274375 0
0.581586 0.086572 -0.248755 0
0.820376 0.145138 -0.308569 0
-0.039351 -0.094754 -0.128445 0
-0.101713 0.002082 0.355931 0
-0.020724 0.011481 0.094624 0
-0.390517 0.188676 0.492333 0
-0.437665 0.198856 -0.662821 0
-0.318114 0.130270 0.477430 0
0.051830 -0.119561 0.093692 0
-0.337723 0.045685 -0.345922 0
-0.020369 -0.017968 0.020951 0
-0.418574 0.100138 -0.410709 0
-0.404648 0.189506 0.568022 0
0.184493 0.159101 -0.412166 0
-0.066980 -0.021930 -0.148637 0
0.080913 -0.053942 0.088943 0
-0.244080 0.159330 -0.100231 0
0.051411 -0.136520 0.107793 0
-0.348395 0.159129 -0.528117 0
-0.380191 0.184914 0.577926 0
0.673548 0.158456 -0.304977 0
0.863998 0.174027 -0.397198 0
-0.304178 0.085566 0.390256 0
0.422890 0.023321 -0.112669 0
-0.373345 0.120761 0.441100 0
0.731530 0.128662 -0.247169 0
0.482656 0.010591 -0.185001 0
-0.288916 0.113954 -0.422816 0
-0.141307 0.043795 -0.409547 0
-0.387898 0.152600 -0.478403 0
-0.141886 0.025521 0.401507 0
-0.081242 -0.002794 -0.217072 0
-0.288323 0.056027 0.535562 0
-0.418844 0.159832 0.641941 0
0.111329 -0.018065 0.183062 0
-0.380724 0.166842 -0.547268 0
0.100672 -0.096973 0.148822 0
0.007279 -0.048697 0.032254 0
0.183676 0.057022 0.078238 0
-0.452526 0.164993 -0.690581 0
0.119956 -0.161985 0.133179 0
0.126461 0.071096 0.255304 0
0.022897 0.052695 -0.188366 0
-0.354091 0.152063 0.575508 0
-0.374271 0.085826 -0.369118 0
0.068184 0.125336 -0.366351 0
-0.405215 0.125950 -0.425645 0
0.111188 -0.610447 0.123259 0
-0.034919 0.024100 -0.168794 0
-0.436776 0.234307 0.506907 0
0.071388 -0.655615 0.163699 0
0.730866 0.191243 -0.366815 0
0.568566 0.100241 -0.203456 0
-0.240454 0.090543 0.431529 0
-0.000129 0.063352 -0.259595 0
0.834485 0.200484 -0.378343 0
0.125114 -0.712821 0.150961 0
-0.285989 0.087806 0.418140 0
0.162524 -0.245983 0.065433 0
0.540350 0.083340 -0.187352 0
0.198593 0.288303 0.365024 0
0.171261 0.009758 0.137693 0
0.513477 0.054037 -0.186541 0
0.204483 0.068960 0.109804 0
-0.478619 0.157453 -0.645141 0
0.785499 0.100648 -0.266156 0
-0.036585 -0.193373 0.221129 0
0.017515 -0.301478 0.159097 0
0.027162 -0.044779 -0.053023 0
0.052365 -0.046485 0.109550 0
-0.319977 0.186168 -0.111366 0
0.170850 0.158925 -0.350453 0
0.718228 0.168770 -0.294822 0
0.118917 -0.759416 0.161178 0
0.436963 0.011572 -0.159041 0
0.718540 0.170806 -0.365284 0
-0.259380 0.160759 -0.024623 0
0.704095 0.172117 -0.307690 0
0.170434 0.201623 0.318582 0
-0.272495 0.053568 -0.265008 0
0.112595 -0.153661 0.174098 0
-0.053491 -0.106007 0.254377 0
0.068755 -0.535995 0.123637 0
-0.304294 0.141545 -0.527343 0
0.006958 0.037771 -0.251445 0
-0.488153 0.139625 -0.701325 0
0.107488 -0.640392 0.109284 0
-0.209503 0.027034 0.469228 0
0.007805 -0.153914 -0.012813 0
-0.497294 0.307026 0.595764 0
-0.020238 0.025678 -0.201998 0
0.045585 -0.326036 0.151195 0
-0.332212 0.132565 0.494010 0
0.274542 -0.109068 -0.010235 0
0.332363 -0.078989 -0.041990 0
0.183428 0.259776 0.350910 0
0.008716 -0.018723 -0.097415 0
-0.021898 -0.066801 -0.105070 0
0.012852 -0.034335 -0.025016 0
-0.127174 0.051465 -0.336638 0
0.100151 -0.801914 0.162936 0
-0.064924 -0.046967 -0.171749 0
-0.376945 0.174829 0.551065 0
0.068172 0.115651 -0.306375 0
-0.036607 0.042367 -0.274690 0
-0.538668 0.206096 0.714812 0
0.820906 0.183190 -0.340674 0
-0.318589 0.140557 -0.469048 0
0.081081 -0.477240 0.153824 0
-0.422927 0.148147 -0.716696 0
-0.165572 0.030801 0.420660 0
0.125250 0.145377 -0.409127 0
0.139776 0.043993 0.052285 0
-0.052856 -0.150581 0.225329 0
0.069428 0.114996 -0.421018 0
0.157477 -0.016688 0.225607 0
-0.081571 -0.064755 -0.128381 0
0.157889 -0.003626 0.252848 0
-0.020259 -0.073302 -0.058616 0
0.095567 -0.107315 0.184182 0
0.188171 -0.225938 0.035797 0
0.011004 -0.238227 0.033422 0
0.585608 0.070074 -0.261087 0
0.247861 -0.140592 0.002787 0
-0.439485 0.135144 -0.542827 0
-0.007346 0.087505 -0.321770 0
0.064851 -0.296377 0.106644 0
-0.386979 0.104967 0.418457 0
0.038196 -0.050287 -0.011261 0
-0.171763 0.046202 -0.290983 0
0.083366 0.126229 -0.408050 0
-0.128645 0.070851 -0.098839 0
-0.479184 0.175833 -0.620572 0
-0.273217 0.150917 -0.556230 0
0.078724 -0.225852 0.154567 0
-0.304953 0.054644 0.549182 0
-0.451310 0.160281 -0.588820 0
-0.200643 0.129291 -0.467823 0
0.066119 -0.328419 0.080586 0
