-0.028846 -0.684215 0.028679 0
-0.575929 0.335397 0.289528 0
0.672357 0.160615 -0.394334 0
0.032722 0.053467 -0.030971 0
0.414418 0.219924 -0.064940 0
-0.165398 0.317489 0.224194 0
-0.043349 -0.314361 -0.041522 0
-0.037719 -0.997717 0.056017 0
-0.390950 0.352893 0.098341 0
0.185043 0.205169 -0.172534 0
0.435979 0.189985 -0.313949 0
-0.135290 0.245839 -0.013285 0
-0.358938 0.359449 0.321776 0
0.236947 0.196572 0.011165 0
-0.058251 -0.503058 -0.022131 0
-0.013202 -0.128961 -0.008194 0
-0.042901 0.216986 0.138770 0
0.542739 0.186131 -0.181122 0
-0.068731 -0.839819 0.059755 0
0.335596 0.231854 -0.202274 0
-0.241753 0.324176 0.069915 0
0.104130 0.176975 -0.056626 0
-0.460519 0.382630 0.224333 0
-0.293585 0.362149 0.196610 0
-0.034061 0.160524 0.014452 0
0.577192 0.204222 -0.311542 0
-0.474155 0.343692 0.352103 0
-0.605793 0.243919 0.360439 0
0.286509 0.225118 -0.095491 0
-0.141533 0.276328 0.115145 0
0.444887 0.242849 -0.174824 0
-0.021680 -0.404956 0.004741 0
-0.034683 -0.583365 0.034505 0
-0.015992 -0.033083 -0.033889 0
-0.024060 -0.217996 -0.049584 0
-0.538684 0.327910 0.201013 0
-0.075312 -0.762976 -0.001363 0
-0.252637 0.348079 0.282251 0
0.192459 0.207944 -0.073892 0
0.497732 0.222778 -0.252194 0
-0.095911 0.264482 0.195689 0
-0.079298 -0.924976 0.021999 0
0.657838 0.142151 -0.307248 0
0.336432 0.215417 -0.022954 0
-0.081504 0.227110 0.059876 0
-0.373485 0.382559 0.236043 0
-0.217289 0.326450 0.154432 0
0.511427 0.171917 -0.356572 0
0.590684 0.185340 -0.396024 0
-0.210571 0.286632 0.002309 0
0.256299 0.212763 -0.217811 0
-0.308762 0.356901 0.108400 0
0.076081 0.117133 -0.001001 0
0.364555 0.197056 -0.271102 0
-0.047643 -0.896012 0.116120 0
0.153913 0.171367 0.008073 0
0.484761 0.215410 -0.110113 0
-0.466885 0.341056 0.156026 0
0.372341 0.237865 -0.130424 0
-0.629661 0.278883 0.289462 0
-0.429261 0.378094 0.294898 0
0.425429 0.233736 -0.248219 0
-0.543894 0.318157 0.352501 0
0.000476 0.096761 0.018275 0
-0.502936 0.367216 0.281148 0
-0.359593 0.372777 0.160260 0
0.135902 0.182448 -0.120912 0
-0.030052 -0.779681 0.053711 0
-0.016997 0.181959 0.080617 0
-0.083414 0.199865 -0.017117 0
-0.229905 0.348579 0.217792 0
0.573878 0.177434 -0.248836 0
-0.071438 -0.633706 0.009629 0
-0.163210 0.276130 0.048129 0
0.242956 0.224789 -0.146001 0
-0.314796 0.373058 0.265375 0
-0.037218 -0.261040 -0.001488 0
-0.029062 -0.899473 0.051446 0
-0.025515 -0.465780 0.019082 0
-0.059606 -0.425228 -0.040726 0
-0.003153 -0.091762 -0.057253 0
0.633126 0.189725 -0.350707 0
0.052495 0.067159 0.034995 0
-0.598700 0.308592 0.238666 0
-0.024244 0.026812 -0.021783 0
-0.004034 0.096323 -0.055350 0
0.265894 0.220136 -0.037385 0
0.034734 -0.005973 -0.013012 0
0.504277 0.230792 -0.167113 0
-0.003439 -0.629342 0.011431 0
-0.192919 0.299827 0.094781 0
-0.157376 0.306286 0.166247 0
0.515597 0.208632 -0.309968 0
-0.417475 0.377148 0.172468 0
0.343092 0.231694 -0.079143 0
-0.084378 0.260483 0.138140 0
-0.074600 -0.558408 -0.000635 0
0.310206 0.199690 -0.244110 0
-0.022513 -0.346513 0.003661 0
-0.021253 -0.189064 0.000579 0
-0.598371 0.299067 0.333896 0
0.299751 0.226490 -0.152407 0
0.617038 0.175905 -0.284438 0
0.393763 0.241235 -0.195849 0
-0.258290 0.306817 0.020231 0
-0.044664 -0.816202 0.015686 0
-0.032050 -0.529814 0.023707 0
0.187261 0.204944 -0.019176 0
0.429736 0.234831 -0.123304 0
-0.299099 0.333375 0.060650 0
-0.059494 -0.366436 -0.030432 0
-0.271008 0.349347 0.146250 0
-0.017156 -0.156303 -0.054555 0
-0.548432 0.355157 0.246547 0
0.016425 -0.070127 -0.013258 0
-0.034941 -0.737681 0.022232 0
0.061796 0.134085 -0.048769 0
0.691285 0.112855 -0.391571 0
-0.088096 -0.866933 0.021231 0
-0.497525 0.363821 0.189364 0
0.184391 0.216980 -0.123061 0
0.555579 0.198492 -0.356504 0
0.538072 0.207276 -0.226660 0
0.105747 0.161272 -0.009771 0
-0.038565 -0.948878 0.049886 0
0.238247 0.216158 -0.097369 0
-0.078539 -0.778787 0.047103 0
0.284551 0.206765 0.006629 0
-0.009669 -0.301067 -0.008433 0
-0.118704 0.254191 0.075542 0
-0.426597 0.351061 0.345361 0
0.464274 0.233194 -0.218846 0
-0.519705 0.350707 0.326152 0
-0.025625 0.075442 -0.017620 0
0.685887 0.135193 -0.349204 0
0.458689 0.222286 -0.280778 0
-0.271784 0.363326 0.241172 0
-0.344925 0.337997 0.083789 0
-0.378438 0.379699 0.283286 0
0.367226 0.231623 -0.238609 0
-0.100052 0.236821 0.016590 0
0.146036 0.200784 -0.076852 0
0.014913 -0.005115 -0.055617 0
-0.002191 0.139975 0.042099 0
-0.419063 0.384363 0.246446 0
0.546475 0.207829 -0.272334 0
-0.047976 0.194794 0.042539 0
-0.341200 0.374450 0.203891 0
-0.075482 -0.460127 -0.015224 0
-0.045084 0.217323 0.088963 0
-0.061689 -0.678235 -0.002757 0
-0.129725 0.295471 0.205757 0
-0.243380 0.329808 0.115394 0
-0.118678 0.282946 0.159399 0
-0.206719 0.302056 0.051042 0
-0.034096 -0.637954 0.043834 0
0.223476 0.223937 -0.187821 0
-0.025297 -0.845899 0.048534 0
0.406027 0.216449 -0.284898 0
0.018272 0.049953 0.011503 0
0.000681 -0.248719 -0.022035 0
-0.505951 0.369968 0.232941 0
-0.634636 0.256161 0.328460 0
-0.429136 0.352163 0.134789 0
-0.040763 -0.597844 -0.007355 0
0.046174 0.097661 -0.027521 0
-0.475268 0.368918 0.315673 0
0.291801 0.231283 -0.195604 0
0.475709 0.172121 -0.330814 0
-0.314230 0.364403 0.158009 0
-0.189459 0.325713 0.188266 0
-0.351104 0.366329 0.116122 0
0.142219 0.189986 -0.034961 0
-0.022996 0.118402 -0.010939 0
-0.028724 -0.273831 -0.044810 0
-0.170145 0.272081 -0.001242 0
0.330415 0.233568 -0.122161 0
0.633475 0.182087 -0.396439 0
-0.064969 -0.881425 0.068722 0
-0.575795 0.286168 0.367662 0
-0.016529 -0.517815 -0.013956 0
-0.216486 0.333584 0.255113 0
0.307549 0.224939 -0.057713 0
0.220626 0.214819 -0.043776 0
0.371438 0.224835 -0.049221 0
-0.018954 -0.563202 0.000523 0
-0.461681 0.379582 0.268846 0
0.508447 0.230792 -0.209720 0
-0.035309 -0.451744 -0.020797 0
0.343313 0.235563 -0.162200 0
-0.069101 -0.693605 0.034152 0
-0.068899 -0.975052 0.042998 0
-0.048556 -0.875764 0.023277 0
-0.064618 -0.422538 -0.000640 0
-0.132435 0.257233 0.029126 0
0.392192 0.234062 -0.095154 0
-0.074710 0.241572 0.100778 0
-0.403472 0.385541 0.209722 0
-0.005149 -0.004461 -0.006082 0
-0.179169 0.303111 0.131998 0
-0.246971 0.345663 0.177701 0
-0.538585 0.351712 0.289353 0
0.472375 0.234273 -0.142794 0
-0.020242 -0.377960 -0.023803 0
-0.013173 -0.710075 0.053780 0
0.594556 0.201546 -0.346683 0
-0.031663 -0.120269 -0.049273 0
0.408843 0.241364 -0.159515 0
-0.401264 0.364591 0.318741 0
-0.025103 -0.071070 -0.031676 0
0.003316 -0.165488 -0.018659 0
-0.459389 0.371406 0.179434 0
-0.039020 -0.646105 -0.008182 0
-0.047280 -0.541670 -0.022822 0
-0.395199 0.371243 0.136414 0
-0.063118 0.238934 0.163771 0
-0.042025 -0.776988 0.013167 0
-0.609351 0.311912 0.287590 0
0.661995 0.164070 -0.339292 0
-0.038571 -0.185298 -0.034698 0
-0.051252 -0.227764 -0.024350 0
0.105638 0.141304 -0.042606 0
-0.276467 0.343940 0.093916 0
-0.002560 -0.041027 0.002148 0
-0.569939 0.327377 0.221583 0
-0.058906 -0.804578 0.066791 0
-0.055090 0.190923 0.005171 0
0.520613 0.213088 -0.139277 0
0.158115 0.203670 -0.144981 0
0.446470 0.224355 -0.092609 0
0.471528 0.206987 -0.311283 0
-0.046726 -0.494509 0.012282 0
0.555947 0.176195 -0.217288 0
0.012041 -0.104628 -0.026921 0
-0.328778 0.368366 0.298404 0
0.426659 0.239323 -0.210751 0
0.615156 0.190892 -0.319134 0
-0.044394 -0.377860 0.010559 0
-0.000453 -0.056125 -0.056524 0
0.300493 0.220506 -0.022249 0
-0.104742 0.260660 0.107741 0
-0.042239 -0.708075 -0.001199 0
-0.026543 -0.345516 -0.045424 0
0.011063 0.021175 -0.032223 0
0.113619 0.176480 -0.094078 0
0.259045 0.229817 -0.182329 0
0.051444 0.065690 -0.000266 0
-0.069183 -0.743242 0.028794 0
-0.018512 0.003136 -0.048054 0
-0.555508 0.328403 0.317368 0
-0.150626 0.276153 0.081276 0
-0.106854 0.226264 -0.019265 0
-0.040252 -0.317964 -0.006842 0
-0.019919 -0.483115 -0.014464 0
-0.268575 0.329355 0.044326 0
-0.316486 0.374441 0.230980 0
0.203349 0.189055 0.011667 0
-0.199460 0.333965 0.225207 0
-0.292278 0.363672 0.289554 0
-0.511668 0.329951 0.353321 0
-0.576733 0.337574 0.254745 0
0.206058 0.223768 -0.152905 0
0.478690 0.238886 -0.187892 0
-0.384078 0.379755 0.182608 0
-0.527400 0.359080 0.207249 0
-0.025818 -0.228161 -0.002449 0
0.006089 0.076468 -0.028132 0
-0.048463 -0.442022 0.023561 0
0.156294 0.207517 -0.107996 0
-0.071049 0.216062 0.030373 0
-0.047394 -0.611939 0.023438 0
0.000265 -0.215605 -0.027210 0
-0.621392 0.295521 0.261449 0
0.278100 0.223710 -0.127500 0
0.308009 0.226237 -0.224031 0
0.523864 0.198538 -0.341762 0
-0.345929 0.378872 0.256651 0
-0.027885 0.197898 0.108943 0
0.333588 0.221669 -0.250074 0
0.532023 0.214950 -0.191991 0
-0.052194 -0.284889 -0.025235 0
0.017863 -0.041680 -0.033902 0
-0.013712 -0.593361 0.011346 0
-0.048622 -0.657366 0.020708 0
-0.045785 -0.715129 0.042897 0
-0.608096 0.277413 0.356023 0
-0.021764 0.174372 0.041091 0
-0.009982 -0.090565 -0.007875 0
0.171683 0.201954 -0.049882 0
0.045924 0.025494 -0.021870 0
-0.264134 0.359590 0.209174 0
0.560366 0.174602 -0.377352 0
0.577358 0.196589 -0.274267 0
0.612189 0.195085 -0.374244 0
-0.054921 -0.395139 -0.014089 0
0.249653 0.218633 -0.064770 0
-0.068528 -0.794632 0.012770 0
-0.053101 -0.556588 0.022739 0
-0.005221 -0.330881 -0.027009 0
0.641676 0.169365 -0.309018 0
-0.048335 -0.750472 0.051551 0
0.220947 0.220546 -0.123590 0
0.381273 0.224511 -0.266900 0
-0.439254 0.383184 0.200938 0
-0.227732 0.309062 0.027411 0
-0.187579 0.288861 0.023680 0
-0.026775 -0.810738 0.049882 0
-0.206671 0.314868 0.122320 0
0.081204 0.141791 -0.019813 0
0.399469 0.238297 -0.226608 0
0.657460 0.177211 -0.372206 0
-0.444693 0.368181 0.322689 0
0.242190 0.213560 -0.014648 0
-0.034568 -0.418864 -0.020160 0
-0.072867 -0.828642 0.021017 0
-0.006128 0.051846 -0.011672 0
0.078841 0.111643 -0.031487 0
0.489671 0.220201 -0.282324 0
0.085303 0.152884 -0.062709 0
0.547235 0.206910 -0.318387 0
-0.003493 0.126664 0.012645 0
0.366509 0.241811 -0.181245 0
-0.038748 -0.143383 -0.030465 0
-0.588250 0.318812 0.312059 0
-0.060210 -0.525999 -0.000091 0
-0.053833 -0.911503 0.031931 0
-0.061686 0.241814 0.130443 0
0.282899 0.213577 -0.235106 0
-0.155596 0.310292 0.196093 0
-0.569992 0.306647 0.340557 0
-0.180389 0.288350 0.069941 0
0.464381 0.231416 -0.252771 0
0.000565 0.026754 0.005042 0
-0.240007 0.351845 0.253466 0
-0.051412 -0.846649 0.031142 0
-0.026403 -0.245311 -0.036933 0
-0.625276 0.284035 0.324437 0
-0.323653 0.350264 0.067164 0
0.065499 0.075378 -0.024603 0
-0.033584 0.146844 -0.011837 0
-0.185828 0.316271 0.157674 0
-0.081597 0.261906 0.167546 0
-0.044968 -0.847026 0.075437 0
-0.018263 -0.760657 0.029715 0
-0.521501 0.364506 0.257215 0
-0.084373 -0.895842 0.022401 0
0.525579 0.212711 -0.252447 0
0.364691 0.239517 -0.210704 0
0.159546 0.193153 -0.011798 0
0.313607 0.230294 -0.085635 0
-0.111467 0.246006 0.045777 0
0.279247 0.222266 -0.067569 0
-0.488397 0.374479 0.257163 0
-0.008681 -0.679002 0.008579 0
-0.068111 -0.600186 0.007001 0
-0.046737 -0.568732 -0.005320 0
-0.005319 -0.127794 -0.035983 0
-0.054340 -0.793515 0.037932 0
-0.069043 -0.943688 0.041365 0
-0.167657 0.288649 0.102838 0
-0.214761 0.311478 0.080197 0
0.213739 0.208075 -0.007162 0
-0.052231 -0.257792 -0.035864 0
0.402385 0.239060 -0.131650 0
-0.049208 -0.469135 -0.000848 0
-0.014984 -0.272345 -0.015593 0
0.023852 0.094790 -0.045130 0
0.364676 0.235446 -0.102410 0
0.203014 0.215108 -0.101665 0
0.335216 0.227245 -0.051676 0
0.407621 0.191384 -0.298164 0
0.517438 0.214565 -0.280445 0
-0.214970 0.337581 0.191917 0
0.497156 0.198723 -0.332405 0
-0.010960 -0.186998 -0.029795 0
-0.068717 -0.866013 0.045616 0
-0.024200 -0.159351 -0.012653 0
-0.060078 -0.338620 -0.033484 0
0.131151 0.179563 -0.011510 0
-0.025655 -0.557210 0.027940 0
0.004428 0.107951 -0.006929 0
0.315471 0.229528 -0.175116 0
-0.140686 0.291278 0.144633 0
-0.483581 0.374722 0.210557 0
-0.064485 -0.727316 0.006745 0
-0.370603 0.381100 0.208639 0
0.686821 0.138538 -0.401965 0
-0.287018 0.357084 0.167149 0
0.431285 0.212520 -0.294864 0
0.532268 0.183603 -0.370030 0
0.554577 0.197229 -0.246031 0
0.598836 0.194763 -0.297538 0
-0.496089 0.354436 0.339383 0
-0.031756 -0.111525 -0.017818 0
-0.038550 -0.486821 -0.033893 0
0.381954 0.238044 -0.159074 0
-0.111806 0.284590 0.187005 0
-0.292021 0.354398 0.129965 0
-0.027350 -0.432658 0.009535 0
-0.004446 -0.025584 -0.057131 0
-0.516591 0.340391 0.191019 0
-0.395112 0.384522 0.258792 0
0.022327 0.087946 -0.009199 0
-0.039086 -0.388267 -0.039939 0
-0.445809 0.364726 0.151621 0
-0.053322 0.170649 -0.012284 0
-0.135137 0.296874 0.179549 0
-0.016958 0.099563 -0.032146 0
0.218694 0.212872 -0.072291 0
-0.145440 0.265134 0.007157 0
-0.301154 0.350625 0.081516 0
-0.271084 0.360874 0.267724 0
0.371277 0.229615 -0.075454 0
-0.004718 -0.056158 -0.023354 0
-0.031082 -0.633405 0.013783 0
-0.332353 0.365185 0.138613 0
-0.327000 0.371708 0.180117 0
-0.493842 0.351645 0.166094 0
-0.246976 0.338739 0.143019 0
-0.121406 0.276231 0.132251 0
0.581429 0.198860 -0.369438 0
-0.040487 -0.359901 -0.013325 0
-0.032751 -0.540111 -0.000581 0
0.688235 0.139813 -0.375049 0
0.494724 0.224054 -0.133302 0
-0.030783 -0.873525 0.055574 0
-0.460916 0.378062 0.295677 0
0.130699 0.195959 -0.098206 0
0.272070 0.225920 -0.152909 0
-0.141523 0.264815 0.057523 0
-0.029136 -0.712199 0.022745 0
-0.026267 -0.208808 -0.019897 0
0.177045 0.183249 0.004680 0
0.060530 0.089970 -0.001089 0
-0.039950 0.204237 0.065223 0
0.025296 0.032154 -0.050765 0
-0.293062 0.367231 0.222954 0
-0.054807 -0.823674 0.042250 0
-0.357051 0.372317 0.299569 0
0.531177 0.206312 -0.161712 0
0.009294 -0.020386 -0.022461 0
0.593285 0.178079 -0.265469 0
0.417105 0.229544 -0.091820 0
-0.005598 0.075349 0.005757 0
-0.023683 -0.294420 -0.028702 0
0.206444 0.204970 -0.186896 0
0.486837 0.228959 -0.229980 0
0.033171 0.074421 0.020101 0
-0.329829 0.357877 0.094151 0
-0.017327 -0.094959 -0.035730 0
0.303473 0.225494 -0.126982 0
-0.045830 -0.338297 0.009636 0
-0.444734 0.382686 0.244271 0
-0.121308 0.249494 0.007768 0
-0.613740 0.302417 0.311517 0
-0.264872 0.341005 0.122502 0
0.126539 0.188529 -0.058037 0
-0.038016 -0.923444 0.047569 0
-0.150636 0.297451 0.228239 0
-0.061869 -0.316510 -0.021509 0
-0.077436 0.217092 0.006029 0
0.444222 0.239315 -0.143397 0
0.118792 0.175182 -0.036272 0
-0.559157 0.347408 0.269790 0
0.008579 -0.079193 -0.035327 0
0.171034 0.209419 -0.087753 0
0.342261 0.230435 -0.228249 0
0.255645 0.221716 -0.116545 0
0.024834 0.038567 -0.009817 0
0.462191 0.228978 -0.120541 0
-0.056012 -0.995858 0.038091 0
-0.070689 -0.651415 -0.007937 0
-0.063053 -0.766388 0.021374 0
-0.406999 0.381368 0.280462 0
-0.131201 0.264609 0.094405 0
-0.362257 0.353878 0.091970 0
-0.599792 0.321245 0.266615 0
0.436529 0.225512 -0.269983 0
-0.548058 0.350073 0.217676 0
-0.024100 -0.012489 -0.022794 0
0.382077 0.209417 -0.286505 0
0.416996 0.238953 -0.187714 0
-0.504730 0.363499 0.311215 0
0.234248 0.205724 -0.200557 0
-0.062050 0.211673 0.057113 0
-0.059255 -0.446548 0.001291 0
-0.059932 -0.618800 -0.006936 0
0.351781 0.218349 -0.266326 0
-0.158526 0.290413 0.126021 0
0.448567 0.238582 -0.198721 0
0.178053 0.216301 -0.151819 0
-0.350302 0.378926 0.226208 0
0.673058 0.154690 -0.359022 0
-0.017769 -0.353305 -0.023947 0
-0.375565 0.366085 0.116021 0
-0.033353 -0.286549 -0.007721 0
-0.068290 0.229605 0.080555 0
0.566357 0.202829 -0.335112 0
0.402222 0.230069 -0.254580 0
0.095641 0.142009 0.001048 0
-0.097858 0.249073 0.087544 0
-0.393287 0.374610 0.160373 0
-0.067503 -0.502925 0.001660 0
-0.029570 -0.513046 0.006362 0
-0.035409 -0.672811 0.007536 0
0.541167 0.191305 -0.204706 0
-0.275498 0.340914 0.064405 0
-0.014558 -0.401042 -0.019588 0
-0.040109 -0.979539 0.071717 0
-0.611831 0.254927 0.339850 0
0.038816 0.074815 -0.021604 0
-0.250356 0.357467 0.231907 0
-0.021006 -0.381363 0.000204 0
0.333279 0.196894 -0.250065 0
0.194222 0.209831 -0.047697 0
-0.238342 0.294714 0.011403 0
-0.429753 0.386048 0.225058 0
0.005672 0.044472 -0.033420 0
-0.063334 -0.467748 -0.034393 0
-0.438069 0.383435 0.268420 0
-0.418720 0.369149 0.147962 0
-0.047658 0.175243 0.027432 0
-0.295888 0.369789 0.246475 0
-0.405108 0.357217 0.119948 0
0.271581 0.216934 -0.014510 0
-0.380412 0.369903 0.308654 0
-0.045019 -0.664705 0.042979 0
-0.023832 -0.193070 -0.051530 0
-0.040581 -0.977568 0.043939 0
-0.368504 0.370797 0.138435 0
-0.050110 -0.689757 0.014974 0
-0.052524 -0.687982 0.050025 0
-0.058768 -0.444402 -0.027001 0
0.106226 0.158368 -0.072074 0
0.555474 0.208336 -0.296358 0
-0.011893 0.167651 0.062638 0
-0.245871 0.323256 0.043376 0
0.518557 0.221937 -0.232009 0
-0.192348 0.268891 0.005604 0
-0.051993 0.228135 0.108569 0
-0.164933 0.276540 0.021152 0
0.396146 0.218483 -0.050402 0
-0.053395 -0.583575 0.014003 0
-0.099528 0.272273 0.151636 0
0.321133 0.229246 -0.143740 0
0.460221 0.192275 -0.325215 0
-0.228439 0.319833 0.100710 0
0.646231 0.163103 -0.400330 0
-0.010690 -0.114358 -0.057203 0
-0.019324 0.140239 0.026477 0
0.096522 0.161960 -0.037351 0
-0.037173 -0.499772 -0.011044 0
0.273724 0.227288 -0.213092 0
0.024511 0.002287 -0.035988 0
0.635738 0.181822 -0.327453 0
-0.255562 0.333365 0.096187 0
-0.004358 -0.003775 -0.030754 0
-0.025793 -0.612416 0.006042 0
-0.395985 0.383949 0.231369 0
-0.018323 -0.325580 -0.008946 0
0.054408 0.052551 -0.023577 0
-0.369236 0.382605 0.258536 0
-0.067461 -0.850624 0.015383 0
0.265455 0.221519 -0.087545 0
-0.023953 -0.603300 0.032442 0
-0.315823 0.370431 0.208632 0
-0.459618 0.355716 0.339517 0
0.441086 0.236695 -0.232115 0
-0.052855 -0.714221 0.021100 0
-0.541455 0.345124 0.311428 0
0.473422 0.239431 -0.165914 0
0.236284 0.227964 -0.167328 0
0.488863 0.182521 -0.345887 0
0.004319 0.120196 0.033478 0
-0.045993 -0.206568 -0.034540 0
-0.597765 0.264444 0.371118 0
-0.027925 -0.661799 0.028080 0
0.151533 0.194079 -0.055680 0
-0.004525 0.017056 -0.016694 0
0.059856 0.118935 -0.022138 0
-0.349118 0.376980 0.279182 0
-0.034920 -0.625005 -0.014312 0
-0.034041 -0.331621 -0.029611 0
-0.030983 0.198409 0.086339 0
-0.528460 0.333516 0.339061 0
-0.027814 -0.745295 0.042707 0
-0.008313 -0.207594 -0.006789 0
-0.091034 0.231453 0.040285 0
-0.193192 0.329876 0.246119 0
-0.266856 0.354087 0.187831 0
-0.058435 -0.345264 -0.012394 0
-0.481959 0.374665 0.289622 0
-0.042301 -0.765607 0.036546 0
0.668267 0.145819 -0.326431 0
0.462704 0.211334 -0.100130 0
-0.382489 0.358378 0.328654 0
-0.034268 -0.365859 -0.035889 0
-0.053238 -0.534701 0.019555 0
-0.028013 -0.452736 0.000058 0
0.243449 0.217064 -0.036448 0
0.291085 0.228112 -0.172630 0
-0.026997 -0.166539 -0.034433 0
-0.526649 0.362639 0.232053 0
0.253922 0.208118 0.003380 0
-0.564055 0.343754 0.236221 0
-0.591318 0.293058 0.353837 0
0.392945 0.228376 -0.072713 0
0.313793 0.230787 -0.202994 0
0.633313 0.189046 -0.375749 0
0.003727 -0.142725 -0.008372 0
0.352343 0.235498 -0.138787 0
-0.225332 0.313366 0.050603 0
-0.046322 -0.246890 -0.015307 0
0.452080 0.209775 -0.300485 0
-0.466315 0.381005 0.245690 0
-0.063638 -0.582010 -0.008113 0
-0.039030 -0.828472 0.056257 0
0.082328 0.132792 -0.042085 0
-0.028244 -0.780608 0.029425 0
-0.265868 0.347763 0.167121 0
-0.097945 0.240544 0.063444 0
-0.206225 0.299251 0.029703 0
-0.360409 0.378201 0.189902 0
-0.063762 0.189314 -0.014545 0
-0.524244 0.357278 0.304695 0
0.514091 0.227736 -0.185981 0
0.495040 0.211336 -0.304351 0
-0.540135 0.357148 0.267685 0
0.595734 0.200512 -0.321715 0
-0.018917 0.148195 0.005562 0
-0.223197 0.345876 0.237985 0
-0.206857 0.330038 0.172821 0
-0.153982 0.256345 -0.013060 0
-0.055995 -0.959465 0.035012 0
0.534219 0.210609 -0.297948 0
0.612254 0.183019 -0.399106 0
-0.044292 -0.747714 0.005832 0
-0.044383 -0.521195 -0.017472 0
0.205272 0.211539 -0.028557 0
0.335766 0.234203 -0.099036 0
-0.172387 0.315602 0.178219 0
-0.052980 -0.635177 0.034294 0
-0.576089 0.308975 0.230425 0
-0.064813 -0.888686 0.028044 0
0.005801 -0.123011 -0.016006 0
-0.014405 -0.255907 -0.002157 0
0.388081 0.236501 -0.115799 0
-0.046274 -0.431996 -0.006908 0
-0.048885 -0.466570 0.020120 0
-0.004234 0.089106 -0.010805 0
-0.423653 0.367284 0.322832 0
-0.041688 -0.894355 0.030705 0
0.320701 0.223122 -0.034623 0
0.031148 -0.020469 -0.027793 0
-0.181302 0.286638 0.046225 0
-0.221142 0.325148 0.133536 0
-0.041825 -0.227689 -0.043098 0
0.293779 0.222988 -0.041963 0
-0.438216 0.374377 0.173638 0
-0.292887 0.366378 0.266920 0
-0.026632 -0.489380 0.009378 0
0.021776 -0.034151 -0.012816 0
-0.040532 -0.796250 0.021182 0
-0.507495 0.365320 0.207780 0
-0.028702 0.189050 0.054124 0
-0.611921 0.286270 0.277499 0
0.616342 0.196123 -0.340208 0
-0.407504 0.376357 0.300641 0
-0.237245 0.335290 0.161071 0
-0.025154 -0.293723 -0.049695 0
-0.024654 -0.128372 -0.027753 0
0.040016 0.079380 -0.041818 0
-0.074969 -0.759070 0.041691 0
-0.033029 -0.584689 0.006706 0
-0.009678 -0.151653 -0.035781 0
-0.182305 0.324808 0.214683 0
0.314973 0.231207 -0.106283 0
-0.474450 0.358895 0.166367 0
0.203667 0.221843 -0.175246 0
0.120567 0.190876 -0.080913 0
-0.054546 -0.483285 -0.014919 0
-0.482204 0.378365 0.230771 0
-0.102643 0.265829 0.130318 0
-0.038969 -0.265928 -0.022437 0
0.311421 0.210639 -0.007930 0
-0.004920 -0.069211 -0.007526 0
0.355383 0.216401 -0.030732 0
-0.072867 -0.576242 0.009264 0
0.242022 0.226912 -0.195934 0
-0.012910 0.109554 0.006580 0
0.345750 0.238028 -0.185632 0
-0.027726 -0.322013 -0.052267 0
0.035717 0.056272 -0.010952 0
-0.632708 0.269576 0.312162 0
-0.015933 -0.423670 -0.013627 0
-0.096276 0.276786 0.176493 0
-0.005728 -0.182080 -0.010803 0
-0.065971 -0.664335 0.012793 0
0.408275 0.235119 -0.109224 0
-0.583766 0.327070 0.238960 0
-0.057802 -0.547171 -0.000007 0
-0.012010 -0.234274 -0.015896 0
0.353879 0.228172 -0.059282 0
0.008096 0.062503 -0.002171 0
-0.029604 -0.677076 0.047475 0
-0.051227 0.224478 0.155476 0
-0.047812 -0.860119 0.060456 0
-0.026587 0.055496 -0.019844 0
0.033033 0.054374 -0.050999 0
0.010375 -0.020974 -0.044313 0
-0.048035 -0.787253 0.058084 0
-0.054438 -0.420012 -0.021981 0
0.064861 0.096479 -0.020560 0
-0.058980 0.203968 0.020025 0
0.144321 0.197457 -0.131950 0
-0.313604 0.360306 0.133831 0
0.528950 0.217835 -0.212433 0
-0.108263 0.237993 -0.001918 0
-0.077087 0.248875 0.120014 0
0.053233 0.117581 -0.041702 0
-0.521671 0.360636 0.281828 0
0.170275 0.201585 -0.028871 0
0.350694 0.236434 -0.116412 0
-0.282075 0.346884 0.112673 0
-0.623355 0.270752 0.342788 0
0.126681 0.163360 -0.001139 0
-0.010097 0.157747 0.045518 0
0.394746 0.238116 -0.174065 0
-0.125638 0.228914 -0.010355 0
-0.200174 0.316256 0.144170 0
0.648756 0.176836 -0.346352 0
-0.160249 0.301060 0.142500 0
-0.054548 -0.930695 0.036193 0
-0.592749 0.325337 0.288396 0
-0.015433 -0.056266 -0.040204 0
0.170400 0.197720 -0.159081 0
-0.258116 0.334434 0.073354 0
-0.196104 0.299774 0.072567 0
-0.556448 0.339586 0.300109 0
0.489234 0.234415 -0.210514 0
-0.052186 -0.401941 -0.032212 0
-0.012587 -0.113803 -0.020885 0
0.007281 -0.169210 -0.037413 0
-0.553986 0.314345 0.332492 0
0.424837 0.239917 -0.145289 0
-0.186594 0.300438 0.114206 0
-0.027741 -0.704690 0.040617 0
-0.000156 0.046333 0.006591 0
0.507608 0.214075 -0.122775 0
-0.051231 -0.740108 0.035388 0
-0.035500 -0.360550 0.006800 0
-0.039791 -0.301901 -0.020974 0
-0.045534 -0.396618 0.005913 0
-0.039629 -0.809718 0.035052 0
-0.018078 -0.221981 -0.031471 0
-0.054768 -0.643195 0.007230 0
-0.306236 0.365253 0.175555 0
-0.034156 -0.390156 -0.010841 0
-0.043417 -0.469152 -0.022107 0
-0.415652 0.382473 0.190869 0
-0.243924 0.351673 0.205046 0
0.549405 0.191189 -0.227282 0
-0.069590 0.250800 0.145539 0
-0.331923 0.376834 0.242046 0
-0.047022 -0.513405 0.015238 0
0.170624 0.203762 -0.069489 0
-0.062357 -0.809708 0.022781 0
-0.057330 -0.757016 -0.004535 0
0.481591 0.226523 -0.261636 0
-0.228858 0.339747 0.177731 0
0.272699 0.220648 -0.107796 0
0.628055 0.182267 -0.305866 0
0.191484 0.198280 0.000018 0
0.223983 0.223757 -0.146195 0
-0.479104 0.368414 0.182137 0
0.317320 0.216422 -0.238652 0
0.430268 0.220606 -0.075296 0
-0.046264 -0.352535 -0.029823 0
0.258511 0.224175 -0.135236 0
-0.076261 0.248187 0.179405 0
-0.006934 -0.078138 -0.024026 0
-0.148987 0.268069 0.026613 0
-0.027636 -0.726485 0.041884 0
-0.042130 0.176172 0.001800 0
-0.067387 -0.805422 0.044350 0
0.326666 0.229147 -0.070399 0
-0.021288 -0.256700 -0.050938 0
-0.032657 0.159663 0.037068 0
0.521861 0.222064 -0.165662 0
-0.022226 -0.364520 -0.009694 0
-0.039330 0.212438 0.106928 0
-0.495558 0.341415 0.352614 0
-0.022763 -0.986811 0.054874 0
-0.209734 0.310543 0.104552 0
0.469460 0.216447 -0.294672 0
-0.120561 0.268988 0.115246 0
-0.007178 -0.266492 -0.031311 0
-0.561923 0.301221 0.356288 0
0.168165 0.213548 -0.131224 0
-0.003103 -0.107361 -0.037139 0
-0.063804 -0.555952 -0.015416 0
-0.038850 -0.724866 0.009522 0
-0.029237 -0.655499 0.008905 0
-0.163749 0.278615 0.066382 0
0.028315 0.027611 -0.032494 0
-0.239127 0.341620 0.268744 0
0.182211 0.212748 -0.101991 0
-0.010759 -0.025572 -0.017933 0
-0.170546 0.284504 0.084998 0
-0.040202 -0.867165 0.037223 0
-0.025420 -0.250326 -0.015785 0
0.007566 0.001907 -0.017716 0
-0.054803 -0.375762 -0.004435 0
0.569120 0.189562 -0.383432 0
0.204402 0.219496 -0.135140 0
-0.010518 -0.280736 0.000085 0
0.503158 0.219773 -0.269913 0
0.669657 0.146674 -0.405921 0
-0.340103 0.369772 0.154567 0
-0.085864 0.226710 0.022240 0
-0.088876 0.220346 -0.007896 0
0.496533 0.235180 -0.189467 0
-0.020267 -0.543938 0.012220 0
0.421038 0.237786 -0.230958 0
0.581773 0.176339 -0.382876 0
0.102897 0.177231 -0.079336 0
0.505285 0.192661 -0.347564 0
-0.012883 0.081151 -0.029343 0
-0.213368 0.339436 0.209949 0
-0.069262 -0.784337 0.027748 0
0.409360 0.239919 -0.205089 0
-0.026832 -0.186625 -0.020906 0
-0.345162 0.375152 0.180526 0
-0.013154 -0.134652 -0.050854 0
0.455100 0.240947 -0.159949 0
-0.151061 0.278841 0.099192 0
0.079451 0.150638 -0.041409 0
0.017093 0.017684 -0.015534 0
-0.126161 0.255475 0.050403 0
0.364001 0.236154 -0.158796 0
0.670491 0.162541 -0.375075 0
-0.051386 -0.296507 -0.039021 0
-0.556431 0.325447 0.209796 0
0.561555 0.201069 -0.265127 0
0.416519 0.226893 -0.265050 0
-0.061581 -0.520502 -0.024664 0
-0.333524 0.335336 0.066644 0
0.552231 0.191136 -0.372467 0
-0.027257 -0.762402 0.050041 0
-0.034392 -0.625743 0.030784 0
-0.049084 -0.381909 -0.026557 0
-0.033370 -0.334833 -0.006242 0
-0.606804 0.305685 0.254322 0
0.219517 0.199001 0.008124 0
0.377416 0.238450 -0.223122 0
-0.048402 -0.679014 0.029078 0
-0.475511 0.360058 0.332772 0
-0.047723 -0.806402 0.050551 0
-0.456476 0.380436 0.204308 0
-0.035081 -0.826458 0.038858 0
0.024028 0.104919 -0.030545 0
-0.066578 -0.647187 0.020075 0
-0.170684 0.318204 0.201008 0
0.650292 0.171725 -0.326700 0
-0.513715 0.343764 0.341325 0
-0.584904 0.309525 0.329046 0
0.012927 -0.054939 -0.022696 0
-0.066608 0.204653 -0.000390 0
-0.051589 0.177866 0.046214 0
-0.143219 0.296608 0.161312 0
-0.330143 0.362146 0.121335 0
-0.218464 0.298634 0.012619 0
-0.034701 -0.402896 -0.029785 0
-0.062227 -0.706644 0.008174 0
0.384383 0.232531 -0.242729 0
-0.037641 -0.505797 -0.027646 0
0.003887 0.087282 -0.042451 0
0.035001 0.055163 0.013414 0
0.481383 0.200662 -0.324447 0
-0.410309 0.358766 0.332680 0
-0.032443 -0.467536 -0.008365 0
0.221853 0.214563 -0.091222 0
0.023595 0.065064 -0.040761 0
-0.055299 -0.845871 0.050226 0
-0.033145 -0.694083 0.014633 0
0.007723 0.035327 -0.011538 0
-0.540252 0.335778 0.326174 0
-0.049371 -0.592854 0.034267 0
-0.027119 -0.310928 -0.036024 0
0.241116 0.217368 -0.079966 0
-0.040244 -0.557212 0.006087 0
-0.009923 0.031761 -0.008983 0
0.537322 0.202626 -0.179444 0
-0.031638 -0.795736 0.042432 0
0.541224 0.200124 -0.341214 0
-0.400629 0.378767 0.177272 0
0.441895 0.230267 -0.108331 0
0.016517 0.017174 -0.049881 0
-0.013934 -0.171121 -0.044923 0
0.270613 0.230444 -0.196305 0
-0.042287 -0.764170 0.000676 0
-0.024885 -0.439775 -0.013950 0
0.561721 0.181675 -0.234803 0
0.421862 0.196701 -0.306290 0
-0.046402 -0.571930 0.029136 0
-0.020401 -0.528148 0.000360 0
0.365894 0.216537 -0.275995 0
-0.034961 -0.222676 -0.026442 0
0.323474 0.229928 -0.217517 0
-0.016488 0.160532 0.029817 0
-0.387607 0.383650 0.203434 0
-0.019128 0.132448 -0.001238 0
-0.046522 -0.409809 -0.010702 0
-0.307701 0.368113 0.280152 0
-0.446392 0.375857 0.304461 0
0.241957 0.223291 -0.128985 0
-0.028975 0.160098 -0.001868 0
-0.271858 0.362822 0.224080 0
0.544766 0.171955 -0.370455 0
-0.019094 -0.201190 -0.034730 0
-0.044426 0.152359 0.025252 0
-0.417656 0.383424 0.267317 0
-0.489486 0.369988 0.304179 0
-0.221879 0.320422 0.117002 0
-0.045623 0.219158 0.121563 0
0.146694 0.182988 -0.005474 0
-0.045079 -0.277741 -0.042171 0
-0.244087 0.313426 0.029202 0
0.010724 -0.086060 -0.015093 0
0.593440 0.193215 -0.381195 0
-0.046918 0.190935 0.020903 0
-0.324184 0.371720 0.282269 0
0.251935 0.226276 -0.160350 0
0.465205 0.238814 -0.202162 0
-0.055108 -0.626898 0.012026 0
0.597838 0.200496 -0.363316 0
0.200883 0.216092 -0.118478 0
-0.004644 -0.069211 -0.042154 0
-0.053660 -0.829347 0.064792 0
0.459486 0.241783 -0.183357 0
0.069359 0.133829 -0.028905 0
-0.445053 0.381210 0.283664 0
-0.046732 -0.330684 -0.018468 0
-0.360349 0.342098 0.078203 0
-0.046959 -0.699797 0.035938 0
-0.345250 0.354706 0.088083 0
0.575187 0.201578 -0.354001 0
-0.029095 -0.574163 0.021525 0
-0.064231 -0.539697 -0.019848 0
-0.071469 -0.813021 0.008999 0
-0.421701 0.385892 0.210263 0
-0.090445 0.253063 0.103100 0
0.654090 0.170570 -0.387308 0
-0.346558 0.363934 0.311282 0
-0.299453 0.359690 0.151457 0
-0.023305 0.010010 -0.022138 0
0.003552 -0.040690 -0.042694 0
0.091485 0.168304 -0.065369 0
-0.545976 0.343060 0.201577 0
-0.460157 0.365591 0.160546 0
-0.136638 0.291522 0.221067 0
-0.018164 0.086044 -0.001920 0
0.287303 0.214182 -0.009257 0
-0.067638 -0.847099 0.035459 0
-0.061942 -0.742709 0.012937 0
-0.001132 -0.093938 -0.027258 0
-0.626277 0.284973 0.304727 0
-0.260254 0.360249 0.254925 0
-0.047573 -0.759938 0.021084 0
-0.439667 0.358850 0.338324 0
-0.180018 0.323388 0.231218 0
0.661402 0.168983 -0.358182 0
-0.489405 0.363486 0.322759 0
-0.188423 0.285116 0.006484 0
-0.096828 0.209504 -0.019591 0
-0.031041 -0.417769 -0.000443 0
-0.132810 0.262269 0.071785 0
0.448286 0.230864 -0.257122 0
-0.253826 0.330135 0.057826 0
0.254481 0.225446 -0.206909 0
-0.511349 0.364108 0.295930 0
0.297848 0.210679 -0.242079 0
-0.019984 -0.111390 -0.035747 0
-0.046684 -0.732776 0.049614 0
0.010678 0.059895 -0.029743 0
0.349623 0.199164 -0.264142 0
-0.069546 -0.354284 -0.025230 0
-0.348335 0.367245 0.132468 0
-0.059764 0.237306 0.146283 0
0.430680 0.242848 -0.166283 0
0.618824 0.196448 -0.356594 0
-0.229575 0.318900 0.080435 0
0.357604 0.232537 -0.087089 0
0.643807 0.184855 -0.363638 0
0.293377 0.226144 -0.080478 0
0.516055 0.203221 -0.325580 0
-0.619158 0.261639 0.326638 0
0.655518 0.154773 -0.317647 0
-0.010006 0.067866 -0.012603 0
-0.210781 0.273259 0.011982 0
0.103040 0.150352 -0.058004 0
-0.069195 -0.549891 0.012419 0
-0.010054 0.104123 -0.014360 0
-0.019915 -0.143336 -0.022741 0
-0.047194 -0.598420 0.010450 0
0.001540 -0.041289 -0.020078 0
0.256424 0.217298 -0.022008 0
0.330617 0.233271 -0.181264 0
0.123099 0.184572 -0.107321 0
-0.142172 0.305907 0.208171 0
0.298319 0.230039 -0.210618 0
-0.576405 0.328780 0.304532 0
0.676268 0.147328 -0.343804 0
0.255497 0.218431 -0.100482 0
-0.081307 -0.928922 0.037778 0
-0.054730 -0.454212 -0.014514 0
0.495930 0.229105 -0.148841 0
-0.082916 0.236982 0.080649 0
-0.612038 0.258992 0.359002 0
0.503425 0.216042 -0.290159 0
-0.007200 -0.019318 -0.034928 0
-0.140640 0.284455 0.129288 0
-0.370949 0.376676 0.173395 0
-0.051503 0.214613 0.070274 0
-0.055561 -0.512344 -0.007720 0
-0.621490 0.292993 0.289753 0
0.062071 0.111593 -0.007239 0
0.046640 0.101350 -0.043382 0
-0.332256 0.376166 0.225779 0
-0.040187 -0.622689 0.000919 0
0.024423 0.066510 0.008570 0
-0.568575 0.314014 0.325353 0
-0.471703 0.375535 0.199524 0
-0.388349 0.376803 0.295801 0
0.019160 0.043466 -0.024465 0
-0.024995 -0.265070 -0.030626 0
-0.037672 -0.417482 -0.036192 0
-0.604793 0.289262 0.345086 0
0.590978 0.193449 -0.282458 0
-0.288005 0.346703 0.072924 0
0.220130 0.227191 -0.167174 0
-0.037305 -0.432584 -0.028238 0
-0.244324 0.327515 0.086189 0
-0.278262 0.360634 0.201419 0
0.467265 0.231484 -0.236902 0
-0.070766 -0.862645 0.025587 0
0.227770 0.215481 -0.058198 0
-0.053349 -0.730621 0.022556 0
0.569073 0.203941 -0.288984 0
-0.503672 0.371021 0.253537 0
0.044644 0.079670 -0.007443 0
0.482037 0.224324 -0.123509 0
-0.033982 -0.280562 -0.030959 0
-0.062473 -0.469267 -0.017048 0
-0.089987 0.257919 0.122776 0
-0.012315 -0.172255 -0.023784 0
0.541771 0.206761 -0.246576 0
-0.002654 -0.141856 -0.022983 0
0.351426 0.224844 -0.043864 0
-0.612547 0.293313 0.329423 0
-0.004981 0.037956 -0.022810 0
0.292495 0.224541 -0.110249 0
0.076016 0.131298 -0.009010 0
-0.051192 -0.778844 0.043222 0
-0.414712 0.385566 0.230204 0
-0.011144 -0.051566 -0.009550 0
0.269050 0.213118 -0.227294 0
0.218801 0.213010 -0.198340 0
-0.460492 0.367595 0.321412 0
0.020066 -0.008798 -0.023576 0
-0.041254 -0.722220 0.029477 0
-0.258475 0.319908 0.029895 0
0.337131 0.231632 -0.137221 0
-0.021902 0.186703 0.094829 0
-0.386068 0.384452 0.245334 0
0.629357 0.172035 -0.293960 0
0.473218 0.189671 -0.333700 0
0.387807 0.241293 -0.210407 0
0.286848 0.223141 -0.220704 0
0.354568 0.227210 -0.246834 0
-0.059524 -0.474044 0.009945 0
-0.113786 0.257485 0.095292 0
0.387273 0.240011 -0.144428 0
0.328243 0.232564 -0.159009 0
-0.045066 -0.526696 0.003931 0
0.359231 0.240703 -0.196059 0
-0.037516 -0.119028 -0.030313 0
0.153929 0.189045 -0.141220 0
0.004082 -0.006779 0.006364 0
0.002301 0.111490 0.013359 0
-0.446718 0.353699 0.140580 0
0.147576 0.204017 -0.095516 0
-0.030755 -0.091219 -0.042737 0
-0.037097 -0.481180 -0.002430 0
0.416115 0.209779 -0.297145 0
-0.039442 -0.374414 -0.006666 0
-0.010090 -0.106478 -0.007363 0
-0.170668 0.308581 0.151309 0
-0.017422 -0.287719 -0.015144 0
0.486947 0.237328 -0.173330 0
-0.216017 0.309440 0.062439 0
0.529845 0.194123 -0.355431 0
0.560989 0.207782 -0.311234 0
-0.475744 0.376309 0.275492 0
-0.026744 -0.642901 0.025271 0
-0.024919 -0.237255 -0.050116 0
0.110664 0.168763 -0.022435 0
0.191859 0.218886 -0.165632 0
-0.039074 -0.251864 -0.028974 0
0.612584 0.189941 -0.302847 0
-0.032012 -0.888283 0.061765 0
-0.034037 -0.237386 -0.021649 0
-0.277611 0.348705 0.130025 0
-0.051314 -0.331879 -0.044328 0
-0.036068 -0.844870 0.062964 0
-0.035257 -0.302814 -0.006211 0
0.155378 0.196426 -0.029993 0
0.337857 0.212494 -0.261763 0
0.178191 0.199153 -0.008094 0
0.008369 -0.063354 -0.036278 0
0.036274 0.007312 -0.020705 0
-0.255691 0.354133 0.268393 0
0.292708 0.225573 -0.138023 0
0.444130 0.176896 -0.313770 0
-0.047830 -0.783612 0.026131 0
-0.279195 0.364746 0.255213 0
-0.109298 0.243709 0.026806 0
-0.019534 -0.505286 -0.005525 0
-0.078882 0.222677 0.043757 0
0.439906 0.218758 -0.283769 0
-0.540956 0.357087 0.232893 0
-0.029352 0.170546 0.026752 0
-0.238187 0.332989 0.131825 0
-0.031934 -0.816657 0.063037 0
-0.290170 0.349346 0.099902 0
0.278663 0.222074 -0.052269 0
-0.132732 0.254980 -0.001273 0
-0.074642 -0.874266 0.057065 0
-0.008874 -0.200397 -0.022717 0
0.270775 0.228415 -0.167944 0
0.431866 0.227735 -0.095632 0
0.060845 0.105567 -0.036121 0
-0.056726 0.226689 0.092125 0
-0.030508 -0.597992 0.013767 0
0.039233 0.062082 0.029387 0
-0.528625 0.351417 0.194101 0
-0.592624 0.278360 0.367532 0
-0.047818 -0.439182 0.008189 0
-0.478907 0.338312 0.164992 0
-0.560746 0.347991 0.251971 0
0.470516 0.222463 -0.109569 0
-0.082792 0.264910 0.152626 0
-0.367062 0.361945 0.103949 0
-0.033171 -0.752066 0.030176 0
0.198611 0.212019 -0.087448 0
-0.593727 0.322769 0.252767 0
0.371117 0.228230 -0.252897 0
0.474625 0.222155 -0.281564 0
-0.429939 0.370726 0.161440 0
0.228945 0.219277 -0.108956 0
0.380276 0.242830 -0.189068 0
-0.055931 -0.597249 -0.007346 0
-0.053838 -0.975192 0.036946 0
0.144340 0.201693 -0.115301 0
-0.037000 -0.155507 -0.039414 0
0.456818 0.225427 -0.103644 0
-0.532792 0.361241 0.245844 0
-0.032431 0.203068 0.122446 0
-0.381563 0.369831 0.129950 0
-0.018564 -0.099887 -0.021190 0
-0.061286 0.205775 0.035680 0
0.234239 0.207221 0.000754 0
-0.155545 0.307195 0.181239 0
-0.038765 -0.846124 0.041656 0
0.623530 0.170844 -0.394607 0
0.010601 -0.003453 -0.037479 0
-0.023179 -0.418099 0.012468 0
0.359667 0.233607 -0.225666 0
-0.041594 -0.553108 -0.014739 0
0.285216 0.221199 -0.029637 0
0.680151 0.149625 -0.387495 0
-0.006920 0.117802 -0.004571 0
-0.037711 -0.909661 0.041484 0
0.464009 0.227190 -0.267563 0
-0.042078 -0.448359 -0.003100 0
-0.020669 -0.343104 -0.013248 0
-0.061480 -0.700986 0.023458 0
0.580785 0.203382 -0.330865 0
0.683697 0.124870 -0.407433 0
0.656724 0.154320 -0.406614 0
0.047534 0.068647 0.013940 0
-0.025026 -0.049252 -0.031019 0
-0.004923 -0.229206 -0.031111 0
-0.061832 -0.563103 0.005709 0
-0.020623 -0.307692 -0.022427 0
-0.119354 0.287636 0.174413 0
0.396782 0.225056 -0.267614 0
0.213022 0.212920 -0.057660 0
-0.018170 -0.010143 -0.041156 0
-0.055670 -0.496939 -0.005268 0
0.302694 0.229646 -0.182898 0
-0.051253 -0.861170 0.025154 0
-0.264725 0.338407 0.107772 0
-0.603738 0.312290 0.306397 0
-0.274009 0.353749 0.280538 0
0.567874 0.190188 -0.253813 0
-0.021110 0.182236 0.065031 0
0.690801 0.132727 -0.387942 0
0.394770 0.192573 -0.290654 0
-0.041312 -0.961719 0.042795 0
-0.373734 0.373041 0.152200 0
0.403467 0.230045 -0.085853 0
0.264623 0.220484 -0.065411 0
-0.060267 -0.868353 0.057649 0
-0.104077 0.270951 0.206322 0
0.515864 0.220574 -0.151207 0
-0.236608 0.352216 0.237285 0
0.452588 0.199910 -0.315025 0
0.526495 0.213190 -0.268778 0
-0.474076 0.376708 0.260298 0
-0.048788 -0.664732 0.007841 0
-0.032170 -0.519376 -0.006788 0
0.431111 0.238456 -0.196638 0
-0.610848 0.305982 0.268576 0
0.532624 0.208546 -0.312534 0
0.050106 0.101505 -0.013771 0
0.300969 0.228274 -0.095950 0
-0.315006 0.366723 0.194320 0
-0.004674 -0.090728 -0.042566 0
-0.035366 -0.654032 0.039525 0
-0.037402 0.185289 0.038433 0
-0.047202 -0.945624 0.038320 0
-0.447618 0.383980 0.215615 0
0.293807 0.223884 -0.065524 0
-0.409391 0.367159 0.135736 0
-0.194999 0.294787 0.045742 0
0.048992 0.082291 -0.029266 0
-0.032031 -0.569954 0.006728 0
-0.153713 0.309124 0.219734 0
0.018412 0.081074 -0.045353 0
-0.041113 -0.641439 0.022247 0
-0.518455 0.363473 0.218120 0
-0.498707 0.370428 0.218439 0
-0.019371 -0.579208 0.007144 0
-0.003817 0.135756 0.028093 0
0.095422 0.155402 -0.018450 0
-0.335782 0.375722 0.273111 0
-0.010647 -0.218203 -0.016678 0
-0.019036 -0.468135 -0.014336 0
0.271745 0.210563 -0.001292 0
-0.038428 -0.191963 -0.050511 0
-0.008188 -0.696356 0.055174 0
0.452605 0.234295 -0.240863 0
-0.031209 -0.345987 -0.028880 0
-0.597248 0.308271 0.321250 0
-0.212416 0.340760 0.224506 0
0.460894 0.177656 -0.325751 0
0.505315 0.228266 -0.223800 0
-0.552351 0.347872 0.282744 0
-0.031650 -0.859592 0.051176 0
0.603322 0.200302 -0.334991 0
0.279014 0.223916 -0.082600 0
-0.024985 -0.213563 -0.002942 0
-0.039411 -0.644105 0.007963 0
-0.012170 0.025173 -0.029841 0
-0.046912 -0.825609 0.030120 0
-0.002715 -0.012436 -0.019117 0
0.409298 0.240174 -0.144438 0
0.423591 0.218573 -0.284072 0
-0.082948 -0.907716 0.014100 0
0.581385 0.200736 -0.298046 0
-0.226757 0.345661 0.252095 0
-0.052436 0.228784 0.137038 0
-0.192049 0.309558 0.134025 0
-0.011973 -0.253213 -0.027820 0
-0.588869 0.315880 0.230775 0
-0.559924 0.341717 0.217376 0
-0.020477 0.133320 0.013782 0
0.206084 0.200510 0.002561 0
0.378715 0.239350 -0.173145 0
-0.150583 0.268203 0.041016 0
-0.198819 0.322346 0.159740 0
-0.061011 0.237716 0.116569 0
-0.355306 0.380913 0.245805 0
-0.505733 0.355438 0.180877 0
0.605809 0.184777 -0.282244 0
-0.326608 0.369177 0.163792 0
-0.067806 -0.492206 -0.022644 0
-0.032432 -0.466932 0.006089 0
-0.357203 0.378597 0.213504 0
-0.140838 0.303102 0.191289 0
0.001861 0.074508 -0.007273 0
-0.031193 -0.403723 -0.014860 0
0.142142 0.167822 0.000472 0
0.503411 0.224032 -0.238965 0
0.528432 0.213882 -0.177789 0
-0.280896 0.355036 0.180058 0
-0.380872 0.382320 0.223646 0
0.415123 0.242136 -0.173765 0
-0.001446 0.012483 0.004488 0
0.380243 0.228060 -0.064269 0
-0.210078 0.339442 0.238672 0
0.243765 0.217553 -0.051662 0
-0.046835 -0.634002 -0.007898 0
-0.315906 0.355398 0.091427 0
-0.495326 0.370297 0.269074 0
0.543111 0.209108 -0.286276 0
-0.106158 0.247304 0.073998 0
0.410099 0.234860 -0.239841 0
-0.041892 -0.994267 0.042683 0
0.111642 0.184484 -0.066333 0
-0.050198 -0.567584 0.013936 0
-0.132183 0.256540 0.014003 0
-0.490103 0.375800 0.242953 0
-0.314808 0.373355 0.245207 0
-0.175140 0.282389 0.029380 0
-0.024715 -0.321594 -0.025323 0
0.638193 0.160765 -0.298074 0
-0.059075 -0.818819 0.056731 0
-0.060074 -0.657297 -0.000346 0
-0.415349 0.371854 0.311720 0
-0.045949 -0.351643 0.002806 0
-0.044619 -0.491160 -0.021695 0
0.319181 0.230234 -0.189287 0
-0.322803 0.358852 0.106686 0
0.040892 0.038113 -0.026221 0
-0.620718 0.244265 0.343136 0
-0.066039 -0.819554 0.032419 0
-0.258125 0.344178 0.150033 0
0.642094 0.182533 -0.384857 0
0.088625 0.164470 -0.051985 0
-0.058364 -0.404579 -0.004048 0
-0.056785 -0.309706 -0.032886 0
0.351265 0.235036 -0.209727 0
-0.014968 0.000347 -0.015122 0
-0.298539 0.367217 0.209870 0
0.170790 0.212079 -0.110374 0
0.242626 0.212219 -0.209970 0
-0.035133 -0.889432 0.043492 0
-0.279652 0.335429 0.050755 0
0.485849 0.226795 -0.245618 0
-0.305741 0.360227 0.292277 0
-0.047463 -0.538659 -0.009013 0
0.425805 0.232852 -0.109883 0
-0.364355 0.378702 0.283199 0
-0.039353 -0.345888 -0.014621 0
0.579870 0.183728 -0.259962 0
-0.194032 0.324237 0.173873 0
-0.008171 -0.157324 -0.019442 0
-0.294635 0.360481 0.182021 0
0.241551 0.228805 -0.180378 0
-0.041585 -0.548896 0.020130 0
-0.107731 0.281432 0.169416 0
-0.060127 -0.678878 0.021267 0
0.000225 -0.056358 -0.002752 0
-0.130660 0.288565 0.154146 0
-0.053648 -0.363270 -0.018021 0
-0.077760 0.211646 -0.006949 0
0.025304 0.073262 -0.029448 0
-0.000922 -0.054563 -0.042150 0
0.105648 0.170759 -0.044097 0
0.320892 0.213144 -0.251854 0
-0.096611 0.230058 -0.001323 0
-0.039192 -0.670878 0.022284 0
-0.027065 -0.241884 0.000216 0
0.430483 0.241554 -0.182965 0
-0.351794 0.363429 0.102411 0
-0.032333 -0.431217 -0.005677 0
-0.072848 -0.771276 0.009660 0
0.025111 0.052789 -0.002490 0
-0.048266 -0.586529 -0.002647 0
-0.030408 -0.560950 -0.007165 0
0.127751 0.182285 -0.044290 0
-0.039400 -0.877059 0.065948 0
-0.198392 0.292396 0.015622 0
-0.034183 -0.199240 -0.035610 0
-0.025781 -0.143694 -0.010112 0
-0.009007 0.096200 0.007177 0
0.086957 0.141768 -0.051667 0
-0.046247 -0.619313 0.035189 0
0.536598 0.204247 -0.202425 0
-0.392037 0.357643 0.111372 0
0.084625 0.123879 -0.028283 0
-0.061025 -0.773206 0.033322 0
-0.420844 0.380921 0.281669 0
-0.022905 -0.182759 -0.035493 0
-0.590028 0.328608 0.273210 0
-0.018274 -0.235813 -0.030250 0
0.306829 0.223578 -0.034791 0
0.193669 0.220915 -0.143806 0
-0.030898 -0.453666 0.013580 0
0.369695 0.237056 -0.116865 0
0.004826 -0.035851 -0.057320 0
-0.063059 -0.756456 0.008041 0
-0.020694 -0.683795 0.013460 0
-0.381971 0.382381 0.270196 0
-0.338027 0.362447 0.109989 0
0.487528 0.170592 -0.339095 0
-0.526224 0.330806 0.193371 0
-0.223818 0.284602 0.005555 0
-0.024357 -0.200992 -0.008553 0
-0.403380 0.372902 0.151152 0
-0.393231 0.381158 0.280722 0
0.524086 0.170093 -0.361668 0
0.444905 0.236366 -0.218892 0
-0.046258 -0.481717 0.017346 0
0.161832 0.181397 0.002957 0
-0.200971 0.333538 0.210847 0
-0.429973 0.372902 0.311993 0
-0.287938 0.355543 0.145199 0
-0.015863 -0.635151 0.012344 0
0.507141 0.220819 -0.138210 0
0.140953 0.195497 -0.065252 0
0.003682 0.009706 -0.030713 0
-0.025130 -0.178858 -0.007730 0
-0.036344 -0.769956 0.023484 0
-0.514028 0.367784 0.245154 0
-0.307265 0.356984 0.122139 0
0.241769 0.221156 -0.115465 0
-0.043203 0.161136 0.004284 0
0.387084 0.239116 -0.130772 0
0.482753 0.214769 -0.297444 0
-0.071850 0.249429 0.163009 0
0.372852 0.233251 -0.091674 0
-0.254537 0.353958 0.193757 0
-0.079200 -0.865420 0.035976 0
-0.436978 0.379517 0.187972 0
0.221187 0.213671 -0.030172 0
-0.328070 0.370945 0.202513 0
0.027305 0.025105 -0.010326 0
-0.088339 0.262555 0.184520 0
-0.062361 -0.569310 -0.013177 0
-0.373710 0.375448 0.295328 0
-0.311163 0.345092 0.068787 0
0.185152 0.205844 -0.057034 0
-0.053594 -0.607178 0.001659 0
0.527732 0.213930 -0.239069 0
-0.577296 0.300209 0.350049 0
-0.473553 0.379494 0.218403 0
-0.041994 -0.504578 0.000711 0
0.032359 0.089264 -0.036097 0
0.315832 0.220522 -0.022215 0
0.459251 0.237426 -0.144221 0
-0.542087 0.322377 0.339738 0
-0.018241 -0.461410 0.008504 0
0.540566 0.192589 -0.364177 0
0.322298 0.226790 -0.055739 0
-0.020155 -0.070124 -0.044241 0
-0.059430 -0.490285 0.010299 0
-0.050425 -0.763739 0.049987 0
-0.004036 -0.078385 -0.055527 0
0.394747 0.206073 -0.290775 0
-0.047279 -0.317478 -0.021186 0
-0.054380 -0.847119 0.063629 0
0.515987 0.183601 -0.361498 0
-0.169681 0.292365 0.115627 0
-0.064101 -0.612940 0.008648 0
0.293372 0.221614 -0.232427 0
-0.182482 0.309861 0.144969 0
-0.160991 0.315312 0.210244 0
0.128797 0.181468 -0.024628 0
-0.021012 -0.277769 -0.028619 0
-0.030040 -0.272978 -0.015252 0
-0.517822 0.362404 0.198406 0
0.337513 0.222600 -0.034277 0
-0.250363 0.340572 0.160410 0
-0.370999 0.364176 0.318162 0
-0.010833 -0.299522 -0.026691 0
0.568483 0.195332 -0.369839 0
-0.629626 0.270596 0.325186 0
0.053739 0.063383 -0.015684 0
0.066491 0.119505 -0.041043 0
-0.038263 -0.707494 0.014117 0
0.140217 0.189684 -0.049979 0
-0.008417 0.148932 0.034304 0
0.041359 0.067724 -0.035340 0
-0.555635 0.307554 0.346295 0
0.012281 0.087860 -0.031464 0
0.483924 0.234145 -0.151915 0
0.437584 0.202126 -0.308573 0
-0.234660 0.331975 0.144685 0
0.133725 0.196273 -0.079423 0
-0.617613 0.284032 0.337576 0
0.358161 0.229836 -0.072974 0
0.042087 0.090999 -0.015648 0
-0.028361 -0.699291 0.028424 0
-0.025477 -0.172806 -0.021631 0
0.158247 0.208581 -0.121155 0
-0.113001 0.248182 0.058833 0
-0.423510 0.360377 0.336366 0
-0.293721 0.351935 0.116665 0
-0.061439 -0.866114 0.034481 0
0.442423 0.217452 -0.079660 0
-0.193640 0.295767 0.060135 0
-0.119551 0.240610 -0.008686 0
-0.388893 0.358365 0.317009 0
0.415611 0.237766 -0.131538 0
-0.328211 0.375620 0.262203 0
-0.625500 0.287567 0.278359 0
-0.025036 -0.085203 -0.031194 0
-0.113737 0.219401 -0.010292 0
-0.028959 -0.588152 0.022470 0
-0.052096 -0.273430 -0.031831 0
0.400830 0.224329 -0.062911 0
0.000643 -0.017414 -0.000683 0
-0.052723 -0.885215 0.071903 0
-0.052085 -0.482433 -0.001974 0
-0.061796 -0.722181 0.028189 0
-0.048950 0.180014 0.012425 0
-0.066763 -0.834283 0.032447 0
-0.017435 0.045781 -0.008614 0
-0.132967 0.268974 0.106717 0
-0.224180 0.343421 0.203559 0
0.229138 0.211847 -0.014213 0
0.358087 0.238801 -0.170259 0
-0.015435 -0.335996 -0.001431 0
0.369713 0.237096 -0.143297 0
0.007145 0.088168 -0.004261 0
-0.395165 0.370889 0.308934 0
0.207717 0.213098 -0.045600 0
0.208441 0.219410 -0.187254 0
-0.047023 -0.752545 0.035679 0
0.008980 0.094797 -0.054485 0
-0.061237 -0.759668 0.032507 0
-0.057000 -0.523388 0.014071 0
0.351837 0.234233 -0.099995 0
0.414408 0.226293 -0.079402 0
-0.030710 0.195533 0.068523 0
-0.405832 0.375398 0.164114 0
-0.020096 -0.339448 -0.026502 0
-0.282001 0.362511 0.274790 0
-0.220474 0.309229 0.038311 0
-0.042681 0.170807 0.039709 0
0.205944 0.209977 -0.071688 0
-0.009947 -0.194771 -0.008818 0
-0.016787 -0.125489 -0.042256 0
-0.239119 0.347662 0.193581 0
-0.492497 0.359844 0.177988 0
-0.051998 -0.888233 0.025007 0
-0.027705 -0.904805 0.063277 0
-0.047045 -0.541673 0.004922 0
-0.017842 0.060180 -0.005562 0
-0.056010 -0.809660 0.034170 0
0.316102 0.227804 -0.129221 0
0.203594 0.208698 -0.015317 0
-0.284882 0.365729 0.232986 0
-0.460992 0.373218 0.309675 0
-0.037322 0.206990 0.078872 0
-0.037273 0.208484 0.094465 0
0.499385 0.178667 -0.352475 0
0.012138 -0.030073 -0.032731 0
-0.119219 0.291010 0.195525 0
-0.032528 -0.380841 -0.026882 0
-0.046289 -0.647480 0.036979 0
-0.301048 0.370035 0.232798 0
-0.026254 -0.714968 0.048407 0
-0.039335 -0.240234 -0.040891 0
-0.052587 -0.868626 0.069011 0
0.429715 0.229807 -0.259824 0
-0.430198 0.364357 0.144315 0
0.510222 0.219323 -0.252443 0
0.686335 0.140447 -0.362251 0
-0.000094 0.055105 -0.024400 0
-0.020370 -0.205593 -0.049328 0
-0.148622 0.271818 0.065772 0
-0.011484 -0.243348 -0.003029 0
-0.532839 0.358119 0.218932 0
-0.341476 0.370657 0.297821 0
0.330739 0.226665 -0.232687 0
0.445049 0.235741 -0.131023 0
0.311595 0.227286 -0.069741 0
-0.022277 0.156390 0.017681 0
-0.028161 -0.870806 0.043241 0
-0.301178 0.353253 0.094141 0
-0.025095 0.038808 -0.017141 0
-0.122726 0.281280 0.144036 0
-0.278050 0.352961 0.156417 0
-0.012192 -0.133066 -0.023658 0
-0.058847 -0.445489 0.014122 0
-0.014711 0.121091 0.015643 0
-0.065030 0.219069 0.067207 0
-0.431966 0.383548 0.245362 0
-0.316661 0.366762 0.294462 0
-0.042542 -0.266333 -0.036575 0
0.380254 0.197572 -0.281977 0
-0.005209 -0.031517 -0.044419 0
0.117496 0.154615 0.000584 0
-0.322994 0.352281 0.079782 0
-0.044944 -0.214633 -0.024666 0
0.118052 0.171677 -0.012435 0
0.280815 0.225246 -0.143630 0
-0.021516 -0.279412 -0.006264 0
0.286392 0.227005 -0.160815 0
-0.109840 0.275456 0.144828 0
0.073155 0.140274 -0.046841 0
0.026713 0.059763 -0.021646 0
-0.184878 0.293306 0.087336 0
-0.043762 -0.695578 0.000818 0
0.516824 0.212378 -0.297843 0
-0.101297 0.239127 0.035610 0
-0.013689 -0.413175 -0.023402 0
-0.027149 -0.618656 0.023050 0
0.422400 0.184450 -0.302826 0
-0.014902 -0.258195 -0.016468 0
-0.168345 0.309444 0.233620 0
-0.041026 -0.613835 0.012571 0
-0.198585 0.308407 0.114901 0
0.283894 0.230170 -0.185711 0
-0.054028 -0.440083 -0.016024 0
0.213524 0.218017 -0.108194 0
-0.067428 -0.987498 0.045113 0
-0.156327 0.270425 0.014084 0
-0.008123 0.010609 -0.006153 0
-0.175118 0.279726 0.007597 0
-0.235374 0.308390 0.017290 0
-0.058994 -0.662847 0.025531 0
-0.032116 -0.735757 0.034484 0
-0.029996 -0.582698 -0.005424 0
-0.491819 0.369299 0.199239 0
-0.058748 -0.511859 0.004514 0
-0.046950 -0.678492 0.010249 0
-0.067024 -0.585951 0.003721 0
-0.163641 0.276148 0.035527 0
-0.028265 -0.560976 0.014734 0
0.337402 0.231345 -0.149812 0
-0.178559 0.294111 0.106852 0
0.335950 0.230948 -0.216115 0
-0.039244 -0.286949 -0.021476 0
0.144232 0.188623 -0.016455 0
-0.561780 0.316498 0.216827 0
-0.570004 0.341485 0.267506 0
-0.322262 0.363807 0.145973 0
-0.526351 0.361804 0.268482 0
-0.446743 0.368389 0.166625 0
-0.002275 0.058671 0.007537 0
-0.012458 0.170266 0.080546 0
-0.016565 -0.085745 -0.021477 0
0.118950 0.187814 -0.094505 0
-0.037229 -0.603720 0.004878 0
-0.033594 -0.336202 0.007968 0
-0.010927 -0.044581 -0.040158 0
0.031338 0.037972 -0.041468 0
0.475708 0.231481 -0.224839 0
-0.048415 0.203612 0.056026 0
-0.016195 -0.357290 0.003534 0
0.385286 0.218995 -0.279161 0
0.002330 -0.149523 -0.031474 0
-0.601139 0.317530 0.295118 0
-0.257493 0.343036 0.137625 0
-0.461011 0.380305 0.283406 0
-0.344852 0.372678 0.165729 0
-0.562338 0.341658 0.289311 0
-0.531631 0.349009 0.318058 0
-0.054541 0.186235 -0.006372 0
-0.248075 0.355094 0.216296 0
0.503563 0.232697 -0.179414 0
0.027430 0.015534 -0.029537 0
-0.452500 0.381060 0.253882 0
-0.574852 0.332598 0.232230 0
-0.444629 0.384270 0.231912 0
-0.042492 -0.576655 -0.013948 0
-0.026577 -0.455118 -0.012575 0
0.604372 0.190786 -0.386653 0
0.493851 0.203662 -0.321457 0
-0.047576 -0.592457 0.021950 0
-0.028407 -0.130400 -0.042810 0
0.554017 0.202951 -0.333635 0
0.520050 0.222188 -0.195370 0
-0.222631 0.334484 0.168374 0
0.597990 0.196810 -0.309748 0
0.088957 0.145164 -0.008913 0
-0.403720 0.383443 0.194111 0
0.193182 0.211743 -0.179174 0
-0.110297 0.277679 0.197980 0
0.537834 0.203200 -0.329708 0
0.039003 0.062557 -0.000804 0
-0.060697 -0.751863 0.021174 0
-0.453392 0.376699 0.188873 0
0.010939 -0.091292 -0.036302 0
-0.129415 0.290462 0.167813 0
-0.149414 0.297931 0.150317 0
-0.010606 -0.163951 -0.035150 0
0.255442 0.220737 -0.080384 0
-0.044606 -0.734337 0.004111 0
-0.059953 -0.529966 -0.011756 0
-0.027781 -0.222966 -0.013447 0
-0.533341 0.325685 0.347756 0
-0.061533 -0.411073 -0.014023 0
0.624558 0.188543 -0.384390 0
0.546071 0.183760 -0.213106 0
0.277686 0.204378 -0.228047 0
0.136364 0.195190 -0.122841 0
0.254958 0.213295 -0.007733 0
-0.058294 -0.459451 -0.026849 0
-0.518948 0.350587 0.201635 0
0.236613 0.217164 -0.066567 0
0.454437 0.235487 -0.211184 0
-0.345685 0.379289 0.237591 0
-0.126505 0.257062 0.062622 0
0.474025 0.229920 -0.131435 0
0.416169 0.239987 -0.217074 0
-0.327686 0.373556 0.214700 0
0.322340 0.232411 -0.093974 0
-0.119963 0.233699 -0.020092 0
-0.626628 0.254529 0.340047 0
0.003501 -0.113530 -0.023397 0
-0.062380 -0.636739 0.000157 0
0.156721 0.195613 -0.042114 0
-0.067213 0.210926 0.014266 0
-0.053840 -0.416032 -0.033519 0
-0.030160 -0.314115 -0.001137 0
-0.063360 -0.794971 0.028780 0
-0.156570 0.265937 0.002213 0
0.155602 0.201337 -0.069296 0
0.309211 0.212610 -0.246930 0
-0.352847 0.369360 0.143597 0
-0.380143 0.356478 0.102679 0
-0.301544 0.363261 0.164492 0
0.003106 -0.033097 -0.005145 0
-0.036203 -0.209988 -0.040937 0
-0.417077 0.373151 0.160057 0
-0.046540 -0.461141 0.007918 0
-0.395753 0.364528 0.122559 0
-0.213489 0.321389 0.144054 0
-0.039853 -0.815506 0.052205 0
0.383991 0.230070 -0.080725 0
0.349746 0.233942 -0.152042 0
-0.163468 0.262003 -0.008041 0
-0.012316 -0.371502 -0.010118 0
0.004088 0.030682 -0.029395 0
0.037368 0.103265 -0.035809 0
-0.030744 -0.771637 0.043005 0
0.036357 0.000442 -0.034207 0
0.442050 0.242225 -0.162184 0
0.417010 0.234816 -0.117950 0
-0.016673 -0.141970 -0.037655 0
-0.300957 0.358039 0.139581 0
-0.055967 -0.426005 -0.010906 0
-0.060469 -0.838014 0.042652 0
0.182956 0.211112 -0.088573 0
-0.039718 -0.787167 0.039812 0
-0.052653 0.197140 0.029497 0
-0.172106 0.313874 0.166300 0
-0.026557 -0.367680 -0.020477 0
0.474720 0.236282 -0.209078 0
0.354378 0.208345 -0.272476 0
0.017622 -0.013171 -0.036609 0
0.169489 0.190288 -0.001455 0
-0.000198 0.084502 -0.021136 0
-0.286932 0.364213 0.209212 0
-0.030711 -0.329753 -0.043587 0
-0.309658 0.338861 0.058639 0
-0.191325 0.292208 0.034610 0
-0.012219 -0.170180 -0.011963 0
-0.371645 0.381062 0.196687 0
-0.013039 -0.139655 -0.013636 0
-0.262153 0.360954 0.234449 0
-0.020904 -0.446123 0.007079 0
-0.050053 -0.418439 -0.003184 0
0.383075 0.222959 -0.051302 0
-0.035402 -0.856909 0.062218 0
-0.032109 -0.322232 -0.014502 0
-0.155453 0.284002 0.116397 0
-0.026739 -0.156368 -0.028144 0
0.053516 0.123610 -0.031379 0
0.147399 0.185148 -0.131996 0
-0.044416 -0.803865 0.012829 0
0.090889 0.153916 -0.030540 0
0.012263 0.044587 -0.005502 0
-0.039411 -0.984698 0.053452 0
-0.049790 -0.359496 -0.005849 0
-0.200390 0.330424 0.189222 0
0.003746 0.101205 0.002887 0
-0.277721 0.344567 0.078581 0
0.544831 0.207004 -0.260556 0
-0.404154 0.355684 0.108175 0
0.366285 0.228835 -0.064330 0
0.231774 0.220911 -0.196711 0
0.184861 0.218517 -0.136184 0
-0.020837 -0.676218 0.039487 0
-0.359466 0.366752 0.312409 0
-0.613669 0.305959 0.296923 0
-0.029137 -0.525998 0.012842 0
0.366888 0.219680 -0.039536 0
-0.361310 0.381151 0.267256 0
-0.034689 -0.988722 0.066502 0
-0.119619 0.249385 0.028265 0
-0.021317 -0.380400 -0.011620 0
-0.048435 -0.771981 0.023858 0
-0.359086 0.379050 0.201798 0
-0.206187 0.306004 0.072318 0
-0.015757 0.060313 -0.019869 0
0.286776 0.230189 -0.206283 0
0.668207 0.153673 -0.337884 0
-0.249038 0.337275 0.129788 0
-0.185098 0.325565 0.203200 0
-0.238758 0.325635 0.100808 0
-0.012212 0.079352 -0.014431 0
-0.138799 0.269131 0.086535 0
-0.052284 -0.700616 0.010369 0
-0.061154 -0.390034 -0.005436 0
0.055579 0.068419 -0.026221 0
0.643772 0.178297 -0.335737 0
-0.021858 -0.494084 -0.010526 0
-0.068122 0.234972 0.093530 0
0.017590 -0.041382 -0.022100 0
0.214918 0.225266 -0.179308 0
-0.059963 -0.685383 0.010163 0
0.015917 0.010376 -0.036248 0
-0.091778 0.273356 0.166138 0
-0.048177 -0.739673 0.017049 0
-0.039178 -0.683955 0.003272 0
-0.030723 -0.822481 0.049061 0
-0.030255 -0.479337 0.014349 0
0.155490 0.205935 -0.087010 0
-0.059366 -0.672795 0.007949 0
-0.257678 0.349518 0.180727 0
0.648935 0.160159 -0.308009 0
-0.303437 0.362926 0.189437 0
-0.047839 -0.200751 -0.024481 0
-0.057575 -0.431608 0.001912 0
0.514598 0.216832 -0.269260 0
0.484192 0.208715 -0.308042 0
-0.000827 -0.130262 -0.024641 0
-0.217734 0.313008 0.091457 0
-0.287075 0.348138 0.084716 0
0.393564 0.239304 -0.160246 0
0.458210 0.233371 -0.228883 0
-0.474875 0.373064 0.304715 0
0.344292 0.237675 -0.174006 0
-0.075684 0.228318 0.071557 0
-0.060250 -0.433202 -0.030106 0
-0.028032 -0.676800 0.019314 0
-0.335927 0.374089 0.187641 0
0.396027 0.235612 -0.107259 0
-0.620419 0.292934 0.318616 0
-0.234963 0.315705 0.036145 0
-0.024435 -0.396031 -0.008084 0
-0.404610 0.384777 0.251990 0
-0.004423 -0.033529 -0.032317 0
0.531585 0.211015 -0.286306 0
0.003615 0.066628 -0.022354 0
-0.403191 0.383547 0.267159 0
-0.097831 0.238421 0.051972 0
0.685713 0.122839 -0.393893 0
0.171806 0.210633 -0.159873 0
-0.540327 0.351676 0.207033 0
-0.009162 0.011517 -0.025844 0
-0.001672 -0.206020 -0.033545 0
0.038306 0.060727 -0.022301 0
-0.299563 0.345521 0.069690 0
0.396241 0.235149 -0.237339 0
0.050009 0.108566 -0.028816 0
-0.305682 0.372113 0.252311 0
-0.042644 -0.387952 -0.001284 0
-0.033378 -0.722825 0.020680 0
0.366370 0.222059 -0.265776 0
0.156225 0.206992 -0.132488 0
0.504462 0.232308 -0.197462 0
0.038650 0.018022 -0.027839 0
-0.264494 0.336392 0.063845 0
0.161994 0.198184 -0.058621 0
-0.053037 -0.657994 0.037925 0
-0.048538 -0.694523 0.025439 0
-0.046531 -0.884318 0.034462 0
-0.046602 -0.363850 0.006118 0
0.637046 0.169438 -0.403509 0
-0.012180 -0.049000 -0.029508 0
-0.057536 -0.562511 -0.005114 0
0.214327 0.211095 -0.018983 0
-0.031826 -0.498490 -0.000842 0
0.166288 0.191791 -0.150016 0
-0.033010 -0.483791 -0.012951 0
-0.134058 0.259408 0.042896 0
0.270031 0.224203 -0.139540 0
-0.009908 -0.114427 -0.043284 0
0.605231 0.199816 -0.354435 0
-0.046283 -0.431994 -0.020961 0
0.023534 0.022628 -0.042475 0
-0.035178 0.175376 0.018012 0
-0.047437 -0.410885 -0.023113 0
-0.582431 0.305316 0.339522 0
-0.027943 -0.548802 0.019353 0
-0.010086 -0.077077 -0.035677 0
0.292745 0.224172 -0.122935 0
-0.183617 0.276901 -0.000041 0
0.076749 0.124011 -0.037097 0
-0.000914 -0.085938 -0.018026 0
-0.013164 -0.315275 -0.008587 0
-0.039439 -0.156172 -0.028169 0
-0.050840 -0.795349 0.049658 0
-0.035055 -0.753968 0.050893 0
0.177802 0.204565 -0.037059 0
-0.090074 0.236603 0.070863 0
-0.071818 -0.769713 0.031377 0
-0.000177 -0.171131 -0.009256 0
-0.046981 -0.337044 -0.028056 0
-0.069959 -0.780010 0.038388 0
-0.018331 0.074549 -0.001607 0
-0.199739 0.305340 0.102272 0
-0.092268 0.266735 0.143690 0
-0.460825 0.357987 0.151958 0
-0.032612 0.169490 0.007418 0
-0.141762 0.263678 0.035215 0
-0.025111 -0.296182 -0.016195 0
-0.572683 0.339674 0.244211 0
-0.053159 -0.256060 -0.016267 0
0.563944 0.201687 -0.349324 0
0.328823 0.234375 -0.108172 0
-0.042088 -0.932820 0.042362 0
-0.074989 0.190566 -0.016542 0
0.599524 0.178749 -0.392864 0
0.632600 0.191052 -0.362087 0
-0.112688 0.269001 0.123577 0
-0.041042 -0.373185 -0.027286 0
-0.031908 -0.549362 0.006430 0
0.033698 0.046450 -0.021969 0
-0.359562 0.368803 0.130861 0
0.314240 0.229467 -0.152875 0
0.018580 0.007601 -0.020742 0
0.449702 0.190520 -0.321061 0
0.436848 0.233475 -0.248930 0
0.546004 0.209493 -0.302676 0
-0.617476 0.267397 0.352013 0
-0.028186 -0.296951 -0.038911 0
0.018767 -0.026798 -0.022484 0
-0.199927 0.334265 0.237801 0
-0.303888 0.370110 0.263685 0
-0.040465 0.168477 -0.006468 0
-0.206157 0.307016 0.086223 0
-0.451538 0.362303 0.329675 0
-0.121652 0.257601 0.087027 0
-0.015272 0.000842 -0.037361 0
0.271163 0.219911 -0.027273 0
0.566999 0.205570 -0.320667 0
0.539725 0.197015 -0.214466 0
-0.024322 -0.105499 -0.044488 0
-0.022528 0.179505 0.053310 0
-0.251999 0.358250 0.247329 0
0.559747 0.205632 -0.282659 0
0.164596 0.209374 -0.097152 0
-0.052860 -0.830459 0.051192 0
0.579720 0.190628 -0.387451 0
-0.058385 -0.352149 -0.025926 0
-0.031398 -0.358307 -0.027868 0
-0.177381 0.297692 0.122148 0
0.446272 0.223695 -0.275735 0
-0.025787 0.191625 0.078004 0
-0.534747 0.351358 0.304681 0
-0.039573 -0.510192 -0.014913 0
-0.040428 -0.519252 0.022414 0
-0.012899 -0.062150 -0.028483 0
-0.044931 -0.628759 0.027789 0
-0.067310 0.212638 0.042440 0
-0.171889 0.282055 0.059249 0
-0.067876 -0.831230 0.011150 0
-0.062866 -0.904690 0.032906 0
0.643316 0.171912 -0.390635 0
0.446022 0.232130 -0.118744 0
-0.053762 -0.343645 -0.041460 0
-0.199729 0.284100 0.000141 0
0.005191 -0.096746 -0.018278 0
0.001878 -0.011265 -0.036543 0
-0.017595 -0.617980 0.011547 0
-0.415868 0.354111 0.121675 0
-0.402130 0.385145 0.220963 0
-0.368049 0.380821 0.226260 0
0.279902 0.222289 -0.116412 0
0.677635 0.153836 -0.376235 0
-0.235249 0.318801 0.050183 0
-0.005012 0.037226 -0.000378 0
-0.046744 -0.985188 0.037998 0
0.547387 0.200765 -0.238052 0
0.494838 0.218945 -0.123215 0
-0.024617 -0.412041 -0.020741 0
0.199111 0.210056 -0.057886 0
0.004176 -0.071150 -0.028730 0
-0.039034 -0.577765 -0.000787 0
-0.090324 0.228883 0.012101 0
-0.070023 -0.892983 0.019006 0
-0.048427 -0.819519 0.062983 0
-0.015915 -0.210589 -0.023992 0
0.400185 0.240388 -0.151072 0
0.047438 0.060437 -0.028904 0
0.013192 0.065757 0.008211 0
-0.598905 0.285381 0.357040 0
0.339938 0.200501 -0.258577 0
-0.029270 -0.663469 0.039992 0
0.486519 0.195505 -0.334117 0
0.542449 0.182268 -0.198144 0
-0.071890 0.248594 0.129975 0
-0.019024 -0.353912 -0.006799 0
0.129522 0.189735 -0.115228 0
0.377970 0.235272 -0.101463 0
-0.266752 0.339316 0.078611 0
-0.052185 -0.612979 0.011751 0
-0.038049 0.163501 0.027548 0
-0.083359 0.244227 0.094142 0
-0.066467 -0.514151 -0.005822 0
-0.047006 -0.381229 -0.015556 0
0.324686 0.225564 -0.044849 0
-0.018591 -0.120722 -0.013563 0
0.003186 -0.153660 -0.021088 0
-0.058474 -0.708360 -0.002250 0
-0.025359 -0.387075 -0.019763 0
-0.016175 -0.225817 -0.009844 0
-0.353652 0.374599 0.173242 0
-0.336384 0.373095 0.173045 0
-0.506441 0.351429 0.336384 0
0.017302 -0.084580 -0.030007 0
-0.159292 0.305111 0.152881 0
-0.016821 -0.159684 -0.043409 0
-0.031908 -0.472274 -0.018472 0
-0.180872 0.318429 0.171525 0
0.348030 0.236860 -0.196504 0
-0.430989 0.383655 0.259787 0
-0.379340 0.375886 0.166075 0
-0.035715 -0.208224 -0.029174 0
-0.068789 -0.750914 0.036882 0
0.050614 0.041871 -0.022275 0
-0.030077 -0.355808 -0.047814 0
-0.009806 -0.064039 -0.016097 0
-0.141438 0.271763 0.100053 0
-0.482203 0.355925 0.340648 0
-0.386919 0.372085 0.143803 0
-0.030699 -0.235563 -0.009175 0
-0.176503 0.290254 0.093993 0
-0.039729 0.194474 0.049996 0
0.257418 0.219024 -0.056816 0
0.342973 0.235977 -0.124404 0
-0.046459 -0.324376 -0.037710 0
0.451800 0.217490 -0.288072 0
-0.042152 -0.765872 0.012904 0
0.025755 0.058437 0.018639 0
-0.031263 -0.309927 -0.046287 0
0.256544 0.229097 -0.196621 0
-0.031982 -0.179507 -0.027885 0
-0.052574 -0.635668 0.018344 0
-0.040307 -0.235379 -0.030958 0
-0.060785 -0.718336 0.014516 0
-0.405250 0.384379 0.237460 0
0.294092 0.223288 -0.053049 0
-0.510742 0.367590 0.261368 0
0.308552 0.226901 -0.137293 0
-0.161957 0.279627 0.079968 0
-0.583975 0.331148 0.249358 0
-0.159520 0.281959 0.092759 0
-0.020348 -0.082768 -0.040925 0
