-0.118842 -0.038222 0.136590 0
0.089062 -0.995147 -0.023880 0
0.736824 0.229819 -0.071783 0
-0.111713 0.233122 -0.614998 0
-0.650652 0.163978 0.557247 0
0.080333 -0.498454 0.076495 0
0.292027 0.031380 -0.115793 0
-0.297429 0.003611 -0.280442 0
0.196162 0.149522 0.351477 0
-0.441442 0.151625 0.235852 0
0.022978 0.139997 -0.306778 0
0.132961 -0.179974 0.047833 0
0.471943 0.196443 0.035207 0
-0.060742 -0.093597 -0.153272 0
-0.240509 0.038397 0.352450 0
0.066225 -0.750540 0.042967 0
0.096715 0.076892 0.074557 0
-0.418756 0.148896 0.479364 0
-0.183971 0.151236 -0.409447 0
0.058677 0.008511 0.271809 0
0.306789 0.064951 0.091952 0
-0.599051 0.218353 0.358338 0
0.576431 0.101683 -0.105654 0
-0.298957 0.042222 0.145023 0
-0.047773 -0.217812 0.108534 0
-0.130180 0.059204 -0.235192 0
0.011192 -0.060861 0.008003 0
0.047794 -0.336592 0.045688 0
0.576269 0.262437 -0.078117 0
0.035437 0.029611 -0.192268 0
0.071088 -0.150464 0.189817 0
0.425484 0.141462 -0.102794 0
-0.214546 -0.046109 -0.158156 0
-0.060709 0.231552 -0.457480 0
0.193475 -0.033847 0.029722 0
-0.010047 -0.211182 -0.038977 0
0.149369 0.114904 0.210117 0
-0.163029 0.060556 0.231558 0
-0.340820 0.141129 0.346691 0
0.049255 -0.614166 0.005105 0
-0.542806 0.210647 0.480346 0
-0.102028 0.187642 -0.307929 0
0.076496 -0.880871 0.039147 0
-0.467396 0.197276 0.369091 0
-0.210853 0.184333 -0.531847 0
0.062119 -0.035159 0.131404 0
0.346674 0.136995 -0.004942 0
-0.137856 0.044737 -0.357566 0
-0.243187 0.109704 -0.310600 0
-0.279830 0.109644 0.244796 0
-0.047267 0.015728 0.216842 0
0.083741 -0.260337 0.129033 0
-0.070639 0.117520 -0.418505 0
-0.675894 0.202248 0.450627 0
-0.087562 -0.033409 -0.058124 0
0.093541 0.113810 0.311834 0
0.249682 0.065865 -0.007149 0
0.662453 0.150650 -0.050159 0
-0.021749 -0.106448 0.130149 0
-0.146795 0.286709 -0.495885 0
-0.210258 0.005670 0.096487 0
-0.511676 0.152555 0.564461 0
-0.343901 0.084723 0.439777 0
-0.107707 0.168227 -0.531035 0
0.399319 0.045469 -0.083175 0
0.518395 0.178276 -0.073365 0
-0.064687 0.092164 -0.306249 0
0.108601 0.175935 -0.342740 0
-0.062748 0.001411 -0.182789 0
0.037691 -0.173695 0.085226 0
0.012998 -0.429315 0.056895 0
-0.522969 0.194364 0.288231 0
-0.064700 -0.119928 -0.007690 0
-0.368970 0.092665 0.190047 0
-0.226286 0.051699 -0.233166 0
-0.062228 0.113774 -0.194410 0
0.094008 0.038180 0.182464 0
0.657521 0.215898 -0.121202 0
0.211876 0.005989 -0.069660 0
0.007997 -0.038289 -0.120145 0
0.383854 0.132254 0.081249 0
0.026706 0.047590 -0.291862 0
0.657115 0.276841 -0.033733 0
-0.175886 0.167133 -0.618819 0
0.482804 0.070062 -0.112002 0
-0.029496 0.187328 -0.377494 0
0.537981 0.250697 0.001765 0
-0.000117 -0.261220 0.044766 0
0.090681 -0.259747 0.041300 0
0.131311 -0.099531 0.012245 0
0.086058 -0.668030 0.062989 0
0.080468 -0.816768 -0.018895 0
-0.132475 -0.037285 -0.133689 0
-0.258198 0.064432 -0.380648 0
0.233192 0.027247 0.072965 0
0.332444 0.103119 -0.081273 0
0.057333 0.105711 -0.237396 0
-0.360094 0.147935 0.258854 0
-0.230186 0.072750 0.182589 0
-0.032556 -0.133476 -0.083663 0
0.014883 -0.308960 0.116955 0
-0.114729 0.195601 -0.403012 0
-0.175198 0.216303 -0.458843 0
0.167237 0.165604 0.272020 0
0.420250 0.169758 -0.022207 0
-0.159076 0.027802 0.306140 0
0.091102 -0.415485 0.075589 0
0.022868 -0.023100 0.204929 0
-0.414480 0.154997 0.318240 0
0.021561 -0.136230 -0.016232 0
-0.146667 0.121793 -0.338862 0
-0.398957 0.157269 0.398370 0
-0.039147 0.053513 -0.242456 0
0.040907 -0.536951 0.020155 0
-0.172177 0.018127 0.166053 0
-0.171639 0.012785 -0.186847 0
0.587077 0.178013 -0.118200 0
-0.092889 -0.103806 0.098686 0
0.042435 -0.934639 -0.009933 0
-0.164541 0.245095 -0.560057 0
0.113652 0.063602 0.257454 0
-0.538473 0.194877 0.405900 0
-0.176649 0.064200 -0.295342 0
0.059466 -0.110029 0.119635 0
-0.603255 0.230815 0.432710 0
-0.578856 0.185049 0.553352 0
0.078026 -0.587364 0.068311 0
-0.272548 0.100491 0.318164 0
0.089803 -0.062710 0.193478 0
-0.471061 0.187409 0.445706 0
-0.213831 0.077548 0.282178 0
-0.299038 0.055819 0.391024 0
-0.004874 -0.121592 0.059193 0
-0.035378 -0.047478 0.170108 0
0.067611 -0.693023 -0.001955 0
-0.247034 -0.017148 -0.232143 0
0.073917 0.002540 0.071448 0
-0.106773 0.019856 0.255993 0
0.106360 -0.943873 0.020717 0
-0.614512 0.203154 0.496591 0
0.187928 0.025292 -0.006057 0
0.054259 0.144278 -0.371804 0
-0.091300 0.266216 -0.531895 0
0.142245 0.185707 0.332005 0
0.299905 0.102779 0.029568 0
0.477395 0.213297 -0.029845 0
0.702177 0.165646 -0.101782 0
-0.070293 -0.160475 0.134168 0
-0.224789 0.171967 -0.463727 0
0.490351 0.140251 -0.119783 0
0.093478 0.143476 -0.287149 0
-0.199244 0.093613 -0.380148 0
-0.488862 0.181436 0.508552 0
-0.089240 0.165604 -0.458932 0
-0.114850 0.003377 0.192358 0
-0.036851 -0.003782 -0.088698 0
0.026124 -0.235686 0.112872 0
-0.036561 -0.066584 -0.035242 0
-0.277762 0.065865 -0.269190 0
0.051539 -0.372544 0.102281 0
0.000843 -0.199603 0.027075 0
0.110092 0.097360 0.163180 0
-0.113033 0.261085 -0.436452 0
-0.050863 0.126725 -0.358725 0
-0.303230 0.066762 0.203552 0
0.277216 0.075233 -0.066728 0
-0.525188 0.214704 0.347335 0
0.093883 -0.160443 0.131032 0
0.085648 -0.819135 0.042637 0
0.028864 -0.080062 0.163626 0
0.688091 0.260723 -0.092637 0
0.000352 0.100652 -0.259184 0
0.614453 0.215287 -0.074519 0
0.416031 0.173927 0.040278 0
0.350506 0.051345 -0.118392 0
0.023341 -0.073529 0.082398 0
-0.051934 -0.073687 -0.093153 0
-0.058935 -0.169361 -0.041454 0
0.385917 0.130002 -0.059079 0
-0.452887 0.186125 0.284175 0
0.049410 -0.874436 -0.013724 0
0.164833 -0.073318 0.063946 0
0.161893 0.110658 0.322398 0
0.036142 0.189542 -0.336513 0
-0.049488 -0.034818 -0.137338 0
0.078536 -0.007108 0.216687 0
0.603374 0.125655 -0.059176 0
-0.148079 0.209818 -0.510630 0
0.062836 0.103627 -0.330200 0
0.082600 0.038611 0.117024 0
0.078903 -0.756521 -0.013994 0
0.644442 0.129738 -0.101914 0
-0.239045 0.024985 0.143763 0
0.054410 -0.286051 0.078972 0
-0.116882 0.069835 -0.292138 0
0.011902 0.015380 -0.245522 0
0.460196 0.178258 -0.073906 0
0.677301 0.204591 -0.066429 0
0.125845 -0.125243 0.066033 0
0.525144 0.102713 -0.078611 0
-0.292447 0.056137 -0.334617 0
-0.088590 -0.084242 0.153831 0
-0.148388 0.183269 -0.570721 0
-0.102274 0.153403 -0.357773 0
0.068087 -0.988012 0.029146 0
0.519266 0.235028 -0.066776 0
-0.267463 -0.025170 -0.179403 0
0.287778 0.018347 0.060039 0
0.589331 0.275288 -0.024416 0
-0.115010 0.005036 -0.204222 0
0.034285 -0.022806 -0.171090 0
-0.317881 0.135310 0.294246 0
-0.326733 0.119204 0.215211 0
-0.356771 0.117541 0.396494 0
0.346823 0.090536 0.062763 0
0.718456 0.248254 -0.022545 0
0.411576 0.089089 -0.115182 0
0.042285 -0.455589 0.095903 0
0.034621 -0.474853 0.034486 0
0.092864 0.037180 0.304086 0
-0.414711 0.111755 0.262122 0
0.126281 0.126535 0.258226 0
-0.031369 0.138478 -0.306331 0
-0.464036 0.143827 0.539922 0
-0.385570 0.105440 0.467364 0
-0.064260 0.226507 -0.390643 0
0.013094 -0.373424 0.064006 0
0.008916 0.070438 -0.215613 0
-0.486213 0.170411 0.323094 0
0.632092 0.259874 -0.104435 0
-0.021135 -0.261816 0.094208 0
-0.164242 -0.008493 0.119436 0
0.037270 -0.791863 -0.001816 0
0.052886 -0.223086 0.069413 0
-0.016902 0.002626 -0.153416 0
0.306096 0.090818 -0.020739 0
-0.148558 0.168220 -0.443644 0
-0.226890 0.088145 0.232114 0
0.263558 0.066359 0.057540 0
0.200369 -0.015579 0.077768 0
-0.301194 0.102480 0.368567 0
-0.114336 0.238858 -0.483247 0
-0.176178 0.038348 -0.246718 0
0.087568 -0.106856 0.162997 0
-0.225585 0.003862 -0.171456 0
0.559247 0.218886 -0.099730 0
0.141337 -0.049741 0.019722 0
0.544854 0.139478 -0.119243 0
-0.157156 0.192634 -0.374822 0
-0.014359 -0.105685 0.002917 0
-0.662970 0.190485 0.505462 0
-0.199076 0.195236 -0.583340 0
-0.052951 -0.172292 0.086458 0
-0.214748 0.086739 -0.270649 0
0.091531 -0.900920 -0.004731 0
0.053511 -0.197075 0.130458 0
-0.402489 0.123335 0.211973 0
0.094264 -0.209822 0.035304 0
0.234674 0.048713 -0.055861 0
0.073360 -0.380297 0.044376 0
-0.147757 -0.035277 0.176751 0
-0.101024 -0.057491 -0.099230 0
0.444849 0.077661 -0.080367 0
0.135061 0.068199 0.194402 0
-0.017880 -0.171825 -0.009258 0
-0.225816 0.132896 -0.427996 0
0.095604 -0.711051 0.041267 0
-0.063719 0.175548 -0.410585 0
0.048432 0.090888 -0.284673 0
-0.190566 0.109915 -0.321061 0
-0.176686 -0.012366 -0.145429 0
0.239216 0.028990 -0.102423 0
0.087431 -0.011036 0.169314 0
-0.076727 -0.024171 0.181274 0
-0.086570 0.254246 -0.578459 0
-0.255267 0.108938 -0.362312 0
-0.636096 0.218783 0.399679 0
0.052631 -0.536748 0.067998 0
0.079887 -0.650177 0.018887 0
-0.120278 0.227547 -0.545368 0
0.050258 -0.625966 0.051421 0
-0.050886 0.100419 -0.261253 0
-0.415012 0.179498 0.359325 0
0.030380 -0.724519 0.025293 0
0.372798 0.155888 0.031507 0
0.081946 0.037977 0.231643 0
-0.102212 -0.026201 -0.170811 0
0.005864 -0.136453 0.106026 0
-0.427331 0.172641 0.433030 0
-0.402174 0.166305 0.270109 0
-0.087702 0.038751 -0.232580 0
0.702347 0.215961 -0.106547 0
-0.189861 0.229055 -0.520643 0
-0.018186 0.036961 -0.196796 0
0.073704 0.082575 0.282964 0
0.040251 -0.144892 0.154939 0
-0.200855 0.051136 0.318488 0
0.014376 -0.282531 0.005783 0
0.049766 -0.838136 0.019812 0
0.220861 0.036929 0.029205 0
-0.100685 0.112394 -0.335948 0
-0.368946 0.156995 0.309128 0
-0.370572 0.105007 0.244448 0
0.000568 -0.329623 0.073194 0
0.064984 -0.936562 0.040509 0
0.562591 0.164407 -0.081186 0
-0.076319 0.028257 0.183083 0
-0.274901 0.074570 0.167511 0
0.066691 -0.450175 0.056688 0
0.118645 0.048672 0.144006 0
-0.132708 0.153804 -0.395653 0
-0.511457 0.211130 0.446709 0
0.610234 0.169568 -0.076287 0
-0.263363 0.027255 -0.244785 0
-0.003387 -0.201442 0.105092 0
0.120948 0.077823 0.304607 0
-0.610110 0.159642 0.577989 0
0.118547 -0.142687 0.019538 0
-0.012759 -0.001472 0.186510 0
-0.567584 0.228760 0.396934 0
0.600477 0.226818 -0.117355 0
0.128500 0.142204 0.318396 0
0.500784 0.225468 0.015308 0
-0.007297 -0.064046 -0.069855 0
-0.172654 -0.057474 -0.139329 0
-0.216973 0.070949 -0.314839 0
0.048765 -0.036124 0.081824 0
0.477359 0.114483 -0.084972 0
-0.101933 0.193104 -0.493735 0
0.457237 0.159883 0.013126 0
-0.265768 0.075519 0.356149 0
0.090727 -0.178781 0.067572 0
-0.528526 0.185871 0.528904 0
0.037349 -0.411214 0.023962 0
0.060611 0.170107 -0.301739 0
0.014741 0.151522 -0.352212 0
-0.007477 -0.168549 -0.052471 0
-0.172108 0.058569 0.275080 0
-0.102641 0.218689 -0.444684 0
-0.612093 0.192091 0.452591 0
-0.340534 0.064050 0.171680 0
0.334050 0.128426 0.043635 0
-0.071855 0.087558 -0.358420 0
0.082327 -0.937359 -0.028301 0
-0.262833 0.094933 0.204547 0
-0.062924 0.167780 -0.344824 0
-0.558648 0.222329 0.441174 0
0.618175 0.256576 -0.060476 0
-0.190338 0.056830 0.191194 0
0.373723 0.089386 -0.084922 0
-0.088446 0.074790 -0.259413 0
-0.003722 -0.236759 0.004751 0
0.160028 -0.016874 -0.001811 0
-0.018849 -0.083261 0.044091 0
-0.150882 0.219221 -0.595065 0
-0.190970 0.191653 -0.493938 0
0.091020 -0.850845 0.005822 0
-0.158820 0.079812 -0.331643 0
-0.131647 0.040692 0.206630 0
0.061897 -0.574227 0.026889 0
-0.202106 0.019266 -0.217730 0
0.527689 0.178918 -0.116517 0
0.038055 -0.991125 -0.001604 0
-0.325682 0.110189 0.257314 0
0.046159 -0.039471 0.172759 0
-0.038250 0.079577 -0.204289 0
0.109325 -0.986416 0.016843 0
0.049275 -0.411040 0.084034 0
-0.145448 0.251542 -0.520748 0
0.057412 -0.704374 0.058810 0
-0.482873 0.204104 0.408102 0
0.348907 0.114924 -0.041073 0
0.067200 -0.336373 0.083361 0
0.094860 -0.773938 0.021181 0
-0.074442 -0.120835 -0.123910 0
-0.485735 0.181902 0.257879 0
-0.643390 0.220588 0.471126 0
-0.063715 -0.111336 0.131142 0
-0.340523 0.075533 0.221229 0
0.024400 -0.297726 0.043823 0
0.180169 0.173772 0.318109 0
-0.087172 -0.056446 -0.145708 0
0.040788 -0.675143 0.025065 0
0.639300 0.178101 -0.118281 0
-0.032976 -0.114593 -0.046163 0
0.519159 0.217033 -0.028129 0
0.404338 0.129819 0.040581 0
-0.201954 0.043747 0.151729 0
-0.389670 0.140477 0.444972 0
0.446102 0.199751 -0.005702 0
-0.245619 0.064820 0.320633 0
0.489195 0.202120 -0.091932 0
-0.164800 0.116982 -0.381362 0
0.657644 0.241271 -0.067095 0
-0.453846 0.172861 0.480644 0
0.418931 0.164789 -0.069087 0
0.451237 0.101131 -0.115674 0
0.307294 0.065124 -0.093341 0
-0.552982 0.156129 0.567689 0
-0.032810 -0.176991 0.129918 0
0.057529 0.064422 0.072798 0
0.077718 0.141983 -0.330886 0
-0.442678 0.174166 0.394923 0
-0.566310 0.196877 0.516113 0
-0.085672 0.186413 -0.375294 0
0.020854 -0.262766 0.080542 0
-0.563634 0.211230 0.334174 0
0.034557 -0.125306 0.068468 0
0.157633 -0.111799 0.044571 0
0.053403 0.041989 0.295662 0
0.512421 0.103362 -0.117198 0
-0.034209 0.101689 -0.331216 0
0.710964 0.201990 -0.044070 0
-0.086724 0.153119 -0.499977 0
0.598629 0.140087 -0.110930 0
-0.037396 -0.140051 0.114422 0
0.060075 0.131753 -0.267960 0
-0.188794 0.158044 -0.452421 0
-0.317577 0.088926 0.404283 0
0.049429 -0.901564 0.017894 0
0.065738 -0.073397 0.143096 0
-0.378585 0.162844 0.356868 0
-0.257505 0.093913 0.281565 0
0.082586 -0.611246 0.028147 0
-0.584220 0.219544 0.471928 0
-0.315035 0.031624 0.188283 0
-0.089785 0.149023 -0.395628 0
-0.627819 0.192168 0.532740 0
-0.023663 0.157730 -0.342701 0
0.037954 -0.249209 0.041941 0
0.088812 -0.552132 0.052747 0
0.112563 0.089607 0.219576 0
0.006941 -0.047314 0.177407 0
0.166194 0.128128 0.256866 0
-0.503630 0.181505 0.357084 0
0.028308 0.065178 -0.256260 0
0.043702 -0.002504 0.235213 0
0.078601 0.002060 0.131857 0
0.547319 0.244148 -0.036032 0
0.059130 -0.787867 0.032329 0
-0.173379 0.188956 -0.421256 0
0.107137 -0.228464 0.067352 0
-0.116821 -0.072704 0.098716 0
0.701356 0.239878 -0.058360 0
-0.312107 0.119839 0.330544 0
0.388487 0.153305 -0.006198 0
0.278324 0.068395 0.021345 0
0.075790 -0.296896 0.048040 0
-0.125086 0.248152 -0.580391 0
0.488128 0.152052 -0.081290 0
0.206012 0.002651 0.043775 0
-0.132522 0.101475 -0.308605 0
-0.075327 0.138398 -0.322239 0
-0.278010 0.078229 -0.305898 0
-0.441364 0.189792 0.332903 0
-0.080192 0.252193 -0.497606 0
0.022165 -0.111993 0.131143 0
-0.210779 0.225044 -0.561726 0
-0.005160 -0.148016 0.018038 0
-0.030094 -0.070532 -0.152443 0
0.565167 0.126136 -0.078553 0
-0.012602 -0.072949 0.146040 0
0.061693 -0.510598 0.038311 0
0.235304 0.031569 -0.015598 0
-0.026078 0.101820 -0.294088 0
-0.061045 0.047367 0.232675 0
-0.298569 0.038468 -0.295371 0
-0.584020 0.196574 0.427543 0
-0.441339 0.150102 0.286229 0
0.271681 0.042981 -0.085604 0
-0.039706 -0.039965 -0.078306 0
0.485587 0.179516 -0.002164 0
0.148210 0.105032 0.280606 0
0.044603 -0.009817 -0.204916 0
0.176425 0.010972 -0.038937 0
0.075526 0.075529 0.114748 0
-0.126648 0.002465 -0.168711 0
0.090242 -0.275711 0.075803 0
-0.226346 0.080691 -0.357803 0
-0.050901 0.030532 -0.215420 0
0.047071 -0.148735 0.118500 0
-0.273017 0.018641 0.157638 0
0.001890 0.006684 -0.188775 0
-0.028444 -0.137020 -0.016850 0
-0.284940 0.094731 -0.345061 0
-0.148450 0.031570 -0.208939 0
-0.150599 0.074920 -0.271219 0
0.042439 -0.493631 0.065463 0
-0.092040 0.015657 0.218645 0
0.007617 -0.272364 0.114801 0
-0.151845 0.233262 -0.482426 0
0.545054 0.203305 -0.069030 0
0.577048 0.226543 -0.068454 0
0.026235 -0.011266 -0.137107 0
0.036599 -0.337670 0.103664 0
0.064850 -0.199493 0.094915 0
-0.199649 0.062106 0.230564 0
-0.102086 -0.047861 0.169603 0
-0.438113 0.129730 0.518348 0
0.077920 0.048936 0.269311 0
0.280880 0.065706 -0.031701 0
-0.264610 0.018372 0.118609 0
-0.485480 0.197703 0.295665 0
0.447339 0.057070 -0.110306 0
-0.202172 0.052616 -0.268966 0
-0.016274 0.034255 0.220724 0
-0.144255 0.189007 -0.473098 0
0.161363 0.138252 0.295151 0
0.052196 -0.070473 0.109632 0
-0.113739 0.175374 -0.432892 0
-0.131617 0.034329 0.277787 0
0.118772 0.051244 0.223955 0
-0.516406 0.214897 0.382316 0
-0.201620 0.013020 0.130714 0
0.064205 -0.171796 0.155158 0
-0.056169 0.154438 -0.382464 0
-0.077925 -0.076119 -0.179559 0
0.067915 0.175145 -0.345086 0
0.034622 -0.215865 0.029063 0
0.419439 0.113725 -0.080834 0
-0.192256 -0.016772 -0.177459 0
0.053860 -0.000942 0.100986 0
0.006179 -0.198378 -0.008392 0
-0.325175 0.096291 0.187710 0
0.346740 0.123322 0.077165 0
-0.297682 0.108105 0.282691 0
0.078767 -0.725986 0.006351 0
0.048711 -0.110216 0.156691 0
-0.271706 0.042593 0.369236 0
-0.018985 -0.015208 -0.118790 0
-0.272522 -0.005883 -0.256998 0
-0.239186 0.064099 -0.282875 0
0.025833 0.124928 -0.274194 0
0.305890 0.065820 0.056535 0
-0.214293 0.115624 -0.356871 0
-0.392723 0.135785 0.285217 0
0.056982 -0.035004 0.219079 0
0.450810 0.139654 -0.078225 0
-0.415114 0.116711 0.493468 0
-0.022213 -0.060930 -0.107335 0
0.054207 -0.249258 0.093037 0
-0.073900 -0.085401 -0.118139 0
0.106938 0.100189 0.281230 0
-0.146706 -0.007163 0.155536 0
0.689662 0.174182 -0.047723 0
0.691374 0.269019 -0.035913 0
-0.539977 0.189947 0.371389 0
0.146960 0.181364 0.297708 0
0.412281 0.150898 0.067206 0
-0.175318 0.212215 -0.555874 0
-0.603466 0.229369 0.394089 0
0.039023 -0.376509 0.040561 0
0.076431 0.109434 -0.298839 0
-0.483746 0.203872 0.331605 0
0.464037 0.163415 -0.104916 0
-0.114277 0.187879 -0.567629 0
0.374828 0.116047 0.052022 0
0.106778 0.011780 0.210686 0
0.274557 0.040607 0.082837 0
-0.073412 -0.135036 0.108063 0
-0.358528 0.130286 0.222499 0
-0.039739 -0.109038 -0.106851 0
0.544109 0.090406 -0.109170 0
-0.134192 0.205157 -0.429729 0
-0.084954 0.210729 -0.413110 0
0.497820 0.081916 -0.078910 0
0.677137 0.190072 -0.109988 0
0.061655 -0.963257 -0.019443 0
-0.227695 -0.007937 -0.205382 0
0.081400 -0.621667 0.065059 0
0.089659 -0.097218 0.109776 0
0.120918 -0.166834 0.078394 0
0.095040 -0.962358 -0.008757 0
-0.510021 0.201121 0.481559 0
0.317248 0.104926 0.071976 0
-0.400339 0.147049 0.236414 0
-0.224165 0.176297 -0.497563 0
0.251252 0.031092 0.044309 0
0.063170 0.033593 0.059438 0
0.176351 0.003760 0.019802 0
-0.245780 0.057378 0.151691 0
0.384825 0.046781 -0.113915 0
-0.020059 -0.235730 0.116745 0
-0.079544 0.133153 -0.456050 0
-0.202926 0.115015 -0.410426 0
0.487981 0.191743 -0.059634 0
0.075243 -0.450351 0.089848 0
0.438256 0.188319 -0.044130 0
-0.132872 0.041611 0.244711 0
0.052621 -0.755038 0.007309 0
-0.091827 0.097636 -0.286770 0
-0.005302 -0.298010 0.092162 0
0.061823 -0.072518 0.176632 0
0.008232 -0.050644 -0.034267 0
-0.640881 0.225140 0.432282 0
-0.048341 0.001293 0.186577 0
0.118269 0.127156 0.207566 0
0.676110 0.144644 -0.103404 0
-0.001428 0.132147 -0.330164 0
0.205617 0.026734 -0.044209 0
-0.133196 0.129234 -0.368386 0
0.305119 0.091046 -0.057855 0
0.163059 0.138553 0.340502 0
0.166229 -0.071982 0.030752 0
0.052714 -0.659120 0.051865 0
-0.046412 -0.074175 -0.004414 0
-0.058896 -0.121913 -0.065638 0
-0.258848 0.062211 0.195584 0
0.135268 0.091672 0.243583 0
0.518580 0.139700 -0.085200 0
0.037408 -0.099921 0.097188 0
-0.188789 0.080918 -0.345500 0
0.011751 -0.086018 0.029384 0
-0.356251 0.114444 0.432662 0
0.105696 -0.173001 0.019611 0
0.166232 -0.040705 0.059788 0
0.079663 -0.135503 0.147111 0
-0.018888 -0.094522 -0.074282 0
-0.127196 0.265295 -0.468522 0
-0.307171 0.069289 0.164150 0
-0.101243 -0.027171 -0.132256 0
-0.330651 0.116656 0.371692 0
-0.073484 -0.031450 -0.115182 0
-0.164981 0.152239 -0.382721 0
0.054760 -0.577961 -0.004840 0
0.319044 0.114715 0.005881 0
0.034748 -0.503573 0.018962 0
0.624634 0.279639 -0.032559 0
-0.065700 -0.035158 -0.165640 0
-0.164182 0.038654 0.206315 0
-0.097247 -0.108631 0.134067 0
0.206458 0.001269 0.007679 0
-0.053505 0.214573 -0.430694 0
-0.197497 -0.033696 -0.132420 0
0.722170 0.193368 -0.094176 0
0.094127 0.062735 0.206188 0
-0.107317 -0.026333 -0.092549 0
0.007673 -0.170929 0.105983 0
0.047773 -0.959792 0.009814 0
0.658255 0.177823 -0.067318 0
-0.080964 0.198211 -0.457375 0
0.008418 -0.035840 -0.156619 0
-0.114538 0.036230 -0.212689 0
-0.060854 0.076895 -0.237395 0
0.026995 -0.203532 0.079286 0
0.078164 -0.046293 0.156998 0
-0.314301 0.091311 0.230982 0
-0.115096 0.206480 -0.519789 0
-0.258682 0.081534 -0.332190 0
0.127019 0.097649 0.329034 0
0.377398 0.123503 -0.089250 0
0.393647 0.161479 -0.037917 0
0.547205 0.250480 -0.067973 0
0.138176 -0.086650 0.041748 0
0.375654 0.077215 -0.116513 0
-0.251763 0.060764 -0.250067 0
-0.501700 0.171252 0.538020 0
-0.257479 0.090204 -0.282590 0
0.104199 -0.022473 0.205761 0
-0.029813 -0.145930 -0.054345 0
-0.243341 -0.022577 -0.158819 0
-0.006401 0.125005 -0.284731 0
0.048282 0.005721 -0.170515 0
0.631522 0.140332 -0.057748 0
-0.188273 0.093688 -0.293428 0
-0.082851 0.156063 -0.429327 0
0.078527 -0.787971 -0.005659 0
-0.016925 -0.097904 0.076528 0
0.517789 0.211525 -0.101799 0
0.049422 -0.424278 0.050877 0
0.044670 0.051455 -0.213245 0
-0.019557 0.076659 -0.233369 0
-0.514106 0.208136 0.318463 0
-0.567605 0.195662 0.393673 0
0.014174 0.043134 -0.230647 0
0.338819 0.064538 -0.091999 0
-0.279975 0.043091 0.176312 0
0.612817 0.195047 -0.111707 0
-0.145937 0.027495 0.180719 0
-0.372169 0.146150 0.382777 0
-0.058001 0.123346 -0.299307 0
0.136771 -0.148094 0.044518 0
0.462876 0.129474 -0.109138 0
-0.064672 0.103423 -0.384438 0
0.025603 -0.297768 0.087180 0
0.277438 0.085755 -0.007927 0
-0.372158 0.137522 0.418794 0
0.025797 -0.198332 0.116031 0
-0.001918 0.004067 0.215310 0
0.045680 0.081406 -0.314329 0
-0.157682 0.200133 -0.618749 0
-0.015414 -0.245232 0.068448 0
-0.225521 0.109271 -0.385572 0
0.319642 0.052201 -0.120370 0
-0.126890 0.054526 -0.267242 0
-0.357973 0.132134 0.294460 0
-0.132169 0.228614 -0.459087 0
0.603679 0.261645 -0.092549 0
-0.180505 0.073872 -0.263505 0
-0.215267 0.027744 0.332491 0
-0.426718 0.182721 0.306708 0
-0.450832 0.163303 0.320279 0
0.676110 0.240038 -0.116471 0
0.413320 0.179791 0.006079 0
0.363339 0.140367 -0.031433 0
-0.452016 0.190862 0.419051 0
-0.019746 0.079613 -0.269245 0
-0.305313 0.072095 0.365681 0
0.246428 0.063007 0.032217 0
0.074240 -0.035218 0.193677 0
-0.056487 0.218560 -0.362039 0
-0.285325 0.085211 0.223114 0
0.008858 0.047825 -0.187346 0
-0.439145 0.172344 0.260529 0
-0.130773 -0.046186 0.104849 0
-0.059842 -0.183777 0.117349 0
-0.002780 -0.113005 -0.050632 0
-0.174753 0.122285 -0.350862 0
0.079697 -0.874990 -0.017582 0
-0.466190 0.175069 0.345663 0
0.416974 0.054779 -0.108767 0
0.248283 0.002926 0.055546 0
-0.076083 -0.042973 -0.084635 0
0.714501 0.241215 -0.094728 0
-0.301586 0.105938 0.204412 0
0.071916 -0.850819 0.039468 0
-0.227722 0.041072 0.169905 0
-0.190464 0.190050 -0.457799 0
-0.450566 0.156396 0.510851 0
-0.066642 0.108823 -0.337403 0
-0.145262 0.214623 -0.559017 0
0.120585 0.124788 0.292396 0
0.062323 0.027156 0.093580 0
-0.163208 0.100620 -0.308850 0
0.155177 0.087883 0.183478 0
-0.086308 0.013758 -0.207621 0
-0.051686 -0.140154 0.146381 0
0.163729 -0.021723 0.029759 0
-0.112533 0.262258 -0.556923 0
0.658082 0.266519 -0.083514 0
-0.227921 0.031161 0.116483 0
-0.190365 0.074228 0.257007 0
0.097959 0.171423 -0.314993 0
0.074724 -0.236089 0.050675 0
0.361769 0.142414 0.057767 0
-0.260202 0.087034 0.244726 0
0.573623 0.196382 -0.074448 0
-0.077845 0.132106 -0.370384 0
0.448044 0.181471 0.045057 0
0.632873 0.191752 -0.074635 0
-0.110134 0.239529 -0.519984 0
-0.554164 0.223992 0.370736 0
0.502184 0.163461 -0.105342 0
0.046278 0.146653 -0.324071 0
0.100774 0.025057 0.146872 0
-0.028411 -0.209846 0.129645 0
0.103642 -0.882836 0.027212 0
0.062872 -0.900655 -0.017425 0
-0.052692 -0.026415 0.158393 0
-0.246224 0.012449 -0.225656 0
0.625807 0.151908 -0.110871 0
-0.614164 0.224514 0.468614 0
0.055334 -0.358390 0.064193 0
0.090335 -0.675141 0.030764 0
-0.146793 0.178359 -0.403847 0
-0.176732 0.226714 -0.581485 0
0.023692 0.090354 -0.231520 0
0.078210 -0.913170 0.028489 0
-0.285504 0.027619 -0.268290 0
0.027317 -0.382692 0.089051 0
0.141768 0.147027 0.272523 0
-0.048511 -0.059950 -0.120431 0
-0.615899 0.180347 0.557999 0
-0.213837 0.073179 0.206952 0
-0.305664 0.121435 0.237419 0
-0.058444 -0.063954 -0.155963 0
0.613300 0.116011 -0.102914 0
-0.513285 0.194421 0.420875 0
0.555716 0.171375 -0.112907 0
-0.498527 0.210249 0.358801 0
-0.277555 0.069919 -0.359440 0
0.110761 -0.199799 0.063004 0
0.048901 -0.871401 0.040721 0
0.322131 0.091876 0.046303 0
0.401576 0.081118 -0.087747 0
-0.047825 -0.098481 -0.020482 0
0.362458 0.130681 0.018715 0
-0.088544 0.239900 -0.469750 0
-0.151235 -0.021253 -0.156375 0
0.010747 -0.230715 0.036524 0
-0.386141 0.150264 0.331752 0
-0.128086 -0.055107 -0.111158 0
0.399624 0.141254 -0.082059 0
-0.285841 0.101190 0.344027 0
0.065570 -0.386776 0.081324 0
0.037132 -0.449906 0.067993 0
0.012468 -0.163433 -0.012427 0
0.053617 0.128557 -0.295970 0
0.094834 -0.750938 0.038698 0
-0.061718 0.196750 -0.387747 0
-0.329441 0.055134 0.199880 0
-0.140977 -0.009619 0.188157 0
0.023178 0.015160 -0.218957 0
0.109943 -0.159846 0.044936 0
-0.213960 0.106052 -0.304632 0
0.013612 -0.144043 0.074947 0
0.627872 0.229234 -0.108753 0
-0.115037 0.186213 -0.459533 0
0.079824 -0.525674 0.059637 0
-0.115124 0.170071 -0.377397 0
-0.114413 -0.073355 0.147393 0
-0.087056 0.113549 -0.310218 0
0.475543 0.215174 0.006274 0
0.574694 0.255816 -0.050220 0
-0.163462 -0.035492 -0.123314 0
0.054592 -0.818863 -0.006770 0
0.155254 0.159653 0.318956 0
-0.114018 -0.022559 0.180255 0
0.060033 -0.599789 0.045185 0
0.011180 -0.110277 0.092349 0
0.287472 0.087687 0.055542 0
0.023757 -0.323478 0.056261 0
-0.343272 0.130907 0.318948 0
-0.000041 -0.110468 -0.021355 0
0.066344 -0.560551 0.075816 0
0.501662 0.202100 -0.011272 0
0.022016 -0.349708 0.082326 0
-0.146055 0.002589 -0.194106 0
0.093733 -0.642907 0.050655 0
-0.579432 0.165579 0.574106 0
-0.539242 0.219825 0.419501 0
-0.040133 0.015669 -0.193746 0
-0.174923 0.042072 -0.218610 0
0.361931 0.041133 -0.094647 0
0.051003 -0.713398 0.008404 0
0.011050 0.001463 -0.157310 0
-0.176424 0.179998 -0.571638 0
0.333258 0.064947 0.063185 0
-0.158175 0.062341 -0.235205 0
0.334545 0.095030 0.091859 0
0.079387 0.012226 0.182947 0
0.514170 0.207786 -0.061936 0
0.576680 0.204114 -0.119517 0
0.537975 0.236168 -0.090344 0
-0.061236 0.141572 -0.406936 0
0.032896 0.107795 -0.253069 0
-0.483982 0.189816 0.470542 0
-0.051736 0.082636 -0.283211 0
0.038271 -0.273139 0.056579 0
-0.019040 -0.024275 0.171426 0
-0.049741 -0.012940 -0.159528 0
0.107717 -0.253913 0.116038 0
-0.529003 0.172834 0.555939 0
-0.019039 0.050401 -0.221336 0
-0.100995 0.004512 -0.180001 0
-0.190354 0.204167 -0.533434 0
0.574995 0.241108 -0.106112 0
-0.157250 0.145798 -0.415392 0
0.364490 0.113102 -0.066798 0
-0.175290 0.238973 -0.496437 0
0.030907 -0.401542 0.065303 0
0.053422 -0.654818 0.010749 0
0.092335 0.063915 0.291956 0
-0.098422 -0.084375 0.117859 0
-0.018546 0.023725 -0.171436 0
-0.328742 0.136773 0.268712 0
-0.442292 0.172518 0.359592 0
-0.044032 -0.092015 0.138210 0
0.011378 -0.086182 0.141617 0
0.065138 0.015103 0.245657 0
-0.165592 0.183232 -0.598268 0
0.321131 0.112515 -0.029152 0
-0.114194 0.082254 -0.266378 0
0.021897 0.163313 -0.321673 0
0.250176 0.053304 -0.033407 0
0.431927 0.154428 0.022858 0
-0.377098 0.115651 0.204146 0
0.563583 0.267026 -0.018688 0
-0.273017 0.054332 0.339945 0
0.330534 0.092322 -0.047068 0
-0.602893 0.191749 0.520810 0
0.062614 -0.474210 0.043724 0
-0.003668 -0.073129 -0.016949 0
-0.671139 0.202766 0.482138 0
-0.342947 0.093956 0.392726 0
0.131139 0.052846 0.171813 0
0.053386 0.063775 -0.283735 0
0.066882 -0.537263 0.033579 0
0.064453 -0.017767 0.244882 0
0.049422 -0.311624 0.057127 0
-0.502148 0.190074 0.394375 0
-0.201821 0.003320 -0.193628 0
-0.363739 0.119951 0.266475 0
-0.018247 -0.085505 -0.043073 0
0.010710 -0.178065 0.010755 0
0.446908 0.196199 0.021909 0
-0.437943 0.167944 0.457885 0
0.053155 -0.699740 0.032145 0
0.059308 -0.223584 0.106652 0
0.060181 -0.474401 0.073424 0
-0.650900 0.177548 0.532227 0
0.473014 0.070532 -0.077967 0
0.138678 -0.124439 0.029520 0
0.588804 0.152835 -0.078764 0
0.036488 -0.136116 0.093460 0
0.397781 0.107222 -0.100229 0
-0.378482 0.161509 0.282654 0
0.024954 -0.238458 0.068968 0
-0.202775 0.195673 -0.556367 0
0.127205 0.160367 0.338620 0
-0.553104 0.185421 0.544571 0
-0.197494 0.142096 -0.432196 0
-0.039994 -0.098029 0.007744 0
-0.534103 0.197484 0.502480 0
0.138384 0.089592 0.211173 0
-0.225252 0.054580 0.335362 0
0.000013 -0.140804 -0.032057 0
-0.032119 -0.053389 0.044591 0
0.060542 -0.172970 0.120285 0
0.088005 -0.700485 0.017513 0
0.663767 0.166975 -0.114595 0
0.090619 -0.800566 0.018973 0
-0.227928 0.079368 0.257677 0
-0.113579 0.039974 -0.244373 0
-0.414704 0.178310 0.331865 0
0.477751 0.104722 -0.119273 0
0.138101 -0.100503 0.064914 0
0.018738 0.031132 -0.266294 0
0.518400 0.242519 -0.019404 0
0.226069 0.050813 0.006703 0
0.078203 0.053128 0.094770 0
-0.240675 0.085968 0.304735 0
-0.033233 -0.198649 0.096466 0
-0.401326 0.156198 0.369605 0
-0.160936 0.265424 -0.542818 0
-0.584183 0.206381 0.495371 0
-0.075850 -0.060426 -0.108177 0
-0.186270 0.235738 -0.546408 0
-0.540927 0.208046 0.317773 0
0.391948 0.159245 0.049980 0
0.138307 0.112609 0.308409 0
0.052208 -0.575093 0.052046 0
0.180564 -0.016484 0.049935 0
-0.144035 -0.021525 0.131132 0
-0.340287 0.137181 0.244483 0
0.399923 0.156641 0.017708 0
-0.635599 0.189983 0.486856 0
0.064960 -0.133612 0.170047 0
-0.031596 -0.072702 0.017724 0
0.520454 0.077939 -0.116664 0
-0.014444 -0.022447 -0.144048 0
-0.257753 0.110832 -0.332891 0
-0.061885 -0.098367 -0.094490 0
-0.055584 -0.055925 -0.064079 0
-0.187958 0.042751 0.296828 0
0.058780 -0.398624 0.058568 0
0.224170 0.000516 0.066356 0
-0.205024 0.166356 -0.480497 0
0.713480 0.263202 -0.055016 0
0.007873 -0.286459 0.071063 0
-0.341899 0.096528 0.237270 0
0.022492 -0.273607 0.033130 0
0.127619 0.087706 0.270469 0
-0.163175 0.215641 -0.532636 0
0.463537 0.201150 -0.056262 0
-0.540665 0.203472 0.445385 0
0.057171 -0.358052 0.033514 0
0.100639 -0.068763 0.170198 0
0.049792 -0.311467 0.084303 0
0.207915 0.037084 -0.018484 0
-0.509207 0.181660 0.331360 0
-0.187931 -0.006435 0.103386 0
-0.228272 0.115330 -0.331539 0
0.158511 0.138146 0.233777 0
-0.243606 -0.046704 -0.169320 0
0.572463 0.102648 -0.069199 0
-0.088853 -0.000638 0.192650 0
-0.275326 0.037398 0.133230 0
0.450189 0.103178 -0.083650 0
0.259903 0.055444 -0.058684 0
-0.173219 0.006463 0.142548 0
-0.007113 0.158143 -0.365152 0
-0.273919 0.112107 0.293090 0
0.067046 -0.268954 0.048014 0
-0.300797 0.088659 0.181744 0
0.036933 0.164020 -0.358450 0
0.105675 0.127324 0.330734 0
-0.112080 0.164412 -0.407844 0
0.067932 0.149276 -0.287264 0
-0.201241 0.031136 -0.244298 0
0.306367 0.040720 0.063958 0
0.173394 -0.046907 0.019170 0
-0.189190 0.126407 -0.382382 0
0.139760 0.123439 0.332735 0
-0.402498 0.172416 0.295514 0
0.063231 -0.010633 0.195804 0
0.013162 -0.348111 0.057694 0
-0.079317 -0.059989 0.165784 0
0.038427 -0.521952 0.041450 0
0.106487 0.061067 0.183136 0
-0.045692 -0.158419 -0.070819 0
0.322063 0.040328 -0.097300 0
0.006770 -0.229516 0.096584 0
-0.008292 -0.185232 -0.029411 0
0.093924 0.047611 0.157917 0
-0.465888 0.158648 0.241247 0
-0.044465 -0.024184 0.183324 0
0.226565 0.035365 -0.080654 0
-0.104474 0.095343 -0.316753 0
0.576541 0.154420 -0.120484 0
-0.165112 0.192855 -0.495074 0
-0.083829 -0.130812 0.131404 0
0.020370 -0.048198 0.028642 0
0.095891 -0.839993 0.028819 0
-0.323269 0.088925 0.373719 0
-0.145800 0.074937 -0.296634 0
0.062962 -0.813337 0.030433 0
0.093569 -0.926591 -0.006637 0
0.722178 0.231348 -0.045709 0
0.047010 -0.549503 0.044605 0
0.074364 0.017735 0.290112 0
0.460982 0.193380 -0.031787 0
0.063339 -0.997035 -0.023139 0
-0.050870 0.144812 -0.327116 0
0.273235 0.043453 0.049402 0
-0.396641 0.128375 0.471022 0
-0.225775 0.040520 -0.256315 0
-0.163131 0.100362 -0.357597 0
0.011203 -0.010699 0.185504 0
-0.202904 0.064034 -0.294485 0
0.083503 0.090605 0.307281 0
-0.030789 -0.158798 -0.030256 0
0.576789 0.128167 -0.117250 0
-0.641264 0.141912 0.566405 0
-0.126501 0.001374 0.169592 0
0.497615 0.217677 -0.044984 0
0.054912 -0.725295 0.032636 0
0.134700 0.117642 0.230935 0
-0.103728 0.061182 -0.233927 0
-0.425047 0.131246 0.280427 0
-0.301632 0.111729 0.308667 0
0.008594 -0.184462 0.084306 0
-0.187984 0.029062 0.319434 0
-0.024946 0.166747 -0.391960 0
0.600464 0.239587 -0.067557 0
-0.178000 0.213849 -0.501799 0
0.196224 0.023727 0.018042 0
-0.425893 0.129520 0.220060 0
-0.097752 0.214530 -0.469368 0
-0.025659 -0.046723 0.146542 0
0.374770 0.065037 -0.092422 0
0.084217 -0.588415 0.043600 0
-0.052632 0.179742 -0.370039 0
0.063028 -0.962695 0.029961 0
-0.047889 0.026794 0.239729 0
0.098492 -0.186378 0.044594 0
-0.236972 0.000495 -0.148990 0
0.072612 -0.723314 0.051483 0
-0.226686 0.065805 -0.254549 0
0.658001 0.265611 -0.056450 0
-0.126424 0.179786 -0.546898 0
0.024454 -0.111317 -0.012537 0
0.364801 0.162334 -0.006007 0
0.094039 0.077043 0.268922 0
0.080270 -0.663226 -0.002806 0
0.100991 -0.154042 0.154469 0
0.174288 0.143140 0.316696 0
-0.062498 0.241139 -0.480809 0
0.004526 -0.085487 0.003489 0
-0.242714 -0.010277 -0.183442 0
0.079134 0.073211 0.056847 0
0.078819 0.051336 0.069393 0
0.077910 -0.309075 0.070010 0
-0.039292 0.051074 0.220606 0
-0.264971 0.077630 0.330252 0
0.623883 0.272448 -0.079091 0
0.053040 -0.045351 0.104785 0
0.344475 0.086364 -0.103017 0
-0.262700 0.040531 -0.223526 0
-0.125465 0.101908 -0.332657 0
-0.201869 -0.009490 -0.155498 0
-0.063646 0.051340 -0.221075 0
-0.052005 -0.086823 -0.130210 0
0.598931 0.266352 -0.047828 0
0.039689 0.147656 -0.287787 0
-0.129457 -0.045904 0.157898 0
0.006703 -0.096831 0.068401 0
-0.065384 0.105743 -0.280912 0
0.072997 -0.685952 0.045169 0
-0.079785 -0.026649 -0.144961 0
0.010428 0.104784 -0.281622 0
0.078841 -0.021549 0.143936 0
-0.328827 0.069586 0.415297 0
0.432087 0.114639 -0.107230 0
-0.410488 0.154402 0.434919 0
-0.132778 0.253089 -0.545702 0
0.048606 0.034424 0.272436 0
0.432560 0.077056 -0.109076 0
-0.171415 0.171086 -0.401222 0
0.059256 -0.852403 -0.007675 0
-0.075296 -0.118023 0.152102 0
-0.473523 0.184806 0.395524 0
0.078081 0.184420 -0.324388 0
-0.062021 -0.160483 0.108960 0
-0.076099 0.224572 -0.433216 0
0.009212 0.026806 -0.174129 0
-0.136590 0.208172 -0.532577 0
0.225786 0.049035 -0.031909 0
-0.001766 0.027829 -0.219379 0
0.066131 -0.021398 0.107761 0
0.040100 -0.089359 0.120191 0
0.068555 -0.423634 0.069304 0
-0.427650 0.178932 0.282246 0
0.438954 0.163509 -0.054574 0
0.066341 0.129971 -0.355609 0
0.639312 0.215541 -0.072435 0
0.053738 -0.926849 0.020730 0
-0.183436 0.084936 -0.321696 0
0.093996 -0.234540 0.035051 0
-0.131490 0.248019 -0.498491 0
-0.414870 0.175865 0.395081 0
-0.258893 0.043846 -0.266574 0
-0.012079 -0.220234 0.022981 0
0.074604 0.114692 -0.257619 0
-0.052106 0.072300 -0.259991 0
0.089486 -0.826244 0.005088 0
-0.358024 0.153859 0.330983 0
0.011358 -0.059500 0.156472 0
-0.017470 -0.225880 0.094256 0
0.026992 -0.448401 0.045608 0
-0.098186 0.136782 -0.337668 0
-0.160439 0.139585 -0.362154 0
0.239065 0.049974 0.054243 0
0.262643 0.018712 0.067669 0
-0.052025 -0.099151 -0.072071 0
-0.391175 0.145548 0.307609 0
0.055084 -0.056711 0.157458 0
-0.185495 0.029157 0.139514 0
-0.187120 0.031836 0.179714 0
-0.227471 0.027279 -0.232860 0
-0.013631 -0.057492 0.165190 0
-0.071552 0.176522 -0.436434 0
-0.034133 -0.084339 -0.106027 0
-0.094454 -0.064859 0.136218 0
0.545360 0.139617 -0.083067 0
-0.302547 0.103187 0.254177 0
-0.164597 0.055167 -0.268498 0
0.083784 -0.840685 -0.015768 0
-0.065464 0.136849 -0.432366 0
0.563014 0.240381 -0.083464 0
-0.112563 0.015965 0.231689 0
0.487654 0.214118 -0.069145 0
-0.151172 0.039172 -0.231869 0
0.028260 -0.137762 0.129301 0
-0.537120 0.221150 0.395337 0
-0.132749 0.166679 -0.420548 0
-0.525208 0.188419 0.348378 0
0.698190 0.215218 -0.059873 0
-0.391216 0.117194 0.259675 0
-0.050579 0.085963 -0.184426 0
-0.338609 0.103240 0.420403 0
-0.125914 0.196335 -0.493151 0
-0.044148 -0.138190 0.001529 0
0.288412 0.053000 -0.105534 0
-0.595055 0.210556 0.443923 0
-0.133705 0.217358 -0.480605 0
0.170710 0.177599 0.295053 0
0.247695 0.040614 0.003095 0
0.545079 0.115407 -0.117082 0
0.332768 0.108009 0.030811 0
0.290700 0.099147 0.007162 0
-0.038075 -0.173102 0.106690 0
-0.202698 0.173825 -0.572845 0
0.024863 0.001234 -0.183858 0
0.053192 -0.636962 0.030181 0
0.040080 -0.837671 -0.002767 0
0.074980 -0.099044 0.144007 0
0.103646 -0.255736 0.075098 0
-0.640681 0.201546 0.507335 0
-0.150765 0.048487 0.281202 0
-0.485632 0.153898 0.543172 0
-0.324788 0.049163 0.161264 0
0.100874 -0.797975 0.040554 0
0.020238 -0.248510 0.023466 0
0.587836 0.177500 -0.079809 0
0.350939 0.113077 0.055575 0
0.319215 0.080653 -0.074253 0
0.080800 -0.084119 0.167676 0
0.054228 -0.048608 0.193405 0
-0.484265 0.203497 0.433807 0
-0.584792 0.230147 0.417440 0
-0.050081 0.096097 -0.353276 0
-0.074224 0.027572 0.230169 0
0.511792 0.126843 -0.121535 0
0.484069 0.179452 -0.086434 0
-0.216417 0.072711 0.305401 0
0.100297 0.069366 0.096899 0
0.011306 0.119474 -0.303653 0
-0.279967 0.098596 0.269934 0
-0.113157 -0.060526 0.118835 0
0.120210 0.086832 0.196055 0
-0.202526 0.051810 -0.232139 0
0.115285 0.103306 0.257442 0
0.066660 0.014891 0.115819 0
-0.369970 0.094250 0.453400 0
-0.163038 -0.007115 -0.177366 0
-0.658454 0.141210 0.550191 0
-0.377488 0.140457 0.232289 0
-0.227678 0.097682 -0.287128 0
-0.101730 0.056145 -0.265267 0
0.262610 0.028490 -0.105707 0
-0.163823 0.016397 -0.218506 0
0.096078 0.039197 0.206668 0
-0.239097 0.076256 -0.308535 0
-0.002666 -0.249060 0.105870 0
-0.169811 0.159659 -0.438056 0
-0.131774 0.088316 -0.283202 0
0.179262 0.153466 0.293272 0
0.419331 0.140824 -0.069153 0
0.061890 -0.512318 0.066937 0
-0.175261 0.204417 -0.594953 0
-0.114996 -0.016063 -0.147755 0
-0.151558 0.237985 -0.580924 0
0.518591 0.235490 -0.043285 0
0.399357 0.152770 -0.058966 0
0.418767 0.065484 -0.084371 0
0.094539 0.063647 0.243819 0
-0.001711 -0.158415 0.085417 0
-0.105216 0.246312 -0.596714 0
0.335915 0.127042 0.017600 0
-0.516626 0.182255 0.505452 0
-0.205928 0.024512 0.110827 0
0.500694 0.115642 -0.085041 0
0.054102 -0.157154 0.140044 0
0.177628 0.162843 0.346636 0
-0.165090 0.173631 -0.459190 0
-0.287099 0.074480 0.380053 0
0.061739 -0.925699 -0.019455 0
0.291990 0.075217 0.077180 0
-0.259063 0.079216 0.221314 0
-0.245505 0.100580 0.256635 0
0.513124 0.189908 -0.094579 0
0.299378 0.079647 0.031976 0
0.677256 0.253318 -0.060819 0
-0.129820 0.022239 -0.198605 0
-0.016980 -0.038036 -0.122667 0
0.061560 -0.599888 0.022023 0
0.106046 -0.987683 -0.006097 0
0.092582 -0.876158 0.007942 0
0.169397 0.004091 -0.005070 0
-0.565026 0.207209 0.457504 0
0.677595 0.227695 -0.065342 0
-0.512087 0.213129 0.407324 0
0.461021 0.077686 -0.113403 0
-0.146865 0.230250 -0.542063 0
0.109797 0.030860 0.230112 0
-0.138889 0.079675 -0.319974 0
0.275975 0.088867 0.031773 0
-0.289289 0.078739 0.348114 0
0.475239 0.199225 -0.011682 0
0.157457 0.105750 0.229695 0
0.139833 -0.072614 0.022305 0
0.038308 -0.120670 0.117175 0
-0.614385 0.214055 0.374972 0
-0.143682 0.150909 -0.373162 0
0.545513 0.114177 -0.077822 0
-0.077549 -0.020990 -0.179366 0
0.062130 0.152910 -0.345925 0
0.221525 0.016695 0.018329 0
0.034810 0.059605 -0.194160 0
-0.210229 0.151107 -0.456917 0
-0.190400 0.178009 -0.595809 0
0.219098 0.026523 0.054859 0
-0.118893 0.145168 -0.376663 0
0.155750 -0.051215 0.037495 0
-0.245182 0.066060 0.343508 0
-0.100638 0.020872 -0.226447 0
0.499224 0.231337 -0.006775 0
-0.053786 0.202117 -0.408546 0
0.041436 -0.584044 0.029771 0
0.545198 0.229481 -0.059127 0
-0.376327 0.115157 0.416525 0
0.101851 -0.922194 0.026393 0
-0.484508 0.204122 0.382596 0
-0.289278 0.061410 -0.295313 0
-0.227306 0.079658 -0.333226 0
-0.079669 -0.086383 0.132941 0
-0.033832 -0.048076 -0.153769 0
-0.238667 0.013813 0.106307 0
-0.057407 -0.091932 -0.175768 0
0.011909 0.066688 -0.240493 0
-0.002345 -0.131075 -0.011590 0
0.544999 0.190305 -0.106176 0
-0.275541 0.088367 0.185613 0
-0.458007 0.161298 0.298765 0
0.415904 0.173697 -0.044178 0
0.364321 0.099930 -0.102738 0
0.035718 -0.883556 0.015732 0
-0.259109 0.068838 -0.292720 0
-0.391210 0.149840 0.419239 0
0.054094 -0.765908 0.029756 0
0.726792 0.215561 -0.093925 0
-0.358148 0.151548 0.281595 0
-0.019636 0.103583 -0.269444 0
-0.142617 -0.016232 -0.136064 0
0.062107 0.129261 -0.320578 0
0.675866 0.215185 -0.107988 0
-0.207421 0.083752 0.245619 0
-0.101134 0.225842 -0.496173 0
-0.038351 0.091501 -0.244706 0
0.249818 0.039012 -0.081541 0
-0.058724 0.148721 -0.356183 0
0.135704 0.141999 0.293681 0
0.041039 -0.063740 0.175930 0
-0.107626 0.176227 -0.507600 0
-0.355885 0.109643 0.199396 0
-0.296268 0.078663 -0.319126 0
-0.019885 -0.098864 -0.017851 0
-0.040072 0.167523 -0.355851 0
-0.032429 0.013766 0.196540 0
-0.100904 -0.047560 -0.119459 0
-0.358035 0.147642 0.365295 0
0.437036 0.165850 0.056989 0
0.041544 -0.613018 0.026232 0
0.047025 -0.027327 0.194120 0
0.445643 0.163601 -0.091999 0
-0.179254 0.129348 -0.407689 0
-0.113813 0.260689 -0.534577 0
-0.164048 0.084703 -0.287979 0
-0.465937 0.195367 0.306424 0
-0.189679 0.023192 -0.199478 0
-0.044829 -0.130781 -0.102233 0
0.587871 0.245493 -0.087108 0
0.079103 0.027728 0.257823 0
-0.214282 0.053213 0.196795 0
-0.152052 -0.055311 -0.130868 0
-0.284759 0.058072 0.151942 0
0.045480 0.114372 -0.275818 0
-0.373059 0.125524 0.445317 0
0.374081 0.134932 0.039112 0
0.106716 -0.966073 0.025618 0
-0.502934 0.193564 0.457482 0
-0.213560 -0.013142 -0.182927 0
-0.418337 0.146481 0.298006 0
0.024830 -0.034320 0.180097 0
-0.188597 0.048676 0.211844 0
0.041041 -0.430923 0.089747 0
-0.019484 0.111784 -0.317915 0
-0.125736 0.126283 -0.344929 0
0.081950 0.086776 0.096700 0
-0.115464 0.098318 -0.294469 0
-0.081068 0.156347 -0.339079 0
-0.230034 0.049765 0.314225 0
-0.033163 -0.110464 -0.068393 0
-0.212717 0.057329 0.168201 0
0.049025 -0.058237 0.083637 0
-0.114041 0.035944 0.219269 0
0.025052 -0.159713 0.097993 0
-0.078511 0.122275 -0.350423 0
0.177866 -0.024156 0.009144 0
-0.114455 -0.024587 0.158194 0
-0.626648 0.200198 0.469355 0
0.070759 -0.631575 0.011096 0
-0.413631 0.154241 0.458504 0
-0.584057 0.194713 0.532044 0
0.545191 0.177639 -0.077783 0
0.067161 -0.361951 0.082536 0
-0.583970 0.228298 0.382096 0
0.084028 0.038006 0.140556 0
-0.000475 0.137731 -0.307579 0
-0.165368 0.242062 -0.520819 0
-0.471416 0.178042 0.495490 0
0.028074 -0.098310 0.151263 0
-0.006329 -0.135787 0.079491 0
0.026908 -0.224079 0.089423 0
0.445419 0.181580 -0.018144 0
-0.127556 0.179455 -0.393184 0
0.052142 -0.060856 0.131145 0
0.065247 0.009431 0.224392 0
-0.205544 0.181305 -0.508159 0
0.032163 -0.422928 0.070309 0
-0.137897 0.106751 -0.352307 0
-0.303565 0.123838 0.268486 0
0.133136 -0.108525 0.045052 0
-0.194634 -0.052210 -0.151136 0
-0.062135 0.025725 -0.197156 0
0.036972 -0.123018 0.143250 0
0.001632 -0.109043 0.138357 0
0.024428 -0.414870 0.044937 0
-0.099440 0.260109 -0.512442 0
0.662083 0.253787 -0.106669 0
0.048401 -0.185392 0.106879 0
-0.181190 0.219916 -0.479633 0
0.036443 -0.272436 0.092568 0
-0.214741 0.038511 0.132390 0
-0.340255 0.123647 0.281941 0
-0.390896 0.156087 0.254356 0
-0.258356 0.080060 -0.356615 0
-0.278390 0.069255 0.202396 0
-0.324213 0.121212 0.309705 0
-0.078323 -0.038409 0.162588 0
-0.085551 0.198633 -0.394951 0
-0.201523 0.214311 -0.509556 0
-0.147834 0.050893 0.257600 0
0.037971 -0.500146 0.041699 0
0.220488 0.019170 -0.005477 0
0.148840 0.114945 0.257663 0
0.110974 0.066393 0.278915 0
-0.070314 -0.096122 0.154402 0
0.048806 0.172117 -0.333156 0
0.450276 0.178701 0.004602 0
0.178754 -0.059839 0.043790 0
-0.071344 0.011589 0.196888 0
0.041235 0.163233 -0.308871 0
-0.452042 0.193780 0.394090 0
-0.088784 -0.007977 -0.192962 0
-0.046916 0.116170 -0.321126 0
0.148702 0.159433 0.293645 0
0.381621 0.147276 0.065184 0
0.118948 -0.135662 0.043919 0
-0.049073 -0.118952 -0.027635 0
-0.112558 0.206716 -0.428596 0
-0.031627 -0.077279 -0.058072 0
0.350325 0.090847 -0.082424 0
-0.338395 0.142390 0.294243 0
-0.145989 0.213832 -0.445743 0
0.091675 -0.738286 0.021356 0
-0.565119 0.204410 0.485203 0
0.125542 0.076261 0.231820 0
0.702829 0.193165 -0.103989 0
-0.077596 0.082985 -0.279497 0
0.095876 0.014560 0.169071 0
0.601269 0.267460 -0.069349 0
-0.038562 0.002957 -0.169078 0
-0.402862 0.157048 0.343709 0
0.025575 0.091733 -0.265588 0
-0.131230 -0.032182 -0.154681 0
-0.500990 0.186223 0.272584 0
-0.132894 0.075805 -0.257648 0
-0.151354 0.131103 -0.390697 0
0.007260 -0.321135 0.091890 0
-0.035914 -0.112318 -0.007921 0
0.051069 -0.097297 0.137009 0
0.073309 -0.774399 0.023204 0
0.078324 -0.687765 0.066983 0
0.153779 -0.035516 0.009382 0
0.081585 0.113934 -0.319265 0
-0.091648 -0.071825 -0.117367 0
-0.146374 0.050206 0.219142 0
-0.039675 0.037686 -0.197708 0
0.117917 -0.145236 0.066241 0
0.656775 0.190638 -0.118092 0
0.087647 0.161025 -0.299269 0
0.039735 -0.214584 0.103787 0
0.701721 0.253328 -0.107474 0
-0.145598 0.052926 -0.256916 0
0.058005 -0.202279 0.069455 0
0.053134 -0.865020 0.020719 0
0.264436 0.062283 -0.079817 0
-0.078921 0.142685 -0.483001 0
-0.662592 0.212080 0.437070 0
0.049843 -0.689089 0.009273 0
-0.106222 -0.044445 -0.143812 0
0.045082 0.014910 0.256628 0
0.060969 -0.009754 -0.163052 0
0.615665 0.245476 -0.099683 0
-0.471339 0.185728 0.273169 0
0.024118 0.143298 -0.328753 0
-0.076791 0.064703 -0.244658 0
-0.225931 0.012898 -0.209599 0
0.060939 -0.020197 0.074542 0
0.220041 0.032952 -0.058607 0
0.056583 -0.662212 0.031150 0
-0.160341 0.168735 -0.419263 0
0.060655 -0.611203 0.063155 0
0.073492 0.151699 -0.366460 0
0.080230 -0.950268 0.031201 0
0.366333 0.135562 -0.052975 0
0.093549 -0.901043 0.020182 0
0.087340 -0.980250 0.024640 0
0.264535 0.073524 -0.042740 0
0.134802 0.073725 0.172574 0
0.064778 0.107380 -0.281139 0
-0.389747 0.166974 0.319212 0
-0.439527 0.189047 0.372573 0
-0.077342 0.176532 -0.358494 0
0.334347 0.112197 -0.056226 0
0.086409 -0.249511 0.064475 0
-0.044665 -0.198364 0.119617 0
0.287543 0.063755 -0.081190 0
0.079885 -0.913208 -0.017669 0
0.513302 0.215647 -0.081571 0
0.092457 0.040348 0.281999 0
-0.451366 0.179870 0.444592 0
0.036286 -0.361078 0.093301 0
-0.238499 0.075400 0.218919 0
0.149788 -0.099294 0.029567 0
0.011210 -0.122572 0.072731 0
-0.164833 0.077220 -0.307626 0
-0.005606 -0.063048 -0.044109 0
0.103561 0.079199 0.316336 0
0.045937 -0.250776 0.073781 0
-0.423092 0.164287 0.345071 0
-0.145459 -0.023531 0.110270 0
-0.038120 0.119796 -0.293529 0
-0.035063 0.060178 -0.211933 0
0.288493 0.089219 -0.032045 0
0.150414 0.125849 0.281924 0
-0.100443 0.189976 -0.328687 0
-0.201444 0.079195 -0.365140 0
0.614088 0.149950 -0.070116 0
-0.244981 0.085424 0.199208 0
0.110663 0.053290 0.295218 0
-0.190763 0.060638 -0.247006 0
0.390221 0.101788 -0.081505 0
-0.302000 0.078105 0.394249 0
-0.026492 0.148209 -0.324161 0
0.072861 0.003976 0.093843 0
0.016237 -0.224262 0.017436 0
-0.094853 0.164728 -0.484655 0
-0.218493 0.057369 -0.282325 0
-0.117123 -0.045514 -0.093534 0
-0.290241 0.110485 0.221291 0
-0.112874 -0.012207 -0.183646 0
-0.417321 0.155907 0.244598 0
-0.059757 0.086337 -0.337647 0
0.040503 -0.472941 0.066849 0
0.030835 0.042284 -0.253575 0
0.073742 -0.499756 0.055357 0
-0.071814 0.087575 -0.260059 0
-0.006689 -0.211645 0.004831 0
0.500733 0.080329 -0.109723 0
-0.029712 -0.069906 0.160887 0
0.058832 -0.788361 0.000885 0
0.513383 0.150685 -0.117267 0
-0.552331 0.199872 0.420493 0
0.401900 0.066000 -0.117495 0
-0.373423 0.144456 0.347038 0
0.107563 0.083187 0.254512 0
0.488781 0.212149 0.025638 0
-0.165318 0.061886 0.255834 0
-0.033615 -0.083509 -0.019635 0
-0.260377 0.000529 -0.241565 0
-0.160385 0.099789 -0.336669 0
0.251749 0.035898 0.075711 0
0.042237 0.063301 -0.305020 0
0.404937 0.165887 -0.006670 0
0.111124 0.039515 0.171016 0
-0.563581 0.220318 0.352696 0
-0.227258 0.048897 0.145060 0
0.012796 -0.272488 0.056220 0
0.067800 -0.123260 0.133063 0
0.186896 0.133545 0.342348 0
0.087147 -0.762743 0.005720 0
-0.171815 -0.032640 -0.141902 0
-0.526931 0.201252 0.469854 0
-0.399161 0.105718 0.201934 0
0.014907 -0.250861 0.054209 0
0.638684 0.257226 -0.061376 0
0.193457 -0.010403 0.018476 0
-0.188866 0.108295 -0.392000 0
-0.177325 0.204202 -0.442439 0
-0.641187 0.212912 0.490298 0
-0.343989 0.089058 0.184091 0
-0.287936 0.059734 0.186990 0
-0.165006 -0.012682 0.099416 0
-0.003745 -0.160691 -0.029007 0
-0.060644 0.128904 -0.380992 0
0.015274 -0.311698 0.070666 0
0.475207 0.090674 -0.080700 0
-0.036848 -0.077031 -0.079770 0
-0.191529 0.164807 -0.433330 0
-0.006565 -0.275689 0.080711 0
-0.088258 -0.040304 -0.158182 0
0.036568 0.117339 -0.293959 0
0.074081 -0.637769 0.048493 0
0.384661 0.143176 -0.036792 0
-0.628429 0.164995 0.570729 0
0.166012 -0.094289 0.050896 0
-0.183516 -0.004083 -0.162780 0
0.036644 -0.361583 0.056660 0
-0.101230 0.131080 -0.356976 0
0.307134 0.088348 0.080730 0
0.143176 -0.073978 0.056867 0
-0.063331 0.025826 0.209492 0
-0.149912 0.192275 -0.418350 0
0.052177 -0.800867 0.018342 0
-0.239845 0.040860 0.129756 0
0.188088 0.014166 -0.055241 0
-0.239322 0.051265 0.183065 0
0.588250 0.127547 -0.072566 0
-0.121507 0.027317 0.195239 0
0.349933 0.118647 0.032620 0
0.154445 0.135805 0.322355 0
-0.032124 -0.009320 0.192508 0
0.334054 0.124561 -0.019220 0
0.351013 0.142243 0.030801 0
0.597094 0.204849 -0.075136 0
0.289006 0.051163 0.064340 0
0.031521 -0.316739 0.108407 0
0.476171 0.166233 -0.070739 0
0.613083 0.190842 -0.078732 0
-0.430339 0.169391 0.379622 0
-0.470015 0.200017 0.345930 0
0.092003 0.001254 0.194246 0
0.118230 0.061953 0.159178 0
-0.127129 0.031280 -0.227641 0
-0.424910 0.141157 0.496936 0
-0.418132 0.173422 0.414824 0
-0.033309 -0.046682 -0.130728 0
0.676355 0.270522 -0.049269 0
0.061067 -0.550548 0.019585 0
-0.025444 -0.086707 0.132529 0
0.048193 -0.771310 -0.003715 0
0.191370 0.022680 -0.030559 0
0.262741 0.074942 0.005210 0
0.080590 -0.965194 -0.025956 0
0.090154 -0.046863 0.181105 0
-0.239114 0.078077 -0.268426 0
0.079981 0.130615 -0.270520 0
0.076348 -0.661380 0.046697 0
0.059705 -0.136715 0.148925 0
-0.164616 0.183909 -0.477113 0
0.079585 0.163024 -0.334151 0
0.118464 0.104502 0.231651 0
0.062507 -0.737755 0.005003 0
-0.404681 0.107849 0.478830 0
-0.075358 0.192022 -0.424321 0
0.011903 0.083215 -0.253691 0
0.562744 0.241937 -0.058311 0
0.056049 -0.984767 -0.009100 0
0.628208 0.201748 -0.122600 0
0.039139 -0.004975 -0.151031 0
0.073792 -0.160521 0.139417 0
0.697315 0.191994 -0.054708 0
0.011343 -0.122317 -0.040001 0
-0.145632 0.203716 -0.583618 0
0.047955 -0.460764 0.045496 0
0.531508 0.236196 0.013849 0
-0.271918 0.091938 -0.319052 0
0.011013 -0.112815 0.112133 0
-0.132152 0.179411 -0.445509 0
-0.059679 -0.118457 -0.110718 0
-0.259269 0.056613 0.362425 0
0.121738 -0.173349 0.032763 0
-0.483037 0.187889 0.419665 0
-0.033317 0.066582 -0.256296 0
-0.045954 -0.162053 0.129310 0
-0.238074 0.089804 0.282473 0
0.659011 0.214101 -0.070195 0
-0.045525 -0.003132 -0.070830 0
-0.034785 -0.018149 -0.107112 0
0.049020 -0.086474 0.170650 0
-0.193264 0.099467 -0.350937 0
-0.467468 0.163249 0.518572 0
-0.179703 0.093184 -0.365704 0
-0.073819 -0.078163 -0.099642 0
0.113413 -0.199178 0.042487 0
0.037376 -0.197003 0.094787 0
0.388425 0.091473 -0.107643 0
0.597318 0.104823 -0.106048 0
-0.293448 0.123250 0.294624 0
0.113852 0.063392 0.206388 0
-0.332710 0.117561 0.391298 0
-0.147328 0.007901 0.178827 0
-0.017945 -0.150375 -0.006818 0
-0.058552 -0.141986 -0.011392 0
0.641080 0.239465 -0.119226 0
0.625731 0.240878 -0.069673 0
0.046342 -0.010065 -0.182135 0
0.087540 -0.738011 -0.006482 0
-0.202226 0.064703 0.294416 0
-0.074443 -0.057451 -0.130777 0
0.644462 0.205082 -0.111296 0
0.038703 -0.811828 0.002366 0
-0.216047 0.182474 -0.478782 0
-0.180941 0.044397 -0.267847 0
-0.006415 -0.210811 -0.016770 0
0.062793 -0.884556 -0.028562 0
0.090285 -0.611883 0.050620 0
-0.385993 0.161900 0.380351 0
0.018219 -0.364272 0.047484 0
-0.059583 -0.196858 0.102795 0
-0.012199 -0.149781 -0.046762 0
-0.227237 -0.019247 -0.170351 0
0.492628 0.186214 -0.102777 0
-0.000768 0.058134 -0.227326 0
0.374190 0.140584 0.006606 0
0.349151 0.113266 -0.080981 0
-0.084421 -0.127712 0.093664 0
-0.126516 0.219072 -0.441093 0
0.052497 -0.347221 0.090276 0
0.086765 -0.274028 0.056664 0
-0.114452 -0.031612 -0.118592 0
-0.177981 0.064366 0.216537 0
-0.231008 0.110885 -0.366925 0
-0.145763 0.027917 0.291888 0
-0.277244 0.015555 -0.255392 0
-0.030233 -0.011876 -0.148335 0
0.564465 0.190902 -0.106488 0
0.046946 -0.161185 0.073523 0
-0.213197 -0.023887 -0.148904 0
-0.187536 0.004168 0.120597 0
0.032188 0.054393 -0.271998 0
-0.202015 0.075660 -0.260948 0
0.065504 -0.112850 0.166176 0
0.418713 0.142052 0.035889 0
-0.102646 -0.049698 0.145210 0
0.601104 0.164754 -0.120458 0
0.225060 0.013949 -0.081502 0
-0.224611 0.068865 0.231475 0
0.097773 -0.864323 0.026895 0
-0.244156 0.074637 -0.368706 0
0.398865 0.170107 0.032037 0
0.140139 0.135158 0.247713 0
-0.094235 0.267005 -0.561311 0
0.534421 0.228231 -0.023868 0
0.011525 -0.022363 -0.131054 0
-0.126353 0.254813 -0.520702 0
-0.211363 0.038530 -0.221152 0
0.012265 -0.273366 0.094281 0
0.433998 0.169796 0.011268 0
-0.005605 0.051048 -0.207421 0
-0.293250 0.110635 0.328853 0
-0.204405 0.037056 0.172768 0
0.318716 0.113294 0.054603 0
-0.070738 -0.145911 0.092298 0
0.121467 0.103744 0.305020 0
-0.303376 0.019359 -0.289921 0
-0.117720 0.190178 -0.533149 0
-0.185494 0.035975 0.158165 0
-0.175122 0.205923 -0.521021 0
0.067380 -0.527058 0.078099 0
-0.442855 0.161836 0.494039 0
-0.357818 0.072162 0.174332 0
0.036919 -0.247898 0.102593 0
-0.584163 0.226418 0.444889 0
-0.019801 0.053523 -0.240329 0
0.035832 0.078986 -0.221822 0
-0.485317 0.177103 0.344839 0
0.577330 0.222799 -0.114930 0
-0.315542 0.115169 0.281504 0
0.069894 -0.271421 0.121596 0
-0.080532 0.029368 -0.217255 0
-0.042910 0.168363 -0.382118 0
0.275767 0.063527 0.042963 0
-0.148576 0.109884 -0.323903 0
0.191350 0.162192 0.333210 0
-0.145189 -0.003945 -0.162104 0
-0.022231 -0.124654 -0.058496 0
-0.270775 0.096289 -0.357927 0
-0.565880 0.227023 0.418487 0
0.260521 0.056292 0.021047 0
0.522781 0.217192 -0.047283 0
0.036588 -0.023746 -0.194443 0
-0.326869 0.128057 0.345159 0
0.362063 0.118667 0.087716 0
-0.026617 -0.186858 -0.024018 0
0.046117 -0.156143 0.100845 0
-0.001739 -0.006066 -0.169433 0
-0.089050 -0.038759 -0.106729 0
-0.202036 0.023099 0.147002 0
-0.224861 0.018467 0.132696 0
0.015216 0.003066 -0.206452 0
-0.188871 0.115594 -0.366613 0
0.710580 0.261252 -0.036226 0
-0.017543 -0.143300 -0.077094 0
0.546396 0.258803 -0.020010 0
-0.439405 0.155217 0.307296 0
0.092121 0.041670 0.257254 0
-0.286599 0.042344 -0.280378 0
-0.604142 0.189099 0.545786 0
-0.505884 0.209574 0.335602 0
0.437358 0.152673 -0.070173 0
-0.013254 -0.221056 0.126825 0
-0.101325 0.252494 -0.495077 0
0.458365 0.183950 -0.049930 0
0.161657 0.140661 0.270462 0
-0.286902 -0.008397 -0.270088 0
-0.256240 0.051877 0.331301 0
-0.025127 -0.097633 -0.056004 0
-0.019103 -0.100507 0.057819 0
-0.244731 0.067718 0.167576 0
-0.021271 -0.213562 0.108180 0
0.158084 -0.130695 0.046221 0
-0.102043 0.069117 -0.280337 0
-0.394561 0.131304 0.429103 0
0.448728 0.143686 -0.096641 0
-0.145818 0.093867 -0.294669 0
-0.213132 0.003832 0.118798 0
-0.034741 -0.069397 -0.134116 0
0.528148 0.163737 -0.080586 0
0.080385 0.011276 0.212562 0
0.022375 -0.026239 -0.148028 0
-0.047587 0.095044 -0.319591 0
-0.003199 -0.088015 0.054893 0
-0.528996 0.218410 0.368634 0
-0.271263 0.102305 0.219784 0
-0.297262 0.069293 -0.347302 0
0.286472 0.077930 -0.047066 0
-0.188614 0.027837 -0.230635 0
0.404075 0.122399 -0.090906 0
0.098025 -0.087981 0.160972 0
0.078794 0.027151 0.067859 0
-0.106526 0.082337 -0.301773 0
0.278519 0.060904 0.076644 0
-0.188171 -0.022312 -0.157522 0
0.021532 -0.074473 0.018114 0
0.613432 0.214996 -0.110405 0
-0.597648 0.206379 0.470443 0
-0.083270 0.031427 0.213149 0
-0.058313 -0.134122 -0.079981 0
-0.244685 0.028842 -0.242871 0
-0.096703 0.047989 -0.246787 0
-0.006287 -0.040397 0.162243 0
0.006914 -0.222170 -0.002847 0
-0.245104 0.051827 -0.233948 0
-0.100177 0.144946 -0.378754 0
-0.132229 0.065782 -0.282013 0
0.415008 0.126259 -0.106448 0
-0.499630 0.208728 0.393923 0
0.077310 0.075686 0.082236 0
-0.243203 0.035731 0.160667 0
0.077110 -0.564942 0.032828 0
0.063734 -0.676633 0.007093 0
-0.017493 -0.088104 0.008712 0
-0.355466 0.123937 0.416497 0
-0.008175 -0.019505 0.188909 0
-0.150598 0.041377 0.193671 0
0.260658 0.054054 -0.017872 0
0.041118 -0.560323 0.030464 0
-0.242482 0.034505 -0.224266 0
0.168270 -0.035397 0.041933 0
-0.345166 0.134036 0.364683 0
0.053425 -0.499798 0.079332 0
-0.259137 0.066768 -0.267370 0
-0.504048 0.200132 0.295207 0
-0.331965 0.108795 0.200544 0
0.066373 -0.896612 0.038442 0
0.077399 -0.475020 0.080762 0
-0.092942 0.170783 -0.367096 0
0.082033 -0.070995 0.154394 0
-0.597451 0.179150 0.560835 0
0.391994 0.118738 -0.073808 0
-0.565958 0.201818 0.433117 0
-0.351057 0.149423 0.306024 0
-0.263379 0.039932 0.168372 0
-0.000535 -0.010023 -0.144757 0
-0.527650 0.198956 0.431891 0
0.204834 -0.008271 0.058853 0
-0.183448 0.234751 -0.564809 0
0.068079 -0.714240 -0.003405 0
0.000490 -0.247999 0.031655 0
0.351459 0.103176 -0.057930 0
-0.075407 0.102926 -0.320129 0
-0.118440 0.029848 0.244665 0
-0.244572 0.111403 -0.346020 0
-0.118039 0.071237 -0.247410 0
0.053503 -0.014837 0.225304 0
0.274335 0.066066 -0.006316 0
-0.185810 0.188110 -0.435066 0
0.306933 0.051479 -0.106243 0
-0.105095 0.152694 -0.497165 0
0.306042 0.102581 -0.006345 0
-0.191586 0.170899 -0.465546 0
0.012838 -0.086551 0.090476 0
0.036941 0.077793 -0.270235 0
0.065939 -0.836971 -0.019308 0
0.062187 -0.286132 0.054662 0
0.639293 0.276477 -0.043506 0
-0.097220 0.197134 -0.410058 0
0.095968 0.085220 0.294629 0
0.601464 0.203528 -0.123680 0
0.613769 0.239944 -0.117270 0
-0.228166 0.070981 0.321573 0
0.090543 0.002828 0.146006 0
0.049360 -0.951568 -0.006980 0
0.474921 0.200749 -0.080205 0
0.050428 -0.374232 0.055946 0
-0.613107 0.218432 0.486225 0
-0.085388 -0.109243 0.119861 0
0.051963 -0.082529 0.151443 0
-0.047842 -0.182177 0.139401 0
0.431034 0.179962 -0.058980 0
-0.212953 0.086045 -0.346210 0
-0.175109 0.114432 -0.334117 0
0.531666 0.153010 -0.118722 0
-0.004811 -0.186198 0.004873 0
-0.131477 -0.015066 0.148663 0
-0.130767 0.237607 -0.594463 0
0.362396 0.065415 -0.111392 0
0.150759 0.126428 0.306873 0
-0.038259 -0.059880 -0.069087 0
-0.127028 0.240647 -0.558064 0
-0.510020 0.181782 0.525349 0
-0.262866 0.106723 0.255414 0
0.136880 0.086303 0.185919 0
0.125402 -0.099076 0.031237 0
-0.004181 -0.284242 0.104370 0
-0.284872 0.073377 -0.332609 0
-0.130525 -0.037174 -0.107698 0
0.431184 0.182653 0.034480 0
0.060518 -0.135578 0.121468 0
0.432370 0.126733 -0.079168 0
0.412428 0.154668 -0.046132 0
0.009805 -0.189232 0.116811 0
-0.179945 0.201763 -0.469081 0
0.043673 -0.512980 0.056636 0
-0.064253 -0.049241 -0.146571 0
-0.051651 0.002219 0.204648 0
0.074579 -0.603351 0.076716 0
-0.100219 0.187998 -0.386427 0
-0.244618 0.092776 0.230670 0
-0.164426 0.026589 -0.233815 0
-0.111766 0.015396 0.205915 0
0.040915 -0.210447 0.130096 0
-0.583388 0.207300 0.458151 0
0.108268 -0.172577 0.058077 0
-0.164223 0.215153 -0.570221 0
-0.498372 0.187812 0.494195 0
0.062921 -0.323930 0.055308 0
-0.489987 0.189518 0.445116 0
-0.581462 0.222249 0.361841 0
0.264674 0.077016 -0.017792 0
-0.145831 -0.035126 -0.118260 0
-0.277580 0.040298 -0.257663 0
0.066883 0.117113 -0.342547 0
0.050048 -0.022740 0.094288 0
-0.257919 0.019489 0.147275 0
0.081179 0.014889 0.231631 0
-0.063175 -0.072021 0.002676 0
-0.304659 0.079918 0.216219 0
-0.617337 0.229618 0.406047 0
0.046430 0.064264 -0.258622 0
0.108609 0.049906 0.246434 0
-0.202064 0.079997 -0.332829 0
0.467265 0.185848 -0.089703 0
0.079218 -0.066939 0.176705 0
0.432256 0.090455 -0.083745 0
0.036683 -0.073394 0.094872 0
-0.426759 0.182511 0.345687 0
0.502943 0.224033 -0.068260 0
0.128298 0.099178 0.284632 0
-0.133982 -0.024283 0.172108 0
-0.453373 0.177260 0.373532 0
0.463527 0.152389 -0.080979 0
-0.072747 0.108787 -0.402680 0
0.100226 -0.952170 0.005737 0
-0.048815 -0.055557 -0.042927 0
0.462234 0.205345 0.018415 0
-0.327680 0.076710 0.173951 0
-0.019921 -0.070854 -0.082204 0
-0.151736 0.223997 -0.459666 0
0.047947 -0.901290 -0.007079 0
0.180634 -0.009808 0.031337 0
-0.616283 0.229807 0.445332 0
0.148318 0.099866 0.199958 0
-0.140263 0.224174 -0.573606 0
-0.037283 -0.138372 -0.032632 0
-0.090645 0.094783 -0.304637 0
-0.173049 0.039343 0.287099 0
-0.388422 0.169016 0.342951 0
0.498592 0.179684 -0.068028 0
0.039594 -0.305612 0.037872 0
-0.198956 0.030558 0.126424 0
0.232514 0.026486 0.005930 0
-0.480085 0.174667 0.306585 0
0.337061 0.063484 -0.118665 0
-0.032598 0.090452 -0.281589 0
0.564607 0.114780 -0.109730 0
-0.145784 0.015619 -0.217179 0
0.512957 0.236066 0.007110 0
-0.516384 0.186332 0.368982 0
0.671267 0.165174 -0.056352 0
-0.005595 -0.090473 0.137098 0
-0.132803 0.015293 -0.182186 0
