-0.494667 -0.430231 -0.001810 0
0.695616 -0.653105 0.299285 0
0.243486 0.267790 0.005510 0
-0.296600 0.104622 -0.468364 0
-0.297741 0.098463 0.147249 0
0.495014 -0.148399 0.255428 0
-0.064465 0.322368 -0.233107 0
0.522947 0.197115 0.199033 0
-0.003560 0.186584 0.174688 0
-0.511387 -0.731214 -0.040677 0
-0.450550 -0.153928 0.106661 0
0.605848 -0.396352 0.278528 0
0.296788 0.092052 0.180076 0
-0.148828 0.175411 -0.348791 0
0.067801 0.317910 -0.079598 0
0.466159 0.018997 0.175106 0
-0.153492 0.169959 0.090397 0
-0.372872 -0.010048 0.040294 0
0.157471 0.168735 0.142033 0
-0.483990 -0.585974 0.003800 0
-0.463441 -0.280843 0.012820 0
0.551476 -0.275014 0.237428 0
0.638223 -0.529157 0.283898 0
0.316263 0.176710 0.074812 0
-0.363064 -0.004243 -0.507396 0
0.047327 0.344904 -0.194818 0
0.536318 0.087819 0.229945 0
-0.133652 0.277671 -0.308514 0
0.519342 -0.039635 0.248762 0
-0.417460 -0.107868 0.014877 0
-0.237280 0.174302 -0.411747 0
0.171516 0.302542 -0.066298 0
0.435046 -0.072595 0.204833 0
0.387872 0.070480 0.140741 0
-0.413116 -0.056344 0.118526 0
-0.240690 0.128485 0.067220 0
-0.368993 0.029714 0.128972 0
-0.478781 -0.360887 0.064425 0
-0.098470 0.184967 0.168381 0
-0.215656 0.143563 0.158639 0
-0.307486 0.060604 0.061611 0
0.073941 0.196802 0.124328 0
0.238493 0.217887 0.077891 0
0.480143 0.122459 0.172062 0
-0.448130 -0.196627 0.028096 0
-0.494715 -0.504784 0.040621 0
0.226120 0.153656 0.190707 0
0.513050 -0.096927 0.186542 0
-0.248390 0.088905 -0.403074 0
0.163526 0.262166 0.008216 0
0.387968 0.013423 0.196790 0
-0.458809 -0.251816 0.086796 0
-0.054803 0.278414 -0.298273 0
-0.049583 0.179789 0.107323 0
0.548190 -0.193670 0.220912 0
-0.506485 -0.654618 -0.024988 0
-0.315356 0.032652 -0.453642 0
0.335860 0.120855 0.122008 0
-0.017630 0.318745 -0.171355 0
-0.188307 0.237341 -0.348590 0
0.095554 0.323463 -0.145933 0
0.004119 0.334993 -0.249589 0
0.578143 -0.332573 0.267230 0
0.662087 -0.591896 0.302217 0
0.618529 -0.463692 0.271914 0
0.100056 0.181559 0.185777 0
-0.101595 0.220780 -0.329528 0
-0.198923 0.134470 -0.372070 0
0.514163 0.025123 0.224752 0
0.115285 0.302820 -0.032663 0
-0.417540 -0.055841 0.054765 0
0.031273 0.328114 -0.130307 0
0.350756 0.064990 0.197267 0
-0.486909 -0.422769 0.059114 0
0.482374 -0.044651 0.174263 0
-0.159973 0.166222 0.152629 0
0.013929 0.188993 0.118764 0
-0.437042 -0.108687 0.072045 0
-0.330274 0.046389 -0.508240 0
0.524622 0.139226 0.205537 0
-0.492202 -0.373400 0.008645 0
0.499105 0.070713 0.188485 0
-0.504621 -0.534142 -0.009692 0
0.124010 0.315383 -0.095414 0
-0.188633 0.197208 -0.389264 0
0.253737 0.116499 0.152070 0
0.516965 -0.232806 0.252609 0
-0.104968 0.298927 -0.263843 0
-0.389863 -0.009968 0.095442 0
-0.250789 0.129913 -0.443021 0
0.501479 -0.093432 0.247683 0
0.279030 0.222586 0.039736 0
-0.467472 -0.303537 0.063444 0
0.428616 -0.021447 0.180297 0
-0.251879 0.119997 0.124052 0
-0.327045 0.066817 0.112615 0
0.205405 0.240180 0.040090 0
0.269271 0.180681 0.103849 0
0.472331 -0.124302 0.210553 0
-0.352990 0.032309 0.077343 0
0.523526 -0.147708 0.206895 0
0.204019 0.284747 -0.025955 0
-0.203046 0.146321 0.107036 0
-0.466725 -0.198755 0.077580 0
-0.272174 0.059848 -0.440359 0
-0.101691 0.176673 0.096917 0
0.048261 0.180153 0.174893 0
0.205657 0.147979 0.143141 0
-0.286295 0.093774 0.095587 0
-0.140910 0.222654 -0.362297 0
-0.435373 -0.147412 0.038245 0
0.177809 0.170967 0.186789 0
-0.050572 0.191007 0.158980 0
0.412758 0.030440 0.157947 0
-0.484653 -0.326549 0.020218 0
0.336849 0.081570 0.150015 0
-0.027175 0.313195 -0.278771 0
0.491771 -0.015340 0.211025 0
-0.463437 -0.240438 0.038655 0
-0.507555 -0.484140 -0.000086 0
0.296930 0.149223 0.122814 0
-0.090591 0.266810 -0.324179 0
0.505029 -0.188397 0.235974 0
-0.212426 0.135249 -0.415420 0
0.492592 -0.061289 0.216953 0
0.273341 0.128460 0.190874 0
-0.433939 -0.095520 0.116493 0
0.117029 0.185855 0.135555 0
0.158940 0.291912 -0.025130 0
0.495584 0.162660 0.178599 0
-0.491992 -0.460271 0.037630 0
0.370451 0.040032 0.167687 0
0.004097 0.336333 -0.204161 0
-0.320235 0.070881 -0.475438 0
0.556860 -0.235150 0.227078 0
-0.503667 -0.614576 -0.020225 0
-0.125143 0.173852 0.129517 0
-0.153108 0.257711 -0.336579 0
0.660926 -0.630249 0.292832 0
0.370433 0.102173 0.124488 0
0.059626 0.336712 -0.158354 0
-0.274635 0.099343 -0.430381 0
-0.039516 0.327454 -0.203301 0
0.203926 0.263879 0.009020 0
-0.346430 0.019433 -0.481265 0
0.583550 -0.372572 0.257250 0
-0.504647 -0.402535 0.030865 0
-0.173808 0.163369 -0.377847 0
0.529634 -0.001379 0.247450 0
0.272283 0.201704 0.070935 0
-0.064501 0.305820 -0.273958 0
0.018942 0.333932 -0.169519 0
0.134710 0.180151 0.169898 0
-0.453627 -0.165206 0.066954 0
-0.021018 0.192102 0.135880 0
-0.079425 0.183534 0.129512 0
0.329963 0.151134 0.101006 0
-0.485978 -0.538949 0.022104 0
0.066052 0.329234 -0.117913 0
0.246637 0.239757 0.035286 0
0.640263 -0.489384 0.286558 0
0.513996 0.105363 0.196290 0
-0.328954 0.009027 -0.511650 0
-0.482694 -0.270657 0.059415 0
0.469072 0.059528 0.171208 0
-0.227988 0.112246 -0.384242 0
-0.428216 -0.072556 0.089056 0
0.105299 0.319239 -0.064861 0
0.558643 -0.309068 0.246721 0
-0.510807 -0.568979 -0.016166 0
0.612696 -0.429331 0.263832 0
0.652727 -0.557568 0.301096 0
0.491443 0.030552 0.197257 0
0.468479 -0.084234 0.202254 0
0.533774 0.053122 0.236600 0
-0.090494 0.288755 -0.296449 0
-0.202797 0.168873 -0.406284 0
-0.401836 -0.026603 0.066511 0
-0.029409 0.325876 -0.244682 0
-0.171058 0.157207 0.117952 0
0.491839 -0.159217 0.216298 0
0.080655 0.188706 0.157639 0
-0.285058 0.133140 -0.437973 0
-0.268538 0.104398 0.067631 0
-0.428845 -0.091127 0.043277 0
-0.119992 0.197605 -0.350955 0
0.025017 0.193248 0.153027 0
-0.387086 -0.004501 0.129055 0
0.438577 -0.038323 0.208110 0
-0.476291 -0.426183 0.027026 0
-0.494061 -0.321432 0.052596 0
-0.118621 0.250150 -0.332219 0
-0.504089 -0.687614 -0.030137 0
-0.449590 -0.267359 0.055953 0
-0.350049 0.056102 0.133977 0
-0.375392 0.008859 0.066947 0
-0.164895 0.197826 -0.366728 0
0.494963 -0.101940 0.216283 0
-0.207845 0.213483 -0.369201 0
-0.245646 0.122334 -0.412261 0
0.323050 0.072190 0.182884 0
0.413716 -0.004071 0.204089 0
-0.220955 0.196609 -0.395780 0
0.521472 -0.213258 0.224641 0
-0.313289 0.031117 -0.485376 0
0.023448 0.347091 -0.226953 0
-0.482185 -0.390126 0.049546 0
0.134269 0.307389 -0.060255 0
-0.269670 0.112739 0.150090 0
0.406589 0.002749 0.171729 0
0.094006 0.322816 -0.101429 0
0.470171 -0.015679 0.173848 0
-0.493591 -0.510713 0.009078 0
-0.223150 0.135437 0.129449 0
0.233235 0.130164 0.171590 0
0.498462 -0.130570 0.227885 0
-0.507808 -0.436066 0.025737 0
-0.399832 -0.039217 0.095506 0
-0.369553 0.018761 0.100100 0
-0.256418 0.156999 -0.428696 0
0.374936 0.046215 0.201207 0
-0.330605 0.057617 0.083494 0
0.482063 0.091033 0.172962 0
-0.296659 0.059922 -0.458920 0
-0.491590 -0.355718 0.037024 0
-0.189512 0.154051 0.146659 0
-0.445169 -0.118727 0.099719 0
-0.182550 0.161982 0.085896 0
-0.081653 0.239331 -0.314782 0
0.530811 0.168737 0.209143 0
-0.478628 -0.293238 0.037149 0
0.299486 0.167097 0.098205 0
0.516089 0.060974 0.211537 0
0.151686 0.304888 -0.088933 0
-0.306255 0.087768 0.118878 0
-0.350626 0.042546 0.107090 0
-0.230453 0.133575 0.095029 0
0.462665 -0.055208 0.194063 0
0.495907 -0.073338 0.180643 0
0.299069 0.206788 0.059182 0
-0.513671 -0.484957 0.028940 0
-0.127099 0.178758 0.164355 0
-0.454741 -0.222764 0.090248 0
-0.444308 -0.136694 0.066312 0
-0.464471 -0.280582 0.084120 0
-0.257567 0.115579 0.095509 0
0.537161 0.116636 0.224537 0
-0.338333 0.047893 -0.476746 0
-0.332031 0.037745 0.057648 0
0.117197 0.313503 -0.123789 0
-0.481874 -0.474106 0.013955 0
-0.470343 -0.224104 0.063635 0
0.674314 -0.671308 0.307298 0
0.198026 0.157413 0.169622 0
0.281127 0.101583 0.157570 0
0.053825 0.191143 0.146907 0
0.535257 -0.251386 0.239029 0
-0.452164 -0.182047 0.101160 0
-0.436054 -0.119361 0.043566 0
0.504664 0.133863 0.185866 0
-0.492655 -0.402612 0.004793 0
-0.287864 0.083804 0.068126 0
0.344213 0.058565 0.170180 0
-0.277927 0.106038 0.124000 0
-0.507758 -0.454370 0.004134 0
-0.280202 0.082664 -0.458165 0
-0.216746 0.145344 0.073686 0
0.515613 -0.066994 0.252976 0
-0.084731 0.313883 -0.250085 0
-0.472199 -0.332955 0.065031 0
0.230905 0.136672 0.143109 0
0.177331 0.280727 -0.007760 0
-0.247209 0.100348 -0.433664 0
0.253142 0.221110 0.054734 0
-0.245424 0.125527 0.150939 0
0.500561 -0.033772 0.229218 0
0.478875 0.002283 0.194595 0
0.192532 0.293373 -0.049175 0
-0.492185 -0.556686 0.002341 0
0.509486 -0.124837 0.202054 0
-0.129463 0.221001 -0.337660 0
0.524005 -0.177686 0.219795 0
0.412664 -0.038020 0.194665 0
0.184005 0.250426 0.021502 0
-0.400396 -0.032843 0.122368 0
0.047600 0.193103 0.119779 0
-0.123597 0.289127 -0.286278 0
-0.306506 0.077064 0.089560 0
-0.161465 0.238928 -0.356591 0
-0.417440 -0.080154 0.021617 0
0.500222 -0.118985 0.255658 0
0.226650 0.251013 0.021564 0
0.363541 0.069898 0.151758 0
0.508072 -0.003869 0.228626 0
-0.227058 0.101335 -0.412632 0
0.220693 0.230223 0.059266 0
-0.177895 0.220633 -0.370063 0
-0.050527 0.188639 0.132690 0
0.005528 0.317467 -0.153892 0
0.670444 -0.575460 0.283696 0
-0.455455 -0.188176 0.054707 0
-0.029543 0.188814 0.174362 0
-0.192264 0.145857 -0.394546 0
0.135395 0.285867 -0.015751 0
0.565551 -0.286244 0.257101 0
0.680334 -0.609343 0.295993 0
0.225729 0.277503 -0.013718 0
-0.011755 0.332939 -0.227040 0
-0.270500 0.076953 -0.418109 0
0.323325 0.106668 0.139609 0
0.313039 0.129009 0.130896 0
-0.447799 -0.220025 0.040816 0
0.318008 0.094631 0.194534 0
0.620053 -0.441721 0.285244 0
0.289999 0.185003 0.082395 0
0.308782 0.084428 0.158672 0
0.482373 -0.038832 0.199286 0
-0.435698 -0.176339 0.037775 0
0.454274 -0.032664 0.184683 0
0.181288 0.160543 0.146547 0
0.393835 0.047332 0.155193 0
0.073392 0.183467 0.181524 0
-0.230383 0.151692 -0.423005 0
-0.453217 -0.289809 0.044535 0
-0.010564 0.184034 0.114086 0
-0.298429 0.043052 -0.437927 0
0.541334 -0.225109 0.244344 0
-0.355675 0.019287 0.055120 0
-0.049765 0.316826 -0.256388 0
0.107930 0.183829 0.158860 0
0.681839 -0.632022 0.306569 0
-0.456129 -0.257572 0.021888 0
-0.400318 -0.039869 0.045326 0
-0.139815 0.192253 -0.365287 0
0.158013 0.171098 0.169248 0
-0.324715 0.079350 0.134058 0
-0.133608 0.174577 0.106085 0
-0.150631 0.166050 0.129147 0
-0.420182 -0.078730 0.066418 0
0.044181 0.318998 -0.111197 0
-0.073884 0.178593 0.102563 0
0.249956 0.139824 0.187101 0
-0.484136 -0.446609 0.013274 0
-0.348954 0.030712 -0.503014 0
0.388330 0.023685 0.172088 0
-0.107729 0.278073 -0.310389 0
-0.277861 0.110798 -0.451910 0
0.531234 0.022981 0.242282 0
0.261934 0.113768 0.175013 0
-0.471515 -0.268582 0.037250 0
-0.072473 0.190005 0.169524 0
0.253657 0.203535 0.090303 0
0.140407 0.302285 -0.037376 0
-0.497118 -0.378573 0.031788 0
0.348177 0.097074 0.135491 0
0.513194 0.175873 0.188119 0
-0.009401 0.323308 -0.266294 0
-0.214473 0.131988 -0.390087 0
0.019432 0.180417 0.174020 0
-0.039290 0.294619 -0.287425 0
0.430256 0.001151 0.170828 0
0.291558 0.112227 0.191426 0
0.358674 0.119777 0.113771 0
-0.230798 0.128980 -0.429806 0
-0.500090 -0.592398 -0.012732 0
0.400413 -0.015277 0.188141 0
-0.073400 0.266904 -0.308014 0
0.585387 -0.349407 0.252529 0
0.468053 -0.102192 0.217385 0
-0.003588 0.193916 0.152392 0
-0.489113 -0.296478 0.057822 0
0.502249 -0.165327 0.238717 0
0.073594 0.332498 -0.140067 0
-0.448373 -0.211758 0.070638 0
-0.457148 -0.244703 0.064611 0
-0.410013 -0.049906 0.077408 0
0.523281 0.088356 0.210632 0
-0.446192 -0.187782 0.077322 0
0.496573 0.007380 0.210313 0
0.356360 0.042678 0.187718 0
0.067414 0.336087 -0.180193 0
-0.505586 -0.510552 -0.010751 0
0.540461 -0.161881 0.213900 0
0.024592 0.341042 -0.192860 0
0.094219 0.193042 0.134821 0
0.254843 0.251046 0.016833 0
0.501232 -0.056587 0.238271 0
-0.303202 0.082146 -0.458516 0
-0.105631 0.180502 0.147048 0
-0.270038 0.131839 -0.456631 0
0.509491 -0.211233 0.250647 0
0.439811 -0.050122 0.187929 0
0.529701 -0.196292 0.237605 0
-0.015219 0.331907 -0.192769 0
-0.484921 -0.481964 0.036830 0
0.136654 0.178640 0.147230 0
-0.465611 -0.303405 0.014164 0
0.215111 0.143410 0.164375 0
-0.139826 0.242700 -0.347194 0
-0.324642 0.052903 -0.459421 0
0.575397 -0.310218 0.265218 0
0.093662 0.327070 -0.123569 0
-0.346856 0.007118 -0.525083 0
0.599209 -0.375172 0.273084 0
-0.098976 0.181027 0.118584 0
-0.435811 -0.096302 0.090493 0
0.492130 -0.084416 0.199554 0
-0.388111 -0.008627 0.073425 0
0.498793 0.110621 0.181130 0
-0.043733 0.327328 -0.227472 0
-0.483987 -0.446396 0.052705 0
0.479136 0.042606 0.183586 0
-0.491227 -0.350324 0.015781 0
-0.392198 -0.013525 0.050025 0
0.371984 0.025324 0.187780 0
0.651210 -0.546555 0.281628 0
0.345062 0.134940 0.105997 0
-0.202606 0.146044 0.131187 0
-0.133499 0.265908 -0.329934 0
-0.189060 0.175526 -0.387930 0
-0.298116 0.117980 -0.449034 0
-0.419732 -0.101948 0.060885 0
0.670449 -0.649350 0.296394 0
0.599775 -0.390622 0.257954 0
-0.450585 -0.147850 0.083704 0
-0.269162 0.121663 -0.428933 0
0.203039 0.160806 0.190337 0
0.084031 0.321115 -0.061938 0
0.576465 -0.321150 0.246574 0
-0.032540 0.188333 0.118113 0
-0.139667 0.172988 0.147955 0
0.599224 -0.412657 0.263205 0
0.157362 0.177594 0.189641 0
0.039428 0.332810 -0.152555 0
-0.162006 0.159808 -0.360397 0
-0.160222 0.213878 -0.380017 0
-0.098756 0.243445 -0.326812 0
-0.380227 0.012736 0.118601 0
0.551633 -0.257659 0.251090 0
-0.214732 0.150772 -0.401101 0
-0.284892 0.076155 -0.435497 0
-0.482455 -0.406152 0.030474 0
-0.306209 0.086133 -0.479963 0
-0.493748 -0.638269 -0.020490 0
-0.327558 0.059544 -0.491734 0
0.457227 -0.068399 0.210624 0
0.513633 -0.021114 0.239997 0
0.168226 0.298299 -0.043012 0
0.265950 0.236088 0.027574 0
0.509142 -0.148281 0.222311 0
-0.141036 0.202062 -0.346662 0
0.446729 -0.089229 0.210437 0
0.507931 0.041599 0.209928 0
0.315024 0.142770 0.114127 0
-0.495422 -0.493855 0.021598 0
0.039625 0.340062 -0.175818 0
0.620894 -0.484184 0.276177 0
0.639199 -0.509831 0.275752 0
0.372772 0.084782 0.138073 0
0.495612 -0.079143 0.233524 0
-0.264965 0.082455 -0.443791 0
-0.473792 -0.257049 0.072611 0
0.554570 -0.213287 0.224356 0
-0.067346 0.188057 0.145950 0
-0.499701 -0.418856 0.042904 0
0.591423 -0.355879 0.271579 0
-0.117893 0.204947 -0.331065 0
0.503411 -0.176856 0.216829 0
0.101826 0.314420 -0.043515 0
-0.486179 -0.343514 0.054008 0
0.559285 -0.257545 0.229539 0
-0.090170 0.303171 -0.277677 0
0.053587 0.330979 -0.135144 0
-0.309453 0.053268 -0.473685 0
0.151563 0.277434 -0.006153 0
-0.501915 -0.470603 0.019980 0
-0.480992 -0.314441 0.038291 0
-0.507548 -0.415395 0.015042 0
0.512788 0.151389 0.192583 0
0.080409 0.327781 -0.158910 0
-0.158695 0.214995 -0.355871 0
-0.243465 0.108351 -0.396942 0
-0.260051 0.105123 -0.417418 0
0.530372 -0.233786 0.229568 0
-0.486100 -0.522332 0.035032 0
0.227283 0.241353 0.041156 0
0.427642 -0.021392 0.205817 0
-0.495328 -0.608197 -0.000936 0
0.612074 -0.421307 0.282447 0
0.481980 -0.061320 0.193175 0
-0.508560 -0.712885 -0.032485 0
-0.417906 -0.074151 0.044699 0
0.488431 -0.136443 0.210581 0
0.318587 0.165786 0.091959 0
0.661556 -0.608643 0.288766 0
0.122863 0.180306 0.186174 0
-0.064273 0.295715 -0.291219 0
-0.332037 0.030527 -0.469172 0
-0.289670 0.093826 -0.443281 0
0.203612 0.276288 -0.006432 0
0.632090 -0.470388 0.284876 0
-0.426524 -0.077678 0.108067 0
-0.457148 -0.165361 0.089984 0
-0.056682 0.320987 -0.210526 0
0.333391 0.082468 0.196549 0
-0.328282 0.024426 -0.499480 0
-0.266342 0.145147 -0.440777 0
-0.458698 -0.313095 0.048744 0
0.019693 0.329092 -0.146986 0
0.152055 0.303361 -0.053077 0
0.325084 0.073662 0.163408 0
0.488896 0.139859 0.176089 0
-0.363013 0.013258 -0.498806 0
-0.188019 0.150591 -0.372174 0
0.535286 0.150802 0.216978 0
0.177471 0.163640 0.165340 0
0.013718 0.194793 0.137303 0
-0.033448 0.320721 -0.186123 0
-0.085115 0.185146 0.153221 0
-0.484649 -0.400787 0.065564 0
-0.409908 -0.055740 0.096427 0
-0.217682 0.184364 -0.410427 0
-0.378703 0.004569 0.089203 0
0.283263 0.169321 0.110861 0
-0.003961 0.331659 -0.175836 0
-0.490947 -0.372903 0.049448 0
0.256239 0.212380 0.072308 0
-0.488855 -0.441442 0.031254 0
-0.064066 0.186783 0.117951 0
-0.227923 0.121825 -0.400966 0
-0.490324 -0.529685 0.005786 0
0.108415 0.317559 -0.083785 0
0.477522 -0.021135 0.193521 0
-0.141590 0.187981 -0.333683 0
-0.443401 -0.152962 0.054679 0
0.088297 0.324204 -0.083264 0
0.055970 0.320016 -0.096215 0
-0.193889 0.222676 -0.359903 0
0.465341 0.040160 0.170715 0
-0.252574 0.082970 -0.420657 0
0.561382 -0.291958 0.238886 0
-0.457901 -0.205902 0.048434 0
0.500531 -0.106474 0.198734 0
-0.028224 0.194771 0.156414 0
-0.159556 0.179666 -0.366059 0
0.073646 0.326960 -0.100717 0
0.652824 -0.574130 0.290481 0
-0.510549 -0.505090 0.020093 0
0.221341 0.268213 0.003112 0
-0.400244 -0.021733 0.107109 0
0.202923 0.253577 0.027039 0
-0.337089 0.054213 0.101164 0
0.510690 0.086258 0.196817 0
0.185616 0.288146 -0.024258 0
-0.021499 0.330638 -0.210427 0
0.005210 0.340938 -0.227740 0
-0.448970 -0.135822 0.111286 0
0.521433 0.047449 0.223378 0
-0.489552 -0.332123 0.037879 0
0.426152 -0.055576 0.199528 0
0.609500 -0.447427 0.269758 0
-0.449699 -0.171220 0.049332 0
-0.186555 0.154779 0.104873 0
0.536586 -0.268516 0.249207 0
0.278696 0.106626 0.178875 0
0.030949 0.195057 0.127854 0
-0.453491 -0.204850 0.095086 0
0.494805 -0.113462 0.238765 0
0.186320 0.269786 0.009009 0
-0.003901 0.193592 0.128854 0
-0.218648 0.136750 0.110115 0
0.036205 0.350081 -0.213846 0
-0.271490 0.105769 0.106623 0
-0.179241 0.212983 -0.386860 0
0.377318 0.054600 0.151136 0
0.514795 -0.194246 0.221403 0
-0.434627 -0.090265 0.066375 0
0.495301 0.053004 0.191981 0
0.134346 0.313332 -0.077685 0
0.391507 0.000811 0.182102 0
-0.420265 -0.106340 0.037528 0
-0.046703 0.309910 -0.275993 0
-0.202148 0.186325 -0.395259 0
-0.448426 -0.125401 0.082961 0
-0.113890 0.265635 -0.323736 0
-0.469415 -0.239969 0.077780 0
-0.477075 -0.286417 0.072295 0
-0.170581 0.163172 0.100740 0
0.517307 0.122998 0.199324 0
-0.291566 0.059611 -0.440831 0
0.526804 0.111321 0.210621 0
-0.166904 0.161182 0.135326 0
-0.123700 0.214940 -0.354274 0
-0.501588 -0.390363 0.014546 0
-0.182449 0.203310 -0.371904 0
-0.315916 0.065980 0.077314 0
-0.466339 -0.298134 0.080697 0
-0.203007 0.152364 0.082872 0
0.570900 -0.337510 0.251372 0
-0.234191 0.128088 0.112106 0
0.337010 0.059945 0.186480 0
-0.488823 -0.418241 0.012557 0
-0.397958 -0.022243 0.083377 0
0.359161 0.053884 0.161690 0
0.451599 -0.072841 0.194331 0
0.306703 0.193177 0.067714 0
-0.113191 0.232922 -0.335383 0
0.640710 -0.511457 0.293389 0
0.520662 -0.114215 0.193210 0
-0.509458 -0.551476 -0.013421 0
0.465585 0.001311 0.171489 0
-0.183808 0.153848 0.129822 0
-0.326257 0.052673 0.067020 0
0.388391 0.030284 0.202271 0
-0.106834 0.293677 -0.289799 0
0.019117 0.344557 -0.209965 0
-0.294254 0.095987 0.128933 0
-0.176913 0.160572 0.157209 0
-0.339873 0.023931 -0.516578 0
-0.258696 0.115063 0.077887 0
-0.494516 -0.468525 0.002953 0
-0.356895 0.043204 0.123586 0
-0.462485 -0.257361 0.047454 0
0.502428 0.024836 0.209815 0
-0.030997 0.321719 -0.263850 0
0.498287 0.087743 0.184109 0
-0.250829 0.117007 -0.429329 0
-0.312209 0.077074 0.106254 0
-0.166931 0.249148 -0.343371 0
-0.230926 0.133730 0.156513 0
-0.146464 0.269962 -0.317620 0
-0.222548 0.163057 -0.410820 0
0.681499 -0.655005 0.309455 0
-0.422628 -0.060376 0.071295 0
-0.298305 0.042051 -0.466251 0
-0.488968 -0.406945 0.049784 0
0.446935 -0.055476 0.205054 0
0.529315 0.073228 0.223477 0
-0.348136 0.037733 -0.487147 0
-0.245412 0.125208 0.083605 0
0.535246 0.133406 0.220496 0
0.485374 0.065374 0.179311 0
-0.117241 0.177967 0.110683 0
0.059513 0.188771 0.164952 0
0.494273 -0.084507 0.216705 0
0.108729 0.322801 -0.111946 0
0.275427 0.191411 0.089049 0
-0.451341 -0.228510 0.073333 0
0.676582 -0.634116 0.286791 0
0.492343 -0.044107 0.216289 0
0.411012 -0.021081 0.201458 0
0.071241 0.192902 0.140841 0
0.127881 0.309256 -0.111054 0
0.094212 0.186049 0.170315 0
0.420356 0.014226 0.166124 0
0.151700 0.307623 -0.072095 0
-0.172038 0.187970 -0.378663 0
-0.476094 -0.321113 0.053172 0
-0.492901 -0.626121 -0.008592 0
0.008125 0.333738 -0.187621 0
-0.313432 0.048278 -0.447208 0
0.240658 0.231691 0.049007 0
0.309300 0.153692 0.101785 0
-0.263349 0.116672 -0.445300 0
-0.327049 0.042181 -0.492103 0
0.668256 -0.614538 0.306740 0
0.494626 -0.131009 0.245065 0
0.275238 0.213707 0.059336 0
-0.358243 0.030580 0.095705 0
-0.504107 -0.453719 0.020644 0
-0.383982 0.001530 0.106372 0
-0.243687 0.100207 -0.417120 0
0.514604 -0.165640 0.226976 0
-0.366105 0.018681 0.083597 0
-0.211637 0.204671 -0.384281 0
0.476235 0.018944 0.188597 0
-0.346278 0.041548 0.089700 0
-0.309054 0.089521 0.135373 0
-0.073006 0.285533 -0.301370 0
-0.372533 0.004967 0.050871 0
-0.237149 0.128529 0.135599 0
-0.405667 -0.045495 0.060513 0
-0.344071 0.053829 0.117600 0
-0.217273 0.142953 0.090685 0
-0.188354 0.161757 -0.397922 0
-0.461828 -0.182815 0.074112 0
-0.321308 0.065944 0.094539 0
0.535963 -0.212351 0.232802 0
0.497125 -0.148229 0.238921 0
-0.286017 0.096900 0.112730 0
0.530207 -0.133587 0.201276 0
-0.340409 0.042099 0.072760 0
0.546123 -0.240878 0.246117 0
0.500941 -0.119731 0.215612 0
-0.248816 0.138977 -0.429320 0
0.673583 -0.591975 0.290333 0
-0.262909 0.098369 -0.447733 0
-0.148186 0.203280 -0.374268 0
-0.472747 -0.240942 0.060759 0
0.039255 0.188766 0.164115 0
-0.229367 0.135891 0.078773 0
-0.027251 0.327454 -0.227625 0
0.350597 0.111530 0.125459 0
-0.336960 0.069585 0.129229 0
0.330292 0.134467 0.113079 0
-0.463019 -0.225820 0.049126 0
-0.466169 -0.284291 0.031592 0
-0.495330 -0.569447 -0.007304 0
0.627504 -0.499459 0.285496 0
0.253062 0.128745 0.175567 0
0.474778 0.075095 0.171670 0
0.226722 0.145506 0.175590 0
-0.193721 0.214527 -0.377222 0
-0.400014 -0.052592 0.109722 0
-0.228473 0.139480 -0.412496 0
-0.278367 0.100117 0.082938 0
0.137550 0.173099 0.132018 0
-0.147536 0.168573 0.111753 0
0.474669 -0.032846 0.182194 0
0.528173 0.036851 0.234550 0
-0.280191 0.105402 0.140285 0
-0.465500 -0.218144 0.079167 0
-0.442623 -0.112925 0.114487 0
-0.493646 -0.523041 0.020033 0
0.123782 0.310451 -0.048478 0
0.212986 0.152636 0.180756 0
0.697123 -0.644488 0.285834 0
0.573032 -0.303012 0.250404 0
-0.499589 -0.487273 0.040408 0
0.436182 -0.033787 0.187120 0
0.646731 -0.534252 0.296455 0
0.102794 0.314468 -0.134872 0
0.291434 0.199022 0.070883 0
-0.078897 0.309557 -0.264321 0
0.468102 -0.106751 0.202072 0
-0.176134 0.152423 -0.361400 0
-0.222308 0.122871 -0.417769 0
0.511563 -0.082985 0.254273 0
0.519000 0.012700 0.233490 0
-0.435077 -0.119736 0.060728 0
-0.203307 0.134591 -0.401154 0
0.243177 0.128392 0.151092 0
-0.064384 0.318597 -0.250305 0
-0.479210 -0.309286 0.020019 0
0.295289 0.096331 0.164807 0
0.346460 0.069869 0.154933 0
0.523666 -0.223161 0.239335 0
0.524349 -0.163486 0.212642 0
0.357297 0.083542 0.141500 0
-0.015287 0.330017 -0.250608 0
0.399611 0.001834 0.199889 0
-0.312034 0.063420 -0.460486 0
-0.205432 0.146337 0.146865 0
-0.263191 0.113984 0.135702 0
-0.445243 -0.188463 0.042650 0
-0.090410 0.274662 -0.310474 0
-0.124416 0.176819 0.146506 0
-0.176286 0.234047 -0.358921 0
-0.261295 0.070579 -0.434104 0
0.039359 0.193724 0.141097 0
0.405335 0.018925 0.166065 0
-0.071031 0.251390 -0.309149 0
0.494707 -0.095697 0.233662 0
0.563948 -0.320956 0.256106 0
-0.449389 -0.137290 0.095638 0
-0.507436 -0.672446 -0.027820 0
-0.439030 -0.136575 0.048985 0
0.551331 -0.281135 0.252877 0
0.482138 -0.115956 0.219474 0
-0.363389 0.029978 0.110488 0
-0.015702 0.189899 0.165370 0
0.476252 0.105261 0.169980 0
-0.459924 -0.188234 0.089055 0
-0.462956 -0.202102 0.062777 0
0.499231 -0.188222 0.250474 0
-0.300432 0.101167 -0.451891 0
-0.293333 0.087875 -0.469162 0
-0.247187 0.120713 0.105963 0
-0.443948 -0.176458 0.087814 0
-0.324803 0.037835 0.071606 0
0.500475 -0.019159 0.223871 0
-0.320321 0.042056 -0.476844 0
0.438924 -0.011109 0.175011 0
-0.417420 -0.096044 0.026294 0
-0.399479 -0.038552 0.077710 0
0.059376 0.196177 0.129511 0
-0.458773 -0.274848 0.046007 0
0.196254 0.155111 0.153113 0
-0.388837 -0.027256 0.043827 0
0.122848 0.180002 0.157954 0
-0.038306 0.191028 0.141797 0
0.397607 0.058871 0.143639 0
-0.477214 -0.280648 0.049021 0
0.308973 0.084020 0.175154 0
-0.489306 -0.433752 0.044590 0
-0.285941 0.069267 -0.453019 0
0.542828 -0.176763 0.216980 0
-0.108932 0.212365 -0.341120 0
-0.212899 0.123131 -0.404768 0
-0.496879 -0.389719 0.042366 0
0.670373 -0.664340 0.293073 0
-0.412538 -0.057521 0.040382 0
0.192163 0.244460 0.033002 0
0.265565 0.230174 0.041666 0
-0.054121 0.189435 0.173738 0
0.493865 -0.170622 0.250310 0
-0.484926 -0.568848 0.007996 0
-0.504183 -0.436133 0.008536 0
0.419657 -0.009854 0.176091 0
-0.234962 0.115869 -0.422490 0
0.515655 -0.204734 0.238357 0
-0.433252 -0.101521 0.053938 0
-0.259387 0.113379 0.111780 0
-0.483057 -0.384634 0.063687 0
-0.119194 0.285839 -0.300442 0
0.506311 -0.105225 0.257469 0
-0.134648 0.209091 -0.364756 0
-0.214730 0.124407 -0.376986 0
-0.153719 0.226905 -0.369155 0
0.528680 -0.239379 0.245640 0
-0.126910 0.239515 -0.339000 0
-0.288673 0.115870 -0.462208 0
0.306458 0.104184 0.193283 0
0.480114 -0.130623 0.222113 0
0.190361 0.166825 0.178499 0
-0.126638 0.194111 -0.336739 0
-0.086111 0.183578 0.109738 0
0.479987 -0.095645 0.211020 0
-0.245161 0.161156 -0.419652 0
-0.141722 0.175405 0.163545 0
0.289377 0.214121 0.050366 0
-0.425284 -0.119334 0.031926 0
-0.203456 0.152072 -0.410921 0
0.142668 0.178419 0.186783 0
-0.136509 0.172704 0.091524 0
-0.452910 -0.244695 0.028983 0
-0.284078 0.054400 -0.453125 0
-0.280892 0.096902 -0.462522 0
0.530263 -0.192982 0.223094 0
0.514406 0.191192 0.188380 0
-0.419399 -0.061971 0.106042 0
0.114859 0.183432 0.174047 0
0.475056 -0.047832 0.189995 0
-0.230507 0.101433 -0.394110 0
-0.295954 0.086150 0.084418 0
-0.429553 -0.078544 0.054959 0
-0.261478 0.083288 -0.408230 0
-0.080638 0.315424 -0.235963 0
0.384577 0.035876 0.164620 0
0.525454 0.180655 0.202239 0
0.489610 -0.142189 0.225644 0
-0.260051 0.093045 -0.433667 0
0.240198 0.224673 0.064882 0
0.593984 -0.389431 0.273102 0
-0.263112 0.135427 -0.428314 0
-0.153272 0.189044 -0.352306 0
-0.216087 0.150323 -0.419688 0
0.268053 0.107498 0.154221 0
0.284474 0.180873 0.095384 0
-0.286789 0.117620 -0.439673 0
-0.319039 0.080655 0.120289 0
0.520204 0.162780 0.198115 0
-0.168384 0.165774 0.086325 0
0.509381 0.070835 0.198954 0
-0.078150 0.296270 -0.286542 0
0.307253 0.177420 0.086347 0
-0.299319 0.084575 0.099872 0
-0.499808 -0.500971 -0.001317 0
-0.200994 0.128600 -0.385510 0
0.656667 -0.587065 0.284846 0
-0.485882 -0.552280 0.014772 0
0.508930 -0.136563 0.210736 0
-0.467290 -0.297318 0.045394 0
0.683894 -0.643895 0.298329 0
0.579179 -0.349551 0.266791 0
0.468925 -0.067440 0.198957 0
0.143287 0.295626 -0.024732 0
0.094168 0.185944 0.152956 0
0.505685 0.014225 0.220184 0
-0.391152 -0.009574 0.112371 0
-0.437044 -0.161368 0.044758 0
0.082389 0.325308 -0.112133 0
0.362770 0.057626 0.200561 0
0.333766 0.068584 0.173804 0
0.518250 -0.004084 0.238902 0
-0.297608 0.070885 0.063896 0
-0.095794 0.307141 -0.256379 0
0.169677 0.166045 0.153029 0
-0.199669 0.157185 -0.389654 0
0.457845 -0.096629 0.205276 0
0.239149 0.256842 0.017778 0
-0.194196 0.148543 0.118048 0
0.054129 0.339189 -0.175915 0
-0.430640 -0.084848 0.082172 0
-0.111902 0.183632 0.163674 0
0.507237 0.054067 0.202691 0
0.522400 -0.182857 0.233019 0
-0.118956 0.175843 0.096678 0
-0.334388 0.032169 -0.485090 0
-0.496259 -0.447697 -0.001014 0
0.544103 -0.234221 0.233330 0
0.180842 0.293967 -0.038044 0
-0.139332 0.185956 -0.348483 0
0.108082 0.321551 -0.097823 0
-0.445182 -0.204385 0.042355 0
-0.402017 -0.026598 0.049935 0
-0.125665 0.272161 -0.319415 0
0.625632 -0.454645 0.284013 0
-0.251967 0.119534 0.066299 0
0.013259 0.189144 0.164792 0
0.595724 -0.366771 0.262285 0
0.338183 0.110834 0.132131 0
0.169395 0.157685 0.139564 0
0.294954 0.161558 0.111986 0
0.261955 0.193789 0.096156 0
0.336784 0.095588 0.143606 0
0.470685 -0.004419 0.183271 0
0.498561 -0.089924 0.188333 0
-0.409223 -0.039714 0.105950 0
0.559015 -0.269628 0.255301 0
-0.385687 -0.005307 0.059995 0
-0.480729 -0.303788 0.047403 0
-0.487067 -0.453961 0.025218 0
-0.438660 -0.114768 0.084552 0
0.190831 0.148560 0.142031 0
-0.111540 0.176703 0.128125 0
-0.497844 -0.522555 -0.005844 0
-0.471208 -0.297905 0.025712 0
0.141576 0.305184 -0.098540 0
0.399328 0.031405 0.161505 0
0.184766 0.298853 -0.059354 0
-0.147479 0.202768 -0.360329 0
0.232299 0.137260 0.159653 0
-0.449566 -0.149484 0.067822 0
-0.201027 0.144181 -0.383880 0
0.671029 -0.619381 0.293545 0
0.128158 0.294488 -0.023907 0
0.529941 -0.256520 0.251454 0
-0.258091 0.119918 0.147358 0
-0.222478 0.139793 -0.426083 0
-0.084495 0.255314 -0.319357 0
-0.463715 -0.269115 0.020580 0
-0.493838 -0.510975 0.026876 0
0.492640 0.124541 0.177690 0
0.488745 -0.066614 0.204748 0
0.507516 -0.038842 0.240070 0
-0.425576 -0.112292 0.049193 0
0.488745 -0.032317 0.210019 0
0.552795 -0.296876 0.249607 0
-0.343649 0.030285 0.058376 0
-0.482976 -0.338205 0.012977 0
-0.332107 0.058831 -0.469429 0
-0.153835 0.248827 -0.347769 0
0.192135 0.281466 -0.014092 0
-0.506742 -0.418963 0.031036 0
0.564004 -0.279650 0.245085 0
0.143039 0.173829 0.158469 0
-0.105905 0.253500 -0.336220 0
0.486020 0.013344 0.198532 0
-0.062787 0.262056 -0.300783 0
-0.340512 0.042609 -0.499917 0
-0.269163 0.092774 -0.419666 0
-0.470975 -0.268879 0.081232 0
0.482269 -0.009798 0.200047 0
-0.092221 0.227646 -0.322305 0
0.357383 0.045969 0.174479 0
0.602236 -0.412959 0.277931 0
0.031210 0.333295 -0.163438 0
0.192003 0.261221 0.017953 0
0.523969 -0.014771 0.246203 0
-0.217066 0.139524 0.140924 0
-0.299590 0.049143 -0.451140 0
0.324971 0.128707 0.124225 0
-0.485307 -0.343606 0.031951 0
-0.414496 -0.096185 0.008586 0
0.470201 0.031114 0.179711 0
0.488352 -0.056668 0.176294 0
0.428317 -0.038461 0.199236 0
-0.044216 0.321750 -0.245041 0
-0.430552 -0.131402 0.039769 0
-0.278952 0.124522 -0.448283 0
0.197885 0.288854 -0.037596 0
-0.418356 -0.064670 0.083383 0
0.504081 0.099864 0.187385 0
-0.193563 0.154529 0.159536 0
0.163179 0.283784 -0.008755 0
-0.497758 -0.429129 0.031461 0
-0.478563 -0.377306 0.046437 0
-0.447481 -0.159671 0.078077 0
0.307511 0.140397 0.125029 0
-0.001524 0.325082 -0.162429 0
-0.319073 0.085277 -0.476182 0
-0.438808 -0.101951 0.105749 0
-0.049848 0.294587 -0.295731 0
-0.064409 0.312394 -0.262252 0
-0.498161 -0.477645 0.030765 0
-0.221895 0.107988 -0.402191 0
-0.419029 -0.090131 0.054578 0
-0.099056 0.180760 0.135362 0
0.237521 0.147424 0.187439 0
-0.445420 -0.159863 0.095802 0
-0.230776 0.184565 -0.406123 0
0.593215 -0.401215 0.266794 0
0.488816 -0.073333 0.192817 0
0.628468 -0.482437 0.289430 0
0.169786 0.170180 0.175540 0
0.123099 0.311340 -0.066447 0
-0.450480 -0.194819 0.066798 0
0.023144 0.318917 -0.139035 0
-0.153020 0.227057 -0.354899 0
-0.473234 -0.257506 0.055346 0
-0.490394 -0.395323 0.019831 0
-0.105207 0.299053 -0.277705 0
-0.008323 0.332490 -0.210345 0
-0.493454 -0.367089 0.026181 0
0.643934 -0.553269 0.292109 0
0.545709 -0.263171 0.235713 0
0.507574 0.117448 0.188391 0
-0.306586 0.093630 -0.469010 0
0.221021 0.260137 0.013750 0
-0.407364 -0.044342 0.118240 0
-0.167530 0.203275 -0.383160 0
0.386711 0.014539 0.181542 0
-0.490986 -0.614831 -0.016394 0
-0.135395 0.171167 0.118750 0
-0.019994 0.320746 -0.184221 0
-0.182102 0.151848 -0.388562 0
0.461533 -0.086992 0.213549 0
0.501872 0.174155 0.180338 0
0.246608 0.128242 0.164056 0
-0.140573 0.226503 -0.342161 0
-0.475459 -0.442029 0.022087 0
-0.360047 0.022831 0.067033 0
-0.494666 -0.493711 0.008446 0
0.488575 0.105011 0.174627 0
-0.169144 0.211025 -0.362840 0
-0.280421 0.061766 -0.430279 0
-0.481459 -0.332336 0.048258 0
0.221355 0.143124 0.152801 0
-0.038339 0.190868 0.163862 0
0.564629 -0.304142 0.260749 0
0.496352 -0.050404 0.227750 0
-0.460448 -0.228422 0.034265 0
-0.488045 -0.597329 -0.002133 0
-0.354932 0.024693 -0.489778 0
0.524621 -0.027615 0.248932 0
-0.423495 -0.094248 0.072082 0
0.619134 -0.436001 0.273468 0
0.552659 -0.245688 0.233671 0
0.669857 -0.637935 0.302833 0
0.405523 0.042857 0.151291 0
-0.049697 0.188590 0.119614 0
0.172627 0.286510 -0.023889 0
-0.463050 -0.252180 0.032869 0
0.513328 -0.055405 0.247359 0
0.485913 -0.050274 0.204530 0
-0.375846 0.018286 0.129571 0
0.013038 0.341117 -0.238169 0
0.009010 0.196523 0.150393 0
0.169582 0.272297 0.002737 0
0.517188 0.074047 0.208854 0
0.587070 -0.384083 0.262152 0
-0.484749 -0.430317 0.015100 0
0.060197 0.176926 0.178888 0
0.054915 0.326495 -0.111806 0
-0.453835 -0.176627 0.060762 0
-0.219296 0.119469 -0.390651 0
-0.485553 -0.361092 0.049551 0
-0.159344 0.164945 0.107764 0
0.504961 -0.161273 0.219472 0
-0.487203 -0.458817 0.010139 0
-0.211496 0.140862 0.123292 0
0.535821 0.065839 0.235131 0
0.529431 0.099820 0.215983 0
-0.139365 0.254034 -0.340929 0
-0.418934 -0.084983 0.037651 0
0.497712 -0.004343 0.215665 0
-0.165294 0.172957 -0.379558 0
-0.355211 0.004146 -0.493978 0
-0.506430 -0.424213 0.004094 0
0.162889 0.303932 -0.077391 0
-0.136469 0.231252 -0.353448 0
0.266097 0.201781 0.082265 0
0.071208 0.334683 -0.152562 0
0.501941 -0.073345 0.243156 0
-0.119119 0.220636 -0.329964 0
-0.391845 -0.019373 0.061513 0
-0.252561 0.105884 -0.405737 0
0.654945 -0.546123 0.295600 0
0.412236 -0.020388 0.188523 0
-0.509017 -0.465703 0.010134 0
0.329490 0.156990 0.089548 0
0.631731 -0.516396 0.285593 0
0.647205 -0.522274 0.290909 0
0.026637 0.337457 -0.180684 0
0.633319 -0.487795 0.275859 0
0.094384 0.319786 -0.054442 0
0.457587 -0.044384 0.189381 0
0.093961 0.322337 -0.071896 0
-0.458951 -0.234106 0.085962 0
0.274891 0.110510 0.164654 0
-0.187882 0.141534 -0.383297 0
0.013343 0.330800 -0.157994 0
-0.432085 -0.084512 0.094908 0
0.125652 0.177344 0.129830 0
0.065331 0.189898 0.152423 0
0.375530 0.073931 0.144318 0
-0.273051 0.072114 -0.443977 0
-0.460076 -0.217048 0.060641 0
-0.264968 0.105826 -0.435696 0
-0.395426 -0.021133 0.123744 0
-0.122930 0.225903 -0.347508 0
-0.265404 0.082013 -0.430023 0
0.495290 -0.147002 0.214721 0
0.605973 -0.401800 0.263234 0
0.262509 0.210980 0.061259 0
-0.153648 0.191791 -0.366451 0
0.347527 0.124725 0.117535 0
0.376094 0.026412 0.174462 0
0.495154 -0.067511 0.228311 0
-0.237664 0.099562 -0.405776 0
0.147870 0.165313 0.134371 0
0.513945 0.134395 0.194711 0
-0.498152 -0.626318 -0.020782 0
0.441823 -0.021953 0.181010 0
-0.494045 -0.414130 -0.000428 0
0.660956 -0.567911 0.298027 0
-0.416304 -0.050216 0.066095 0
0.530457 0.122526 0.215373 0
-0.499919 -0.545854 -0.007193 0
-0.302957 0.069605 -0.453654 0
0.489377 0.077337 0.177913 0
-0.504906 -0.580714 -0.013878 0
0.605520 -0.430662 0.274206 0
0.261156 0.133948 0.187997 0
0.082901 0.330198 -0.129478 0
-0.484740 -0.470344 0.041870 0
-0.284449 0.105184 -0.439281 0
-0.281722 0.088252 -0.433541 0
-0.483888 -0.458035 0.047085 0
-0.308773 0.103304 -0.461165 0
-0.073399 0.278971 -0.312169 0
-0.457303 -0.171673 0.078012 0
-0.501580 -0.446591 0.030774 0
0.490897 -0.119817 0.227726 0
0.048239 0.329485 -0.123809 0
-0.401736 -0.026755 0.095036 0
-0.009305 0.192285 0.141268 0
0.048338 0.337629 -0.163893 0
0.228576 0.222526 0.071649 0
-0.306274 0.070990 -0.468749 0
-0.497139 -0.437697 0.018860 0
-0.208846 0.161887 -0.396887 0
0.495460 -0.107984 0.227321 0
-0.086210 0.187799 0.168537 0
-0.411530 -0.043901 0.049310 0
0.495571 -0.096331 0.204243 0
-0.434378 -0.096391 0.078022 0
-0.416707 -0.072682 0.032290 0
0.582409 -0.332541 0.251790 0
0.543950 -0.205414 0.222025 0
0.234476 0.272409 -0.001870 0
-0.038212 0.328689 -0.215700 0
0.370552 0.036192 0.193826 0
0.627638 -0.472211 0.270863 0
0.503990 0.151350 0.183691 0
-0.331519 0.068130 -0.483548 0
-0.164555 0.224309 -0.363477 0
-0.292513 0.078673 -0.448064 0
0.445794 -0.062051 0.191891 0
-0.071770 0.318998 -0.223549 0
0.072598 0.331182 -0.169949 0
0.152124 0.288666 -0.015188 0
0.157518 0.295523 -0.037229 0
0.543982 -0.222721 0.228478 0
-0.292189 0.093942 -0.457837 0
-0.202454 0.197760 -0.389095 0
0.470424 0.008021 0.183638 0
-0.123538 0.208770 -0.343466 0
-0.097352 0.181857 0.156241 0
0.212495 0.279572 -0.014487 0
-0.237473 0.139685 -0.424306 0
0.623353 -0.447679 0.273493 0
-0.102170 0.261581 -0.323125 0
-0.419086 -0.067211 0.117894 0
-0.335072 0.004216 -0.522522 0
-0.417061 -0.066704 0.060724 0
-0.278957 0.088939 -0.447546 0
0.082002 0.195426 0.133640 0
-0.461583 -0.232858 0.063194 0
0.510618 0.162631 0.187846 0
-0.501058 -0.483293 0.010405 0
0.536509 0.099909 0.227343 0
-0.015216 0.191890 0.124169 0
0.496966 0.041919 0.197177 0
0.295163 0.104236 0.182723 0
-0.501336 -0.425121 0.020343 0
0.058122 0.341250 -0.190086 0
-0.049891 0.301722 -0.285667 0
0.434210 -0.050090 0.207080 0
0.479275 -0.108162 0.210368 0
-0.050338 0.190448 0.146674 0
0.365257 0.093831 0.134453 0
0.589516 -0.361639 0.252980 0
-0.210456 0.161231 -0.415227 0
-0.372089 0.024416 0.118306 0
0.479130 0.030967 0.188167 0
-0.302365 0.077927 0.077909 0
-0.508293 -0.599972 -0.017870 0
-0.432498 -0.107054 0.038475 0
-0.257481 0.139458 -0.447115 0
-0.292763 0.072391 -0.462746 0
-0.491628 -0.309566 0.054617 0
0.396969 0.013631 0.173329 0
-0.238401 0.118031 -0.434076 0
0.654904 -0.562789 0.286275 0
-0.073348 0.188114 0.157431 0
-0.192901 0.155618 0.094419 0
0.661203 -0.580322 0.296923 0
-0.084808 0.184085 0.140498 0
-0.185606 0.160787 -0.379865 0
-0.130311 0.281381 -0.297338 0
0.598673 -0.378731 0.261388 0
-0.178020 0.173966 -0.382887 0
-0.481443 -0.373620 0.058614 0
0.192343 0.273214 -0.002810 0
-0.220648 0.132182 -0.402023 0
-0.479032 -0.285991 0.060235 0
0.523635 0.059703 0.221068 0
-0.240205 0.133992 -0.436418 0
0.476600 0.054057 0.179131 0
-0.411261 -0.045249 0.088637 0
-0.466084 -0.244984 0.049679 0
-0.016629 0.314296 -0.270257 0
0.507874 -0.176625 0.237484 0
-0.152860 0.167514 0.141047 0
0.322333 0.120733 0.133058 0
0.349873 0.052957 0.188486 0
-0.168382 0.168399 -0.366215 0
0.295678 0.174603 0.088864 0
0.613735 -0.453042 0.279694 0
0.586470 -0.339167 0.261158 0
0.034134 0.317531 -0.125020 0
0.220331 0.248792 0.031726 0
-0.064207 0.186961 0.130118 0
-0.491737 -0.383896 0.054564 0
0.205371 0.147949 0.171630 0
0.368930 0.034545 0.180492 0
-0.488916 -0.367532 0.037686 0
-0.256027 0.118073 -0.416869 0
-0.136467 0.171495 0.133164 0
-0.177411 0.244014 -0.346658 0
0.246730 0.248609 0.025502 0
-0.011230 0.332606 -0.239140 0
0.261098 0.119754 0.164518 0
0.579457 -0.360623 0.261905 0
0.240057 0.138645 0.176877 0
0.284376 0.206774 0.064851 0
0.073659 0.323442 -0.089146 0
0.421339 -0.031773 0.189017 0
0.099084 0.322656 -0.089519 0
-0.487257 -0.493778 0.035893 0
0.397819 0.017639 0.202358 0
-0.503570 -0.497470 0.035333 0
0.619250 -0.464860 0.284499 0
0.281385 0.193160 0.073998 0
-0.211326 0.180860 -0.400822 0
0.505467 -0.198245 0.248123 0
-0.182901 0.185289 -0.383090 0
-0.146225 0.264265 -0.329202 0
-0.477247 -0.298435 0.058674 0
0.031044 0.181564 0.171166 0
0.407216 -0.005040 0.180850 0
-0.459316 -0.217153 0.038260 0
-0.491304 -0.580225 -0.003888 0
-0.443223 -0.124753 0.072166 0
0.088377 0.184278 0.185467 0
-0.475033 -0.299661 0.072584 0
-0.380589 0.000839 0.077967 0
0.157827 0.270418 0.001370 0
-0.147657 0.238143 -0.355023 0
0.381748 0.023862 0.194684 0
-0.376703 0.009201 0.100746 0
-0.321300 0.053412 -0.480426 0
-0.309560 0.032591 -0.474123 0
-0.242024 0.127611 -0.425964 0
0.168297 0.301143 -0.054609 0
0.378208 0.046401 0.159757 0
-0.381351 0.007711 0.129611 0
0.212488 0.236381 0.048893 0
0.267446 0.222709 0.050761 0
-0.485717 -0.383255 0.039009 0
0.667626 -0.626081 0.302778 0
-0.055724 0.325076 -0.221663 0
0.136957 0.312260 -0.089242 0
-0.430805 -0.159459 0.034811 0
-0.495749 -0.540289 0.002457 0
-0.479248 -0.349210 0.061796 0
-0.473836 -0.226217 0.076642 0
-0.061853 0.289599 -0.301485 0
-0.130099 0.197284 -0.360701 0
0.309020 0.092625 0.183311 0
0.524034 0.150934 0.203792 0
-0.418118 -0.096231 0.043321 0
0.301476 0.188914 0.077448 0
0.342004 0.141880 0.096902 0
0.122732 0.314736 -0.079463 0
0.668868 -0.603222 0.303346 0
0.488811 -0.125023 0.215857 0
-0.312356 0.082360 -0.465993 0
-0.147230 0.214787 -0.353000 0
-0.107081 0.287241 -0.299705 0
-0.461480 -0.205102 0.086053 0
0.336584 0.066267 0.160320 0
0.535171 -0.149454 0.207732 0
-0.008702 0.315714 -0.162546 0
0.082443 0.186583 0.169615 0
-0.038067 0.191029 0.129999 0
0.683001 -0.620791 0.297023 0
-0.494394 -0.383534 0.020927 0
-0.263306 0.128449 -0.445846 0
0.152977 0.172387 0.152304 0
0.500870 -0.171414 0.226960 0
0.118042 0.183653 0.147853 0
-0.445619 -0.136874 0.077996 0
-0.487413 -0.407411 0.019891 0
0.504233 -0.187035 0.224329 0
-0.473424 -0.309817 0.055001 0
-0.428478 -0.085167 0.117524 0
0.454542 -0.083689 0.197747 0
-0.470292 -0.307476 0.040329 0
-0.236931 0.110417 -0.412285 0
-0.159093 0.197616 -0.377287 0
0.149868 0.176313 0.175867 0
-0.426571 -0.073732 0.077518 0
0.497688 -0.153944 0.228714 0
-0.148523 0.181143 -0.359524 0
-0.481049 -0.291696 0.049444 0
0.522916 -0.124951 0.197282 0
0.337714 0.072446 0.192340 0
0.025045 0.188749 0.164158 0
0.039447 0.192451 0.153020 0
-0.253592 0.111198 -0.441910 0
-0.112316 0.213722 -0.323445 0
0.107393 0.189458 0.130030 0
-0.323506 0.027867 -0.461669 0
-0.320106 0.060601 -0.469923 0
-0.246174 0.151461 -0.428000 0
-0.271574 0.105594 0.094977 0
0.364531 0.111443 0.119412 0
0.129023 0.304588 -0.036793 0
0.065394 0.329338 -0.129519 0
0.084287 0.326130 -0.146932 0
-0.367194 0.013733 0.060312 0
-0.450801 -0.171030 0.104583 0
0.262988 0.124869 0.180994 0
-0.475322 -0.280253 0.037481 0
-0.321234 0.041846 -0.458514 0
-0.234643 0.129176 0.124287 0
-0.255953 0.128032 -0.422820 0
0.658794 -0.597574 0.290873 0
-0.158892 0.174294 -0.354446 0
-0.385570 0.002454 0.118144 0
0.177866 0.262796 0.012760 0
0.490035 -0.003952 0.206355 0
-0.443812 -0.159248 0.065438 0
0.139814 0.304227 -0.048776 0
-0.029934 0.328421 -0.194022 0
-0.344097 0.025547 -0.493747 0
0.007362 0.334016 -0.175564 0
-0.446964 -0.124430 0.111416 0
-0.417443 -0.066906 0.095765 0
-0.339414 0.064354 0.118653 0
-0.090383 0.176895 0.099289 0
0.610230 -0.414909 0.265892 0
-0.243832 0.122860 0.094790 0
-0.497180 -0.603496 -0.013943 0
0.019307 0.194823 0.127216 0
-0.329638 0.036076 -0.503137 0
-0.146969 0.171562 0.100639 0
-0.331306 0.041893 -0.467449 0
-0.277532 0.072402 -0.426002 0
-0.398281 -0.035939 0.060808 0
0.515823 0.036162 0.221988 0
0.494403 -0.159140 0.250478 0
0.013617 0.338741 -0.198206 0
-0.457172 -0.287080 0.005497 0
-0.496359 -0.400947 0.040050 0
-0.048705 0.321147 -0.200570 0
-0.472242 -0.268795 0.048698 0
0.039321 0.332229 -0.141103 0
0.540342 -0.279202 0.247421 0
-0.268344 0.109893 0.118014 0
-0.096840 0.297630 -0.285833 0
-0.285757 0.093151 0.077642 0
-0.257023 0.093380 -0.411299 0
-0.451732 -0.194343 0.099268 0
-0.003848 0.333112 -0.193164 0
-0.493730 -0.465283 0.025947 0
0.031189 0.346447 -0.204228 0
-0.439387 -0.106890 0.095453 0
0.093057 0.328101 -0.134938 0
-0.222508 0.174761 -0.406542 0
0.573921 -0.349381 0.256653 0
-0.501699 -0.516081 0.015897 0
0.186570 0.158032 0.158387 0
0.400603 -0.009401 0.198213 0
0.492941 -0.072634 0.215943 0
-0.454875 -0.194332 0.044262 0
-0.433108 -0.090219 0.106456 0
0.532312 -0.171718 0.214822 0
0.602619 -0.423358 0.265905 0
-0.014887 0.193300 0.153490 0
-0.171850 0.160773 0.147042 0
-0.421112 -0.108218 0.026363 0
0.306654 0.150018 0.116638 0
-0.146654 0.216087 -0.369539 0
0.117434 0.313487 -0.112258 0
0.059418 0.334071 -0.147334 0
-0.326350 0.072455 0.123068 0
0.579217 -0.320286 0.261690 0
0.335819 0.142846 0.106347 0
-0.021040 0.182701 0.118189 0
-0.504264 -0.614940 -0.002597 0
0.246134 0.210773 0.085964 0
-0.494389 -0.355326 0.026081 0
-0.490523 -0.395679 0.054749 0
0.489635 0.151098 0.176835 0
0.274612 0.121254 0.182283 0
-0.464685 -0.291910 0.014626 0
-0.453112 -0.147918 0.095001 0
0.501606 -0.143392 0.229401 0
0.039274 0.342657 -0.187269 0
-0.098794 0.181177 0.106826 0
0.420161 -0.032137 0.203743 0
-0.285113 0.104795 0.150395 0
-0.277727 0.099550 -0.451656 0
-0.162688 0.224038 -0.375313 0
0.109991 0.315804 -0.051112 0
-0.499894 -0.447116 0.012586 0
0.230545 0.235220 0.052403 0
0.535881 0.076695 0.232237 0
-0.038274 0.305602 -0.285336 0
0.482620 -0.026200 0.202142 0
-0.212193 0.143193 0.100684 0
-0.286392 0.105132 -0.457247 0
-0.475976 -0.275255 0.072296 0
0.518059 0.093393 0.202089 0
-0.123996 0.260329 -0.327895 0
-0.202128 0.148639 -0.399074 0
0.532529 -0.223004 0.232327 0
0.375241 0.093128 0.129425 0
0.322156 0.086425 0.188157 0
0.232603 0.243334 0.031515 0
-0.273699 0.142210 -0.432885 0
0.535092 0.042785 0.241024 0
-0.271242 0.093887 -0.441149 0
0.364374 0.047182 0.194075 0
-0.492024 -0.446082 0.044945 0
0.610102 -0.441669 0.279307 0
-0.391821 -0.025468 0.071317 0
-0.133537 0.220740 -0.348637 0
0.636884 -0.499337 0.278726 0
-0.036050 0.181120 0.110370 0
-0.421264 -0.064438 0.039862 0
-0.330699 0.063254 0.102385 0
0.255487 0.234886 0.039973 0
0.649335 -0.535336 0.285688 0
0.610343 -0.406433 0.273987 0
-0.368192 0.014331 0.073415 0
-0.508948 -0.493507 -0.005903 0
0.678018 -0.644717 0.311803 0
-0.208914 0.122085 -0.393618 0
-0.055289 0.323323 -0.239296 0
-0.468744 -0.252612 0.081902 0
0.515161 -0.182677 0.224609 0
-0.222638 0.151917 -0.410875 0
-0.101655 0.231830 -0.328536 0
-0.231543 0.128692 -0.415841 0
0.111614 0.309652 -0.041443 0
-0.494543 -0.510654 -0.002475 0
-0.496878 -0.649271 -0.023600 0
-0.176256 0.196678 -0.384924 0
0.232804 0.265778 0.007628 0
0.094502 0.325443 -0.112174 0
0.511644 -0.153689 0.212980 0
-0.159297 0.161869 0.123682 0
0.447018 -0.072613 0.210014 0
0.523263 -0.211242 0.243053 0
-0.430079 -0.089927 0.054765 0
0.495274 -0.137352 0.255156 0
-0.499520 -0.556880 -0.007797 0
-0.457283 -0.302407 0.051162 0
0.588641 -0.366567 0.271270 0
0.025041 0.192994 0.141984 0
-0.360150 0.040570 0.113367 0
-0.177458 0.162670 -0.388241 0
-0.182782 0.225143 -0.359485 0
-0.079028 0.303360 -0.278134 0
-0.414937 -0.051039 0.105042 0
0.551734 -0.285528 0.240731 0
-0.319293 0.049194 0.059215 0
-0.175931 0.151509 -0.372383 0
-0.250926 0.121174 0.134968 0
0.324248 0.080826 0.155079 0
0.221255 0.136147 0.169924 0
-0.046282 0.284013 -0.294110 0
-0.506791 -0.441856 -0.000502 0
-0.234348 0.163832 -0.413480 0
0.509785 -0.112941 0.194281 0
-0.449502 -0.176885 0.072273 0
0.466029 -0.113413 0.210546 0
-0.154278 0.171148 0.160615 0
-0.243684 0.124031 0.117970 0
0.014600 0.344285 -0.221113 0
-0.040134 0.316966 -0.267613 0
-0.426211 -0.110792 0.060705 0
0.279028 0.218287 0.049816 0
-0.311336 0.056058 0.077897 0
-0.504402 -0.638930 -0.022860 0
-0.492669 -0.360773 0.012921 0
0.488044 0.042349 0.190888 0
-0.487246 -0.511504 0.035742 0
-0.133057 0.206763 -0.352411 0
-0.418591 -0.079243 0.054359 0
-0.350261 0.013730 -0.492419 0
-0.193732 0.203666 -0.378096 0
-0.342641 0.013451 -0.515573 0
0.617051 -0.431386 0.283637 0
0.204867 0.148245 0.160766 0
-0.323490 0.013229 -0.503233 0
0.590129 -0.349715 0.262714 0
0.082255 0.189997 0.146966 0
-0.001320 0.337049 -0.239326 0
-0.418586 -0.055687 0.089902 0
0.529829 0.157412 0.210316 0
-0.452363 -0.205163 0.033293 0
-0.078923 0.184133 0.117831 0
0.675838 -0.602469 0.288882 0
-0.479377 -0.303156 0.030481 0
-0.496290 -0.390123 0.031571 0
-0.464392 -0.262798 0.031321 0
0.048504 0.331785 -0.146781 0
-0.116832 0.293696 -0.279201 0
-0.339505 0.035707 -0.476257 0
-0.257243 0.146011 -0.435017 0
0.621905 -0.475330 0.284481 0
0.417229 0.001258 0.172784 0
-0.277345 0.116922 -0.434128 0
0.409593 0.005887 0.204483 0
-0.089964 0.307428 -0.267778 0
0.198383 0.158777 0.180836 0
0.499091 -0.107770 0.249891 0
0.369622 0.058555 0.157543 0
0.556109 -0.262992 0.238492 0
-0.061234 0.190108 0.157938 0
-0.486336 -0.344180 0.043295 0
-0.247670 0.096192 -0.395229 0
-0.159295 0.204756 -0.359020 0
0.476281 -0.032047 0.171630 0
0.321687 0.168288 0.082013 0
0.429924 -0.042347 0.188640 0
-0.398270 -0.040453 0.106031 0
0.505464 0.183755 0.183428 0
-0.490989 -0.539658 0.012022 0
0.218567 0.280779 -0.023215 0
-0.306201 0.053476 -0.458341 0
-0.106572 0.268370 -0.316137 0
-0.341269 0.054262 -0.484813 0
0.471493 -0.116740 0.220019 0
-0.460312 -0.262384 0.086397 0
-0.084458 0.266762 -0.314500 0
0.388342 0.060422 0.148709 0
0.526829 0.007684 0.242563 0
0.568198 -0.309469 0.241990 0
0.005704 0.340211 -0.216861 0
0.438677 -0.062220 0.204715 0
-0.390341 -0.014790 0.083799 0
-0.497554 -0.409888 0.027832 0
0.673251 -0.660928 0.302750 0
-0.485620 -0.436071 0.054771 0
-0.358861 0.043808 0.134034 0
-0.278426 0.099394 0.100268 0
0.532431 -0.216599 0.242330 0
-0.323274 0.027625 -0.484279 0
-0.090154 0.182024 0.124433 0
0.179970 0.276122 0.001445 0
0.476064 -0.085810 0.209526 0
-0.124638 0.174580 0.118931 0
0.524085 0.127734 0.205991 0
-0.250634 0.095253 -0.423440 0
-0.037769 0.321103 -0.255712 0
0.080654 0.321646 -0.071968 0
-0.487350 -0.528824 0.026294 0
-0.118725 0.278344 -0.314341 0
-0.383300 -0.015134 0.066600 0
-0.180096 0.192431 -0.373451 0
-0.459139 -0.177697 0.089444 0
0.488423 -0.115450 0.210990 0
-0.192921 0.186828 -0.390131 0
0.143296 0.308783 -0.065796 0
-0.021299 0.329439 -0.238884 0
0.082374 0.325633 -0.094927 0
-0.115093 0.220809 -0.342606 0
0.569523 -0.294368 0.245468 0
-0.167764 0.186286 -0.365795 0
0.504595 -0.136598 0.221797 0
0.382108 0.083326 0.133426 0
-0.444970 -0.170973 0.060217 0
0.640661 -0.499416 0.289713 0
0.091327 0.325176 -0.155417 0
0.171662 0.293419 -0.032928 0
-0.498756 -0.429326 0.042574 0
-0.270746 0.105769 -0.446021 0
0.214510 0.155913 0.190625 0
-0.298412 0.088734 0.111961 0
-0.485760 -0.323306 0.042141 0
0.024396 0.189799 0.119035 0
-0.451939 -0.234500 0.033309 0
-0.302823 0.058422 -0.467388 0
-0.023092 0.326122 -0.256431 0
-0.451088 -0.126399 0.095716 0
-0.332006 0.018924 -0.510075 0
0.526202 -0.229389 0.247547 0
-0.375645 0.016788 0.108378 0
-0.335953 0.029959 -0.508770 0
-0.180385 0.160535 0.098316 0
-0.040236 0.322275 -0.194274 0
0.248698 0.219026 0.069550 0
-0.073554 0.314951 -0.257184 0
-0.378834 -0.003324 0.050654 0
-0.334581 0.050407 0.077125 0
0.088518 0.196845 0.125648 0
-0.484732 -0.412591 0.059030 0
0.510996 -0.204226 0.229064 0
-0.378507 -0.014562 0.047788 0
-0.281091 0.091850 0.068433 0
-0.458999 -0.188905 0.065970 0
0.438500 -0.039780 0.197583 0
-0.027087 0.302886 -0.280101 0
0.494979 0.095799 0.178458 0
-0.167371 0.153558 -0.366891 0
-0.468794 -0.274947 0.027931 0
-0.256855 0.121918 -0.436194 0
-0.471647 -0.258041 0.042643 0
-0.506073 -0.702948 -0.030911 0
-0.285680 0.103656 0.130429 0
0.101953 0.323380 -0.128535 0
-0.342161 0.060704 0.128305 0
0.480982 -0.130617 0.206430 0
-0.192864 0.214982 -0.366681 0
-0.107851 0.243710 -0.331644 0
-0.496005 -0.483617 0.022576 0
-0.268441 0.088211 -0.451587 0
-0.508159 -0.476250 0.007986 0
0.543862 -0.251535 0.248265 0
0.039858 0.324762 -0.118531 0
-0.187613 0.223828 -0.369081 0
-0.202647 0.209197 -0.382211 0
-0.486220 -0.489294 0.021286 0
-0.124864 0.230509 -0.334501 0
-0.243292 0.124721 0.128209 0
0.108516 0.188075 0.140848 0
-0.256966 0.105654 -0.429266 0
0.537610 -0.234466 0.246807 0
0.048036 0.191909 0.158593 0
0.287960 0.100857 0.176258 0
0.207756 0.286531 -0.036096 0
-0.241144 0.101654 -0.389518 0
-0.204787 0.174421 -0.396279 0
0.317120 0.077956 0.176443 0
0.469052 -0.096773 0.204114 0
-0.430351 -0.078258 0.065456 0
-0.305590 0.093563 -0.458843 0
0.215467 0.145140 0.143387 0
0.048007 0.195783 0.129628 0
0.641939 -0.545268 0.285718 0
0.516596 -0.218193 0.248331 0
-0.496455 -0.379345 0.043754 0
-0.236884 0.128351 0.100975 0
-0.237470 0.129515 0.088845 0
0.212235 0.272759 -0.002306 0
0.003707 0.189910 0.168228 0
-0.491761 -0.391775 0.010388 0
-0.180560 0.153564 0.117786 0
-0.015098 0.329254 -0.181538 0
-0.393287 -0.011296 0.122305 0
-0.236879 0.115789 -0.399108 0
0.065817 0.327905 -0.107135 0
-0.209090 0.139780 -0.393784 0
0.445175 -0.038514 0.187357 0
-0.453380 -0.182489 0.043728 0
0.495993 -0.027512 0.220243 0
-0.133252 0.256214 -0.333129 0
0.351178 0.059950 0.160132 0
0.311514 0.185275 0.072165 0
-0.311711 0.065075 -0.474943 0
-0.061766 0.183529 0.108629 0
0.115172 0.314509 -0.071909 0
0.549332 -0.269115 0.252365 0
-0.292114 0.082005 -0.457619 0
0.302432 0.091850 0.170415 0
-0.498691 -0.456277 0.030234 0
-0.210800 0.140442 -0.406886 0
0.521434 0.029854 0.229958 0
-0.436847 -0.147504 0.048248 0
-0.476501 -0.409446 0.037953 0
-0.362384 0.012725 0.051362 0
-0.230478 0.132655 0.141967 0
0.514601 -0.194726 0.239080 0
-0.195588 0.160465 -0.404822 0
0.063961 0.195733 0.120550 0
0.364746 0.076762 0.141734 0
0.128948 0.181287 0.141320 0
0.521384 -0.198656 0.232464 0
0.522978 0.069858 0.216434 0
-0.281354 0.065739 -0.439469 0
0.428556 -0.064836 0.202604 0
0.329469 0.078400 0.188259 0
-0.270963 0.064934 -0.431309 0
-0.201765 0.150971 0.094028 0
-0.468673 -0.287674 0.043094 0
0.186250 0.163121 0.170163 0
-0.467352 -0.325930 0.052515 0
0.644440 -0.519557 0.281691 0
0.392375 0.002440 0.193020 0
-0.395133 -0.015703 0.072719 0
-0.271157 0.105162 0.078201 0
-0.020639 0.322813 -0.266942 0
-0.130889 0.189220 -0.354874 0
0.005012 0.192722 0.141702 0
-0.298027 0.064859 -0.446408 0
-0.107522 0.179746 0.111986 0
-0.195141 0.180169 -0.398764 0
-0.029650 0.192240 0.146562 0
-0.427876 -0.104828 0.072398 0
0.464489 0.030278 0.171489 0
0.073852 0.328285 -0.124009 0
-0.344074 0.045656 0.100289 0
-0.393485 -0.027039 0.055018 0
-0.196234 0.168844 -0.389576 0
0.482844 -0.142404 0.216238 0
0.371040 0.065395 0.147049 0
-0.072600 0.318874 -0.244743 0
-0.437939 -0.108110 0.062184 0
-0.444149 -0.176850 0.042941 0
-0.038146 0.192036 0.154015 0
-0.499744 -0.666205 -0.027339 0
0.560540 -0.279972 0.235804 0
-0.242681 0.090560 -0.415083 0
-0.494474 -0.458621 0.002885 0
-0.243813 0.110381 -0.419406 0
0.501474 -0.119849 0.205049 0
-0.192726 0.150577 0.132617 0
-0.439252 -0.130281 0.060722 0
0.281424 0.122824 0.191731 0
0.162892 0.174170 0.182195 0
-0.113122 0.178530 0.140908 0
0.419778 -0.015537 0.204571 0
-0.292084 0.110469 -0.443972 0
-0.449298 -0.160888 0.054612 0
-0.392395 -0.018815 0.101868 0
0.420137 -0.044142 0.196724 0
-0.322160 0.065393 -0.485089 0
0.158015 0.304651 -0.060840 0
-0.029490 0.330028 -0.204665 0
-0.298320 0.094296 -0.474757 0
-0.222119 0.186445 -0.401777 0
0.259668 0.244141 0.021967 0
0.506921 -0.026605 0.235305 0
-0.258913 0.133756 -0.438793 0
0.399901 0.005095 0.179215 0
-0.497159 -0.523020 0.008196 0
-0.488792 -0.395227 0.044358 0
-0.227675 0.161083 -0.421998 0
-0.490671 -0.434141 0.006269 0
-0.096016 0.182272 0.146111 0
-0.332373 0.048001 -0.497953 0
-0.501687 -0.436635 0.036427 0
-0.465965 -0.211246 0.072195 0
0.350813 0.082426 0.148788 0
0.282417 0.115334 0.182885 0
-0.496795 -0.383189 0.009871 0
0.253878 0.123940 0.159073 0
-0.511070 -0.511872 0.013031 0
-0.148142 0.170839 0.152982 0
-0.452135 -0.239345 0.071102 0
-0.315421 0.083125 0.129050 0
0.116507 0.314168 -0.059779 0
-0.493226 -0.478734 0.040890 0
0.289066 0.095875 0.157120 0
0.005844 0.328414 -0.152174 0
-0.408575 -0.038173 0.066305 0
-0.416724 -0.065948 0.049877 0
-0.063839 0.278262 -0.301988 0
0.496075 0.134083 0.179337 0
-0.271007 0.110006 0.129639 0
-0.056532 0.268849 -0.297316 0
-0.056591 0.310245 -0.267697 0
-0.308866 0.070416 0.072218 0
0.454247 -0.078920 0.211828 0
-0.348591 0.032740 0.066430 0
0.004767 0.193036 0.158463 0
0.604027 -0.391956 0.266632 0
-0.338561 0.012957 -0.525087 0
-0.506923 -0.399033 0.022061 0
-0.169302 0.166308 0.159240 0
-0.140039 0.193431 -0.354679 0
-0.285224 0.052568 -0.438624 0
0.615737 -0.424223 0.273924 0
-0.263059 0.111513 0.088607 0
-0.285325 0.117011 -0.451838 0
0.335395 0.071402 0.182954 0
0.134259 0.178685 0.181936 0
-0.227761 0.132361 0.106254 0
-0.001371 0.330195 -0.255966 0
-0.113575 0.200234 -0.344196 0
0.570109 -0.296816 0.257581 0
0.515050 0.048198 0.216140 0
0.682196 -0.632108 0.296900 0
-0.453774 -0.205126 0.063148 0
-0.216930 0.169708 -0.415037 0
-0.134032 0.191850 -0.342544 0
0.143006 0.174867 0.140998 0
0.522164 0.104710 0.205317 0
-0.417610 -0.056286 0.078440 0
0.529723 0.064484 0.227506 0
0.144158 0.309825 -0.077656 0
0.514914 -0.106103 0.189863 0
-0.503820 -0.494809 0.005709 0
0.108815 0.318525 -0.123865 0
-0.333483 0.039029 -0.513531 0
-0.405980 -0.033321 0.055690 0
-0.481476 -0.337977 0.060286 0
-0.176596 0.158398 0.106870 0
0.117292 0.318345 -0.089236 0
0.532075 -0.182403 0.217632 0
-0.237794 0.157502 -0.424816 0
-0.484729 -0.320853 0.032228 0
0.194971 0.287633 -0.027208 0
0.065194 0.321993 -0.094551 0
0.061023 0.336833 -0.169707 0
0.378802 0.020551 0.183061 0
-0.396882 -0.031037 0.106993 0
0.529201 0.146476 0.211000 0
-0.194712 0.168847 -0.400306 0
0.492642 0.022269 0.201869 0
0.529990 -0.205682 0.229462 0
-0.459068 -0.217120 0.049131 0
-0.005145 0.332749 -0.246951 0
-0.278107 0.123996 -0.457784 0
0.669893 -0.637426 0.292746 0
0.243657 0.127798 0.174259 0
0.297817 0.090647 0.157577 0
-0.221228 0.117824 -0.379305 0
-0.309585 0.042113 -0.474610 0
0.302759 0.158861 0.107222 0
0.661909 -0.620390 0.290963 0
0.472969 -0.021033 0.181214 0
-0.279250 0.081313 -0.441179 0
-0.313228 0.072155 0.084931 0
-0.397174 -0.032693 0.089098 0
0.108613 0.181371 0.181605 0
-0.321197 0.059391 0.071482 0
-0.292451 0.049641 -0.444869 0
-0.426388 -0.068569 0.060663 0
0.254741 0.241976 0.030863 0
-0.228190 0.132382 0.118077 0
0.264658 0.207218 0.072181 0
0.558032 -0.292012 0.256721 0
-0.163761 0.246927 -0.352045 0
-0.277992 0.128430 -0.433767 0
-0.015168 0.188051 0.174644 0
-0.500264 -0.505393 0.031027 0
0.192661 0.254592 0.024683 0
-0.468971 -0.248010 0.039955 0
0.271163 0.230661 0.033318 0
0.073973 0.189014 0.164337 0
-0.148304 0.187333 -0.340322 0
-0.127088 0.248865 -0.336240 0
0.537924 -0.258181 0.245100 0
-0.044671 0.189801 0.173766 0
0.434764 -0.027451 0.207215 0
-0.119108 0.180326 0.158523 0
-0.460515 -0.251984 0.054977 0
0.664275 -0.590208 0.293091 0
-0.187097 0.207901 -0.388106 0
-0.330877 0.045520 0.062871 0
0.500522 -0.044234 0.233544 0
0.440607 -0.082422 0.208167 0
0.524283 -0.222325 0.227800 0
0.489132 -0.067337 0.183293 0
0.212884 0.147252 0.152742 0
-0.302748 0.094680 0.140222 0
0.417435 0.022865 0.161005 0
-0.291947 0.046562 -0.460980 0
0.538358 -0.245565 0.232333 0
-0.194182 0.145937 -0.377530 0
-0.425601 -0.079386 0.043394 0
-0.001363 0.185741 0.114947 0
0.281631 0.105378 0.170043 0
-0.496757 -0.598253 -0.005500 0
-0.199185 0.149853 0.152923 0
0.571480 -0.326932 0.263802 0
-0.463610 -0.235173 0.049499 0
-0.270787 0.134097 -0.445636 0
-0.161795 0.206296 -0.369286 0
0.507668 -0.096151 0.255542 0
0.212327 0.247930 0.036524 0
-0.479968 -0.355313 0.054362 0
-0.174893 0.181027 -0.373067 0
0.502253 0.122937 0.182985 0
-0.457629 -0.223901 0.068149 0
-0.485476 -0.365198 0.058036 0
0.524746 -0.245082 0.251926 0
0.402627 -0.001112 0.191542 0
-0.320999 0.025702 -0.493143 0
0.462499 -0.091248 0.199215 0
-0.130761 0.232395 -0.343670 0
0.501531 -0.177601 0.244274 0
0.675346 -0.620819 0.302755 0
-0.513886 -0.494156 0.027350 0
-0.009377 0.324374 -0.167425 0
-0.271646 0.076870 -0.434681 0
0.514179 -0.184029 0.237279 0
0.545396 -0.250789 0.236548 0
-0.243158 0.111522 -0.428642 0
0.529145 0.082365 0.221619 0
0.146070 0.284143 -0.009728 0
0.439262 -0.055764 0.198015 0
-0.330885 0.057894 0.094771 0
-0.246328 0.112713 -0.404737 0
0.677615 -0.625787 0.291324 0
-0.278645 0.103532 0.112118 0
0.521251 -0.136054 0.201581 0
0.504808 -0.099939 0.189604 0
-0.508288 -0.542273 -0.012884 0
-0.223038 0.137204 0.153042 0
-0.044016 0.185980 0.112745 0
-0.113828 0.258170 -0.334926 0
-0.467051 -0.316488 0.056037 0
0.661255 -0.604285 0.296956 0
-0.494289 -0.424340 0.048997 0
-0.339732 0.046114 0.083518 0
0.468820 -0.038693 0.186366 0
-0.108907 0.220013 -0.335758 0
0.509575 0.031570 0.216927 0
-0.091636 0.238319 -0.323854 0
-0.428310 -0.096550 0.035793 0
-0.473030 -0.281121 0.078823 0
-0.457295 -0.159969 0.082464 0
0.554631 -0.222533 0.224739 0
-0.297983 0.076927 -0.468892 0
-0.192902 0.154842 -0.383798 0
-0.176806 0.157427 0.134691 0
0.195129 0.269805 0.006194 0
0.686504 -0.644319 0.308198 0
0.489883 0.006858 0.203840 0
0.482251 0.133762 0.174137 0
0.597754 -0.401413 0.274815 0
0.460364 -0.095984 0.215201 0
-0.292353 0.123629 -0.443893 0
0.330684 0.116923 0.132278 0
-0.501455 -0.505283 0.018643 0
-0.340979 0.025018 -0.476380 0
0.052750 0.194492 0.137409 0
0.478581 -0.032840 0.193435 0
-0.473219 -0.342088 0.064813 0
0.344650 0.054864 0.181166 0
-0.365251 0.022344 0.091982 0
-0.358008 0.027033 0.082947 0
0.039353 0.194501 0.123568 0
0.101400 0.319823 -0.078309 0
0.215267 0.144406 0.173501 0
0.578320 -0.343971 0.250340 0
0.018998 0.336600 -0.187093 0
-0.278160 0.060112 -0.447309 0
-0.396864 -0.026387 0.116361 0
-0.404683 -0.050271 0.101616 0
0.025371 0.332687 -0.153226 0
-0.304493 0.109505 -0.455940 0
-0.410520 -0.059946 0.105063 0
-0.063332 0.320104 -0.216761 0
-0.436211 -0.113118 0.054500 0
0.117541 0.319268 -0.100589 0
-0.082690 0.292686 -0.293755 0
-0.490388 -0.629526 -0.016697 0
0.496911 0.145981 0.178946 0
0.170020 0.258139 0.013290 0
-0.262062 0.098963 -0.425711 0
-0.209528 0.148688 0.088096 0
0.444470 -0.045247 0.208901 0
-0.175259 0.208862 -0.372751 0
0.504145 -0.145910 0.212815 0
-0.237661 0.129323 0.146495 0
-0.320487 0.036637 -0.486323 0
-0.114111 0.177466 0.119234 0
0.192926 0.153413 0.163207 0
-0.001922 0.337489 -0.221053 0
-0.404662 -0.032156 0.073168 0
-0.479909 -0.258401 0.061492 0
-0.495709 -0.494078 0.045070 0
0.307232 0.163149 0.095469 0
-0.437764 -0.125380 0.050184 0
0.636836 -0.522608 0.290068 0
-0.209431 0.131445 -0.379278 0
-0.452323 -0.136826 0.084153 0
0.559271 -0.268615 0.244910 0
-0.098230 0.285361 -0.300667 0
-0.322043 0.060636 0.084105 0
-0.319539 0.075297 0.112955 0
-0.505026 -0.562810 -0.012812 0
-0.210883 0.197982 -0.392505 0
0.082847 0.181381 0.178855 0
-0.140006 0.269934 -0.324021 0
0.336318 0.128432 0.117004 0
-0.073034 0.185769 0.135577 0
-0.459183 -0.194039 0.075719 0
-0.357047 0.016282 -0.504954 0
-0.457444 -0.262445 0.053042 0
-0.474393 -0.263905 0.066685 0
0.490055 -0.153076 0.222746 0
-0.264625 0.109594 0.102072 0
0.501352 -0.084585 0.245643 0
-0.261864 0.113903 0.122951 0
0.495346 -0.095477 0.222642 0
0.513997 -0.033569 0.243610 0
-0.404426 -0.033126 0.083034 0
0.316392 0.146991 0.106226 0
-0.365752 0.035389 0.118253 0
-0.119475 0.232628 -0.342522 0
0.506285 -0.016773 0.230394 0
0.231569 0.139057 0.171390 0
-0.223972 0.117519 -0.410665 0
-0.072901 0.319091 -0.233038 0
-0.392337 -0.019341 0.091353 0
0.506540 -0.189013 0.244867 0
0.667974 -0.585768 0.286138 0
-0.510464 -0.724662 -0.034517 0
-0.446389 -0.131411 0.089398 0
-0.277521 0.081436 -0.425819 0
-0.501656 -0.511344 0.003054 0
-0.212151 0.163539 -0.405127 0
0.575952 -0.310431 0.256212 0
-0.132501 0.202889 -0.343846 0
0.409350 -0.010299 0.196178 0
-0.478053 -0.433401 0.021771 0
0.261930 0.114699 0.155370 0
