-0.233415 -0.830153 0.102590 0
0.923839 -0.063676 -0.346563 0
-0.715264 0.272221 0.327836 0
0.083205 0.011865 -0.015314 0
0.444116 0.129198 -0.372505 0
-0.347154 0.286376 -0.036876 0
-0.116883 -0.383970 0.113019 0
0.391826 0.178967 -0.029260 0
-0.076661 0.255915 0.181747 0
-0.387847 0.343173 0.292990 0
0.685502 0.096140 -0.153179 0
-0.580052 0.188083 0.089364 0
0.678969 0.011382 -0.442430 0
0.213342 0.125540 -0.229281 0
-0.104745 0.217129 -0.057280 0
-0.062212 -0.168549 0.034094 0
-0.219370 -0.597393 0.113717 0
-0.847136 0.107410 0.294778 0
-0.264942 0.305134 0.148006 0
0.490831 0.146883 -0.191746 0
-0.563486 0.302932 0.231693 0
0.799319 0.054492 -0.289580 0
0.214754 0.144097 -0.019996 0
0.005061 0.149465 0.068274 0
-0.435161 0.291117 0.115448 0
-0.726125 0.130685 0.173883 0
0.619714 0.099060 -0.310182 0
0.344932 0.100576 -0.155305 0
-0.214771 0.274660 0.011336 0
0.813287 -0.050820 -0.430417 0
0.337788 0.152101 -0.282769 0
0.134172 0.087370 -0.110031 0
-0.127398 0.199977 0.074388 0
0.550650 0.074037 -0.420273 0
-0.121217 -0.515743 0.094867 0
0.000682 -0.053250 0.059374 0
-0.215730 -0.715736 0.160715 0
0.510780 0.148402 -0.066086 0
-0.042658 -0.288512 0.068356 0
-0.662616 0.239228 0.177099 0
-0.475476 0.221190 0.022962 0
-0.783340 0.202458 0.252099 0
-0.175369 0.305764 0.224288 0
-0.495874 0.323996 0.320890 0
-0.281418 0.335660 0.258551 0
-0.028817 0.137884 -0.038349 0
0.597595 0.131085 -0.210005 0
-0.007873 0.051594 0.020903 0
0.249446 0.133799 -0.125756 0
0.516717 0.130894 -0.296326 0
-0.463018 0.327127 0.217807 0
-0.336861 0.289379 0.066512 0
0.718937 0.048020 -0.353521 0
-0.358276 0.324215 0.186737 0
-0.533093 0.268821 0.131268 0
0.712520 0.101934 -0.249949 0
-0.595942 0.302500 0.326023 0
-0.165646 0.277714 0.120966 0
0.589473 0.117837 -0.113329 0
0.414558 0.159585 -0.124449 0
0.837362 -0.022080 -0.338362 0
-0.246673 -0.920431 0.132163 0
0.143512 0.083163 -0.004924 0
-0.180168 -0.675975 0.081126 0
-0.118776 -0.330164 0.036685 0
0.311857 0.141138 -0.053612 0
0.403207 0.149869 -0.217118 0
-0.833526 0.189870 0.330549 0
-0.164579 -0.449051 0.054359 0
-0.042955 0.191009 0.130845 0
-0.655688 0.284412 0.262846 0
0.017950 -0.132222 0.025498 0
-0.647743 0.158326 0.135813 0
-0.795947 0.117661 0.220931 0
0.633655 0.065619 -0.395614 0
-0.174394 0.263676 -0.064027 0
-0.407107 0.278174 0.021314 0
0.298567 0.141608 -0.209800 0
0.422246 0.153435 -0.298257 0
-0.050353 0.188119 0.021007 0
0.045141 0.019052 0.070566 0
-0.250215 -0.786939 0.168994 0
-0.186617 -0.548776 0.059974 0
-0.266690 0.287403 -0.046240 0
0.771212 0.004899 -0.395138 0
-0.248374 -0.755446 0.089873 0
-0.006447 -0.212645 0.064250 0
-0.134490 0.243819 0.011596 0
-0.725770 0.253357 0.252470 0
0.880437 -0.083956 -0.405935 0
0.055520 -0.064559 0.008508 0
-0.260758 0.284641 0.075466 0
-0.143143 -0.584542 0.113433 0
0.165698 0.103773 -0.177504 0
-0.081916 -0.239813 0.031579 0
0.521041 0.107790 -0.364059 0
-0.728061 0.207550 0.198043 0
-0.595011 0.257861 0.165172 0
-0.774351 0.233367 0.320473 0
-0.099252 0.251048 0.114358 0
0.767024 0.078012 -0.212176 0
0.281881 0.165276 0.004589 0
0.191012 0.117927 -0.084365 0
0.861296 0.014114 -0.284563 0
0.530251 0.146369 -0.134503 0
-0.521217 0.231701 0.071560 0
-0.369518 0.298812 0.125854 0
-0.092754 -0.423472 0.065199 0
0.741367 -0.027098 -0.445268 0
-0.090429 -0.315494 0.105976 0
-0.173439 -0.642283 0.137800 0
0.018609 -0.008880 0.013665 0
0.350895 0.160047 -0.106497 0
0.106151 0.056308 -0.058489 0
-0.178216 -0.508242 0.127335 0
0.662689 0.119604 -0.212367 0
0.585659 0.097078 -0.365870 0
-0.038352 0.117353 0.032811 0
-0.303333 0.287244 0.011359 0
-0.140812 0.262295 0.180234 0
-0.242765 -0.681846 0.113349 0
0.452460 0.168558 -0.048475 0
-0.486322 0.297627 0.166938 0
0.250401 0.112772 -0.061689 0
-0.239527 0.321365 0.203468 0
-0.832252 0.165744 0.272507 0
0.688174 0.081728 -0.304199 0
-0.449777 0.343519 0.282687 0
-0.026565 -0.131955 0.070145 0
-0.419590 0.314182 0.171088 0
-0.453403 0.265855 0.060961 0
0.463930 0.145226 -0.252881 0
0.538097 0.134084 -0.229929 0
-0.349667 0.348292 0.242745 0
0.287163 0.120132 -0.269136 0
-0.655307 0.286863 0.325222 0
-0.515021 0.323770 0.262975 0
-0.065555 0.213746 0.073773 0
-0.138078 -0.442831 0.108497 0
-0.012811 -0.084266 0.005018 0
-0.184768 0.263298 0.062367 0
0.785963 0.029061 -0.341663 0
-0.619170 0.280927 0.214320 0
0.577465 0.115441 -0.269632 0
0.307302 0.117456 -0.107301 0
-0.084619 -0.255364 0.092589 0
-0.082872 -0.362711 0.070529 0
-0.300750 0.326984 0.196026 0
-0.262743 -0.849314 0.149205 0
0.473830 0.157226 -0.124605 0
0.625873 0.121744 -0.160234 0
-0.692223 0.189272 0.156445 0
0.017944 0.100788 0.036496 0
-0.619222 0.207285 0.145862 0
-0.178842 -0.617471 0.078409 0
-0.207174 -0.782621 0.121137 0
0.892065 -0.016322 -0.322047 0
-0.409404 0.339833 0.233322 0
-0.059241 0.185699 -0.036791 0
-0.310967 0.293388 0.116480 0
-0.204961 -0.723140 0.105059 0
0.743368 0.074841 -0.287524 0
0.222306 0.129544 -0.174515 0
-0.203168 0.299981 0.155332 0
-0.137381 -0.394679 0.050184 0
0.656857 0.108179 -0.267620 0
-0.763885 0.166880 0.206980 0
0.111659 0.040533 0.021726 0
-0.057775 -0.199746 0.078911 0
0.391442 0.156222 -0.343446 0
0.191074 0.095877 -0.030055 0
0.337692 0.182232 -0.024816 0
0.374809 0.145509 -0.161960 0
0.876188 -0.040970 -0.371098 0
0.618947 0.035285 -0.437991 0
0.718098 0.103397 -0.194913 0
-0.010662 -0.180714 0.021636 0
0.306609 0.143230 -0.154035 0
-0.485164 0.274149 0.108257 0
-0.565305 0.313245 0.283744 0
0.801695 -0.034603 -0.375573 0
0.666271 0.072625 -0.354447 0
-0.400107 0.286029 0.076411 0
0.468945 0.134081 -0.326361 0
0.685845 0.044509 -0.394260 0
0.558233 0.117856 -0.325652 0
-0.168994 -0.695312 0.148395 0
-0.216140 -0.880450 0.147041 0
0.145702 0.097337 -0.056337 0
0.349953 0.148089 -0.217558 0
-0.088300 0.217704 0.001407 0
-0.215679 0.282434 0.107922 0
0.810808 0.052828 -0.239225 0
-0.856840 0.143817 0.331615 0
-0.180627 -0.593637 0.153482 0
0.442384 0.149982 -0.174453 0
-0.118381 -0.470878 0.060031 0
-0.574828 0.238576 0.122204 0
-0.552938 0.284240 0.185534 0
-0.036581 -0.128799 0.015591 0
-0.254421 -0.876246 0.107071 0
-0.220699 0.318239 0.250376 0
-0.105668 -0.280506 0.050064 0
0.394269 0.143000 -0.081433 0
0.192373 0.122053 -0.134745 0
-0.685143 0.254820 0.222822 0
-0.216751 0.282867 -0.045550 0
0.919436 -0.101783 -0.378560 0
-0.813702 0.213549 0.291500 0
-0.037416 0.162092 0.090647 0
0.032291 -0.091462 0.060209 0
-0.134778 0.248850 0.078296 0
-0.169896 -0.497184 0.062888 0
0.568882 0.134590 -0.162409 0
0.066025 -0.017814 0.022055 0
0.482424 0.099170 -0.392438 0
-0.515418 0.308310 0.205094 0
-0.360239 0.286943 0.011555 0
-0.219439 -0.663122 0.151532 0
-0.135437 0.253501 -0.035612 0
-0.271719 -0.762959 0.133258 0
-0.000748 0.107158 -0.014580 0
0.257994 0.154566 -0.039579 0
-0.028301 -0.225050 0.019764 0
-0.207573 -0.830494 0.142617 0
-0.137352 -0.345704 0.077703 0
0.719637 0.012821 -0.417811 0
-0.610408 0.298751 0.261098 0
0.389670 0.152158 -0.263699 0
-0.213820 -0.644506 0.108497 0
-0.071342 -0.330346 0.038318 0
-0.047801 0.234626 0.146918 0
0.759767 -0.008878 -0.352061 0
0.829599 0.023910 -0.317223 0
0.546775 0.128253 -0.095114 0
-0.177344 0.269934 -0.015424 0
-0.541312 0.311002 0.322911 0
-0.014006 0.148336 0.009334 0
-0.165095 -0.552452 0.140642 0
0.279262 0.148980 -0.089441 0
0.365761 0.176349 -0.066201 0
-0.826419 0.108505 0.254643 0
0.769105 0.045171 -0.257384 0
-0.685862 0.141688 0.153113 0
-0.326478 0.312899 0.157588 0
-0.699904 0.272554 0.282970 0
0.030527 0.032010 0.030795 0
-0.438236 0.252261 0.003815 0
0.002063 -0.163980 0.060587 0
0.255345 0.134851 -0.205281 0
-0.765936 0.238398 0.270509 0
0.019888 0.063863 0.060174 0
0.850908 -0.051609 -0.407310 0
-0.010004 -0.095327 0.049704 0
-0.540229 0.185798 0.071521 0
-0.806152 0.163375 0.237564 0
-0.183855 -0.578236 0.097257 0
-0.233619 -0.677520 0.071157 0
-0.082495 0.213685 0.131791 0
0.615772 0.119948 -0.250331 0
0.431204 0.172641 -0.085754 0
-0.206217 -0.797598 0.080871 0
-0.041052 -0.238641 0.071742 0
-0.611535 0.168483 0.115137 0
0.818744 0.019829 -0.273450 0
-0.329750 0.338880 0.279333 0
-0.017180 0.010167 0.027092 0
0.032889 -0.036884 -0.015153 0
0.251554 0.130450 -0.248097 0
-0.114645 -0.477978 0.113987 0
-0.165036 0.296919 0.177090 0
-0.168551 -0.538245 0.099292 0
0.646647 0.096223 -0.133904 0
-0.262086 0.286194 0.003124 0
0.596256 0.068235 -0.414633 0
0.627476 0.088558 -0.353078 0
0.752970 0.051233 -0.328232 0
0.144350 0.053483 -0.034326 0
-0.388681 0.282588 -0.018708 0
-0.499342 0.258049 0.168400 0
-0.375743 0.320733 0.259792 0
-0.104791 0.225988 0.051332 0
0.103420 0.058713 -0.017208 0
-0.243837 -0.722879 0.119296 0
-0.152329 -0.479537 0.095872 0
-0.250195 -0.801778 0.127465 0
-0.046134 -0.260598 0.030709 0
0.434021 0.152281 -0.338477 0
-0.135178 0.293599 0.206418 0
-0.109418 0.274278 0.156711 0
-0.146146 -0.574951 0.073935 0
-0.157639 -0.645171 0.099185 0
0.376958 0.162583 -0.306084 0
0.008042 -0.047940 0.015845 0
-0.146101 -0.402102 0.089055 0
0.781656 -0.025614 -0.428038 0
-0.292521 0.287091 0.050530 0
-0.216213 -0.905373 0.110418 0
-0.225299 0.277112 0.057776 0
0.529320 0.144487 -0.180249 0
0.028772 -0.092595 0.019044 0
-0.008334 0.184334 0.107134 0
0.450588 0.140722 -0.212640 0
-0.236499 -0.749475 0.148379 0
-0.306689 0.286146 -0.044843 0
0.752152 0.029193 -0.365221 0
0.481150 0.166794 -0.085177 0
-0.170369 0.259665 0.022287 0
0.264785 0.137343 -0.162054 0
0.249379 0.138901 -0.001747 0
0.155100 0.104015 -0.139074 0
0.654272 0.039537 -0.421012 0
-0.060960 -0.326790 0.082508 0
-0.746902 0.255042 0.300582 0
-0.754882 0.212388 0.227009 0
0.502846 0.133959 -0.259798 0
0.317139 0.147429 -0.249916 0
-0.505100 0.205754 0.047188 0
0.215794 0.130972 -0.056739 0
0.356794 0.123981 -0.119787 0
0.807635 0.000862 -0.361094 0
0.338972 0.145480 -0.180510 0
-0.554405 0.216448 0.095384 0
0.517680 0.085578 -0.400528 0
-0.107027 -0.420862 0.101004 0
-0.657756 0.205388 0.146866 0
-0.269674 0.289261 0.113169 0
0.842139 -0.024690 -0.378662 0
-0.724982 0.176754 0.175384 0
0.239764 0.093771 -0.093255 0
-0.128803 -0.434607 0.071833 0
0.072496 0.019830 0.024901 0
-0.625487 0.298307 0.302254 0
-0.756612 0.128170 0.196613 0
-0.491862 0.255620 0.075676 0
-0.032288 0.175288 0.051918 0
0.483512 0.121942 -0.359192 0
-0.696428 0.223435 0.183734 0
-0.123380 -0.309342 0.067771 0
-0.447106 0.297490 0.151483 0
-0.405675 0.300094 0.139280 0
0.183750 0.111271 -0.209380 0
-0.049467 -0.161444 0.068577 0
0.552014 0.092385 -0.387506 0
-0.080334 0.190778 0.099205 0
-0.857536 0.147716 0.292944 0
0.342609 0.142423 -0.074325 0
0.758564 0.085868 -0.247416 0
-0.139080 -0.539043 0.069047 0
-0.626538 0.258869 0.184083 0
-0.050671 0.221948 0.106308 0
-0.177099 -0.675355 0.117687 0
-0.096428 -0.391341 0.048037 0
-0.081267 -0.202843 0.051012 0
-0.399158 0.329128 0.199856 0
0.231338 0.129763 -0.094209 0
0.478683 0.141539 -0.286097 0
0.303823 0.168982 -0.027991 0
-0.373089 0.286499 0.045669 0
-0.060158 -0.293842 0.035566 0
0.013546 0.073600 0.001496 0
0.510527 0.155536 -0.105429 0
0.891067 -0.073205 -0.363642 0
0.422929 0.152178 -0.247425 0
-0.468394 0.332648 0.253747 0
-0.652104 0.266311 0.212561 0
0.037381 -0.045226 0.036655 0
-0.187133 -0.611771 0.121100 0
0.499607 0.150029 -0.153107 0
-0.112593 0.238967 0.150379 0
-0.334013 0.334924 0.213316 0
0.707791 -0.009080 -0.448731 0
-0.107523 -0.348149 0.097305 0
-0.204405 0.314666 0.203917 0
-0.115984 0.219487 0.115790 0
0.316240 0.153090 -0.111825 0
-0.035704 0.170594 -0.014596 0
-0.209103 -0.761660 0.092345 0
0.860133 -0.015664 -0.306223 0
-0.367004 0.289720 0.089098 0
0.683202 0.114468 -0.183717 0
-0.602575 0.203945 0.111860 0
-0.582743 0.285715 0.204645 0
-0.255504 0.330344 0.233795 0
-0.257510 0.284689 0.038208 0
0.402204 0.179509 -0.066633 0
0.010263 0.033984 -0.003668 0
0.558120 0.137248 -0.199217 0
0.008483 -0.123293 0.060290 0
0.889180 -0.049971 -0.331704 0
-0.105905 0.276939 0.196547 0
0.655373 0.083832 -0.316508 0
-0.523000 0.285183 0.167340 0
-0.232299 -0.717040 0.084138 0
0.536011 0.124414 -0.264987 0
0.403875 0.145555 -0.181238 0
-0.563013 0.267970 0.155784 0
0.587375 0.111473 -0.307288 0
-0.139643 -0.547808 0.117727 0
-0.076519 0.253075 0.141503 0
-0.267980 0.316717 0.180338 0
-0.462066 0.329449 0.317226 0
0.200358 0.117238 -0.004004 0
-0.090124 -0.291616 0.081265 0
0.696541 0.112015 -0.220220 0
0.160343 0.108843 -0.104634 0
-0.378177 0.312553 0.156002 0
0.060942 -0.013879 -0.019078 0
-0.107329 0.233313 -0.027269 0
-0.451881 0.313557 0.181980 0
-0.232915 0.298747 0.138374 0
0.772743 -0.036031 -0.393347 0
0.227890 0.112402 -0.031114 0
-0.031820 0.194586 0.079726 0
0.315528 0.127178 -0.288037 0
0.859754 0.003058 -0.335119 0
0.694262 0.062964 -0.335879 0
-0.486316 0.333127 0.282395 0
-0.148807 0.250497 0.046633 0
-0.420617 0.345462 0.265754 0
-0.022792 -0.056263 0.026753 0
0.443585 0.155825 -0.141215 0
0.085754 0.038065 -0.038907 0
-0.007598 0.120710 0.056340 0
0.522819 0.122279 -0.328226 0
0.816390 -0.025258 -0.404306 0
-0.050082 -0.211060 0.041130 0
-0.309619 0.343201 0.242066 0
-0.260687 -0.810487 0.096855 0
-0.208439 -0.749902 0.128108 0
-0.332048 0.290895 -0.007347 0
-0.685349 0.270105 0.252587 0
0.614620 0.105796 -0.132801 0
-0.493683 0.324386 0.233479 0
-0.295349 0.287832 0.087469 0
0.630552 0.125722 -0.205753 0
0.337883 0.147541 -0.315738 0
0.723278 0.068696 -0.313330 0
-0.286086 0.292020 -0.019156 0
-0.215939 -0.692794 0.129682 0
0.121092 0.083753 -0.074107 0
0.326354 0.170567 -0.059002 0
0.345769 0.145753 -0.142345 0
-0.519152 0.323587 0.295924 0
0.287585 0.140086 -0.122182 0
-0.137134 0.273866 0.137387 0
-0.388749 0.353301 0.261345 0
-0.370226 0.337200 0.214752 0
0.280067 0.115952 -0.087519 0
-0.685818 0.279251 0.314589 0
-0.523045 0.249728 0.099015 0
-0.713419 0.238531 0.218746 0
0.038364 0.001500 0.039813 0
0.481342 0.136981 -0.223300 0
-0.116907 -0.366544 0.062895 0
-0.532270 0.312081 0.234601 0
0.140080 0.052115 0.004367 0
-0.089133 -0.383187 0.095049 0
-0.196141 -0.645774 0.081197 0
-0.071860 0.204065 0.039441 0
-0.224466 -0.864936 0.112373 0
0.715920 0.034147 -0.387972 0
0.807390 0.000396 -0.314981 0
-0.503302 0.280035 0.137377 0
-0.233150 -0.835889 0.161772 0
-0.095061 -0.249803 0.059440 0
0.790428 0.020319 -0.288909 0
-0.802637 0.214835 0.321737 0
-0.487638 0.238598 0.048656 0
-0.148022 -0.614022 0.125454 0
-0.841083 0.175570 0.302727 0
0.005504 -0.026246 0.039386 0
0.576898 0.127760 -0.240039 0
-0.214778 -0.676694 0.098621 0
-0.089375 0.235563 0.088193 0
-0.011928 -0.143201 0.029935 0
-0.138597 0.263535 0.106401 0
-0.458695 0.252837 0.032298 0
-0.594996 0.306000 0.292890 0
0.190828 0.123260 -0.175640 0
0.558940 0.135388 -0.126244 0
0.741859 0.095793 -0.219875 0
0.219913 0.099646 -0.059922 0
-0.747807 0.245873 0.332411 0
0.172716 0.099389 -0.004554 0
-0.256011 -0.846429 0.118453 0
-0.641021 0.187596 0.126086 0
-0.330036 0.287750 0.035737 0
-0.425443 0.275528 0.046852 0
0.599881 0.129606 -0.176142 0
0.279862 0.138329 -0.237005 0
0.180500 0.112583 -0.055361 0
0.002045 0.029109 0.043337 0
0.646515 0.118515 -0.239087 0
0.415156 0.146331 -0.362628 0
-0.029243 -0.191608 0.069343 0
-0.166963 0.262832 0.087909 0
0.547009 0.123775 -0.296757 0
0.375525 0.151212 -0.236006 0
0.130411 0.081972 -0.033103 0
-0.433188 0.279444 0.080270 0
-0.088125 -0.310038 0.054760 0
-0.246071 -0.770010 0.117256 0
-0.035986 0.138942 0.054986 0
0.654980 0.117061 -0.169843 0
-0.078518 0.207965 -0.027092 0
-0.232456 0.286022 -0.019025 0
0.002250 -0.110940 0.000365 0
-0.014465 0.097678 0.033038 0
0.357889 0.158332 -0.042328 0
0.772568 0.069973 -0.278619 0
-0.009950 0.147309 0.039934 0
-0.146961 -0.509106 0.110573 0
-0.038452 -0.190397 0.012393 0
-0.810703 0.194191 0.263662 0
0.161784 0.078526 -0.029907 0
-0.360241 0.347200 0.279897 0
0.367482 0.146530 -0.191930 0
-0.196885 -0.720656 0.134573 0
0.248929 0.144045 -0.066945 0
0.600521 0.103256 -0.339836 0
-0.295190 0.308238 0.151115 0
-0.245047 -0.875728 0.138358 0
0.109417 0.030193 -0.008191 0
-0.463180 0.287660 0.126965 0
0.277713 0.131879 -0.044570 0
0.471180 0.150351 -0.163950 0
-0.203785 -0.600846 0.083261 0
-0.040280 -0.120621 0.045541 0
0.024150 0.067144 0.029026 0
-0.400857 0.294349 0.110035 0
-0.126797 -0.498206 0.069693 0
0.606962 0.109244 -0.277128 0
-0.745007 0.153172 0.184350 0
0.388402 0.162002 -0.109762 0
-0.143623 0.243201 -0.062660 0
0.836290 -0.000189 -0.296419 0
0.688670 0.026777 -0.418533 0
-0.214358 -0.811904 0.116938 0
-0.639641 0.217356 0.167615 0
-0.592566 0.295988 0.234292 0
0.556194 0.104066 -0.360299 0
-0.613697 0.235802 0.152841 0
-0.202795 -0.636799 0.138484 0
0.692537 0.056492 -0.364962 0
0.876670 -0.019491 -0.347416 0
0.324325 0.109810 -0.135853 0
0.590464 0.127535 -0.143105 0
0.444704 0.148261 -0.279578 0
0.446470 0.163627 -0.109501 0
-0.059093 0.195560 -0.006298 0
0.741336 0.019855 -0.393049 0
0.411200 0.154036 -0.153320 0
-0.820206 0.137993 0.243214 0
0.830431 0.008739 -0.344027 0
-0.067359 -0.230272 0.061262 0
-0.242322 0.309192 0.166525 0
-0.243990 0.281196 0.099442 0
-0.673168 0.171893 0.141894 0
0.189191 0.127364 -0.031414 0
-0.415054 0.337668 0.302784 0
0.785140 0.072658 -0.252178 0
-0.194391 0.288804 0.127111 0
-0.114060 -0.462725 0.088934 0
-0.195170 0.268761 0.035047 0
-0.340344 0.300032 0.128618 0
0.684004 0.108618 -0.248917 0
0.311336 0.129610 -0.080954 0
-0.111278 -0.336012 0.067928 0
-0.546356 0.314803 0.260033 0
-0.050337 -0.228261 0.097368 0
-0.155370 -0.605921 0.097918 0
-0.116723 -0.404828 0.067968 0
-0.792319 0.220946 0.272656 0
0.830374 0.043287 -0.258488 0
-0.135986 0.290757 0.177406 0
-0.072511 0.233317 0.164226 0
0.288618 0.146344 -0.018450 0
0.782055 0.013011 -0.366752 0
0.758002 -0.009588 -0.423871 0
-0.784007 0.147767 0.214901 0
-0.148185 -0.372357 0.079672 0
-0.234131 -0.779317 0.146348 0
0.515151 0.142747 -0.206603 0
-0.078118 -0.270698 0.049167 0
-0.426584 0.326477 0.208148 0
0.787812 -0.008584 -0.342547 0
0.289596 0.159274 -0.054449 0
0.205674 0.124478 -0.108026 0
0.869819 -0.070345 -0.382559 0
0.425454 0.174758 -0.041448 0
0.798820 0.034779 -0.259426 0
0.295013 0.142079 -0.180120 0
-0.180645 -0.575570 0.067789 0
-0.459939 0.273977 0.088560 0
-0.848245 0.124887 0.272288 0
-0.039464 -0.152745 0.040752 0
-0.354312 0.315850 0.241678 0
0.921326 -0.092039 -0.346898 0
-0.194489 0.269662 0.090093 0
0.374346 0.153788 -0.133051 0
-0.776487 0.179444 0.229117 0
0.660190 0.060496 -0.386893 0
-0.004338 0.157509 0.098789 0
-0.166010 -0.455206 0.090790 0
0.582336 0.083949 -0.395555 0
0.375487 0.133923 -0.100969 0
0.778373 0.050105 -0.315826 0
0.310494 0.157768 -0.083520 0
0.490709 0.135017 -0.080836 0
-0.053134 0.159611 -0.045758 0
0.210072 0.131593 -0.201946 0
-0.761002 0.224808 0.294701 0
-0.028437 -0.240146 0.043546 0
0.055902 -0.035242 0.002387 0
0.793029 -0.048235 -0.411044 0
-0.638500 0.285959 0.240618 0
-0.187045 -0.701206 0.112787 0
-0.020506 -0.202755 0.042154 0
0.354668 0.153249 -0.260507 0
0.224035 0.128902 -0.146616 0
0.849953 -0.046749 -0.363402 0
0.720594 0.087487 -0.277599 0
0.003067 0.118144 0.010751 0
-0.739348 0.234468 0.233810 0
0.012749 0.118126 0.075158 0
-0.063822 -0.256294 0.070471 0
-0.173505 -0.576274 0.129009 0
-0.743185 0.184382 0.194962 0
-0.174920 -0.496146 0.090177 0
-0.030651 0.168588 0.021202 0
0.364731 0.184858 -0.038032 0
-0.073351 -0.283370 0.101690 0
0.139496 0.101350 -0.084969 0
-0.666942 0.285929 0.295476 0
0.163259 0.106204 -0.034668 0
0.394777 0.155871 -0.054468 0
0.665380 0.093422 -0.292668 0
-0.727872 0.262098 0.281957 0
-0.012277 -0.115691 0.028863 0
-0.203664 0.277918 -0.015941 0
-0.473981 0.350127 0.300122 0
-0.330970 0.323350 0.183793 0
0.025821 -0.067081 0.048643 0
-0.436704 0.333420 0.232722 0
-0.031084 0.215500 0.136671 0
0.652663 0.018893 -0.441090 0
-0.281282 0.335516 0.226194 0
-0.225614 -0.740972 0.106983 0
-0.110152 0.230660 0.011524 0
-0.081761 0.196026 -0.051471 0
-0.217774 0.309669 0.178523 0
-0.850982 0.117174 0.330257 0
-0.257013 -0.903091 0.111136 0
-0.488368 0.310667 0.190803 0
0.798355 -0.007975 -0.393371 0
-0.157450 0.275544 0.197270 0
0.424303 0.142805 -0.199034 0
-0.679326 0.214940 0.164324 0
-0.113592 -0.303391 0.037622 0
-0.204654 -0.661880 0.128167 0
0.761634 0.060143 -0.231883 0
0.007770 0.000679 0.036859 0
-0.755040 0.215328 0.253984 0
0.451400 0.143219 -0.305382 0
-0.218794 -0.907290 0.144660 0
0.832772 0.035245 -0.290675 0
-0.830460 0.193484 0.284622 0
0.405421 0.162807 -0.317195 0
0.692454 0.092692 -0.279893 0
-0.713700 0.157334 0.160412 0
-0.245103 -0.826213 0.137717 0
-0.178057 0.292268 0.148305 0
-0.013121 0.138708 -0.015853 0
-0.573996 0.307591 0.309655 0
-0.196197 -0.624510 0.097740 0
-0.156787 -0.529645 0.127703 0
-0.232780 -0.791211 0.107407 0
-0.155985 -0.519255 0.085036 0
0.164354 0.109728 -0.076639 0
-0.152067 -0.424996 0.062487 0
-0.101999 0.192482 0.083442 0
-0.198314 0.304773 0.238164 0
-0.061119 0.211377 0.148364 0
-0.062055 -0.306419 0.063591 0
-0.069376 -0.215250 0.023030 0
-0.108739 0.250001 0.174349 0
-0.020736 0.144851 0.079153 0
0.743026 0.093414 -0.193424 0
0.030110 0.038698 0.060882 0
0.307469 0.170004 -0.001704 0
-0.791464 0.229418 0.297787 0
0.493868 0.132126 -0.309720 0
0.607873 0.086212 -0.375410 0
-0.629039 0.281179 0.322106 0
-0.604153 0.270687 0.191768 0
-0.119586 -0.384072 0.086748 0
-0.541179 0.299236 0.203809 0
0.618999 0.055529 -0.418811 0
0.029273 -0.063425 0.010770 0
-0.137909 -0.458917 0.076205 0
0.007392 0.018064 0.017086 0
0.044545 -0.005938 0.010424 0
0.897599 -0.044676 -0.356407 0
0.047859 -0.082078 0.033570 0
0.368757 0.143757 -0.074835 0
-0.581183 0.217608 0.105475 0
-0.050477 0.192813 0.058776 0
0.325486 0.156115 -0.035012 0
-0.199266 -0.847424 0.124522 0
0.801745 0.033092 -0.321226 0
-0.058861 0.176255 0.095918 0
0.634793 0.099939 -0.288860 0
-0.226569 -0.688138 0.153924 0
-0.708361 0.199157 0.183107 0
0.702909 0.095330 -0.175295 0
-0.079223 -0.335889 0.062558 0
-0.040979 -0.182711 0.039450 0
-0.151858 0.254757 -0.004442 0
-0.269135 0.325100 0.204960 0
-0.195776 -0.694931 0.145950 0
-0.177889 0.306882 0.198463 0
-0.040137 -0.265930 0.080889 0
0.461481 0.113176 -0.383211 0
0.902217 -0.087597 -0.391738 0
0.397893 0.157951 -0.290652 0
0.529203 0.145472 -0.087031 0
0.038569 -0.107154 0.038066 0
0.473311 0.155294 -0.063360 0
-0.008284 0.170536 0.076786 0
-0.278506 0.287913 0.023004 0
0.003532 -0.150566 0.010637 0
-0.457594 0.235079 0.010605 0
-0.349509 0.330694 0.263294 0
-0.601165 0.223994 0.127954 0
0.085402 0.002538 0.010939 0
-0.224175 0.322628 0.223994 0
0.255774 0.136938 -0.097024 0
-0.023823 -0.163460 0.057950 0
-0.554970 0.254321 0.125767 0
-0.098294 -0.315788 0.080235 0
0.880905 -0.001693 -0.301264 0
0.852916 -0.013160 -0.358613 0
-0.346479 0.293102 0.104841 0
0.491114 0.124219 -0.334240 0
-0.001577 -0.186787 0.048188 0
-0.176581 -0.528276 0.073104 0
0.085357 0.030585 0.001760 0
-0.157696 -0.559532 0.090602 0
-0.125019 0.240138 0.034884 0
0.323572 0.145864 -0.208801 0
-0.224798 -0.723989 0.138606 0
-0.701918 0.261074 0.346182 0
-0.156062 0.264673 -0.045004 0
-0.101171 -0.443620 0.110131 0
0.820189 -0.026316 -0.356321 0
-0.583580 0.303406 0.256627 0
0.041785 0.020234 0.011591 0
0.334941 0.163046 -0.086558 0
-0.228973 -0.856739 0.142181 0
0.830036 -0.053815 -0.393436 0
-0.425306 0.271305 -0.006284 0
-0.241840 0.281228 0.018866 0
-0.538486 0.210762 0.070762 0
0.733391 -0.006296 -0.433850 0
-0.085231 0.267655 0.161455 0
0.511646 0.130764 -0.236730 0
0.462603 0.146512 -0.191641 0
0.261455 0.133626 -0.022767 0
-0.139307 -0.469512 0.114402 0
0.269352 0.168323 -0.016528 0
0.378685 0.169481 -0.088276 0
-0.192372 -0.664782 0.101360 0
-0.401820 0.281557 0.050944 0
-0.512664 0.266969 0.117554 0
-0.824487 0.202963 0.310989 0
0.736684 0.091735 -0.259408 0
-0.562586 0.299545 0.329963 0
0.540477 0.114168 -0.343374 0
-0.025303 0.201635 0.102412 0
-0.185959 0.275234 -0.045638 0
-0.225886 -0.702326 0.109359 0
0.598200 0.049944 -0.430873 0
-0.364879 0.287572 -0.015790 0
-0.154797 0.291210 0.220715 0
-0.098570 0.262176 0.136038 0
-0.670103 0.251370 0.203952 0
-0.001970 -0.025601 0.016200 0
-0.138220 -0.544330 0.092818 0
-0.090306 -0.399040 0.070283 0
0.860063 -0.027899 -0.327229 0
-0.246298 -0.848700 0.093599 0
0.719203 0.105699 -0.226158 0
-0.006040 -0.073393 0.030562 0
-0.078279 -0.359603 0.094130 0
-0.386479 0.321426 0.180697 0
0.335482 0.124791 -0.108325 0
-0.019007 0.193745 0.128593 0
-0.252270 -0.747108 0.112202 0
-0.662768 0.275558 0.241537 0
-0.155168 0.284832 0.150125 0
-0.119339 0.240299 -0.047798 0
0.369272 0.157400 -0.279239 0
0.007605 0.079734 0.042066 0
0.231223 0.124960 -0.009295 0
0.003051 0.099146 0.057291 0
-0.197872 -0.609165 0.147154 0
-0.349934 0.315797 0.161792 0
-0.056503 -0.239069 0.032952 0
0.236407 0.152314 -0.026194 0
0.536586 0.143679 -0.157432 0
-0.020013 -0.159462 0.014407 0
0.232189 0.132730 -0.210817 0
-0.071572 0.233385 0.107466 0
0.098194 0.021614 0.027053 0
-0.307994 0.319445 0.174632 0
-0.093797 0.220467 0.031006 0
0.791943 -0.042374 -0.441355 0
-0.231680 -0.636218 0.095219 0
-0.116956 0.252895 0.098666 0
-0.067558 -0.286520 0.076015 0
-0.239764 0.287256 -0.041901 0
-0.329179 0.289686 0.088939 0
-0.302467 0.333869 0.269247 0
-0.183460 -0.533450 0.117051 0
-0.193535 0.303593 0.176631 0
-0.229543 0.276654 0.081287 0
0.124116 0.069906 -0.007470 0
-0.189230 -0.699928 0.089292 0
0.059107 -0.045926 0.023219 0
0.650103 0.084239 -0.339539 0
0.792124 0.062841 -0.228845 0
-0.676987 0.278935 0.272811 0
-0.633440 0.242766 0.168282 0
0.846932 0.031571 -0.270486 0
-0.718143 0.266798 0.305089 0
-0.537909 0.232643 0.091008 0
-0.039406 -0.259047 0.058404 0
0.007120 -0.142243 0.046493 0
-0.102107 0.204584 0.103529 0
-0.099980 -0.439227 0.087127 0
0.039179 -0.020829 0.032699 0
-0.552083 0.316737 0.302770 0
-0.591233 0.174916 0.105155 0
-0.125698 -0.407968 0.106651 0
-0.180803 -0.556541 0.088871 0
-0.853997 0.129627 0.307239 0
-0.573111 0.272656 0.176279 0
0.799201 0.061819 -0.267443 0
-0.775743 0.126552 0.209945 0
0.567406 0.125381 -0.105553 0
0.001681 0.128552 0.032583 0
-0.263667 0.320741 0.260224 0
0.616741 0.126648 -0.228091 0
-0.560520 0.176659 0.084039 0
0.857954 -0.078298 -0.404290 0
0.414265 0.150861 -0.268951 0
0.297689 0.137839 -0.258207 0
0.279887 0.141033 -0.144823 0
0.015808 -0.105441 0.047404 0
0.001757 -0.076312 0.055836 0
0.912178 -0.050088 -0.328821 0
-0.309180 0.292680 -0.017641 0
-0.478583 0.262982 0.159482 0
0.781299 -0.021221 -0.360767 0
-0.329363 0.347281 0.253734 0
0.076559 -0.018064 0.001496 0
-0.166533 -0.587867 0.081314 0
0.361074 0.148793 -0.315536 0
-0.288979 0.299380 0.130783 0
-0.037789 0.175729 0.109191 0
0.457716 0.136095 -0.355261 0
0.914177 -0.077020 -0.375178 0
0.781341 -0.010098 -0.411072 0
0.412516 0.167231 -0.097969 0
0.864009 0.011470 -0.314185 0
0.012059 0.097037 0.010216 0
-0.636298 0.292738 0.282793 0
0.450957 0.174217 -0.074185 0
0.865661 -0.044638 -0.346849 0
0.229768 0.123393 -0.248741 0
0.343556 0.148912 -0.240950 0
-0.002106 -0.094740 0.023306 0
0.810614 0.020026 -0.337779 0
0.169258 0.115595 -0.152783 0
-0.376355 0.287238 0.068279 0
-0.031096 -0.218138 0.070095 0
-0.804173 0.138207 0.226622 0
-0.068023 0.199102 0.121829 0
0.836166 -0.061363 -0.421758 0
0.501444 0.110009 -0.375556 0
0.016021 0.049616 0.041181 0
0.444246 0.149189 -0.239887 0
-0.155857 0.252308 0.070355 0
-0.049869 -0.190331 0.059737 0
-0.206248 -0.583848 0.100947 0
-0.134475 -0.369309 0.048682 0
0.663542 0.097234 -0.159065 0
0.761610 0.036574 -0.343344 0
0.568536 0.117646 -0.292684 0
-0.162311 -0.596834 0.121224 0
0.250954 0.134472 -0.182980 0
0.647449 0.076002 -0.366721 0
-0.093965 -0.261033 0.036063 0
0.015490 0.119052 0.052639 0
0.818574 -0.015606 -0.383883 0
0.010309 -0.077406 0.015358 0
-0.313373 0.303904 0.138266 0
0.169066 0.077695 0.000903 0
-0.131369 -0.424170 0.091879 0
0.277605 0.137166 -0.201894 0
-0.476390 0.289520 0.145245 0
-0.541729 0.275071 0.152862 0
0.636655 0.114572 -0.259057 0
-0.250879 0.294661 0.125334 0
0.648558 0.121168 -0.191053 0
-0.312720 0.335976 0.220615 0
0.199698 0.094306 -0.051538 0
-0.516976 0.297679 0.185081 0
0.579702 0.109891 -0.334400 0
-0.171364 -0.558546 0.115333 0
0.002738 0.054596 -0.008604 0
-0.708041 0.265364 0.263320 0
-0.770936 0.215397 0.276585 0
-0.427941 0.269887 0.021471 0
-0.004970 -0.045935 0.037112 0
0.096610 0.051050 0.008868 0
0.578536 0.133336 -0.190857 0
-0.578212 0.254908 0.145811 0
-0.187983 0.267706 0.004141 0
0.027442 0.051119 0.013804 0
0.809516 -0.045176 -0.395322 0
-0.445215 0.334299 0.303383 0
0.484106 0.137309 -0.247501 0
-0.225897 -0.667440 0.115848 0
0.325129 0.146080 -0.133886 0
-0.233844 -0.800795 0.175102 0
-0.493720 0.317641 0.211283 0
0.702305 0.010027 -0.431515 0
0.228378 0.130407 -0.116265 0
-0.239901 -0.800562 0.149557 0
-0.387361 0.282929 0.012242 0
-0.082870 -0.354936 0.049699 0
-0.109088 0.240525 0.079190 0
0.594001 0.121977 -0.254237 0
0.028161 -0.027488 0.006246 0
-0.088043 0.220925 0.064911 0
-0.166630 -0.655921 0.119257 0
0.005657 0.137444 0.086804 0
-0.087242 -0.227325 0.052111 0
0.537902 0.143892 -0.113956 0
-0.755175 0.194320 0.214351 0
-0.838433 0.143428 0.265505 0
0.644910 0.111143 -0.150018 0
-0.072477 -0.237839 0.087064 0
-0.052762 -0.277358 0.048149 0
0.809473 0.009391 -0.294997 0
-0.820995 0.166420 0.253626 0
0.530767 0.097546 -0.385161 0
-0.114052 -0.445107 0.059375 0
-0.150687 -0.425123 0.105260 0
-0.427634 0.346901 0.287309 0
-0.145621 -0.499337 0.080966 0
-0.427357 0.297791 0.141847 0
0.558028 0.119906 -0.260466 0
0.384819 0.181924 -0.053529 0
-0.119456 -0.491214 0.089061 0
0.294580 0.130796 -0.062050 0
0.866873 -0.050561 -0.392455 0
0.306046 0.144010 -0.231432 0
0.101457 0.011178 -0.001149 0
0.624144 0.096152 -0.332948 0
-0.010800 -0.133386 0.010538 0
-0.223859 -0.769833 0.106102 0
0.567580 0.133290 -0.218416 0
-0.184326 -0.606443 0.100162 0
0.540245 0.086982 -0.404948 0
0.512052 0.115942 -0.345995 0
0.110986 0.072489 -0.044847 0
-0.235358 -0.748462 0.125736 0
-0.234905 -0.895870 0.135687 0
-0.125939 0.240758 0.060224 0
0.895375 -0.067851 -0.385969 0
-0.022098 -0.249032 0.070112 0
-0.844571 0.171296 0.329123 0
-0.134999 -0.518679 0.075110 0
-0.689488 0.241807 0.204702 0
0.399526 0.152042 -0.238305 0
-0.699935 0.258948 0.241221 0
0.826218 -0.042356 -0.375543 0
-0.764486 0.246132 0.291854 0
-0.163983 -0.626614 0.108083 0
-0.009417 -0.053869 0.004744 0
-0.253858 -0.820432 0.117410 0
0.379317 0.149460 -0.214919 0
0.899455 -0.035934 -0.317305 0
0.003673 -0.167198 0.039406 0
-0.084565 -0.270776 0.069655 0
0.830439 -0.008535 -0.362617 0
-0.059569 0.238350 0.129362 0
0.353762 0.156313 -0.296840 0
-0.115984 0.283078 0.176762 0
-0.015645 -0.103228 0.068810 0
-0.442019 0.338549 0.252832 0
0.497921 0.152671 -0.131939 0
0.732535 0.037896 -0.366555 0
0.319333 0.144006 -0.172233 0
0.820111 0.047793 -0.276663 0
-0.630584 0.166761 0.124624 0
-0.622162 0.188593 0.116285 0
0.839493 0.012832 -0.277252 0
-0.197596 -0.633896 0.117228 0
-0.117923 0.263954 0.127436 0
0.064198 0.003933 0.010929 0
0.270767 0.127817 -0.258017 0
-0.019918 -0.129174 0.043732 0
0.239552 0.131668 -0.160845 0
-0.406833 0.350577 0.281028 0
-0.224569 -0.762963 0.136853 0
-0.218287 -0.701320 0.086066 0
-0.060274 -0.196388 0.025875 0
0.808035 -0.010224 -0.336650 0
-0.143519 -0.441579 0.088132 0
-0.508346 0.224779 0.055752 0
-0.157749 -0.481909 0.070916 0
0.110936 0.028561 -0.029175 0
-0.107498 -0.295468 0.068470 0
-0.515891 0.319563 0.325874 0
-0.106614 -0.384899 0.065351 0
-0.060370 -0.208912 0.060111 0
0.425968 0.178411 -0.066199 0
0.423289 0.149429 -0.223377 0
-0.461628 0.323510 0.295964 0
0.085497 0.039692 -0.017983 0
0.142084 0.107013 -0.122900 0
0.097533 0.057874 -0.037307 0
0.627449 0.078827 -0.376645 0
-0.022371 -0.105545 0.013579 0
-0.134484 0.274170 0.198652 0
-0.744987 0.252641 0.274502 0
-0.495409 0.328307 0.253953 0
-0.060370 -0.152460 0.047326 0
-0.098983 -0.365777 0.088975 0
0.027038 0.020002 0.047529 0
0.267769 0.148807 -0.001958 0
-0.059983 -0.257849 0.046418 0
0.168599 0.112694 -0.123413 0
0.278377 0.165527 -0.035138 0
-0.093293 0.220401 -0.018805 0
0.848064 0.024388 -0.299734 0
0.379048 0.163426 -0.043160 0
-0.196813 -0.739036 0.094445 0
0.155732 0.106007 -0.014516 0
-0.645064 0.293077 0.308285 0
-0.542026 0.318937 0.279872 0
-0.614521 0.251518 0.168051 0
-0.562894 0.201941 0.083286 0
0.357624 0.135189 -0.090602 0
-0.117933 -0.345905 0.051051 0
-0.093422 -0.413162 0.085024 0
-0.283443 0.288488 0.002964 0
-0.127211 -0.503154 0.110099 0
0.673913 0.062662 -0.371273 0
0.769882 -0.035172 -0.441989 0
-0.002905 -0.182769 0.068332 0
-0.122320 -0.427011 0.113672 0
-0.155921 0.302279 0.203428 0
0.733554 0.050701 -0.334949 0
-0.389539 0.339617 0.221268 0
-0.525455 0.196567 0.062220 0
-0.471449 0.308571 0.178429 0
-0.249303 -0.695338 0.127329 0
-0.126610 -0.529845 0.108703 0
0.219272 0.127144 -0.077892 0
-0.217699 -0.749353 0.156409 0
0.379208 0.159691 -0.327452 0
-0.116782 -0.354701 0.079544 0
0.270173 0.119115 -0.069928 0
0.294597 0.149689 -0.102905 0
-0.696241 0.165302 0.153450 0
0.078911 -0.032080 0.028923 0
0.153871 0.068093 -0.045565 0
-0.494612 0.329510 0.301287 0
0.362800 0.177768 -0.019003 0
-0.281702 0.312509 0.165793 0
0.667895 0.046127 -0.403786 0
-0.175621 0.261204 0.041914 0
0.537873 0.139011 -0.210169 0
-0.136948 -0.404457 0.071027 0
0.499885 0.158881 -0.084537 0
0.179946 0.120293 -0.014739 0
-0.857748 0.158329 0.310282 0
0.491241 0.158301 -0.113589 0
0.211962 0.120722 -0.020315 0
0.678717 0.072178 -0.326594 0
-0.735303 0.222958 0.217575 0
0.550070 0.140539 -0.172258 0
0.753177 0.082501 -0.266767 0
-0.522013 0.279431 0.147915 0
-0.233291 0.302836 0.246554 0
-0.128362 0.247214 -0.017711 0
0.896328 -0.030216 -0.336474 0
0.354705 0.143409 -0.163033 0
0.156473 0.093377 -0.162812 0
0.241854 0.144751 -0.046793 0
-0.103110 0.228262 0.136086 0
-0.216306 -0.783803 0.093604 0
-0.350789 0.353103 0.262339 0
-0.253234 0.289619 -0.027026 0
0.502283 0.148442 -0.175187 0
0.705087 0.028615 -0.404085 0
0.404743 0.181810 -0.046738 0
-0.029682 -0.104127 0.040748 0
-0.515252 0.319741 0.243211 0
-0.769994 0.200777 0.233608 0
0.606799 0.126094 -0.155342 0
-0.645623 0.252927 0.186687 0
-0.415812 0.321753 0.189363 0
-0.259377 -0.784250 0.122318 0
0.702928 0.072483 -0.314309 0
-0.310233 0.286452 0.032372 0
-0.812951 0.119457 0.240226 0
0.742734 0.063882 -0.311539 0
-0.749778 0.237965 0.250638 0
-0.773767 0.222598 0.254782 0
-0.204075 -0.693912 0.105000 0
-0.258047 -0.829043 0.089647 0
-0.478076 0.254351 0.061131 0
-0.212568 -0.633126 0.089938 0
0.634909 0.042283 -0.425491 0
0.801086 -0.035601 -0.424849 0
0.851428 -0.062344 -0.387551 0
-0.064446 0.251091 0.159742 0
-0.218310 -0.846502 0.117183 0
0.905012 -0.076951 -0.349777 0
-0.096913 0.262034 0.186666 0
-0.078036 -0.383586 0.073609 0
0.244265 0.123834 -0.025624 0
-0.424704 0.287982 0.098730 0
-0.669357 0.274352 0.331905 0
0.473846 0.152507 -0.144291 0
0.563904 0.084352 -0.403167 0
-0.490815 0.209991 0.033933 0
-0.311114 0.287278 0.057711 0
-0.202563 -0.676217 0.144972 0
0.828473 -0.043884 -0.416068 0
0.616166 0.127629 -0.192101 0
-0.551529 0.235377 0.105280 0
-0.367672 0.345587 0.234677 0
0.207755 0.126903 -0.161186 0
-0.183847 -0.683718 0.134629 0
0.772326 0.061934 -0.296813 0
0.236969 0.131699 -0.232163 0
-0.148917 -0.585383 0.090635 0
-0.049049 -0.306673 0.078628 0
-0.240138 -0.680567 0.089684 0
0.345774 0.115791 -0.134145 0
0.325018 0.167179 -0.018527 0
-0.206460 0.271336 0.060183 0
-0.338772 0.287653 0.017919 0
0.878764 -0.027523 -0.312499 0
-0.289015 0.288894 0.106238 0
-0.028387 -0.221235 0.049517 0
0.842411 0.014344 -0.328947 0
-0.186249 -0.646016 0.099514 0
-0.259217 -0.865066 0.124286 0
-0.278766 0.286106 0.067410 0
0.472136 0.137285 -0.307105 0
0.010486 0.011902 -0.001445 0
-0.181765 -0.597432 0.134111 0
0.178617 0.116832 -0.106889 0
-0.616382 0.299109 0.279920 0
-0.184572 0.275797 0.106023 0
-0.054811 -0.225840 0.077754 0
-0.708826 0.138624 0.164348 0
0.712905 0.057082 -0.333327 0
-0.223905 -0.801333 0.130566 0
-0.330955 0.291934 -0.027116 0
-0.050130 -0.219105 0.021309 0
-0.466495 0.336114 0.273043 0
-0.239489 0.322962 0.246835 0
0.749843 0.003242 -0.411365 0
0.435807 0.149951 -0.315335 0
-0.330223 0.342499 0.234661 0
0.587115 0.110577 -0.287631 0
0.346951 0.149420 -0.056045 0
0.017703 -0.108468 0.015500 0
-0.635704 0.290488 0.259551 0
-0.128504 -0.326660 0.075545 0
-0.718892 0.225359 0.205230 0
-0.054823 0.224854 0.162448 0
-0.358028 0.287742 0.061260 0
0.577742 0.067735 -0.421136 0
-0.157567 -0.460312 0.068824 0
-0.685484 0.279565 0.294691 0
0.775947 0.077742 -0.229646 0
0.700875 0.111637 -0.199365 0
-0.214709 -0.894801 0.126841 0
0.615251 0.072293 -0.396162 0
-0.098824 -0.352574 0.060795 0
-0.514356 0.314008 0.223788 0
-0.452816 0.284517 0.110245 0
0.004455 0.066443 0.017801 0
-0.559629 0.293108 0.205791 0
0.435030 0.142298 -0.361212 0
-0.766606 0.148207 0.201989 0
-0.119840 0.227942 -0.063266 0
-0.000045 0.079693 -0.011104 0
-0.193505 -0.628142 0.153281 0
-0.735683 0.257339 0.316348 0
-0.166984 -0.514394 0.112674 0
0.709070 0.045244 -0.373533 0
0.189951 0.124613 -0.195025 0
-0.035078 -0.203230 0.026613 0
0.085452 0.002969 0.030381 0
0.499840 0.136138 -0.288215 0
-0.620716 0.292725 0.245751 0
-0.260753 -0.857742 0.102943 0
-0.108274 -0.401481 0.100337 0
-0.360638 0.309102 0.147020 0
0.270088 0.137232 -0.181046 0
-0.469983 0.316451 0.196119 0
0.267361 0.149915 -0.065265 0
-0.638724 0.205285 0.150711 0
0.268576 0.136249 -0.123557 0
0.414246 0.155329 -0.345458 0
-0.183208 -0.657019 0.129265 0
-0.040497 -0.153319 0.021394 0
-0.089933 0.233125 0.155730 0
-0.108927 -0.363301 0.109290 0
-0.240554 0.315549 0.184731 0
0.013786 -0.046650 0.046748 0
-0.476818 0.265875 0.083660 0
-0.137307 -0.482228 0.077422 0
0.393530 0.156998 -0.127734 0
-0.106484 -0.314817 0.058529 0
0.337642 0.153929 -0.119181 0
-0.444490 0.264882 0.043841 0
-0.657445 0.185456 0.136036 0
-0.037049 0.156085 -0.035687 0
-0.594535 0.304674 0.273650 0
-0.445581 0.324347 0.205584 0
0.799467 -0.018860 -0.354742 0
-0.188997 -0.588685 0.081026 0
-0.204112 0.317341 0.223001 0
-0.144929 -0.487653 0.117634 0
-0.020662 0.155841 -0.007108 0
-0.237245 -0.812294 0.096512 0
-0.501089 0.286559 0.155351 0
0.607455 0.104026 -0.296217 0
0.499692 0.091566 -0.403736 0
0.731040 0.099784 -0.240107 0
0.283883 0.141670 -0.164452 0
0.411690 0.164696 -0.052182 0
0.602390 0.105805 -0.320888 0
-0.233473 0.281151 0.001578 0
0.859109 -0.032834 -0.374847 0
0.003870 0.037196 0.025761 0
-0.377975 0.295161 0.109008 0
-0.666705 0.265924 0.225411 0
-0.508293 0.245774 0.074516 0
-0.610749 0.290015 0.228974 0
0.126701 0.086247 -0.092285 0
0.678868 0.102000 -0.270050 0
0.595889 0.129077 -0.229007 0
0.810611 0.042903 -0.299883 0
0.120938 0.053324 0.004345 0
-0.070222 0.224454 0.088986 0
0.551503 0.138345 -0.146623 0
-0.486996 0.281385 0.127382 0
0.757933 0.016879 -0.383930 0
-0.787563 0.163821 0.229857 0
0.450101 0.143226 -0.333311 0
0.082342 -0.007235 -0.013216 0
0.866683 -0.056066 -0.364057 0
0.386465 0.145239 -0.189682 0
-0.049282 0.204829 0.078538 0
-0.671159 0.193960 0.154401 0
-0.223748 0.303289 0.154570 0
-0.250464 -0.771417 0.157777 0
0.175767 0.111259 -0.191989 0
0.483817 0.141309 -0.266210 0
-0.144007 -0.461187 0.097828 0
-0.013232 0.069091 0.026488 0
-0.128986 -0.382888 0.070126 0
-0.077260 -0.294473 0.052445 0
-0.118361 0.262047 0.185647 0
0.678773 0.114371 -0.231466 0
0.605093 0.096443 -0.357072 0
0.343484 0.178266 -0.055758 0
0.315839 0.144796 -0.191415 0
-0.074718 0.209171 0.057705 0
-0.249267 -0.715809 0.092718 0
-0.163267 -0.606595 0.079765 0
0.036745 -0.046700 0.005566 0
-0.797987 0.185925 0.252165 0
0.212935 0.126597 -0.126714 0
-0.615211 0.210860 0.127611 0
0.423705 0.149952 -0.170869 0
0.706455 0.084015 -0.289829 0
-0.857832 0.125114 0.288683 0
-0.234371 0.289291 0.117634 0
-0.668166 0.216769 0.179580 0
0.327694 0.142794 -0.152411 0
-0.078687 -0.250044 0.049866 0
0.066544 0.003083 -0.025438 0
-0.008741 -0.010562 0.025496 0
0.305672 0.150134 -0.025701 0
0.205358 0.132967 -0.039470 0
-0.817450 0.199660 0.328769 0
-0.691713 0.265844 0.326525 0
0.463654 0.140049 -0.229180 0
-0.224833 -0.722506 0.110887 0
0.058161 0.000166 -0.006762 0
0.569948 0.132325 -0.143697 0
0.223524 0.142319 -0.003395 0
0.474801 0.163400 -0.105895 0
-0.251449 -0.893597 0.126961 0
-0.019074 -0.162515 0.032947 0
-0.504371 0.256103 0.089740 0
-0.532477 0.256066 0.114000 0
-0.205731 -0.750029 0.109517 0
0.047029 -0.092545 0.014658 0
0.770970 0.023290 -0.355635 0
-0.588118 0.241803 0.136788 0
0.877457 -0.006026 -0.327689 0
-0.599698 0.285478 0.212601 0
-0.049821 -0.170598 0.050670 0
-0.350657 0.289404 0.079148 0
0.566731 0.095150 -0.376315 0
-0.708517 0.255223 0.324018 0
-0.102047 -0.461922 0.106552 0
-0.007352 0.156332 0.056152 0
-0.047419 -0.184248 0.079605 0
0.444088 0.144457 -0.192575 0
-0.013195 -0.123455 0.060156 0
-0.250138 -0.795943 0.102518 0
0.841508 -0.016023 -0.321229 0
-0.184229 -0.586347 0.114008 0
0.245953 0.152787 0.010159 0
-0.023318 -0.143796 0.054719 0
-0.433921 0.317697 0.184487 0
-0.504941 0.328232 0.284871 0
-0.781762 0.233099 0.281955 0
-0.691603 0.203953 0.176666 0
0.680881 0.089245 -0.169801 0
0.770589 -0.000493 -0.339516 0
0.845252 -0.033243 -0.350928 0
0.856231 -0.002005 -0.292224 0
0.760423 0.087480 -0.226770 0
-0.156025 -0.568298 0.119009 0
-0.850368 0.166360 0.289580 0
-0.475533 0.328028 0.232574 0
-0.091057 0.210734 -0.045096 0
0.224811 0.139247 -0.042073 0
-0.396255 0.311279 0.159792 0
-0.012639 0.121886 -0.023546 0
-0.176491 -0.624822 0.128733 0
0.018575 -0.084016 0.047076 0
-0.040237 0.209326 0.094705 0
-0.545507 0.304870 0.220864 0
0.646531 0.091699 -0.300503 0
-0.133551 -0.364525 0.071568 0
-0.180171 -0.634426 0.085576 0
-0.106748 -0.425165 0.077321 0
-0.406827 0.279460 0.002934 0
-0.227982 -0.828322 0.144186 0
0.199890 0.121782 -0.068689 0
0.324107 0.145746 -0.228287 0
0.782172 0.030910 -0.276336 0
0.885296 -0.085438 -0.384856 0
-0.126739 -0.404312 0.088655 0
-0.708625 0.174725 0.163551 0
0.355918 0.169755 -0.080255 0
-0.047127 0.131121 0.041256 0
0.290938 0.172941 -0.009444 0
-0.248503 0.286131 -0.009253 0
-0.549787 0.309805 0.241820 0
-0.196892 -0.732821 0.118415 0
0.743665 0.038038 -0.351584 0
0.627769 0.098007 -0.142890 0
-0.071287 -0.380959 0.091645 0
-0.385299 0.289918 0.088725 0
0.277276 0.141086 -0.107096 0
-0.456209 0.303949 0.167020 0
-0.394312 0.346084 0.241557 0
-0.120058 0.289561 0.193370 0
-0.067586 -0.190081 0.055242 0
-0.284034 0.290302 -0.037239 0
0.513961 0.132399 -0.274215 0
-0.048610 0.183381 -0.016416 0
-0.630447 0.221557 0.150512 0
0.530958 0.126380 -0.247565 0
-0.175037 -0.702222 0.132627 0
-0.351449 0.337591 0.217974 0
-0.776172 0.224838 0.336494 0
-0.172520 -0.653726 0.090306 0
-0.061326 -0.311314 0.092139 0
-0.034885 0.176627 0.069902 0
-0.371769 0.352774 0.254817 0
-0.668977 0.154471 0.145044 0
0.538772 0.103633 -0.365522 0
-0.388702 0.283329 0.030363 0
0.302430 0.128955 -0.273532 0
-0.156553 -0.499432 0.098554 0
-0.242869 0.281502 0.059156 0
-0.143796 -0.528303 0.114333 0
-0.444579 0.260761 0.024104 0
-0.166872 -0.587786 0.141354 0
0.403319 0.145608 -0.199353 0
0.558882 0.129269 -0.238874 0
0.334154 0.151692 -0.256176 0
0.229582 0.096709 -0.078572 0
-0.828104 0.127844 0.255928 0
0.025497 0.079088 0.052192 0
0.671521 0.029291 -0.423682 0
0.704662 0.096368 -0.267095 0
-0.217996 0.275397 0.041362 0
-0.209551 -0.657696 0.083021 0
0.516590 0.148064 -0.158798 0
-0.212144 0.272153 0.080084 0
0.286611 0.111837 -0.103768 0
-0.068604 -0.316996 0.050056 0
-0.716958 0.249870 0.237187 0
-0.149697 0.250796 0.018175 0
-0.050821 0.186865 0.038928 0
0.309315 0.165128 -0.057273 0
-0.292019 0.341337 0.245127 0
0.330481 0.145396 -0.297741 0
-0.127033 -0.476611 0.101063 0
-0.009120 0.132247 0.070000 0
0.624809 0.108174 -0.276165 0
0.024164 -0.116590 0.033198 0
0.442153 0.150491 -0.257585 0
-0.579557 0.293681 0.319380 0
0.904253 -0.064711 -0.336807 0
0.009056 -0.151028 0.031076 0
-0.176827 -0.598796 0.071170 0
0.531353 0.126764 -0.305664 0
-0.243300 -0.846889 0.146170 0
0.201371 0.104817 -0.018586 0
0.586156 0.130328 -0.163328 0
-0.186444 -0.717602 0.119725 0
-0.758339 0.246565 0.311281 0
0.009844 0.050437 0.011236 0
-0.039127 0.214653 0.152522 0
0.002347 0.001813 0.010741 0
-0.069172 -0.229197 0.040602 0
-0.189275 0.276912 -0.028245 0
0.494989 0.141203 -0.212713 0
0.799576 -0.022016 -0.413487 0
0.448048 0.169941 -0.091181 0
0.070954 -0.038816 0.011118 0
-0.724988 0.256737 0.330509 0
-0.138667 0.282690 0.156305 0
-0.256739 -0.833748 0.155258 0
-0.166980 -0.539921 0.117456 0
-0.090387 -0.370545 0.053363 0
-0.222949 -0.779882 0.131891 0
0.393921 0.152883 -0.149789 0
0.317540 0.146106 -0.267532 0
-0.018836 -0.083453 0.037438 0
-0.156384 0.263414 -0.027384 0
-0.085122 -0.301110 0.095294 0
-0.454010 0.351711 0.297746 0
-0.251241 -0.771684 0.100462 0
-0.369343 0.331887 0.271875 0
0.346425 0.166947 -0.025721 0
0.025059 0.032258 0.014045 0
-0.095277 0.275908 0.175933 0
0.144841 0.073046 -0.019284 0
-0.021928 0.165413 0.098282 0
-0.204324 -0.797169 0.098339 0
0.143709 0.092290 -0.038159 0
-0.272460 0.337169 0.243519 0
-0.456766 0.331281 0.233681 0
-0.063295 -0.257701 0.028416 0
0.818049 -0.055401 -0.406748 0
-0.314109 0.288262 0.080070 0
-0.407700 0.345830 0.252881 0
-0.079731 -0.277761 0.086351 0
0.509969 0.126745 -0.317179 0
0.663618 0.114923 -0.240386 0
-0.104517 0.228633 -0.004941 0
-0.522741 0.213819 0.061062 0
-0.116000 -0.450947 0.101721 0
0.542928 0.122246 -0.318414 0
0.144721 0.100990 -0.104495 0
-0.019662 0.175627 0.117203 0
-0.503619 0.295105 0.174141 0
-0.143183 -0.440522 0.063902 0
-0.836653 0.111941 0.270674 0
0.888585 -0.053915 -0.377968 0
-0.379532 0.353872 0.276135 0
-0.099595 -0.297334 0.051436 0
0.180514 0.087469 -0.041086 0
0.635782 0.053678 -0.412336 0
-0.263357 0.285248 0.058248 0
-0.347665 0.290251 -0.015986 0
-0.039875 -0.200317 0.080037 0
-0.082202 0.213122 0.017047 0
0.049224 -0.007444 0.027981 0
-0.061951 0.190100 -0.053388 0
-0.165896 -0.613809 0.120198 0
-0.626980 0.195367 0.132721 0
0.229984 0.135639 -0.065585 0
0.306610 0.145479 -0.124076 0
-0.824893 0.188307 0.300208 0
-0.043957 0.150253 0.065429 0
0.143914 0.088258 -0.124331 0
-0.548206 0.277983 0.168653 0
-0.463629 0.256410 0.050694 0
0.773567 0.052985 -0.242628 0
0.770474 0.078073 -0.259514 0
-0.725230 0.147234 0.168303 0
-0.257324 -0.755838 0.126181 0
-0.562575 0.310584 0.263993 0
0.180269 0.108755 -0.034513 0
0.019994 -0.069506 0.027168 0
-0.327554 0.293304 0.112024 0
0.673701 0.117739 -0.199329 0
-0.215219 0.304821 0.240987 0
-0.273378 0.285850 0.086999 0
-0.191143 -0.562882 0.072504 0
0.210423 0.102253 -0.040813 0
0.765431 0.039737 -0.273198 0
0.461867 0.144125 -0.287918 0
-0.600259 0.189292 0.103022 0
0.021143 0.083925 0.027644 0
0.130527 0.089538 -0.055212 0
0.260446 0.122107 -0.051479 0
-0.042321 -0.230210 0.042781 0
0.014073 -0.158072 0.049426 0
-0.234030 -0.783048 0.165167 0
-0.388930 0.301031 0.136082 0
-0.162735 -0.500961 0.077897 0
0.031464 0.015538 0.024323 0
-0.321737 0.287240 0.018339 0
-0.608844 0.301661 0.303764 0
-0.217739 0.284420 -0.027458 0
-0.419023 0.280971 0.070933 0
-0.213431 -0.831687 0.123984 0
0.300832 0.121274 -0.091416 0
-0.037898 0.176058 0.001357 0
-0.473894 0.236190 0.030813 0
0.195336 0.117995 -0.219842 0
-0.157660 -0.539352 0.086292 0
-0.705718 0.192113 0.167871 0
-0.142802 -0.427182 0.079138 0
-0.237731 -0.708683 0.126352 0
-0.063495 0.196167 -0.022685 0
0.544706 0.123780 -0.279936 0
-0.020361 0.155922 0.025860 0
-0.010733 -0.027728 0.034687 0
-0.210124 0.292536 0.132241 0
-0.050219 -0.179606 0.025571 0
0.054682 -0.015065 -0.000170 0
-0.637491 0.279844 0.224835 0
-0.755674 0.221941 0.273217 0
-0.048908 -0.212944 0.087003 0
0.326554 0.177658 -0.036714 0
0.272835 0.137587 -0.218127 0
0.371067 0.152358 -0.256466 0
0.681654 0.065635 -0.353730 0
-0.061165 -0.290821 0.056103 0
-0.361412 0.287107 0.033472 0
0.120999 0.069875 -0.083744 0
-0.024958 -0.180434 0.034664 0
-0.036236 -0.136235 0.039447 0
0.113158 0.067612 -0.028845 0
0.253376 0.134804 -0.229858 0
0.171354 0.118933 -0.172832 0
0.801893 0.064360 -0.247656 0
-0.566978 0.230117 0.109406 0
0.337807 0.147023 -0.199895 0
-0.011962 -0.197427 0.068809 0
0.604105 0.114600 -0.120957 0
0.235051 0.131787 -0.187725 0
0.075966 0.021261 -0.027219 0
-0.844200 0.148590 0.282773 0
-0.241462 -0.861038 0.103902 0
0.335949 0.131103 -0.092788 0
0.340603 0.170918 -0.070562 0
-0.738529 0.216078 0.232530 0
0.054080 0.012606 0.021086 0
-0.011961 0.183457 0.090805 0
-0.244423 -0.780493 0.130193 0
-0.307637 0.289374 0.098717 0
0.159375 0.088293 -0.007678 0
-0.077304 0.246516 0.126145 0
-0.337056 0.308912 0.145272 0
-0.827162 0.150069 0.252437 0
-0.167360 0.256241 0.058889 0
0.640144 0.090681 -0.316786 0
0.724135 0.096495 -0.180965 0
-0.234006 -0.914098 0.143799 0
0.645394 0.121103 -0.222643 0
-0.002159 -0.113372 0.052136 0
-0.589565 0.201928 0.101029 0
0.791811 0.048917 -0.306034 0
-0.813973 0.192933 0.288507 0
0.437725 0.159477 -0.126057 0
0.317952 0.125778 -0.095752 0
-0.236169 -0.763343 0.160582 0
-0.789930 0.184973 0.237246 0
-0.200425 -0.659987 0.148002 0
-0.146938 0.259099 0.092707 0
-0.682019 0.230400 0.179194 0
-0.052723 -0.278750 0.031578 0
-0.140406 -0.569497 0.106902 0
0.405613 0.151267 -0.066205 0
0.011717 0.132404 0.061794 0
-0.044341 -0.209471 0.064465 0
-0.081368 0.222425 0.146333 0
0.420833 0.156715 -0.140051 0
0.829374 -0.027392 -0.394164 0
0.230647 0.107314 -0.049826 0
0.187133 0.120790 -0.159649 0
-0.165825 0.283362 0.136571 0
-0.221387 -0.733210 0.155298 0
-0.119439 -0.477037 0.080437 0
-0.164369 -0.626043 0.091522 0
-0.123445 0.206495 0.089102 0
0.026663 -0.027460 0.041289 0
-0.099654 0.245396 0.098802 0
-0.224403 -0.744171 0.138407 0
-0.750579 0.233338 0.305084 0
-0.249559 -0.731845 0.106496 0
0.621468 0.117713 -0.141924 0
-0.841227 0.181186 0.286781 0
-0.208640 -0.657356 0.099563 0
-0.202377 -0.627265 0.078382 0
-0.045080 0.229241 0.131583 0
0.529554 0.128405 -0.286315 0
0.317373 0.114919 -0.121828 0
-0.031147 -0.118449 0.032024 0
-0.340914 0.288475 0.050588 0
-0.127297 0.254804 0.173881 0
0.201120 0.136014 -0.015591 0
-0.198144 -0.713138 0.093929 0
-0.054942 0.182746 0.110503 0
0.817493 0.032400 -0.262946 0
-0.145457 0.272284 0.123316 0
-0.158538 -0.641751 0.130942 0
-0.493227 0.224487 0.042488 0
0.615480 0.128509 -0.211527 0
-0.226076 -0.702757 0.146583 0
-0.743415 0.132030 0.187750 0
-0.315658 0.330265 0.201900 0
-0.018450 -0.179022 0.064900 0
-0.031426 0.214882 0.120334 0
0.645143 0.068321 -0.384297 0
-0.007968 0.139510 0.021677 0
-0.001257 -0.131170 0.027126 0
-0.039376 0.176983 0.032778 0
0.596834 0.131654 -0.193719 0
-0.294283 0.333381 0.216575 0
-0.758676 0.233809 0.333883 0
0.417274 0.160171 -0.328074 0
-0.820686 0.184825 0.272513 0
-0.200786 0.276664 -0.052242 0
0.004770 0.060096 0.035802 0
-0.221334 0.315192 0.193428 0
-0.548065 0.265225 0.136568 0
-0.070760 -0.341787 0.075148 0
0.188159 0.101340 -0.009741 0
-0.096162 -0.264372 0.052275 0
-0.199910 -0.705038 0.131166 0
0.489403 0.156774 -0.065218 0
0.867205 -0.024255 -0.359740 0
-0.185988 -0.614912 0.137684 0
-0.256337 0.326503 0.214856 0
-0.108723 -0.449866 0.078545 0
0.799543 -0.002013 -0.378327 0
-0.646521 0.197255 0.138181 0
-0.092740 0.247677 0.175640 0
-0.427605 0.339006 0.245429 0
-0.531313 0.319907 0.263206 0
0.520414 0.138128 -0.221204 0
0.510141 0.101045 -0.385850 0
-0.115907 0.269316 0.142572 0
-0.492150 0.265574 0.096457 0
-0.270583 0.291536 -0.028350 0
0.068962 0.013232 -0.007791 0
0.700627 0.107351 -0.240441 0
-0.098000 -0.336183 0.058741 0
-0.002789 0.032469 0.011833 0
-0.216704 0.278517 -0.004213 0
-0.092565 -0.401811 0.096678 0
-0.532266 0.292601 0.185428 0
0.522424 0.150450 -0.115029 0
0.432631 0.166558 -0.101798 0
-0.223502 -0.684053 0.118497 0
-0.657187 0.212765 0.168530 0
-0.151805 -0.436022 0.050781 0
-0.208089 -0.765898 0.108502 0
-0.438683 0.343820 0.271066 0
-0.674096 0.240988 0.188315 0
0.203831 0.128513 -0.183464 0
-0.003240 0.129441 0.001253 0
-0.218741 0.279715 -0.061154 0
-0.534807 0.320584 0.294072 0
-0.180595 -0.675628 0.101522 0
0.712133 0.107664 -0.210033 0
0.332270 0.158024 -0.104670 0
0.206406 0.125350 -0.145316 0
-0.761007 0.221778 0.240620 0
0.910699 -0.053182 -0.352993 0
-0.106809 -0.383782 0.100606 0
0.368972 0.157827 -0.118547 0
0.927340 -0.076820 -0.354959 0
-0.173976 0.272834 -0.035343 0
0.455226 0.153241 -0.151841 0
-0.648356 0.173438 0.126872 0
0.480916 0.116494 -0.373963 0
-0.057040 0.214976 0.088094 0
0.872410 -0.040244 -0.333088 0
-0.047633 -0.286809 0.083407 0
0.259886 0.145299 -0.078569 0
-0.436172 0.274003 0.058528 0
0.867560 -0.065596 -0.404593 0
-0.739865 0.207731 0.218407 0
-0.860932 0.130389 0.324127 0
-0.533413 0.317195 0.310569 0
-0.014716 0.156727 0.070468 0
0.249517 0.158777 -0.019945 0
0.542923 0.141221 -0.187779 0
-0.232069 -0.731246 0.126493 0
0.818099 0.032417 -0.309163 0
-0.209049 -0.628651 0.106094 0
-0.472775 0.331768 0.305742 0
-0.074361 -0.323700 0.074584 0
-0.796925 0.206053 0.259476 0
0.685419 0.052264 -0.380426 0
-0.272423 0.299731 0.135102 0
0.721871 -0.015779 -0.445834 0
-0.640779 0.264126 0.201689 0
-0.003838 -0.160264 0.020769 0
0.848894 0.018890 -0.315237 0
-0.098306 -0.327386 0.099109 0
0.239417 0.136460 -0.078270 0
0.925850 -0.095081 -0.365734 0
-0.108171 0.227968 -0.046268 0
0.909188 -0.063997 -0.367709 0
0.470410 0.131246 -0.347178 0
0.469632 0.125151 -0.366049 0
0.845538 -0.009610 -0.305723 0
-0.250140 -0.859466 0.135947 0
0.249922 0.102413 -0.084781 0
-0.434653 0.310220 0.168456 0
-0.380386 0.284539 -0.001837 0
0.812565 0.055211 -0.262231 0
-0.379597 0.326846 0.193824 0
-0.003312 -0.064704 0.043438 0
-0.006157 0.108489 0.046485 0
0.087543 -0.017552 0.012771 0
-0.680820 0.265432 0.238285 0
-0.007861 -0.056272 0.021861 0
-0.208420 -0.690953 0.154385 0
-0.218671 -0.824639 0.108812 0
0.731186 0.099467 -0.202657 0
-0.111460 0.232248 0.034415 0
0.773104 0.044326 -0.329433 0
0.042723 -0.059965 0.036054 0
0.776275 0.009975 -0.381188 0
-0.203779 -0.569721 0.094624 0
-0.655116 0.287579 0.285325 0
0.685291 0.115367 -0.209837 0
-0.841161 0.184794 0.317844 0
-0.025931 -0.173925 0.015495 0
-0.161653 -0.576294 0.091372 0
0.897826 -0.089817 -0.376542 0
-0.183928 0.263841 0.080100 0
-0.097050 -0.279606 0.066274 0
-0.136660 -0.529032 0.089863 0
-0.410216 0.305461 0.153261 0
-0.118718 0.237220 0.000200 0
0.018883 -0.009012 0.042066 0
-0.619908 0.293819 0.320998 0
0.804530 0.012063 -0.349765 0
0.335113 0.118975 -0.122813 0
-0.259298 -0.840096 0.137084 0
0.756922 0.058122 -0.314583 0
0.597095 0.078873 -0.395556 0
-0.063321 0.199444 0.008209 0
0.094555 0.011465 -0.026004 0
0.481813 0.145002 -0.072072 0
-0.263100 -0.827021 0.106723 0
-0.168227 -0.597756 0.094604 0
-0.358128 0.332434 0.204880 0
-0.069852 -0.259442 0.089776 0
0.175038 0.115348 -0.138332 0
0.575969 0.114878 -0.317313 0
-0.163072 0.257887 0.005879 0
-0.213512 -0.713465 0.136629 0
0.006777 -0.113693 0.025263 0
-0.262151 -0.914024 0.120930 0
-0.007899 -0.143244 0.056471 0
0.840424 -0.000350 -0.351652 0
-0.205163 -0.645744 0.126040 0
0.131676 0.080752 -0.016549 0
-0.197277 -0.679444 0.102378 0
0.618991 0.124611 -0.173813 0
-0.747748 0.166189 0.192288 0
-0.804399 0.211454 0.274581 0
-0.065319 -0.209567 0.038858 0
-0.353082 0.296575 0.120548 0
-0.424408 0.295180 0.126898 0
-0.061219 0.241828 0.171690 0
-0.666738 0.287477 0.314834 0
-0.076992 -0.241722 0.065132 0
-0.618524 0.269576 0.197306 0
0.599793 0.106287 -0.137069 0
-0.773775 0.220172 0.301996 0
0.675078 0.106781 -0.162682 0
-0.020512 0.124739 0.048976 0
0.174451 0.086971 -0.026937 0
-0.502673 0.309513 0.196391 0
-0.224135 -0.790532 0.143001 0
-0.579605 0.307853 0.271755 0
-0.473904 0.336994 0.290614 0
-0.578369 0.297487 0.228569 0
-0.020067 -0.227406 0.064751 0
0.257592 0.126555 -0.035850 0
0.354231 0.145673 -0.182265 0
-0.029163 -0.151673 0.066540 0
-0.503477 0.239278 0.061458 0
0.668990 0.081530 -0.309826 0
-0.016680 -0.096696 0.027663 0
-0.446427 0.329777 0.221491 0
-0.041251 -0.246491 0.049890 0
-0.173599 -0.546668 0.079709 0
-0.087321 0.242762 0.109644 0
-0.157785 0.254755 0.030507 0
-0.179483 0.283565 0.123690 0
-0.587593 0.268968 0.179393 0
-0.108558 -0.501051 0.093176 0
0.440514 0.146933 -0.295379 0
-0.320939 0.288857 0.002885 0
-0.236902 -0.808684 0.133578 0
0.333066 0.100810 -0.144486 0
-0.214869 -0.675700 0.083426 0
-0.212691 -0.789444 0.108700 0
-0.058310 -0.191248 0.040060 0
0.016813 0.030383 0.039906 0
0.630913 0.122591 -0.231777 0
0.298471 0.142020 -0.141264 0
-0.722904 0.194863 0.184015 0
0.882005 -0.071662 -0.397166 0
0.191180 0.118812 -0.046560 0
-0.589066 0.223507 0.117005 0
-0.063469 -0.341520 0.088429 0
-0.167057 0.291946 0.158695 0
-0.118324 -0.365700 0.089820 0
-0.126969 0.283311 0.166367 0
-0.430741 0.338662 0.303670 0
-0.019433 0.175812 0.068062 0
0.267046 0.134154 -0.244817 0
-0.406987 0.334728 0.219317 0
0.705165 0.054146 -0.354439 0
-0.133396 -0.379164 0.090364 0
-0.154688 0.253390 -0.063896 0
-0.389809 0.297490 0.119817 0
-0.142593 0.255480 -0.022479 0
0.786106 0.018405 -0.352337 0
0.426565 0.162250 -0.115760 0
-0.231320 -0.711161 0.097967 0
-0.190520 -0.670294 0.135987 0
-0.127039 -0.503739 0.085569 0
-0.225257 0.278280 0.097084 0
0.527212 0.111909 -0.350107 0
0.336116 0.153616 -0.045362 0
-0.185090 0.264838 0.018610 0
0.012733 -0.121017 0.008887 0
-0.194124 -0.597833 0.107628 0
-0.150753 -0.602509 0.113480 0
-0.668071 0.278430 0.256816 0
-0.445433 0.293507 0.137114 0
-0.338050 0.318354 0.170586 0
-0.279733 0.321201 0.188503 0
0.051828 -0.053809 -0.001268 0
-0.148342 -0.410995 0.058647 0
0.166033 0.109369 -0.057475 0
-0.175374 -0.662890 0.109317 0
0.015453 0.013238 0.040906 0
0.500230 0.134442 -0.227802 0
-0.755352 0.145001 0.192686 0
-0.242928 -0.758406 0.138265 0
0.558148 0.120588 -0.306190 0
-0.651763 0.234889 0.167799 0
-0.316688 0.334189 0.273843 0
0.013487 -0.121003 0.046434 0
0.475205 0.144850 -0.199424 0
0.277241 0.126450 -0.059051 0
0.391789 0.162641 -0.304768 0
0.904421 -0.085828 -0.361706 0
0.274764 0.136608 -0.028713 0
0.648707 0.122049 -0.205902 0
-0.177280 -0.690665 0.108943 0
0.346122 0.181519 -0.012582 0
-0.194001 -0.624612 0.129757 0
-0.387986 0.285297 0.059228 0
0.337688 0.142996 -0.163412 0
0.496654 0.115350 -0.361368 0
-0.763534 0.228448 0.310474 0
-0.030917 -0.140000 0.023541 0
-0.465022 0.294374 0.153476 0
0.260015 0.110696 -0.077711 0
-0.195108 0.268573 0.049893 0
0.220322 0.128189 0.000253 0
0.886240 -0.030430 -0.350428 0
0.036753 0.009861 0.052331 0
0.736985 0.010327 -0.409186 0
0.208133 0.122491 -0.093527 0
-0.247961 -0.788792 0.154447 0
0.464006 0.146003 -0.267696 0
-0.022387 0.144738 -0.025743 0
-0.022117 0.135883 0.063859 0
-0.105836 -0.328543 0.079736 0
0.383352 0.146852 -0.072181 0
-0.224940 -0.809511 0.106860 0
0.646154 0.105520 -0.277501 0
-0.241619 -0.745167 0.102130 0
-0.474752 0.273131 0.097820 0
-0.199564 0.267910 0.073596 0
-0.086788 0.186394 0.086662 0
0.258614 0.136451 -0.148682 0
0.018314 0.069488 0.043599 0
-0.119616 0.213005 0.103049 0
-0.278520 0.287663 0.037751 0
-0.001334 0.011419 0.032477 0
-0.214376 -0.711914 0.106717 0
0.017526 -0.037651 0.011202 0
0.314988 0.136303 -0.068338 0
0.578576 0.132811 -0.176129 0
0.001878 0.159040 0.079014 0
-0.188723 0.297796 0.157255 0
0.045163 0.012800 0.032812 0
0.367723 0.149221 -0.145388 0
0.482718 0.130654 -0.319227 0
0.432731 0.143566 -0.211084 0
-0.052812 -0.269175 0.074150 0
0.720914 0.001116 -0.431437 0
0.635231 0.121210 -0.171571 0
-0.578052 0.202636 0.090085 0
0.690905 0.002823 -0.441764 0
0.830051 -0.035363 -0.363197 0
0.692655 0.107013 -0.175292 0
0.739046 0.028018 -0.381051 0
-0.649613 0.278915 0.234097 0
-0.008120 -0.171624 0.010406 0
0.732376 0.073391 -0.297122 0
0.240912 0.116656 -0.037961 0
-0.252945 0.282099 0.087882 0
-0.775395 0.165124 0.215868 0
0.192553 0.122116 -0.114091 0
0.047627 -0.035892 0.031934 0
0.325482 0.144968 -0.057364 0
-0.595471 0.299363 0.248237 0
-0.211506 -0.764197 0.128780 0
0.637203 0.090331 -0.336272 0
0.878672 -0.068656 -0.371045 0
-0.252924 -0.813876 0.138319 0
0.460901 0.171709 -0.063773 0
-0.254610 0.300931 0.138577 0
-0.076201 0.209618 0.000172 0
0.548929 0.135799 -0.220286 0
0.877590 -0.057191 -0.354412 0
-0.253170 0.307507 0.156902 0
-0.670765 0.226200 0.167933 0
-0.753657 0.242973 0.264112 0
-0.541954 0.221754 0.082194 0
-0.264514 0.284655 0.098515 0
0.364819 0.149088 -0.216399 0
0.363738 0.163713 -0.100659 0
0.123645 0.041174 0.011912 0
-0.069982 -0.269322 0.072564 0
0.522221 0.141164 -0.075002 0
0.753400 0.090069 -0.203076 0
0.750906 -0.016388 -0.434609 0
-0.207162 -0.730928 0.133748 0
-0.744124 0.195167 0.204919 0
0.005613 0.097434 -0.005818 0
0.877270 -0.015678 -0.302886 0
0.216403 0.132315 -0.215015 0
0.697814 0.045290 -0.383435 0
0.153447 0.097764 -0.028053 0
-0.241518 0.281363 0.033392 0
-0.716018 0.212433 0.191546 0
-0.216558 -0.732244 0.099713 0
-0.107109 0.232028 0.067575 0
-0.707488 0.225553 0.196242 0
-0.164660 -0.519187 0.096675 0
0.118990 0.044508 -0.007018 0
0.701504 0.019632 -0.420666 0
-0.733329 0.244785 0.243528 0
0.865933 -0.009741 -0.347077 0
0.507866 0.153066 -0.121396 0
0.782293 0.069943 -0.267866 0
0.687364 0.035757 -0.407226 0
0.839579 -0.042605 -0.406473 0
0.817294 -0.034685 -0.415359 0
0.509682 0.150141 -0.142689 0
-0.061904 0.201698 0.059427 0
-0.680784 0.200637 0.166115 0
0.441150 0.174341 -0.055440 0
0.375750 0.139407 -0.087563 0
0.898386 -0.054272 -0.367308 0
0.036379 0.022918 0.059702 0
-0.225368 -0.686569 0.098426 0
-0.293586 0.287229 0.022059 0
0.881396 -0.038254 -0.321845 0
0.302136 0.143139 -0.037864 0
-0.150226 0.283612 0.209283 0
-0.321059 0.291119 -0.037635 0
0.843749 -0.033117 -0.390305 0
-0.179097 0.300278 0.176858 0
0.029021 -0.111426 0.048036 0
-0.164120 0.303443 0.215530 0
-0.079724 0.224921 0.078119 0
0.415122 0.146500 -0.209692 0
-0.525992 0.239663 0.086869 0
0.103086 0.031881 0.013976 0
-0.144491 -0.571838 0.088330 0
-0.213275 0.304572 0.164553 0
-0.697378 0.275442 0.301747 0
-0.004693 0.025593 0.026283 0
-0.130273 -0.452147 0.099976 0
-0.020461 -0.193382 0.030167 0
-0.043502 0.174322 -0.026408 0
0.357871 0.149839 -0.239505 0
-0.198543 0.294006 0.140698 0
0.028753 0.053220 0.035465 0
0.007288 0.111409 0.063555 0
-0.154963 -0.470007 0.079157 0
0.922578 -0.075663 -0.338681 0
-0.657406 0.252634 0.194958 0
-0.244566 0.327123 0.225002 0
-0.598199 0.210443 0.124094 0
-0.155641 -0.383754 0.084341 0
0.663486 0.102100 -0.278858 0
-0.009654 -0.048343 0.050641 0
-0.006759 -0.171415 0.051982 0
0.030961 -0.083627 0.039763 0
-0.088807 0.263182 0.146559 0
-0.335834 0.345644 0.268187 0
-0.204156 0.281349 -0.038775 0
0.547896 0.124037 -0.251133 0
