-0.081020 -0.117988 -0.043039 0
0.820641 0.009550 -0.417471 0
-0.875141 -0.471096 -0.110436 0
0.380315 -0.064133 0.472741 0
-0.115586 -0.808170 -0.070705 0
-0.603381 0.013558 -0.134675 0
0.396841 0.140790 -0.105678 0
-0.148641 0.230425 -0.423596 0
-0.087534 0.083136 0.408575 0
0.043770 0.242029 0.001956 0
0.234368 0.203538 0.294908 0
-0.116485 -0.462021 -0.055191 0
-0.762166 -0.208936 0.059584 0
-0.275072 0.100396 0.113186 0
0.514646 0.100730 -0.396733 0
-0.177248 0.130192 -0.156931 0
0.154070 -0.001769 -0.150077 0
0.154808 0.048047 0.483065 0
-0.816554 -0.244072 -0.169354 0
0.016530 0.165972 0.221558 0
-0.602113 -0.038901 0.085647 0
-0.299286 -0.037109 -0.060985 0
0.692465 0.121513 -0.268461 0
0.315847 0.122555 -0.301368 0
-0.043124 0.055067 0.061240 0
-0.080081 0.256914 -0.254774 0
0.319283 0.090377 0.405033 0
-0.723319 -0.112466 -0.091699 0
-0.458475 0.022906 -0.000824 0
-0.061695 -0.292844 -0.046719 0
-0.089412 -0.634803 -0.067401 0
0.523265 0.144568 -0.227272 0
0.089278 0.166128 0.377276 0
-0.834458 -0.354768 0.007859 0
0.393170 -0.192874 0.361285 0
0.665800 0.050881 -0.442809 0
0.001101 -0.037968 0.469604 0
0.059256 -0.109696 -0.101814 0
-0.206737 0.184300 -0.293205 0
0.233890 -0.076091 0.445810 0
-0.091212 0.025140 -0.083084 0
-0.134148 0.146043 0.131661 0
-0.042358 0.176567 -0.130162 0
0.271606 0.082197 -0.152717 0
0.211936 0.159393 0.416482 0
0.335063 0.092942 0.279500 0
-0.081605 0.122985 0.287576 0
-0.056354 0.161691 -0.006076 0
-0.698117 -0.102992 0.036886 0
-0.280446 0.098225 -0.099183 0
-0.860694 -0.345119 -0.116594 0
-0.201363 -0.107921 -0.061588 0
-0.801824 -0.238949 -0.050232 0
0.134431 0.186467 0.230602 0
0.038155 0.075788 0.437241 0
0.436573 0.120263 -0.304346 0
0.270252 0.028938 0.496844 0
0.747854 0.087622 -0.366691 0
-0.625158 -0.038282 -0.028625 0
0.318519 -0.165230 0.445971 0
0.401935 0.010637 0.390963 0
0.617253 0.117606 -0.353053 0
0.377344 0.117616 -0.212077 0
-0.007880 0.164883 0.090537 0
-0.496220 0.032676 -0.098004 0
-0.162699 0.121896 0.034114 0
-0.046859 -0.033767 0.007397 0
-0.013057 0.146054 0.373543 0
-0.077283 0.200585 -0.356983 0
-0.125187 0.208574 -0.183402 0
0.432602 -0.103530 0.401244 0
-0.182627 0.079134 -0.075290 0
-0.363291 0.029878 -0.034956 0
-0.102111 -0.210703 -0.074681 0
-0.013019 -0.170002 -0.084948 0
-0.551114 0.003993 0.013083 0
-0.680611 -0.038804 -0.147627 0
-0.770671 -0.154785 -0.160311 0
-0.031196 0.109263 0.160499 0
0.302723 0.158367 0.336348 0
-0.747400 -0.170183 -0.023482 0
-0.084263 -0.379252 -0.028166 0
-0.080006 0.002554 0.460036 0
-0.106290 -0.550152 -0.034817 0
0.477161 0.153504 -0.146381 0
0.254356 0.088457 -0.241225 0
0.615276 0.128963 -0.222039 0
-0.090107 -0.724250 -0.050551 0
-0.102673 0.114075 -0.108297 0
0.148702 0.208086 0.320463 0
0.542379 0.102474 -0.302967 0
0.064695 0.190112 0.291535 0
-0.863603 -0.427772 -0.034423 0
0.121606 0.116727 0.441044 0
-0.151400 0.239498 -0.330987 0
0.345059 0.018148 0.456327 0
-0.023838 0.189227 -0.211243 0
-0.046244 0.083272 -0.032801 0
0.747250 0.032840 -0.449322 0
-0.800924 -0.279863 0.040449 0
0.235714 0.097558 0.465440 0
0.055167 0.238121 -0.078958 0
0.587277 0.072076 -0.419363 0
0.174464 -0.029370 0.473406 0
0.302478 -0.046327 0.478891 0
-0.227591 0.138353 -0.231368 0
-0.205018 0.109691 0.149587 0
0.320136 0.110654 -0.097027 0
-0.012618 0.169549 0.294215 0
0.096542 -0.041838 -0.116050 0
0.211993 0.042715 -0.122619 0
-0.094948 0.118177 0.071082 0
-0.014180 0.219987 -0.042423 0
-0.157481 0.223679 -0.251540 0
-0.087434 0.059580 0.336765 0
-0.087617 -0.049759 -0.079315 0
-0.028351 0.055574 0.470691 0
-0.570838 0.011974 -0.067538 0
-0.833237 -0.313301 -0.055044 0
0.449875 0.130226 -0.231828 0
-0.054049 0.145860 0.222649 0
0.679071 0.080383 -0.340283 0
-0.773706 -0.185552 -0.094600 0
-0.144583 -0.153598 -0.062229 0
-0.868396 -0.408746 -0.149054 0
-0.672260 -0.062669 -0.080472 0
0.389097 -0.153177 0.429029 0
0.794815 0.036967 -0.351108 0
-0.498980 0.009373 0.060611 0
0.326461 0.059376 0.342501 0
-0.006115 0.196825 0.027432 0
0.375336 0.122487 -0.337978 0
-0.220723 0.110704 0.069943 0
0.748588 0.091823 -0.293924 0
0.039370 0.018017 0.473530 0
0.243302 0.181632 0.357941 0
0.624068 0.105540 -0.284373 0
0.155815 0.174593 0.378922 0
-0.819502 -0.275263 -0.110060 0
-0.724645 -0.153213 0.072166 0
0.454263 0.114997 -0.371858 0
-0.646741 -0.055328 0.039279 0
-0.700049 -0.096021 -0.029040 0
-0.235726 -0.052071 -0.050195 0
0.312241 0.106748 -0.213510 0
-0.013809 0.136607 -0.054070 0
-0.180388 0.177968 -0.202172 0
0.070510 0.203360 0.218957 0
-0.023459 0.103477 0.426451 0
-0.423240 0.024446 -0.058735 0
-0.726687 -0.090791 -0.152462 0
0.352279 0.122940 -0.152933 0
0.273735 0.137555 0.393381 0
-0.059346 -0.196604 -0.028934 0
-0.065501 -0.502339 -0.046919 0
-0.072843 0.120081 0.358868 0
0.404329 -0.048585 0.415945 0
-0.101336 -0.331889 -0.076953 0
-0.066056 0.208983 -0.293704 0
-0.238361 0.120848 -0.145655 0
0.333347 -0.105217 0.465955 0
0.224423 0.057786 -0.186014 0
0.420838 0.136473 -0.167126 0
0.046553 0.125589 0.397364 0
-0.865954 -0.367797 -0.050640 0
-0.104009 -0.400406 -0.083115 0
0.381995 0.128217 -0.276236 0
0.693712 0.088375 -0.403084 0
0.210595 0.023353 0.482331 0
-0.506479 0.020497 -0.039207 0
0.032385 0.167884 0.338021 0
-0.625265 -0.020082 -0.089086 0
-0.841204 -0.299279 -0.164189 0
-0.112242 0.164450 -0.140559 0
0.787714 0.059330 -0.408901 0
-0.776533 -0.222365 0.002607 0
0.492194 0.137637 -0.289449 0
-0.116427 -0.272273 -0.060414 0
-0.098723 0.198686 -0.412794 0
0.175260 0.107809 0.465901 0
0.302995 0.062529 0.455118 0
-0.017847 0.091085 0.101133 0
0.558487 0.115091 -0.358579 0
-0.165161 0.110668 0.096226 0
0.571633 0.139784 -0.268318 0
0.371885 0.066412 0.395654 0
0.249236 -0.022886 0.475642 0
-0.083320 -0.011393 -0.032144 0
-0.552442 -0.009765 0.077988 0
-0.071930 -0.158832 -0.083294 0
0.277114 0.131476 0.291814 0
-0.876407 -0.415202 -0.092278 0
0.181885 0.196543 0.272624 0
-0.039146 -0.082303 -0.059351 0
-0.033066 0.001034 0.494138 0
-0.081402 0.209171 -0.220262 0
0.015322 0.142191 0.164557 0
-0.549301 0.028388 -0.118472 0
0.636032 0.097453 -0.402776 0
0.356616 -0.194900 0.408509 0
0.496485 0.102956 -0.335406 0
-0.080773 -0.080861 -0.000978 0
-0.042694 0.131426 0.055716 0
-0.051878 0.166930 0.333901 0
-0.603038 -0.022330 0.028281 0
-0.667650 -0.091874 0.082245 0
0.336247 0.114056 0.330879 0
-0.128404 0.068945 -0.079034 0
-0.080773 0.163872 -0.092661 0
0.572539 0.150404 -0.194646 0
-0.111258 -0.579187 -0.081338 0
-0.064492 0.012838 0.030774 0
-0.164810 0.128264 -0.092167 0
-0.068963 -0.799395 -0.098219 0
-0.122474 -0.682038 -0.062556 0
-0.073079 -0.430162 -0.044065 0
-0.226001 0.108921 -0.089151 0
0.005803 -0.120123 -0.094515 0
-0.122078 0.236646 -0.376384 0
-0.106128 0.037647 -0.030339 0
-0.188425 0.210669 -0.356987 0
-0.724485 -0.146520 0.019559 0
0.283354 -0.116893 0.452893 0
-0.195609 0.155299 0.124924 0
0.194921 0.203325 0.345321 0
0.163336 0.160339 0.436746 0
-0.150811 -0.097499 -0.051761 0
-0.063213 -0.240787 -0.056912 0
-0.118206 0.232393 -0.284924 0
-0.081702 -0.595554 -0.032754 0
-0.072465 0.194119 -0.171684 0
-0.784419 -0.208609 -0.139327 0
-0.094972 0.113934 0.123226 0
0.520839 0.152467 -0.173175 0
-0.063778 0.081875 -0.116925 0
-0.579476 -0.015476 -0.025139 0
-0.807712 -0.273722 -0.009878 0
-0.346026 -0.014348 -0.053536 0
0.735826 0.053819 -0.404417 0
-0.404968 0.014886 -0.010475 0
-0.111035 -0.517059 -0.072632 0
-0.658798 -0.072003 -0.012407 0
0.421223 -0.156775 0.391378 0
0.012062 0.061754 0.498790 0
0.117484 0.213139 0.282363 0
0.662398 0.118621 -0.312789 0
-0.079953 0.073116 -0.070378 0
0.035495 0.220022 0.045299 0
-0.075297 0.057191 0.448545 0
0.099422 0.189734 0.335705 0
0.339329 0.124682 -0.252707 0
0.399377 -0.092805 0.439236 0
-0.742530 -0.154056 -0.076090 0
0.151624 0.072099 0.441619 0
-0.101589 -0.764555 -0.084701 0
-0.505763 0.019348 0.011918 0
0.180794 -0.056835 0.434688 0
0.378232 -0.014950 0.437806 0
0.271673 0.106173 0.435143 0
-0.195183 0.195425 -0.244488 0
-0.800184 -0.230073 -0.096887 0
0.474579 0.138713 -0.192228 0
0.128398 0.143694 0.402698 0
0.521322 0.109306 -0.261181 0
0.144950 -0.041977 -0.127272 0
-0.090244 -0.332687 -0.024738 0
-0.698828 -0.075727 -0.117886 0
0.594087 0.127228 -0.312896 0
0.276310 0.183160 0.295883 0
0.276778 0.080029 -0.106415 0
0.313177 0.005648 0.487915 0
-0.048118 0.151179 0.268445 0
0.028399 0.171581 0.269404 0
0.347065 -0.023796 0.475941 0
0.299347 0.074555 0.302530 0
0.175579 0.015803 -0.112975 0
0.652049 0.111997 -0.244444 0
-0.640418 -0.021019 -0.133936 0
0.203397 0.072505 0.486351 0
-0.069217 -0.253924 -0.013624 0
0.723449 0.073357 -0.327157 0
0.281795 0.107446 -0.272129 0
0.193387 0.030122 -0.162117 0
-0.207250 0.131555 -0.191356 0
-0.104105 -0.078942 -0.044521 0
-0.865611 -0.466710 -0.066474 0
0.258459 0.088587 -0.195379 0
-0.777614 -0.195057 -0.045834 0
-0.468643 0.018879 -0.063550 0
-0.156102 0.173800 -0.164540 0
-0.019726 0.166890 0.195207 0
-0.026190 0.203813 -0.161858 0
0.437537 0.151470 -0.125577 0
-0.108667 0.226173 -0.331108 0
0.779351 0.074702 -0.321464 0
-0.045892 -0.198057 -0.071531 0
-0.062919 0.038452 -0.047896 0
-0.751907 -0.149551 -0.119501 0
0.315605 0.099922 -0.163451 0
-0.855079 -0.363275 -0.156862 0
-0.756309 -0.184809 0.022635 0
-0.160581 0.112007 0.149223 0
-0.177021 0.222975 -0.291477 0
-0.036722 0.207040 -0.003112 0
0.321473 0.133485 0.291279 0
-0.059455 0.097735 0.088010 0
0.313230 0.118246 0.371373 0
0.342440 0.053595 0.425709 0
-0.280740 0.109738 -0.144829 0
-0.124440 -0.611672 -0.055117 0
-0.080559 0.134323 -0.140452 0
0.711544 0.067821 -0.437958 0
-0.728494 -0.127999 -0.037365 0
-0.115331 -0.419754 -0.042614 0
-0.044882 0.171539 0.034721 0
-0.854104 -0.400366 -0.002021 0
-0.821198 -0.316030 0.022156 0
0.564054 0.121370 -0.225658 0
-0.095998 0.099187 0.321842 0
0.412435 0.116414 -0.358948 0
-0.387010 -0.005096 -0.043972 0
0.564686 0.104073 -0.401824 0
-0.850436 -0.502577 -0.094958 0
0.090429 0.122453 0.412237 0
0.021787 0.175002 0.061683 0
-0.119013 0.224565 -0.233732 0
0.023917 0.238298 -0.039832 0
0.358548 -0.139302 0.454854 0
0.699333 0.088910 -0.294548 0
0.264648 0.067867 0.473677 0
-0.784911 -0.240843 0.041009 0
0.012809 0.049411 0.458161 0
-0.228753 0.115750 0.110951 0
-0.823916 -0.274079 -0.068313 0
-0.007546 0.122126 0.127447 0
0.408922 0.130621 -0.240770 0
-0.080893 -0.790729 -0.055008 0
-0.143256 0.138205 -0.126534 0
-0.070880 -0.353728 -0.058395 0
0.270044 -0.073756 0.466331 0
0.208623 0.129723 0.445482 0
0.489396 0.117271 -0.235746 0
0.091550 0.193155 0.256744 0
-0.044608 -0.026717 0.465438 0
0.213465 -0.040699 0.464257 0
-0.698517 -0.122399 0.081721 0
-0.842984 -0.308027 -0.100529 0
0.196363 0.181816 0.383264 0
0.656384 0.109421 -0.363731 0
0.002789 0.229340 -0.005408 0
0.235228 0.050873 0.501080 0
-0.082524 -0.097403 -0.078619 0
0.604058 0.085866 -0.375577 0
0.174486 0.015925 0.464182 0
-0.043256 0.059593 0.108022 0
0.622846 0.062639 -0.437381 0
-0.636076 -0.061699 0.084133 0
0.064720 0.238446 -0.038932 0
-0.194365 0.116944 -0.117881 0
0.710334 0.064658 -0.374597 0
-0.133850 0.129661 0.068894 0
-0.103339 -0.503305 -0.032217 0
0.373478 0.027644 0.414398 0
0.087870 -0.083365 -0.113452 0
0.364098 0.117293 -0.109810 0
0.113604 0.217068 0.214290 0
0.400143 -0.187707 0.406361 0
-0.156775 0.209611 -0.213777 0
0.016871 0.107933 0.425771 0
0.196626 0.213127 0.306412 0
-0.053255 0.116287 0.402803 0
-0.116310 -0.357915 -0.041764 0
0.218598 0.168951 0.307258 0
-0.694600 -0.094366 -0.070633 0
-0.107719 -0.795295 -0.109449 0
-0.027817 0.121048 -0.020064 0
0.520907 0.132769 -0.317609 0
-0.048114 -0.139332 -0.050231 0
0.147175 0.177429 0.268434 0
0.000536 0.018987 0.482559 0
-0.161132 0.230306 -0.380751 0
-0.010523 0.052917 0.083920 0
-0.844831 -0.328555 -0.020151 0
0.786162 0.029826 -0.435402 0
-0.107989 -0.168597 -0.059460 0
0.632711 0.094899 -0.323643 0
0.584504 0.096221 -0.335648 0
0.709445 0.099612 -0.356650 0
-0.045237 0.108058 -0.063203 0
-0.063611 0.203378 -0.255020 0
-0.871521 -0.385297 -0.117889 0
-0.137821 0.192911 -0.421107 0
-0.006924 0.169131 0.252631 0
-0.083439 -0.682774 -0.061985 0
0.783836 0.072782 -0.364301 0
-0.054566 0.133787 0.313661 0
0.025487 0.150643 0.376228 0
0.612236 0.136529 -0.264191 0
-0.602242 -0.018287 -0.057893 0
0.813342 0.036029 -0.385180 0
-0.548375 0.007330 -0.028495 0
0.133746 0.194324 0.353320 0
-0.068877 -0.046450 -0.025648 0
0.340673 -0.070177 0.479959 0
0.471178 0.105851 -0.284563 0
-0.655897 -0.049135 -0.112964 0
0.353859 0.120058 -0.302732 0
-0.001359 0.113255 0.183883 0
0.662888 0.073464 -0.386340 0
0.253656 0.157966 0.316817 0
-0.084760 -0.012791 -0.071291 0
-0.526963 0.018400 -0.081036 0
0.469794 0.128524 -0.327386 0
-0.804727 -0.248180 -0.133712 0
-0.215163 0.158443 -0.260821 0
-0.266303 -0.049634 -0.074122 0
0.240459 0.131668 0.425482 0
0.434011 0.132571 -0.268964 0
-0.143808 0.097991 -0.099166 0
0.068106 0.155259 0.348344 0
0.247368 0.053493 -0.128600 0
-0.748859 -0.126207 -0.148639 0
-0.870334 -0.445165 -0.136920 0
-0.058721 0.028093 0.476781 0
-0.707664 -0.121947 -0.003504 0
-0.116180 0.120450 0.152956 0
0.525335 0.098121 -0.358169 0
-0.091063 -0.263281 -0.085869 0
-0.649857 -0.049580 -0.054120 0
-0.857457 -0.342508 -0.079947 0
-0.244360 0.104049 0.142250 0
-0.473513 0.015718 0.034836 0
-0.320858 0.006904 -0.037272 0
-0.597721 0.007088 -0.098983 0
-0.002442 0.085524 0.450603 0
0.415598 0.133718 -0.204822 0
-0.018219 0.181820 0.059762 0
-0.055842 0.081379 0.429175 0
-0.092614 -0.550443 -0.068622 0
-0.080231 -0.464311 -0.058200 0
-0.015691 0.163020 0.332999 0
0.166684 0.122289 0.433636 0
-0.032409 0.124212 0.097958 0
0.381794 0.121574 -0.176263 0
0.027422 -0.091030 -0.095318 0
0.339185 0.109381 -0.189397 0
-0.116660 -0.115093 -0.048991 0
0.204081 0.008643 -0.134101 0
0.366902 -0.094620 0.457499 0
0.270377 -0.041759 0.498104 0
0.176171 0.155441 0.401811 0
-0.088765 -0.174833 -0.029548 0
0.050478 0.181227 0.242551 0
0.033862 0.168278 0.190002 0
-0.126005 0.121054 0.103001 0
-0.069152 0.246328 -0.222111 0
0.752331 0.057663 -0.347479 0
-0.060214 -0.087256 -0.029630 0
-0.579801 -0.012037 0.053477 0
0.243240 0.160437 0.399210 0
-0.536459 0.011582 0.044794 0
-0.184840 0.118188 0.061877 0
0.277099 0.164207 0.360505 0
0.665600 0.100445 -0.278834 0
0.300973 -0.090740 0.470199 0
0.767389 0.046710 -0.382693 0
0.494391 0.117991 -0.373269 0
0.414768 -0.025229 0.391374 0
-0.105882 -0.719481 -0.081942 0
0.575892 0.108541 -0.284522 0
-0.003752 0.125329 0.402836 0
-0.672648 -0.079929 -0.044665 0
0.329842 0.106257 -0.131234 0
-0.253466 0.121750 -0.107362 0
-0.676176 -0.080954 0.017055 0
-0.844141 -0.331199 -0.144528 0
-0.014418 0.114414 0.069230 0
-0.037258 0.091246 0.130576 0
-0.124425 -0.082645 -0.073104 0
0.386258 0.130592 -0.137708 0
-0.766963 -0.178629 -0.133215 0
0.209632 -0.011798 0.484371 0
-0.112623 -0.646095 -0.043466 0
-0.100030 -0.302144 -0.051616 0
0.396261 0.128447 -0.308398 0
-0.046482 0.144788 0.360689 0
0.424662 -0.070235 0.393365 0
-0.075466 -0.753365 -0.064293 0
0.540202 0.130254 -0.191955 0
-0.232203 -0.086053 -0.057361 0
0.305949 0.116588 -0.246775 0
-0.447651 0.022883 -0.033939 0
0.533349 0.141952 -0.260653 0
0.414219 -0.132373 0.417045 0
-0.095730 -0.229781 -0.046410 0
0.555835 0.134285 -0.300896 0
0.655144 0.083071 -0.427620 0
-0.744143 -0.175163 0.054294 0
0.467103 0.136916 -0.261020 0
-0.078477 0.170110 -0.141904 0
0.330253 0.091527 0.358430 0
0.252141 0.197210 0.323438 0
-0.251414 0.106785 0.087061 0
-0.069200 0.122980 0.255794 0
0.242303 -0.058287 0.478748 0
-0.199597 0.125539 0.096318 0
-0.077855 -0.582558 -0.063982 0
-0.073009 0.103149 -0.044159 0
-0.716967 -0.126198 0.052941 0
-0.204961 0.167158 -0.228489 0
0.602041 0.099753 -0.406462 0
0.433618 0.104632 -0.247006 0
-0.197796 0.196837 -0.323403 0
0.290525 0.095728 -0.187164 0
0.024740 -0.012127 0.478399 0
-0.200363 -0.074415 -0.056937 0
0.279836 0.102486 -0.222094 0
0.124654 0.075306 0.461707 0
-0.087781 0.226100 -0.266277 0
0.318442 0.035156 0.468037 0
0.591943 0.116055 -0.243776 0
-0.875718 -0.400197 -0.062170 0
0.317457 -0.133076 0.455911 0
-0.257264 0.092759 -0.075499 0
-0.106511 -0.432276 -0.072889 0
0.185711 0.036796 0.500402 0
-0.081043 -0.391947 -0.059065 0
0.385645 -0.047872 0.443876 0
-0.058156 0.050559 -0.016990 0
-0.674584 -0.082154 0.050937 0
-0.073938 -0.234799 -0.090064 0
0.712853 0.036225 -0.448946 0
0.032256 0.173487 0.305044 0
0.158391 0.080180 0.474293 0
-0.825003 -0.276664 -0.145651 0
0.688975 0.057197 -0.415706 0
-0.183959 0.157049 -0.176394 0
0.291109 0.112595 0.407082 0
-0.826062 -0.301461 -0.015501 0
0.720706 0.112342 -0.284558 0
-0.110243 -0.582430 -0.043580 0
0.729000 0.085048 -0.395362 0
-0.792558 -0.250630 0.009541 0
-0.164590 -0.122245 -0.069051 0
0.008597 0.205895 0.058625 0
0.069676 0.178590 0.324811 0
-0.642662 -0.050160 0.006628 0
-0.851233 -0.370457 -0.021117 0
-0.118186 0.225378 -0.407231 0
-0.721142 -0.110051 -0.126208 0
-0.782622 -0.215357 -0.071346 0
-0.097785 0.212492 -0.379910 0
-0.063270 -0.169397 -0.049641 0
0.701859 0.106769 -0.325441 0
0.240594 0.009936 0.482275 0
-0.037130 0.027578 0.044304 0
0.184121 0.050481 0.468502 0
0.345270 0.119920 -0.219780 0
-0.871038 -0.434070 -0.065643 0
0.331849 -0.131348 0.485560 0
0.763755 0.057706 -0.431051 0
-0.083445 -0.263160 -0.044394 0
-0.770770 -0.192340 -0.008800 0
-0.278730 -0.015645 -0.047537 0
-0.575783 -0.016613 0.007896 0
0.011684 -0.149566 -0.079496 0
0.752307 0.090585 -0.329945 0
0.371872 0.119161 -0.246850 0
0.305778 0.160679 0.298947 0
0.500339 0.105236 -0.298435 0
-0.099286 0.146313 -0.112437 0
0.140661 -0.012035 -0.116004 0
0.649028 0.128104 -0.277929 0
-0.210084 0.116879 -0.160638 0
-0.100513 -0.370032 -0.072915 0
-0.861855 -0.376255 -0.081441 0
0.456616 0.101599 -0.339125 0
-0.077729 -0.299179 -0.074487 0
0.120208 0.171707 0.383675 0
-0.108394 0.083832 -0.099365 0
0.277955 0.180389 0.332882 0
-0.702655 -0.061911 -0.149455 0
0.638450 0.084258 -0.355786 0
-0.780235 -0.210003 0.033313 0
0.245324 0.064995 -0.163054 0
-0.173929 0.129609 0.120160 0
0.273845 -0.003861 0.481935 0
0.356214 -0.163861 0.434903 0
0.344269 0.088184 0.309478 0
-0.096536 -0.452231 -0.032581 0
0.297340 0.092581 -0.127021 0
-0.108708 0.187417 -0.166522 0
0.164641 0.199679 0.357543 0
-0.114104 -0.742588 -0.061983 0
0.099481 0.134705 0.384545 0
0.290831 0.046558 0.480590 0
-0.607378 -0.040054 0.054519 0
-0.320349 -0.024906 -0.038468 0
0.225620 0.023239 -0.151886 0
0.759870 0.073999 -0.403010 0
-0.081416 0.090615 0.348271 0
0.377727 -0.202992 0.386774 0
-0.795396 -0.196019 -0.165840 0
-0.759415 -0.169464 -0.052412 0
0.311304 0.104424 0.297049 0
0.035373 0.133173 0.426714 0
-0.790027 -0.240245 -0.021274 0
0.385559 -0.120559 0.443427 0
0.497345 0.141690 -0.254862 0
-0.093899 0.223967 -0.303704 0
0.105036 0.195164 0.305516 0
-0.083345 0.105686 0.384449 0
-0.090346 -0.140342 -0.062650 0
-0.125231 -0.556453 -0.058677 0
0.643707 0.138879 -0.231253 0
0.344660 0.085337 0.387855 0
-0.076083 0.096917 0.058600 0
-0.094955 -0.046796 -0.042482 0
0.205449 0.092163 0.461323 0
-0.059245 -0.019620 0.032051 0
0.540664 0.113094 -0.384445 0
-0.094902 0.048437 -0.059110 0
0.589704 0.113162 -0.372854 0
-0.163910 0.115262 -0.122936 0
0.588576 0.144114 -0.225649 0
-0.014996 0.135434 0.161387 0
-0.073890 -0.208188 -0.053427 0
-0.105264 -0.487558 -0.078971 0
-0.074456 -0.014824 -0.002937 0
-0.113770 0.118606 0.046854 0
0.157378 0.206131 0.288393 0
-0.361534 -0.000735 -0.027518 0
-0.088278 -0.528062 -0.048171 0
-0.124901 -0.494117 -0.051867 0
-0.602138 -0.028580 -0.001653 0
-0.013457 0.184415 -0.181583 0
0.302400 0.085410 0.435048 0
-0.574539 0.011452 -0.118227 0
-0.118785 -0.639317 -0.073725 0
-0.042673 0.198380 -0.189297 0
-0.115595 -0.386566 -0.052499 0
-0.067960 0.114997 -0.120833 0
0.629649 0.126632 -0.305349 0
-0.211111 0.082918 -0.084937 0
0.544936 0.102626 -0.333094 0
0.329747 0.151443 0.314894 0
-0.056567 0.133487 0.028947 0
-0.735821 -0.144782 -0.011944 0
0.430729 0.126847 -0.333162 0
0.124284 0.204479 0.252463 0
0.502621 0.137550 -0.203070 0
-0.621974 -0.003288 -0.118209 0
-0.499849 0.032115 -0.066070 0
0.046433 0.187724 0.210228 0
0.001291 0.139563 0.077308 0
0.452964 0.141865 -0.159744 0
0.308831 0.152418 0.365016 0
0.635231 0.068479 -0.410781 0
-0.069725 -0.326080 -0.047174 0
-0.543792 0.020593 -0.056473 0
-0.109390 0.051016 -0.093465 0
0.519606 0.125824 -0.346593 0
0.687905 0.084304 -0.373722 0
-0.101852 -0.610222 -0.078767 0
-0.820192 -0.274090 -0.038862 0
0.385064 0.038930 0.389511 0
0.007773 0.157163 0.350654 0
-0.147614 0.231963 -0.281481 0
0.015225 0.145219 0.193983 0
0.607264 0.101004 -0.309267 0
-0.029978 0.162233 0.235451 0
-0.066092 0.111930 0.331263 0
0.555277 0.114467 -0.253008 0
-0.006483 -0.011073 0.489953 0
-0.018605 -0.141075 -0.083542 0
0.220266 0.052031 -0.149636 0
0.392669 -0.015054 0.407795 0
0.033460 -0.129038 -0.098215 0
0.153401 0.201346 0.251955 0
-0.088673 -0.409405 -0.030509 0
0.670370 0.090469 -0.312381 0
0.526874 0.126320 -0.284525 0
0.409811 0.121461 -0.282232 0
0.420041 0.128849 -0.131668 0
0.046737 0.216058 0.018710 0
-0.098663 0.209587 -0.196794 0
0.093210 0.122272 0.444315 0
-0.847021 -0.344258 -0.052850 0
-0.488021 0.017328 -0.010979 0
-0.183680 0.106377 -0.089691 0
0.809123 -0.015462 -0.426576 0
0.097204 0.185653 0.229405 0
-0.147397 0.114857 0.121395 0
0.620377 0.113832 -0.248133 0
-0.180837 0.219949 -0.326316 0
0.113940 -0.062595 -0.125826 0
-0.038501 0.080671 0.078148 0
-0.875034 -0.420767 -0.120460 0
-0.862474 -0.394728 -0.031650 0
-0.514707 0.005671 -0.015998 0
-0.272358 -0.043486 -0.044815 0
-0.033188 -0.160150 -0.067095 0
0.476146 0.096002 -0.371368 0
0.009249 0.224802 0.022113 0
-0.619502 -0.046270 0.029362 0
-0.070271 0.065281 -0.041377 0
-0.069667 0.071768 0.082051 0
-0.081148 -0.567831 -0.039392 0
0.446398 0.139332 -0.196400 0
0.014429 0.189708 0.205994 0
-0.151450 0.193669 -0.190815 0
-0.077629 -0.080954 -0.054699 0
0.059688 -0.083560 -0.117183 0
-0.156860 0.148610 -0.149224 0
0.224633 0.203451 0.326910 0
0.420781 0.111282 -0.221429 0
-0.069085 0.203086 -0.321259 0
0.323386 0.066327 0.315212 0
0.417313 -0.176575 0.371535 0
0.430952 -0.131063 0.384702 0
-0.693985 -0.098870 0.066696 0
0.549469 0.081114 -0.407948 0
0.044611 0.103741 0.423142 0
0.189915 0.150027 0.431328 0
-0.058864 0.153084 -0.131029 0
-0.841029 -0.303616 -0.128255 0
0.124676 -0.020674 -0.137439 0
-0.038044 0.158725 0.310870 0
0.207368 -0.070714 0.438417 0
0.275349 0.085971 0.455126 0
-0.748245 -0.163552 0.004756 0
-0.189987 0.200924 -0.278215 0
0.576354 0.125686 -0.339955 0
-0.693031 -0.093734 -0.002224 0
-0.107896 -0.776482 -0.060398 0
0.148764 0.105297 0.457988 0
-0.729760 -0.154960 -0.043828 0
0.554035 0.146446 -0.219300 0
0.213922 0.191599 0.280676 0
0.345439 0.079609 0.335712 0
-0.177715 -0.091739 -0.053832 0
0.229996 0.063731 0.477239 0
0.182145 -0.007744 -0.136891 0
-0.120004 -0.193217 -0.062104 0
0.279353 0.154860 0.306155 0
0.411266 -0.084332 0.412833 0
0.147613 0.162602 0.407886 0
0.238247 0.072853 -0.205243 0
-0.101409 -0.621843 -0.037215 0
0.593846 0.131971 -0.285899 0
-0.803913 -0.227065 -0.151074 0
0.490705 0.113090 -0.262727 0
0.322557 0.066668 0.368531 0
0.810832 0.063203 -0.386144 0
-0.737269 -0.132649 -0.103641 0
-0.732438 -0.131211 -0.065113 0
-0.043176 -0.060300 0.002316 0
0.688830 0.114509 -0.302790 0
0.246543 0.114147 0.445445 0
-0.058034 -0.016476 0.486821 0
-0.133289 -0.586526 -0.060746 0
0.103971 0.097324 0.433644 0
0.683640 0.073441 -0.436911 0
-0.431180 0.019338 -0.004761 0
0.459734 0.133362 -0.298838 0
-0.632473 -0.030039 -0.061430 0
-0.043251 0.182257 0.005850 0
0.766800 0.039949 -0.410754 0
0.571335 0.103675 -0.313122 0
0.796475 0.029486 -0.405405 0
-0.012417 0.137586 0.188492 0
-0.160765 0.132125 0.071041 0
-0.105018 -0.237627 -0.074578 0
-0.084350 0.027967 0.451797 0
0.320934 0.115512 -0.270286 0
-0.033869 -0.025904 0.496170 0
-0.705712 -0.112012 -0.053443 0
0.481151 0.142176 -0.229283 0
-0.160688 0.097250 -0.078085 0
-0.028292 0.154479 0.076271 0
0.040750 0.051165 0.447935 0
0.180651 0.075861 0.459705 0
-0.398983 0.018658 -0.048494 0
-0.080444 -0.182543 -0.073706 0
0.145466 0.140728 0.432145 0
-0.074945 0.080936 0.324009 0
-0.172265 0.206287 -0.235512 0
-0.029732 0.031809 0.483168 0
-0.080334 -0.610339 -0.061048 0
-0.135842 0.240551 -0.353673 0
-0.709423 -0.125477 0.026591 0
0.571658 0.087972 -0.381549 0
0.308402 -0.022357 0.489336 0
-0.695044 -0.094733 -0.099373 0
-0.050668 0.004558 0.466922 0
-0.480563 0.026837 -0.040677 0
0.321922 0.139858 0.337777 0
0.726228 0.102021 -0.315612 0
-0.583357 -0.000225 -0.047374 0
0.626209 0.101308 -0.372184 0
0.737783 0.063073 -0.433371 0
0.113973 0.135248 0.423524 0
-0.878530 -0.441728 -0.091962 0
-0.214682 0.124027 -0.133940 0
0.222557 0.179909 0.379000 0
-0.644039 -0.038656 -0.083777 0
-0.788298 -0.208202 -0.106243 0
0.336682 0.000661 0.475269 0
0.488980 0.142848 -0.167643 0
-0.657379 -0.071570 0.068161 0
-0.168820 0.228847 -0.348199 0
0.217375 0.194142 0.355976 0
-0.049741 0.098808 0.060666 0
-0.091426 0.101612 0.091445 0
0.654102 0.115885 -0.338206 0
-0.238344 0.129244 0.076526 0
-0.103556 -0.701619 -0.048474 0
-0.079538 0.191746 -0.200316 0
0.294321 -0.145763 0.455640 0
0.335017 -0.179430 0.431085 0
-0.209447 0.183946 -0.264196 0
0.175652 0.066172 0.488423 0
0.610437 0.092259 -0.338009 0
-0.035204 0.074591 0.453808 0
-0.786002 -0.214109 -0.029724 0
0.172382 0.203301 0.330815 0
-0.728430 -0.156256 0.045021 0
-0.079393 0.101150 -0.101672 0
0.550396 0.128222 -0.335223 0
0.360028 -0.006207 0.454578 0
-0.134373 0.183794 -0.153746 0
-0.083964 0.024135 -0.054262 0
0.297874 0.096935 -0.098767 0
0.368286 -0.038461 0.461098 0
-0.525306 0.014027 -0.106805 0
0.354324 0.031064 0.431923 0
-0.247824 -0.068737 -0.069220 0
-0.813685 -0.255962 -0.084169 0
0.010210 0.169792 0.318621 0
0.603352 0.109556 -0.268969 0
-0.090288 -0.501429 -0.062670 0
-0.098467 0.217404 -0.354265 0
-0.058418 0.183543 -0.152380 0
-0.050962 0.048039 0.460057 0
-0.556637 -0.010357 0.041574 0
-0.105238 -0.661586 -0.072866 0
0.754758 0.071188 -0.308607 0
-0.076817 -0.142736 -0.036053 0
0.185138 0.003119 0.484203 0
-0.043540 0.136756 0.385255 0
-0.311621 -0.014376 -0.063632 0
-0.205277 0.153945 -0.204420 0
0.050511 0.146047 0.370996 0
-0.059861 0.141201 0.289323 0
0.353278 0.124266 -0.274546 0
0.078919 0.190805 0.197923 0
0.554728 0.141622 -0.246058 0
0.662974 0.063050 -0.413266 0
0.268608 0.123539 0.414486 0
0.406417 0.118138 -0.332355 0
0.209807 0.046071 0.499802 0
-0.679869 -0.057963 -0.130338 0
0.171847 0.015813 -0.139245 0
0.020234 0.075311 0.457524 0
0.318559 0.125149 0.315727 0
0.735092 0.057870 -0.377010 0
-0.079106 0.125873 0.313562 0
-0.071924 -0.042196 -0.000410 0
-0.070676 -0.225256 -0.034390 0
0.800181 0.007727 -0.433357 0
-0.815257 -0.293390 0.006431 0
-0.109173 -0.328897 -0.041740 0
0.379835 -0.175921 0.416802 0
-0.549923 0.024286 -0.093134 0
-0.118088 0.127820 -0.123549 0
0.330656 0.044616 0.446616 0
0.007091 0.229464 -0.056941 0
-0.081927 -0.725950 -0.075792 0
0.397813 -0.067819 0.431469 0
0.053462 0.176114 0.267437 0
0.324104 0.071034 0.429047 0
-0.643163 -0.023562 -0.106940 0
0.120535 -0.044842 -0.107902 0
0.514695 0.120304 -0.236948 0
-0.047168 0.117523 -0.036286 0
-0.863581 -0.364910 -0.132895 0
-0.833784 -0.298561 -0.078732 0
0.000402 0.186049 0.076634 0
0.689673 0.048667 -0.451399 0
-0.062843 0.159321 0.018436 0
0.249419 0.039518 0.483249 0
0.101259 0.174963 0.356622 0
0.786445 0.053445 -0.333493 0
0.710399 0.071046 -0.348865 0
-0.023096 0.163004 0.271995 0
-0.030621 0.153450 0.050998 0
0.493647 0.123425 -0.320370 0
0.617745 0.089660 -0.423606 0
0.478828 0.115691 -0.353402 0
-0.146268 0.136119 0.107657 0
0.167320 0.049355 0.449572 0
-0.080212 0.040105 -0.029477 0
-0.115018 0.106690 0.081352 0
-0.130358 0.232986 -0.318540 0
0.662542 0.076587 -0.361245 0
0.361129 0.122944 -0.193428 0
-0.765793 -0.185986 0.047030 0
0.188011 0.115119 0.445250 0
0.122976 0.204513 0.320633 0
-0.088771 0.061932 0.422164 0
0.366719 0.008396 0.435150 0
0.681610 0.109889 -0.340126 0
0.199133 -0.040673 0.440769 0
-0.077658 -0.029245 -0.048964 0
-0.503102 0.020916 0.038634 0
-0.121403 0.229449 -0.260139 0
0.041673 0.245425 -0.022887 0
0.264150 0.079029 -0.128912 0
0.277764 -0.048519 0.474846 0
-0.029949 0.125522 0.404560 0
-0.030961 0.172020 -0.152083 0
-0.131966 0.216576 -0.213753 0
-0.081577 -0.444406 -0.073434 0
-0.768628 -0.189080 -0.068497 0
0.012230 0.171476 0.290082 0
-0.648221 -0.056561 -0.030101 0
0.337638 0.114663 0.364622 0
-0.229659 0.116984 -0.113515 0
-0.098130 -0.666242 -0.046679 0
-0.165748 0.233302 -0.311282 0
-0.041287 0.160168 0.206578 0
0.745712 0.040946 -0.424807 0
-0.599338 -0.028378 -0.035189 0
0.711289 0.057553 -0.401330 0
-0.160653 0.068152 -0.079977 0
-0.141951 -0.127750 -0.059970 0
-0.759289 -0.165136 -0.094153 0
-0.362494 0.003690 -0.058822 0
0.357884 0.047478 0.407060 0
-0.574708 -0.020954 0.076990 0
-0.032302 0.191656 0.027053 0
0.282191 0.101907 -0.247821 0
0.547937 0.094705 -0.369308 0
-0.288811 0.099058 -0.123836 0
0.327108 0.109198 -0.235932 0
-0.102144 -0.695364 -0.077053 0
0.038386 0.227634 -0.063875 0
0.093196 0.196606 0.283681 0
-0.845003 -0.333266 -0.099399 0
0.720106 0.047993 -0.422795 0
-0.138283 0.239074 -0.402048 0
-0.102091 0.127755 0.103540 0
-0.088603 -0.351661 -0.040637 0
-0.087616 -0.413459 -0.069866 0
-0.208616 0.121135 0.124252 0
0.690496 0.097093 -0.271446 0
0.662712 0.090822 -0.405466 0
0.676370 0.113636 -0.248035 0
-0.382105 0.011898 -0.022641 0
0.193489 0.030678 -0.137051 0
-0.008774 0.166655 0.223741 0
0.256029 0.168472 0.374401 0
-0.076744 -0.773184 -0.078822 0
0.725939 0.083371 -0.289398 0
0.314347 0.092958 0.381123 0
0.174052 0.183364 0.393359 0
0.608006 0.073892 -0.406362 0
0.635252 0.133464 -0.256368 0
0.343283 0.123342 -0.098438 0
-0.167608 -0.142411 -0.055509 0
0.020317 0.129024 0.400353 0
-0.807996 -0.268375 0.016284 0
0.297084 0.135142 0.378603 0
-0.042335 0.084451 0.102010 0
-0.117408 0.230868 -0.189767 0
-0.096064 -0.190994 -0.056907 0
-0.101846 0.072240 0.321618 0
0.623739 0.121437 -0.329809 0
0.734356 0.094449 -0.346061 0
0.017818 0.169856 0.247451 0
0.452401 0.103339 -0.315132 0
-0.036677 -0.175591 -0.087237 0
0.074996 0.147961 0.385096 0
0.031756 0.196411 0.050108 0
-0.653145 -0.072844 0.023615 0
-0.530363 0.000100 0.075169 0
0.292033 0.095753 -0.159064 0
-0.056046 -0.005316 0.012633 0
-0.076636 -0.075577 -0.087590 0
-0.070873 0.104236 0.108468 0
0.579495 0.094126 -0.359342 0
-0.003409 0.111721 0.159716 0
-0.059916 -0.111443 -0.031711 0
0.408510 -0.155916 0.414770 0
-0.197413 0.138440 -0.168627 0
0.326860 -0.037140 0.476993 0
0.143172 0.107828 0.434489 0
-0.858012 -0.454554 -0.105953 0
0.451662 0.124286 -0.346036 0
-0.863929 -0.384949 -0.148365 0
-0.080785 0.216878 -0.244603 0
0.518583 0.118110 -0.373105 0
-0.091417 0.106147 -0.128186 0
-0.076052 -0.211663 -0.077266 0
-0.099704 0.099183 0.049864 0
0.318671 0.117371 0.347120 0
-0.021085 0.145434 0.099934 0
-0.631005 -0.042637 0.058678 0
-0.672623 -0.065112 -0.106098 0
-0.478439 0.035826 -0.077573 0
0.005330 0.160127 0.177923 0
-0.478852 0.024115 0.011863 0
-0.094938 -0.068418 -0.065679 0
-0.186412 -0.125509 -0.054991 0
0.244196 0.177915 0.307411 0
-0.071451 -0.276472 -0.069964 0
0.400980 0.134421 -0.182614 0
-0.086542 0.214037 -0.333380 0
-0.426798 0.011349 -0.035674 0
0.485922 0.103842 -0.391705 0
-0.537477 0.011057 -0.007571 0
0.310203 -0.112116 0.464895 0
0.689342 0.065629 -0.388509 0
0.362110 0.131116 -0.129154 0
-0.063976 0.086583 -0.058879 0
-0.033420 0.105728 0.082933 0
-0.091397 -0.485216 -0.042116 0
-0.747519 -0.162969 0.032484 0
-0.109319 -0.789690 -0.084331 0
-0.077534 -0.121341 -0.069009 0
-0.031649 0.122577 0.140814 0
0.314690 0.102204 -0.187084 0
0.292406 0.013330 0.479348 0
0.193025 0.191609 0.292987 0
-0.561407 -0.002296 -0.007348 0
-0.046788 0.142243 0.337125 0
0.302402 0.144673 0.317006 0
0.777553 0.072324 -0.387148 0
-0.120121 -0.532879 -0.043277 0
0.623449 0.078959 -0.387294 0
0.767033 0.082472 -0.350762 0
-0.529956 0.002389 0.023516 0
0.401189 0.128319 -0.155888 0
-0.079327 -0.120247 -0.019585 0
-0.067751 0.099042 0.409909 0
-0.627325 -0.034989 -0.002979 0
-0.142915 0.120868 0.046952 0
-0.526575 0.003366 -0.036605 0
0.273829 0.081317 -0.178837 0
0.102572 0.157444 0.394678 0
-0.058123 0.035668 0.051274 0
0.588763 0.139862 -0.252155 0
-0.175548 0.219242 -0.265974 0
0.135677 0.211353 0.301134 0
0.220057 0.109568 0.449595 0
-0.835141 -0.322081 0.000289 0
-0.030496 0.106527 0.114089 0
0.099382 -0.063898 -0.107257 0
-0.006909 0.064851 0.472663 0
-0.026629 0.215441 -0.023100 0
0.645473 0.099381 -0.291608 0
0.350250 0.069552 0.405482 0
0.646368 0.106168 -0.266778 0
-0.253207 0.108286 0.110603 0
0.530142 0.146933 -0.204891 0
0.277868 -0.095986 0.461802 0
-0.572147 0.017336 -0.091059 0
-0.838257 -0.321942 -0.076177 0
0.298553 0.123683 0.300548 0
-0.080332 -0.075053 -0.023584 0
0.384868 -0.077179 0.453939 0
0.384018 0.004571 0.416980 0
0.337762 -0.149868 0.454612 0
-0.117339 0.130679 0.126693 0
-0.190444 0.187844 -0.220732 0
-0.135264 0.160891 -0.140157 0
-0.126249 0.216998 -0.427409 0
-0.871777 -0.476253 -0.086789 0
0.077252 0.178539 0.346811 0
0.292545 -0.004399 0.495757 0
-0.009473 0.040899 0.476271 0
0.411638 -0.107984 0.410258 0
-0.010497 0.213242 0.004818 0
0.587312 0.134232 -0.202389 0
-0.088532 -0.785053 -0.094940 0
-0.100207 -0.030138 -0.071063 0
0.002509 0.133816 0.146231 0
0.791746 0.051076 -0.381171 0
0.709108 0.091993 -0.385826 0
-0.662384 -0.031015 -0.135715 0
0.253640 0.141198 0.406714 0
-0.081324 -0.286202 -0.036472 0
0.240289 0.019954 0.503098 0
-0.144496 0.218013 -0.233292 0
0.306982 -0.068677 0.475261 0
0.163130 -0.006836 -0.114971 0
0.152610 0.107203 0.480659 0
-0.598222 -0.004640 -0.079124 0
0.037754 0.040570 0.468200 0
0.799814 0.059395 -0.352868 0
-0.169982 0.149871 0.130399 0
-0.792265 -0.223845 -0.122675 0
0.060445 0.234599 -0.015096 0
-0.131399 -0.560864 -0.036946 0
-0.084096 -0.320696 -0.066618 0
-0.057150 0.006400 0.489035 0
0.544662 0.112008 -0.281878 0
0.401804 0.030606 0.402874 0
-0.827726 -0.295733 -0.040477 0
0.351379 -0.053195 0.466079 0
-0.286386 0.080823 0.117224 0
0.280597 -0.026048 0.478527 0
-0.560007 0.003011 -0.049458 0
-0.062280 0.169586 -0.115530 0
-0.190422 0.125918 0.137286 0
0.512289 0.139429 -0.272006 0
0.692257 0.081947 -0.321706 0
0.082816 0.184438 0.304196 0
-0.126048 0.108630 -0.108746 0
0.391047 -0.032185 0.428238 0
-0.126477 -0.108770 -0.068569 0
-0.020617 0.173496 0.038682 0
0.711369 0.080411 -0.415074 0
-0.084098 -0.161588 -0.057333 0
0.373743 0.127737 -0.311734 0
-0.095184 0.184128 -0.148459 0
-0.467769 0.016159 -0.021323 0
-0.814568 -0.253256 -0.107088 0
-0.781333 -0.174805 -0.158705 0
0.324481 0.097974 0.314910 0
0.003958 0.232371 -0.027909 0
-0.220847 0.133379 -0.210237 0
0.140133 0.201597 0.270382 0
0.170463 -0.006025 0.468305 0
0.394924 0.129176 -0.220527 0
-0.059914 0.118164 0.381215 0
0.393174 0.121000 -0.257899 0
-0.262344 -0.031254 -0.061503 0
-0.220221 0.135661 -0.252607 0
-0.221748 -0.066252 -0.060922 0
-0.067999 -0.479946 -0.045345 0
0.300292 0.114220 -0.283180 0
-0.812752 -0.259140 -0.152906 0
-0.124231 -0.140361 -0.065997 0
-0.837153 -0.349377 -0.016124 0
0.303089 0.052681 0.306456 0
-0.048399 0.154761 0.245994 0
0.206975 0.138133 0.421883 0
-0.709901 -0.081262 -0.140585 0
0.429810 0.137239 -0.221885 0
-0.056147 -0.067418 -0.014598 0
-0.099739 -0.091041 -0.065656 0
-0.114869 -0.717045 -0.060195 0
0.432427 0.138288 -0.147772 0
0.028782 0.227700 0.011589 0
0.166249 0.098946 0.445568 0
0.074301 0.191226 0.242679 0
-0.083778 -0.094786 -0.038273 0
0.133099 0.172339 0.365449 0
0.198031 0.173522 0.403917 0
-0.190213 0.204274 -0.300274 0
-0.515889 0.033613 -0.111835 0
-0.170964 0.183115 -0.182625 0
-0.830040 -0.272043 -0.166867 0
0.005770 0.140128 0.383898 0
-0.111965 -0.441423 -0.046562 0
-0.452254 0.031630 -0.055545 0
0.361301 -0.073484 0.461638 0
0.651966 0.086729 -0.338289 0
0.015745 0.026648 0.468253 0
-0.126365 -0.168830 -0.071973 0
0.644924 0.065139 -0.437692 0
0.339375 -0.127920 0.457676 0
-0.341345 0.015461 -0.037853 0
0.003790 0.162328 0.202310 0
-0.071237 -0.797862 -0.073671 0
0.220029 -0.062622 0.456708 0
-0.100166 0.064371 -0.078355 0
0.318694 -0.054426 0.491664 0
-0.177889 0.129976 0.095608 0
-0.108083 -0.454336 -0.074410 0
0.202280 0.050307 -0.164256 0
-0.096655 -0.807388 -0.059329 0
-0.576870 -0.008945 0.028593 0
-0.097262 -0.261382 -0.061896 0
0.408326 -0.193024 0.383226 0
-0.145291 0.123393 0.089670 0
-0.802171 -0.234800 -0.075445 0
0.025141 0.233370 -0.014697 0
0.353834 0.124686 -0.324268 0
0.324170 0.014644 0.462431 0
-0.093251 -0.284267 -0.069859 0
0.215781 0.196635 0.304441 0
0.512167 0.104702 -0.320101 0
-0.066549 0.140532 0.242839 0
-0.020367 -0.033463 0.470916 0
0.608766 0.140575 -0.239493 0
0.122232 0.115724 0.417912 0
-0.829124 -0.336569 0.018859 0
-0.100791 -0.742719 -0.082995 0
-0.856867 -0.485857 -0.107578 0
-0.106136 -0.406371 -0.060542 0
0.662776 0.126617 -0.259279 0
-0.242450 0.094350 -0.091549 0
-0.055740 -0.260961 -0.052899 0
-0.166321 -0.112457 -0.047938 0
-0.105487 -0.349362 -0.058734 0
-0.252452 0.106006 -0.137959 0
-0.269976 0.109073 -0.119092 0
-0.174449 0.134008 0.047993 0
-0.739317 -0.127204 -0.129032 0
0.338725 0.124671 0.301329 0
0.226214 0.042678 0.482974 0
0.081977 0.146272 0.364496 0
0.116686 -0.041226 -0.129214 0
-0.073134 0.017269 -0.073767 0
-0.056103 0.152278 0.039960 0
-0.126956 -0.173317 -0.049860 0
-0.117846 0.042196 -0.075455 0
-0.033609 0.129705 0.076934 0
0.014432 0.208050 0.035001 0
-0.638727 -0.062971 0.058536 0
0.333436 0.114753 -0.169138 0
-0.705362 -0.117086 -0.029367 0
-0.173310 0.132877 -0.135747 0
-0.033011 0.101174 -0.038199 0
0.574504 0.121996 -0.301501 0
0.561606 0.125934 -0.281669 0
0.165703 0.139245 0.420145 0
-0.621911 -0.024295 -0.112884 0
0.223558 0.169485 0.399743 0
-0.110586 -0.538696 -0.071565 0
0.056071 0.174260 0.345422 0
-0.145594 0.125614 0.140083 0
-0.043195 0.009990 0.028302 0
-0.048242 0.101242 0.425290 0
0.117184 0.185791 0.243619 0
-0.077240 -0.254847 -0.071556 0
-0.208725 0.114857 -0.101870 0
-0.033970 0.125498 -0.051419 0
0.428684 0.131474 -0.186576 0
0.509512 0.110954 -0.279844 0
0.528679 0.091980 -0.382995 0
-0.847013 -0.378706 -0.001719 0
0.558585 0.127945 -0.202850 0
0.042277 -0.101525 -0.112141 0
-0.105414 -0.382744 -0.029599 0
-0.079517 0.145227 -0.120772 0
-0.015350 0.107884 0.142276 0
0.485159 0.104195 -0.313592 0
0.412600 0.146915 -0.122803 0
0.254530 0.082926 0.459317 0
0.252429 0.088617 -0.215949 0
0.324485 0.083494 0.333559 0
-0.138222 0.182196 -0.174754 0
-0.067791 0.139565 0.269248 0
0.333927 0.122296 -0.289924 0
0.272000 0.062301 -0.117385 0
-0.764506 -0.167071 -0.115388 0
-0.112007 0.020273 -0.083629 0
-0.145485 0.122336 -0.112417 0
-0.596059 -0.019544 0.065113 0
0.226736 0.144566 0.412341 0
0.759482 0.067113 -0.365240 0
-0.121034 -0.658367 -0.058758 0
-0.104955 0.215844 -0.216186 0
0.266655 0.095855 -0.261117 0
-0.518602 0.025582 -0.058303 0
0.138215 0.061783 0.471064 0
0.128332 0.100129 0.454808 0
0.110074 0.126908 0.401310 0
0.765999 0.057687 -0.329255 0
-0.299845 -0.017927 -0.046000 0
-0.098724 -0.304005 -0.075584 0
0.265818 -0.021066 0.499851 0
-0.696910 -0.117975 0.057868 0
-0.162765 0.107527 -0.100221 0
-0.756506 -0.148774 -0.145669 0
-0.084071 -0.706724 -0.060917 0
0.495351 0.098017 -0.362528 0
-0.089526 0.078065 -0.090613 0
0.170177 0.208352 0.305190 0
-0.613202 -0.023201 -0.019659 0
-0.880485 -0.450994 -0.114604 0
0.460401 0.141981 -0.139882 0
0.376335 0.136569 -0.102336 0
-0.002706 0.100201 0.435349 0
-0.334422 -0.008011 -0.030858 0
-0.044761 0.192034 -0.015648 0
0.608787 0.145928 -0.211225 0
0.196258 0.195847 0.367469 0
-0.052565 -0.175822 -0.066684 0
-0.075738 0.006007 -0.041421 0
-0.085017 -0.657451 -0.060713 0
-0.200667 0.128850 0.075525 0
-0.029051 0.153550 0.352738 0
0.010135 0.157259 0.070070 0
0.167049 0.181673 0.274185 0
0.159944 -0.015621 -0.135393 0
-0.853792 -0.344895 -0.029825 0
0.193771 -0.033455 0.464163 0
0.335967 0.121535 -0.313587 0
-0.673107 -0.085473 -0.019693 0
-0.073891 -0.102164 -0.055212 0
-0.087224 0.251029 -0.273572 0
-0.811490 -0.254646 -0.060190 0
-0.115694 0.109826 0.127756 0
0.728511 0.064300 -0.358196 0
-0.004123 -0.142725 -0.098579 0
-0.327037 -0.001632 -0.055364 0
0.364072 0.124510 -0.228171 0
0.669529 0.124084 -0.279069 0
0.252463 -0.066698 0.457468 0
-0.123782 0.154221 0.115441 0
-0.202963 0.101366 -0.079435 0
0.255768 -0.045164 0.469614 0
0.418719 0.118644 -0.315467 0
0.617242 0.131461 -0.283826 0
-0.873095 -0.418195 -0.051906 0
0.492097 0.126296 -0.341270 0
-0.080227 0.223692 -0.285582 0
0.051661 0.243517 -0.054380 0
-0.590490 -0.001978 -0.118255 0
0.402986 -0.115136 0.433354 0
-0.027314 -0.188663 -0.070614 0
-0.084016 -0.351876 -0.074463 0
0.469893 0.151019 -0.169206 0
0.776805 0.044940 -0.364212 0
0.428886 0.124829 -0.241508 0
-0.681048 -0.099762 0.025510 0
-0.030072 0.058422 0.079616 0
0.729189 0.082475 -0.374161 0
0.521940 0.103273 -0.338358 0
-0.492205 0.019464 -0.080626 0
-0.080147 -0.060970 -0.038802 0
-0.072913 0.036890 -0.066292 0
-0.811629 -0.299164 0.029444 0
0.507364 0.141331 -0.158239 0
0.819571 0.009078 -0.396802 0
0.398811 0.124131 -0.122573 0
0.079647 -0.065435 -0.119715 0
0.339152 0.121086 -0.118587 0
-0.091128 -0.749295 -0.051416 0
-0.167292 0.222846 -0.399019 0
0.024967 -0.110628 -0.102235 0
0.247789 0.189039 0.288844 0
-0.072089 -0.188769 -0.043188 0
0.126668 0.189217 0.334012 0
0.165695 0.026615 0.479505 0
-0.791397 -0.259865 0.045729 0
-0.116604 -0.298169 -0.063244 0
0.552192 0.149841 -0.191310 0
-0.873231 -0.383299 -0.097130 0
0.710040 0.089066 -0.332115 0
0.755457 0.064161 -0.385238 0
0.604377 0.111185 -0.332581 0
0.001778 0.170749 0.271231 0
0.681274 0.083956 -0.419362 0
0.567470 0.084929 -0.417160 0
-0.070152 -0.143990 -0.064003 0
0.044746 0.235110 0.026180 0
0.287229 0.178246 0.314663 0
0.074786 0.190865 0.268387 0
-0.006080 0.111482 0.417821 0
0.676225 0.100819 -0.377205 0
0.353079 -0.113370 0.462324 0
0.662582 0.130331 -0.239110 0
-0.747121 -0.154905 0.053333 0
-0.774361 -0.224439 0.054022 0
-0.845687 -0.310969 -0.147257 0
0.328083 -0.084066 0.471840 0
-0.457482 0.017309 0.022290 0
-0.551549 0.010587 -0.078085 0
0.666228 0.100113 -0.329889 0
-0.802643 -0.251332 -0.009687 0
0.537821 0.121394 -0.317456 0
-0.268898 0.092291 0.130838 0
0.070259 0.236435 -0.058720 0
0.454379 0.135780 -0.279336 0
0.310112 0.106088 -0.118703 0
-0.048238 0.117417 0.069893 0
-0.103624 -0.525457 -0.033946 0
-0.687169 -0.092844 -0.050692 0
-0.112852 0.148863 -0.127376 0
0.435297 0.113288 -0.364720 0
-0.882685 -0.404447 -0.108341 0
0.649841 0.088838 -0.388825 0
-0.790575 -0.231109 0.024112 0
-0.066571 0.037062 0.448134 0
0.394615 0.125442 -0.347169 0
-0.708614 -0.107634 -0.076903 0
0.374981 0.130414 -0.154560 0
-0.721738 -0.126149 -0.017473 0
-0.030110 0.191035 -0.137311 0
0.477515 0.123669 -0.298766 0
0.505543 0.125829 -0.299051 0
-0.109580 -0.219067 -0.056552 0
0.230863 -0.014439 0.475472 0
-0.213919 -0.087481 -0.065864 0
0.382518 0.129709 -0.196740 0
-0.093232 -0.209786 -0.044941 0
-0.089650 -0.324268 -0.044092 0
-0.083909 -0.769392 -0.055367 0
-0.102833 -0.597928 -0.032978 0
0.806377 0.030375 -0.422972 0
-0.174422 0.219113 -0.368819 0
-0.804392 -0.261654 -0.037113 0
0.689573 0.102982 -0.357591 0
0.785908 0.072912 -0.344236 0
-0.051684 0.063875 0.447605 0
-0.082976 -0.484632 -0.071069 0
0.449489 0.126257 -0.257749 0
-0.097915 0.097536 -0.089044 0
0.130089 -0.030180 -0.117774 0
-0.091129 -0.430185 -0.059321 0
0.208523 0.051424 0.479317 0
0.271183 0.046903 0.487943 0
-0.083955 0.119170 0.103294 0
0.601648 0.106753 -0.290888 0
-0.631415 -0.002413 -0.135882 0
-0.652300 -0.074250 0.048960 0
0.604548 0.102946 -0.364094 0
-0.177184 0.201866 -0.215379 0
-0.674293 -0.076131 -0.065784 0
0.764990 0.088252 -0.310883 0
-0.781668 -0.220316 -0.048254 0
0.191471 0.023003 0.472058 0
-0.027487 0.134667 -0.034716 0
-0.549650 0.010047 -0.110500 0
-0.747611 -0.153459 -0.034968 0
-0.227054 0.111858 0.136020 0
0.247385 0.077736 -0.178301 0
0.139398 0.158236 0.390213 0
-0.139238 0.232248 -0.299600 0
-0.162516 -0.096812 -0.067907 0
0.451750 0.128373 -0.318873 0
-0.677299 -0.079053 -0.092629 0
-0.518028 0.012794 0.055829 0
0.234223 -0.034740 0.470093 0
-0.113368 0.195992 -0.426019 0
0.010332 0.131302 0.180616 0
0.151397 0.183933 0.242520 0
-0.082484 -0.371102 -0.046236 0
-0.019436 0.084718 0.074219 0
-0.016518 0.010730 0.488558 0
0.563357 0.119596 -0.321942 0
0.433469 -0.136219 0.403723 0
0.018419 0.199106 0.074480 0
0.440998 0.144561 -0.178031 0
0.309709 0.101743 -0.144590 0
0.593820 0.087554 -0.393148 0
-0.726112 -0.135551 0.036010 0
0.011775 0.057166 0.479491 0
-0.093214 0.114203 0.305926 0
0.266761 0.182216 0.313244 0
-0.082155 0.127212 -0.112901 0
-0.768899 -0.197734 0.014443 0
-0.119112 -0.512819 -0.048826 0
0.159666 0.121224 0.453535 0
0.534961 0.094583 -0.408099 0
-0.181787 -0.112448 -0.069421 0
0.645257 0.108718 -0.317091 0
0.165488 0.064010 0.464209 0
0.359677 -0.182495 0.423578 0
0.698470 0.109778 -0.284316 0
-0.617677 -0.017081 -0.070155 0
-0.257962 0.104773 -0.098329 0
-0.079538 0.244002 -0.239847 0
0.374812 -0.138222 0.443720 0
0.205819 0.022911 0.501461 0
0.349372 -0.092787 0.466342 0
0.410997 0.131625 -0.265382 0
-0.205277 0.084030 -0.066146 0
-0.093797 0.195923 -0.183474 0
0.425794 0.130599 -0.289215 0
-0.847536 -0.355644 -0.139531 0
0.186351 0.166927 0.421915 0
0.175086 0.090459 0.475823 0
-0.095557 -0.576132 -0.069916 0
0.261999 0.180217 0.352057 0
-0.791805 -0.234792 -0.002495 0
-0.004889 0.193150 0.050858 0
-0.012484 0.164113 0.069745 0
0.018398 0.010920 0.481924 0
-0.853105 -0.330714 -0.161959 0
0.480078 0.130965 -0.247591 0
-0.074076 -0.305968 -0.054364 0
-0.097671 0.161059 -0.125234 0
0.636649 0.115989 -0.350862 0
-0.158741 -0.140520 -0.072977 0
0.456142 0.098292 -0.361816 0
-0.094291 -0.526515 -0.066735 0
-0.093056 -0.301129 -0.031756 0
0.803970 0.048630 -0.407111 0
-0.070101 0.067574 0.423306 0
-0.680615 -0.100719 0.051599 0
-0.089931 -0.590647 -0.050965 0
-0.036548 0.155690 0.291668 0
-0.665596 -0.060904 -0.052072 0
0.736697 0.073665 -0.417039 0
0.087958 0.144212 0.399161 0
0.309422 0.107041 0.393651 0
-0.194881 0.168188 -0.193595 0
0.558971 0.099723 -0.346640 0
0.461051 0.140318 -0.219494 0
-0.095474 -0.278633 -0.051363 0
-0.854614 -0.353624 -0.100179 0
0.213920 0.034688 -0.162403 0
-0.831815 -0.320433 -0.032109 0
0.745398 0.097187 -0.313003 0
-0.615605 -0.031045 0.074053 0
0.745890 0.075356 -0.342645 0
0.041482 -0.111439 -0.092035 0
-0.099048 0.229308 -0.284027 0
-0.750107 -0.190459 0.064665 0
0.064833 -0.091609 -0.097513 0
-0.116390 0.224820 -0.353782 0
-0.849087 -0.325141 -0.126799 0
0.195289 -0.010151 0.471458 0
0.154409 0.193444 0.342332 0
-0.073110 -0.413788 -0.054385 0
0.316494 0.092885 -0.103775 0
-0.115364 0.126027 0.081951 0
0.176709 0.034621 0.457880 0
0.805214 0.038959 -0.367877 0
-0.706198 -0.093489 -0.115971 0
0.143586 0.188788 0.374209 0
-0.585512 -0.008229 -0.008282 0
-0.830690 -0.286273 -0.098819 0
-0.764962 -0.195292 -0.026972 0
-0.126702 -0.565382 -0.075726 0
-0.826571 -0.293044 -0.135567 0
-0.759969 -0.176896 -0.002758 0
-0.026184 -0.014874 0.482347 0
-0.087420 0.047885 0.435303 0
-0.719703 -0.134465 0.004851 0
0.338605 -0.051232 0.482890 0
-0.079714 -0.251136 -0.029820 0
-0.106392 -0.151252 -0.067661 0
-0.101872 0.216005 -0.403189 0
0.500862 0.093944 -0.380501 0
0.672259 0.106966 -0.296588 0
-0.812965 -0.265331 -0.130896 0
0.816378 0.029100 -0.402863 0
-0.847820 -0.328585 -0.039143 0
-0.069726 -0.021752 0.014360 0
-0.860428 -0.356461 -0.065148 0
-0.134744 0.203762 -0.199697 0
0.572865 0.130219 -0.247326 0
-0.076651 -0.062553 -0.065998 0
-0.659521 -0.049677 -0.074328 0
0.538703 0.132841 -0.240229 0
0.420566 -0.051559 0.391924 0
-0.664931 -0.068392 0.005373 0
0.309879 -0.144977 0.442975 0
-0.065171 -0.191943 -0.080354 0
-0.106468 -0.185630 -0.073242 0
-0.107281 0.231417 -0.247456 0
-0.110356 -0.483143 -0.041508 0
-0.101676 -0.397281 -0.041369 0
0.768868 0.037572 -0.437545 0
-0.090537 -0.564412 -0.055746 0
0.391366 -0.095581 0.456301 0
-0.215622 0.152154 -0.236781 0
0.029535 0.159962 0.360112 0
0.542208 0.113844 -0.348762 0
-0.064818 0.132533 0.346904 0
-0.614627 -0.020149 -0.043555 0
0.007737 0.156226 0.372227 0
-0.079389 -0.030960 -0.069564 0
-0.779218 -0.188375 -0.122411 0
0.282770 0.082959 -0.134537 0
0.332271 0.114769 -0.148055 0
-0.638194 -0.054949 -0.011214 0
0.118102 0.198608 0.214627 0
0.772637 0.050725 -0.346604 0
0.194365 0.154022 0.407077 0
0.067718 0.167550 0.362818 0
0.104795 0.106575 0.450210 0
-0.772650 -0.210755 -0.016646 0
0.141354 -0.009089 -0.134741 0
-0.148195 0.241264 -0.372256 0
0.119141 0.184963 0.363187 0
-0.048822 0.070235 0.091301 0
0.311629 0.134923 0.358325 0
0.107645 0.200162 0.263849 0
-0.256139 -0.051922 -0.049712 0
-0.268585 0.095716 0.096034 0
0.292052 0.102098 0.422788 0
-0.062886 -0.041605 0.016188 0
0.627248 0.108564 -0.265984 0
0.237956 0.078843 0.467440 0
0.356707 0.114683 -0.177020 0
0.589266 0.108742 -0.352436 0
0.042376 0.173497 0.221961 0
-0.817888 -0.280322 -0.085082 0
-0.728980 -0.107283 -0.143150 0
-0.550842 0.001801 0.063163 0
0.015376 0.095041 0.439470 0
-0.747488 -0.150000 -0.058340 0
-0.611643 -0.010264 -0.097695 0
-0.056548 0.060891 0.073150 0
0.593231 0.125120 -0.217803 0
-0.866262 -0.444682 -0.050817 0
-0.779450 -0.209469 -0.088946 0
-0.137434 -0.154972 -0.044879 0
0.501342 0.133455 -0.235286 0
0.198930 0.110654 0.459860 0
-0.176850 0.102861 -0.070358 0
0.334556 0.079767 0.407471 0
-0.034945 0.088857 0.441637 0
0.605158 0.076727 -0.428707 0
0.252620 0.056019 0.491527 0
0.518718 0.132126 -0.254299 0
-0.055732 -0.046115 -0.012309 0
0.711472 0.082042 -0.307035 0
0.670536 0.095780 -0.347581 0
0.217169 0.087927 0.475270 0
-0.016726 0.068920 0.457279 0
-0.007975 0.104230 0.122088 0
-0.729653 -0.134057 -0.083357 0
-0.040523 0.192301 -0.165118 0
0.628588 0.117652 -0.231818 0
0.273010 0.151811 0.381364 0
0.093703 0.195148 0.208443 0
0.023468 0.160620 0.203465 0
-0.110495 0.232299 -0.305432 0
-0.170477 0.164864 -0.156727 0
-0.062477 0.021779 0.457992 0
0.772269 0.054089 -0.399916 0
-0.859485 -0.341530 -0.142424 0
0.572798 0.111525 -0.380451 0
-0.696434 -0.114284 0.019466 0
0.300508 0.165458 0.316670 0
0.392460 0.045267 0.409310 0
-0.095382 -0.641304 -0.048251 0
0.528206 0.135978 -0.177277 0
0.694634 0.053664 -0.432981 0
-0.062491 0.133775 0.371612 0
0.302854 0.103849 -0.233720 0
-0.651396 -0.075654 0.085185 0
-0.781060 -0.191450 -0.150637 0
0.737845 0.078563 -0.309929 0
-0.142096 0.081359 -0.079692 0
0.096346 -0.057040 -0.126961 0
-0.760308 -0.178726 -0.081681 0
0.270804 0.014234 0.483985 0
0.206760 0.207485 0.324644 0
0.589021 0.125832 -0.269192 0
-0.366962 0.010944 -0.042471 0
0.677691 0.113699 -0.321830 0
-0.745331 -0.148938 -0.100561 0
0.675005 0.102235 -0.262887 0
0.706712 0.110121 -0.303572 0
0.568151 0.112737 -0.266074 0
0.498543 0.121596 -0.220353 0
0.597729 0.105869 -0.389630 0
-0.029819 0.205270 0.014924 0
-0.080449 -0.317786 -0.029263 0
-0.110615 -0.760216 -0.068549 0
-0.861539 -0.372214 -0.109672 0
0.003289 0.114022 0.139903 0
0.491753 0.140382 -0.185880 0
0.195840 0.091683 0.476989 0
-0.876217 -0.390883 -0.136050 0
0.737237 0.106482 -0.289978 0
0.538651 0.139110 -0.278648 0
0.642828 0.105857 -0.378497 0
0.229094 0.052654 -0.130032 0
-0.805179 -0.237121 -0.113074 0
-0.418641 0.022881 -0.023965 0
-0.209388 0.176390 -0.243713 0
0.302976 0.026906 0.485713 0
0.509636 0.112824 -0.354831 0
-0.055045 0.198255 -0.175531 0
-0.203669 0.144135 0.112860 0
-0.674620 -0.076545 0.071779 0
-0.059014 -0.225392 -0.065864 0
0.007332 -0.024461 0.480241 0
0.535061 0.120608 -0.365584 0
0.358030 0.070647 0.384533 0
-0.596692 -0.017561 0.011843 0
0.327197 0.026875 0.449056 0
0.228790 0.024259 0.483082 0
0.170849 0.197522 0.255607 0
0.415021 0.142935 -0.150529 0
-0.092959 -0.464309 -0.072432 0
-0.412691 0.002059 -0.042514 0
0.351517 0.114538 -0.236820 0
0.205166 -0.036964 0.480020 0
-0.445800 0.012448 -0.019142 0
0.255469 0.071245 -0.142885 0
0.620835 0.088227 -0.353628 0
-0.012976 0.151190 0.201408 0
-0.046800 0.101928 -0.026379 0
-0.835030 -0.295466 -0.060865 0
-0.442028 0.002970 -0.040947 0
-0.056772 -0.207072 -0.059344 0
0.504060 0.113381 -0.387911 0
-0.052291 0.017618 0.044375 0
-0.692611 -0.080667 -0.083038 0
-0.221018 0.126203 0.080918 0
-0.125271 0.194623 -0.168062 0
-0.122859 0.246417 -0.295424 0
-0.069371 0.200147 -0.230374 0
-0.345527 0.006680 -0.053202 0
0.303542 -0.007819 0.479674 0
0.473575 0.132157 -0.277259 0
0.571185 0.142254 -0.215272 0
0.459551 0.137924 -0.176237 0
-0.867069 -0.386345 -0.054383 0
0.509386 0.141127 -0.181392 0
0.389070 0.140476 -0.122829 0
0.326089 -0.013620 0.471989 0
-0.106366 -0.465335 -0.040231 0
-0.109295 0.110090 0.110851 0
0.476641 0.103760 -0.329528 0
-0.695689 -0.067361 -0.133697 0
-0.058018 -0.023124 -0.002013 0
-0.660282 -0.068571 -0.036135 0
-0.029816 -0.154898 -0.086596 0
0.554503 0.088048 -0.387186 0
-0.073446 -0.514364 -0.057797 0
-0.520082 0.016176 0.034737 0
-0.191656 0.124514 -0.147658 0
0.289036 0.165489 0.347029 0
-0.112586 -0.680917 -0.079873 0
-0.066544 -0.124696 -0.051466 0
0.691527 0.071642 -0.361389 0
0.142171 0.139268 0.414467 0
-0.195832 0.167842 -0.211597 0
-0.872615 -0.425425 -0.137709 0
0.405376 -0.176957 0.390839 0
-0.091879 -0.802163 -0.099501 0
0.187359 0.054052 0.495482 0
0.336478 -0.162259 0.436336 0
0.315090 0.085190 0.422272 0
-0.844817 -0.357008 -0.039673 0
0.193832 0.014130 -0.147843 0
0.597126 0.091385 -0.422050 0
-0.098880 -0.426064 -0.038988 0
0.294687 0.078373 -0.106252 0
0.628506 0.105979 -0.337662 0
-0.073533 -0.096325 -0.021660 0
0.384392 0.129700 -0.239411 0
-0.722142 -0.106240 -0.108520 0
0.316178 0.080009 0.299408 0
-0.078866 -0.233401 -0.051436 0
-0.831543 -0.287142 -0.116721 0
-0.086326 0.096288 0.075087 0
-0.024531 0.184212 -0.164606 0
-0.077586 0.098472 0.321387 0
-0.082609 0.228711 -0.231044 0
0.375135 0.043493 0.404367 0
-0.103223 0.221714 -0.183793 0
-0.065264 0.090514 0.072689 0
0.239827 0.193117 0.344681 0
0.429697 0.115612 -0.347900 0
-0.591198 0.017414 -0.120781 0
0.104476 -0.026231 -0.119606 0
0.397266 -0.176256 0.420684 0
-0.096111 0.127887 -0.134521 0
-0.841025 -0.329075 -0.060061 0
0.142383 0.124682 0.424734 0
0.409559 -0.034881 0.405440 0
0.250464 0.039719 0.501046 0
-0.611511 -0.038758 0.009581 0
-0.523633 0.031488 -0.092664 0
0.113846 0.089755 0.454991 0
0.386128 0.119954 -0.321895 0
-0.560920 -0.007394 -0.035034 0
0.279233 0.061251 0.465890 0
-0.098743 -0.684954 -0.044453 0
-0.670770 -0.077116 0.034291 0
-0.177740 0.205878 -0.254422 0
-0.793024 -0.214364 -0.157142 0
0.752183 0.048070 -0.392076 0
0.576828 0.135687 -0.290386 0
-0.184286 0.109697 0.141224 0
0.299260 -0.124103 0.456166 0
-0.083969 -0.443207 -0.049585 0
0.257872 0.195651 0.305764 0
-0.115383 -0.618209 -0.070490 0
0.162096 0.162901 0.390701 0
0.177303 0.135404 0.439104 0
-0.113627 -0.484551 -0.063621 0
-0.571253 0.025241 -0.128839 0
-0.099363 -0.118713 -0.047957 0
-0.764691 -0.164400 -0.144207 0
-0.760077 -0.198676 0.032943 0
-0.328328 -0.023635 -0.054176 0
-0.059203 0.172044 -0.138996 0
0.712600 0.075028 -0.389281 0
-0.590505 -0.024542 0.047084 0
0.148625 0.179115 0.394400 0
-0.063901 0.067085 -0.066175 0
-0.079220 0.216466 -0.309988 0
0.580347 0.078531 -0.404480 0
-0.704559 -0.105717 -0.009678 0
-0.093255 0.031264 -0.040554 0
0.177224 0.202077 0.288700 0
0.683872 0.096405 -0.329015 0
0.372263 -0.189557 0.396760 0
0.030154 0.141090 0.392150 0
0.291005 0.081877 0.447983 0
-0.765389 -0.181048 -0.040601 0
0.291664 0.171061 0.297458 0
0.044562 0.171956 0.326034 0
-0.178915 0.147654 -0.156057 0
0.645339 0.080021 -0.374320 0
0.293207 -0.105105 0.463753 0
0.624655 0.099354 -0.307604 0
0.216268 0.003744 0.479649 0
0.099958 0.140523 0.411413 0
-0.012239 0.153820 0.357836 0
-0.795329 -0.223951 -0.062843 0
0.771102 0.020644 -0.441523 0
0.330513 0.098372 0.385210 0
0.738470 0.067039 -0.393217 0
-0.127916 0.091624 -0.095431 0
0.169878 0.162012 0.418550 0
-0.078505 0.192134 -0.155365 0
0.022366 0.235143 -0.063302 0
0.584117 0.099448 -0.401526 0
0.373462 -0.160897 0.430044 0
-0.818902 -0.285547 -0.056141 0
0.408208 -0.100297 0.425789 0
-0.138657 0.229384 -0.262634 0
0.406615 -0.005498 0.395573 0
-0.113086 -0.562069 -0.045548 0
0.780136 0.048860 -0.430559 0
0.376831 -0.054903 0.457141 0
0.707799 0.096629 -0.277753 0
-0.585977 -0.025744 0.027971 0
0.538876 0.123633 -0.296836 0
0.201544 0.207586 0.290673 0
0.044904 0.209415 0.034680 0
0.715052 0.096306 -0.293717 0
-0.086296 -0.002658 -0.057247 0
-0.116350 0.069245 -0.094266 0
-0.071180 -0.167066 -0.068008 0
0.142784 -0.026367 -0.135854 0
-0.116306 0.207080 -0.412985 0
0.317769 0.019374 0.478334 0
-0.756881 -0.162128 -0.067937 0
-0.823001 -0.286021 -0.026576 0
-0.118135 0.093454 -0.111603 0
0.155298 0.002092 -0.127603 0
-0.517749 0.008065 0.006481 0
0.224201 0.126839 0.438452 0
-0.087923 -0.241956 -0.076040 0
-0.041180 -0.009393 0.020548 0
-0.412413 0.016294 0.005107 0
-0.282619 -0.025713 -0.061085 0
-0.041587 0.019442 0.480653 0
-0.868019 -0.410506 -0.037247 0
-0.279941 -0.057718 -0.051107 0
0.283507 0.121358 0.394252 0
-0.685859 -0.110687 0.080510 0
-0.826620 -0.287778 -0.158793 0
-0.732175 -0.168615 0.069952 0
0.258377 0.157467 0.388620 0
-0.077822 0.159796 -0.111632 0
-0.371002 -0.011605 -0.044087 0
-0.003481 0.207523 0.040743 0
-0.026589 0.133022 0.389366 0
-0.085974 -0.615178 -0.041176 0
0.086271 0.194884 0.317500 0
0.292465 0.152144 0.359536 0
-0.097513 0.045610 -0.082171 0
-0.878340 -0.422512 -0.076767 0
0.197630 0.070915 0.470171 0
-0.096747 -0.482707 -0.060638 0
-0.085872 0.062825 -0.056213 0
-0.104514 -0.328998 -0.060268 0
-0.724555 -0.140175 0.059555 0
-0.487505 0.012362 -0.034449 0
-0.147125 -0.110969 -0.061834 0
-0.833063 -0.317219 -0.135171 0
-0.660511 -0.042827 -0.097633 0
-0.875365 -0.387794 -0.074091 0
-0.246235 -0.038627 -0.054287 0
0.489802 0.126673 -0.275722 0
-0.009783 -0.126333 -0.082772 0
0.426465 -0.088088 0.396858 0
0.433091 0.129776 -0.203092 0
0.397516 -0.138635 0.432566 0
-0.195959 0.144783 -0.184512 0
-0.121901 -0.156077 -0.052086 0
0.730303 0.033070 -0.446674 0
-0.675574 -0.083181 -0.002873 0
0.394319 0.119386 -0.289242 0
0.377380 -0.028891 0.447714 0
-0.076716 0.078916 -0.050389 0
0.374660 0.120066 -0.289383 0
0.179429 0.159247 0.442458 0
-0.034197 0.161501 0.252748 0
0.712610 0.083318 -0.360778 0
0.636789 0.116965 -0.284805 0
-0.485056 0.013761 0.047281 0
-0.723337 -0.117476 -0.069602 0
-0.059524 0.050541 0.059769 0
0.257858 0.002137 0.481853 0
0.047451 0.113142 0.409175 0
-0.139405 0.169025 -0.160664 0
-0.078342 -0.066088 -0.009199 0
-0.104298 0.116035 0.138826 0
-0.127235 0.114075 0.141664 0
0.258072 0.101632 0.445886 0
-0.037822 -0.000095 0.477834 0
-0.102574 0.117876 0.089666 0
-0.864147 -0.359453 -0.087347 0
0.176629 0.026188 -0.151840 0
-0.030325 0.186535 -0.181861 0
-0.586377 0.005343 -0.072140 0
0.508521 0.145466 -0.218894 0
-0.178472 0.208234 -0.338375 0
-0.128685 0.236067 -0.335149 0
-0.606184 0.002322 -0.113422 0
-0.507495 0.022200 -0.090852 0
-0.081147 0.105864 0.340844 0
-0.143012 0.208834 -0.423635 0
-0.871033 -0.404410 -0.122219 0
-0.073304 -0.011254 0.467179 0
-0.206195 0.122037 -0.177403 0
0.052650 0.178470 0.293863 0
-0.100994 -0.365027 -0.042700 0
-0.114141 -0.598191 -0.048308 0
-0.189354 0.120298 -0.102087 0
0.188974 0.091181 0.457706 0
-0.156029 0.133960 -0.140851 0
0.017056 0.056956 0.443654 0
0.470010 0.107978 -0.381577 0
-0.092065 0.009846 -0.075971 0
-0.637462 -0.037419 -0.047086 0
-0.019766 0.141492 0.082873 0
0.004849 0.211510 0.012690 0
-0.091666 -0.708586 -0.077399 0
-0.669534 -0.041908 -0.119759 0
-0.861016 -0.359190 -0.035075 0
0.315355 0.148477 0.306657 0
-0.071598 0.084962 0.424428 0
-0.086823 -0.053180 -0.056410 0
-0.796109 -0.230681 -0.036739 0
-0.040840 0.034404 0.470804 0
0.177379 0.123264 0.455425 0
-0.108232 0.227221 -0.374851 0
-0.806035 -0.243777 -0.154057 0
0.656668 0.113474 -0.284567 0
0.255038 0.123362 0.426388 0
-0.654079 -0.057384 -0.005599 0
0.553329 0.129235 -0.260775 0
-0.240012 0.094673 -0.074936 0
0.629247 0.137941 -0.239735 0
-0.464386 0.023398 -0.037819 0
-0.075483 0.124854 0.271655 0
-0.065885 0.135466 -0.120338 0
0.280598 0.095475 -0.206879 0
0.696051 0.077170 -0.337325 0
-0.563353 -0.009123 0.060864 0
0.460350 0.138928 -0.241602 0
0.328210 0.109309 -0.209139 0
0.622556 0.102424 -0.394162 0
0.595173 0.123923 -0.338358 0
-0.079657 0.101777 0.368596 0
0.473464 0.144509 -0.207890 0
-0.054819 0.120944 0.050898 0
0.021470 0.155732 0.177536 0
0.695791 0.089401 -0.350070 0
0.054271 0.186072 0.227003 0
0.651577 0.094687 -0.310554 0
-0.100256 -0.006523 -0.071168 0
-0.075667 0.096053 0.091663 0
-0.177463 0.116775 -0.137319 0
0.600435 0.127621 -0.252288 0
-0.686172 -0.083182 -0.029812 0
-0.875342 -0.454152 -0.081299 0
0.145398 0.123918 0.445327 0
-0.094531 -0.237970 -0.060884 0
-0.062143 0.137187 0.044217 0
-0.066555 -0.151143 -0.046150 0
-0.869203 -0.368156 -0.149480 0
0.389314 0.023572 0.384639 0
0.231397 0.187056 0.286633 0
-0.879257 -0.435479 -0.108674 0
-0.034067 0.169736 0.051514 0
-0.558530 -0.010496 0.016610 0
0.137832 0.189761 0.258894 0
-0.066397 -0.068859 -0.030267 0
0.037028 0.175201 0.289135 0
0.702013 0.094326 -0.314385 0
-0.005176 0.145269 0.170547 0
-0.073130 0.206756 -0.203565 0
-0.111258 -0.422934 -0.059963 0
-0.045047 0.163375 -0.140102 0
0.000490 0.163373 0.336831 0
-0.126167 0.138989 -0.132854 0
-0.144398 0.123429 0.030591 0
-0.073088 -0.229257 -0.073822 0
0.206504 0.176804 0.298997 0
0.797438 0.032979 -0.388907 0
0.117386 0.175261 0.349811 0
0.331553 0.099844 -0.102885 0
0.323408 0.058295 0.440622 0
0.591125 0.102850 -0.312666 0
0.675741 0.082972 -0.390782 0
-0.071961 0.014506 0.469502 0
0.774960 0.061623 -0.419262 0
-0.088670 -0.075181 -0.039613 0
-0.237635 -0.068312 -0.052973 0
-0.102415 0.130750 -0.118978 0
-0.651723 -0.033911 -0.118052 0
-0.104316 -0.344280 -0.037902 0
-0.018894 0.090824 0.445292 0
0.184439 -0.017682 0.481479 0
0.516937 0.120474 -0.331143 0
-0.031609 0.097702 0.144739 0
-0.099394 -0.382710 -0.083496 0
0.791703 0.064491 -0.393697 0
0.715175 0.063249 -0.418716 0
0.265026 -0.030953 0.475899 0
-0.067200 -0.080166 -0.010384 0
-0.154395 0.185095 -0.176532 0
-0.871403 -0.406168 -0.079384 0
0.100160 0.200122 0.244490 0
0.183433 0.182407 0.283191 0
-0.557283 0.001111 0.029712 0
0.528773 0.109201 -0.395639 0
0.106295 0.156651 0.378629 0
0.535055 0.148058 -0.186171 0
0.118578 0.159999 0.397713 0
-0.083526 -0.378522 -0.068310 0
0.317434 0.050886 0.454205 0
0.674194 0.076088 -0.406728 0
0.306138 0.097416 0.415632 0
-0.106587 -0.554473 -0.076369 0
-0.847377 -0.315497 -0.164596 0
-0.300082 -0.033685 -0.041211 0
-0.378419 -0.003627 -0.026720 0
0.030676 0.055095 0.465053 0
-0.627677 -0.049730 0.013427 0
0.355112 0.126722 -0.248501 0
0.056402 0.162570 0.333840 0
-0.477272 0.032513 -0.055772 0
-0.117732 -0.632680 -0.051514 0
-0.076133 0.085024 -0.101732 0
0.286825 -0.082420 0.469142 0
-0.095015 -0.175646 -0.066979 0
