0.005370 -0.439825 -0.080024 0
-0.293020 0.436640 0.260317 0
0.408162 0.190842 -0.102750 0
0.079515 -0.990889 -0.108704 0
-0.064058 0.052246 0.019839 0
0.288493 -0.250645 0.128809 0
-0.218504 -0.217005 -0.305001 0
0.124913 0.202132 -0.151038 0
-0.086742 0.335118 0.091197 0
0.047465 -0.714338 -0.090848 0
0.033062 -0.182876 -0.048127 0
-0.313932 0.304384 0.083907 0
0.239315 0.214486 0.036758 0
-0.153408 -0.284004 -0.105210 0
-0.023348 -0.266088 -0.262591 0
0.094152 -0.292407 0.108041 0
-0.122134 0.360810 0.285054 0
0.100433 0.037057 -0.059664 0
0.202782 -0.250173 -0.029220 0
0.276876 0.219128 -0.182942 0
-0.130225 0.198225 0.032514 0
-0.211402 0.355847 0.170693 0
0.055717 -0.853742 -0.092583 0
0.036700 -0.575865 -0.084958 0
0.092140 -0.342483 -0.021300 0
-0.032020 -0.326688 -0.133828 0
-0.044509 -0.074057 0.000013 0
0.127798 0.186389 -0.021071 0
-0.199131 0.300010 0.045559 0
-0.136173 -0.242476 -0.221877 0
0.352321 0.213371 0.001345 0
-0.332803 0.351227 0.188680 0
0.226924 0.205628 -0.079683 0
0.060344 -0.070693 -0.054408 0
0.183897 -0.267372 0.172075 0
-0.115841 -0.260305 -0.325718 0
-0.218065 0.393632 0.323513 0
-0.082485 0.371081 0.189103 0
0.009161 -0.284285 -0.046228 0
-0.230394 -0.254957 -0.184848 0
0.203332 -0.241760 0.072317 0
0.318572 0.209568 -0.095113 0
0.135295 -0.275018 0.025584 0
0.284807 -0.236917 0.040304 0
0.129398 0.116697 -0.068890 0
-0.060295 -0.268635 -0.187794 0
0.194159 0.216215 -0.191666 0
-0.230826 0.385244 0.244383 0
-0.105256 0.120830 0.023649 0
-0.164604 0.322625 0.114034 0
-0.002295 -0.362963 -0.060650 0
-0.126349 0.267466 0.070961 0
-0.241231 0.318762 0.109207 0
0.281029 0.212163 -0.027992 0
0.080431 -0.787765 -0.115984 0
-0.026011 -0.146537 -0.008023 0
-0.152163 0.360946 0.217248 0
0.159741 0.180655 -0.091843 0
0.089421 -0.919862 -0.110983 0
0.016500 -0.508710 -0.066695 0
0.054766 -0.401719 -0.044266 0
0.343927 0.215246 -0.159853 0
0.198152 0.186677 -0.019294 0
0.030448 -0.648526 -0.079864 0
-0.201572 -0.218100 -0.235072 0
-0.088059 -0.289670 -0.123317 0
-0.264927 0.303349 0.037434 0
0.151615 -0.257673 0.115135 0
-0.154667 -0.224948 -0.285489 0
-0.072417 -0.014519 0.004891 0
-0.086448 -0.249413 -0.264991 0
-0.018204 -0.225193 -0.041948 0
-0.168936 -0.263241 -0.166401 0
-0.295598 0.317968 0.143956 0
-0.288641 0.388276 0.216223 0
0.053043 -0.009429 -0.064527 0
0.226778 -0.240271 0.129939 0
-0.134893 0.359721 0.152787 0
0.376101 0.188338 -0.050899 0
-0.185689 0.365358 0.278939 0
0.224453 0.212416 -0.140506 0
0.087175 -0.300335 0.050017 0
-0.008085 -0.388187 -0.112450 0
0.182109 0.212905 0.032107 0
0.040131 -0.124234 -0.050108 0
-0.242583 0.425174 0.282096 0
0.231197 -0.235019 0.024221 0
0.148494 -0.266847 -0.027788 0
-0.113144 -0.262488 -0.172278 0
0.300292 0.220893 0.023003 0
-0.265409 0.352464 0.181141 0
-0.076622 0.370988 0.135973 0
0.277608 0.214014 -0.128315 0
-0.099702 0.345437 0.240090 0
0.177847 -0.246562 0.017563 0
0.251039 -0.262078 0.169672 0
0.257450 -0.233280 0.083656 0
-0.155725 0.246128 0.034895 0
-0.088931 0.169042 0.034127 0
0.046815 -0.454842 -0.055932 0
0.172090 0.203352 -0.134974 0
0.326651 0.205784 -0.045321 0
-0.159213 0.373834 0.319475 0
-0.014056 -0.266445 -0.214329 0
0.161057 0.160521 -0.045684 0
0.090368 0.083124 -0.068198 0
-0.167726 0.289583 0.079689 0
0.128311 -0.277226 0.078771 0
-0.198934 -0.281610 -0.134903 0
0.273793 0.210496 -0.074026 0
0.047524 -0.760625 -0.094176 0
0.114764 0.184664 -0.102474 0
0.114085 -0.308042 0.000560 0
0.362865 0.199802 -0.104294 0
-0.179328 -0.229271 -0.325764 0
-0.325871 0.413558 0.225690 0
-0.053175 -0.265481 -0.297196 0
-0.126636 0.310668 0.085023 0
-0.103377 0.232559 0.054159 0
0.124892 -0.284107 0.139852 0
-0.239440 -0.213274 -0.258599 0
0.236198 0.208812 -0.026702 0
-0.010810 -0.154043 -0.049301 0
-0.090963 -0.250446 -0.221039 0
-0.199603 0.367221 0.218856 0
-0.185440 -0.238547 -0.199689 0
0.076932 -0.876377 -0.123141 0
-0.202240 0.314544 0.090563 0
0.163580 -0.256680 0.063224 0
-0.056275 -0.296306 -0.153092 0
-0.271017 0.306813 0.080099 0
-0.120569 0.338399 0.117765 0
0.022658 -0.234314 -0.051984 0
0.020287 -0.325520 -0.050990 0
-0.206803 0.336233 0.127657 0
-0.336256 0.316115 0.156373 0
0.197836 0.179661 -0.063931 0
0.059413 0.036370 -0.067321 0
-0.037084 -0.115403 -0.036063 0
-0.094642 0.080021 0.019854 0
0.297732 -0.242359 0.084349 0
-0.034331 -0.029394 -0.000731 0
0.155321 0.212093 -0.178739 0
0.085752 -0.033917 -0.060290 0
0.013817 -0.400532 -0.061056 0
-0.127343 -0.277758 -0.135853 0
-0.151984 0.350828 0.259396 0
-0.026429 -0.187093 -0.030938 0
-0.244256 0.335676 0.145829 0
0.164906 0.187545 0.003388 0
-0.170422 0.363741 0.181624 0
-0.248659 0.377804 0.209227 0
-0.021195 -0.352381 -0.094401 0
0.053716 -0.352647 -0.015956 0
-0.051979 -0.256833 -0.227622 0
-0.265106 0.409617 0.251004 0
-0.221557 0.384542 0.283100 0
-0.116096 0.353316 0.202218 0
0.233025 0.215048 -0.185005 0
0.056135 -0.814885 -0.098260 0
-0.190080 -0.211674 -0.271937 0
-0.117507 -0.246776 -0.288655 0
0.188426 -0.246089 0.108931 0
-0.232298 -0.235425 -0.218432 0
0.193352 0.196868 -0.102320 0
-0.233673 0.308405 0.060123 0
0.262764 0.207634 0.004905 0
0.237217 -0.246743 -0.013828 0
0.306284 0.211458 -0.159583 0
0.135241 0.151961 -0.080892 0
0.023555 -0.092556 -0.061249 0
-0.163813 -0.227928 -0.242278 0
-0.174017 0.344768 0.143231 0
-0.324935 0.307896 0.119272 0
-0.121890 0.155307 0.024286 0
-0.081936 0.020504 0.012128 0
0.041496 -0.611763 -0.091361 0
0.061659 -0.898298 -0.097873 0
0.374101 0.206272 -0.138388 0
0.071584 -0.951436 -0.107161 0
0.221817 0.198383 0.005812 0
0.029657 -0.541214 -0.076769 0
-0.298316 0.340012 0.172989 0
0.316355 0.214092 -0.011742 0
0.042287 -0.381978 -0.073028 0
0.080603 -0.378337 -0.035629 0
0.247859 0.215589 -0.109054 0
-0.104125 0.375083 0.161213 0
-0.145103 -0.242636 -0.316719 0
0.008402 -0.472994 -0.068390 0
-0.118594 -0.302159 -0.111319 0
-0.066645 -0.326128 -0.128330 0
-0.169534 0.282416 0.038957 0
0.196428 -0.251599 0.143404 0
-0.087086 -0.264437 -0.305754 0
0.152959 -0.266309 0.149220 0
-0.123760 -0.239054 -0.253698 0
-0.177877 0.369602 0.245797 0
0.041462 -0.679494 -0.089662 0
0.030612 -0.357745 -0.045949 0
-0.009440 -0.316110 -0.037242 0
-0.318849 0.377891 0.204270 0
0.002543 -0.197472 -0.049011 0
-0.211847 -0.277616 -0.165916 0
-0.086161 -0.278474 -0.160138 0
0.127677 0.163109 -0.045165 0
0.030014 -0.428782 -0.043483 0
-0.099447 0.200206 0.047424 0
-0.098493 0.297390 0.073473 0
0.083788 0.008345 -0.059755 0
-0.041193 -0.359821 -0.119751 0
0.141198 0.191564 -0.121094 0
-0.188616 0.382924 0.307543 0
-0.141942 -0.253009 -0.185302 0
0.260906 -0.241139 0.008295 0
0.234492 -0.232665 0.060284 0
0.323046 0.211965 -0.127477 0
-0.065979 -0.049970 0.004632 0
-0.278866 0.314520 0.110778 0
0.257431 -0.239646 0.118937 0
-0.011953 -0.256713 -0.045702 0
0.351117 0.198111 -0.068944 0
0.219094 -0.258824 0.165263 0
-0.005867 -0.124436 -0.038013 0
-0.162325 -0.280498 -0.135760 0
-0.107102 0.141179 0.048874 0
0.227691 -0.234955 0.094857 0
0.083627 -0.319834 -0.000653 0
0.197637 -0.238308 0.041040 0
0.268693 0.225597 0.031828 0
-0.054067 -0.258624 -0.259692 0
0.253926 0.213982 -0.151971 0
-0.293919 0.411484 0.237030 0
-0.027341 -0.099069 -0.008378 0
-0.003560 -0.411162 -0.089347 0
0.383332 0.190074 -0.081410 0
0.359848 0.195871 -0.023556 0
0.153493 -0.260309 0.002358 0
-0.154089 0.357554 0.293348 0
-0.155555 0.263941 0.060559 0
-0.225224 0.306452 0.029756 0
0.196089 0.208027 -0.154221 0
-0.077920 0.104539 0.029072 0
-0.099482 0.360574 0.112444 0
0.055007 -0.039655 -0.057842 0
0.246915 0.201957 -0.054905 0
-0.133305 0.239712 0.057003 0
-0.129628 0.342228 0.233342 0
-0.202235 0.385159 0.259436 0
0.297425 0.209915 -0.053638 0
-0.291891 0.361108 0.194070 0
0.118591 -0.283570 0.050611 0
0.126757 -0.274042 0.108954 0
-0.237059 0.364519 0.184542 0
-0.272084 0.332089 0.156907 0
0.023903 -0.149644 -0.049314 0
0.138128 -0.291460 -0.013859 0
-0.239877 0.411557 0.313427 0
0.175813 -0.253247 -0.016492 0
0.214747 0.215316 -0.112280 0
0.215263 0.202378 -0.047125 0
-0.053973 0.011260 0.013203 0
0.109848 -0.302279 0.029094 0
0.091154 -0.296436 0.078705 0
-0.031839 -0.273788 -0.191083 0
-0.242859 0.397951 0.267616 0
-0.200666 -0.254870 -0.180029 0
-0.088774 0.354968 0.215125 0
-0.007050 -0.452425 -0.055295 0
0.209625 0.205335 0.036362 0
0.191749 0.197316 0.010137 0
-0.147269 0.341849 0.133648 0
0.271487 -0.260247 0.149945 0
0.118082 0.089545 -0.068453 0
-0.138939 0.363398 0.188629 0
0.205427 -0.243507 -0.001791 0
0.171859 0.177099 -0.023668 0
-0.287931 0.304689 0.057647 0
-0.006389 -0.335248 -0.057624 0
-0.090676 -0.259690 -0.188827 0
-0.268838 0.433708 0.277891 0
0.286909 0.211268 -0.102204 0
0.091053 -0.899325 -0.130109 0
-0.142612 -0.267596 -0.158582 0
-0.183771 0.389222 0.334185 0
0.168451 -0.251648 0.090432 0
0.140055 0.138080 -0.054785 0
-0.114769 -0.250824 -0.206581 0
0.053377 -0.373678 -0.033771 0
-0.258998 0.393186 0.229758 0
0.162493 0.158788 -0.073119 0
-0.158892 -0.243530 -0.204767 0
-0.090174 0.050391 0.028080 0
0.057517 -0.787584 -0.097132 0
0.258090 -0.232653 0.044330 0
0.160544 -0.262948 0.030976 0
-0.219811 -0.212277 -0.278374 0
-0.052395 -0.109543 -0.014572 0
0.034547 -0.063160 -0.054533 0
0.000112 -0.150096 -0.025108 0
-0.111436 0.356952 0.140160 0
0.328796 0.219068 0.012644 0
-0.192101 -0.217873 -0.301118 0
0.021296 -0.261467 -0.052736 0
0.062333 -0.923422 -0.106302 0
0.014259 -0.121905 -0.055168 0
0.278087 -0.239566 0.066858 0
0.139779 0.195472 0.001613 0
-0.141788 0.287932 0.083664 0
0.085760 0.059831 -0.056908 0
0.278875 -0.240169 0.103753 0
0.050778 -0.100340 -0.052225 0
-0.220448 0.383091 0.220049 0
-0.268756 0.327573 0.131299 0
0.386982 0.195940 -0.117256 0
0.152211 0.200458 -0.151687 0
0.004022 -0.172517 -0.037751 0
0.292106 0.211438 -0.002688 0
0.019074 -0.350078 -0.068015 0
0.014130 -0.559783 -0.086125 0
-0.117471 0.348403 0.258670 0
-0.087094 0.140174 0.032600 0
0.031114 -0.484189 -0.072498 0
-0.177395 0.361367 0.207442 0
0.025378 -0.207875 -0.043762 0
0.116504 0.194773 -0.127045 0
0.238935 -0.249958 0.150688 0
-0.110113 0.184911 0.024134 0
-0.140945 0.316934 0.106455 0
-0.200180 0.364332 0.191901 0
-0.190351 0.301706 0.072085 0
-0.109873 0.324307 0.098344 0
0.174749 0.180670 -0.053494 0
-0.138450 0.221417 0.038251 0
0.140293 -0.270456 0.049919 0
-0.216061 -0.240587 -0.199871 0
0.075851 -0.345041 -0.002325 0
0.194988 0.212209 -0.129506 0
0.173988 -0.256047 0.133117 0
-0.070364 0.076031 0.024510 0
-0.030875 -0.265596 -0.237839 0
-0.312621 0.317785 0.164303 0
0.022767 -0.453259 -0.063365 0
-0.079460 0.377180 0.164040 0
-0.019503 -0.347742 -0.121718 0
-0.073464 -0.258903 -0.283985 0
-0.302721 0.310385 0.105285 0
-0.215532 0.342260 0.150391 0
-0.014636 -0.439285 -0.094583 0
0.105657 0.111007 -0.072928 0
-0.014846 -0.289334 -0.049226 0
-0.309996 0.394143 0.227094 0
0.021402 -0.598969 -0.085052 0
-0.175098 0.312049 0.094417 0
-0.238189 0.309650 0.086604 0
-0.043063 -0.289610 -0.172605 0
0.347012 0.210465 -0.132282 0
-0.090191 -0.313305 -0.128901 0
-0.234789 0.346758 0.168058 0
-0.022287 -0.161134 -0.029104 0
-0.107298 0.255525 0.061864 0
0.326959 0.206016 -0.072640 0
-0.190347 0.356418 0.158930 0
-0.047041 0.034163 0.010722 0
0.165252 0.191471 -0.115214 0
-0.225581 -0.222110 -0.237233 0
-0.135366 -0.233429 -0.274025 0
0.338519 0.210003 -0.024911 0
0.147124 -0.263062 0.092224 0
0.178987 0.209357 -0.174506 0
0.134139 0.171473 -0.094536 0
0.268612 0.209631 -0.049020 0
-0.101960 -0.276678 -0.142496 0
-0.109554 -0.247960 -0.235568 0
-0.269547 0.370908 0.200409 0
0.296564 0.208673 -0.080326 0
-0.187753 0.325850 0.117509 0
-0.038044 -0.304695 -0.139919 0
-0.334497 0.331758 0.175494 0
-0.186863 -0.272263 -0.154054 0
-0.049186 -0.011417 0.007085 0
-0.156370 0.358014 0.163660 0
-0.239666 0.400349 0.292786 0
0.147746 0.169886 -0.028769 0
0.172529 -0.247251 0.043708 0
0.163660 0.205023 0.019981 0
-0.071155 -0.255024 -0.244113 0
0.284246 0.216016 -0.153166 0
0.006674 -0.305327 -0.056143 0
-0.216443 0.325129 0.105842 0
-0.073057 -0.256864 -0.207556 0
0.180183 0.186933 -0.082578 0
0.019943 -0.377030 -0.053484 0
0.098183 -0.319518 0.017441 0
-0.177712 -0.292189 -0.122964 0
0.062074 -0.976121 -0.112374 0
0.000447 -0.418494 -0.066759 0
-0.178342 -0.231082 -0.224599 0
-0.104903 0.366375 0.186370 0
-0.174184 0.366295 0.300280 0
0.212004 -0.239573 0.111002 0
0.300085 0.216917 -0.132048 0
0.025788 -0.419455 -0.066032 0
0.337217 0.207436 -0.110031 0
0.220870 0.213372 -0.165643 0
0.260649 0.207079 -0.019057 0
0.204172 0.191912 -0.082014 0
0.009724 -0.105113 -0.075552 0
-0.012519 -0.129778 -0.015247 0
-0.071080 -0.301887 -0.133242 0
-0.119138 0.211967 0.046681 0
0.104299 -0.292932 0.128244 0
-0.210831 0.373709 0.241951 0
-0.159592 -0.220932 -0.263815 0
0.240450 0.209846 0.011363 0
0.004152 -0.222819 -0.040379 0
0.073642 -0.863741 -0.101853 0
-0.212874 0.304275 0.067678 0
-0.202615 -0.229446 -0.215660 0
-0.032896 -0.051660 0.001932 0
0.249191 0.208361 -0.078896 0
0.193351 0.194001 -0.039936 0
-0.161054 0.352550 0.239014 0
0.074242 -0.014551 -0.059594 0
0.212894 0.203367 -0.024939 0
0.108892 -0.328190 -0.007434 0
0.142604 -0.273502 0.131081 0
0.082389 -0.973123 -0.121471 0
-0.206565 0.393127 0.299830 0
-0.314254 0.339399 0.189093 0
0.119727 0.135505 -0.062799 0
0.073575 -0.362714 -0.021896 0
-0.111947 0.165777 0.040818 0
0.264422 0.213213 -0.094853 0
-0.101496 0.277149 0.065706 0
-0.120199 0.288207 0.067868 0
0.198985 -0.239748 0.018728 0
0.106938 0.057051 -0.065394 0
-0.218018 -0.211965 -0.254943 0
0.051621 -0.739339 -0.095654 0
-0.013476 -0.204184 -0.027613 0
0.303068 0.210859 -0.032722 0
-0.035665 -0.265759 -0.212667 0
0.010189 -0.525554 -0.078754 0
-0.059168 -0.029112 -0.004009 0
-0.174857 0.281421 0.061016 0
-0.197458 0.383262 0.280914 0
0.219111 -0.234140 0.045324 0
-0.183711 -0.220531 -0.253405 0
0.253432 0.215869 -0.173383 0
0.065676 -0.836235 -0.100094 0
-0.021505 -0.367837 -0.109260 0
-0.225888 0.371956 0.201249 0
0.352621 0.199640 -0.043289 0
0.149800 0.178988 -0.009579 0
0.046222 -0.634924 -0.084494 0
-0.166712 -0.227849 -0.308649 0
0.166667 -0.258833 -0.035396 0
-0.253242 0.307335 0.068332 0
0.133147 -0.278021 0.004661 0
-0.132376 -0.286352 -0.114499 0
0.006241 -0.245952 -0.044481 0
-0.066377 -0.280337 -0.167335 0
-0.165656 -0.251701 -0.186522 0
-0.256358 0.414021 0.270703 0
-0.230870 0.328644 0.131180 0
0.225714 -0.241854 0.003211 0
-0.174115 -0.218750 -0.290450 0
-0.097127 -0.251152 -0.286814 0
-0.143731 -0.235687 -0.248451 0
0.078722 0.040226 -0.058637 0
-0.014638 -0.134699 -0.056186 0
-0.045277 -0.339436 -0.121445 0
-0.039453 -0.266756 -0.275712 0
-0.166243 0.359267 0.274883 0
-0.290033 0.307899 0.088363 0
-0.096303 0.315711 0.082963 0
0.064162 0.016237 -0.068547 0
-0.106122 0.345051 0.100472 0
-0.112719 0.343189 0.221453 0
0.118433 -0.291349 0.011960 0
0.324186 0.213878 -0.148026 0
0.112618 -0.284173 0.097822 0
0.035920 -0.384188 -0.037068 0
0.043994 -0.145756 -0.051616 0
0.297987 0.212654 -0.178379 0
0.039158 -0.398385 -0.057253 0
0.181508 0.191776 -0.007896 0
0.003961 -0.492277 -0.073609 0
-0.107823 -0.284878 -0.109493 0
-0.105928 -0.244790 -0.269495 0
0.219880 0.191065 -0.067188 0
-0.274488 0.428628 0.257201 0
-0.123115 0.363395 0.175727 0
0.256572 0.216749 -0.132004 0
0.162631 -0.261225 0.166339 0
0.043831 -0.657407 -0.092287 0
0.226804 0.203474 0.024968 0
0.001082 -0.385001 -0.063503 0
0.216305 -0.249293 0.146350 0
-0.155858 0.306523 0.097122 0
-0.031727 -0.131739 -0.021158 0
-0.219877 0.394887 0.259408 0
-0.121247 -0.270622 -0.153666 0
-0.131960 0.349959 0.214127 0
0.076556 -0.896441 -0.111265 0
-0.219314 0.412451 0.316608 0
-0.063954 0.000792 -0.004964 0
0.378865 0.197396 -0.029791 0
-0.312143 0.359204 0.201350 0
-0.245071 0.305057 0.039739 0
0.347436 0.202284 -0.088194 0
0.278968 0.211307 0.016097 0
-0.104304 -0.254501 -0.307928 0
-0.082154 0.349519 0.104287 0
0.184763 -0.248746 0.074772 0
0.064816 -0.054797 -0.066431 0
-0.255932 0.310566 0.095721 0
0.146434 0.157597 -0.061317 0
-0.128403 -0.244748 -0.305205 0
-0.137093 0.355563 0.271741 0
0.391561 0.188475 -0.063366 0
0.253006 -0.245338 0.137455 0
0.010322 -0.220572 -0.059242 0
-0.184360 0.371919 0.323462 0
-0.336601 0.370065 0.200677 0
-0.175949 0.359221 0.227983 0
-0.200889 -0.289716 -0.152730 0
0.212027 0.202163 -0.096838 0
0.237974 -0.237237 0.114067 0
-0.152525 0.268364 0.041659 0
-0.051059 -0.090491 -0.009976 0
0.213458 0.214699 -0.186548 0
-0.078979 0.041204 0.013486 0
-0.247181 0.404141 0.245328 0
0.148557 -0.275761 -0.008561 0
-0.152943 -0.232299 -0.226626 0
0.048303 -0.419118 -0.050169 0
-0.308096 0.424047 0.241519 0
-0.048207 -0.058116 -0.010431 0
0.259927 -0.232445 0.063650 0
-0.199114 0.395704 0.320109 0
-0.225513 0.392487 0.303746 0
0.258852 0.211762 0.041020 0
-0.094551 0.366136 0.141804 0
-0.012625 -0.307695 -0.054644 0
0.106202 -0.290852 0.063400 0
0.024307 -0.296035 -0.044850 0
-0.100610 0.098244 0.020692 0
-0.130030 0.355013 0.134833 0
0.219331 -0.252362 -0.019771 0
-0.195688 0.343217 0.146132 0
-0.193682 0.285891 0.033846 0
0.251567 -0.235149 0.026544 0
-0.223399 0.403293 0.279981 0
-0.162907 -0.242993 -0.323567 0
0.170219 -0.251603 0.110283 0
-0.311448 0.314678 0.133877 0
-0.251769 0.422634 0.298611 0
0.234579 0.203299 -0.008522 0
0.270983 -0.234528 0.027433 0
0.168436 0.208007 -0.158169 0
0.001072 -0.268199 -0.053391 0
-0.328324 0.397503 0.215857 0
-0.219110 0.300019 0.046526 0
-0.155959 0.282407 0.064887 0
-0.254200 0.339939 0.161372 0
-0.054078 -0.263113 -0.204785 0
-0.106058 0.139182 0.028138 0
-0.141766 0.336623 0.116353 0
-0.331841 0.309900 0.139170 0
0.184155 -0.249777 0.000141 0
0.252275 0.209879 -0.038726 0
0.145042 -0.262306 0.066175 0
0.195526 -0.243774 0.126173 0
-0.155969 0.364797 0.196421 0
-0.296426 0.314146 0.122652 0
-0.086178 0.121288 0.030276 0
-0.276526 0.404755 0.235634 0
-0.049450 -0.320029 -0.134633 0
0.335065 0.215427 -0.007394 0
0.006561 -0.138076 -0.049936 0
-0.141327 -0.235739 -0.295296 0
-0.002083 -0.456502 -0.076778 0
-0.253562 0.364662 0.193433 0
0.074165 -0.795252 -0.099613 0
0.238577 0.216348 -0.127818 0
-0.145918 0.365373 0.307963 0
-0.219809 0.310985 0.085465 0
-0.142587 0.255405 0.050580 0
-0.237852 0.387524 0.224268 0
0.144172 0.154518 -0.041330 0
0.208886 0.200868 -0.007033 0
0.239975 -0.232396 0.041151 0
0.016294 -0.436103 -0.064545 0
-0.088552 -0.250447 -0.240382 0
0.182271 0.171110 -0.068603 0
-0.298358 0.376142 0.202375 0
-0.143219 0.355322 0.242319 0
0.210105 -0.239551 0.092458 0
0.198464 0.211660 -0.174456 0
0.228380 0.209278 -0.101000 0
0.379598 0.194807 -0.099033 0
-0.065775 0.027096 0.017402 0
0.272120 0.212960 -0.166433 0
0.064488 0.000835 -0.054753 0
-0.189805 0.362338 0.177071 0
0.184831 -0.255625 -0.032103 0
-0.159939 -0.270794 -0.152534 0
-0.320084 0.306305 0.101821 0
0.119439 -0.283615 0.122545 0
-0.197471 0.367934 0.256278 0
-0.140037 -0.246880 -0.202274 0
-0.109581 -0.256903 -0.189107 0
0.201833 -0.259335 0.159966 0
-0.315392 0.335010 0.169910 0
0.018819 -0.171711 -0.048048 0
0.064672 -0.771087 -0.095817 0
0.309535 0.212047 -0.115633 0
0.032715 -0.558448 -0.083150 0
-0.006206 -0.187802 -0.028281 0
0.062396 -0.877696 -0.101665 0
0.184289 0.198244 -0.122888 0
0.189411 -0.245516 0.055225 0
0.182609 -0.259590 0.155995 0
0.017344 -0.188008 -0.055316 0
0.044679 -0.083548 -0.053383 0
0.030650 -0.401735 -0.072640 0
0.159409 -0.260144 -0.014640 0
-0.155426 0.352697 0.145281 0
-0.059350 -0.062245 0.015798 0
0.307803 0.213930 0.005464 0
0.168049 -0.276153 0.158168 0
-0.280935 0.346198 0.174925 0
-0.267120 0.384813 0.216245 0
-0.126738 0.331883 0.102334 0
-0.268944 0.304965 0.054747 0
0.041780 -0.697496 -0.089513 0
0.061330 -0.025505 -0.066636 0
-0.179707 0.361236 0.261396 0
-0.006229 -0.234136 -0.031394 0
-0.096511 0.183469 0.041261 0
-0.030785 -0.081624 -0.008705 0
-0.115302 0.192242 0.040055 0
-0.082751 0.361453 0.122307 0
0.124172 -0.286632 0.033105 0
0.186697 0.176380 -0.041116 0
0.145586 0.181892 -0.103181 0
-0.186742 -0.262815 -0.169054 0
0.259013 0.207920 0.022166 0
0.274423 -0.237396 0.086114 0
0.011354 -0.418910 -0.080609 0
0.117719 0.105801 -0.061188 0
0.219640 -0.236119 0.075770 0
-0.261422 0.316531 0.111824 0
0.243397 -0.239719 0.007561 0
0.367339 0.202532 -0.122613 0
-0.140826 0.362330 0.170597 0
-0.193416 0.375897 0.232813 0
0.015110 -0.359887 -0.053913 0
-0.092325 0.062744 0.015793 0
0.173407 0.193056 -0.097568 0
0.261105 -0.236797 0.100447 0
-0.118345 0.365331 0.154233 0
0.400566 0.187297 -0.079850 0
-0.098019 -0.299391 -0.110125 0
-0.233970 -0.242922 -0.197034 0
-0.137736 0.363835 0.292575 0
0.007394 -0.157183 -0.045468 0
0.204288 0.195725 -0.060867 0
-0.217554 0.364082 0.184803 0
-0.188178 0.337377 0.130593 0
-0.290893 0.335031 0.158039 0
-0.143143 -0.275015 -0.142652 0
0.141026 0.207088 -0.163267 0
-0.081078 -0.287230 -0.139068 0
-0.074190 0.004969 0.008446 0
0.104732 -0.298342 0.045227 0
-0.182977 -0.251418 -0.185649 0
-0.113059 -0.280758 -0.126485 0
0.026358 -0.520500 -0.075069 0
0.236050 -0.232323 0.079830 0
0.002737 -0.323889 -0.046764 0
-0.126329 -0.252917 -0.192756 0
-0.037958 -0.300470 -0.160143 0
0.029380 -0.631630 -0.086438 0
0.274076 -0.245600 0.120755 0
-0.108461 0.328372 0.081650 0
0.033396 -0.108368 -0.050381 0
0.363196 0.207865 -0.010828 0
-0.207399 0.374234 0.205225 0
-0.126812 -0.242983 -0.237249 0
0.091277 -0.307049 0.034775 0
-0.178700 -0.284823 -0.138408 0
0.267817 0.214463 -0.111584 0
0.077115 -0.935248 -0.107186 0
0.106092 -0.289177 0.082802 0
-0.084297 -0.268107 -0.175371 0
-0.114276 0.296823 0.081397 0
-0.194178 0.370660 0.292785 0
0.367553 0.195690 -0.084693 0
-0.124379 0.253990 0.059719 0
0.049906 -0.055913 -0.056081 0
0.321866 0.213004 -0.166331 0
-0.184727 0.295320 0.053264 0
-0.247012 0.327190 0.126117 0
0.076258 0.051726 -0.070877 0
-0.137915 0.300657 0.094207 0
0.075216 -0.341232 -0.021340 0
0.039250 -0.439736 -0.054873 0
0.130742 -0.268954 0.144457 0
0.121985 -0.294225 -0.005064 0
-0.119273 0.270432 0.055951 0
0.127906 0.149815 -0.055518 0
-0.201731 -0.213989 -0.258726 0
-0.074784 -0.252152 -0.225386 0
-0.149783 -0.285226 -0.125580 0
0.281678 0.212416 -0.059301 0
0.231523 0.200726 -0.043187 0
-0.114825 0.356349 0.123752 0
-0.021189 -0.386849 -0.102093 0
-0.203725 -0.213106 -0.290040 0
0.295844 -0.245960 0.100597 0
-0.159554 0.334082 0.125126 0
0.262026 0.204376 -0.063462 0
0.053862 -0.829225 -0.089982 0
0.234378 0.211561 -0.155972 0
-0.005488 -0.394595 -0.090229 0
-0.036622 -0.111507 -0.019837 0
0.066298 -0.390694 -0.039386 0
0.269288 -0.248898 0.136714 0
0.013224 -0.341529 -0.054951 0
-0.162371 0.363842 0.258589 0
0.021352 -0.582395 -0.083551 0
-0.047666 -0.044411 0.004329 0
-0.219579 -0.261225 -0.173914 0
0.151295 0.162122 -0.084909 0
-0.304237 0.351448 0.183747 0
0.085954 -0.958187 -0.111851 0
0.079546 0.022277 -0.069376 0
0.307402 0.208294 -0.067847 0
-0.161752 0.359205 0.312235 0
-0.281231 0.316874 0.129686 0
0.371735 0.192107 -0.066364 0
-0.249508 0.352089 0.173230 0
-0.238159 0.415048 0.269877 0
0.205018 -0.237368 0.055716 0
-0.102805 -0.269034 -0.161325 0
0.117076 0.127288 -0.076769 0
0.130122 -0.268899 0.093736 0
-0.120809 0.172955 0.029080 0
-0.101998 0.153541 0.034833 0
0.294543 -0.241039 0.068364 0
-0.173676 -0.218774 -0.271812 0
-0.145935 0.347884 0.228046 0
0.322166 0.210443 -0.026538 0
-0.307691 0.380138 0.215926 0
0.147321 0.144574 -0.071060 0
0.154167 -0.259574 0.131094 0
-0.110061 -0.247905 -0.254072 0
0.022277 -0.309434 -0.058120 0
0.093082 -0.335495 -0.006666 0
0.207679 0.213956 -0.144514 0
0.130969 0.135993 -0.074494 0
0.151548 -0.266649 0.017169 0
0.124896 0.188407 -0.114702 0
0.073717 -0.910354 -0.103417 0
0.154366 0.199193 -0.135686 0
-0.309289 0.411932 0.230903 0
-0.084448 0.069480 0.028780 0
-0.019329 -0.146520 -0.022670 0
0.007068 -0.394081 -0.075358 0
0.245201 -0.235462 0.098544 0
0.155349 -0.264918 0.049067 0
-0.103082 0.217749 0.047958 0
0.031171 -0.468452 -0.069438 0
0.215713 -0.234159 0.028273 0
0.342047 0.202217 -0.056383 0
0.126771 -0.275061 0.062998 0
0.090104 -0.358294 -0.020040 0
-0.218984 0.381008 0.267259 0
-0.281033 0.416784 0.245115 0
0.014593 -0.501731 -0.080909 0
0.348014 0.202204 -0.009188 0
0.168765 0.175631 -0.075757 0
0.209157 0.203189 0.014193 0
0.194489 -0.245856 0.087001 0
0.071573 -0.001060 -0.068840 0
0.192913 -0.250731 -0.016836 0
-0.187424 0.320168 0.100107 0
-0.127057 0.227469 0.049176 0
-0.070398 -0.289527 -0.150944 0
0.065620 0.024378 -0.055120 0
0.112590 0.121344 -0.062880 0
0.104433 0.076975 -0.064674 0
-0.092897 0.372808 0.171999 0
-0.193267 -0.225790 -0.314662 0
0.026660 -0.443921 -0.046058 0
-0.172007 0.380892 0.327179 0
0.283425 0.220258 0.030726 0
0.294437 0.216076 -0.117092 0
-0.039888 -0.020508 0.015838 0
-0.217629 -0.226429 -0.224453 0
0.245965 0.210705 -0.094331 0
-0.282107 0.330606 0.145011 0
0.235230 0.204181 -0.065018 0
-0.075772 -0.263796 -0.190782 0
-0.201389 -0.266337 -0.163421 0
-0.142774 -0.245172 -0.331912 0
0.154904 -0.256315 0.076640 0
-0.042617 -0.261905 -0.249666 0
-0.068880 -0.253986 -0.260814 0
0.170326 -0.259145 -0.003183 0
-0.311050 0.313192 0.149529 0
-0.059357 -0.067325 -0.004866 0
-0.276624 0.360243 0.188475 0
-0.124506 -0.286163 -0.101168 0
0.005622 -0.447430 -0.066578 0
0.172487 0.163280 -0.059568 0
0.032865 -0.168769 -0.054412 0
-0.005499 -0.426334 -0.087408 0
0.364980 0.191856 -0.038477 0
0.207326 0.190253 -0.034729 0
0.138486 -0.264376 0.107029 0
-0.144354 0.275566 0.074997 0
0.255131 -0.256179 0.156154 0
-0.133940 -0.260385 -0.174559 0
-0.300946 0.305974 0.075993 0
-0.010491 -0.277764 -0.058194 0
-0.169407 0.356763 0.155816 0
-0.259199 0.330101 0.142927 0
-0.123192 -0.242455 -0.272259 0
-0.259797 0.425474 0.261237 0
-0.130357 0.343560 0.252132 0
-0.204685 0.387194 0.331440 0
0.098472 -0.317408 -0.003016 0
-0.144648 0.240270 0.046887 0
0.042650 -0.728682 -0.089404 0
-0.058409 -0.260502 -0.282666 0
0.044381 -0.779964 -0.097105 0
0.182229 0.207446 -0.148050 0
0.136372 0.199333 -0.141479 0
0.162439 0.186317 -0.013708 0
-0.026472 -0.351461 -0.108755 0
-0.198818 -0.246264 -0.192395 0
-0.154341 -0.256708 -0.177376 0
-0.174538 -0.236537 -0.210042 0
0.069431 -0.968815 -0.101321 0
0.310361 0.229380 0.015516 0
-0.126214 0.315190 0.099474 0
0.250783 0.208677 -0.004273 0
-0.159202 0.279911 0.050340 0
-0.096991 -0.253821 -0.201235 0
0.174574 0.193677 0.013247 0
-0.100073 0.354044 0.126044 0
-0.002638 -0.408329 -0.104112 0
0.000398 -0.203919 -0.033464 0
0.094087 0.097390 -0.071067 0
-0.186547 -0.225200 -0.235714 0
0.084021 -0.293256 0.096991 0
0.163994 -0.258706 0.014461 0
-0.227259 0.359919 0.174150 0
0.138025 -0.272822 -0.018821 0
-0.151142 0.355696 0.276968 0
0.198746 0.190769 -0.002605 0
-0.024284 -0.120595 -0.014383 0
-0.002446 -0.405914 -0.074290 0
0.087031 -0.009139 -0.065105 0
-0.069037 0.018774 0.004793 0
0.188131 0.189402 -0.058182 0
-0.102007 0.356630 0.205753 0
-0.141754 0.260366 0.064788 0
0.000250 -0.262887 -0.039534 0
-0.162021 -0.287863 -0.117595 0
0.200545 0.211107 -0.111389 0
-0.216360 0.388236 0.243062 0
0.303907 0.211770 -0.095046 0
-0.068785 -0.265892 -0.296176 0
-0.209821 0.391636 0.277554 0
0.068379 -0.813710 -0.106471 0
-0.285109 0.370028 0.204758 0
0.028791 -0.614254 -0.084227 0
0.049808 -0.797094 -0.088873 0
-0.257844 0.422717 0.282543 0
-0.201144 0.294523 0.059115 0
-0.227562 0.306103 0.073361 0
0.277798 0.208904 -0.088140 0
-0.189896 0.376882 0.265226 0
0.024103 -0.131351 -0.049590 0
0.333389 0.205982 -0.090689 0
-0.142091 0.360244 0.206522 0
-0.147967 -0.231859 -0.266591 0
0.303123 0.213605 -0.018157 0
-0.098622 0.345928 0.113858 0
-0.127679 -0.251879 -0.323418 0
0.022754 -0.253932 -0.040195 0
-0.137396 -0.294307 -0.103205 0
-0.155351 0.363043 0.181854 0
0.393674 0.190424 -0.100439 0
-0.295834 0.401842 0.226144 0
-0.172935 0.376825 0.313120 0
-0.126255 0.280612 0.078854 0
-0.011421 -0.146355 -0.035010 0
-0.045333 -0.073849 -0.014584 0
0.308690 0.213264 -0.143285 0
-0.267996 0.341493 0.170018 0
-0.116830 0.339461 0.239828 0
0.035647 -0.596812 -0.087474 0
-0.180165 0.298100 0.081914 0
-0.006633 -0.239290 -0.046273 0
0.280029 0.208656 -0.013875 0
-0.232312 0.402707 0.258764 0
-0.318169 0.354905 0.188805 0
-0.173560 -0.276033 -0.149475 0
0.192980 0.205309 0.026112 0
-0.153829 0.294840 0.087929 0
0.286992 -0.247703 0.114459 0
0.164311 0.176004 -0.036016 0
0.131531 0.175853 -0.030318 0
-0.229429 0.402590 0.323156 0
0.065998 -0.376521 -0.027323 0
-0.209368 0.386302 0.312251 0
0.288886 0.221066 0.012224 0
0.223676 0.214357 -0.123572 0
-0.165749 0.356156 0.218254 0
0.147911 -0.270551 0.037680 0
0.032283 -0.665616 -0.089653 0
-0.118981 0.238176 0.056919 0
0.089295 0.023460 -0.058849 0
-0.091606 0.106084 0.033260 0
-0.099581 0.347847 0.224934 0
-0.230267 0.389351 0.272739 0
0.232981 -0.259418 0.168803 0
-0.088667 0.364269 0.200105 0
-0.233207 0.339710 0.154027 0
0.026793 -0.500955 -0.072974 0
-0.204692 0.327838 0.113590 0
-0.016461 -0.178511 -0.024564 0
0.171659 -0.253748 0.028301 0
0.055781 -0.023779 -0.053543 0
0.209361 -0.242728 0.129637 0
-0.047630 -0.030134 0.004741 0
0.354661 0.204016 -0.115181 0
0.159766 0.153507 -0.058402 0
0.154344 0.195182 0.009032 0
0.059393 -0.089098 -0.053108 0
-0.087242 0.089877 0.026875 0
0.242585 0.214654 -0.143502 0
-0.120962 0.362401 0.192544 0
0.135995 -0.265101 0.081455 0
0.180752 -0.247871 0.120657 0
0.089938 -0.982116 -0.104996 0
0.309929 0.218118 -0.173205 0
0.334570 0.214937 -0.138528 0
0.207508 0.216216 -0.124388 0
-0.010058 -0.351944 -0.056585 0
0.186924 0.179748 -0.024198 0
-0.009797 -0.360898 -0.112833 0
-0.123163 0.353688 0.272363 0
-0.045034 -0.269394 -0.193194 0
-0.277189 0.392975 0.222892 0
-0.202481 -0.237775 -0.204333 0
-0.246398 0.391016 0.240349 0
0.392470 0.191596 -0.049706 0
-0.215164 -0.248683 -0.188450 0
-0.176772 0.332162 0.124336 0
0.082910 0.071490 -0.070488 0
-0.170134 0.268710 0.041778 0
-0.201940 0.371202 0.269559 0
-0.136606 0.345903 0.125474 0
0.025302 -0.344873 -0.044544 0
0.021627 -0.106307 -0.062995 0
-0.025192 -0.124243 -0.043327 0
0.017128 -0.487600 -0.073139 0
0.018218 -0.272958 -0.045401 0
0.272451 0.216450 -0.141064 0
-0.078078 0.054736 0.022636 0
-0.059394 -0.002688 0.010854 0
-0.023777 -0.266149 -0.199519 0
0.021933 -0.239909 -0.039238 0
-0.206848 0.379269 0.298374 0
0.137288 -0.275057 0.118303 0
-0.168791 0.368172 0.285267 0
-0.121785 -0.247483 -0.218122 0
-0.154547 -0.232930 -0.304214 0
-0.222034 0.330852 0.120668 0
-0.050450 -0.058037 0.004432 0
0.013175 -0.463030 -0.076815 0
0.129852 0.126665 -0.059222 0
-0.281117 0.306247 0.070590 0
-0.076387 -0.316296 -0.129410 0
0.172118 -0.261704 0.145633 0
0.105330 0.094491 -0.063514 0
-0.189547 0.368937 0.199474 0
-0.188738 -0.232278 -0.211569 0
0.016969 -0.381681 -0.066162 0
-0.051268 -0.278906 -0.175645 0
-0.009544 -0.170706 -0.035902 0
0.340130 0.205411 -0.042257 0
0.248490 -0.231369 0.056025 0
-0.019064 -0.211998 -0.038052 0
0.285103 0.213035 -0.173501 0
-0.208590 -0.210287 -0.270087 0
-0.202117 0.307215 0.076670 0
0.094995 0.050420 -0.063607 0
-0.032683 -0.345451 -0.125000 0
0.229321 0.206448 0.041774 0
-0.003666 -0.296881 -0.052797 0
0.239843 -0.242258 0.134999 0
0.068714 -0.039715 -0.056915 0
0.017225 -0.533501 -0.070043 0
0.321618 0.211080 -0.109198 0
-0.087994 0.153493 0.035743 0
-0.161787 0.363190 0.229336 0
-0.111536 0.372684 0.172490 0
0.111039 -0.285108 0.111374 0
0.135620 0.189040 -0.009704 0
0.268721 0.211949 0.031522 0
-0.235967 -0.226127 -0.229339 0
-0.247987 0.410306 0.288572 0
-0.005632 -0.166644 -0.048568 0
0.292976 0.209002 -0.067181 0
0.019200 -0.223058 -0.045121 0
-0.105336 -0.248046 -0.222613 0
-0.326191 0.341302 0.180537 0
-0.050453 -0.307456 -0.144799 0
-0.224677 0.316675 0.099064 0
0.206724 -0.250451 -0.013422 0
-0.013006 -0.375375 -0.116745 0
0.004926 -0.183051 -0.046309 0
-0.009984 -0.221080 -0.030748 0
-0.155750 0.255028 0.047182 0
0.160403 -0.273941 -0.014968 0
-0.153295 0.265279 0.073887 0
-0.150601 -0.240565 -0.215108 0
-0.034721 -0.134964 -0.008311 0
0.275487 0.209111 0.000438 0
-0.195732 0.379548 0.324703 0
-0.087679 0.371066 0.152391 0
-0.004519 -0.247056 -0.035380 0
0.112597 -0.313917 -0.011552 0
-0.239373 0.372469 0.200387 0
0.198764 0.184106 -0.047383 0
0.096714 0.065838 -0.064449 0
0.187089 -0.246642 0.039714 0
-0.230460 0.378777 0.211973 0
-0.220447 0.350967 0.159450 0
-0.022235 -0.267998 -0.247903 0
-0.307614 0.328973 0.158696 0
0.246384 0.215289 -0.186771 0
-0.207797 0.380546 0.223907 0
-0.113227 0.269701 0.067953 0
-0.030738 -0.152829 -0.019352 0
-0.083547 -0.254904 -0.291938 0
-0.290097 0.425276 0.250273 0
0.014144 -0.294336 -0.054113 0
0.076836 -0.330770 -0.004519 0
-0.160122 0.367725 0.302001 0
-0.323554 0.325537 0.163994 0
-0.205642 0.349552 0.155743 0
0.141535 0.122305 -0.069822 0
0.037223 -0.094338 -0.050686 0
-0.052005 -0.256939 -0.241527 0
0.120805 0.172358 -0.094159 0
0.012334 -0.206379 -0.047157 0
-0.117107 -0.252639 -0.311276 0
0.009173 -0.114578 -0.066137 0
-0.180042 0.373593 0.290745 0
0.191507 0.189982 -0.088976 0
0.265840 0.212893 -0.178742 0
0.035262 -0.416529 -0.051367 0
0.066133 -0.938994 -0.100587 0
0.400804 0.193928 -0.113439 0
-0.098834 -0.265280 -0.173473 0
0.031410 -0.126652 -0.059860 0
-0.164115 -0.234450 -0.219732 0
-0.024181 -0.268576 -0.226743 0
0.224801 0.200067 -0.020046 0
0.046480 -0.070387 -0.053754 0
-0.183252 0.280426 0.039993 0
0.128617 0.161276 -0.088058 0
0.018117 -0.547017 -0.079826 0
0.130946 -0.279176 0.046393 0
-0.186018 0.290053 0.067483 0
-0.079492 0.053467 0.008485 0
-0.239817 0.392234 0.255665 0
-0.000046 -0.308506 -0.042661 0
-0.187221 0.371666 0.217396 0
-0.092523 -0.282183 -0.113363 0
-0.253776 0.304419 0.049675 0
0.041545 -0.401731 -0.044136 0
0.249155 0.206221 -0.026242 0
0.009953 -0.322420 -0.058627 0
0.239993 0.204192 0.024458 0
0.014142 -0.449423 -0.077705 0
-0.201720 0.321624 0.102324 0
-0.270853 0.319014 0.121475 0
0.339378 0.215034 0.005875 0
0.182093 -0.249397 0.089782 0
0.314121 0.208845 -0.048048 0
-0.210827 0.402502 0.315006 0
0.142698 -0.274314 0.147192 0
-0.176979 0.319105 0.111262 0
0.060826 -0.362450 -0.025130 0
0.287567 0.210768 -0.044972 0
-0.247118 0.416044 0.260318 0
-0.230707 0.321626 0.117177 0
-0.210569 0.377388 0.282354 0
-0.171436 0.357194 0.251814 0
0.144740 0.167621 -0.041704 0
0.154241 0.195536 -0.123088 0
0.109044 -0.304999 0.016287 0
0.335470 0.210958 -0.122545 0
-0.096983 0.130192 0.031090 0
0.185693 0.204502 -0.109707 0
0.116642 -0.281887 0.085423 0
-0.203281 -0.220696 -0.307298 0
0.131847 -0.286182 0.019701 0
0.191099 -0.269316 0.161345 0
-0.254455 0.384476 0.219423 0
-0.171191 -0.219162 -0.256847 0
-0.193122 0.305398 0.085943 0
0.358249 0.209694 -0.138864 0
-0.178870 0.371389 0.269609 0
0.005119 -0.350461 -0.059863 0
-0.179234 -0.226247 -0.311839 0
0.156109 0.207554 -0.162336 0
-0.007211 -0.137644 -0.045938 0
-0.153911 0.289152 0.075784 0
0.282209 -0.242400 0.051773 0
0.266646 0.213740 -0.154465 0
0.073737 -0.353740 -0.012541 0
-0.319143 0.389552 0.211335 0
0.036379 -0.461972 -0.058752 0
0.183107 -0.253548 0.144558 0
0.030285 -0.431155 -0.058538 0
-0.077068 0.377107 0.179020 0
0.270246 -0.235328 0.047849 0
-0.189590 -0.291071 -0.141506 0
0.081496 -0.888432 -0.123896 0
-0.113036 0.316298 0.088726 0
-0.150344 0.234180 0.037038 0
0.318059 0.223245 0.006840 0
0.209795 0.208927 -0.160744 0
-0.185456 -0.213827 -0.283785 0
0.036694 -0.156347 -0.052447 0
0.154958 -0.254750 0.098194 0
-0.234079 -0.221497 -0.246901 0
-0.168006 0.302070 0.083362 0
0.049467 -0.392393 -0.037170 0
-0.171827 0.366813 0.321114 0
-0.082486 -0.303184 -0.127090 0
0.012239 -0.410423 -0.069099 0
-0.175116 -0.245071 -0.193579 0
0.374909 0.197087 -0.110764 0
0.164678 0.173224 -0.050698 0
-0.195261 -0.215069 -0.245811 0
0.222163 -0.243644 -0.008975 0
-0.039883 -0.100481 -0.006143 0
-0.179447 0.360731 0.169704 0
0.062138 -0.914816 -0.096821 0
-0.068183 0.011463 0.017681 0
-0.222743 0.337732 0.140855 0
-0.193823 0.365994 0.240884 0
-0.063537 -0.013332 -0.004223 0
-0.152460 0.326297 0.115551 0
0.057462 -0.799914 -0.100473 0
-0.212678 -0.217876 -0.241375 0
0.161778 0.169046 -0.063465 0
-0.126490 0.298489 0.078077 0
0.140964 0.180070 -0.022825 0
-0.127564 0.365424 0.163940 0
0.059772 -0.749055 -0.094255 0
0.023083 -0.477310 -0.065104 0
-0.104618 0.306154 0.081508 0
-0.067431 -0.271469 -0.177616 0
-0.153378 -0.250072 -0.190098 0
-0.282081 0.310371 0.099166 0
-0.194488 -0.224765 -0.225775 0
-0.057157 -0.022416 0.008155 0
-0.232450 0.304444 0.041235 0
-0.086772 -0.253804 -0.209508 0
0.175865 0.169735 -0.041260 0
0.147413 0.171805 -0.092157 0
0.226745 -0.254523 0.156085 0
0.005201 -0.429683 -0.070426 0
0.174115 -0.249701 0.064443 0
-0.107823 -0.249322 -0.296434 0
0.068811 -0.788988 -0.111111 0
0.209470 0.190661 -0.050493 0
0.008008 -0.370107 -0.062342 0
-0.225025 -0.237735 -0.208319 0
-0.168198 0.365549 0.199479 0
-0.023274 -0.200477 -0.035102 0
-0.010464 -0.396898 -0.101590 0
0.228606 0.196562 -0.057456 0
0.200782 -0.245255 0.106537 0
-0.090321 0.046273 0.015636 0
-0.092871 0.340815 0.100625 0
0.255763 0.210722 -0.053045 0
-0.290617 0.348538 0.182607 0
0.020123 -0.389389 -0.055810 0
0.166022 -0.258014 0.043643 0
0.195196 0.190351 -0.073350 0
0.273335 0.207639 -0.037548 0
-0.129700 0.358867 0.205005 0
0.195948 0.201673 -0.119725 0
-0.073415 0.088021 0.026582 0
-0.246690 0.404963 0.277297 0
-0.140079 0.354060 0.257126 0
0.217498 0.214431 -0.152533 0
-0.204663 0.369571 0.231858 0
0.017238 -0.249718 -0.051179 0
0.216392 -0.236276 0.063680 0
-0.066574 -0.256241 -0.272909 0
-0.133705 0.327256 0.114361 0
0.154179 0.187188 -0.110580 0
-0.231774 -0.214911 -0.275813 0
-0.200602 0.381286 0.241519 0
-0.146396 0.355627 0.155482 0
-0.216188 -0.213651 -0.290880 0
-0.117550 0.340343 0.102901 0
0.045896 -0.114690 -0.055757 0
-0.132269 -0.239960 -0.262807 0
0.032689 -0.194920 -0.044821 0
-0.218603 0.401889 0.291432 0
-0.090396 -0.278596 -0.138188 0
0.347957 0.203744 -0.030173 0
0.091406 -0.297270 0.066251 0
-0.204689 -0.274831 -0.154896 0
0.002780 -0.463382 -0.062769 0
0.010793 -0.232855 -0.048425 0
-0.175878 -0.257279 -0.174874 0
0.070575 -0.886289 -0.107180 0
-0.143803 -0.233395 -0.235035 0
0.032746 -0.140738 -0.049729 0
0.021368 -0.570249 -0.080836 0
0.228740 0.215277 -0.111897 0
-0.227766 0.411618 0.288121 0
-0.121907 0.351535 0.222086 0
-0.129769 -0.243163 -0.292956 0
-0.164405 0.272519 0.062120 0
-0.162374 0.363973 0.246168 0
-0.065545 0.039421 0.018819 0
0.189224 -0.246006 0.023134 0
-0.189157 -0.277612 -0.143110 0
0.162230 0.167946 -0.084597 0
0.069930 -0.984591 -0.104008 0
-0.035397 -0.365300 -0.110266 0
-0.145699 -0.263043 -0.169686 0
0.088448 -0.330921 0.003875 0
0.284741 -0.243772 0.088596 0
0.184084 0.183921 -0.068507 0
-0.002815 -0.283943 -0.049300 0
-0.036956 -0.264739 -0.260280 0
0.000413 -0.398901 -0.064529 0
0.247230 0.215297 -0.162268 0
0.222548 -0.238252 0.016019 0
-0.183282 0.371829 0.308204 0
-0.276757 0.379999 0.210282 0
0.201115 0.201271 -0.091215 0
-0.128964 0.208269 0.039506 0
-0.100997 0.367030 0.131368 0
0.104895 -0.313074 0.007996 0
0.227722 -0.246018 0.143201 0
0.328744 0.209348 -0.015997 0
-0.064801 -0.256992 -0.216648 0
0.286031 0.213394 -0.137230 0
0.100722 -0.310336 0.027571 0
-0.295747 0.323791 0.158779 0
-0.169512 0.338874 0.131587 0
-0.231589 0.397049 0.247568 0
-0.303503 0.433831 0.247281 0
0.197002 0.195931 -0.028406 0
0.292936 0.214543 -0.161669 0
0.143848 -0.267190 0.005458 0
-0.143927 0.354398 0.141429 0
0.099600 -0.292820 0.092506 0
-0.223068 0.378756 0.231181 0
-0.109009 0.346730 0.247909 0
0.261901 0.208793 -0.076222 0
0.183785 0.206618 -0.131749 0
0.326827 0.214252 0.001618 0
-0.144496 -0.287318 -0.113621 0
0.184664 -0.249611 0.133131 0
-0.143984 -0.231436 -0.284220 0
-0.052804 -0.288965 -0.162164 0
-0.309338 0.371447 0.200072 0
-0.217417 0.383908 0.294571 0
0.185157 0.190375 -0.029786 0
0.069346 -0.847685 -0.101712 0
-0.179737 0.365397 0.189205 0
-0.109673 0.286141 0.073515 0
-0.316547 0.421395 0.233046 0
0.233444 0.214337 -0.167724 0
0.214961 0.210951 -0.133135 0
-0.282788 0.433396 0.265915 0
-0.078633 -0.253572 -0.274424 0
-0.177000 -0.225083 -0.243138 0
-0.098203 -0.249803 -0.252656 0
-0.068667 -0.026238 0.002898 0
-0.008169 -0.272921 -0.047192 0
0.251039 -0.232125 0.073488 0
-0.034610 -0.261785 -0.227007 0
0.247603 -0.240249 0.125919 0
0.208709 0.192196 -0.017361 0
-0.164233 -0.219407 -0.280651 0
-0.040717 -0.061752 -0.001652 0
-0.249275 0.307981 0.079698 0
0.061428 -0.052580 -0.055088 0
-0.107176 0.337065 0.089872 0
0.115437 -0.283575 0.065964 0
-0.063291 -0.300347 -0.142280 0
0.248578 0.202094 -0.068646 0
0.366359 0.194915 -0.053454 0
0.166300 0.197411 -0.125615 0
0.345309 0.211785 -0.144107 0
0.120726 -0.272468 0.138822 0
-0.209508 0.373737 0.253895 0
-0.166015 0.288919 0.065678 0
-0.163619 -0.225646 -0.297259 0
0.133768 0.183244 -0.104801 0
-0.109654 0.354215 0.112763 0
0.040299 -0.625989 -0.089882 0
-0.179955 -0.220117 -0.301551 0
-0.141585 0.356591 0.221054 0
0.060218 -0.863456 -0.097965 0
0.185749 0.213651 -0.183408 0
0.206842 -0.262558 0.170354 0
-0.040563 -0.282903 -0.182197 0
-0.247998 0.359875 0.182191 0
-0.258165 0.430877 0.271787 0
0.183063 0.191364 -0.104904 0
-0.188740 0.374588 0.251561 0
0.071406 0.009529 -0.061822 0
-0.082244 -0.252045 -0.254125 0
0.163398 0.188294 -0.102004 0
-0.058267 -0.309857 -0.136113 0
0.009662 -0.337193 -0.065475 0
-0.097286 -0.266003 -0.311709 0
0.215346 0.196023 -0.081757 0
0.183071 0.200010 0.022180 0
-0.099445 0.109821 0.023209 0
-0.065180 -0.038076 0.001011 0
-0.211190 0.299676 0.037647 0
-0.016882 -0.192954 -0.025683 0
-0.107642 0.336542 0.108640 0
-0.076103 -0.261799 -0.309469 0
-0.068768 0.063119 0.020750 0
0.046462 -0.430884 -0.051609 0
0.078751 -0.971541 -0.108133 0
0.043078 -0.388681 -0.062832 0
0.332109 0.216152 -0.161252 0
-0.042942 -0.330304 -0.130962 0
-0.234573 0.337253 0.139180 0
-0.188517 0.294149 0.040597 0
0.128233 0.196463 -0.133363 0
-0.133928 -0.272912 -0.149781 0
0.205708 -0.251412 0.152071 0
-0.040968 -0.259434 -0.237348 0
-0.175665 0.367772 0.219806 0
-0.231898 0.393037 0.235548 0
0.213109 0.211656 -0.174404 0
0.097473 -0.328265 -0.014926 0
-0.093495 -0.273990 -0.150295 0
-0.097094 -0.249908 -0.232234 0
-0.153657 -0.229545 -0.250234 0
-0.100055 0.325546 0.091925 0
-0.226932 0.385791 0.256847 0
-0.275402 0.321798 0.139134 0
0.300710 0.211496 -0.106386 0
-0.031583 -0.069943 -0.007411 0
-0.288635 0.381070 0.206844 0
-0.135814 0.353125 0.230978 0
-0.138805 0.314117 0.095240 0
0.379485 0.202528 -0.128629 0
0.269110 -0.239654 0.111913 0
0.167030 0.211726 -0.177829 0
-0.004356 -0.214748 -0.038887 0
-0.269807 0.425641 0.269409 0
0.082571 -0.945644 -0.106925 0
0.227513 -0.237928 0.108776 0
-0.158935 0.343156 0.134361 0
0.264464 0.215690 -0.123377 0
0.015900 -0.424883 -0.069969 0
0.166634 -0.252645 0.073810 0
0.162802 -0.254458 0.125018 0
0.020734 -0.529500 -0.082048 0
0.009300 -0.258249 -0.052491 0
0.296971 0.220064 0.003591 0
-0.337043 0.321477 0.166761 0
-0.144932 0.272024 0.063846 0
0.182222 0.208280 -0.159732 0
-0.075438 0.030226 0.011478 0
0.318280 0.207538 -0.063586 0
0.314954 0.208264 -0.076788 0
0.230140 0.206601 0.005719 0
-0.133335 0.358822 0.282427 0
-0.211807 0.298900 0.057256 0
-0.265490 0.403174 0.241285 0
-0.123054 0.184353 0.030130 0
-0.213228 -0.232487 -0.211898 0
0.241962 0.204458 -0.038222 0
0.041867 -0.646847 -0.087749 0
0.020527 -0.511734 -0.080718 0
0.245516 -0.240935 -0.003811 0
0.155750 0.178155 -0.027113 0
0.208260 0.185466 -0.064623 0
-0.153744 0.349889 0.247650 0
0.268573 0.208092 -0.008848 0
-0.121506 0.282486 0.057839 0
0.155105 0.166420 -0.054325 0
-0.103041 0.087167 0.016216 0
0.208401 -0.235187 0.038058 0
0.023154 -0.409192 -0.061324 0
0.006412 -0.408572 -0.082350 0
0.132555 -0.289114 -0.003983 0
-0.109406 0.176910 0.038907 0
-0.006301 -0.226765 -0.043405 0
0.069258 -0.871865 -0.108932 0
0.143731 -0.267310 0.027311 0
0.290954 0.214053 0.021174 0
-0.036637 -0.313236 -0.147567 0
0.135244 0.147707 -0.064185 0
-0.256430 0.319930 0.121667 0
-0.088468 0.034623 0.013472 0
-0.055444 -0.260763 -0.271511 0
-0.158989 -0.233170 -0.315375 0
-0.127222 -0.249809 -0.208227 0
0.311982 0.214063 -0.132267 0
-0.256698 0.408074 0.258723 0
0.208696 0.194607 0.002630 0
-0.119002 -0.245728 -0.245620 0
0.261175 0.214674 -0.142506 0
0.026676 -0.116980 -0.053987 0
-0.106300 -0.248175 -0.280480 0
-0.136798 0.250585 0.059267 0
0.018982 -0.157348 -0.042340 0
0.282434 -0.241938 0.077231 0
-0.027794 -0.170600 -0.032591 0
0.052462 -0.725101 -0.094197 0
-0.130088 -0.240928 -0.281703 0
-0.075839 0.374113 0.153593 0
-0.192853 0.382760 0.296882 0
-0.231226 0.402837 0.311848 0
-0.306465 0.336561 0.181203 0
-0.208505 -0.259451 -0.171658 0
0.263008 -0.253416 0.146436 0
-0.130553 0.351461 0.262894 0
0.220347 0.205516 -0.011039 0
0.269429 0.217186 0.018349 0
0.021456 -0.196396 -0.046308 0
0.318904 0.208394 -0.037341 0
0.097386 -0.290130 0.118757 0
0.253239 0.216391 0.032226 0
0.143858 -0.282846 -0.018677 0
-0.116371 0.364163 0.165700 0
0.176982 0.182722 -0.092676 0
0.064689 -0.825063 -0.098059 0
-0.027624 -0.361135 -0.117486 0
0.337948 0.203104 -0.071849 0
-0.113659 0.146815 0.024421 0
-0.004460 -0.156218 -0.040093 0
-0.200251 0.359568 0.173459 0
0.165524 -0.265553 0.154089 0
-0.299936 0.389006 0.215124 0
-0.179878 0.353155 0.153242 0
0.280144 -0.252064 0.137889 0
0.118019 0.196780 -0.138339 0
0.204365 0.206513 -0.136593 0
0.295027 0.217265 -0.142980 0
-0.271127 0.312133 0.101530 0
-0.256276 0.396591 0.240281 0
-0.119176 -0.245504 -0.228980 0
0.224181 0.212300 -0.176756 0
0.129512 -0.273593 0.126414 0
0.114721 -0.288047 0.131843 0
0.126201 -0.279221 0.096244 0
-0.177589 0.279479 0.050206 0
0.181126 0.186834 -0.039732 0
0.264752 -0.233571 0.073806 0
0.071479 0.029403 -0.065952 0
-0.167812 -0.286316 -0.127785 0
0.003284 -0.127228 -0.054671 0
0.196955 -0.247328 0.004612 0
0.149440 -0.265568 -0.013305 0
-0.063004 -0.262189 -0.197955 0
-0.102500 -0.280436 -0.130398 0
-0.191210 0.388201 0.317261 0
0.292642 0.212001 -0.013922 0
-0.157820 0.364021 0.207495 0
-0.122936 -0.260962 -0.177601 0
-0.151434 0.358959 0.230520 0
0.237797 0.204488 -0.082321 0
0.051774 -0.770983 -0.095237 0
-0.166242 0.315551 0.105447 0
-0.091360 -0.271489 -0.167301 0
-0.257551 0.324980 0.133061 0
-0.134162 -0.284986 -0.130608 0
-0.263151 0.359885 0.189270 0
-0.321572 0.368439 0.198844 0
-0.261116 0.300363 0.027302 0
0.184735 0.198318 -0.095275 0
-0.187251 0.363575 0.253114 0
0.084773 -0.335844 -0.016053 0
0.174840 -0.259539 -0.027760 0
-0.315113 0.403100 0.222725 0
-0.300062 0.308485 0.094571 0
0.194791 -0.266498 0.174526 0
-0.191739 0.364965 0.229930 0
-0.162683 0.264311 0.048877 0
0.023020 -0.396373 -0.065872 0
-0.230693 -0.218621 -0.263067 0
-0.118632 -0.288279 -0.110440 0
-0.190626 0.395028 0.327338 0
-0.098981 -0.251401 -0.211951 0
-0.236753 0.313235 0.097076 0
-0.211422 0.317368 0.096244 0
-0.114699 -0.241438 -0.261890 0
-0.338718 0.342995 0.184028 0
0.253674 0.217174 -0.120987 0
0.031514 -0.586503 -0.085568 0
-0.165705 0.301869 0.094772 0
0.249598 0.213785 0.021135 0
0.055483 0.002002 -0.061190 0
-0.311704 0.370565 0.211916 0
0.318329 0.221171 0.017764 0
-0.321365 0.316504 0.147034 0
0.260743 -0.239710 0.019315 0
0.177030 -0.266808 0.163370 0
0.003676 -0.332581 -0.053594 0
0.161357 -0.261564 0.142946 0
0.324107 0.207185 -0.084744 0
0.133378 -0.269841 0.071781 0
0.201487 0.211884 0.032655 0
-0.155796 -0.265506 -0.161331 0
-0.234406 0.415748 0.280265 0
0.249958 -0.237186 0.108374 0
0.262615 0.211402 -0.029039 0
-0.031602 -0.261981 -0.248842 0
-0.181904 -0.216700 -0.264745 0
-0.139266 0.345036 0.241630 0
0.224749 0.206490 -0.029017 0
0.152008 0.153412 -0.049011 0
0.180823 -0.244616 0.030138 0
0.182518 0.193899 0.005172 0
0.354695 0.204540 -0.019104 0
-0.124780 0.351904 0.125370 0
-0.169734 -0.233423 -0.317792 0
-0.130710 0.293137 0.086707 0
-0.011592 -0.124113 -0.052813 0
-0.301625 0.364189 0.202958 0
0.088135 0.035857 -0.062207 0
0.112618 -0.290491 0.044542 0
0.156158 0.170082 -0.043453 0
-0.300856 0.305792 0.115069 0
-0.317602 0.331751 0.181986 0
0.178146 -0.250936 0.102745 0
0.316749 0.219170 -0.158869 0
0.132801 -0.280324 0.035463 0
-0.006928 -0.158109 -0.022658 0
-0.259641 0.373922 0.203945 0
0.004841 -0.429545 -0.085847 0
0.191305 -0.245141 0.066799 0
0.153751 0.163390 -0.068251 0
0.057381 -0.761236 -0.098842 0
0.263843 -0.243777 0.128750 0
-0.183804 0.371388 0.235372 0
0.341928 0.204798 -0.097389 0
-0.149126 0.369866 0.320754 0
0.077846 -0.026490 -0.061485 0
-0.165614 0.361704 0.172056 0
0.153949 0.184069 -0.000878 0
0.214424 0.202326 0.023687 0
-0.311638 0.311701 0.123404 0
0.024712 -0.349561 -0.054355 0
-0.207758 0.386837 0.250206 0
0.015582 -0.148758 -0.056276 0
0.311038 0.212790 -0.103217 0
-0.250076 0.432486 0.285026 0
-0.156161 -0.273016 -0.140673 0
-0.126827 0.355835 0.146629 0
-0.002656 -0.252191 -0.049041 0
-0.155255 0.319154 0.107862 0
0.175820 0.200055 -0.116375 0
-0.243643 0.342076 0.162555 0
-0.110197 0.201164 0.043472 0
0.290193 0.224895 0.023654 0
0.072861 -0.917594 -0.111420 0
0.234652 -0.242560 -0.004181 0
-0.179764 0.382881 0.319899 0
-0.240644 0.306696 0.068222 0
0.123092 -0.291894 0.022495 0
0.211007 -0.240552 0.006987 0
0.370181 0.200987 -0.024461 0
0.310641 0.207806 -0.087591 0
-0.117023 0.303830 0.073653 0
-0.198666 0.377334 0.305150 0
-0.076159 -0.284556 -0.158600 0
-0.097371 0.143860 0.033663 0
0.017351 -0.281590 -0.052711 0
0.027794 -0.160943 -0.048444 0
-0.098991 0.116789 0.031444 0
0.205036 -0.240445 0.027624 0
-0.158788 0.279077 0.074741 0
-0.124424 -0.284250 -0.121464 0
0.147132 -0.266089 0.120151 0
0.144169 0.194872 -0.135530 0
0.242252 0.205369 -0.015795 0
0.231179 0.197922 -0.072790 0
0.222488 0.204134 0.014877 0
-0.238093 0.397310 0.282590 0
0.138535 0.153759 -0.055110 0
0.358356 0.197620 -0.060108 0
0.239931 -0.232838 0.069815 0
0.172088 0.176498 -0.063032 0
0.247982 0.208365 0.038408 0
0.169634 -0.251804 0.004619 0
0.151164 0.152757 -0.076844 0
-0.191302 0.299611 0.061603 0
-0.091716 0.361659 0.132473 0
-0.215929 0.378610 0.211418 0
-0.150234 0.254209 0.067053 0
0.030882 -0.450143 -0.057090 0
-0.219351 0.307202 0.059655 0
-0.312155 0.345506 0.179655 0
-0.104759 0.372780 0.150772 0
0.227406 -0.234150 0.068663 0
0.113218 -0.292146 0.029894 0
-0.293439 0.331369 0.168976 0
-0.117664 0.331469 0.108884 0
0.125943 -0.303364 -0.001157 0
0.032795 -0.127021 -0.042848 0
-0.114343 0.353966 0.212724 0
-0.187250 -0.283525 -0.132159 0
0.047901 -0.667251 -0.091990 0
0.175886 -0.246963 0.053816 0
-0.151752 -0.240522 -0.328554 0
-0.290221 0.311237 0.105984 0
0.161827 0.202743 -0.142399 0
0.178532 0.181651 -0.016748 0
-0.143161 -0.279602 -0.133063 0
-0.044154 -0.260506 -0.221440 0
-0.258161 0.336898 0.151026 0
0.299804 0.209745 -0.042761 0
0.139612 0.141043 -0.078020 0
-0.197554 0.369968 0.279143 0
-0.040815 -0.266190 -0.203402 0
-0.050623 -0.266626 -0.286457 0
0.022836 -0.558045 -0.079314 0
-0.191310 -0.213278 -0.256937 0
0.191760 0.208381 -0.138841 0
-0.190964 0.287892 0.048783 0
-0.104742 0.242821 0.056380 0
0.271311 -0.239981 0.038400 0
-0.237313 0.356741 0.173236 0
-0.200077 -0.212853 -0.275828 0
0.211965 0.196928 -0.071057 0
0.186033 -0.248341 0.011098 0
-0.114068 0.126641 0.023050 0
-0.247167 0.307536 0.057295 0
0.083521 -0.351309 -0.024431 0
-0.306624 0.349393 0.193817 0
-0.228717 0.404748 0.268467 0
0.038635 -0.713799 -0.096577 0
0.147467 0.145539 -0.055471 0
0.210481 -0.237185 0.080866 0
-0.280885 0.338191 0.158952 0
-0.207374 -0.223506 -0.228148 0
0.210675 0.206339 -0.106402 0
-0.156134 0.352230 0.221606 0
-0.115935 -0.274392 -0.145410 0
0.046704 -0.404669 -0.053503 0
-0.223369 0.350719 0.170880 0
0.135369 0.202879 -0.151783 0
-0.284095 0.400968 0.229408 0
0.026887 -0.245600 -0.050693 0
0.014869 -0.214561 -0.040730 0
0.043046 -0.390377 -0.045226 0
-0.120200 0.347409 0.233871 0
0.002961 -0.469031 -0.076433 0
-0.056431 0.035411 0.015530 0
-0.167299 0.285860 0.053322 0
0.074112 0.018649 -0.057424 0
-0.115195 0.161883 0.028952 0
0.022595 -0.488215 -0.064219 0
-0.261606 0.308278 0.074546 0
-0.221515 0.381198 0.249165 0
0.047600 -0.046906 -0.060868 0
0.369823 0.196434 -0.095694 0
0.083670 -0.344386 -0.009232 0
-0.035168 -0.090953 -0.006982 0
-0.236612 0.308670 0.050106 0
0.131845 -0.278120 -0.012295 0
-0.204481 0.363493 0.182436 0
-0.002666 -0.316369 -0.051561 0
0.234988 -0.237488 0.013309 0
-0.116407 0.328606 0.091458 0
0.284688 0.212438 -0.117632 0
0.014001 -0.495263 -0.066816 0
0.258881 0.214054 -0.103628 0
-0.333237 0.307539 0.129127 0
0.066828 -0.029555 -0.058122 0
-0.335866 0.360549 0.196549 0
-0.206732 -0.213028 -0.249660 0
-0.199397 0.303988 0.067170 0
0.026285 -0.439675 -0.062942 0
-0.093574 -0.250635 -0.277074 0
-0.190366 0.310668 0.094450 0
0.089410 -0.930162 -0.109703 0
0.227367 0.207237 -0.090874 0
-0.123040 0.347205 0.245742 0
0.007963 -0.385582 -0.055759 0
0.320201 0.216640 -0.138051 0
0.136299 -0.273461 0.015379 0
-0.109040 -0.301617 -0.107351 0
0.273538 0.213035 -0.103070 0
-0.019221 -0.355641 -0.114847 0
-0.131367 -0.245643 -0.315082 0
-0.303457 0.325548 0.167533 0
-0.284458 0.353707 0.190155 0
0.191472 0.194339 -0.009028 0
0.155049 -0.259353 0.058030 0
0.235294 -0.239208 0.124174 0
0.357642 0.198630 -0.084814 0
-0.099069 0.167851 0.035736 0
0.388413 0.190781 -0.091552 0
-0.134411 -0.235745 -0.243994 0
0.192949 0.180315 -0.074289 0
0.249054 0.204302 0.012673 0
-0.163855 0.361338 0.190743 0
0.001607 -0.145646 -0.044989 0
-0.057313 -0.054548 -0.002420 0
-0.161256 0.360048 0.283866 0
-0.023696 -0.137540 -0.018333 0
0.032315 -0.675572 -0.092300 0
-0.273998 0.309240 0.092079 0
0.061067 -0.779420 -0.102297 0
0.048392 -0.791633 -0.099594 0
-0.078589 -0.291834 -0.130218 0
-0.160360 0.354408 0.264135 0
0.092583 -0.313517 0.004439 0
-0.147272 0.352164 0.213747 0
0.047061 -0.034318 -0.061542 0
0.021122 -0.467555 -0.071313 0
-0.045805 -0.349475 -0.123504 0
-0.291426 0.305736 0.067234 0
-0.263833 0.416067 0.261843 0
-0.145418 0.350908 0.267261 0
-0.107597 0.345012 0.233576 0
-0.234049 0.365478 0.194285 0
-0.245060 0.411925 0.298251 0
-0.244248 0.420640 0.305269 0
0.147545 -0.258408 0.105769 0
0.226928 -0.233634 0.038732 0
0.015351 -0.159976 -0.051541 0
0.065116 -0.016060 -0.065569 0
0.022933 -0.181507 -0.047725 0
0.084063 -0.339275 -0.000070 0
-0.121611 0.223033 0.056606 0
-0.128995 0.337775 0.110377 0
-0.085007 -0.256768 -0.196813 0
-0.001066 -0.374725 -0.063108 0
0.290338 0.208387 -0.023189 0
-0.125862 0.334844 0.240972 0
-0.197908 -0.279909 -0.149201 0
-0.030026 -0.267132 -0.270234 0
-0.220331 -0.271256 -0.175587 0
0.342630 0.210387 -0.002787 0
-0.004715 -0.417761 -0.097005 0
-0.270754 0.305198 0.064753 0
-0.306508 0.321125 0.145084 0
0.204051 -0.243154 0.116221 0
0.232108 -0.232022 0.047576 0
-0.104458 0.345731 0.216111 0
0.265038 -0.257284 0.158109 0
-0.121219 -0.248289 -0.298959 0
-0.146687 0.358732 0.193247 0
-0.149205 -0.270138 -0.151290 0
0.219404 0.206114 0.038972 0
-0.109692 0.366602 0.142745 0
-0.024628 -0.379988 -0.108722 0
0.087656 -0.984810 -0.114497 0
-0.259793 0.435073 0.282254 0
-0.111109 0.361976 0.131367 0
0.257487 0.210890 -0.087843 0
-0.063893 -0.012086 0.009791 0
0.278817 0.217309 0.005365 0
-0.273316 0.304808 0.045619 0
-0.236281 0.301315 0.032404 0
0.238727 0.202913 0.001834 0
-0.123259 0.336542 0.227909 0
-0.127062 -0.264670 -0.168500 0
-0.107574 0.361577 0.194861 0
0.386756 0.193390 -0.107476 0
0.271765 0.206960 -0.058239 0
0.307258 0.215971 -0.007780 0
-0.032757 -0.120921 -0.019864 0
0.205857 0.199538 -0.044813 0
0.027463 -0.100243 -0.051173 0
-0.280398 0.366337 0.196633 0
-0.113029 0.316997 0.078664 0
0.330142 0.205902 -0.054783 0
0.097402 -0.924396 -0.115160 0
0.244154 -0.235596 0.019728 0
-0.179001 0.296534 0.070684 0
-0.210610 0.371297 0.221095 0
0.220545 -0.237591 0.101517 0
-0.140347 0.230103 0.042968 0
0.177759 0.175605 -0.080241 0
-0.043421 -0.304402 -0.152689 0
0.003030 -0.209608 -0.049124 0
0.201491 0.202546 0.021558 0
0.172433 0.166687 -0.073084 0
-0.012341 -0.164931 -0.027629 0
0.291134 0.210546 -0.035605 0
0.140897 0.146664 -0.046629 0
-0.201826 0.391893 0.308741 0
-0.020888 -0.142532 -0.056309 0
-0.094939 0.366269 0.192553 0
0.313494 0.212953 -0.021269 0
0.096235 -0.299530 0.054194 0
-0.043929 -0.087637 -0.003467 0
0.109352 0.104200 -0.066420 0
0.003307 -0.236139 -0.042676 0
-0.271501 0.416784 0.253746 0
-0.203419 0.339078 0.136609 0
0.341382 0.206643 -0.015956 0
0.063154 -0.354111 -0.018861 0
0.158679 0.169083 -0.075339 0
-0.107006 0.365799 0.158954 0
-0.169168 -0.228999 -0.233926 0
0.384456 0.192906 -0.043916 0
0.260519 0.217336 0.025074 0
0.127234 0.142238 -0.066463 0
-0.203122 0.376294 0.213983 0
-0.062986 -0.318618 -0.135723 0
-0.289537 0.306940 0.078475 0
0.240455 -0.255372 0.158892 0
-0.174944 0.291980 0.062552 0
0.109856 -0.316764 -0.002428 0
0.005022 -0.479661 -0.074946 0
0.125056 -0.285768 0.001615 0
-0.076055 -0.278085 -0.167315 0
0.113808 -0.285003 0.075658 0
-0.304200 0.308083 0.135481 0
-0.177824 0.369645 0.255726 0
0.164417 0.209113 -0.167542 0
0.199803 0.197447 -0.019006 0
0.232822 0.205400 -0.055472 0
-0.252807 0.414486 0.279953 0
0.191222 -0.252142 -0.006404 0
0.067983 -0.335048 -0.003217 0
0.346401 0.208423 -0.122597 0
0.237467 0.214422 -0.107266 0
0.147264 -0.271653 0.155579 0
0.140624 -0.279093 -0.001757 0
0.302289 0.217552 -0.152869 0
0.184843 0.173547 -0.050425 0
0.129535 0.170062 -0.038095 0
-0.216335 0.371247 0.198758 0
0.252402 0.209022 -0.062194 0
0.303800 0.215029 0.014441 0
0.176422 0.184246 -0.031426 0
-0.212388 0.384710 0.234721 0
-0.100892 0.334824 0.101628 0
-0.131437 0.334640 0.120525 0
-0.257297 0.307627 0.086386 0
-0.173916 0.287237 0.071368 0
0.408105 0.188373 -0.086141 0
0.083047 -0.297981 0.061039 0
0.033576 -0.604794 -0.082040 0
0.016042 -0.455839 -0.070442 0
0.215608 -0.244655 0.137036 0
0.074632 -0.886092 -0.116179 0
0.174307 0.203523 0.019296 0
0.281209 0.221108 0.018431 0
0.261287 0.206156 -0.040264 0
-0.180575 -0.268580 -0.160711 0
0.290338 -0.238927 0.059689 0
0.073489 -0.878798 -0.101458 0
0.036325 -0.655139 -0.086299 0
0.159027 -0.268904 0.160713 0
-0.147323 -0.290939 -0.101721 0
-0.267894 0.328754 0.147384 0
-0.198045 0.366081 0.209188 0
-0.248153 0.396557 0.252674 0
-0.103109 0.192506 0.042490 0
-0.165605 -0.255488 -0.177430 0
-0.250177 0.422833 0.266764 0
0.081889 -0.363502 -0.027108 0
0.146877 0.210997 -0.173802 0
0.271885 0.211908 -0.018344 0
-0.060504 -0.256391 -0.232518 0
0.217386 0.196144 -0.011473 0
-0.058969 -0.329307 -0.133597 0
-0.288892 0.315536 0.116482 0
-0.025951 -0.130571 -0.009010 0
0.054439 -0.109409 -0.051220 0
-0.091664 0.324366 0.083386 0
-0.120855 0.350103 0.134193 0
-0.209985 0.303841 0.048965 0
0.154914 -0.258087 0.024563 0
0.288521 0.212178 0.006424 0
0.010619 -0.426550 -0.061860 0
0.180401 0.169069 -0.059096 0
0.226350 0.206554 -0.003344 0
0.005773 -0.413031 -0.091732 0
0.249647 0.206710 0.028883 0
0.160285 0.205962 -0.152543 0
-0.118165 0.276330 0.073230 0
-0.054016 -0.336068 -0.124352 0
0.143754 0.161415 -0.034178 0
-0.115245 -0.244521 -0.278818 0
-0.090952 0.372542 0.161512 0
0.101998 -0.290626 0.101752 0
-0.138206 -0.238442 -0.311164 0
-0.092466 0.191711 0.044665 0
0.134754 0.186113 -0.116141 0
0.065344 -0.811094 -0.097548 0
0.123450 -0.283123 0.107451 0
-0.097072 -0.247057 -0.266027 0
0.197316 -0.239223 0.061857 0
-0.055910 -0.047619 0.008489 0
0.137297 0.132495 -0.062317 0
0.080105 0.060657 -0.069901 0
-0.073851 -0.293798 -0.138811 0
-0.094980 -0.257621 -0.307253 0
0.044652 -0.380183 -0.038802 0
-0.213493 0.398899 0.303561 0
-0.223232 0.397774 0.314217 0
0.208474 0.200949 -0.033290 0
-0.064253 -0.253648 -0.252241 0
-0.266226 0.338996 0.160494 0
0.162596 -0.252915 0.036084 0
0.024686 -0.477709 -0.075889 0
-0.296401 0.379231 0.212419 0
-0.039725 -0.321797 -0.137213 0
0.060284 -0.788895 -0.106418 0
0.384508 0.188544 -0.071872 0
-0.322778 0.312737 0.137061 0
0.058736 -0.014513 -0.053440 0
-0.168031 0.358935 0.208403 0
-0.303050 0.416719 0.237605 0
-0.122999 0.300673 0.086880 0
-0.273888 0.350658 0.185533 0
-0.324983 0.318862 0.155738 0
0.009307 -0.266392 -0.047192 0
-0.109779 0.175213 0.024451 0
0.229041 0.209914 0.031875 0
-0.245544 0.332855 0.136635 0
0.050529 -0.751477 -0.092582 0
0.074908 -0.002385 -0.059829 0
-0.087599 0.372229 0.180102 0
0.246653 0.216228 -0.133186 0
-0.234778 0.400904 0.303043 0
-0.127937 0.276105 0.066872 0
0.243823 0.217935 -0.117543 0
-0.192871 -0.270700 -0.161918 0
-0.187835 -0.255927 -0.178586 0
-0.136678 -0.245049 -0.212554 0
0.186970 0.207446 -0.118842 0
-0.313434 0.326432 0.175052 0
-0.111537 0.222189 0.049551 0
-0.305313 0.363632 0.194029 0
0.142003 0.160717 -0.048427 0
0.058622 -0.885118 -0.096754 0
-0.270535 0.411288 0.242723 0
-0.240682 0.381603 0.217177 0
0.397153 0.187165 -0.088884 0
-0.097925 0.365979 0.151317 0
-0.024764 -0.339687 -0.120887 0
-0.169184 0.358056 0.265504 0
0.153277 -0.256880 0.086130 0
-0.261697 0.348350 0.172518 0
-0.053974 -0.266763 -0.195663 0
0.128483 -0.280698 0.115706 0
-0.094233 0.375570 0.146948 0
-0.146299 0.264205 0.049340 0
-0.106610 -0.262240 -0.179349 0
0.233826 0.216257 -0.136190 0
0.357234 0.202459 -0.032378 0
0.260324 0.214331 0.011367 0
-0.159639 0.274781 0.040878 0
0.192479 0.202568 -0.131126 0
0.232982 0.208546 0.019537 0
-0.133255 0.237209 0.047729 0
-0.223085 0.393082 0.249619 0
0.174232 0.213465 -0.183935 0
0.123304 0.124895 -0.069873 0
0.351987 0.203777 -0.105970 0
-0.020724 -0.272331 -0.210742 0
0.074920 -0.962157 -0.105498 0
-0.312316 0.307270 0.096290 0
0.176943 -0.251131 0.081895 0
0.204942 0.186084 -0.073580 0
-0.164258 0.364316 0.294072 0
0.310240 0.207730 -0.058398 0
0.117680 -0.278816 0.132352 0
0.365965 0.195056 -0.075289 0
0.152444 -0.269366 0.140183 0
0.201142 -0.245108 0.133877 0
-0.146297 0.335419 0.126656 0
0.066738 -0.797323 -0.093984 0
0.290462 0.212570 -0.125228 0
-0.094424 -0.292364 -0.116741 0
0.166299 -0.262375 -0.020850 0
0.223900 0.198649 -0.037842 0
0.135331 -0.277049 0.136131 0
0.159057 -0.253611 0.106727 0
-0.049131 -0.078845 -0.006814 0
-0.135279 -0.249651 -0.193050 0
-0.137607 -0.240626 -0.234637 0
-0.281516 0.304550 0.050469 0
0.155708 -0.262720 -0.032446 0
-0.091474 0.352160 0.114759 0
-0.208987 -0.243547 -0.194223 0
