0.054501 0.093335 -0.114205 1
0.041152 -0.064109 -0.077192 1
0.007527 -0.021434 -0.012748 1
0.061603 0.027984 -0.063808 1
0.086186 -0.085791 -0.031406 1
0.036546 0.017400 -0.121792 1
0.062634 -0.029694 -0.041544 1
0.017689 -0.064058 -0.032254 1
0.036042 -0.014149 -0.087491 1
0.030346 -0.107939 -0.048591 1
0.046746 0.064105 -0.078089 1
0.027382 0.054981 -0.112284 1
0.050015 -0.078502 -0.021431 1
0.028788 -0.002345 -0.053525 1
0.062990 -0.098732 -0.059681 1
0.038172 0.024500 -0.087527 1
0.081462 0.107416 -0.102020 1
0.086918 -0.105566 -0.088356 1
0.025291 -0.041262 -0.099883 1
0.054357 -0.058447 -0.046814 1
0.025973 -0.042196 -0.050703 1
0.017311 -0.074522 -0.059748 1
0.050410 -0.031741 -0.108012 1
0.040956 0.050879 -0.054257 1
0.059382 0.001507 -0.061707 1
0.049842 -0.080374 -0.100257 1
0.045037 0.070303 -0.102205 1
0.012521 -0.026724 -0.036367 1
0.039152 -0.028074 -0.064666 1
0.004771 -0.043251 -0.019094 1
0.039009 -0.077950 -0.054185 1
0.060749 0.095055 -0.093358 1
0.059293 -0.074774 -0.061342 1
0.031282 0.000256 -0.102891 1
0.069583 -0.130206 -0.051012 1
0.042577 0.014316 -0.064672 1
0.038947 0.037567 -0.115520 1
