0.066725 -0.048864 -0.011240 1
0.010774 -0.134716 -0.045377 1
0.072118 -0.102266 -0.041254 1
0.026980 -0.090836 -0.032641 1
0.090445 -0.058320 -0.050984 1
0.072017 -0.146339 -0.054491 1
0.036636 -0.116809 -0.064041 1
0.083469 -0.117766 -0.069670 1
0.092656 -0.030180 -0.021434 1
0.049785 -0.068728 -0.042826 1
0.072437 -0.077465 -0.052711 1
0.047288 -0.090355 -0.055217 1
0.050073 -0.136298 -0.070352 1
0.091118 -0.034150 -0.044778 1
0.060404 -0.114671 -0.065669 1
0.019811 -0.113466 -0.043717 1
0.071539 -0.124750 -0.044833 1
0.068844 -0.065419 -0.031520 1
0.047398 -0.077353 -0.022758 1
0.072876 -0.042279 -0.030800 1
0.093052 -0.078704 -0.045501 1
0.055607 -0.139519 -0.097897 1
0.032214 -0.108904 -0.028948 1
0.057117 -0.088367 -0.034618 1
0.019162 -0.122670 -0.060299 1
0.072128 -0.101309 -0.058631 1
0.076552 -0.034053 -0.016264 1
0.036862 -0.079748 -0.042568 1
0.042618 -0.147331 -0.086645 1
0.084227 -0.089280 -0.036459 1
