0.239059 0.600231 -0.068386 1
0.225482 0.275830 -0.077485 1
0.210931 0.101980 -0.097585 1
0.211087 0.440306 -0.057573 1
0.193201 -0.111399 -0.106513 1
0.196184 -0.004734 -0.078887 1
0.188206 0.188909 -0.067900 1
0.206699 0.356452 -0.063796 1
0.222926 0.521643 -0.058449 1
0.198832 -0.197702 -0.090728 1
0.177158 0.055257 -0.067820 1
0.170956 -0.065067 -0.073315 1
0.210242 0.042400 -0.110025 1
0.218656 0.155553 -0.096007 1
0.188204 -0.150735 -0.074366 1
0.197165 -0.045060 -0.111770 1
0.182891 0.134803 -0.066761 1
0.189175 0.241635 -0.070240 1
0.199924 -0.244607 -0.085875 1
0.195825 0.307915 -0.066076 1
0.227167 0.394553 -0.064683 1
0.219302 0.214801 -0.085822 1
0.233029 0.481720 -0.058094 1
0.194643 -0.304472 -0.084244 1
0.229719 0.560875 -0.062229 1
0.180878 0.095459 -0.067562 1
0.169977 -0.104297 -0.076865 1
0.202368 -0.077725 -0.092555 1
0.226147 0.328104 -0.072756 1
0.204463 0.007851 -0.111686 1
0.174340 -0.029064 -0.069443 1
0.202581 0.068584 -0.085720 1
0.195897 0.029191 -0.078325 1
0.172564 -0.177963 -0.084323 1
0.190717 0.275602 -0.068591 1
0.199852 -0.044513 -0.081370 1
0.187943 -0.144427 -0.103291 1
0.205243 -0.271946 -0.076036 1
0.188542 -0.218016 -0.072126 1
0.200025 -0.124720 -0.081190 1
0.199642 0.161859 -0.075234 1
0.203957 0.127247 -0.084547 1
0.215966 0.248558 -0.077004 1
0.217224 0.182776 -0.090310 1
0.201731 -0.171110 -0.085752 1
0.175726 0.014442 -0.068776 1
0.193441 0.215104 -0.068494 1
0.229026 0.421061 -0.063458 1
0.221933 0.301674 -0.073053 1
0.203499 -0.018003 -0.106172 1
0.169937 -0.130600 -0.079225 1
0.232750 0.455205 -0.059977 1
0.203500 0.381333 -0.061336 1
0.195965 -0.098170 -0.079951 1
0.198145 0.332130 -0.063824 1
0.182520 -0.263721 -0.073752 1
0.190119 -0.086703 -0.111441 1
0.208572 0.408619 -0.059347 1
0.226416 0.367912 -0.067987 1
0.176028 -0.204648 -0.085499 1
0.210558 0.075500 -0.105782 1
0.186300 -0.284407 -0.079623 1
0.233837 0.503276 -0.055635 1
0.195172 -0.224452 -0.091747 1
0.195968 0.108495 -0.077842 1
0.182819 -0.238446 -0.074165 1
0.188392 -0.191056 -0.073635 1
0.203897 0.015428 -0.092030 1
0.215746 0.467038 -0.057484 1
0.187694 0.075145 -0.073077 1
0.201992 -0.024578 -0.085746 1
0.169753 -0.152977 -0.083003 1
0.234046 0.541423 -0.058056 1
0.189278 -0.072761 -0.077182 1
0.204134 0.049140 -0.091138 1
0.200143 0.088837 -0.080981 1
0.234698 0.580884 -0.065477 1
0.224143 0.347777 -0.070337 1
0.176377 0.035386 -0.068491 1
0.188039 -0.164121 -0.098316 1
0.197090 -0.064493 -0.108011 1
0.215962 0.135153 -0.097874 1
0.204205 0.195556 -0.076994 1
0.170449 -0.084466 -0.075304 1
0.207036 0.227858 -0.074145 1
0.208478 0.288556 -0.068041 1
0.209257 0.267768 -0.070561 1
0.201878 -0.144589 -0.086324 1
0.183411 0.155430 -0.067441 1
0.175636 -0.004441 -0.068921 1
0.217785 0.492618 -0.056073 1
0.181978 0.115257 -0.067201 1
0.177131 -0.223135 -0.087241 1
0.201936 -0.290588 -0.071913 1
0.182153 -0.117797 -0.075356 1
0.188015 -0.170704 -0.074071 1
0.186761 -0.184672 -0.092934 1
0.181899 -0.044705 -0.072855 1
0.192170 0.049879 -0.075508 1
0.199305 -0.131395 -0.097781 1
0.197754 0.141974 -0.077072 1
0.193849 0.259530 -0.062482 1
0.200852 -0.097615 -0.099313 1
0.199564 -0.230611 -0.075107 1
0.220174 0.232656 -0.083654 1
0.194368 -0.250956 -0.071253 1
0.202794 -0.057905 -0.093701 1
0.201393 -0.210684 -0.079886 1
0.194928 -0.264854 -0.087070 1
0.188416 -0.018411 -0.074275 1
0.184693 0.172962 -0.067351 1
0.183310 -0.123640 -0.102273 1
0.214069 0.315033 -0.068184 1
0.183118 -0.251304 -0.084009 1
0.203691 -0.004723 -0.093095 1
0.190541 0.014214 -0.076223 1
0.203305 -0.037957 -0.099186 1
0.231671 0.436506 -0.062517 1
0.206507 0.028499 -0.100070 1
0.187914 -0.138188 -0.087020 1
0.207858 0.148690 -0.086487 1
0.209017 0.168231 -0.085516 1
0.194653 0.288660 -0.061504 1
0.202140 -0.111543 -0.093380 1
0.205796 0.210238 -0.075515 1
0.188982 -0.211069 -0.091706 1
0.208630 0.062116 -0.099908 1
0.214549 0.335052 -0.066894 1
0.199842 -0.157835 -0.079753 1
0.201081 -0.184470 -0.079967 1
0.183014 -0.091749 -0.075593 1
0.203070 0.248016 -0.070361 1
0.200193 -0.030932 -0.111564 1
0.207407 0.087882 -0.093350 1
0.214611 0.421642 -0.058704 1
0.199748 -0.283982 -0.084498 1
0.191783 -0.273749 -0.069464 1
0.190034 -0.058541 -0.076544 1
0.212696 0.115928 -0.095326 1
0.200551 0.181976 -0.075195 1
0.193472 0.128628 -0.075026 1
0.222428 0.262105 -0.078254 1
0.221905 0.381612 -0.063975 1
0.190954 -0.034795 -0.076290 1
0.208260 0.394857 -0.059911 1
0.194341 0.228844 -0.068110 1
0.187508 0.202421 -0.070485 1
0.199896 -0.084848 -0.081327 1
0.181727 -0.137766 -0.075033 1
0.195930 -0.111559 -0.079639 1
0.174816 -0.164511 -0.078533 1
0.188550 -0.237688 -0.086919 1
0.174225 -0.191488 -0.084902 1
0.227883 0.407827 -0.064443 1
0.208667 0.301769 -0.066839 1
0.215645 0.202055 -0.085397 1
0.221923 0.288513 -0.074599 1
0.177424 0.068683 -0.067856 1
0.177908 0.081894 -0.067459 1
0.184542 -0.171595 -0.088106 1
0.202897 -0.257929 -0.079448 1
0.222072 0.508449 -0.057696 1
0.205112 -0.006498 -0.111810 1
0.233288 0.468839 -0.058488 1
0.187753 0.062269 -0.073424 1
0.197629 -0.157567 -0.092799 1
0.214983 0.369913 -0.062465 1
0.169721 -0.117525 -0.078414 1
0.233908 0.528076 -0.057536 1
0.185749 -0.104967 -0.075801 1
0.182560 -0.204551 -0.074594 1
0.202269 0.368990 -0.063743 1
0.215055 0.454460 -0.057661 1
0.205632 -0.304301 -0.078101 1
0.225521 0.315617 -0.073980 1
0.199424 0.041542 -0.081427 1
0.207147 0.021438 -0.110340 1
0.184019 -0.270280 -0.084399 1
0.199841 -0.064515 -0.081166 1
0.171257 -0.050910 -0.071858 1
0.186935 -0.101307 -0.109836 1
0.184238 -0.151102 -0.093657 1
0.199373 -0.077319 -0.104343 1
0.223863 0.535263 -0.060208 1
0.197290 -0.177995 -0.094516 1
0.212921 0.088169 -0.103943 1
0.194971 -0.137448 -0.077464 1
0.175356 -0.017224 -0.069124 1
0.203785 0.115382 -0.084690 1
0.190792 -0.073674 -0.112115 1
0.185419 -0.197747 -0.087593 1
0.233696 0.514973 -0.057318 1
0.199595 0.008918 -0.081599 1
0.217157 0.480967 -0.057718 1
0.202570 0.101394 -0.084171 1
0.191155 -0.287397 -0.069289 1
0.198868 -0.142911 -0.097382 1
0.206743 0.075378 -0.093966 1
0.188070 0.001887 -0.074489 1
0.196890 0.320937 -0.064252 1
0.201414 -0.197052 -0.079786 1
0.179631 -0.184958 -0.077090 1
0.187833 0.088631 -0.072988 1
0.194631 -0.204166 -0.073900 1
0.194278 -0.123935 -0.104234 1
0.210194 0.188057 -0.083620 1
0.179339 -0.217247 -0.078213 1
0.221977 0.441628 -0.058234 1
0.199710 0.055348 -0.081269 1
0.219046 0.166378 -0.094720 1
0.203739 0.035064 -0.091970 1
0.184430 -0.132755 -0.095655 1
0.189258 0.253703 -0.070246 1
0.205907 0.009040 -0.101139 1
0.190559 -0.183490 -0.081666 1
0.214696 0.348867 -0.065477 1
0.177187 -0.151112 -0.075666 1
0.200581 0.342303 -0.062564 1
0.187293 -0.223246 -0.081581 1
0.187721 0.101729 -0.072370 1
0.200330 -0.231109 -0.085584 1
0.201752 -0.011520 -0.085431 1
0.199255 -0.210630 -0.090226 1
0.228298 0.494610 -0.057036 1
0.189546 0.147974 -0.071125 1
0.191177 -0.120148 -0.083864 1
0.205692 0.257815 -0.069014 1
0.208003 0.048407 -0.100507 1
0.217897 0.145467 -0.096875 1
0.214978 0.222108 -0.080305 1
0.183278 -0.250538 -0.073953 1
0.195391 0.195143 -0.072174 1
0.203709 -0.018002 -0.093147 1
0.182929 -0.065284 -0.074478 1
0.201015 0.282035 -0.066710 1
0.211698 0.056611 -0.107670 1
0.171732 -0.094303 -0.076203 1
0.195045 -0.264536 -0.070678 1
0.194041 0.175091 -0.072534 1
0.200969 0.295686 -0.066118 1
0.221550 0.414823 -0.060107 1
0.195681 -0.024258 -0.078226 1
0.195884 0.069216 -0.078567 1
0.214762 0.275620 -0.072462 1
0.221696 0.428289 -0.059110 1
0.221006 0.401807 -0.061153 1
0.183006 0.048120 -0.070845 1
0.209520 0.135284 -0.090611 1
0.202127 -0.104886 -0.086357 1
0.218419 0.323573 -0.069256 1
0.228304 0.547048 -0.063318 1
0.184764 0.125829 -0.069522 1
0.178375 -0.127226 -0.076276 1
0.200654 -0.051727 -0.106007 1
0.188958 -0.231748 -0.071521 1
0.189154 0.034612 -0.074565 1
0.215320 0.388716 -0.060993 1
0.201959 0.235162 -0.071170 1
0.195470 -0.091678 -0.105627 1
0.194692 -0.151070 -0.099134 1
0.194053 -0.178127 -0.074894 1
0.206487 -0.280993 -0.077663 1
0.180965 -0.231253 -0.085017 1
0.226514 0.474549 -0.055848 1
0.191397 -0.044012 -0.076781 1
0.211251 0.160239 -0.089549 1
0.179199 -0.172404 -0.076678 1
0.203205 -0.030787 -0.093423 1
0.233044 0.569157 -0.064437 1
0.212071 0.235469 -0.075259 1
0.201769 -0.124268 -0.092576 1
0.202159 -0.091275 -0.092931 1
0.170143 -0.144295 -0.080358 1
0.209602 0.327581 -0.065510 1
0.203902 -0.024289 -0.099666 1
0.174675 -0.037948 -0.070893 1
0.204206 -0.011721 -0.099770 1
0.200970 -0.084811 -0.099665 1
0.182251 -0.077909 -0.075028 1
0.188912 -0.131125 -0.104247 1
0.188280 -0.084622 -0.076951 1
0.196221 -0.189835 -0.085218 1
0.190510 -0.290735 -0.084328 1
0.187780 -0.131210 -0.075490 1
0.200115 -0.245088 -0.074763 1
0.216177 0.294405 -0.071169 1
0.184904 -0.276380 -0.074478 1
0.204006 0.062084 -0.092295 1
0.202186 -0.237710 -0.079931 1
0.192481 -0.190550 -0.096351 1
0.201818 -0.064559 -0.099488 1
0.188909 -0.277788 -0.084923 1
0.220721 0.242052 -0.080714 1
0.195303 0.081944 -0.078204 1
0.202135 0.021716 -0.086041 1
0.194033 -0.164312 -0.075238 1
0.198882 -0.217940 -0.075486 1
0.213676 0.209500 -0.081048 1
0.204304 0.141013 -0.083935 1
0.204558 0.000837 -0.106347 1
0.188424 -0.258114 -0.085776 1
0.219244 0.195565 -0.090142 1
0.202081 -0.071370 -0.086487 1
0.180873 0.021240 -0.070788 1
0.189552 0.160877 -0.070448 1
0.199763 -0.297462 -0.083536 1
0.195418 0.095436 -0.077861 1
0.213405 0.175285 -0.088123 1
0.175480 -0.110875 -0.075506 1
0.206836 0.175727 -0.081717 1
0.206133 0.160588 -0.082563 1
0.202365 -0.051199 -0.086261 1
0.189633 0.022753 -0.075220 1
0.188485 -0.257240 -0.070759 1
0.177045 -0.198157 -0.079916 1
0.203027 -0.044353 -0.093417 1
0.194904 0.268508 -0.066097 1
0.227863 0.448178 -0.059357 1
0.214900 0.261258 -0.074251 1
0.182860 -0.224441 -0.074350 1
0.202307 0.081696 -0.085145 1
0.184766 -0.111792 -0.105291 1
