-0.205990 0.196028 -0.013974 1
-0.043225 -0.019986 0.046897 1
0.091880 0.096600 -0.060815 1
-0.091425 0.090040 -0.058161 1
-0.128466 0.118259 0.058361 1
0.133885 0.111401 -0.168501 1
0.012589 0.116572 -0.162490 1
0.002565 0.038568 -0.056088 1
-0.042264 0.090392 0.024958 1
-0.169097 0.116602 -0.024213 1
-0.013704 0.046212 0.080991 1
-0.168895 0.172398 -0.073400 1
-0.003616 0.051819 -0.132847 1
0.076156 0.122819 -0.127942 1
0.061188 0.036853 -0.016646 1
-0.105098 0.137246 -0.006118 1
-0.186287 0.144472 0.032423 1
-0.095970 0.065506 0.001569 1
0.039244 0.079493 -0.089592 1
0.130981 0.108886 -0.109844 1
-0.038054 0.074823 -0.035432 1
-0.024853 0.083750 -0.189903 1
-0.128577 0.131834 -0.060404 1
-0.058200 0.028389 0.018220 1
-0.248598 0.163368 -0.024742 1
-0.156216 0.167277 -0.008659 1
0.024390 -0.011379 -0.022688 1
0.029801 0.079432 -0.025197 1
0.023147 0.059071 0.044518 1
-0.143075 0.081684 -0.048637 1
-0.086689 0.085839 0.045474 1
-0.212860 0.188676 -0.064697 1
-0.126219 0.099964 0.012766 1
-0.067590 0.102317 -0.008208 1
0.054082 0.081716 -0.130258 1
-0.027557 0.042669 -0.008619 1
-0.022131 0.019584 0.050073 1
0.067645 0.034756 -0.056661 1
-0.115586 0.043647 -0.097624 1
-0.150970 0.131109 0.018150 1
-0.208608 0.143381 -0.000823 1
-0.085250 0.124990 0.037256 1
0.073822 0.069169 -0.037253 1
0.080163 0.094485 -0.100157 1
-0.070463 0.052388 -0.031502 1
0.014531 0.042540 -0.019326 1
0.014930 0.049892 -0.094100 1
-0.027453 -0.007413 0.005774 1
-0.145826 0.161215 -0.045276 1
-0.003778 0.084691 -0.153713 1
0.112946 0.125189 -0.141790 1
-0.104550 0.103325 -0.019785 1
-0.197078 0.165309 -0.030427 1
0.035278 0.050931 -0.049190 1
-0.057078 0.062540 0.008391 1
0.003232 0.112993 -0.195921 1
-0.004368 0.005004 -0.051905 1
0.033322 0.018402 -0.036906 1
0.119924 0.103326 -0.077981 1
-0.114641 0.141270 0.025408 1
-0.139202 0.129358 -0.017661 1
-0.159288 0.130715 -0.071783 1
-0.031408 0.043080 0.027901 1
-0.012381 0.024802 -0.080802 1
0.078562 0.071985 -0.075850 1
-0.104646 0.129027 -0.038022 1
0.028052 0.061429 -0.120276 1
-0.101038 0.065363 -0.029118 1
-0.238051 0.180556 -0.047666 1
-0.022715 0.025583 -0.038877 1
-0.178908 0.126457 0.007580 1
-0.089066 0.092943 -0.087864 1
-0.089141 0.101538 0.012427 1
-0.114850 0.094862 0.042211 1
-0.219389 0.170369 -0.006422 1
-0.196364 0.136028 -0.028908 1
-0.143523 0.100565 -0.017083 1
-0.065790 0.067170 0.037854 1
0.058606 0.084918 -0.059190 1
-0.169440 0.149209 -0.026344 1
-0.004660 0.048493 0.035706 1
-0.026638 0.052788 0.053982 1
-0.132027 0.154380 -0.003012 1
-0.062785 0.108645 0.030165 1
0.010259 0.092463 -0.178618 1
-0.076925 0.100940 -0.034227 1
-0.192421 0.160369 -0.057232 1
-0.177896 0.181184 -0.042350 1
0.003769 0.026121 0.055121 1
-0.000542 0.057304 -0.170257 1
0.047071 0.060060 -0.072932 1
-0.120757 0.085095 -0.034588 1
-0.072877 0.074629 -0.045787 1
-0.024362 0.033997 -0.145581 1
0.044802 0.058020 -0.023378 1
-0.045967 0.065885 -0.058587 1
0.056033 0.102866 -0.095491 1
-0.187872 0.160706 -0.006600 1
-0.201952 0.162386 0.022253 1
-0.075639 0.051133 -0.006220 1
0.102584 0.106793 -0.096753 1
-0.209397 0.190642 -0.038838 1
-0.027252 0.064362 0.092920 1
-0.112571 0.104379 -0.058010 1
0.140147 0.113455 -0.133122 1
-0.042126 0.009927 0.025070 1
-0.025175 0.070796 -0.168413 1
-0.156971 0.137411 -0.047782 1
-0.145745 0.119414 0.040337 1
0.086824 0.109754 -0.146288 1
-0.089844 0.127130 0.010399 1
0.005074 0.045594 0.007092 1
-0.122232 0.147019 -0.024207 1
-0.036736 0.068348 -0.011942 1
-0.080748 0.078126 -0.023051 1
-0.072896 0.084377 0.017397 1
-0.107033 0.114023 0.030048 1
0.009374 -0.012411 -0.041373 1
-0.025665 -0.023201 0.031988 1
-0.132615 0.121597 -0.038473 1
-0.104236 0.086134 0.020603 1
0.057082 0.081963 -0.105041 1
-0.150155 0.107147 0.003793 1
-0.006925 0.036630 -0.099479 1
-0.114012 0.116919 0.003766 1
0.069399 0.097732 -0.137965 1
-0.186368 0.181647 -0.019048 1
0.006914 -0.017968 0.035045 1
-0.092751 0.038484 -0.091399 1
-0.054460 0.102348 0.010281 1
0.011644 0.054824 -0.068394 1
-0.026115 0.024372 0.004061 1
0.030543 0.073800 -0.067976 1
0.039359 0.036312 -0.013575 1
0.103778 0.115128 -0.061074 1
-0.092527 0.122812 -0.016458 1
0.093167 0.110788 -0.121686 1
-0.187575 0.182801 -0.069721 1
0.052367 0.030295 -0.042174 1
-0.077788 0.062232 0.014104 1
-0.057498 0.049935 0.025756 1
-0.066180 0.072748 -0.007990 1
-0.224324 0.152132 -0.016146 1
-0.157326 0.144267 0.002727 1
-0.016477 0.095302 -0.166868 1
-0.060788 0.082982 -0.027787 1
-0.143228 0.148850 -0.062118 1
-0.116596 0.089686 -0.009568 1
0.050015 0.073102 -0.036760 1
-0.097519 0.076143 -0.078930 1
-0.100778 0.089923 -0.037893 1
-0.006384 0.021159 0.036720 1
0.062048 0.097279 -0.118776 1
0.021352 0.030559 -0.054785 1
0.016846 0.045273 -0.114979 1
-0.180102 0.150069 0.008903 1
-0.010850 0.047406 -0.152540 1
0.017091 0.075287 0.055475 1
-0.095511 0.110288 -0.049136 1
-0.166930 0.174281 -0.027039 1
-0.018374 0.064985 -0.187121 1
-0.055781 0.062741 -0.040220 1
0.017524 0.006674 -0.040206 1
0.079238 0.096567 -0.076210 1
-0.210503 0.174488 -0.051093 1
-0.168041 0.122139 0.023481 1
-0.121708 0.104662 -0.036827 1
-0.053649 0.086864 -0.001727 1
-0.027752 0.019350 -0.158034 1
