0.104590 0.463208 -0.577620 1
0.196158 0.478592 -0.366360 2
0.063414 0.340523 -0.446599 1
0.122003 0.397877 -0.356459 2
0.028938 0.409994 -0.518839 1
0.192194 0.417431 -0.306152 2
0.122158 0.414291 -0.510591 1
-0.000661 0.342262 -0.451493 1
0.046079 0.450420 -0.569188 1
0.079453 0.384197 -0.481709 1
0.104579 0.354028 -0.318994 2
0.149106 0.380849 -0.296345 2
0.160991 0.435924 -0.366353 2
0.074940 0.435362 -0.524850 1
0.029722 0.365544 -0.484691 1
0.111020 0.347677 -0.455825 1
0.213240 0.460657 -0.328684 2
0.122315 0.441796 -0.546354 1
0.154230 0.408627 -0.326011 2
0.117555 0.376838 -0.492186 1
0.180069 0.442933 -0.328609 2
0.060193 0.414077 -0.501492 1
0.025679 0.429633 -0.547301 1
0.119052 0.362130 -0.289057 2
0.082623 0.456360 -0.549285 1
0.132155 0.380546 -0.330159 2
0.227508 0.479520 -0.357284 2
0.135756 0.405706 -0.384278 2
0.093112 0.371028 -0.343501 2
0.035923 0.346101 -0.460908 1
0.096463 0.408100 -0.494543 1
0.063182 0.364767 -0.464641 1
0.170986 0.400633 -0.295738 2
0.131624 0.381777 -0.272296 2
0.051509 0.389710 -0.482420 1
0.053722 0.447087 -0.539465 1
0.027830 0.384378 -0.507081 1
0.141139 0.418576 -0.357055 2
0.071002 0.466388 -0.572610 1
0.174622 0.461017 -0.364524 2
0.206344 0.435828 -0.320239 2
0.097156 0.367229 -0.466084 1
0.156820 0.430504 -0.340770 2
0.131325 0.363648 -0.311120 2
0.098326 0.441039 -0.531723 1
0.124930 0.419243 -0.534842 1
0.189868 0.461784 -0.341023 2
0.044001 0.430102 -0.525391 1
0.008113 0.343466 -0.426158 1
0.084305 0.348563 -0.458089 1
0.119432 0.361921 -0.473496 1
0.215686 0.480353 -0.378435 2
0.135605 0.403487 -0.339090 2
0.117252 0.366092 -0.339062 2
0.094477 0.426705 -0.515129 1
0.074556 0.400682 -0.493723 1
0.023213 0.341684 -0.441425 1
0.102248 0.453561 -0.554706 1
-0.011086 0.342549 -0.432786 1
0.043935 0.367990 -0.470189 1
0.043530 0.399478 -0.498232 1
0.168228 0.417289 -0.314269 2
0.206602 0.475686 -0.349587 2
0.062976 0.458746 -0.552633 1
0.115949 0.394383 -0.500899 1
0.170637 0.446782 -0.345132 2
0.079817 0.415008 -0.505575 1
0.149665 0.389397 -0.313656 2
0.116112 0.437524 -0.525116 1
0.103313 0.387488 -0.484715 1
0.043425 0.333030 -0.442944 1
0.086003 0.356894 -0.331136 2
0.119292 0.398544 -0.378633 2
0.152016 0.393255 -0.282838 2
0.182153 0.427867 -0.318878 2
0.039576 0.438562 -0.554088 1
0.043621 0.414646 -0.506486 1
0.111748 0.337264 -0.323468 2
0.065468 0.426316 -0.512198 1
0.117169 0.380393 -0.348258 2
0.052129 0.351796 -0.452147 1
0.220508 0.468445 -0.341132 2
0.164714 0.423457 -0.328805 2
0.092025 0.462146 -0.563109 1
0.121898 0.358613 -0.322673 2
0.075329 0.370905 -0.472489 1
0.128171 0.375362 -0.286138 2
0.190653 0.471516 -0.353667 2
0.101512 0.341708 -0.307939 2
0.107443 0.418815 -0.508708 1
0.034334 0.420743 -0.538415 1
0.033146 0.379787 -0.493533 1
0.128223 0.389404 -0.341787 2
0.201430 0.451316 -0.327728 2
0.060158 0.437300 -0.523661 1
0.149305 0.418177 -0.336988 2
0.123096 0.354008 -0.303654 2
0.158611 0.441338 -0.352890 2
0.066506 0.352419 -0.454958 1
0.032894 0.398451 -0.510824 1
0.081049 0.442509 -0.535997 1
0.082160 0.467465 -0.581859 1
0.137043 0.373814 -0.302659 2
0.066950 0.445986 -0.534049 1
0.187540 0.471133 -0.375034 2
0.157689 0.406266 -0.312356 2
0.183786 0.408377 -0.299672 2
0.064272 0.386892 -0.477559 1
0.033080 0.359477 -0.470487 1
0.112938 0.433396 -0.540754 1
0.018346 0.341467 -0.454309 1
0.094311 0.377113 -0.475213 1
0.063650 0.398746 -0.485575 1
0.137736 0.372054 -0.321071 2
