0.070498 0.154350 -0.262595 1
0.039979 0.095797 -0.066737 2
-0.048143 0.031866 -0.197267 1
0.061091 0.082814 -0.180966 1
-0.032555 0.028193 -0.050705 2
0.007873 0.095284 -0.250401 1
-0.014189 0.051288 -0.120580 2
-0.029654 -0.013066 -0.148618 1
0.024873 -0.017651 -0.050319 2
0.012817 0.033666 -0.177121 1
0.026956 0.137581 -0.206110 1
0.028508 0.045559 -0.030292 2
-0.033032 -0.031676 -0.040543 2
-0.004051 0.078099 -0.200729 1
0.018494 0.053896 -0.086617 2
0.026035 0.140881 -0.270261 1
0.059228 0.121242 -0.235494 1
0.000126 -0.006850 -0.016319 2
-0.055884 0.020196 -0.157709 1
0.028346 0.007390 -0.150288 1
0.013419 0.080217 -0.043960 2
0.023287 0.069015 -0.167873 1
-0.023228 0.042336 -0.169035 1
0.057239 0.127857 -0.076785 2
0.024843 0.102306 -0.193672 1
0.016580 0.017433 -0.056302 2
0.035571 0.022773 -0.093445 2
-0.042298 -0.001141 -0.181615 1
0.038048 0.074027 -0.208270 1
0.025520 0.128435 -0.238567 1
-0.016961 -0.005252 -0.053394 2
0.010597 0.068990 -0.231828 1
-0.018591 0.043345 -0.202043 1
0.046453 0.125507 -0.047118 2
0.007701 0.029675 -0.142451 1
0.001115 -0.026184 -0.068765 2
0.078434 0.149703 -0.233193 1
-0.017722 0.055818 -0.090343 2
-0.000740 -0.006816 -0.150616 1
0.027939 0.094420 -0.226753 1
0.040159 0.031181 -0.162589 1
-0.018266 0.018908 -0.153312 1
-0.044431 0.050511 -0.063928 2
0.008766 0.049719 -0.202754 1
0.049845 0.105718 -0.213430 1
0.034958 0.068366 -0.067364 2
0.051638 0.140397 -0.217037 1
0.011920 0.019671 -0.029118 2
-0.020257 0.030062 -0.106479 2
-0.005695 0.027093 -0.076719 2
-0.026856 0.019535 -0.180005 1
0.055698 0.133891 -0.262183 1
-0.000265 0.092172 -0.226734 1
-0.014810 0.070984 -0.222314 1
-0.030088 0.033276 -0.074906 2
0.027062 0.100279 -0.038585 2
0.009728 0.050675 -0.158136 1
0.015072 0.118752 -0.269332 1
-0.000196 -0.016174 -0.038799 2
0.051381 0.104704 -0.086247 2
-0.004143 0.066838 -0.179444 1
0.026884 0.044991 -0.054087 2
0.035821 0.059091 -0.184732 1
0.037628 0.068515 -0.044439 2
0.025713 0.115990 -0.213947 1
0.029635 0.013267 -0.172415 1
-0.011116 0.021118 -0.054091 2
0.043329 0.141392 -0.237593 1
0.023793 0.080930 -0.189811 1
-0.000169 0.005593 -0.043635 2
0.034108 0.122658 -0.257403 1
-0.023505 0.052303 -0.066924 2
0.033751 0.045735 -0.074007 2
0.020369 0.011027 -0.101704 2
0.010481 0.043619 -0.041333 2
-0.007511 0.006005 -0.068053 2
-0.020343 0.035701 -0.036061 2
0.019830 0.085550 -0.210182 1
0.042620 0.093343 -0.189104 1
0.043291 0.125365 -0.205522 1
-0.006140 0.032763 -0.163891 1
0.021095 -0.005052 -0.035314 2
0.024704 0.105849 -0.250591 1
0.054471 0.150477 -0.273556 1
-0.033271 0.049787 -0.047718 2
0.056468 0.150634 -0.250281 1
-0.019181 0.056455 -0.188615 1
-0.018772 -0.041897 -0.033943 2
-0.049607 0.030410 -0.171968 1
0.041302 0.081902 -0.078794 2
0.009736 0.101500 -0.214383 1
0.013497 0.021854 -0.073900 2
0.030217 0.044897 -0.174579 1
0.010950 0.021246 -0.163840 1
-0.047520 0.016142 -0.184242 1
-0.030785 0.011911 -0.043180 2
0.035717 0.131631 -0.224090 1
0.029983 0.081063 -0.054538 2
-0.032493 0.042567 -0.190933 1
0.048772 0.116473 -0.066026 2
0.014161 0.114769 -0.238425 1
-0.011151 0.055451 -0.212573 1
0.024852 0.031474 -0.043009 2
0.021981 0.069297 -0.033635 2
0.039548 0.111321 -0.194502 1
0.009390 0.089804 -0.193232 1
0.001237 -0.005082 -0.058185 2
-0.007263 0.044130 -0.084269 2
0.061380 0.141704 -0.236910 1
0.035701 0.079905 -0.178221 1
0.041894 0.143132 -0.262336 1
0.029358 0.030153 -0.077422 2
0.011334 0.070175 -0.188434 1
