0.033846 0.524180 -0.294516 1
-0.022370 0.680969 -0.198165 1
0.059046 0.302736 -0.294619 1
0.097399 0.421946 -0.328668 1
0.020607 0.592328 -0.224864 1
0.069125 0.452388 -0.245023 1
0.053612 0.367041 -0.235328 1
0.128617 0.333698 -0.330595 1
0.066774 0.365859 -0.305450 1
0.068299 0.476053 -0.317042 1
0.043000 0.530436 -0.233362 1
-0.015496 0.635813 -0.233415 1
0.057742 0.428534 -0.293765 1
0.089430 0.337425 -0.265822 1
0.013676 0.573674 -0.273126 1
0.082032 0.403689 -0.250381 1
0.045336 0.489878 -0.262276 1
0.117376 0.378443 -0.320606 1
0.089029 0.309322 -0.330202 1
0.084246 0.297324 -0.265696 1
0.137977 0.297824 -0.325610 1
0.052364 0.334781 -0.268443 1
0.071999 0.370584 -0.269268 1
-0.000470 0.608725 -0.253195 1
0.022588 0.559601 -0.241529 1
0.053512 0.464536 -0.285183 1
0.090593 0.350725 -0.325553 1
0.079098 0.398102 -0.311885 1
0.073207 0.334918 -0.294294 1
0.049992 0.496171 -0.296546 1
0.027181 0.540787 -0.268665 1
0.061757 0.398971 -0.277324 1
0.075467 0.440827 -0.316253 1
0.097331 0.276804 -0.340410 1
-0.007679 0.662240 -0.220740 1
0.013380 0.621421 -0.226370 1
0.050083 0.439634 -0.267263 1
0.005940 0.580844 -0.247641 1
0.036946 0.516063 -0.261132 1
0.057505 0.501187 -0.241217 1
0.090329 0.376415 -0.322438 1
0.068358 0.424429 -0.256923 1
0.114783 0.297018 -0.335981 1
0.064535 0.476261 -0.251078 1
0.091345 0.365378 -0.254512 1
0.061511 0.351263 -0.252369 1
0.102552 0.330868 -0.331953 1
0.071760 0.316695 -0.315739 1
0.024991 0.554531 -0.287743 1
0.101934 0.399050 -0.326313 1
0.067691 0.386714 -0.295720 1
0.116898 0.357490 -0.328854 1
0.049527 0.463641 -0.261109 1
0.068892 0.354927 -0.283932 1
0.075516 0.419255 -0.311569 1
0.001731 0.637528 -0.219219 1
0.079935 0.311261 -0.283595 1
0.061728 0.447153 -0.302152 1
0.074876 0.345474 -0.313441 1
-0.003536 0.681589 -0.206271 1
0.054996 0.476887 -0.300773 1
0.065356 0.410269 -0.293931 1
0.075321 0.333353 -0.250326 1
0.086234 0.384130 -0.251201 1
0.042216 0.505014 -0.280763 1
0.030027 0.536454 -0.246822 1
0.005779 0.602890 -0.231884 1
0.016969 0.556114 -0.262363 1
0.120175 0.316875 -0.334487 1
0.043075 0.479800 -0.280014 1
0.058481 0.320442 -0.279367 1
0.025996 0.575344 -0.230664 1
0.081048 0.457963 -0.321060 1
-0.007820 0.619565 -0.237851 1
-0.021919 0.651491 -0.226861 1
0.056073 0.425151 -0.275846 1
0.078437 0.351018 -0.269536 1
0.052257 0.517502 -0.245190 1
0.077512 0.303762 -0.299648 1
0.056814 0.490447 -0.311653 1
0.069340 0.387540 -0.266289 1
0.134830 0.316027 -0.325131 1
0.037848 0.546752 -0.230276 1
0.082052 0.332040 -0.321732 1
0.064610 0.374400 -0.284240 1
0.000741 0.586982 -0.262626 1
0.033288 0.520525 -0.277035 1
0.062961 0.411025 -0.265369 1
0.046002 0.512268 -0.295743 1
0.084984 0.290534 -0.330281 1
0.091557 0.435977 -0.322304 1
-0.020454 0.684257 -0.214109 1
0.045460 0.503508 -0.251892 1
0.116303 0.278831 -0.342523 1
0.028496 0.539235 -0.291635 1
0.062910 0.438750 -0.252022 1
0.063268 0.463199 -0.308981 1
0.052405 0.447184 -0.281150 1
0.070439 0.297485 -0.283987 1
0.067317 0.354870 -0.238258 1
0.126744 0.347113 -0.322932 1
0.052695 0.488562 -0.248958 1
0.074907 0.339393 -0.279796 1
0.019127 0.607425 -0.226340 1
0.102278 0.360252 -0.326946 1
0.074581 0.377180 -0.311241 1
0.102493 0.314611 -0.333806 1
0.055213 0.450619 -0.257330 1
0.074653 0.302648 -0.318938 1
0.011768 0.565444 -0.249527 1
0.087112 0.414638 -0.321196 1
0.099979 0.290812 -0.338051 1
-0.011263 0.669721 -0.208498 1
0.079514 0.326583 -0.284170 1
0.079464 0.358442 -0.317295 1
0.072002 0.320214 -0.302027 1
0.090244 0.322887 -0.269020 1
0.025197 0.548142 -0.252547 1
0.089911 0.395131 -0.321209 1
0.110975 0.390918 -0.320705 1
0.113689 0.338013 -0.329938 1
0.063806 0.284165 -0.307669 1
0.040154 0.522956 -0.245035 1
0.045823 0.475019 -0.266806 1
0.010669 0.591327 -0.235967 1
0.063555 0.334542 -0.261551 1
0.102265 0.345394 -0.328062 1
0.076199 0.420823 -0.247179 1
0.064599 0.312106 -0.287197 1
0.071488 0.400066 -0.263703 1
0.050414 0.483641 -0.290746 1
0.028622 0.527264 -0.267090 1
0.066332 0.387040 -0.282519 1
0.032346 0.561679 -0.233477 1
0.067136 0.435533 -0.302426 1
0.129715 0.308415 -0.334421 1
0.099133 0.385076 -0.325353 1
-0.011485 0.647333 -0.220975 1
0.070694 0.356502 -0.296351 1
0.037430 0.500231 -0.270088 1
0.075167 0.435732 -0.251433 1
0.069027 0.396853 -0.304366 1
0.089106 0.350661 -0.262928 1
0.063619 0.397019 -0.289915 1
0.059144 0.462711 -0.253256 1
0.018647 0.559648 -0.274164 1
0.004517 0.598961 -0.243530 1
0.143468 0.287396 -0.329209 1
0.074231 0.334421 -0.306521 1
0.042313 0.540205 -0.240754 1
-0.003142 0.623837 -0.227584 1
0.062035 0.484023 -0.242268 1
0.024020 0.543411 -0.279912 1
0.003119 0.598799 -0.258824 1
