-0.084574 -0.113561 -0.116724 1
-0.011040 -0.113931 -0.073003 1
-0.058215 -0.117543 -0.071702 1
-0.039067 -0.120703 -0.112443 1
-0.035049 -0.109666 -0.086721 1
-0.075748 -0.104832 -0.092206 1
-0.008614 -0.115110 -0.098974 1
-0.061516 -0.122657 -0.120521 1
-0.037654 -0.115275 -0.059530 1
-0.054345 -0.109471 -0.094100 1
-0.020853 -0.118836 -0.055477 1
-0.069819 -0.114525 -0.103918 1
-0.004250 -0.121981 -0.061242 1
-0.054155 -0.117179 -0.107643 1
-0.027020 -0.118332 -0.103682 1
-0.030468 -0.109674 -0.072591 1
-0.020430 -0.111592 -0.091788 1
-0.063582 -0.107157 -0.083782 1
-0.003709 -0.109531 -0.083786 1
-0.044101 -0.106635 -0.076924 1
-0.083968 -0.109699 -0.103748 1
-0.036977 -0.113019 -0.098578 1
-0.076824 -0.122377 -0.115254 1
-0.047043 -0.118351 -0.053886 1
-0.017765 -0.116395 -0.064672 1
-0.034256 -0.118682 -0.050783 1
-0.064697 -0.119491 -0.111752 1
-0.072008 -0.124423 -0.123516 1
-0.050487 -0.121797 -0.115442 1
-0.017029 -0.110307 -0.079787 1
-0.056423 -0.111535 -0.079066 1
