-0.032320 -0.025089 -0.020270 1
-0.115324 0.090339 -0.081641 1
-0.056816 0.015397 -0.110204 1
-0.028422 0.053637 -0.040605 1
0.002661 -0.006310 -0.078080 1
-0.062711 0.068105 -0.086087 1
-0.071914 0.025494 -0.018296 1
-0.042328 -0.005960 -0.073101 1
-0.101389 0.066554 -0.113757 1
-0.034726 0.036306 -0.078443 1
-0.078495 0.101358 -0.064877 1
0.028012 -0.015695 -0.043701 1
-0.022538 0.008090 -0.040035 1
-0.070035 -0.022799 -0.003705 1
-0.005082 -0.037267 -0.056910 1
-0.053561 0.082710 -0.046910 1
-0.048920 0.001665 -0.010746 1
-0.078114 0.044931 -0.106110 1
-0.059864 0.046988 -0.064340 1
-0.019481 0.011837 -0.068267 1
-0.051691 0.028737 -0.037703 1
-0.019764 -0.050055 -0.019991 1
-0.022148 -0.013350 -0.056450 1
-0.084497 0.066343 -0.071582 1
-0.057656 0.035650 -0.093698 1
-0.095520 0.085006 -0.055593 1
-0.044503 0.066993 -0.064847 1
-0.043860 0.011344 -0.090671 1
-0.028088 -0.034190 -0.047494 1
-0.083005 0.085659 -0.083232 1
-0.026140 0.031663 -0.058053 1
-0.105290 0.073743 -0.093294 1
-0.068813 -0.002116 -0.018675 1
-0.036301 -0.025943 -0.066639 1
0.003334 -0.017621 -0.058240 1
0.012511 -0.036072 -0.044795 1
-0.017555 -0.056659 -0.039655 1
-0.083284 0.058196 -0.090866 1
-0.064268 0.088039 -0.070011 1
-0.006866 -0.027022 -0.074172 1
-0.013533 -0.022969 -0.039375 1
-0.047306 0.010426 -0.031545 1
-0.049381 -0.015400 -0.022139 1
-0.045059 0.048333 -0.051439 1
-0.046737 -0.023928 -0.002386 1
-0.103210 0.095879 -0.067849 1
-0.019577 -0.004297 -0.076261 1
-0.032627 0.022975 -0.043772 1
-0.033022 -0.000371 -0.028337 1
-0.020851 -0.036011 -0.030055 1
-0.047013 0.034644 -0.061758 1
-0.045631 0.056971 -0.078816 1
-0.029022 0.010767 -0.081259 1
-0.035777 -0.002611 -0.090078 1
-0.069865 0.022844 -0.104645 1
-0.031565 0.045095 -0.064819 1
-0.010635 -0.038584 -0.041434 1
-0.034712 0.013005 -0.065666 1
-0.065653 0.039440 -0.080990 1
-0.022023 -0.014109 -0.030262 1
0.003923 -0.047615 -0.039799 1
-0.078509 0.000979 -0.007565 1
-0.047067 -0.000283 -0.099736 1
-0.025167 0.024685 -0.072774 1
