-0.001886 0.468988 -0.037876 1
-0.158470 0.112784 -0.014780 1
-0.071968 0.288475 0.017695 1
-0.111513 0.193258 0.040242 1
-0.048525 0.380069 -0.018965 1
-0.144794 0.001431 -0.001778 1
-0.147204 -0.109028 -0.020629 1
-0.152633 0.069374 0.038784 1
-0.117441 0.246541 -0.002374 1
-0.135610 0.131663 0.044041 1
-0.141533 0.171833 -0.010471 1
-0.146127 -0.055965 0.007878 1
-0.154704 0.052894 -0.012278 1
-0.182455 -0.033561 -0.022862 1
-0.015643 0.421534 -0.023042 1
-0.067691 0.328877 -0.012873 1
-0.165964 0.024255 0.033725 1
-0.090321 0.235959 0.030956 1
-0.171886 -0.076037 -0.024346 1
-0.134154 0.095171 0.012321 1
-0.129008 0.208628 -0.004177 1
-0.132035 0.139174 0.005521 1
-0.099097 0.277097 -0.007653 1
-0.042910 0.350245 0.001605 1
-0.123487 0.162216 0.030003 1
-0.154344 -0.025068 0.021843 1
-0.168575 -0.135930 -0.023278 1
-0.141323 0.041774 0.019934 1
-0.153602 -0.028600 -0.010832 1
-0.146689 0.102088 0.041945 1
-0.109152 0.215584 0.017481 1
-0.179207 -0.107710 -0.022039 1
-0.153152 0.083490 -0.010304 1
-0.088722 0.262451 0.016253 1
-0.082978 0.302040 -0.010875 1
-0.119627 0.186088 0.012646 1
-0.146618 -0.085352 -0.003188 1
-0.058915 0.316985 0.012506 1
-0.164975 0.025732 -0.015366 1
-0.138818 0.067077 0.008386 1
-0.149275 0.145641 -0.014353 1
-0.173771 -0.007023 -0.011404 1
-0.024735 0.397820 -0.015628 1
-0.155263 0.000927 0.024977 1
-0.008452 0.445257 -0.028826 1
-0.143870 0.028087 -0.001788 1
-0.165994 -0.051571 -0.025857 1
-0.132825 0.117088 0.021735 1
-0.139659 0.117575 -0.001881 1
-0.127251 0.161510 0.007146 1
-0.056718 0.355050 -0.015872 1
-0.160166 0.045329 0.037518 1
-0.101963 0.240459 0.013214 1
-0.154616 -0.068275 -0.012844 1
-0.140332 0.085838 0.029779 1
-0.145112 0.018703 0.021974 1
-0.098532 0.217787 0.035208 1
-0.161121 -0.049056 0.019696 1
-0.156959 -0.091479 -0.023406 1
-0.034388 0.371345 -0.007456 1
-0.120144 0.227028 0.001043 1
-0.128864 0.142950 0.029728 1
-0.142493 -0.028816 0.007061 1
-0.152431 -0.047805 -0.010710 1
-0.168853 0.064681 -0.016996 1
-0.073483 0.304168 0.007114 1
-0.175921 -0.014562 -0.028656 1
-0.082720 0.287342 0.000872 1
-0.158606 0.006243 -0.013405 1
-0.101825 0.261572 0.001954 1
-0.133656 0.187628 -0.005093 1
-0.053367 0.335551 0.004277 1
-0.143253 0.045994 0.000884 1
-0.197933 -0.029804 -0.014687 1
-0.141737 0.061199 0.024926 1
-0.032111 0.415215 -0.024335 1
-0.176179 0.010326 -0.012472 1
-0.142715 0.100635 -0.004744 1
-0.119174 0.178846 0.032843 1
-0.172308 0.041093 -0.013124 1
-0.146387 -0.011239 0.015751 1
-0.160872 -0.118556 -0.023859 1
-0.040819 0.398958 -0.020917 1
-0.153285 0.129328 -0.012357 1
-0.075623 0.272788 0.022290 1
-0.137954 0.152271 -0.003962 1
-0.117732 0.203280 0.010404 1
-0.129473 0.149672 0.044853 1
-0.152589 -0.012124 -0.009649 1
-0.170775 -0.041275 -0.014016 1
-0.175418 -0.023218 -0.011299 1
-0.148074 -0.072077 0.007710 1
-0.021258 0.435647 -0.028956 1
-0.168198 0.008537 0.030467 1
-0.141992 0.116864 0.045073 1
-0.113248 0.197475 0.024361 1
-0.136881 0.104278 0.029256 1
-0.152514 0.030161 0.029379 1
-0.155037 0.068442 -0.011647 1
-0.162395 0.095047 -0.013781 1
-0.033365 0.385237 -0.013208 1
-0.152911 -0.132037 -0.021862 1
-0.138251 0.085210 0.002141 1
-0.069822 0.315950 -0.001076 1
-0.189397 -0.047689 -0.018419 1
-0.188921 -0.006912 -0.022464 1
-0.180872 -0.090610 -0.019915 1
-0.157945 0.038594 -0.012923 1
-0.148955 0.087394 0.041395 1
-0.090941 0.271564 0.005201 1
-0.161750 -0.065852 -0.025213 1
-0.133890 0.109755 0.009404 1
-0.126480 0.151409 0.017326 1
-0.109315 0.228042 0.010521 1
-0.140961 0.132259 -0.003187 1
-0.063614 0.342624 -0.014975 1
-0.126150 0.177600 0.003267 1
-0.122909 0.169830 0.017774 1
-0.140578 0.009465 0.009065 1
-0.163520 -0.013462 0.024631 1
-0.090469 0.250151 0.022979 1
-0.145681 -0.015431 0.002210 1
-0.010289 0.458119 -0.034705 1
-0.138338 0.031459 0.010811 1
-0.120051 0.168368 0.042131 1
-0.148071 -0.098636 -0.007405 1
-0.169062 -0.033638 -0.026504 1
-0.091983 0.288720 -0.009532 1
-0.147727 -0.040651 0.011291 1
-0.054331 0.347164 -0.004966 1
-0.158864 -0.080948 -0.015195 1
-0.147611 -0.037235 -0.002126 1
-0.045992 0.364593 -0.008557 1
-0.165526 0.077239 -0.013953 1
-0.145548 0.059878 -0.005591 1
-0.151076 -0.121730 -0.013768 1
-0.152932 0.056796 0.034819 1
-0.168433 -0.058192 -0.014784 1
-0.134325 0.125415 0.031754 1
-0.126707 0.196883 0.001164 1
-0.159548 -0.105358 -0.023056 1
-0.130283 0.128376 0.012476 1
-0.075673 0.317242 -0.012458 1
-0.153230 0.024336 -0.010325 1
-0.081059 0.281017 0.012673 1
-0.187640 -0.101348 -0.013073 1
-0.155711 0.014775 0.027871 1
-0.079948 0.260303 0.025199 1
-0.186911 -0.021735 -0.022218 1
-0.061449 0.326008 0.002460 1
-0.019912 0.410086 -0.019897 1
-0.102426 0.230813 0.021263 1
-0.053522 0.368591 -0.017781 1
-0.163173 -0.021574 -0.014624 1
-0.167312 -0.028139 0.022686 1
-0.144863 -0.108568 -0.000578 1
-0.142868 0.074469 -0.001942 1
-0.147200 -0.062545 -0.002558 1
-0.137882 0.050079 0.011436 1
-0.167668 0.052539 -0.014955 1
-0.096105 0.253291 0.012500 1
-0.121208 0.214260 0.003408 1
-0.106826 0.209846 0.031463 1
-0.136685 0.083854 0.015522 1
-0.185562 -0.077245 -0.018804 1
-0.145847 0.049428 0.027933 1
-0.065593 0.301764 0.015750 1
-0.180884 -0.001733 -0.029579 1
-0.172584 -0.119983 -0.023032 1
-0.135696 0.199014 -0.007343 1
-0.158585 -0.035879 0.020970 1
-0.139276 0.072560 0.024778 1
-0.111494 0.259381 -0.004042 1
-0.107473 0.251638 0.003756 1
-0.176464 -0.065450 -0.023626 1
-0.177889 -0.044029 -0.024214 1
-0.145347 0.012837 -0.003097 1
-0.163068 -0.004299 -0.014396 1
-0.133704 0.162932 -0.002188 1
-0.159895 -0.037779 -0.014062 1
-0.153280 0.100806 -0.010267 1
-0.137606 0.115203 0.034919 1
-0.169359 -0.100055 -0.023327 1
-0.127911 0.219530 -0.005707 1
-0.168995 -0.041178 0.019794 1
-0.130667 0.150033 0.004609 1
-0.146772 -0.000409 0.015353 1
-0.175058 0.024264 -0.011869 1
-0.146279 0.038407 -0.006107 1
-0.054317 0.326480 0.010399 1
-0.130836 0.133389 0.025408 1
-0.076603 0.292707 0.007747 1
-0.165211 -0.068206 -0.015331 1
-0.146027 0.090892 -0.006874 1
-0.149615 -0.098810 -0.021795 1
-0.168667 -0.086025 -0.024206 1
-0.111549 0.237117 0.005775 1
-0.143059 0.019455 0.010781 1
-0.146911 -0.020991 0.012342 1
-0.145988 0.078541 0.034414 1
-0.154458 -0.079105 -0.024344 1
-0.151320 -0.001892 -0.009003 1
-0.146234 0.123310 -0.007244 1
-0.167516 0.015838 -0.015029 1
-0.123702 0.158852 0.042443 1
-0.124033 0.234385 -0.004812 1
-0.166264 0.033756 0.037321 1
-0.181143 -0.053350 -0.021815 1
-0.150795 -0.049497 0.015227 1
-0.139613 0.056781 0.004010 1
-0.150017 -0.076750 -0.009774 1
-0.117221 0.185727 0.022455 1
-0.127872 0.141531 0.018504 1
-0.131479 0.140532 0.039099 1
-0.156172 -0.058397 -0.013425 1
-0.144519 -0.005822 0.005105 1
-0.104902 0.269189 -0.006184 1
-0.167946 -0.110418 -0.023321 1
-0.143058 0.031460 0.019404 1
-0.085530 0.272410 0.013315 1
-0.154759 -0.009338 0.024804 1
-0.142568 0.157940 -0.010303 1
-0.148991 -0.020550 -0.005247 1
-0.136162 0.093086 0.021485 1
-0.051473 0.356323 -0.007939 1
-0.077482 0.299311 -0.000118 1
-0.150905 0.113876 -0.009016 1
-0.136480 0.178208 -0.005452 1
-0.105649 0.203093 0.038097 1
-0.025556 0.427269 -0.027437 1
-0.045445 0.373233 -0.012449 1
-0.105931 0.217686 0.026234 1
-0.136975 0.102269 0.002587 1
-0.138879 0.142884 -0.003479 1
-0.135227 0.124544 0.002698 1
-0.041404 0.387519 -0.017602 1
-0.139813 0.053148 0.020390 1
-0.153228 -0.088105 -0.013168 1
