0.132800 0.196815 -0.271662 1
-0.219129 0.188496 -0.173324 1
-0.059087 0.106284 -0.195136 1
0.017550 0.150691 -0.301433 1
-0.151386 0.139863 -0.246875 1
0.085515 0.178589 -0.335955 1
-0.005960 0.161346 -0.221466 1
0.062139 0.184785 -0.247477 1
-0.116802 0.152698 -0.181181 1
0.045793 0.120839 -0.250293 1
-0.198060 0.169753 -0.227513 1
-0.112578 0.096466 -0.220652 1
-0.022831 0.128121 -0.262472 1
-0.168542 0.192021 -0.189667 1
0.146022 0.190250 -0.319874 1
0.063956 0.151926 -0.291032 1
-0.126937 0.115967 -0.276643 1
0.091700 0.187829 -0.285297 1
0.019360 0.159504 -0.259829 1
-0.148006 0.155827 -0.207156 1
0.046977 0.166864 -0.331169 1
0.004668 0.112844 -0.303393 1
0.093600 0.155562 -0.266208 1
-0.092812 0.123596 -0.204313 1
-0.137866 0.120195 -0.220006 1
-0.079231 0.091201 -0.227822 1
0.016312 0.117832 -0.271742 1
0.090576 0.204887 -0.316482 1
0.006499 0.157814 -0.339749 1
-0.113535 0.114882 -0.245976 1
0.123934 0.206351 -0.304883 1
0.117990 0.173138 -0.289537 1
-0.102342 0.069536 -0.236263 1
0.040268 0.134634 -0.312916 1
0.072461 0.177857 -0.305489 1
0.097966 0.188463 -0.256386 1
-0.171990 0.156301 -0.231049 1
0.152685 0.206946 -0.291020 1
0.022054 0.176127 -0.235740 1
0.039903 0.164820 -0.279857 1
0.040916 0.132022 -0.277131 1
-0.198388 0.180516 -0.200712 1
-0.005153 0.144319 -0.243927 1
0.031260 0.146138 -0.344687 1
-0.136620 0.179066 -0.197028 1
0.100428 0.173962 -0.310691 1
-0.116699 0.140290 -0.205390 1
0.113140 0.193426 -0.326183 1
-0.127626 0.136685 -0.259623 1
-0.001552 0.136367 -0.277510 1
-0.224306 0.174598 -0.195123 1
-0.105050 0.103144 -0.267380 1
0.067867 0.157150 -0.265712 1
-0.002039 0.135619 -0.311149 1
-0.194690 0.188671 -0.177508 1
-0.096240 0.079311 -0.214479 1
0.043115 0.171617 -0.307478 1
-0.071429 0.126388 -0.188960 1
0.038399 0.173501 -0.253314 1
0.146829 0.183820 -0.288973 1
0.063371 0.174267 -0.282609 1
0.024960 0.129502 -0.294354 1
-0.144801 0.120907 -0.261584 1
-0.169416 0.172236 -0.201378 1
-0.059879 0.091533 -0.212653 1
-0.105091 0.094109 -0.242046 1
-0.108969 0.118897 -0.219943 1
0.029089 0.152639 -0.320691 1
-0.095316 0.146836 -0.207962 1
-0.085105 0.079521 -0.246662 1
0.163946 0.196669 -0.307042 1
-0.140290 0.140396 -0.228343 1
0.017054 0.138268 -0.262856 1
-0.032250 0.132564 -0.243969 1
-0.085600 0.111056 -0.185847 1
-0.005896 0.113124 -0.321503 1
-0.133062 0.119934 -0.240905 1
0.108470 0.196323 -0.294082 1
0.061501 0.182932 -0.322229 1
-0.174530 0.145028 -0.248146 1
-0.070673 0.128198 -0.209485 1
0.008013 0.102264 -0.282010 1
0.071656 0.186089 -0.265390 1
-0.156618 0.173344 -0.186239 1
0.070083 0.137031 -0.279931 1
-0.128614 0.109216 -0.258786 1
-0.091293 0.065677 -0.259518 1
-0.136004 0.162151 -0.188719 1
-0.105444 0.140165 -0.190274 1
0.112959 0.179084 -0.262342 1
-0.095998 0.104176 -0.223847 1
0.022327 0.129447 -0.312601 1
-0.083487 0.108781 -0.209891 1
